1.13399541e-02 -2.93416611e-04 2.76927161e-03 -1.13264518e-02 2.51229224e-03 -7.61433039e-04 -1.92527007e-02 6.12674505e-02 -1.66485028e-04 1.19094038e-02 -2.03060452e-02 2.45271833e-04 -1.37539031e-02 3.32346139e-03 2.13413201e-02 1.21985348e-02
9.66811902e-04 4.56763155e-06 -6.18305232e-04 2.40279734e-03 -6.35967299e-04 1.75884561e-04 4.83501004e-03 -1.58378948e-02 4.05858300e-05 -3.09918029e-03 5.31521766e-03 -6.53078896e-05 3.61344358e-03 -8.73827201e-04 -5.61341131e-03 -3.21009103e-03
6.22424297e-03 -1.77091191e-04 1.51744368e-03 -6.76416885e-03 1.38840987e-03 -4.33305308e-04 -1.06973201e-02 3.40690836e-02 -9.29594462e-05 6.58323988e-03 -1.11881010e-02 1.33895839e-04 -7.56872911e-03 1.82789937e-03 1.17342491e-02 6.70440821e-03
-1.38260769e-02 3.43541964e-04 -3.66099784e-03 1.50570441e-02 -3.45414551e-03 1.01657165e-03 2.62527466e-02 -8.45936611e-02 2.21611568e-04 -1.64758787e-02 2.81480234e-02 -3.43290187e-04 1.91001594e-02 -4.61726403e-03 -2.96557285e-02 -1.69556364e-02
3.27560282e-03 -1.11780872e-04 1.31612748e-03 -5.33652026e-03 1.26619858e-03 -3.72823910e-04 -9.60527454e-03 3.11083887e-02 -8.14238520e-05 6.06513955e-03 -1.03568109e-02 1.26432351e-04 -7.03122281e-03 1.69980957e-03 1.09175546e-02 6.24212576e-03
-2.84811622e-03 6.92197937e-05 -6.97559502e-04 2.88520730e-03 -5.97519800e-04 1.96193025e-04 4.63050790e-03 -1.46530308e-02 4.03964950e-05 -2.82283523e-03 4.78943391e-03 -5.68801916e-05 3.23696854e-03 -7.81475625e-04 -5.01549197e-03 -2.86473194e-03
-1.24966213e-03 2.84794405e-05 -5.17220236e-04 1.39234040e-03 -2.83381873e-04 8.44791939e-05 2.19655875e-03 -6.90040458e-03 2.19410285e-05 -1.35036279e-03 2.27138167e-03 -2.54988281e-05 1.52363942e-03 -3.67407658e-04 -2.35656137e-03 -1.34168647e-03
-4.30739392e-03 1.19238015e-04 -1.05282594e-03 4.42987634e-03 -8.96733138e-04 2.82277237e-04 6.86470652e-03 -2.17240695e-02 5.99099549e-05 -4.23463713e-03 7.18778977e-03 -8.57231935e-05 4.85883094e-03 -1.17331161e-03 -7.53187295e-03 -4.30276012e-03
5.48420881e-04 -1.34047859e-05 -4.82054966e-05 2.30335165e-04 -5.54817925e-05 1.64100729e-05 4.22989193e-04 -1.36605056e-03 3.58814214e-06 -2.66868388e-04 4.55709436e-04 -5.53234895e-06 3.08915856e-04 -7.46603764e-05 -4.79456532e-04 -2.74079066e-04
-8.38668924e-03 2.18353744e-04 -2.13188957e-03 8.31592456e-03 -1.93130132e-03 5.83728484e-04 1.47736529e-02 -4.75208871e-02 1.24241531e-04 -9.10358503e-03 1.55419735e-02 -1.88719758e-04 1.05405236e-02 -2.54740263e-03 -1.63598880e-02 -9.35250893e-03
5.47113828e-03 -1.54947164e-04 1.17905519e-03 -5.01328055e-03 1.07745908e-03 -3.33018397e-04 -8.17070156e-03 2.61660498e-02 -6.93282927e-05 5.05553978e-03 -8.60508252e-03 1.03950726e-04 -5.82770351e-03 1.40804297e-03 9.04140249e-03 5.16794156e-03
1.27420183e-02 -3.13205790e-04 3.03267897e-03 -1.24778198e-02 2.81652878e-03 -8.31451674e-04 -2.14457121e-02 6.87763095e-02 -1.82023112e-04 1.33648468e-02 -2.28210781e-02 2.76955398e-04 -1.54758468e-02 3.74031300e-03 2.40203049e-02 1.37313940e-02
-1.45403540e-03 2.43154973e-05 -3.42148531e-04 1.46642188e-03 -3.30820534e-04 1.01240861e-04 2.50567519e-03 -8.00267421e-03 2.15033288e-05 -1.55856472e-03 2.65466864e-03 -3.20044419e-05 1.79780461e-03 -4.34374087e-04 -2.78909644e-03 -1.59410795e-03
-1.30755194e-02 3.36941797e-04 -3.26337153e-03 1.30929882e-02 -2.94985413e-03 9.02272470e-04 2.24773958e-02 -7.18487054e-02 1.94088585e-04 -1.38802798e-02 2.36745812e-02 -2.86532537e-04 1.60507150e-02 -3.87859182e-03 -2.49064155e-02 -1.42363869e-02
1.71616264e-02 -4.38415300e-04 4.43228520e-03 -1.72123257e-02 4.00863914e-03 -1.17916171e-03 -3.06060296e-02 9.85951424e-02 -2.60153087e-04 1.91944502e-02 -3.28119248e-02 4.00525343e-04 -2.22741570e-02 5.38471993e-03 3.45857665e-02 1.97747890e-02
-2.90593803e-02 8.23748414e-04 -8.83960910e-03 3.50123569e-02 -8.49082135e-03 2.44013150e-03 6.46436885e-02 -2.09248513e-01 5.46645373e-04 -4.08587083e-02 6.98678792e-02 -8.53836653e-04 4.74403352e-02 -1.14693446e-02 -7.36685917e-02 -4.21217158e-02
-7.77350692e-03 2.02376250e-04 -2.47421511e-03 1.06367897e-02 -2.41983822e-03 7.15591304e-04 1.84148345e-02 -5.94745018e-02 1.55073780e-04 -1.15370229e-02 1.97141524e-02 -2.40606780e-04 1.33815333e-02 -3.23493476e-03 -2.07776614e-02 -1.18798139e-02
1.19053554e-02 -3.05895432e-04 3.20471963e-03 -1.33320587e-02 3.01703392e-03 -9.01502557e-04 -2.29678545e-02 7.38305822e-02 -1.97306130e-04 1.43133262e-02 -2.44097970e-02 2.95832346e-04 -1.65486522e-02 3.99937015e-03 2.56810859e-02 1.46794980e-02
-6.14155876e-03 1.71615800e-04 -1.78139098e-03 7.23917922e-03 -1.70798076e-03 4.94409353e-04 1.29983667e-02 -4.19574082e-02 1.09778040e-04 -8.18080548e-03 1.39845265e-02 -1.70809348e-04 9.49390605e-03 -2.29521538e-03 -1.47422003e-02 -8.42912402e-03
2.58351639e-02 -7.45376688e-04 8.88411980e-03 -3.52059081e-02 8.60676449e-03 -2.47134385e-03 -6.53801933e-02 2.11991698e-01 -5.53416030e-04 4.13973071e-02 -7.07916096e-02 8.65168171e-04 -4.80675064e-02 1.16209760e-02 7.46425837e-02 4.26786244e-02
-7.48570869e-03 1.60380718e-04 -1.67515443e-03 6.90408191e-03 -1.54632924e-03 4.72029758e-04 1.18358042e-02 -3.79267931e-02 1.00037054e-04 -7.31808180e-03 1.24842701e-02 -1.51290718e-04 8.46102182e-03 -2.04474432e-03 -1.31312236e-02 -7.50652794e-03
-2.71155443e-02 5.45166549e-04 -7.05448585e-03 3.01623158e-02 -6.91843638e-03 2.02119979e-03 5.25698103e-02 -1.69410735e-01 4.43419209e-04 -3.30223627e-02 5.64459562e-02 -6.88934699e-04 3.83150689e-02 -9.26264375e-03 -5.94928898e-02 -3.40155289e-02
-6.49155164e-03 2.30448379e-04 -1.45197776e-03 5.89943398e-03 -1.24544266e-03 3.87145177e-04 9.63914860e-03 -3.04688066e-02 8.25621246e-05 -5.88964391e-03 1.00102378e-02 -1.19755583e-04 6.77111978e-03 -1.63564004e-03 -1.04990359e-02 -5.99843357e-03
-6.32565562e-03 9.62780032e-05 -1.16551097e-03 5.67192491e-03 -1.13750494e-03 3.70199064e-04 8.67515616e-03 -2.77506188e-02 7.53354470e-05 -5.40060969e-03 9.17148124e-03 -1.09046116e-04 6.18970068e-03 -1.49620278e-03 -9.60025378e-03 -5.48401801e-03
2.78606662e-03 -5.36196712e-05 6.49349065e-04 -3.11296573e-03 6.47753826e-04 -1.96343841e-04 -4.89861332e-03 1.57281887e-02 -4.13847229e-05 3.05546587e-03 -5.21644065e-03 6.35133911e-05 -3.53834266e-03 8.55286431e-04 5.49312867e-03 3.14058759e-03
1.40676796e-02 -4.18507232e-04 4.66807000e-03 -1.87809318e-02 4.49733669e-03 -1.29341392e-03 -3.41695920e-02 1.10578515e-01 -2.88703101e-04 2.15551406e-02 -3.68547998e-02 4.50262422e-04 -2.50230525e-02 6.04952546e-03 3.88563871e-02 2.22169217e-02
-1.39494194e-02 3.36652563e-04 -2.98675802e-03 1.25358067e-02 -2.47107376e-03 8.27092212e-04 1.89122930e-02 -5.94304278e-02 1.68526400e-04 -1.15315598e-02 1.95529144e-02 -2.28793826e-04 1.31444670e-02 -3.17118620e-03 -2.03514080e-02 -1.16168661e-02
2.92834337e-03 -7.82226707e-05 2.53450416e-04 -1.08763180e-03 1.32302550e-04 -7.19624513e-05 -1.01521588e-03 2.95518059e-03 -1.03210559e-05 5.71012730e-04 -9.34607990e-04 9.52757637e-06 -6.08919421e-04 1.45946586e-04 9.33753094e-04 5.30898687e-04
4.74420143e-03 -1.49617510e-04 8.61238805e-04 -3.14956065e-03 6.59632555e-04 -2.03257470e-04 -5.06411772e-03 1.60968322e-02 -4.29782776e-05 3.10740178e-03 -5.31530520e-03 6.37087942e-05 -3.59521084e-03 8.68635776e-04 5.57725132e-03 3.18779051e-03
7.32000824e-03 -2.06665514e-04 1.69625389e-03 -6.63872901e-03 1.33860775e-03 -4.25547041e-04 -1.02006570e-02 3.25934775e-02 -9.05263732e-05 6.28503785e-03 -1.06503144e-02 1.25769890e-04 -7.18742842e-03 1.73509703e-03 1.11352131e-02 6.35873387e-03
9.44881700e-03 -2.61685462e-04 2.23684288e-03 -9.05236509e-03 1.92834740e-03 -6.19077124e-04 -1.50060905e-02 4.80204299e-02 -1.34594069e-04 9.14630853e-03 -1.54332882e-02 1.82702468e-04 -1.04428055e-02 2.52339710e-03 1.61846019e-02 9.23348125e-03
5.53581445e-03 -8.35866231e-05 1.08371943e-03 -4.42927238e-03 1.05957687e-03 -3.14254721e-04 -8.05413071e-03 2.60774139e-02 -6.80425219e-05 5.07881306e-03 -8.68336111e-03 1.06045169e-04 -5.89429494e-03 1.42498722e-03 9.15276911e-03 5.23329806e-03
-3.58647518e-02 9.64575214e-04 -1.06475120e-02 4.65169847e-02 -1.03493491e-02 3.04029346e-03 7.83844516e-02 -2.53360629e-01 6.64039806e-04 -4.92675118e-02 8.41780230e-02 -1.02727022e-03 5.71472608e-02 -1.38147883e-02 -8.87300894e-02 -5.07316813e-02
2.51661800e-02 -7.06640829e-04 7.25563988e-03 -2.87572630e-02 6.89829793e-03 -1.97603111e-03 -5.24792746e-02 1.69082478e-01 -4.42580727e-04 3.29355784e-02 -5.63302077e-02 6.87754247e-04 -3.82288545e-02 9.24211834e-03 5.93622774e-02 3.39415222e-02
-7.31655164e-03 9.01527819e-05 -1.06094487e-03 4.31605009e-03 -1.04758341e-03 3.04585556e-04 7.95772020e-03 -2.55581662e-02 6.67411150e-05 -4.98007704e-03 8.51674937e-03 -1.04075974e-04 5.78221399e-03 -1.39792752e-03 -8.97901598e-03 -5.13396086e-03
8.04596767e-03 -2.62042071e-04 2.46841554e-03 -1.00208372e-02 2.36250390e-03 -6.96225150e-04 -1.79693103e-02 5.79612702e-02 -1.52050998e-04 1.12981508e-02 -1.92973223e-02 2.35349260e-04 -1.30966920e-02 3.16594495e-03 2.03340799e-02 1.16259083e-02
-9.15556797e-04 1.16397234e-04 -9.58513701e-04 3.61104100e-03 -9.00612911e-04 2.55347433e-04 6.86021056e-03 -2.22482588e-02 5.81072054e-05 -4.35051089e-03 7.44068297e-03 -9.09539594e-05 5.05259400e-03 -1.22154353e-03 -7.84610678e-03 -4.48620366e-03
4.44578519e-03 -2.27640179e-04 3.08163371e-03 -1.23187006e-02 3.00368108e-03 -8.60729953e-04 -2.28792951e-02 7.41619691e-02 -1.93533924e-04 1.44720320e-02 -2.47448012e-02 3.02408967e-04 -1.68019496e-02 4.06207750e-03 2.60910075e-02 1.49181113e-02
1.55155337e-03 -4.57553397e-05 2.87726551e-04 -1.06014265e-03 2.40817462e-04 -7.05989441e-05 -1.80943473e-03 5.81246195e-03 -1.53175752e-05 1.13155053e-03 -1.93319959e-03 2.35513962e-05 -1.31149939e-03 3.17023485e-04 2.03613727e-03 1.16414286e-03
5.39589033e-04 -3.40959850e-05 2.28899662e-04 -8.58544256e-04 2.10628117e-04 -6.00164385e-05 -1.60361314e-03 5.20090479e-03 -1.35800437e-05 1.01579633e-03 -1.73718017e-03 2.12320992e-05 -1.17957988e-03 2.85179762e-04 1.83173676e-03 1.04733813e-03
4.52525262e-03 -1.35382652e-04 1.29160366e-03 -5.17816469e-03 1.15570496e-03 -3.50256596e-04 -8.77897255e-03 2.81705316e-02 -7.51237676e-05 5.45923552e-03 -9.30710137e-03 1.12451300e-04 -6.30448060e-03 1.52328273e-03 9.78148263e-03 5.59085049e-03
-2.20668130e-02 5.22973831e-04 -4.94908588e-03 2.10475158e-02 -4.65596002e-03 1.38480344e-03 3.54835875e-02 -1.13112926e-01 2.99984677e-04 -2.18666233e-02 3.72714326e-02 -4.52346139e-04 2.52809208e-02 -6.11029752e-03 -3.92401032e-02 -2.24313643e-02
-1.15997100e-03 3.10546966e-05 -3.10896896e-04 1.44929206e-03 -3.13057972e-04 1.01580285e-04 2.37311143e-03 -7.55902845e-03 2.00141658e-05 -1.46143022e-03 2.48859450e-03 -3.00784250e-05 1.68434239e-03 -4.07027663e-04 -2.61376239e-03 -1.49411452e-03
-1.11346999e-02 2.36980675e-04 -2.77282344e-03 1.14615820e-02 -2.66891182e-03 7.70975254e-04 2.02268921e-02 -6.54900968e-02 1.71268563e-04 -1.27637750e-02 2.18205769e-02 -2.66569288e-04 1.48142166e-02 -3.58144636e-03 -2.30037700e-02 -1.31528592e-02
1.64012406e-02 -4.30309155e-04 3.62388208e-03 -1.50388181e-02 3.20410007e-03 -1.01726153e-03 -2.45750993e-02 7.93935061e-02 -2.23209048e-04 1.51156513e-02 -2.56512109e-02 3.03641544e-04 -1.73777714e-02 4.20094561e-03 2.69210488e-02 1.53703736e-02
-1.21341627e-02 3.48582398e-04 -3.32363043e-03 1.31820748e-02 -3.05611547e-03 9.30727867e-04 2.33000293e-02 -7.49770552e-02 1.98304420e-04 -1.45187769e-02 2.47695912e-02 -3.00956744e-04 1.67892799e-02 -4.05812077e-03 -2.60616094e-02 -1.48987211e-02
-5.03426678e-02 1.37374003e-03 -1.15519073e-02 4.86052036e-02 -1.07689165e-02 3.40832165e-03 8.27182010e-02 -2.62340069e-01 7.03806814e-04 -5.10709994e-02 8.63127038e-02 -1.03985681e-03 5.84143288e-02 -1.41141200e-02 -9.06354636e-02 -5.17853498e-02
-1.15665570e-02 3.93847411e-04 -4.63727629e-03 1.85585655e-02 -4.48868889e-03 1.28757360e-03 3.41103002e-02 -1.10588267e-01 2.88740208e-04 -2.15928871e-02 3.69229428e-02 -4.51253523e-04 2.50710174e-02 -6.06125500e-03 -3.89319733e-02 -2.22602487e-02
6.63466891e-03 -2.06531244e-04 2.07262812e-03 -8.76130722e-03 1.99561706e-03 -5.83843270e-04 -1.51478611e-02 4.90257666e-02 -1.28197047e-04 9.57215298e-03 -1.63625889e-02 1.99909264e-04 -1.11092189e-02 2.68576737e-03 1.72508098e-02 9.86349955e-03
1.70578454e-02 -6.90499204e-04 8.00376292e-03 -3.13342474e-02 7.71658542e-03 -2.19924911e-03 -5.87171093e-02 1.90404981e-01 -4.97084518e-04 3.71847637e-02 -6.35919124e-02 7.77231995e-04 -4.31801900e-02 1.04394089e-02 6.70533180e-02 3.83392982e-02
-1.94709096e-03 -1.10512465e-05 -1.87052829e-05 1.44622012e-04 -3.07652626e-05 9.40906739e-06 2.28864883e-04 -7.12697569e-04 1.87108685e-06 -1.37805517e-04 2.35421117e-04 -2.87518401e-06 1.59803662e-04 -3.86333086e-05 -2.48143158e-04 -1.41880606e-04
-7.38570560e-03 1.90455554e-04 -1.76131167e-03 6.91859145e-03 -1.40734366e-03 4.62808530e-04 1.07930982e-02 -3.40373069e-02 9.59166209e-05 -6.60839584e-03 1.12069231e-02 -1.32443500e-04 7.55823916e-03 -1.82433182e-03 -1.17094899e-02 -6.68656034e-03
6.87671173e-03 -1.75993686e-04 1.75189541e-03 -7.25414138e-03 1.65370957e-03 -4.94671229e-04 -1.26071321e-02 4.06501703e-02 -1.06951949e-04 7.90485088e-03 -1.35068744e-02 1.64647587e-04 -9.16368607e-03 2.21517053e-03 1.42274965e-02 8.13451409e-03
4.25337721e-03 -6.27350601e-05 8.47647432e-04 -3.76207638e-03 7.96840817e-04 -2.49607168e-04 -6.03122264e-03 1.92624815e-02 -5.15006395e-05 3.71997221e-03 -6.33391785e-03 7.62644631e-05 -4.28453647e-03 1.03510381e-03 6.64634258e-03 3.79880238e-03
7.46237254e-03 -2.41644055e-04 2.61762226e-03 -1.06376894e-02 2.53131636e-03 -7.27667706e-04 -1.92355961e-02 6.22926503e-02 -1.62765282e-04 1.21519454e-02 -2.07763910e-02 2.53828766e-04 -1.41059160e-02 3.41026764e-03 2.19042748e-02 1.25242025e-02
1.33915357e-02 -3.17306811e-04 2.72833579e-03 -1.05724856e-02 2.21202942e-03 -7.34605012e-04 -1.69834457e-02 5.47351725e-02 -1.49666303e-04 1.04415435e-02 -1.77549701e-02 2.09208956e-04 -1.19451135e-02 2.88414070e-03 1.85113866e-02 1.05714509e-02
4.13001888e-03 -1.12969938e-04 1.12392462e-03 -4.69737267e-03 1.06822106e-03 -3.12426360e-04 -8.11884087e-03 2.62172390e-02 -6.88155415e-05 5.10665867e-03 -8.72284919e-03 1.06326814e-04 -5.91915054e-03 1.43085676e-03 9.18995962e-03 5.25428262e-03
-4.83386498e-03 1.32385729e-04 -1.22750259e-03 5.15134726e-03 -1.17695285e-03 3.40515748e-04 8.90011434e-03 -2.86556389e-02 7.53167042e-05 -5.57686761e-03 9.52641573e-03 -1.16146082e-04 6.46441430e-03 -1.56268547e-03 -1.00367684e-02 -5.73848467e-03
-1.10556046e-02 3.06205271e-04 -3.30143166e-03 1.32593680e-02 -3.15986061e-03 9.20134014e-04 2.40271576e-02 -7.74651840e-02 2.03072384e-04 -1.50799183e-02 2.57897358e-02 -3.14794393e-04 1.75007004e-02 -4.23085550e-03 -2.71747503e-02 -1.55376252e-02
2.16514338e-03 -6.94907139e-05 3.87812877e-04 -1.30114728e-03 3.14395642e-04 -9.09033333e-05 -2.38649361e-03 7.71956611e-03 -2.01595030e-05 1.50678772e-03 -2.57657887e-03 3.14860663e-05 -1.74943171e-03 4.22947516e-04 2.71662814e-03 1.55329448e-03
1.19412784e-03 -4.56796624e-05 3.93057097e-04 -1.45714800e-03 3.31554736e-04 -9.95124865e-05 -2.52746907e-03 8.10566731e-03 -2.15134260e-05 1.57501176e-03 -2.68704398e-03 3.26050504e-05 -1.82140700e-03 4.40197269e-04 2.82697054e-03 1.61607563e-03
1.99002139e-02 -5.59003558e-04 5.45709115e-03 -2.14078650e-02 5.12298942e-03 -1.53384497e-03 -3.89490947e-02 1.25391424e-01 -3.29630071e-04 2.44146138e-02 -4.17294204e-02 5.08659810e-04 -2.83030178e-02 6.84185885e-03 4.39438969e-02 2.51254458e-02
1.13126887e-02 -2.88824114e-04 3.25404829e-03 -1.32032176e-02 3.08707892e-03 -9.26276203e-04 -2.35050432e-02 7.56550431e-02 -1.99504997e-04 1.47048431e-02 -2.51099002e-02 3.05343157e-04 -1.70340668e-02 4.11714334e-03 2.64413022e-02 1.51164886e-02
-3.58924642e-02 9.28549445e-04 -8.81213974e-03 3.64834145e-02 -8.38651322e-03 2.45406921e-03 6.39689565e-02 -2.05769494e-01 5.37780172e-04 -3.99857499e-02 6.83336705e-02 -8.33525497e-04 4.63688597e-02 -1.12093166e-02 -7.19959214e-02 -4.11641747e-02
-8.36814288e-05 -3.76034877e-05 4.84108721e-04 -1.85050676e-03 4.75353969e-04 -1.31929657e-04 -3.62200523e-03 1.18012819e-02 -3.06800648e-05 2.30866275e-03 -3.95143824e-03 4.83994772e-05 -2.68462743e-03 6.49115129e-04 4.16952511e-03 2.38413736e-03
-1.60525590e-02 3.91184236e-04 -4.14220896e-03 1.72124188e-02 -3.88961006e-03 1.17499894e-03 2.95002107e-02 -9.46815386e-02 2.50192621e-04 -1.82814207e-02 3.12065985e-02 -3.78229102e-04 2.11435799e-02 -5.10878023e-03 -3.28086726e-02 -1.87550932e-02
1.05749881e-02 -3.09736381e-04 3.24031501e-03 -1.31509509e-02 3.04967840e-03 -8.93665245e-04 -2.32404023e-02 7.47792944e-02 -1.95724322e-04 1.45552894e-02 -2.48690434e-02 3.03277018e-04 -1.68729685e-02 4.07882081e-03 2.61977557e-02 1.49785811e-02
2.05818377e-02 -5.83076151e-04 5.18161198e-03 -2.16003675e-02 4.96367412e-03 -1.45853171e-03 -3.77731435e-02 1.22120142e-01 -3.19427898e-04 2.38301884e-02 -4.07453142e-02 4.97371075e-04 -2.76564993e-02 6.68585068e-03 4.29433025e-02 2.45535299e-02
1.16478454e-03 -2.81918328e-05 1.79892173e-04 -8.07844219e-04 1.37004041e-04 -5.35523359e-05 -1.07999740e-03 3.26160877e-03 -1.01605929e-05 6.19463273e-04 -1.03206409e-03 1.10731307e-05 -6.85477629e-04 1.64799363e-04 1.05515064e-03 6.00355561e-04
3.45105946e-05 3.17683771e-05 -2.09621532e-04 7.71684630e-04 -2.02142866e-04 5.44903669e-05 1.53291470e-03 -5.04291896e-03 1.29359687e-05 -9.88544896e-04 1.69570907e-03 -2.09772588e-05 1.15442346e-03 -2.79244356e-04 -1.79414928e-03 -1.02623133e-03
-1.44554172e-02 4.33005800e-04 -4.36082855e-03 1.55365029e-02 -3.52040236e-03 1.06404221e-03 2.67993342e-02 -8.59639049e-02 2.29300334e-04 -1.67289507e-02 2.85261311e-02 -3.45595909e-04 1.93414688e-02 -4.67333710e-03 -3.00128199e-02 -1.71556734e-02
-3.29729263e-03 5.95300371e-05 -4.47790575e-04 1.94759713e-03 -4.23993188e-04 1.25210703e-04 3.17272847e-03 -1.01837795e-02 2.69820866e-05 -1.98490475e-03 3.38648981e-03 -4.12088157e-05 2.29688385e-03 -5.55190258e-04 -3.56570305e-03 -2.03860505e-03
-5.20112626e-02 1.27579097e-03 -1.09980404e-02 4.63321656e-02 -1.04703782e-02 3.14215804e-03 8.00933838e-02 -2.56036729e-01 6.76043099e-04 -4.97359149e-02 8.48694816e-02 -1.03116326e-03 5.75238280e-02 -1.39042046e-02 -8.92948583e-02 -5.10493666e-02
-1.09139718e-02 2.89032003e-04 -3.49295256e-03 1.41264284e-02 -3.40677751e-03 9.81721794e-04 2.58540511e-02 -8.35275427e-02 2.17961890e-04 -1.62786208e-02 2.78349705e-02 -3.40119528e-04 1.88985337e-02 -4.56894049e-03 -2.93466430e-02 -1.67795941e-02
6.84705516e-03 -1.42789620e-04 1.41821778e-03 -5.42900292e-03 1.19716558e-03 -3.76022042e-04 -9.12471768e-03 2.88987048e-02 -7.98313704e-05 5.60968742e-03 -9.54404660e-03 1.13998620e-04 -6.45519001e-03 1.55896065e-03 1.00078275e-02 5.71780838e-03
-3.99354519e-03 1.11229543e-04 -8.83983332e-04 3.61259934e-03 -7.94523628e-04 2.44813069e-04 6.02914765e-03 -1.93949006e-02 5.29894023e-05 -3.75689263e-03 6.38812128e-03 -7.64495999e-05 4.32746205e-03 -1.04527781e-03 -6.71010837e-03 -3.83334700e-03
1.10111767e-02 -2.82165100e-04 2.54850974e-03 -1.07873473e-02 2.40471656e-03 -7.19286094e-04 -1.82484649e-02 5.89230545e-02 -1.54712849e-04 1.14726750e-02 -1.95915382e-02 2.38453940e-04 -1.32870767e-02 3.21179745e-03 2.06274875e-02 1.17931208e-02
-2.00632252e-02 6.57683937e-04 -6.86075678e-03 2.68061776e-02 -6.51448639e-03 1.87053252e-03 4.93673831e-02 -1.59811676e-01 4.17397125e-04 -3.11694797e-02 5.32964207e-02 -6.51174458e-04 3.61845195e-02 -8.74797255e-03 -5.61887324e-02 -3.21271122e-02
8.75609089e-03 -2.34601641e-04 2.24912120e-03 -9.17179603e-03 2.02127476e-03 -6.26133638e-04 -1.54376281e-02 4.94338721e-02 -1.32973160e-04 9.58134048e-03 -1.63162444e-02 1.96673835e-04 -1.10496040e-02 2.66957097e-03 1.71406846e-02 9.79651511e-03
1.44259222e-02 -3.59421567e-04 3.81213496e-03 -1.57938935e-02 3.55892186e-03 -1.06158655e-03 -2.69850958e-02 8.68149623e-02 -2.30424630e-04 1.69151388e-02 -2.88672671e-02 3.50497663e-04 -1.95742901e-02 4.73093288e-03 3.03821135e-02 1.73684619e-02
-9.85072739e-03 2.36796433e-04 -2.80577224e-03 1.20499963e-02 -2.75251176e-03 8.05599440e-04 2.09454019e-02 -6.75025210e-02 1.76675880e-04 -1.31175322e-02 2.24077422e-02 -2.73296348e-04 1.52073391e-02 -3.67622264e-03 -2.36115139e-02 -1.34998132e-02
7.82143697e-03 -2.19117996e-04 2.13969639e-03 -8.66289437e-03 1.95804052e-03 -5.94373094e-04 -1.49565404e-02 4.78064083e-02 -1.26212617e-04 9.26941261e-03 -1.58189312e-02 1.92548381e-04 -1.07314764e-02 2.59390776e-03 1.66594777e-02 9.52449907e-03
1.85060943e-03 2.16084372e-05 6.31772680e-04 -3.18211620e-03 7.26280501e-04 -2.20404167e-04 -5.48881851e-03 1.76600441e-02 -4.67046084e-05 3.44637362e-03 -5.88398892e-03 7.16549184e-05 -3.99273029e-03 9.65101353e-04 6.19842345e-03 3.54380510e-03
1.35957384e-02 -3.60455859e-04 3.80419777e-03 -1.55611951e-02 3.63125722e-03 -1.05852308e-03 -2.75286268e-02 8.88260379e-02 -2.32775987e-04 1.72900166e-02 -2.95340493e-02 3.60168022e-04 -2.00434104e-02 4.84522292e-03 3.11196260e-02 1.77925341e-02
-8.95181112e-03 2.81946501e-04 -2.62100552e-03 1.06520839e-02 -2.53043463e-03 7.26412516e-04 1.92519035e-02 -6.22385852e-02 1.62526761e-04 -1.21486364e-02 2.07738597e-02 -2.53866630e-04 1.41051775e-02 -3.41009838e-03 -2.19033621e-02 -1.25237489e-02
-1.20481588e-02 2.90014577e-04 -2.91346619e-03 1.19009269e-02 -2.81485543e-03 8.18517467e-04 2.13649794e-02 -6.90939054e-02 1.80817544e-04 -1.34853162e-02 2.30535809e-02 -2.81532150e-04 1.56488493e-02 -3.78318643e-03 -2.42994279e-02 -1.38936192e-02
-1.86826251e-02 5.13210427e-04 -4.52535646e-03 1.83564462e-02 -3.93082947e-03 1.22827967e-03 3.00405361e-02 -9.56090242e-02 2.54740531e-04 -1.84486154e-02 3.14708687e-02 -3.75593081e-04 2.12210510e-02 -5.12545789e-03 -3.29035409e-02 -1.87975615e-02
-1.30117116e-02 2.91084929e-04 -2.79467972e-03 1.26157962e-02 -2.43416848e-03 8.26029223e-04 1.88660976e-02 -5.93382269e-02 1.68838727e-04 -1.12313675e-02 1.89876929e-02 -2.21297203e-04 1.28001729e-02 -3.08955484e-03 -1.98170580e-02 -1.13081280e-02
1.52137438e-02 -3.41539446e-04 2.95580830e-03 -1.18420459e-02 2.63177301e-03 -8.07414588e-04 -2.00785659e-02 6.41123652e-02 -1.71527601e-04 1.24659790e-02 -2.12818813e-02 2.56844360e-04 -1.44023132e-02 3.47989728e-03 2.23453026e-02 1.27722798e-02
-9.05454997e-03 2.32353093e-04 -2.01168843e-03 7.95758609e-03 -1.77354913e-03 5.46876166e-04 1.34688383e-02 -4.30878140e-02 1.15930328e-04 -8.36705696e-03 1.42646991e-02 -1.71695108e-04 9.64968279e-03 -2.33161496e-03 -1.49707291e-02 -8.55623931e-03
-1.35405045e-02 2.58319924e-04 -2.63254624e-03 1.11197783e-02 -2.42410204e-03 7.65412871e-04 1.83350798e-02 -5.85670322e-02 1.55954316e-04 -1.13835782e-02 1.94262583e-02 -2.35683590e-04 1.31665925e-02 -3.18224798e-03 -2.04365160e-02 -1.16827562e-02
-1.73335299e-02 4.26029583e-04 -4.10434511e-03 1.68885272e-02 -3.84603627e-03 1.15637155e-03 2.93691643e-02 -9.42503288e-02 2.50237354e-04 -1.83160864e-02 3.12785357e-02 -3.79166479e-04 2.11978890e-02 -5.12288231e-03 -3.28990854e-02 -1.88071579e-02
2.36910917e-02 -5.48487646e-04 5.53649198e-03 -2.15924717e-02 5.03063668e-03 -1.48490432e-03 -3.83189060e-02 1.23253077e-01 -3.24933964e-04 2.38723047e-02 -4.07998264e-02 4.97265370e-04 -2.76927240e-02 6.69406494e-03 4.29935344e-02 2.45811716e-02
1.11106178e-02 -3.09094496e-04 3.46386060e-03 -1.37853799e-02 3.33366008e-03 -9.58430348e-04 -2.53512766e-02 8.20104629e-02 -2.14210158e-04 1.60041880e-02 -2.73654386e-02 3.34349577e-04 -1.85793675e-02 4.49179299e-03 2.88511552e-02 1.64962988e-02
7.99484202e-04 -3.52146890e-05 3.97297292e-04 -1.53597188e-03 3.73199204e-04 -1.06793683e-04 -2.84011709e-03 9.20223910e-03 -2.40473455e-05 1.79646444e-03 -3.07176402e-03 3.75288728e-05 -2.08557118e-03 5.04206459e-04 3.23853875e-03 1.85169617e-03
1.68421529e-02 -3.79398873e-04 3.97871993e-03 -1.58579778e-02 2.91384361e-03 -1.05688616e-03 -2.30559632e-02 7.28566423e-02 -2.24224757e-04 1.37406029e-02 -2.29104161e-02 2.54994055e-04 -1.53731583e-02 3.70312273e-03 2.37489101e-02 1.34978117e-02
-2.64769774e-02 5.88494295e-04 -4.97871544e-03 2.01215800e-02 -3.60497786e-03 1.17898954e-03 2.82604694e-02 -8.64713639e-02 2.58417713e-04 -1.67873390e-02 2.84419730e-02 -3.10504605e-04 1.89770553e-02 -4.58911341e-03 -2.93905381e-02 -1.67178027e-02
-4.21108026e-03 1.98627880e-04 -1.60979456e-03 6.41744211e-03 -1.53819169e-03 4.40500502e-04 1.16877891e-02 -3.78770493e-02 9.90769331e-05 -7.39273522e-03 1.26403393e-02 -1.54420180e-04 8.58225953e-03 -2.07483280e-03 -1.33267036e-02 -7.61979027e-03
-3.05122067e-03 7.37841692e-05 -6.35137490e-04 2.68934178e-03 -6.17133337e-04 1.86797144e-04 4.68444545e-03 -1.51655432e-02 3.94056769e-05 -2.92111887e-03 4.98538837e-03 -6.06654103e-05 3.38116009e-03 -8.17262917e-04 -5.24883997e-03 -3.00087803e-03
-2.43962408e-04 1.34849852e-05 -2.19894268e-04 8.99199047e-04 -2.19970796e-04 6.30713475e-05 1.67398283e-03 -5.42432768e-03 1.41717046e-05 -1.05911680e-03 1.81112578e-03 -2.21304199e-05 1.22967968e-03 -2.97289254e-04 -1.90950930e-03 -1.09180319e-03
-1.07984440e-02 3.38985497e-04 -3.06051527e-03 1.20398477e-02 -2.82160006e-03 8.15744628e-04 2.14451049e-02 -6.94062039e-02 1.81889307e-04 -1.35284243e-02 2.31280755e-02 -2.82280031e-04 1.56978350e-02 -3.79495672e-03 -2.43747011e-02 -1.39364824e-02
1.12554226e-02 -3.02624190e-04 2.90133478e-03 -1.02003179e-02 2.05825758e-03 -6.84807485e-04 -1.60050169e-02 5.03158793e-02 -1.44484249e-04 9.68364533e-03 -1.64346267e-02 1.90100036e-04 -1.10629890e-02 2.66722287e-03 1.71099231e-02 9.76356491e-03
-6.34406554e-03 1.91203406e-04 -1.99590926e-03 8.05545226e-03 -1.91316614e-03 5.53490594e-04 1.45607395e-02 -4.71026599e-02 1.23095757e-04 -9.18058027e-03 1.56961530e-02 -1.91701925e-04 1.06552709e-02 -2.57598213e-03 -1.65455714e-02 -9.46023222e-03
5.93434367e-03 -1.64696743e-04 2.03048903e-03 -8.12743045e-03 1.97213423e-03 -5.65919850e-04 -1.49795674e-02 4.85360287e-02 -1.26796076e-04 9.47716087e-03 -1.62063297e-02 1.98063950e-04 -1.10040959e-02 2.66038463e-03 1.70878842e-02 9.77039151e-03
1.40932342e-03 1.20532262e-04 -1.00152218e-03 3.69998394e-03 -9.35883727e-04 2.61137495e-04 7.14606000e-03 -2.32140850e-02 6.05678069e-05 -4.53386176e-03 7.75481574e-03 -9.47980297e-05 5.26615465e-03 -1.27317233e-03 -8.17772001e-03 -4.67580697e-03
-9.68812220e-03 2.93956662e-04 -2.77931849e-03 1.11696282e-02 -2.58838153e-03 7.68275291e-04 1.95581988e-02 -6.32479936e-02 1.66230602e-04 -1.23369349e-02 2.10676491e-02 -2.57008040e-04 1.42984306e-02 -3.45660211e-03 -2.22009402e-02 -1.26933008e-02
-7.91425258e-03 1.72949789e-04 -2.00565299e-03 9.08598863e-03 -1.94703403e-03 5.60661138e-04 1.47727113e-02 -4.78200354e-02 1.25176040e-04 -9.31763556e-03 1.59283224e-02 -1.94548542e-04 1.08140009e-02 -2.61436473e-03 -1.67921204e-02 -9.60120559e-03
-3.91963450e-03 1.00033445e-04 -1.00997370e-03 4.28856956e-03 -9.76854237e-04 2.82522116e-04 7.44023081e-03 -2.38635726e-02 6.27288682e-05 -4.64895135e-03 7.94808660e-03 -9.70893161e-05 5.39593864e-03 -1.30449294e-03 -8.37880000e-03 -4.79073683e-03
-1.17893964e-02 3.17669881e-04 -3.39175551e-03 1.40839992e-02 -3.27308779e-03 9.33729578e-04 2.48177014e-02 -8.03655609e-02 2.10005994e-04 -1.56921037e-02 2.68343054e-02 -3.27907939e-04 1.82196945e-02 -4.40482423e-03 -2.82925013e-02 -1.61768645e-02
-8.67092982e-03 2.46708776e-04 -2.56272755e-03 1.06461598e-02 -2.47174036e-03 7.26781436e-04 1.87791083e-02 -6.06603362e-02 1.58180366e-04 -1.18005620e-02 2.01524366e-02 -2.45971984e-04 1.36772757e-02 -3.30643123e-03 -2.12369394e-02 -1.21424822e-02
9.56724957e-03 -2.95108330e-04 2.92108208e-03 -1.15641700e-02 2.67794169e-03 -7.97152694e-04 -2.04085875e-02 6.56805933e-02 -1.72249289e-04 1.27819497e-02 -2.18379498e-02 2.66361487e-04 -1.48200318e-02 3.58258374e-03 2.30103415e-02 1.31562315e-02
-9.16813593e-03 2.24597024e-04 -2.01392150e-03 8.28877278e-03 -1.81304093e-03 5.39482280e-04 1.36571480e-02 -4.38245162e-02 1.16430412e-04 -8.53846688e-03 1.45687535e-02 -1.77073875e-04 9.87928547e-03 -2.38785078e-03 -1.53353494e-02 -8.76713265e-03
-4.20739502e-03 1.63042147e-04 -1.91703520e-03 7.55701773e-03 -1.84765656e-03 5.29843033e-04 1.40477456e-02 -4.55525368e-02 1.18877637e-04 -8.88845883e-03 1.52000459e-02 -1.85759534e-04 1.03207091e-02 -2.49516731e-03 -1.60266720e-02 -9.16361623e-03
2.62791361e-03 -7.37234222e-05 7.30810279e-04 -3.29415407e-03 6.91150140e-04 -2.06090277e-04 -5.24881249e-03 1.69054642e-02 -4.44398211e-05 3.29386094e-03 -5.62114827e-03 6.85686973e-05 -3.81565699e-03 9.22403706e-04 5.92437573e-03 3.38722323e-03
1.06012560e-02 -3.25483270e-04 2.93715438e-03 -1.23669878e-02 2.82544340e-03 -8.29482567e-04 -2.15597153e-02 6.93389550e-02 -1.82057629e-04 1.35248443e-02 -2.31136754e-02 2.82032066e-04 -1.56855658e-02 3.79197509e-03 2.43555028e-02 1.39254928e-02
1.79545172e-02 -5.02091774e-04 5.88160055e-03 -2.35239230e-02 5.69186034e-03 -1.63118436e-03 -4.32555936e-02 1.40187323e-01 -3.66012595e-04 2.73712389e-02 -4.68066633e-02 5.72054239e-04 -3.17822546e-02 7.68378563e-03 4.93536517e-02 2.82190926e-02
-2.38352865e-02 6.70990616e-04 -6.73998287e-03 2.72237863e-02 -6.45849900e-03 1.89959153e-03 4.88788821e-02 -1.57890588e-01 4.12433641e-04 -3.07405721e-02 5.25463074e-02 -6.41702441e-04 3.56684290e-02 -8.62303097e-03 -5.53856902e-02 -3.16676646e-02
2.96316203e-03 -7.78983158e-05 7.40121526e-04 -2.96635879e-03 6.42092724e-04 -2.01655115e-04 -4.92964592e-03 1.57496855e-02 -4.42232194e-05 3.02824378e-03 -5.12011070e-03 6.01177089e-05 -3.46503127e-03 8.35757528e-04 5.36128692e-03 3.05995787e-03
3.20784259e-03 -1.70150510e-04 1.76346977e-03 -6.96200132e-03 1.68251595e-03 -4.83280659e-04 -1.27996989e-02 4.14792448e-02 -1.08306784e-04 8.09302274e-03 -1.38384346e-02 1.69075473e-04 -9.39548481e-03 2.27145618e-03 1.45896934e-02 8.34195688e-03
-1.06538199e-02 2.45820644e-04 -2.46698502e-03 1.02718920e-02 -2.26184190e-03 6.62744686e-04 1.71756297e-02 -5.52472174e-02 1.46169652e-04 -1.07377544e-02 1.83381345e-02 -2.22989795e-04 1.24351121e-02 -3.00564244e-03 -1.93034038e-02 -1.10358465e-02
-6.34115515e-03 1.54573412e-04 -1.63667346e-03 6.91367034e-03 -1.56458199e-03 4.65441786e-04 1.18453680e-02 -3.81497331e-02 1.00588135e-04 -7.43066473e-03 1.26902973e-02 -1.54540816e-04 8.60841013e-03 -2.08085915e-03 -1.33645628e-02 -7.64095550e-03
2.18956620e-02 -6.53590425e-04 7.34610436e-03 -2.97887828e-02 7.06267916e-03 -2.03471933e-03 -5.36475293e-02 1.73841432e-01 -4.54141264e-04 3.39030251e-02 -5.79651110e-02 7.08202191e-04 -3.93546484e-02 9.51436721e-03 6.11112565e-02 3.49416211e-02
-3.13158985e-03 6.19192360e-05 -6.74639654e-04 3.12143937e-03 -6.31287228e-04 2.04263968e-04 4.80625033e-03 -1.52541911e-02 4.08733067e-05 -2.95376475e-03 5.01981145e-03 -6.03989429e-05 3.39699187e-03 -8.20674351e-04 -5.26909856e-03 -3.01139127e-03
-2.61098519e-02 6.30941708e-04 -6.51566498e-03 2.71488242e-02 -6.12587575e-03 1.81335805e-03 4.64946367e-02 -1.50122866e-01 3.96047282e-04 -2.92300452e-02 4.99115773e-02 -6.07470865e-04 3.38530578e-02 -8.18307884e-03 -5.25557771e-02 -3.00472230e-02
1.60537213e-02 -4.38355433e-04 4.36573150e-03 -1.75292436e-02 4.17558895e-03 -1.23264466e-03 -3.16033810e-02 1.02168769e-01 -2.67080002e-04 1.98668633e-02 -3.39502394e-02 4.14268055e-04 -2.30405610e-02 5.56997117e-03 3.57754193e-02 2.04549395e-02
4.06991038e-03 -1.44191697e-04 1.71822379e-03 -6.80181943e-03 1.61528727e-03 -4.63768782e-04 -1.22390548e-02 3.95699069e-02 -1.03614031e-04 7.71827996e-03 -1.31963687e-02 1.61155200e-04 -8.95864796e-03 2.16578483e-03 1.39108468e-02 7.95374718e-03
2.14872370e-03 -5.57422427e-05 4.83982498e-04 -2.04131426e-03 4.60981275e-04 -1.34683854e-04 -3.51237226e-03 1.12791425e-02 -2.96509315e-05 2.18815613e-03 -3.73960333e-03 4.56052658e-05 -2.53804820e-03 6.13546406e-04 3.94067960e-03 2.25310191e-03
1.10364333e-02 -3.87614127e-04 3.56571819e-03 -1.48316547e-02 3.44295846e-03 -1.00389204e-03 -2.60679517e-02 8.42712522e-02 -2.20178408e-04 1.64264534e-02 -2.80645937e-02 3.42625426e-04 -1.90500394e-02 4.60543623e-03 2.95805782e-02 1.69130992e-02
