1.27331614e-02 3.58873233e-02 1.64986420e-02 -8.73402506e-03 -1.09766740e-02 1.93433035e-02 -3.71523090e-02 7.86470473e-02 -9.43263248e-03 2.77760699e-02 -1.89288426e-02 -2.10381467e-02 -2.08648890e-02 3.45245062e-04 2.02804953e-02 -2.24085385e-03
2.30214205e-02 6.44392595e-02 2.85029020e-02 -1.49607509e-02 -1.89518649e-02 3.33113000e-02 -6.40329346e-02 1.35743141e-01 -1.62626430e-02 4.79662828e-02 -3.26694846e-02 -3.63085605e-02 -3.60147506e-02 5.95887774e-04 3.50073352e-02 -3.86816659e-03
7.27877719e-03 1.93105210e-02 8.56534205e-03 -4.89323121e-03 -5.67364926e-03 9.97231342e-03 -1.91173777e-02 4.04412001e-02 -4.83131036e-03 1.42144132e-02 -9.67611093e-03 -1.07526928e-02 -1.06627736e-02 1.76674919e-04 1.03579545e-02 -1.14386133e-03
-1.50663499e-02 -4.04995605e-02 -1.86147504e-02 9.80724581e-03 1.22164022e-02 -2.15418153e-02 4.12586629e-02 -8.75515118e-02 1.04626454e-02 -3.09061836e-02 2.10629348e-02 2.34072506e-02 2.32191700e-02 -3.84083425e-04 -2.25718804e-02 2.49433215e-03
1.02435965e-02 3.45124081e-02 1.55216949e-02 -8.44953861e-03 -1.05484920e-02 1.86560620e-02 -3.53495106e-02 7.52660781e-02 -8.98653362e-03 2.65500564e-02 -1.80724077e-02 -2.00909115e-02 -1.99294835e-02 3.29768605e-04 1.93735696e-02 -2.14074575e-03
-5.68627845e-03 -1.45857446e-02 -6.39662053e-03 3.42272734e-03 4.06795740e-03 -7.19429227e-03 1.36949578e-02 -2.89502386e-02 3.45768058e-03 -1.01816673e-02 6.93290075e-03 7.70522328e-03 7.64134433e-03 -1.26524887e-04 -7.42487889e-03 8.20198678e-04
-7.12314900e-03 -2.20310483e-02 -1.01902233e-02 5.30267181e-03 6.32300694e-03 -1.09953620e-02 2.06263177e-02 -4.33252193e-02 5.20537235e-03 -1.52789457e-02 1.03731547e-02 1.15126055e-02 1.14073642e-02 -1.89887709e-04 -1.10705076e-02 1.22017728e-03
-6.48179930e-03 -1.79718323e-02 -8.13708175e-03 4.51919716e-03 5.26767503e-03 -9.21941735e-03 1.76133253e-02 -3.71481404e-02 4.45581740e-03 -1.31165404e-02 8.92556179e-03 9.91762150e-03 9.83345043e-03 -1.63016157e-04 -9.55097191e-03 1.05449604e-03
2.78419964e-02 6.53078333e-02 2.87173837e-02 -1.49177453e-02 -1.82046387e-02 3.24384049e-02 -6.17921427e-02 1.31048217e-01 -1.57334581e-02 4.63615023e-02 -3.15827280e-02 -3.50792259e-02 -3.47895361e-02 5.76108927e-04 3.38033214e-02 -3.73395788e-03
-2.00614380e-03 2.74320762e-03 1.38084276e-03 -8.58084124e-04 -1.19194982e-03 2.16401019e-03 -4.15241718e-03 8.87987390e-03 -1.07248744e-03 3.17855552e-03 -2.16836785e-03 -2.41069263e-03 -2.39212811e-03 3.95321003e-05 2.32673204e-03 -2.57210049e-04
1.38022266e-02 4.36929800e-02 1.92699246e-02 -1.04002049e-02 -1.29806912e-02 2.27434281e-02 -4.35047522e-02 9.24273729e-02 -1.10281389e-02 3.25683542e-02 -2.21871715e-02 -2.46573295e-02 -2.44579446e-02 4.04667575e-04 2.37727333e-02 -2.62675877e-03
1.49294082e-02 3.88535559e-02 1.76081359e-02 -9.30264220e-03 -1.17211631e-02 2.06083804e-02 -3.95977013e-02 8.40463042e-02 -1.00551322e-02 2.96816826e-02 -2.02334207e-02 -2.24916153e-02 -2.23089512e-02 3.69058136e-04 2.16868427e-02 -2.39644246e-03
1.22199621e-04 1.84841687e-04 9.92075657e-05 -6.49785070e-05 -9.51555121e-05 1.74484943e-04 -3.37152509e-04 7.24640267e-04 -8.67208655e-05 2.57296691e-04 -1.75650624e-04 -1.95308836e-04 -1.93855507e-04 3.20176423e-06 1.88601334e-04 -2.08529709e-05
-1.57869291e-02 -4.40446213e-02 -2.00238675e-02 1.02951396e-02 1.30211059e-02 -2.27860603e-02 4.36396934e-02 -9.24874470e-02 1.10660885e-02 -3.25521603e-02 2.21829526e-02 2.46599875e-02 2.44580973e-02 -4.04737017e-04 -2.37723719e-02 2.62659579e-03
1.23579558e-02 2.55607050e-02 1.19347461e-02 -6.06035069e-03 -7.76853133e-03 1.38136707e-02 -2.64968965e-02 5.63079529e-02 -6.74468512e-03 1.98990051e-02 -1.35672633e-02 -1.50820697e-02 -1.49618154e-02 2.47407879e-04 1.45471133e-02 -1.60773483e-03
-1.41650410e-02 -2.73572356e-02 -1.17187453e-02 5.71121182e-03 7.28849648e-03 -1.29411221e-02 2.48005707e-02 -5.25908731e-02 6.29597623e-03 -1.86024867e-02 1.26808230e-02 1.40970722e-02 1.39836725e-02 -2.31230661e-04 -1.35966949e-02 1.50272041e-03
1.88422657e-03 1.63194574e-02 7.54108420e-03 -4.17981111e-03 -5.36497124e-03 9.51957982e-03 -1.82522051e-02 3.88725661e-02 -4.64226864e-03 1.37211150e-02 -9.35440417e-03 -1.03985174e-02 -1.03158457e-02 1.70582236e-04 1.00300489e-02 -1.10851508e-03
1.33419968e-02 3.27359773e-02 1.44001693e-02 -7.68537726e-03 -9.38273408e-03 1.63408816e-02 -3.13304774e-02 6.63887262e-02 -7.93302152e-03 2.33133715e-02 -1.58744026e-02 -1.76415704e-02 -1.74957663e-02 2.89978430e-04 1.69973094e-02 -1.87708274e-03
-6.17051590e-03 -1.83386970e-02 -8.17593280e-03 4.33126790e-03 5.50950086e-03 -9.73883271e-03 1.87022295e-02 -3.97040471e-02 4.74917842e-03 -1.40287550e-02 9.56298318e-03 1.06297815e-02 1.05449492e-02 -1.74378831e-04 -1.02524906e-02 1.13308348e-03
2.52807550e-02 8.17812309e-02 3.67371365e-02 -1.95872169e-02 -2.58145221e-02 4.58266400e-02 -8.76217633e-02 1.86739609e-01 -2.23491322e-02 6.60944730e-02 -4.50640209e-02 -5.00939600e-02 -4.96962182e-02 8.21725116e-04 4.83218431e-02 -5.34062507e-03
-6.47222623e-03 -1.37791466e-02 -6.34389743e-03 3.29478504e-03 4.11982182e-03 -7.25081190e-03 1.39063252e-02 -2.94942036e-02 3.51289613e-03 -1.03616584e-02 7.06040813e-03 7.84680806e-03 7.78200012e-03 -1.28778498e-04 -7.56345550e-03 8.35669460e-04
-2.02558674e-02 -6.32791594e-02 -2.83852611e-02 1.53500801e-02 1.95254777e-02 -3.45618986e-02 6.63080215e-02 -1.40902206e-01 1.68590881e-02 -4.98191603e-02 3.39647457e-02 3.77551131e-02 3.74530889e-02 -6.19426370e-04 -3.64132747e-02 4.02415358e-03
-7.17226975e-03 -1.23714563e-02 -5.00858109e-03 2.65703304e-03 3.01256846e-03 -5.22244070e-03 1.00638419e-02 -2.10643988e-02 2.50919559e-03 -7.37585686e-03 5.01633482e-03 5.57344547e-03 5.52467210e-03 -9.17311845e-05 -5.36412792e-03 5.91997523e-04
-2.11285660e-03 -1.19964522e-03 -2.78204097e-04 1.96797599e-04 -5.81030690e-05 1.20565317e-04 -3.15733341e-04 7.38717150e-04 -8.93932229e-05 2.77196523e-04 -1.94057953e-04 -2.17488312e-04 -2.19335270e-04 3.44719388e-06 2.15207299e-04 -2.40256722e-05
-6.10336720e-04 -5.84523892e-03 -2.82588089e-03 1.52752572e-03 2.10456154e-03 -3.76209803e-03 7.23397918e-03 -1.54407574e-02 1.84974191e-03 -5.47156809e-03 3.73143051e-03 4.14829096e-03 4.11560852e-03 -6.80463199e-05 -4.00197273e-03 4.42315883e-04
1.46335987e-02 4.93300855e-02 2.22242679e-02 -1.15924105e-02 -1.49238380e-02 2.63295416e-02 -5.05508296e-02 1.07535541e-01 -1.28469691e-02 3.79611067e-02 -2.58792900e-02 -2.87688132e-02 -2.85392515e-02 4.71937732e-04 2.77473982e-02 -3.06658004e-03
-1.53310411e-02 -2.90559232e-02 -1.32720303e-02 7.05374219e-03 8.09391867e-03 -1.40460702e-02 2.66378615e-02 -5.60799614e-02 6.72085071e-03 -1.97445359e-02 1.34410458e-02 1.49150249e-02 1.47876451e-02 -2.45364849e-04 -1.43566187e-02 1.58432790e-03
-2.96360755e-04 -6.17231894e-03 -2.87994719e-03 1.56745361e-03 2.02646013e-03 -3.60816042e-03 6.88721100e-03 -1.46518610e-02 1.75530638e-03 -5.18386345e-03 3.53295635e-03 3.92594049e-03 3.89428996e-03 -6.44337561e-05 -3.78534175e-03 4.18253825e-04
1.01307109e-02 2.19562203e-02 9.57306568e-03 -4.92685894e-03 -5.93739282e-03 1.04413070e-02 -2.00247597e-02 4.23677824e-02 -5.06105833e-03 1.49220508e-02 -1.01790912e-02 -1.13151418e-02 -1.12159057e-02 1.85594457e-04 1.09010870e-02 -1.20453665e-03
1.21449661e-02 3.01749967e-02 1.38820270e-02 -7.41564063e-03 -8.72662757e-03 1.51492106e-02 -2.88984179e-02 6.13248236e-02 -7.32003059e-03 2.15358119e-02 -1.46535132e-02 -1.62811726e-02 -1.61405783e-02 2.67693104e-04 1.56756230e-02 -1.73046417e-03
1.25876702e-02 3.75885218e-02 1.65563598e-02 -8.71550106e-03 -1.08917383e-02 1.91978216e-02 -3.68483104e-02 7.83896372e-02 -9.33824386e-03 2.74820942e-02 -1.86998155e-02 -2.07878556e-02 -2.06208918e-02 3.42124491e-04 2.00391635e-02 -2.21249810e-03
2.05916911e-02 8.27851892e-02 3.80283892e-02 -1.96641367e-02 -2.59840582e-02 4.63298634e-02 -8.86682719e-02 1.88996091e-01 -2.26075817e-02 6.68415949e-02 -4.55766469e-02 -5.06623760e-02 -5.02597168e-02 8.31027282e-04 4.88690287e-02 -5.40110702e-03
-3.41416001e-02 -1.23029485e-01 -5.53503036e-02 3.11130825e-02 3.80703472e-02 -6.71090707e-02 1.28424644e-01 -2.73372024e-01 3.26691456e-02 -9.64624211e-02 6.57478720e-02 7.30930492e-02 7.25091100e-02 -1.19919865e-03 -7.04931095e-02 7.79040856e-03
2.56428141e-02 7.86655173e-02 3.54806334e-02 -1.80407856e-02 -2.35537309e-02 4.13608067e-02 -7.97681957e-02 1.69201806e-01 -2.02347655e-02 5.97539879e-02 -4.07527350e-02 -4.52874042e-02 -4.49253097e-02 7.42882839e-04 4.36806716e-02 -4.82758367e-03
-7.56856427e-03 -2.57133376e-02 -1.17836269e-02 6.31580781e-03 8.42852052e-03 -1.49457278e-02 2.87238993e-02 -6.10655621e-02 7.30718626e-03 -2.15993412e-02 1.47288451e-02 1.63719840e-02 1.62425432e-02 -2.68564414e-04 -1.57934297e-02 1.74552831e-03
8.91639665e-03 2.83159073e-02 1.23302313e-02 -6.56466186e-03 -8.33083782e-03 1.47268958e-02 -2.81432439e-02 5.96996620e-02 -7.13794865e-03 2.10760776e-02 -1.43575398e-02 -1.59575623e-02 -1.58287045e-02 2.61894456e-04 1.53856371e-02 -1.70005357e-03
-3.43486620e-03 -9.65119863e-04 -1.28667176e-04 2.70367455e-05 -1.14316681e-04 2.27488228e-04 -4.61741351e-04 9.62448190e-04 -1.24415325e-04 3.74168041e-04 -2.56032014e-04 -2.85075977e-04 -2.83075351e-04 4.67452719e-06 2.75603699e-04 -3.04734276e-05
-1.01949880e-02 -5.33058904e-02 -2.47261282e-02 1.34615423e-02 1.74331758e-02 -3.10440250e-02 5.95788285e-02 -1.26921043e-01 1.51666598e-02 -4.48470078e-02 3.05711944e-02 3.39846164e-02 3.37160192e-02 -5.57518099e-04 -3.27826478e-02 3.62315332e-03
1.25961788e-02 4.09105867e-02 1.90424137e-02 -9.94781591e-03 -1.29692517e-02 2.28008479e-02 -4.37393039e-02 9.30453837e-02 -1.11390874e-02 3.29130739e-02 -2.24401094e-02 -2.49435510e-02 -2.47447472e-02 4.09190077e-04 2.40586735e-02 -2.65892199e-03
4.26178193e-03 1.41319418e-02 6.19467208e-03 -3.31802736e-03 -4.13984340e-03 7.29722576e-03 -1.39999175e-02 2.96969898e-02 -3.55679914e-03 1.05040930e-02 -7.16023659e-03 -7.95942452e-03 -7.89622217e-03 1.30569329e-04 7.67747825e-03 -8.48515250e-04
4.95531922e-03 1.18413102e-02 5.44132758e-03 -2.88408692e-03 -3.55573231e-03 6.18959777e-03 -1.18264519e-02 2.50837747e-02 -2.99511245e-03 8.83010775e-03 -6.01567468e-03 -6.68478152e-03 -6.62989542e-03 1.09734116e-04 6.44294126e-03 -7.11812871e-04
-2.68534776e-02 -6.24339022e-02 -2.77080163e-02 1.50423031e-02 1.84672140e-02 -3.18643302e-02 6.14945367e-02 -1.29813850e-01 1.54773546e-02 -4.55988944e-02 3.10516935e-02 3.45222838e-02 3.42358835e-02 -5.66708739e-04 -3.32755707e-02 3.67627107e-03
2.36995146e-03 9.29493830e-03 4.30428283e-03 -2.34444928e-03 -3.06254183e-03 5.43424115e-03 -1.04007134e-02 2.21369695e-02 -2.64805742e-03 7.82749522e-03 -5.33616450e-03 -5.93120744e-03 -5.88388508e-03 9.73013521e-05 5.72076626e-03 -6.32242358e-04
-2.78606154e-02 -8.52438807e-02 -3.97419930e-02 2.10120734e-02 2.68246848e-02 -4.74378020e-02 9.09448862e-02 -1.93755224e-01 2.31783818e-02 -6.84902072e-02 4.66950536e-02 5.19056283e-02 5.14942482e-02 -8.51475401e-04 -5.00682890e-02 5.53357787e-03
2.07080357e-02 5.30966669e-02 2.30662152e-02 -1.22748343e-02 -1.50826778e-02 2.64978856e-02 -5.06403148e-02 1.08058892e-01 -1.28870048e-02 3.77921872e-02 -2.57299747e-02 -2.86224671e-02 -2.83801351e-02 4.72052343e-04 2.75661517e-02 -3.04263504e-03
-1.54784918e-02 -3.80766392e-02 -1.73293874e-02 8.96760263e-03 1.13293380e-02 -1.99449789e-02 3.79874259e-02 -8.06061924e-02 9.60427057e-03 -2.83036195e-02 1.92793012e-02 2.14173235e-02 2.12436579e-02 -3.51620576e-04 -2.06480734e-02 2.28131306e-03
-4.97412123e-02 -1.17403977e-01 -4.94307913e-02 2.63884664e-02 3.27524506e-02 -5.74103743e-02 1.09658338e-01 -2.31209978e-01 2.75832787e-02 -8.15078318e-02 5.53407669e-02 6.14783652e-02 6.09765388e-02 -1.01024192e-03 -5.92560545e-02 6.54350873e-03
-1.17022693e-02 -4.12338860e-02 -1.82000678e-02 1.01088258e-02 1.28865708e-02 -2.28292141e-02 4.36328761e-02 -9.29392278e-02 1.11175589e-02 -3.28700952e-02 2.24052127e-02 2.49065384e-02 2.47086398e-02 -4.08574939e-04 -2.40247324e-02 2.65522557e-03
6.95325900e-03 2.16269940e-02 9.58585367e-03 -5.51568018e-03 -6.67376537e-03 1.18652787e-02 -2.26074290e-02 4.80990484e-02 -5.75870834e-03 1.70218721e-02 -1.16023691e-02 -1.28971431e-02 -1.27945002e-02 2.11570819e-04 1.24401236e-02 -1.37487589e-03
-4.03522747e-03 -2.93386597e-02 -1.34693515e-02 7.00288825e-03 9.32583213e-03 -1.65517442e-02 3.17956693e-02 -6.77348822e-02 8.10580887e-03 -2.39687636e-02 1.63430944e-02 1.81680545e-02 1.80243831e-02 -2.98024592e-04 -1.75260082e-02 1.93701591e-03
-3.26734558e-02 -1.31652772e-01 -5.92122674e-02 3.12332921e-02 4.16279919e-02 -7.39648938e-02 1.42091781e-01 -3.02608609e-01 3.62284631e-02 -1.07111223e-01 7.30362907e-02 8.11912343e-02 8.05492997e-02 -1.33185391e-03 -7.83221275e-02 8.65634531e-03
-1.07777510e-02 -3.07758637e-02 -1.38476184e-02 7.39053357e-03 8.88141152e-03 -1.55947786e-02 2.96390615e-02 -6.25842065e-02 7.50285015e-03 -2.20668986e-02 1.50225293e-02 1.66865103e-02 1.65463258e-02 -2.74252787e-04 -1.60717554e-02 1.77448301e-03
6.97398093e-03 1.61056109e-02 7.21513806e-03 -3.78622697e-03 -4.61686356e-03 8.19975510e-03 -1.56402029e-02 3.31901833e-02 -3.96576338e-03 1.16899451e-02 -7.96735380e-03 -8.85277148e-03 -8.78105685e-03 1.45269718e-04 8.53544939e-03 -9.43172665e-04
5.14882524e-03 1.63631700e-02 7.48069678e-03 -3.95266386e-03 -4.97113075e-03 8.73135310e-03 -1.67099610e-02 3.55126187e-02 -4.24386188e-03 1.25286644e-02 -8.53837654e-03 -9.48854722e-03 -9.41155758e-03 1.55695307e-04 9.14859399e-03 -1.01093785e-03
9.67975147e-03 1.64715610e-02 6.93548750e-03 -4.08100663e-03 -4.82929219e-03 8.44080653e-03 -1.61496717e-02 3.42896134e-02 -4.09309100e-03 1.20836031e-02 -8.23440123e-03 -9.15259402e-03 -9.07834992e-03 1.50158608e-04 8.82623903e-03 -9.75413248e-04
1.47795985e-02 3.37705985e-02 1.53380409e-02 -8.08156282e-03 -9.84262489e-03 1.74176823e-02 -3.29566635e-02 7.02601671e-02 -8.34329892e-03 2.45674215e-02 -1.67384632e-02 -1.85803287e-02 -1.84194874e-02 3.05328838e-04 1.78937223e-02 -1.97562110e-03
4.52930760e-03 1.18705025e-02 5.34342602e-03 -2.95381108e-03 -3.62595730e-03 6.39868248e-03 -1.22588510e-02 2.60585919e-02 -3.11543932e-03 9.19929985e-03 -6.26878534e-03 -6.96753059e-03 -6.91106496e-03 1.14328570e-04 6.71816012e-03 -7.42379692e-04
-8.59148894e-03 -2.69315913e-02 -1.17417770e-02 6.31520478e-03 7.87329301e-03 -1.36757325e-02 2.63068210e-02 -5.57852089e-02 6.66862912e-03 -1.96748190e-02 1.34069026e-02 1.49005968e-02 1.47795696e-02 -2.44498777e-04 -1.43668922e-02 1.58757495e-03
-1.21438745e-02 -3.80727351e-02 -1.72060095e-02 8.68844893e-03 1.12979356e-02 -1.99350268e-02 3.82725522e-02 -8.12836289e-02 9.72165912e-03 -2.87000798e-02 1.95727833e-02 2.17507910e-02 2.15770863e-02 -3.56798584e-04 -2.09789556e-02 2.31857807e-03
3.48231290e-03 -5.49304672e-03 -2.70692213e-03 1.88819726e-03 2.62509612e-03 -4.73193312e-03 9.13553592e-03 -1.95799340e-02 2.34757503e-03 -6.94609201e-03 4.73752897e-03 5.26712975e-03 5.22596808e-03 -8.64056783e-05 -5.08172484e-03 5.61651716e-04
3.78907099e-03 1.33752041e-02 6.25233399e-03 -3.22116609e-03 -4.04220447e-03 7.09980214e-03 -1.35879721e-02 2.87914556e-02 -3.44190537e-03 1.01526380e-02 -6.91739423e-03 -7.68707367e-03 -7.62438076e-03 1.26153100e-04 7.41076842e-03 -8.18846223e-04
2.52129398e-02 7.57245868e-02 3.37803140e-02 -1.67769492e-02 -2.18445342e-02 3.86281759e-02 -7.36381337e-02 1.56026274e-01 -1.86569784e-02 5.50294146e-02 -3.75165418e-02 -4.16710898e-02 -4.13324796e-02 6.83646183e-04 4.01765257e-02 -4.43989784e-03
1.91825535e-02 6.10789657e-02 2.74548680e-02 -1.41019719e-02 -1.80255044e-02 3.18622738e-02 -6.08817413e-02 1.29213437e-01 -1.54438764e-02 4.55552638e-02 -3.10442001e-02 -3.45079079e-02 -3.42255943e-02 5.66388364e-04 3.32645550e-02 -3.67537304e-03
-6.73689470e-02 -1.87137842e-01 -8.18040967e-02 4.38697748e-02 5.49509078e-02 -9.67993662e-02 1.86200380e-01 -3.94838244e-01 4.71114106e-02 -1.39172301e-01 9.48715732e-02 1.05436154e-01 1.04589529e-01 -1.72970875e-03 -1.01681992e-01 1.12373000e-02
3.32261552e-04 9.39264079e-04 3.95369367e-04 -2.00056282e-04 -2.17452471e-04 3.73391376e-04 -7.03029509e-04 1.46825530e-03 -1.74868561e-04 5.13944658e-04 -3.49555368e-04 -3.88111774e-04 -3.84742045e-04 6.37467110e-06 3.73644725e-04 -4.12648296e-05
-1.28579643e-02 -2.69711129e-02 -1.22562107e-02 6.48723776e-03 8.18801485e-03 -1.42398663e-02 2.72842217e-02 -5.79136722e-02 6.90214569e-03 -2.03564074e-02 1.38749881e-02 1.54155791e-02 1.52921099e-02 -2.53000500e-04 -1.48614729e-02 1.64204044e-03
7.85291940e-03 2.94520129e-02 1.35801546e-02 -7.17017567e-03 -9.20842960e-03 1.62959248e-02 -3.12939435e-02 6.65057749e-02 -7.95275904e-03 2.35073604e-02 -1.60261430e-02 -1.78123955e-02 -1.76707692e-02 2.92201526e-04 1.71809886e-02 -1.89882214e-03
1.11048417e-02 3.69347222e-02 1.56991296e-02 -8.54895730e-03 -1.04912566e-02 1.87087525e-02 -3.56854983e-02 7.58341104e-02 -9.07489937e-03 2.68134661e-02 -1.82823259e-02 -2.03191154e-02 -2.01550256e-02 3.33304168e-04 1.95931084e-02 -2.16521183e-03
9.54756746e-04 1.83286553e-03 7.99308240e-04 -4.25706065e-04 -4.60131938e-04 7.79718393e-04 -1.47352344e-03 3.06438631e-03 -3.64823500e-04 1.06653664e-03 -7.23820471e-04 -8.03197210e-04 -7.95357395e-04 1.32568503e-05 7.70797546e-04 -8.49219505e-05
6.30155089e-04 3.95224243e-03 1.81249145e-03 -9.43889958e-04 -1.19165145e-03 2.08404730e-03 -4.00406728e-03 8.44409689e-03 -1.00943306e-03 2.97498750e-03 -2.02576956e-03 -2.25059828e-03 -2.23121466e-03 3.69872869e-05 2.16726540e-03 -2.39294997e-04
-7.63879064e-03 -1.61047634e-02 -7.66670145e-03 3.38849751e-03 4.04828181e-03 -7.06867175e-03 1.34639824e-02 -2.84185335e-02 3.40283313e-03 -1.00082327e-02 6.81258645e-03 7.57198362e-03 7.50859082e-03 -1.24331316e-04 -7.29341293e-03 8.05508927e-04
-1.31833099e-03 -7.01563759e-03 -3.11239460e-03 1.67220552e-03 2.13184627e-03 -3.73820309e-03 7.16452114e-03 -1.52342021e-02 1.82457687e-03 -5.38942218e-03 3.67334438e-03 4.08305880e-03 4.05033911e-03 -6.69843139e-05 -3.93785210e-03 4.35191847e-04
-4.55031581e-02 -9.77141783e-02 -4.14753370e-02 2.23908350e-02 2.82160603e-02 -4.97544631e-02 9.55416337e-02 -2.02402279e-01 2.41927374e-02 -7.14361817e-02 4.86846231e-02 5.41003048e-02 5.36638536e-02 -8.87727656e-04 -5.21695577e-02 5.76505205e-03
-9.03941225e-03 -2.72203162e-02 -1.23227779e-02 6.50955504e-03 8.49819370e-03 -1.49279283e-02 2.86697559e-02 -6.08838461e-02 7.27219554e-03 -2.14918964e-02 1.46531705e-02 1.62877962e-02 1.61584169e-02 -2.67184078e-04 -1.57111101e-02 1.73640694e-03
3.06275673e-03 1.05422232e-02 4.79902932e-03 -2.43232655e-03 -3.07808281e-03 5.37944771e-03 -1.02919945e-02 2.17530765e-02 -2.60937074e-03 7.67350430e-03 -5.22689614e-03 -5.80961304e-03 -5.76033816e-03 9.54331626e-05 5.59628801e-03 -6.18041784e-04
-1.00450758e-02 -1.73301436e-02 -7.38425180e-03 3.99848772e-03 4.73771803e-03 -8.19153804e-03 1.55258626e-02 -3.29549983e-02 3.94030055e-03 -1.15619609e-02 7.86395185e-03 8.74667615e-03 8.66895262e-03 -1.43892394e-04 -8.41746293e-03 9.29000787e-04
1.81084648e-02 4.58792150e-02 2.02169977e-02 -1.11491140e-02 -1.35491053e-02 2.39808336e-02 -4.57007512e-02 9.72002372e-02 -1.16161406e-02 3.43142152e-02 -2.33844258e-02 -2.59850677e-02 -2.57743057e-02 4.26463550e-04 2.50539929e-02 -2.76840618e-03
-2.07213853e-02 -7.11160004e-02 -3.25336568e-02 1.64725929e-02 2.17393320e-02 -3.82451490e-02 7.33508915e-02 -1.56127661e-01 1.86709985e-02 -5.51827438e-02 3.76243927e-02 4.18213829e-02 4.14893590e-02 -6.86046144e-04 -4.03403342e-02 4.45843767e-03
6.33552298e-03 1.57643761e-02 7.07214884e-03 -3.65316286e-03 -4.47076792e-03 7.87095632e-03 -1.50208529e-02 3.18398960e-02 -3.80670046e-03 1.12113720e-02 -7.63534708e-03 -8.48547183e-03 -8.41492135e-03 1.39328098e-04 8.17669090e-03 -9.03259264e-04
9.27673094e-03 1.45562254e-02 6.61153719e-03 -3.41810798e-03 -4.05560108e-03 7.07800034e-03 -1.34947775e-02 2.85962969e-02 -3.42555996e-03 1.00956075e-02 -6.87748846e-03 -7.64341978e-03 -7.58034037e-03 1.25457242e-04 7.36731105e-03 -8.13992461e-04
-9.97408945e-03 -2.32850704e-02 -9.88146756e-03 5.64424647e-03 6.83928141e-03 -1.19858123e-02 2.30200160e-02 -4.88303341e-02 5.82274515e-03 -1.71921831e-02 1.17152790e-02 1.30212829e-02 1.29164988e-02 -2.13648935e-04 -1.25568192e-02 1.38764142e-03
1.11482274e-02 3.37623768e-02 1.53242610e-02 -7.91704375e-03 -9.86166019e-03 1.73374284e-02 -3.32089588e-02 7.01914504e-02 -8.38016439e-03 2.47096214e-02 -1.68344174e-02 -1.87110268e-02 -1.85596012e-02 3.07024311e-04 1.80410184e-02 -1.99356629e-03
-2.41959142e-03 -4.39066067e-03 -1.92052510e-03 9.87714622e-04 1.09585980e-03 -1.90997543e-03 3.58923292e-03 -7.58140767e-03 9.10149189e-04 -2.67979060e-03 1.82515639e-03 2.02885689e-03 2.01219716e-03 -3.32867676e-05 -1.95582351e-03 2.16125612e-04
7.73602817e-03 1.96413156e-02 8.79918505e-03 -4.54546325e-03 -5.66939544e-03 9.88654699e-03 -1.89523138e-02 4.02249917e-02 -4.80273552e-03 1.41803352e-02 -9.66170896e-03 -1.07385078e-02 -1.06518334e-02 1.76203146e-04 1.03545301e-02 -1.14423677e-03
5.78951184e-03 3.43517065e-02 1.56854596e-02 -8.51967558e-03 -1.11509888e-02 1.98117755e-02 -3.80607173e-02 8.10023546e-02 -9.69632715e-03 2.86689643e-02 -1.95479039e-02 -2.17302665e-02 -2.15581432e-02 3.56456352e-04 2.09617950e-02 -2.31674081e-03
-2.54435209e-03 1.27124437e-03 8.27924116e-04 -4.84114222e-04 -7.15779373e-04 1.29159144e-03 -2.49936106e-03 5.35477512e-03 -6.41590566e-04 1.89962925e-03 -1.29587436e-03 -1.44110911e-03 -1.42987759e-03 2.36378255e-05 1.39057275e-03 -1.53699963e-04
-1.04216067e-02 -2.30240189e-02 -9.68372263e-03 5.00896899e-03 6.05487777e-03 -1.05130821e-02 2.01225821e-02 -4.25750464e-02 5.07007353e-03 -1.49664748e-02 1.02040898e-02 1.13257654e-02 1.12326387e-02 -1.86057790e-04 -1.09141348e-02 1.20545109e-03
-7.61056645e-03 -2.11516675e-02 -9.15671792e-03 5.18732611e-03 5.90915745e-03 -1.01673026e-02 1.93644017e-02 -4.08510864e-02 4.85429168e-03 -1.42376823e-02 9.68798622e-03 1.07676005e-02 1.06739253e-02 -1.77061622e-04 -1.03680389e-02 1.14464737e-03
1.92249101e-02 3.57524604e-02 1.55670978e-02 -8.03022366e-03 -9.97115020e-03 1.75623056e-02 -3.35667804e-02 7.10650235e-02 -8.50819051e-03 2.50874087e-02 -1.71027835e-02 -1.89994294e-02 -1.88431386e-02 3.11858923e-04 1.83126330e-02 -2.02324800e-03
-6.45132677e-04 4.73435642e-03 2.20214482e-03 -1.18436827e-03 -1.54271885e-03 2.73113744e-03 -5.23088174e-03 1.11272624e-02 -1.33218698e-03 3.93386371e-03 -2.68174708e-03 -2.98047764e-03 -2.95632519e-03 4.89058912e-05 2.87398719e-03 -3.17587081e-04
-1.81477740e-02 -4.85522002e-02 -2.18060985e-02 1.13634970e-02 1.42931445e-02 -2.52448320e-02 4.80659120e-02 -1.01978347e-01 1.22093847e-02 -3.60295288e-02 2.45583691e-02 2.72946768e-02 2.70736795e-02 -4.47894970e-04 -2.63189860e-02 2.90827430e-03
-2.24183388e-02 -6.41406700e-02 -2.87707988e-02 1.51457787e-02 1.93401985e-02 -3.42669003e-02 6.56790808e-02 -1.39532194e-01 1.66993849e-02 -4.92909513e-02 3.36039327e-02 3.73484753e-02 3.70453559e-02 -6.12778240e-04 -3.60121280e-02 3.97954974e-03
2.81847008e-02 7.23113418e-02 3.35890912e-02 -1.68629512e-02 -2.18014270e-02 3.84305529e-02 -7.38119036e-02 1.56878233e-01 -1.87503006e-02 5.53260557e-02 -3.77218239e-02 -4.19356152e-02 -4.16000150e-02 6.87937136e-04 4.04455215e-02 -4.46993858e-03
1.11692855e-02 3.52431759e-02 1.58574618e-02 -7.88875110e-03 -1.02522392e-02 1.81328636e-02 -3.48065905e-02 7.39514232e-02 -8.84520635e-03 2.61418577e-02 -1.78224929e-02 -1.98107082e-02 -1.96511764e-02 3.24938737e-04 1.91071704e-02 -2.11174181e-03
-4.67684527e-04 2.63335695e-03 1.36199978e-03 -7.64667580e-04 -1.12573127e-03 2.03855569e-03 -3.92326294e-03 8.41404684e-03 -1.00958056e-03 2.99125654e-03 -2.04111775e-03 -2.26969132e-03 -2.25227815e-03 3.72179347e-05 2.19075754e-03 -2.42180235e-04
7.60518014e-03 3.72686726e-03 1.41132844e-03 -7.06607650e-04 2.80731445e-04 -6.58321544e-04 1.64242997e-03 -3.76743381e-03 4.95930784e-04 -1.61170517e-03 1.14492641e-03 1.27857551e-03 1.27512740e-03 -1.99651422e-05 -1.25774997e-03 1.42153702e-04
-5.13920635e-02 -9.64795128e-02 -4.23529819e-02 2.31120773e-02 2.59257518e-02 -4.46280614e-02 8.61680508e-02 -1.80778608e-01 2.16876920e-02 -6.37621731e-02 4.34487201e-02 4.83085029e-02 4.78022620e-02 -7.96364096e-04 -4.64443788e-02 5.12102712e-03
-1.70421861e-02 -5.38745262e-02 -2.26665959e-02 1.26155680e-02 1.56854726e-02 -2.75940690e-02 5.28736487e-02 -1.12542912e-01 1.34710940e-02 -3.97597849e-02 2.71017998e-02 3.01277842e-02 2.98850164e-02 -4.94290260e-04 -2.90534478e-02 3.21073271e-03
-2.88743759e-03 -1.41639467e-02 -6.45097438e-03 3.52995656e-03 4.61930735e-03 -8.18597805e-03 1.56849418e-02 -3.34532708e-02 3.98769556e-03 -1.17870588e-02 8.03418085e-03 8.92981421e-03 8.85830447e-03 -1.46517239e-04 -8.61178897e-03 9.51680238e-04
1.17468252e-03 6.69941679e-03 3.13977152e-03 -1.68926059e-03 -2.21382477e-03 3.93601833e-03 -7.54676946e-03 1.60660539e-02 -1.92346564e-03 5.68500301e-03 -3.87625466e-03 -4.30865772e-03 -4.27438784e-03 7.06805149e-05 4.15600790e-03 -4.59321105e-04
-2.59350389e-02 -7.87397921e-02 -3.59924845e-02 1.87307093e-02 2.34062150e-02 -4.13578860e-02 7.92750195e-02 -1.68697432e-01 2.01782230e-02 -5.95543943e-02 4.06012088e-02 4.51239571e-02 4.47589308e-02 -7.40340503e-04 -4.35127951e-02 4.80856281e-03
1.33030284e-02 3.66416126e-02 1.68845095e-02 -8.58391263e-03 -1.03493519e-02 1.82074551e-02 -3.47635299e-02 7.34222159e-02 -8.78543220e-03 2.58108843e-02 -1.75824333e-02 -1.95371564e-02 -1.93671379e-02 3.21246451e-04 1.88026447e-02 -2.07530358e-03
-5.70331840e-03 -1.74067784e-02 -7.74458144e-03 4.08307090e-03 5.18373307e-03 -9.18335095e-03 1.76117141e-02 -3.74548845e-02 4.47586877e-03 -1.32227391e-02 9.01474804e-03 1.00195017e-02 9.93938930e-03 -1.64366822e-04 -9.66361072e-03 1.06799649e-03
6.25570770e-03 2.64036059e-02 1.21438755e-02 -6.49360940e-03 -8.55832733e-03 1.51984487e-02 -2.91405879e-02 6.20781034e-02 -7.43325520e-03 2.19744705e-02 -1.49832135e-02 -1.66557916e-02 -1.65240541e-02 2.73222249e-04 1.60670225e-02 -1.77575962e-03
2.50248308e-03 1.55826099e-02 7.45691964e-03 -4.11277451e-03 -5.53378975e-03 9.86689888e-03 -1.89673584e-02 4.04589996e-02 -4.84498683e-03 1.43278744e-02 -9.77036916e-03 -1.08615793e-02 -1.07757831e-02 1.78172384e-04 1.04779284e-02 -1.15804828e-03
-1.70950964e-02 -6.28833175e-02 -2.87185162e-02 1.53565593e-02 1.94598399e-02 -3.43659967e-02 6.53928891e-02 -1.39179856e-01 1.66617446e-02 -4.92062941e-02 3.35261561e-02 3.72643955e-02 3.69652845e-02 -6.11480791e-04 -3.59372571e-02 3.97132430e-03
-1.20229758e-02 -3.54298204e-02 -1.61308274e-02 9.51990765e-03 1.08594978e-02 -1.91444382e-02 3.67369168e-02 -7.82178268e-02 9.35342535e-03 -2.76163816e-02 1.88254807e-02 2.09273137e-02 2.07594819e-02 -3.43292806e-04 -2.01838594e-02 2.23068194e-03
9.13413125e-04 2.19759461e-03 1.00524479e-03 -5.46334137e-04 -7.09290209e-04 1.25601853e-03 -2.41684914e-03 5.13430871e-03 -6.14843448e-04 1.81600929e-03 -1.23822817e-03 -1.37643004e-03 -1.36553729e-03 2.25793392e-05 1.32773060e-03 -1.46741950e-04
-5.15015610e-03 -1.14558842e-02 -5.09654544e-03 2.82735331e-03 3.46264686e-03 -6.08512806e-03 1.16849905e-02 -2.48547103e-02 2.97624967e-03 -8.79572146e-03 5.99730620e-03 6.66637905e-03 6.61341846e-03 -1.09358698e-04 -6.43020216e-03 7.10665074e-04
-8.83619022e-03 -2.74836160e-02 -1.21369287e-02 6.58601290e-03 8.28493107e-03 -1.46164801e-02 2.79742647e-02 -5.94896711e-02 7.09353061e-03 -2.09766645e-02 1.42915873e-02 1.58833452e-02 1.57568026e-02 -2.60574307e-04 -1.53190149e-02 1.69299555e-03
9.34321154e-03 3.32877748e-02 1.52085945e-02 -7.75580015e-03 -9.82237607e-03 1.74121205e-02 -3.33126113e-02 7.06960857e-02 -8.45118519e-03 2.49597263e-02 -1.70129277e-02 -1.89098027e-02 -1.87582597e-02 3.10220727e-04 1.82370227e-02 -2.01546028e-03
-1.69365779e-02 -5.23709767e-02 -2.37874351e-02 1.24184517e-02 1.53762093e-02 -2.68519185e-02 5.13994209e-02 -1.09039664e-01 1.30633079e-02 -3.85319777e-02 2.62540709e-02 2.91785672e-02 2.89410613e-02 -4.78892558e-04 -2.81309132e-02 3.10828118e-03
-8.02256819e-03 -3.34277675e-02 -1.47772497e-02 7.64995581e-03 1.00303600e-02 -1.77774727e-02 3.40340398e-02 -7.25574791e-02 8.66861083e-03 -2.56254263e-02 1.74724478e-02 1.94220599e-02 1.92679334e-02 -3.18601698e-04 -1.87347680e-02 2.07058899e-03
3.97331035e-03 1.92458667e-02 8.87381472e-03 -5.04893158e-03 -6.27356349e-03 1.11362739e-02 -2.13260558e-02 4.53780331e-02 -5.43107279e-03 1.60502717e-02 -1.09387273e-02 -1.21603496e-02 -1.20634884e-02 1.99499875e-04 1.17290514e-02 -1.29624980e-03
1.96427144e-02 6.67529926e-02 2.85998005e-02 -1.56839788e-02 -1.94777641e-02 3.45434807e-02 -6.62782118e-02 1.40435353e-01 -1.68154258e-02 4.96548228e-02 -3.38475257e-02 -3.76171023e-02 -3.73145752e-02 6.17128157e-04 3.62780578e-02 -4.00922727e-03
1.40194260e-02 4.31812108e-02 1.95312928e-02 -1.03784008e-02 -1.34699354e-02 2.38902029e-02 -4.57828492e-02 9.75026414e-02 -1.16687324e-02 3.44997607e-02 -2.35225838e-02 -2.61489935e-02 -2.59418488e-02 4.28944215e-04 2.52242535e-02 -2.78783380e-03
-2.89935246e-02 -9.64865163e-02 -4.36626934e-02 2.32102387e-02 2.99125090e-02 -5.25601692e-02 1.00293808e-01 -2.13136509e-01 2.54475567e-02 -7.51848146e-02 5.12512289e-02 5.69607094e-02 5.65071255e-02 -9.34472540e-04 -5.49392514e-02 6.07171003e-03
3.75385513e-03 9.61038936e-03 4.35331371e-03 -2.34032748e-03 -2.92386580e-03 5.08159818e-03 -9.73629300e-03 2.06712894e-02 -2.46609957e-03 7.25441985e-03 -4.93442966e-03 -5.48749976e-03 -5.44237858e-03 9.02989996e-05 5.28354803e-03 -5.83147106e-04
-2.10035294e-02 -8.25681314e-02 -3.70898917e-02 2.03033853e-02 2.56649200e-02 -4.54153344e-02 8.69242921e-02 -1.85015291e-01 2.20950320e-02 -6.52907118e-02 4.45096046e-02 4.94712219e-02 4.90742736e-02 -8.11569800e-04 -4.77119014e-02 5.27290767e-03
-1.05070006e-02 -1.83883812e-02 -8.52906052e-03 4.52854112e-03 5.33739338e-03 -9.28442925e-03 1.78517252e-02 -3.78143638e-02 4.52053314e-03 -1.33100944e-02 9.06959176e-03 1.00766839e-02 9.99332126e-03 -1.65435398e-04 -9.71119199e-03 1.07281329e-03
-8.92411359e-03 -2.27262303e-02 -9.95305553e-03 5.31981699e-03 6.53004320e-03 -1.14578512e-02 2.18686685e-02 -4.64079194e-02 5.55388071e-03 -1.63865276e-02 1.11668827e-02 1.24100363e-02 1.23091163e-02 -2.03622054e-04 -1.19654285e-02 1.32222718e-03
3.82651878e-03 1.70093961e-04 -3.72807845e-04 4.20214550e-04 9.55608499e-04 -1.78264140e-03 3.48358089e-03 -7.47059379e-03 9.03572014e-04 -2.68374360e-03 1.83277647e-03 2.03866162e-03 2.02308269e-03 -3.34345023e-05 -1.96792348e-03 2.17534121e-04
-1.80911832e-03 -4.13304614e-03 -1.82270503e-03 1.00775994e-03 1.18909753e-03 -2.08581774e-03 3.97196272e-03 -8.40308610e-03 1.00357609e-03 -2.96093524e-03 2.01601908e-03 2.24027340e-03 2.22175173e-03 -3.67850407e-05 -2.15900410e-03 2.38502354e-04
-2.12016180e-02 -5.00579029e-02 -2.27377042e-02 1.19972266e-02 1.48350038e-02 -2.62089185e-02 5.01197092e-02 -1.06610931e-01 1.27563737e-02 -3.76408882e-02 2.56504677e-02 2.85061598e-02 2.82733086e-02 -4.67807928e-04 -2.74830796e-02 3.03678843e-03
1.11683682e-02 2.35251058e-02 1.01428116e-02 -5.09069394e-03 -6.55498588e-03 1.14793023e-02 -2.18714345e-02 4.65156250e-02 -5.54600498e-03 1.63779017e-02 -1.11623723e-02 -1.24050975e-02 -1.23051247e-02 2.03510281e-04 1.19627519e-02 -1.32203870e-03
4.68906667e-03 1.57688688e-02 7.38262385e-03 -3.78829241e-03 -4.79110144e-03 8.36812891e-03 -1.60598923e-02 3.41324732e-02 -4.08549607e-03 1.20662740e-02 -8.22682027e-03 -9.14477184e-03 -9.07180365e-03 1.50011067e-04 8.82028043e-03 -9.74807073e-04
-1.11301849e-02 -3.32928114e-02 -1.43242273e-02 7.61981215e-03 9.59245116e-03 -1.68773830e-02 3.24873142e-02 -6.89553469e-02 8.24095402e-03 -2.43216362e-02 1.65816639e-02 1.84326936e-02 1.82847958e-02 -3.02376749e-04 -1.77773722e-02 1.96470530e-03
1.51041185e-03 1.75634958e-03 1.16129057e-03 -5.70731063e-04 -9.71772824e-04 1.81223440e-03 -3.53297172e-03 7.60390703e-03 -9.17756872e-04 2.71678530e-03 -1.85717980e-03 -2.06558709e-03 -2.05032947e-03 3.38739555e-05 1.99446501e-03 -2.20491813e-04
