1.76685229e-02 -1.05227912e-02 1.57609303e-02 -4.47703572e-03 3.31267132e-03 7.40864733e-03 -1.63238477e-02 5.36511391e-02 5.30664390e-03 1.70859788e-02 -2.70147063e-02 -9.11647640e-03 -4.12036106e-03 -1.43438650e-04 2.78959870e-02 2.10324675e-02
8.98950174e-03 -4.88106348e-03 5.52701810e-03 -1.52852607e-03 1.13693019e-03 2.52418988e-03 -5.55092981e-03 1.82648897e-02 1.80455705e-03 5.81921404e-03 -9.19273961e-03 -3.10167205e-03 -1.40238437e-03 -4.88003898e-05 9.49451607e-03 7.15865614e-03
-7.28120701e-03 -7.20050710e-04 4.33918182e-03 -1.30215008e-03 9.52316739e-04 2.14974303e-03 -4.73750336e-03 1.56265032e-02 1.53882790e-03 4.96103009e-03 -7.84003641e-03 -2.64600688e-03 -1.19547022e-03 -4.17031915e-05 8.09368026e-03 6.10163249e-03
-1.68357920e-02 1.12275295e-02 -1.93339512e-02 5.49222762e-03 -4.11189580e-03 -9.49589536e-03 2.06187405e-02 -6.83502257e-02 -6.75237412e-03 -2.18157768e-02 3.45025174e-02 1.16409902e-02 5.26750740e-03 1.82942866e-04 -3.56638692e-02 -2.68929508e-02
-8.01195638e-05 -6.47882419e-03 1.31472806e-02 -3.83994449e-03 2.89932732e-03 6.62049279e-03 -1.43747097e-02 4.78042439e-02 4.71892534e-03 1.52492439e-02 -2.40995903e-02 -8.13318230e-03 -3.68025596e-03 -1.27844934e-04 2.49176640e-02 1.87894385e-02
7.09858863e-03 -2.03945232e-03 -1.09559065e-03 3.02197790e-04 -2.64242815e-04 -6.68220920e-04 1.41230517e-03 -4.72153490e-03 -4.68246988e-04 -1.51447218e-03 2.39648484e-03 8.08654877e-04 3.66186665e-04 1.26943332e-05 -2.47937394e-03 -1.86980504e-03
3.97141138e-03 -5.93113946e-04 -3.68497777e-03 1.00925425e-03 -7.54770008e-04 -1.47278141e-03 3.46727925e-03 -1.11772744e-02 -1.09693559e-03 -3.52508039e-03 5.55489585e-03 1.87592302e-03 8.38415639e-04 3.05467729e-05 -5.68893272e-03 -4.27572010e-03
-6.55406993e-03 3.44023900e-03 -3.62504018e-03 1.12272811e-03 -7.89223355e-04 -1.73150224e-03 3.82878515e-03 -1.25894481e-02 -1.24424137e-03 -4.01260098e-03 6.33976888e-03 2.13969918e-03 9.66301654e-04 3.37505844e-05 -6.54247683e-03 -4.93177213e-03
3.98083255e-02 -2.23944224e-02 1.45814233e-02 -4.03428078e-03 2.65559205e-03 5.71617996e-03 -1.28731085e-02 4.20963950e-02 4.16631252e-03 1.34008992e-02 -2.11744476e-02 -7.13686505e-03 -3.21660610e-03 -1.13020265e-04 2.17750799e-02 1.64104309e-02
-9.13613196e-03 9.72498395e-03 -1.62606928e-02 4.39553335e-03 -3.44981952e-03 -7.71588087e-03 1.69641338e-02 -5.62048405e-02 -5.50356694e-03 -1.77610312e-02 2.80893389e-02 9.47969127e-03 4.28775465e-03 1.49028594e-04 -2.90296767e-02 -2.18891986e-02
1.12969633e-02 -8.14234558e-03 8.74570385e-03 -2.55494588e-03 1.87992852e-03 4.05408628e-03 -8.95403046e-03 2.95722131e-02 2.90421955e-03 9.37740505e-03 -1.48185268e-02 -4.99959849e-03 -2.26004864e-03 -7.86914752e-05 1.53007144e-02 1.15361232e-02
1.90697201e-02 -1.06913215e-02 1.58154033e-02 -4.47463710e-03 3.32538853e-03 7.49074947e-03 -1.63826738e-02 5.40933721e-02 5.33929979e-03 1.72284059e-02 -2.72472780e-02 -9.19625908e-03 -4.15818766e-03 -1.44649195e-04 2.81528421e-02 2.12271549e-02
-2.76864506e-03 1.17974239e-03 -1.37545075e-03 3.61898274e-04 -2.72060919e-04 -5.70058764e-04 1.26758288e-03 -4.15633759e-03 -4.10356006e-04 -1.32228096e-03 2.08915491e-03 7.05172250e-04 3.18375038e-04 1.11124027e-05 -2.15539942e-03 -1.62485475e-03
-1.79539919e-02 1.34079885e-02 -1.84807181e-02 5.07438509e-03 -3.86567018e-03 -8.43194593e-03 1.86231919e-02 -6.13661036e-02 -6.04821881e-03 -1.94627102e-02 3.07715237e-02 1.03872111e-02 4.69568232e-03 1.63445409e-04 -3.17913853e-02 -2.39695441e-02
2.87749767e-02 -1.75746717e-02 3.04926801e-02 -8.29216465e-03 6.29013591e-03 1.48415808e-02 -3.21351029e-02 1.06608652e-01 1.05498880e-02 3.40471677e-02 -5.38576506e-02 -1.81748550e-02 -8.22525192e-03 -2.85545917e-04 5.56901284e-02 4.19950522e-02
-6.11284561e-02 5.21717817e-02 -9.37413275e-02 2.60091033e-02 -2.02744920e-02 -4.85223196e-02 1.04402438e-01 -3.47331345e-01 -3.43924351e-02 -1.11147977e-01 1.75826848e-01 5.93340024e-02 2.68558227e-02 9.32142721e-04 -1.81833848e-01 -1.37119889e-01
-1.23384530e-02 5.78095764e-03 -7.43075320e-03 2.26928038e-03 -1.61661662e-03 -3.66041600e-03 8.00170749e-03 -2.65305471e-02 -2.60790065e-03 -8.42364132e-03 1.33212274e-02 4.49510803e-03 2.03405390e-03 7.06318824e-05 -1.37716047e-02 -1.03848185e-02
1.78338513e-02 -1.25506632e-02 1.59805026e-02 -4.64022998e-03 3.45734344e-03 7.63005437e-03 -1.67954434e-02 5.54960258e-02 5.46648586e-03 1.76109113e-02 -2.78366134e-02 -9.39442497e-03 -4.24615946e-03 -1.48045321e-04 2.87485458e-02 2.16738936e-02
8.34472943e-03 -5.29812602e-03 6.62127789e-03 -1.83318194e-03 1.35133159e-03 3.08964867e-03 -6.73293555e-03 2.22492553e-02 2.19777296e-03 7.09742308e-03 -1.12245055e-02 -3.78745515e-03 -1.71395473e-03 -5.95076999e-05 1.16044534e-02 8.75070691e-03
1.78086720e-02 -1.82927717e-02 4.34129015e-02 -1.25159873e-02 9.86394752e-03 2.35790294e-02 -5.06373793e-02 1.68747365e-01 1.67087335e-02 5.40060401e-02 -8.54353309e-02 -2.88302097e-02 -1.30494600e-02 -4.52931010e-04 8.83545801e-02 6.66277185e-02
-1.35084679e-02 6.26462977e-03 -8.92565772e-03 2.48715794e-03 -1.85566465e-03 -4.13711881e-03 9.12442803e-03 -3.01237851e-02 -2.95799063e-03 -9.54502355e-03 1.50922602e-02 5.09280153e-03 2.30258214e-03 8.00901034e-05 -1.55890649e-02 -1.17541123e-02
-5.85141126e-04 6.75967708e-03 -1.72931235e-02 5.02330484e-03 -3.83950048e-03 -9.05533787e-03 1.95475295e-02 -6.49291277e-02 -6.42412342e-03 -2.07577907e-02 3.28359492e-02 1.10805314e-02 5.01468591e-03 1.74100991e-04 -3.39527540e-02 -2.56032068e-02
-2.31295358e-02 1.46397538e-02 -8.19776207e-03 2.43678456e-03 -1.66050578e-03 -3.42104724e-03 7.80798541e-03 -2.53395215e-02 -2.48069549e-03 -7.98999704e-03 1.26159796e-02 4.25879704e-03 1.92053430e-03 6.74147232e-05 -1.30035747e-02 -9.80003551e-03
-2.76332628e-02 1.23436647e-02 -7.14155100e-03 2.33153300e-03 -1.35352684e-03 -2.81267916e-03 6.34590350e-03 -2.08467916e-02 -2.05027172e-03 -6.61065988e-03 1.04380669e-02 3.52284964e-03 1.58697413e-03 5.58300744e-05 -1.07470602e-02 -8.09837505e-03
3.56427627e-03 -1.49033009e-03 -1.80022122e-04 -5.64728252e-05 -7.96494860e-05 -3.16662597e-04 6.21197338e-04 -2.14930717e-03 -2.16474029e-04 -7.02752790e-04 1.11392920e-03 3.76156997e-04 1.70606683e-04 5.90036507e-06 -1.15537376e-03 -8.71441094e-04
9.26379114e-03 -1.35534992e-02 2.63856165e-02 -7.39967450e-03 5.72361751e-03 1.34577686e-02 -2.90390272e-02 9.65633765e-02 9.54542309e-03 3.08437832e-02 -4.87899482e-02 -1.64645929e-02 -7.45174056e-03 -2.58670712e-04 5.04532084e-02 3.80462185e-02
-1.13468235e-02 9.95924696e-03 -1.00256251e-02 2.96856323e-03 -1.94783206e-03 -3.52905621e-03 8.32168665e-03 -2.67901849e-02 -2.62782932e-03 -8.43283627e-03 1.33221895e-02 4.48692683e-03 2.01678323e-03 7.14727430e-05 -1.36569105e-02 -1.02841360e-02
2.60694381e-02 -1.93469748e-02 6.27878960e-03 -1.80190662e-03 9.92191024e-04 1.46637298e-03 -3.80037818e-03 1.20238271e-02 1.17576716e-03 3.76069476e-03 -5.92103507e-03 -1.99141330e-03 -8.90921452e-04 -3.19018109e-05 6.02998352e-03 4.53843269e-03
-2.20795628e-03 -6.26355270e-03 1.10546192e-02 -3.09271109e-03 2.25668238e-03 5.09263994e-03 -1.11878440e-02 3.68776992e-02 3.63497320e-03 1.17243864e-02 -1.85597017e-02 -6.26549451e-03 -2.83041829e-03 -9.84832441e-05 1.91622004e-02 1.44480728e-02
1.65818576e-02 -9.79811419e-03 8.87348689e-03 -2.65604886e-03 1.79665990e-03 3.52919544e-03 -8.03064834e-03 2.63793711e-02 2.57784175e-03 8.29208363e-03 -1.30863488e-02 -4.41800198e-03 -1.98912434e-03 -7.01064419e-05 1.34688905e-02 1.01477755e-02
1.98814794e-02 -1.56238237e-02 1.37864957e-02 -3.90568469e-03 2.82284943e-03 5.93305705e-03 -1.34849614e-02 4.44233492e-02 4.31715883e-03 1.38674388e-02 -2.18507890e-02 -7.38187367e-03 -3.32891149e-03 -1.18036405e-04 2.25571934e-02 1.69893168e-02
7.55126239e-04 -3.95471836e-03 8.08604900e-03 -2.19511590e-03 1.71819667e-03 4.09669988e-03 -8.82082153e-03 2.93790214e-02 2.90600769e-03 9.39174462e-03 -1.48573751e-02 -5.01342583e-03 -2.26912042e-03 -7.87597673e-05 1.53635340e-02 1.15855532e-02
-2.65421020e-03 1.28527014e-02 -2.97821984e-02 8.95317271e-03 -6.65031653e-03 -1.54943867e-02 3.34857814e-02 -1.11368716e-01 -1.10048130e-02 -3.55456397e-02 5.62191270e-02 1.89727917e-02 8.58614221e-03 2.98118684e-04 -5.81332520e-02 -4.38370630e-02
2.26055663e-02 -2.20971368e-02 3.74519750e-02 -1.01998979e-02 7.99923390e-03 1.86217111e-02 -4.03255261e-02 1.33631334e-01 1.32117206e-02 4.26719226e-02 -6.75177723e-02 -2.27785800e-02 -1.03090666e-02 -3.57860874e-04 6.97992742e-02 5.26349209e-02
-2.05821134e-02 4.07522172e-03 -1.99217303e-03 4.65901539e-04 -3.82254220e-04 -7.95467757e-04 1.77388149e-03 -5.76676149e-03 -5.68199961e-04 -1.83427194e-03 2.90209730e-03 9.79004661e-04 4.43124358e-04 1.53804922e-05 -3.00026941e-03 -2.26248591e-03
9.04926471e-03 -8.83047655e-03 1.33018615e-02 -3.79293575e-03 2.89040338e-03 6.64093578e-03 -1.44546051e-02 4.78754826e-02 4.72961739e-03 1.52775589e-02 -2.41548289e-02 -8.15071911e-03 -3.68762831e-03 -1.28118118e-04 2.49668863e-02 1.88263319e-02
-2.11266298e-02 5.27264830e-03 -4.05588839e-03 1.14353863e-03 -8.06805678e-04 -1.84405001e-03 4.00695484e-03 -1.33685200e-02 -1.31259812e-03 -4.23851609e-03 6.70387596e-03 2.26204004e-03 1.02369557e-03 3.55387529e-05 -6.93100598e-03 -5.22655388e-03
-1.41624045e-02 8.35569017e-03 -1.07984198e-02 3.10017704e-03 -2.18350976e-03 -5.05282730e-03 1.10390494e-02 -3.65911983e-02 -3.59651819e-03 -1.16246883e-02 1.83750689e-02 6.20068470e-03 2.80630030e-03 9.74447030e-05 -1.90001894e-02 -1.43276919e-02
1.39234308e-02 -7.75291072e-03 1.21559761e-02 -3.24484613e-03 2.50369590e-03 5.51459799e-03 -1.20061217e-02 3.97147611e-02 3.92557867e-03 1.26732877e-02 -2.00449135e-02 -6.76332461e-03 -3.05998838e-03 -1.06282729e-04 2.07174346e-02 1.56222750e-02
5.45002846e-03 -4.69042081e-03 8.25838372e-03 -2.38111871e-03 1.80932519e-03 4.27113846e-03 -9.20675788e-03 3.05925887e-02 3.02915741e-03 9.78735741e-03 -1.54820383e-02 -5.22442488e-03 -2.36469321e-03 -8.20783898e-05 1.60106681e-02 1.20735345e-02
7.29130488e-03 -4.87368274e-03 6.81533664e-03 -1.97603530e-03 1.46906951e-03 3.13410745e-03 -6.94366684e-03 2.29018666e-02 2.25172448e-03 7.26064900e-03 -1.14772441e-02 -3.87263112e-03 -1.74964045e-03 -6.10099996e-05 1.18452171e-02 8.92997626e-03
-2.06533577e-02 1.72125679e-02 -2.63828766e-02 7.74099398e-03 -5.81212901e-03 -1.26759820e-02 2.79564485e-02 -9.19736251e-02 -9.04969033e-03 -2.91914437e-02 4.61363792e-02 1.55737307e-02 7.04247225e-03 2.44948285e-04 -4.76820655e-02 -3.59520614e-02
2.14538015e-02 -9.77929123e-03 7.59458728e-03 -2.23604357e-03 1.65398419e-03 3.51895136e-03 -7.81683624e-03 2.57488023e-02 2.53168494e-03 8.17520916e-03 -1.29223559e-02 -4.35868464e-03 -1.97066437e-03 -6.85520426e-05 1.33419465e-02 1.00598503e-02
-1.44131985e-02 6.06367318e-03 -1.26352431e-02 3.57128843e-03 -2.71299970e-03 -6.38467446e-03 1.37532633e-02 -4.57845964e-02 -4.52872738e-03 -1.46320956e-02 2.31456850e-02 7.81027833e-03 3.53504089e-03 1.22705242e-04 -2.39346642e-02 -1.80489291e-02
2.24530455e-02 -1.89011805e-02 1.86021868e-02 -5.37632266e-03 3.88130709e-03 8.24357010e-03 -1.84641965e-02 6.12943843e-02 5.98522788e-03 1.91817358e-02 -3.02862562e-02 -1.02452999e-02 -4.61728917e-03 -1.63785240e-04 3.12686637e-02 2.35630628e-02
-2.44660918e-02 1.16003882e-02 -1.53466761e-02 4.26876731e-03 -3.26109724e-03 -7.12703029e-03 1.57879367e-02 -5.21573238e-02 -5.12127671e-03 -1.65163241e-02 2.61075031e-02 8.80495831e-03 3.98155581e-03 1.38586198e-04 -2.69573443e-02 -2.03249678e-02
-7.65947178e-02 6.83585852e-02 -7.05526546e-02 2.04323269e-02 -1.53854117e-02 -3.28625627e-02 7.36711696e-02 -2.41192088e-01 -2.36897673e-02 -7.66081214e-02 1.20708704e-01 4.07165438e-02 1.83975659e-02 6.42405939e-04 -1.24590904e-01 -9.39070284e-02
-1.09566431e-02 8.80411826e-03 -1.93112697e-02 5.72964735e-03 -4.41948650e-03 -1.05152428e-02 2.26044226e-02 -7.53014758e-02 -7.45403627e-03 -2.40920037e-02 3.81099433e-02 1.28603177e-02 5.82094351e-03 2.02041236e-04 -3.94120850e-02 -2.97204107e-02
-2.40081223e-03 -1.58745563e-03 6.13447465e-03 -1.80042197e-03 1.42928434e-03 3.45237087e-03 -7.40556512e-03 2.46859584e-02 2.44485191e-03 7.90204853e-03 -1.25010153e-02 -4.21851687e-03 -1.90945435e-03 -6.62745006e-05 1.29284365e-02 9.74926725e-03
-7.38582574e-03 1.93574931e-04 1.18883550e-02 -3.71180451e-03 2.94153392e-03 7.14646000e-03 -1.53170247e-02 5.10826819e-02 5.06008416e-03 1.63549297e-02 -2.58738175e-02 -8.73123016e-03 -3.95208457e-03 -1.37170966e-04 2.67585814e-02 2.01785117e-02
-1.96976447e-03 2.42347410e-03 -5.50823659e-03 1.56911975e-03 -1.24186417e-03 -2.98230234e-03 6.40534423e-03 -2.13337895e-02 -2.11251527e-03 -6.82753930e-03 1.08010825e-02 3.64485639e-03 1.64979335e-03 5.72620520e-05 -1.11703333e-02 -8.42348952e-03
-9.08748992e-03 9.69927758e-03 -1.04080141e-02 3.06717213e-03 -2.17471644e-03 -4.49618790e-03 1.01664681e-02 -3.32346261e-02 -3.27632856e-03 -1.05421478e-02 1.66539960e-02 5.61844418e-03 2.53370730e-03 8.89042276e-05 -1.71560906e-02 -1.29281534e-02
8.84981453e-03 -5.31370519e-03 7.28460029e-03 -2.05817539e-03 1.49227481e-03 3.42373434e-03 -7.48288119e-03 2.47789137e-02 2.44477112e-03 7.88862165e-03 -1.24767367e-02 -4.20910167e-03 -1.90421846e-03 -6.61565500e-05 1.28923068e-02 9.72147565e-03
2.77733780e-03 -3.26651079e-03 5.04590571e-03 -1.42455671e-03 1.05887419e-03 2.32890598e-03 -5.11460658e-03 1.69071499e-02 1.66473282e-03 5.37261879e-03 -8.49448517e-03 -2.86557758e-03 -1.29556702e-03 -4.50734078e-05 8.77116714e-03 6.61339005e-03
-2.85870656e-02 6.06709719e-03 -6.31673681e-03 2.08829157e-03 -1.42125366e-03 -3.13873915e-03 6.85517630e-03 -2.26952266e-02 -2.23733275e-03 -7.22456072e-03 1.14238448e-02 3.85478977e-03 1.74418220e-03 6.05713940e-05 -1.18092177e-02 -8.90501123e-03
1.24627063e-02 -1.49897914e-02 1.79131422e-02 -5.13023045e-03 3.67909647e-03 7.64019648e-03 -1.73225813e-02 5.73946126e-02 5.57743013e-03 1.79627910e-02 -2.84115523e-02 -9.57492273e-03 -4.31526126e-03 -1.51531131e-04 2.92213112e-02 2.20210478e-02
5.44511387e-03 -3.36074224e-03 6.01894734e-03 -1.79388770e-03 1.31733844e-03 3.05373431e-03 -6.62001362e-03 2.19770260e-02 2.17126776e-03 7.01335073e-03 -1.10908309e-02 -3.74246784e-03 -1.69323944e-03 -5.88171788e-05 1.14640575e-02 8.64459947e-03
-1.02429453e-03 2.14934000e-03 -4.99372510e-03 1.45892275e-03 -1.13579829e-03 -2.67602387e-03 5.76774077e-03 -1.91812161e-02 -1.89782772e-03 -6.13175100e-03 9.69914813e-03 3.27292597e-03 1.48122595e-03 5.14244057e-05 -1.00288820e-02 -7.56261311e-03
-6.63305633e-03 3.70968971e-03 -3.35908541e-03 8.20256188e-04 -6.25891436e-04 -1.37958245e-03 3.03338934e-03 -9.98687092e-03 -9.84463375e-04 -3.17468029e-03 5.02405409e-03 1.69429975e-03 7.66621553e-04 2.66192474e-05 -5.19038597e-03 -3.91395483e-03
1.48923127e-02 -4.16519633e-03 4.29879688e-03 -9.39673162e-04 7.27514969e-04 1.65247335e-03 -3.58745875e-03 1.18813254e-02 1.17501942e-03 3.79690621e-03 -6.00605179e-03 -2.02665525e-03 -9.17259254e-04 -3.18381208e-05 6.21048780e-03 4.68328735e-03
2.00334680e-03 -1.30140595e-03 1.79187034e-03 -4.87344601e-04 3.59927333e-04 7.68929429e-04 -1.71305018e-03 5.62009541e-03 5.52790996e-04 1.78200379e-03 -2.81625637e-03 -9.50076967e-04 -4.29303356e-04 -1.49575089e-05 2.90640700e-03 2.19120528e-03
2.53151190e-02 -2.15508174e-02 2.77139153e-02 -7.29559362e-03 5.74330566e-03 1.30528538e-02 -2.85141580e-02 9.43124890e-02 9.31538269e-03 3.00721042e-02 -4.75738905e-02 -1.60452630e-02 -7.25952350e-03 -2.52110040e-04 4.91489097e-02 3.70621867e-02
4.37208870e-03 -6.44285884e-03 1.27724530e-02 -3.55497282e-03 2.74725864e-03 6.33147871e-03 -1.37815308e-02 4.56722826e-02 4.50945646e-03 1.45578980e-02 -2.30227262e-02 -7.76985008e-03 -3.51449056e-03 -1.22159443e-04 2.37943828e-02 1.79417655e-02
1.91987504e-03 1.53963882e-02 -3.41255143e-02 9.87224746e-03 -7.52035435e-03 -1.75765045e-02 3.81124429e-02 -1.26377285e-01 -1.24784717e-02 -4.03176732e-02 6.37749434e-02 2.15182919e-02 9.73801780e-03 3.38092592e-04 -6.59321621e-02 -4.97183017e-02
1.00898184e-02 -6.30694814e-03 7.25148385e-03 -2.06648442e-03 1.53363089e-03 3.42848385e-03 -7.51259178e-03 2.48126071e-02 2.44904472e-03 7.90783577e-03 -1.25035988e-02 -4.21853596e-03 -1.90805783e-03 -6.63212850e-05 1.29181286e-02 9.74067021e-03
-1.96455177e-02 1.63591579e-02 -2.58387439e-02 7.36873690e-03 -5.64083736e-03 -1.22715971e-02 2.69958433e-02 -8.92478973e-02 -8.77158064e-03 -2.83019673e-02 4.47643995e-02 1.50994072e-02 6.82886224e-03 2.37458575e-04 -4.62308787e-02 -3.48584130e-02
-1.38154300e-03 -9.97870113e-04 3.20749590e-03 -9.14710981e-04 7.05366314e-04 1.65941950e-03 -3.58919776e-03 1.19126309e-02 1.17757579e-03 3.80527345e-03 -6.01910800e-03 -2.03084340e-03 -9.19085986e-04 -3.19085411e-05 6.22278405e-03 4.69248556e-03
-5.95904700e-02 3.43938079e-03 1.90649014e-02 -5.54421172e-03 4.16671066e-03 9.90697276e-03 -2.13610735e-02 7.10354969e-02 7.03066727e-03 2.27194577e-02 -3.59422341e-02 -1.21280970e-02 -5.48866531e-03 -1.90533290e-04 3.71614657e-02 2.80230679e-02
5.41607675e-04 -7.32395274e-04 7.71301333e-04 -2.26789271e-04 1.42106233e-04 1.75364272e-04 -4.96965658e-04 1.51574169e-03 1.43388941e-04 4.55811212e-04 -7.15805334e-04 -2.41903967e-04 -1.06814405e-04 -3.99176770e-06 7.23573321e-04 5.43331844e-04
-1.73960533e-02 8.67176708e-03 -6.53831568e-03 1.73367339e-03 -1.27591204e-03 -2.45311740e-03 5.69053600e-03 -1.82971004e-02 -1.79071398e-03 -5.76527743e-03 9.10308585e-03 3.07147321e-03 1.38281134e-03 4.86284916e-05 -9.36148968e-03 -7.05426233e-03
-2.61683296e-02 2.10264474e-02 -2.39552464e-02 6.17856067e-03 -4.60628606e-03 -1.02871042e-02 2.25812681e-02 -7.45405331e-02 -7.36233639e-03 -2.37459131e-02 3.75345349e-02 1.26689309e-02 5.72679890e-03 1.99317466e-04 -3.87712196e-02 -2.92310212e-02
1.61138829e-02 -6.83248043e-03 7.15102581e-03 -2.04028049e-03 1.53343147e-03 3.42857093e-03 -7.44025595e-03 2.46591195e-02 2.43972684e-03 7.87823088e-03 -1.24571491e-02 -4.20339359e-03 -1.90178317e-03 -6.60568767e-05 1.28759714e-02 9.70928837e-03
-1.33264676e-01 6.87955618e-02 -6.48896471e-02 1.88999437e-02 -1.40331900e-02 -3.15043293e-02 6.93165436e-02 -2.28200346e-01 -2.24945154e-02 -7.26200342e-02 1.14822008e-01 3.87308300e-02 1.75169650e-02 6.09130249e-04 -1.18598148e-01 -8.94255266e-02
-5.27831074e-03 5.29829413e-03 -9.86259338e-03 2.76298728e-03 -2.16898415e-03 -4.98353923e-03 1.08000217e-02 -3.58125791e-02 -3.53754079e-03 -1.14305401e-02 1.80817824e-02 6.10139966e-03 2.76156468e-03 9.58554083e-05 -1.86977386e-02 -1.40998233e-02
-2.14515068e-02 3.03226290e-03 2.97562592e-03 -8.26552860e-04 6.48229674e-04 1.48904801e-03 -3.25363921e-03 1.07340347e-02 1.06129027e-03 3.42101324e-03 -5.40904561e-03 -1.82579609e-03 -8.25043127e-04 -2.87519815e-05 5.58589632e-03 4.21126466e-03
-2.44051088e-02 1.21012200e-02 -8.85741226e-03 2.67509185e-03 -1.88967329e-03 -3.63346003e-03 8.28176644e-03 -2.72341855e-02 -2.66696350e-03 -8.55717529e-03 1.34968758e-02 4.56636772e-03 2.05432321e-03 7.25645586e-05 -1.39114950e-02 -1.04793198e-02
2.00301316e-02 -1.08439755e-02 1.57445483e-02 -4.69009345e-03 3.38353286e-03 7.76780490e-03 -1.68774016e-02 5.60395345e-02 5.53325471e-03 1.78767089e-02 -2.82710325e-02 -9.53789521e-03 -4.31483658e-03 -1.49944593e-04 2.92135365e-02 2.20283512e-02
-1.79017037e-02 1.70678403e-02 -3.24987471e-02 8.91673472e-03 -7.06727430e-03 -1.65820774e-02 3.57174687e-02 -1.18853502e-01 -1.17579158e-02 -3.79957445e-02 6.01065867e-02 2.02822145e-02 9.18002333e-03 3.18645878e-04 -6.21551760e-02 -4.68707383e-02
9.51621588e-03 -8.63440614e-03 1.15597397e-02 -3.24341189e-03 2.38439813e-03 5.27903577e-03 -1.16522005e-02 3.84545028e-02 3.78844026e-03 1.22125894e-02 -1.93014201e-02 -6.51395041e-03 -2.94329086e-03 -1.02592618e-04 1.99263841e-02 1.50227891e-02
2.11366192e-02 -9.99732688e-03 1.67989228e-02 -4.80246684e-03 3.55846831e-03 8.06344673e-03 -1.75572149e-02 5.81469983e-02 5.74981375e-03 1.85570363e-02 -2.93426346e-02 -9.90176946e-03 -4.47805738e-03 -1.55724483e-04 3.03183291e-02 2.28603445e-02
-4.01586713e-03 3.87203181e-03 -5.48065593e-03 1.71340455e-03 -1.22114876e-03 -2.72398139e-03 5.97493537e-03 -1.97364930e-02 -1.94180885e-03 -6.26988988e-03 9.91297513e-03 3.34488810e-03 1.51323958e-03 5.25768010e-05 -1.02453036e-02 -7.72547908e-03
1.44907460e-02 -1.21657681e-02 1.63624622e-02 -4.52264445e-03 3.38420714e-03 7.55092874e-03 -1.66236106e-02 5.47424518e-02 5.39489090e-03 1.74082201e-02 -2.75222566e-02 -9.28713381e-03 -4.20140987e-03 -1.45971018e-04 2.84452811e-02 2.14490443e-02
-4.66181524e-03 -1.57785136e-03 5.68265747e-03 -1.64023926e-03 1.25244725e-03 2.90824566e-03 -6.29330846e-03 2.08807848e-02 2.06784764e-03 6.67683873e-03 -1.05587943e-02 -3.56338802e-03 -1.61226606e-03 -5.59994733e-05 1.09158140e-02 8.23120307e-03
8.32635816e-03 -9.00434330e-03 1.69472843e-02 -4.77724662e-03 3.66510800e-03 8.43830220e-03 -1.82835814e-02 6.06932156e-02 5.99531131e-03 1.93684157e-02 -3.06302086e-02 -1.03358226e-02 -4.67700604e-03 -1.62423239e-04 3.16658430e-02 2.38782912e-02
7.54316989e-03 -5.66418236e-03 1.00309998e-02 -2.91841687e-03 2.26928666e-03 5.43560181e-03 -1.16854012e-02 3.88946049e-02 3.85104027e-03 1.24465264e-02 -1.96899902e-02 -6.64441939e-03 -3.00747249e-03 -1.04385610e-04 2.03628037e-02 1.53554799e-02
-2.75809877e-02 1.66035183e-02 -2.77116820e-02 7.97076058e-03 -6.11583516e-03 -1.44229718e-02 3.10874619e-02 -1.03391878e-01 -1.02344118e-02 -3.30713689e-02 5.23144491e-02 1.76519807e-02 7.98919704e-03 2.77329789e-04 -5.40921800e-02 -4.07903269e-02
-2.88015846e-02 2.53518820e-02 -1.95691977e-02 5.53361326e-03 -4.01345128e-03 -8.35817680e-03 1.87310930e-02 -6.14380576e-02 -6.01317408e-03 -1.94137357e-02 3.07284854e-02 1.03506241e-02 4.67353314e-03 1.63443940e-04 -3.16432863e-02 -2.38507912e-02
9.31190047e-03 1.21004914e-03 -6.09080121e-03 1.84615783e-03 -1.32724515e-03 -2.64263968e-03 6.08087238e-03 -1.98237523e-02 -1.92649709e-03 -6.18319260e-03 9.76052228e-03 3.29694408e-03 1.48510211e-03 5.23286835e-05 -1.00570107e-02 -7.57752871e-03
1.39944451e-02 -1.36327986e-02 1.73229687e-02 -4.82013728e-03 3.57323443e-03 7.92802125e-03 -1.74784567e-02 5.75343296e-02 5.68011031e-03 1.83179695e-02 -2.89812125e-02 -9.77432821e-03 -4.41700220e-03 -1.53891888e-04 2.99034175e-02 2.25451011e-02
3.31794051e-03 1.97167275e-04 -2.96134315e-03 8.41091387e-04 -6.52945193e-04 -1.50265486e-03 3.26816482e-03 -1.08306119e-02 -1.07021828e-03 -3.45446495e-03 5.46383345e-03 1.84345327e-03 8.33528291e-04 2.90014214e-05 -5.64345252e-03 -4.25511273e-03
-3.87705863e-02 2.33178176e-02 -2.42896117e-02 6.70564733e-03 -4.95406473e-03 -1.08961901e-02 2.39493363e-02 -7.90088028e-02 -7.80616282e-03 -2.51837391e-02 3.98256667e-02 1.34374034e-02 6.07719366e-03 2.11308841e-04 -4.11458313e-02 -3.10244933e-02
-9.12977848e-03 8.25105514e-03 -1.37744704e-02 3.88439978e-03 -2.93184677e-03 -6.73566060e-03 1.47041511e-02 -4.86411713e-02 -4.80374182e-03 -1.54997855e-02 2.45179012e-02 8.27291794e-03 3.74068553e-03 1.30101034e-04 -2.53254995e-02 -1.90954916e-02
3.37270349e-02 -2.00152770e-02 3.12942415e-02 -8.25843401e-03 6.35826634e-03 1.44861387e-02 -3.16032730e-02 1.04627967e-01 1.03167836e-02 3.32738496e-02 -5.26320934e-02 -1.77637190e-02 -8.03710520e-03 -2.79143424e-04 5.44146895e-02 4.10323478e-02
7.50434259e-03 -6.25423249e-03 1.06938202e-02 -2.86145415e-03 2.22956226e-03 5.26714046e-03 -1.13602420e-02 3.77507843e-02 3.73519398e-03 1.20706558e-02 -1.90944728e-02 -6.44330680e-03 -2.91620428e-03 -1.01220729e-04 1.97448060e-02 1.48894284e-02
2.12204084e-03 -1.88913802e-03 4.30774037e-03 -1.26613281e-03 9.91795561e-04 2.37487885e-03 -5.10503259e-03 1.70004684e-02 1.68298231e-03 5.43894153e-03 -8.60396959e-03 -2.90339789e-03 -1.31409499e-03 -4.56158523e-05 8.89735017e-03 6.70940010e-03
3.04800160e-02 -2.39841901e-02 2.00537220e-02 -6.36079721e-03 4.07674070e-03 7.21736718e-03 -1.77138727e-02 5.76811358e-02 5.53267077e-03 1.76873729e-02 -2.77984906e-02 -9.40099638e-03 -4.20890888e-03 -1.52946348e-04 2.85626911e-02 2.14632582e-02
-5.84856011e-02 5.72147034e-02 -4.65025418e-02 1.45903062e-02 -9.43172444e-03 -1.85108967e-02 4.26715314e-02 -1.37156099e-01 -1.35058323e-02 -4.33884971e-02 6.86666891e-02 2.32509971e-02 1.04006743e-02 3.74491268e-04 -7.05595389e-02 -5.30986078e-02
-1.81697542e-03 2.02864595e-03 -4.80772648e-03 1.42333098e-03 -1.09612173e-03 -2.59513571e-03 5.58552751e-03 -1.85959749e-02 -1.84050354e-03 -5.94586879e-03 9.40534845e-03 3.17395711e-03 1.43643946e-03 4.98683767e-05 -9.72563215e-03 -7.33395433e-03
4.82186396e-03 1.13761320e-03 -4.57163109e-03 1.33770425e-03 -1.04270934e-03 -2.42778077e-03 5.26122982e-03 -1.75194703e-02 -1.72511092e-03 -5.57493186e-03 8.81692488e-03 2.97502382e-03 1.34617754e-03 4.67532009e-05 -9.11433995e-03 -6.87283371e-03
1.36085623e-03 -2.47767684e-03 4.91578132e-03 -1.37328845e-03 1.04901567e-03 2.46388162e-03 -5.32326102e-03 1.76812373e-02 1.74961158e-03 5.65250544e-03 -8.94167088e-03 -3.01707792e-03 -1.36545161e-03 -4.74012304e-05 9.24499612e-03 6.97153574e-03
-1.33099910e-02 9.33566317e-03 -1.68906655e-02 4.73885704e-03 -3.57440277e-03 -8.41562450e-03 1.81589276e-02 -6.04060739e-02 -5.97408228e-03 -1.92959849e-02 3.05245500e-02 1.02997702e-02 4.66100918e-03 1.61832460e-04 -3.15579176e-02 -2.37971935e-02
2.29796078e-02 -2.09676493e-02 1.70054734e-02 -4.75743553e-03 3.31447716e-03 6.74963137e-03 -1.54822450e-02 5.04296385e-02 4.94664768e-03 1.58810392e-02 -2.51100827e-02 -8.48151650e-03 -3.81474895e-03 -1.34743532e-04 2.58273743e-02 1.94569863e-02
-5.39306132e-03 5.13407774e-03 -9.48440563e-03 2.68609123e-03 -2.04594457e-03 -4.82627982e-03 1.04235876e-02 -3.46485563e-02 -3.42499278e-03 -1.10659646e-02 1.75050627e-02 5.90664195e-03 2.67323805e-03 9.27989895e-05 -1.80995744e-02 -1.36486748e-02
6.07954711e-03 -4.97463113e-03 1.08099533e-02 -3.09550948e-03 2.42727762e-03 5.79764508e-03 -1.24569489e-02 4.14910689e-02 4.10860265e-03 1.32781724e-02 -2.10055243e-02 -7.08830124e-03 -3.20840254e-03 -1.11360248e-04 2.17232574e-02 1.63813867e-02
-6.41131410e-05 -1.74215203e-03 3.39544378e-03 -9.44204337e-04 7.29190884e-04 1.72164291e-03 -3.70783266e-03 1.23366397e-02 1.22176181e-03 3.94871272e-03 -6.24643452e-03 -2.10776110e-03 -9.54017742e-04 -3.31133888e-05 6.45939261e-03 4.87098796e-03
-1.50393723e-02 1.41809620e-02 -2.59857327e-02 7.48437876e-03 -5.72098093e-03 -1.32298712e-02 2.86013167e-02 -9.51291025e-02 -9.41164233e-03 -3.04045584e-02 4.80782241e-02 1.62234008e-02 7.34147942e-03 2.54962710e-04 -4.97067273e-02 -3.74823324e-02
-9.75442119e-03 4.95423656e-03 -8.15320853e-03 2.71999836e-03 -1.68046413e-03 -3.86334397e-03 8.36320873e-03 -2.77908705e-02 -2.74500833e-03 -8.86290800e-03 1.40176034e-02 4.73040715e-03 2.14070990e-03 7.43170458e-05 -1.44939516e-02 -1.09296786e-02
1.58856399e-02 -1.43228658e-02 1.79463178e-02 -5.15072700e-03 3.83513351e-03 8.86835344e-03 -1.92624144e-02 6.36550933e-02 6.29881211e-03 2.03342531e-02 -3.21661048e-02 -1.08540133e-02 -4.91260551e-03 -1.70526371e-04 3.32615413e-02 2.50821952e-02
-1.11083630e-02 5.99198509e-03 -1.16266403e-02 3.45284189e-03 -2.59662373e-03 -6.16111606e-03 1.32403085e-02 -4.40829396e-02 -4.36535757e-03 -1.41077135e-02 2.23181713e-02 7.53120380e-03 3.40881711e-03 1.18318887e-04 -2.30801646e-02 -1.74046047e-02
2.66382587e-04 3.02926265e-03 -7.79117830e-03 2.27440544e-03 -1.74782996e-03 -4.09743516e-03 8.85745417e-03 -2.94490308e-02 -2.90816766e-03 -9.40070301e-03 1.48664601e-02 5.01618022e-03 2.27024499e-03 7.88123361e-05 -1.53709631e-02 -1.15910480e-02
1.58684910e-03 -7.28491461e-03 1.43902171e-02 -3.94761935e-03 2.99387774e-03 6.94538513e-03 -1.51038570e-02 5.00343814e-02 4.94238781e-03 1.59632843e-02 -2.52467375e-02 -8.51890910e-03 -3.85479000e-03 -1.33861831e-04 2.60989573e-02 1.96805038e-02
-1.24780703e-02 8.55570566e-03 -1.05566811e-02 2.97359191e-03 -2.21500220e-03 -4.98313550e-03 1.08341370e-02 -3.58826369e-02 -3.54970060e-03 -1.14586018e-02 1.81188993e-02 6.11385843e-03 2.76569137e-03 9.61172336e-05 -1.87250767e-02 -1.41193820e-02
-1.53272226e-02 9.71095823e-03 -1.31639177e-02 3.64505895e-03 -2.85600894e-03 -6.75677648e-03 1.45482486e-02 -4.84673791e-02 -4.79169516e-03 -1.54854674e-02 2.44972780e-02 8.26640986e-03 3.74155771e-03 1.29869441e-04 -2.53330711e-02 -1.91035010e-02
4.89383843e-03 -5.09900600e-03 1.13656567e-02 -3.48256319e-03 2.57754745e-03 6.09426480e-03 -1.31449038e-02 4.37104367e-02 4.32515470e-03 1.39759751e-02 -2.21026056e-02 -7.45886704e-03 -3.37573979e-03 -1.17196359e-04 2.28561051e-02 1.72354132e-02
1.68388225e-02 -1.86197665e-02 2.71109995e-02 -7.99718685e-03 5.91266900e-03 1.38476631e-02 -3.00509315e-02 9.94667560e-02 9.84223094e-03 3.17901447e-02 -5.02828509e-02 -1.69654749e-02 -7.67729664e-03 -2.66568153e-04 5.19799925e-02 3.91970128e-02
5.27111720e-03 -9.31788236e-03 2.16419399e-02 -6.21096324e-03 4.83992929e-03 1.15684373e-02 -2.48548649e-02 8.27915445e-02 8.19709618e-03 2.64931098e-02 -4.19109911e-02 -1.41430078e-02 -6.40159100e-03 -2.22191491e-04 4.33435179e-02 3.26851159e-02
-1.63873807e-02 2.21101549e-02 -4.40539867e-02 1.25912512e-02 -9.83662531e-03 -2.25822385e-02 4.89340760e-02 -1.62526146e-01 -1.60539951e-02 -5.18715866e-02 8.20484832e-02 2.76840515e-02 1.25293853e-02 4.34967951e-04 -8.48321468e-02 -6.39706776e-02
3.50250956e-03 -2.47361418e-03 3.79762519e-03 -1.10976957e-03 8.37936939e-04 1.69583329e-03 -3.85766360e-03 1.26624871e-02 1.23405806e-03 3.96598876e-03 -6.25066413e-03 -2.11501960e-03 -9.51460563e-04 -3.37599013e-05 6.44157315e-03 4.85181669e-03
8.37535784e-03 -7.43162818e-03 1.01522394e-02 -2.99350731e-03 2.20007193e-03 5.04748709e-03 -1.09644271e-02 3.64099778e-02 3.59119452e-03 1.16021531e-02 -1.83510408e-02 -6.19183900e-03 -2.80186418e-03 -9.72852940e-05 1.89702213e-02 1.43050365e-02
-4.73859400e-04 3.42684472e-03 -7.47205457e-03 2.16300297e-03 -1.60975533e-03 -3.72015592e-03 8.06769729e-03 -2.67645437e-02 -2.64503737e-03 -8.53901077e-03 1.35063091e-02 4.55713831e-03 2.06171675e-03 7.16311479e-05 -1.39588760e-02 -1.05256783e-02
-8.46490636e-03 5.53062838e-03 -7.01277098e-03 2.03954824e-03 -1.52439415e-03 -3.47905583e-03 7.55799375e-03 -2.50621289e-02 -2.47780327e-03 -8.00064765e-03 1.26529904e-02 4.26926417e-03 1.93147920e-03 6.70978698e-05 -1.30770346e-02 -9.86081827e-03
1.61088817e-02 -1.83256585e-02 3.69560495e-02 -1.05172098e-02 8.00621230e-03 1.89500004e-02 -4.08104770e-02 1.35900036e-01 1.34407403e-02 4.34312113e-02 -6.87007979e-02 -2.31823754e-02 -1.04924766e-02 -3.64216772e-04 7.10412562e-02 5.35715409e-02
-8.37760419e-03 5.68457181e-03 -3.73526104e-03 1.18577445e-03 -7.47920945e-04 -1.44089095e-03 3.31779476e-03 -1.07752969e-02 -1.05413876e-03 -3.39808315e-03 5.36190439e-03 1.80908723e-03 8.16234213e-04 2.85567603e-05 -5.52564906e-03 -4.16506641e-03
-3.44633907e-02 2.08485145e-02 -3.04539055e-02 8.64989869e-03 -6.32684818e-03 -1.45385638e-02 3.15794908e-02 -1.04839653e-01 -1.03580598e-02 -3.34385671e-02 5.28776608e-02 1.78412758e-02 8.07020348e-03 2.80474458e-04 -5.46392202e-02 -4.12000120e-02
2.13408824e-02 -1.45350341e-02 2.07265448e-02 -5.66450926e-03 4.44650790e-03 1.01288278e-02 -2.19829530e-02 7.30430707e-02 7.20620947e-03 2.32799165e-02 -3.68204750e-02 -1.24234622e-02 -5.62195107e-03 -1.95196786e-04 3.80638093e-02 2.87031513e-02
-1.14550432e-02 -2.14653090e-03 1.26429209e-02 -3.52892559e-03 2.72476114e-03 6.28550816e-03 -1.35877933e-02 4.51033711e-02 4.46187798e-03 1.44104501e-02 -2.27954648e-02 -7.69214239e-03 -3.48107563e-03 -1.20853656e-04 2.35689785e-02 1.77729633e-02
-1.16360430e-02 1.09675694e-02 -1.37587516e-02 3.90761392e-03 -2.90348637e-03 -6.62985072e-03 1.44593073e-02 -4.78080362e-02 -4.71630879e-03 -1.52192963e-02 2.40729488e-02 8.12380295e-03 3.67581705e-03 1.27644656e-04 -2.48871408e-02 -1.87668130e-02
8.40993226e-03 -7.51538388e-03 1.46156494e-02 -4.35325736e-03 3.39174899e-03 8.06715526e-03 -1.73514541e-02 5.77858686e-02 5.71900792e-03 1.84845291e-02 -2.92389747e-02 -9.86664835e-03 -4.46572853e-03 -1.55012240e-04 3.02362125e-02 2.28008572e-02
