1.59496330e-02 -1.51529368e-02 2.17218343e-02 -7.27706449e-03 -2.06172583e-03 -9.08536167e-05 -1.94031466e-02 4.64582853e-02 1.06271380e-03 1.20995892e-02 -1.62607059e-02 -9.98499617e-03 -3.92024033e-03 -1.80273131e-03 2.35898439e-02 1.53423389e-02
5.69949625e-03 -2.80410750e-03 2.90687429e-03 -8.59926571e-04 -1.94326625e-04 1.41019591e-05 -2.15160265e-03 5.11635793e-03 1.21205027e-04 1.32979092e-03 -1.77460653e-03 -1.08662876e-03 -4.26528946e-04 -1.95961285e-04 2.56510591e-03 1.66806264e-03
-1.67499040e-03 -4.98242211e-03 8.09985213e-03 -2.86897714e-03 -8.15144973e-04 -3.54867225e-05 -7.56320870e-03 1.82062890e-02 4.11019631e-04 4.73012868e-03 -6.35053217e-03 -3.89906904e-03 -1.53107196e-03 -7.03844766e-04 9.21164081e-03 5.99088566e-03
-1.55005231e-02 1.61005780e-02 -2.36314628e-02 7.92684313e-03 2.32132757e-03 1.66910089e-04 2.11586505e-02 -5.08929826e-02 -1.12036860e-03 -1.32608721e-02 1.78339947e-02 1.09672984e-02 4.30806680e-03 1.98244350e-03 -2.59340033e-02 -1.68686453e-02
5.33806859e-03 -1.22078322e-02 1.81744825e-02 -6.32036524e-03 -1.86443387e-03 -7.94740336e-05 -1.69543363e-02 4.09417190e-02 9.01219668e-04 1.06720980e-02 -1.43267699e-02 -8.81790929e-03 -3.46387038e-03 -1.59401877e-03 2.08529104e-02 1.35636535e-02
3.60886264e-03 3.88918212e-04 -2.08595302e-03 7.09797372e-04 1.94035601e-04 -1.76621834e-05 1.89618825e-03 -4.55653947e-03 -1.05446954e-04 -1.17825379e-03 1.57864974e-03 9.66787280e-04 3.79462348e-04 1.74181536e-04 -2.28120363e-03 -1.48334960e-03
1.87970907e-03 1.58928230e-03 -4.38646367e-03 1.33239664e-03 1.90126724e-04 -1.97299974e-04 3.25599848e-03 -7.73061812e-03 -2.18945279e-04 -2.03364296e-03 2.68316153e-03 1.58970605e-03 6.21322950e-04 2.80718581e-04 -3.71995312e-03 -2.41116644e-03
-5.53512387e-03 4.68742894e-03 -6.18407642e-03 2.14499538e-03 5.68303454e-04 -5.58216561e-06 5.53371245e-03 -1.32460594e-02 -3.05361114e-04 -3.46070342e-03 4.63824719e-03 2.84168287e-03 1.11544761e-03 5.12284343e-04 -6.70800498e-03 -4.36194800e-03
2.97529660e-02 -1.70197785e-02 1.56767499e-02 -4.94707143e-03 -1.30627817e-03 9.36473953e-05 -1.25641264e-02 3.00961323e-02 7.14051654e-04 7.88637344e-03 -1.05792219e-02 -6.44911174e-03 -2.53085606e-03 -1.16117194e-03 1.52096292e-02 9.89021268e-03
-1.02906805e-02 1.37117282e-02 -1.99725404e-02 6.44283416e-03 1.82349177e-03 6.03286026e-05 1.75553691e-02 -4.24982496e-02 -9.34119977e-04 -1.08921416e-02 1.46470806e-02 9.00556147e-03 3.53673100e-03 1.62689912e-03 -2.12857518e-02 -1.38444854e-02
9.08183679e-03 -8.61984212e-03 1.07268970e-02 -3.62915266e-03 -9.68446722e-04 -8.71602970e-06 -9.50150099e-03 2.29059886e-02 5.10269892e-04 5.93477301e-03 -7.96429906e-03 -4.88873851e-03 -1.91983185e-03 -8.82724067e-04 1.15512842e-02 7.51277572e-03
1.68825593e-02 -1.46212215e-02 2.06409004e-02 -6.90334663e-03 -1.95528707e-03 -1.31438617e-04 -1.83578879e-02 4.40892726e-02 9.85395163e-04 1.14635713e-02 -1.54163595e-02 -9.47425328e-03 -3.72014614e-03 -1.71087799e-03 2.23876219e-02 1.45607190e-02
-2.68446375e-03 2.36282102e-03 -3.34976288e-03 1.13463658e-03 3.40876228e-04 2.94779402e-05 3.09267128e-03 -7.44155236e-03 -1.65605161e-04 -1.94392051e-03 2.61355238e-03 1.60678814e-03 6.31017087e-04 2.90267955e-04 -3.79790948e-03 -2.47021089e-03
-1.56197678e-02 1.52852936e-02 -2.08039992e-02 6.66855462e-03 1.76303857e-03 -2.75679631e-05 1.76774766e-02 -4.24740128e-02 -9.78119322e-04 -1.09642930e-02 1.47279017e-02 9.04821977e-03 3.55247152e-03 1.63318310e-03 -2.13738512e-02 -1.39004560e-02
2.64051054e-02 -2.58916020e-02 3.85148674e-02 -1.24805756e-02 -3.80701851e-03 -3.19354411e-04 -3.37943174e-02 8.12583193e-02 1.80689443e-03 2.11666469e-02 -2.84854732e-02 -1.75335389e-02 -6.88756956e-03 -3.16991913e-03 4.14661504e-02 2.69719902e-02
-7.25522563e-02 1.04546137e-01 -1.55073628e-01 5.35463393e-02 1.72424205e-02 2.19997927e-03 1.48377389e-01 -3.57591242e-01 -7.81683903e-03 -9.34923962e-02 1.25851899e-01 7.74912611e-02 3.04431245e-02 1.40129607e-02 -1.83299288e-01 -1.19230792e-01
-9.44126584e-03 8.88609607e-03 -1.25329737e-02 4.45354590e-03 1.33808341e-03 1.18521188e-04 1.19587351e-02 -2.88657323e-02 -6.30728493e-04 -7.50083616e-03 1.00917136e-02 6.21134741e-03 2.44003767e-03 1.12301181e-03 -1.46902530e-02 -9.55543015e-03
1.59477200e-02 -1.53783560e-02 2.03502439e-02 -6.85357023e-03 -1.85474835e-03 -3.95142997e-05 -1.80624221e-02 4.35245633e-02 9.94052971e-04 1.12658963e-02 -1.51221287e-02 -9.28199943e-03 -3.64480121e-03 -1.67528330e-03 2.19274145e-02 1.42601877e-02
5.77816926e-03 -4.95653320e-03 6.58842083e-03 -2.22146139e-03 -6.67498272e-04 -6.40632206e-05 -5.99045865e-03 1.44009674e-02 3.16648715e-04 3.75458435e-03 -5.05111273e-03 -3.10863229e-03 -1.22117007e-03 -5.62040310e-04 7.35208532e-03 4.78224922e-03
2.47946959e-02 -3.76307219e-02 5.67936189e-02 -1.99959986e-02 -6.41231285e-03 -7.91753235e-04 -5.54090068e-02 1.33681327e-01 2.91856308e-03 3.49512473e-02 -4.70497645e-02 -2.89692525e-02 -1.13809640e-02 -5.23865968e-03 6.85252994e-02 4.45736982e-02
-1.15240859e-02 9.47379041e-03 -1.36277620e-02 4.58130287e-03 1.34767289e-03 8.44317983e-05 1.23721007e-02 -2.98189297e-02 -6.58375211e-04 -7.73248263e-03 1.03983833e-02 6.39322074e-03 2.51085032e-03 1.15518563e-03 -1.51131349e-02 -9.82998684e-03
-8.96296650e-03 1.89598743e-02 -2.87889391e-02 1.00597506e-02 3.11132241e-03 3.46581539e-04 2.73674391e-02 -6.58895746e-02 -1.44340377e-03 -1.72064826e-02 2.31585409e-02 1.42553551e-02 5.60006406e-03 2.57746712e-03 -3.37160565e-02 -2.19310187e-02
-1.74609032e-02 1.27975121e-02 -1.25064980e-02 4.24852129e-03 1.15660205e-03 2.40399386e-05 1.11673167e-02 -2.67632715e-02 -6.06198213e-04 -6.94432668e-03 9.31695011e-03 5.71379764e-03 2.24306644e-03 1.03058747e-03 -1.34925870e-02 -8.77432339e-03
-1.89230330e-02 9.23518464e-03 -9.37718712e-03 3.29664489e-03 9.18005302e-04 3.04402056e-05 8.40780046e-03 -2.02614814e-02 -4.54312743e-04 -5.29041188e-03 7.10569834e-03 4.36109910e-03 1.71162025e-03 7.87149125e-04 -1.03015965e-02 -6.69919699e-03
3.17102438e-03 -3.32318526e-03 4.58043534e-03 -1.66408776e-03 -5.46391064e-04 -8.36480249e-05 -4.62080631e-03 1.11541199e-02 2.43145580e-04 2.91893072e-03 -3.93039966e-03 -2.42057000e-03 -9.50991700e-04 -4.37762617e-04 5.72615908e-03 3.72472219e-03
1.38172079e-02 -2.27309354e-02 3.36892717e-02 -1.14994952e-02 -3.57612013e-03 -4.21686738e-04 -3.15021947e-02 7.59572908e-02 1.66045339e-03 1.98095590e-02 -2.66618319e-02 -1.64145734e-02 -6.44846633e-03 -2.96805962e-03 3.88247445e-02 2.52541937e-02
-1.17147276e-02 1.28208064e-02 -1.65269319e-02 5.54873096e-03 1.41703838e-03 -3.37333913e-05 1.42115895e-02 -3.40907350e-02 -7.86495395e-04 -8.88705440e-03 1.19386334e-02 7.29572587e-03 2.86416151e-03 1.31507299e-03 -1.72234438e-02 -1.11987563e-02
2.02765092e-02 -1.57679785e-02 1.23258084e-02 -4.13514907e-03 -1.16951740e-03 -5.94990852e-05 -1.07849641e-02 2.59558987e-02 5.81802451e-04 6.78455085e-03 -9.11849272e-03 -5.59611619e-03 -2.19772733e-03 -1.01060350e-03 1.32248504e-02 8.60116072e-03
2.92731682e-03 -1.07912868e-02 1.55658126e-02 -5.14987949e-03 -1.45647535e-03 -6.01248612e-05 -1.36274602e-02 3.27178240e-02 7.30505621e-04 8.48422106e-03 -1.14392824e-02 -7.02326838e-03 -2.75546778e-03 -1.26707670e-03 1.65799540e-02 1.07831527e-02
1.40461568e-02 -1.15145091e-02 1.45668322e-02 -4.91541903e-03 -1.28150568e-03 -5.39504981e-06 -1.26714967e-02 3.06146275e-02 7.01290090e-04 7.94148911e-03 -1.06477030e-02 -6.52152346e-03 -2.55957851e-03 -1.17538311e-03 1.53926238e-02 1.00091388e-02
1.62860118e-02 -1.55366743e-02 1.77618992e-02 -5.82490396e-03 -1.52194756e-03 7.28365849e-05 -1.53398244e-02 3.72812450e-02 8.74411373e-04 9.53406841e-03 -1.27112595e-02 -7.78981904e-03 -3.05906520e-03 -1.40315306e-03 1.84002630e-02 1.19595770e-02
2.79815146e-03 -5.69623709e-03 8.52881651e-03 -2.84620794e-03 -9.05929657e-04 -9.12255055e-05 -7.86494464e-03 1.89816263e-02 4.14622278e-04 4.95317858e-03 -6.66760001e-03 -4.10420541e-03 -1.61231472e-03 -7.42124626e-04 9.70752630e-03 6.31445693e-03
-1.51629848e-02 3.07959020e-02 -4.65587266e-02 1.65644102e-02 4.96695889e-03 4.98385285e-04 4.42346148e-02 -1.06731459e-01 -2.34303926e-03 -2.78138984e-02 3.74203995e-02 2.30373256e-02 9.04999394e-03 4.16514883e-03 -5.44850416e-02 -3.54402885e-02
2.50217672e-02 -3.38761136e-02 4.91587669e-02 -1.63896717e-02 -5.04410453e-03 -6.23741478e-04 -4.51181009e-02 1.08478993e-01 2.38081138e-03 2.82808524e-02 -3.80874276e-02 -2.34330669e-02 -9.20538791e-03 -4.23702551e-03 5.54238148e-02 3.60513628e-02
-1.76192783e-02 1.86303873e-02 -2.80678645e-02 1.00835608e-02 3.29609704e-03 4.58876777e-04 2.81469580e-02 -6.79059997e-02 -1.48275227e-03 -1.77574661e-02 2.39069164e-02 1.47206271e-02 5.78327570e-03 2.66205287e-03 -3.48214693e-02 -2.26503555e-02
9.05938074e-03 -1.18800197e-02 1.63613036e-02 -5.60068898e-03 -1.67597318e-03 -1.09354005e-04 -1.51750455e-02 3.65085863e-02 8.06113938e-04 9.52119287e-03 -1.27971135e-02 -7.87166040e-03 -3.09201214e-03 -1.42274820e-03 1.86126437e-02 1.21064037e-02
-1.32163372e-02 6.55520475e-03 -8.81395675e-03 3.10776918e-03 9.86549305e-04 1.22154714e-04 8.53432808e-03 -2.06254944e-02 -4.50387830e-04 -5.37761441e-03 7.23871822e-03 4.45658248e-03 1.75081182e-03 8.05875403e-04 -1.05414744e-02 -6.85688853e-03
-1.10948849e-02 1.20070837e-02 -1.72698423e-02 6.04168791e-03 1.88892498e-03 2.05976976e-04 1.64528359e-02 -3.97022627e-02 -8.65980925e-04 -1.03438674e-02 1.39133958e-02 8.56611691e-03 3.36534809e-03 1.54897559e-03 -2.02619676e-02 -1.31797446e-02
9.63338278e-03 -6.91853091e-03 9.78816766e-03 -3.07292189e-03 -8.33787431e-04 -5.47801028e-05 -8.14490113e-03 1.95577722e-02 4.34027810e-04 5.09551587e-03 -6.85462868e-03 -4.21480788e-03 -1.65546872e-03 -7.61744624e-04 9.96511802e-03 6.48172898e-03
5.45582734e-03 -7.54715968e-03 1.10791111e-02 -3.88222001e-03 -1.21875980e-03 -1.50984488e-04 -1.06204003e-02 2.55788751e-02 5.60190761e-04 6.68622693e-03 -8.99952464e-03 -5.54108480e-03 -2.17689201e-03 -1.00200938e-03 1.31070148e-02 8.52571335e-03
6.54616812e-03 -6.00340916e-03 8.36518034e-03 -2.76105222e-03 -6.79220888e-04 4.12288937e-05 -7.13035278e-03 1.71661340e-02 3.93026741e-04 4.43320721e-03 -5.94801595e-03 -3.64177418e-03 -1.42952893e-03 -6.56546501e-04 8.59576650e-03 5.58965607e-03
-2.17764191e-02 2.43645702e-02 -3.40275578e-02 1.16239097e-02 3.11565842e-03 1.69567997e-04 3.07134725e-02 -7.36788139e-02 -1.64502894e-03 -1.90730225e-02 2.56059486e-02 1.57491677e-02 6.18448155e-03 2.84492713e-03 -3.72239314e-02 -2.42102947e-02
1.58835612e-02 -8.99160560e-03 9.87218972e-03 -3.30639421e-03 -8.38089501e-04 7.82145653e-05 -8.58733244e-03 2.06220224e-02 4.61647840e-04 5.33896033e-03 -7.16467667e-03 -4.39196080e-03 -1.72428752e-03 -7.92841369e-04 1.03750499e-02 6.74776267e-03
-1.18228700e-02 1.16136037e-02 -1.77922416e-02 6.11925311e-03 1.90186722e-03 2.28360295e-04 1.66612193e-02 -4.02006544e-02 -8.80232779e-04 -1.04936501e-02 1.41236568e-02 8.69490113e-03 3.41588794e-03 1.57227449e-03 -2.05665976e-02 -1.33779133e-02
2.01054513e-02 -2.02292204e-02 2.39391103e-02 -7.96249881e-03 -2.07685539e-03 8.33101512e-05 -2.07426604e-02 5.06245345e-02 1.19667442e-03 1.29264640e-02 -1.73100345e-02 -1.06288716e-02 -4.17063525e-03 -1.91308814e-03 2.50698533e-02 1.63024552e-02
-2.02288553e-02 1.59027297e-02 -2.22966485e-02 7.44971354e-03 2.12289835e-03 1.09025568e-05 2.01185308e-02 -4.85408343e-02 -1.08491688e-03 -1.25627117e-02 1.68764200e-02 1.03603220e-02 4.06908989e-03 1.87165604e-03 -2.44901292e-02 -1.59281157e-02
-6.96366578e-02 7.69223422e-02 -9.31337327e-02 3.15454602e-02 8.53307080e-03 -2.76624807e-04 8.41944888e-02 -2.01744080e-01 -4.55366215e-03 -5.26354574e-02 7.01627582e-02 4.30264547e-02 1.68969985e-02 7.76697788e-03 -1.01685487e-01 -6.61193803e-02
-1.37579236e-02 2.06904169e-02 -3.11131440e-02 1.11571215e-02 3.55898822e-03 4.48514707e-04 3.07305250e-02 -7.41411448e-02 -1.61936681e-03 -1.93811245e-02 2.60873754e-02 1.60628520e-02 6.31053466e-03 2.90473062e-03 -3.79959270e-02 -2.47152206e-02
1.66534213e-03 -6.03299122e-03 9.33160353e-03 -3.36569338e-03 -1.01289526e-03 -8.16604224e-05 -8.92832968e-03 2.15086732e-02 4.71537060e-04 5.62226772e-03 -7.56359566e-03 -4.65608109e-03 -1.82913383e-03 -8.41907400e-04 1.10128857e-02 7.16350833e-03
9.71929170e-03 -2.48708017e-02 3.95063162e-02 -1.39491353e-02 -4.54859529e-03 -6.33038057e-04 -3.88999060e-02 9.38531905e-02 2.04903912e-03 2.45414265e-02 -3.30396257e-02 -2.03442518e-02 -7.99262058e-03 -3.67901823e-03 4.81240749e-02 3.13033126e-02
-1.18402659e-03 1.24866446e-03 -1.67375861e-03 5.18453424e-04 1.59406918e-04 1.76441481e-05 1.42825791e-03 -3.43232136e-03 -7.51461703e-05 -8.95750069e-04 1.20566040e-03 7.42303557e-04 2.91625038e-04 1.34233327e-04 -1.75586925e-03 -1.14213908e-03
-9.00077540e-03 1.08441245e-02 -1.32312775e-02 4.33220202e-03 1.01380656e-03 -1.70554136e-04 1.09278224e-02 -2.61143483e-02 -6.24455279e-04 -6.79287547e-03 9.09566134e-03 5.54649485e-03 2.17634742e-03 9.97951953e-04 -1.30781978e-02 -8.50182120e-03
8.31492431e-03 -8.88326112e-03 1.27618089e-02 -4.39549331e-03 -1.35144056e-03 -1.16508832e-04 -1.19212214e-02 2.87352484e-02 6.33584044e-04 7.48905260e-03 -1.00779347e-02 -6.19961927e-03 -2.43535847e-03 -1.12076942e-03 1.46613242e-02 9.53651499e-03
2.33034138e-03 -2.55185179e-03 3.31733190e-03 -9.89523833e-04 -1.97355053e-04 4.52765744e-05 -2.39214697e-03 5.74790919e-03 1.33291862e-04 1.47449016e-03 -1.97522994e-03 -1.20594027e-03 -4.73163032e-04 -2.17270062e-04 2.84444960e-03 1.84965134e-03
-1.68564841e-02 2.23469594e-03 -2.11719889e-03 7.91841187e-04 1.66519399e-04 -1.06783464e-05 1.81128108e-03 -4.35088854e-03 -9.68074455e-05 -1.12190982e-03 1.50606851e-03 9.25729692e-04 3.63511674e-04 1.67266524e-04 -2.18821806e-03 -1.42328406e-03
1.39317326e-02 -1.70059148e-02 2.18863003e-02 -7.08252098e-03 -1.71901728e-03 3.32622672e-04 -1.81203950e-02 4.42743190e-02 1.02710491e-03 1.12867225e-02 -1.51676871e-02 -9.21675656e-03 -3.61422822e-03 -1.65756431e-03 2.17235535e-02 1.41240479e-02
5.04175946e-03 -4.81280871e-03 6.93400437e-03 -2.40872428e-03 -6.84664526e-04 -4.47946804e-05 -6.29331870e-03 1.51592446e-02 3.35975143e-04 3.94601421e-03 -5.30331535e-03 -3.26056778e-03 -1.28058170e-03 -5.89174626e-04 7.70796183e-03 5.01349801e-03
-3.21283657e-03 6.03912026e-03 -9.07863304e-03 3.17021459e-03 9.59663244e-04 1.11594440e-04 8.61865841e-03 -2.07586270e-02 -4.56594862e-04 -5.41548803e-03 7.28607271e-03 4.48381901e-03 1.76135194e-03 8.10629164e-04 -1.06040742e-02 -6.89749699e-03
-2.18674401e-03 -9.62352438e-04 2.48609111e-03 -1.03423651e-03 -3.66032531e-04 -6.59333673e-05 -2.95303785e-03 7.14753754e-03 1.54769383e-04 1.87704060e-03 -2.52624648e-03 -1.55715109e-03 -6.11811702e-04 -2.81643006e-04 3.68401594e-03 2.39636796e-03
1.52266081e-02 -1.81497317e-02 2.75814068e-02 -9.79352836e-03 -3.19537031e-03 -4.39767929e-04 -2.73091998e-02 6.58861175e-02 1.43869792e-03 1.72294918e-02 -2.31957212e-02 -1.42826755e-02 -5.61120221e-03 -2.58284458e-03 3.37853804e-02 2.19764039e-02
1.90976413e-03 -2.10317876e-03 3.03070759e-03 -1.00337376e-03 -2.87241011e-04 -1.33034227e-05 -2.69162003e-03 6.47017080e-03 1.44529680e-04 1.68322097e-03 -2.26201653e-03 -1.38950848e-03 -5.45687450e-04 -2.50991434e-04 3.28406738e-03 2.13596667e-03
2.25478075e-02 -2.61783786e-02 3.53497639e-02 -1.15299812e-02 -3.48568219e-03 -1.81112962e-04 -3.16982493e-02 7.62275830e-02 1.68598397e-03 1.98626425e-02 -2.67362073e-02 -1.64315887e-02 -6.45431364e-03 -2.97020562e-03 3.88537943e-02 2.52729636e-02
3.09034903e-03 -3.54633015e-03 4.66673169e-03 -1.17499079e-03 -1.96215668e-04 1.39478201e-04 -2.82436376e-03 6.72391756e-03 1.62449185e-04 1.70093332e-03 -2.27209972e-03 -1.38670660e-03 -5.43615199e-04 -2.49210483e-04 3.26438458e-03 2.12225528e-03
-1.49121489e-02 3.63689028e-02 -5.39269596e-02 1.86435245e-02 5.63431997e-03 5.59178414e-04 5.05096018e-02 -1.21546805e-01 -2.66183703e-03 -3.16352509e-02 4.25714627e-02 2.61925180e-02 1.02891074e-02 4.73542186e-03 -6.19447194e-02 -4.02926095e-02
6.07443275e-03 -2.85138423e-03 2.70021800e-03 -7.37553230e-04 -1.02859973e-04 8.31415600e-05 -1.63374923e-03 3.85077903e-03 9.15072160e-05 9.85310879e-04 -1.31514145e-03 -8.01182236e-04 -3.14240635e-04 -1.44214588e-04 1.88823463e-03 1.22775882e-03
-1.82870813e-02 1.85664725e-02 -2.58334801e-02 8.41479190e-03 2.06106808e-03 -8.78424325e-05 2.19036434e-02 -5.27864657e-02 -1.18513603e-03 -1.35623990e-02 1.82346012e-02 1.11758225e-02 4.38937452e-03 2.01760256e-03 -2.64026672e-02 -1.71715822e-02
-1.41313591e-04 -1.33757503e-03 2.17636465e-03 -6.75622607e-04 -1.75067136e-04 1.60635318e-06 -1.74467708e-03 4.17060172e-03 9.24176493e-05 1.07961067e-03 -1.45062339e-03 -8.90229305e-04 -3.49636684e-04 -1.60842945e-04 2.10430147e-03 1.36867829e-03
-2.37212759e-02 -1.33962780e-02 2.41456628e-02 -8.39327741e-03 -2.57549528e-03 -2.26522607e-04 -2.25080419e-02 5.42112030e-02 1.18838227e-03 1.41616492e-02 -1.90644581e-02 -1.17313545e-02 -4.60835826e-03 -2.12092232e-03 2.77439356e-02 1.80465616e-02
5.23062190e-04 -6.66825799e-04 7.70018145e-04 -2.47193268e-04 -4.74678091e-05 6.25490247e-06 -5.90569281e-04 1.41127768e-03 3.34355973e-05 3.64771986e-04 -4.88219259e-04 -2.97373452e-04 -1.16613322e-04 -5.34213214e-05 7.00421806e-04 4.55332105e-04
-1.16061186e-02 4.39696247e-03 -3.61751416e-03 9.88707528e-04 1.65442820e-04 -6.83502585e-05 2.41951784e-03 -5.68958325e-03 -1.38671487e-04 -1.46471197e-03 1.95488660e-03 1.18557387e-03 4.64390905e-04 2.12586383e-04 -2.78733927e-03 -1.81177363e-03
-2.28699148e-02 2.39860117e-02 -3.22188996e-02 9.89447534e-03 2.80290702e-03 7.94952502e-05 2.63640676e-02 -6.33401424e-02 -1.42966572e-03 -1.65005066e-02 2.21575610e-02 1.36118671e-02 5.34528634e-03 2.45743128e-03 -3.21599469e-02 -2.09150258e-02
1.02573344e-02 -4.85521089e-03 5.53643145e-03 -1.82861451e-03 -4.87936573e-04 -2.95975151e-05 -4.75788442e-03 1.14286989e-02 2.55221181e-04 2.98311096e-03 -4.00759932e-03 -2.46377126e-03 -9.67635948e-04 -4.45203506e-04 5.82436007e-03 3.78834456e-03
-1.03158444e-01 7.17335269e-02 -8.54950994e-02 2.93657333e-02 8.43498576e-03 4.26249288e-04 7.86931217e-02 -1.88751131e-01 -4.19751881e-03 -4.90869209e-02 6.59765452e-02 4.05205078e-02 1.59139168e-02 7.32104946e-03 -9.57852826e-02 -6.23008758e-02
-7.17887655e-03 1.07168378e-02 -1.60503611e-02 5.59056737e-03 1.74271432e-03 2.04229989e-04 1.54278288e-02 -3.71643230e-02 -8.11710313e-04 -9.69478302e-03 1.30500356e-02 8.03412776e-03 3.15628503e-03 1.45281130e-03 -1.90038513e-02 -1.23614203e-02
-1.32779228e-02 -5.42584108e-04 3.28857405e-03 -1.01909647e-03 -2.59171822e-04 1.69004161e-05 -2.69025890e-03 6.42617606e-03 1.50794629e-04 1.67048222e-03 -2.24133558e-03 -1.37349719e-03 -5.38961322e-04 -2.47535907e-04 3.24094971e-03 2.10745935e-03
-1.91819947e-02 1.15704788e-02 -1.28274839e-02 4.37893718e-03 1.11723132e-03 -3.47786263e-05 1.13329040e-02 -2.74021029e-02 -6.37079473e-04 -7.09944265e-03 9.50822514e-03 5.83317038e-03 2.28864304e-03 1.05028646e-03 -1.37600219e-02 -8.94604437e-03
1.67737640e-02 -1.34213744e-02 1.82551872e-02 -6.32192241e-03 -1.80091348e-03 -7.44697172e-05 -1.64903291e-02 3.97608988e-02 8.78327875e-04 1.03579462e-02 -1.39264390e-02 -8.55766144e-03 -3.36108776e-03 -1.54635846e-03 2.02308986e-02 1.31587442e-02
-2.25003995e-02 3.32886353e-02 -4.99298796e-02 1.68461129e-02 5.26958844e-03 6.39166334e-04 4.65483293e-02 -1.12241507e-01 -2.45397165e-03 -2.93029826e-02 3.94445360e-02 2.42826156e-02 9.53964796e-03 4.39097127e-03 -5.74372523e-02 -3.73611376e-02
9.35104210e-03 -1.10331327e-02 1.50647061e-02 -4.95061977e-03 -1.36333751e-03 6.82541577e-06 -1.30630750e-02 3.14441249e-02 7.15640897e-04 8.16068333e-03 -1.09518208e-02 -6.71914592e-03 -2.63790204e-03 -1.21235196e-03 1.58680137e-02 1.03196017e-02
1.79132298e-02 -1.43937329e-02 2.11768989e-02 -7.08147138e-03 -1.98738300e-03 -8.88955110e-05 -1.86362527e-02 4.48111035e-02 1.00611080e-03 1.16869519e-02 -1.57046765e-02 -9.64918174e-03 -3.78916319e-03 -1.74274459e-03 2.28033606e-02 1.48311416e-02
-6.22984627e-03 9.02836025e-03 -1.30140902e-02 4.67706658e-03 1.42869074e-03 1.54668291e-04 1.26857162e-02 -3.05775609e-02 -6.70545909e-04 -7.96645414e-03 1.07172215e-02 6.59552962e-03 2.59092613e-03 1.19240372e-03 -1.55983381e-02 -1.01460256e-02
1.30270058e-02 -1.51287196e-02 2.08537094e-02 -6.87725563e-03 -1.96561194e-03 -7.30152242e-05 -1.84277836e-02 4.42182496e-02 9.81251476e-04 1.14824772e-02 -1.54326316e-02 -9.49222501e-03 -3.72841558e-03 -1.71555311e-03 2.24432983e-02 1.45979077e-02
-4.45769448e-03 3.17086745e-03 -4.61838068e-03 1.83629256e-03 7.19403615e-04 1.89630868e-04 5.54150669e-03 -1.34548349e-02 -2.84063135e-04 -3.52259772e-03 4.75379871e-03 2.93133315e-03 1.15209189e-03 5.30678197e-04 -6.94011804e-03 -4.51476220e-03
1.04431584e-02 -1.48012489e-02 2.19616871e-02 -7.44066481e-03 -2.21973076e-03 -2.15730019e-04 -2.01374292e-02 4.85201813e-02 1.06653559e-03 1.26438653e-02 -1.70045607e-02 -1.04630273e-02 -4.11007553e-03 -1.89145328e-03 2.47430913e-02 1.60941891e-02
1.04746502e-03 2.55636126e-03 -4.98211524e-03 1.93165429e-03 6.89502340e-04 1.18388460e-04 5.62319765e-03 -1.36330286e-02 -2.97170831e-04 -3.57147632e-03 4.80978517e-03 2.96223839e-03 1.16381270e-03 5.35722938e-04 -7.00759329e-03 -4.55824891e-03
-2.59382613e-02 2.61402018e-02 -3.71040814e-02 1.28912004e-02 3.99503950e-03 4.17593634e-04 3.51383053e-02 -8.46574008e-02 -1.85656734e-03 -2.21222118e-02 2.97733899e-02 1.83233507e-02 7.19828205e-03 3.31311417e-03 -4.33386117e-02 -2.81902365e-02
-2.41384227e-02 2.42916942e-02 -2.53830925e-02 8.28252826e-03 2.11488013e-03 -4.53225221e-05 2.15116572e-02 -5.17187864e-02 -1.15866633e-03 -1.33770574e-02 1.80177093e-02 1.09995576e-02 4.31871880e-03 1.98389287e-03 -2.59757154e-02 -1.68909431e-02
4.57279524e-03 3.33262188e-03 -5.87255415e-03 1.98298600e-03 3.41060659e-04 -1.52007298e-04 4.73581068e-03 -1.14120003e-02 -2.79940316e-04 -2.87126936e-03 3.82958190e-03 2.33299425e-03 9.14253644e-04 4.18462354e-04 -5.49040595e-03 -3.56831471e-03
1.55712813e-02 -1.77595392e-02 2.31748410e-02 -7.58618489e-03 -2.10348307e-03 -1.32558052e-05 -2.00956631e-02 4.81727161e-02 1.09053252e-03 1.25411488e-02 -1.68795325e-02 -1.03416936e-02 -4.06033313e-03 -1.86636532e-03 2.44262796e-02 1.58857275e-02
1.11610023e-03 1.94829993e-03 -3.52683011e-03 1.13313133e-03 2.98422034e-04 -1.15436451e-05 2.98446603e-03 -7.16826506e-03 -1.64181431e-04 -1.86224573e-03 2.50246166e-03 1.53218629e-03 6.01314707e-04 2.76342384e-04 -3.61719006e-03 -2.35233456e-03
-2.86979787e-02 2.11644154e-02 -2.56325118e-02 8.26403871e-03 2.26303283e-03 -3.07072769e-05 2.16853991e-02 -5.20284623e-02 -1.16379757e-03 -1.35515025e-02 1.82222221e-02 1.11982366e-02 4.39782441e-03 2.02318886e-03 -2.64706388e-02 -1.72168612e-02
-1.06551647e-02 1.35714877e-02 -1.95360482e-02 6.56804582e-03 1.93112786e-03 1.02830745e-04 1.76973827e-02 -4.25561033e-02 -9.53418144e-04 -1.10728201e-02 1.48979910e-02 9.14856233e-03 3.59225762e-03 1.65203807e-03 -2.16168687e-02 -1.40594607e-02
3.02066300e-02 -2.72538159e-02 3.96980643e-02 -1.27504766e-02 -3.76118277e-03 -2.88388779e-04 -3.46421897e-02 8.34352076e-02 1.85190397e-03 2.16233861e-02 -2.90979445e-02 -1.79084465e-02 -7.03409174e-03 -3.23679415e-03 4.23430167e-02 2.75418703e-02
5.27110603e-03 -5.57665201e-03 7.81774335e-03 -2.47214898e-03 -7.61867035e-04 -8.16187821e-05 -6.76403521e-03 1.62756406e-02 3.56230390e-04 4.24809940e-03 -5.71740279e-03 -3.51928407e-03 -1.38246338e-03 -6.36333367e-04 8.32371693e-03 5.41431969e-03
1.75374316e-03 -1.84353685e-03 2.64682923e-03 -8.55070655e-04 -2.11449384e-04 5.18546221e-06 -2.15254724e-03 5.15627768e-03 1.15489820e-04 1.33628829e-03 -1.79455592e-03 -1.10200990e-03 -4.32734960e-04 -1.99044662e-04 2.60419701e-03 1.69379474e-03
2.60374323e-02 -2.23819576e-02 2.46449914e-02 -8.16505589e-03 -1.57583202e-03 5.94217679e-04 -1.94956269e-02 4.75323200e-02 1.19030406e-03 1.20488610e-02 -1.59711428e-02 -9.69468057e-03 -3.80273815e-03 -1.73516315e-03 2.28391998e-02 1.48255341e-02
-5.36588579e-02 5.53972572e-02 -5.71325570e-02 1.89918205e-02 3.86118586e-03 -4.02094738e-04 4.52160276e-02 -1.06896952e-01 -2.61500990e-03 -2.78450754e-02 3.74566801e-02 2.27617547e-02 8.88396427e-03 4.06620605e-03 -5.34555614e-02 -3.47253568e-02
-2.33295700e-03 3.46822478e-03 -4.97669308e-03 1.75843237e-03 5.22307470e-04 5.44431859e-05 4.69089299e-03 -1.13126496e-02 -2.49704841e-04 -2.95059336e-03 3.96969216e-03 2.44322699e-03 9.59720579e-04 4.41675744e-04 -5.77772781e-03 -3.75815015e-03
2.29058787e-05 5.18169953e-03 -8.00385326e-03 2.81737256e-03 8.53789737e-04 6.63880128e-05 7.70003349e-03 -1.86457820e-02 -4.06774168e-04 -4.83267382e-03 6.49941526e-03 3.99801042e-03 1.57046155e-03 7.22691766e-04 -9.45406128e-03 -6.14938699e-03
2.31815758e-03 -3.89843900e-03 5.86643955e-03 -1.99433183e-03 -6.16415520e-04 -6.09956041e-05 -5.43562090e-03 1.30875716e-02 2.87312520e-04 3.41773522e-03 -4.60017286e-03 -2.83097802e-03 -1.11211359e-03 -5.11865015e-04 6.69567939e-03 4.35530022e-03
-1.40789570e-02 1.69438142e-02 -2.52445135e-02 8.58914386e-03 2.65440508e-03 3.00792948e-04 2.33090054e-02 -5.62259331e-02 -1.23609579e-03 -1.46694789e-02 1.97452512e-02 1.21504562e-02 4.77297511e-03 2.19671545e-03 -2.87356600e-02 -1.86913610e-02
1.96097847e-02 -2.00520903e-02 2.21105553e-02 -6.91445172e-03 -1.67068769e-03 2.21788127e-04 -1.76635161e-02 4.23463359e-02 1.01425976e-03 1.09369764e-02 -1.46869300e-02 -8.95172171e-03 -3.51028889e-03 -1.60737801e-03 2.10754052e-02 1.37008466e-02
-6.04302529e-03 8.21885187e-03 -1.20082954e-02 4.11351211e-03 1.27288105e-03 1.35543960e-04 1.12008024e-02 -2.70008035e-02 -5.91530988e-04 -7.03916280e-03 9.47416108e-03 5.83065534e-03 2.29050848e-03 1.05423189e-03 -1.37903644e-02 -8.97013582e-03
5.88920433e-03 -7.95060024e-03 1.19260931e-02 -4.11800994e-03 -1.29962433e-03 -1.54695823e-04 -1.13338651e-02 2.73212846e-02 5.97825216e-04 7.14111282e-03 -9.61245038e-03 -5.91824390e-03 -2.32507731e-03 -1.07022142e-03 1.39992647e-02 9.10610054e-03
-3.16695659e-03 6.08065352e-03 -9.61328391e-03 3.50914244e-03 1.16068556e-03 1.73594846e-04 9.83810611e-03 -2.37475634e-02 -5.18293993e-04 -6.21049898e-03 8.36159475e-03 5.14895050e-03 2.02287408e-03 9.31136601e-04 -1.21798944e-02 -7.92267174e-03
-1.54646672e-02 1.96419265e-02 -2.86178887e-02 9.62186884e-03 2.73206201e-03 6.88876607e-05 2.54633520e-02 -6.13797195e-02 -1.36295275e-03 -1.60188079e-02 2.15157978e-02 1.32334381e-02 5.19797066e-03 2.39186152e-03 -3.12910974e-02 -2.03528367e-02
-6.16986584e-03 4.31685802e-03 -6.16493262e-03 2.26324447e-03 6.22457417e-04 6.86436251e-05 5.56849502e-03 -1.34340404e-02 -2.95422447e-04 -3.50009114e-03 4.70940024e-03 2.89903511e-03 1.13881705e-03 5.24156902e-04 -6.85646478e-03 -4.45988309e-03
1.30066369e-02 -1.51773850e-02 1.96283329e-02 -6.67461706e-03 -1.96532672e-03 -2.08600250e-04 -1.78599730e-02 4.27962914e-02 9.45758016e-04 1.11581478e-02 -1.50177069e-02 -9.24423523e-03 -3.63169005e-03 -1.67154800e-03 2.18653008e-02 1.42226247e-02
-9.29356366e-03 1.02357389e-02 -1.51974736e-02 5.38443215e-03 1.66410988e-03 2.21893672e-04 1.45311505e-02 -3.50277461e-02 -7.66030978e-04 -9.15769022e-03 1.23282960e-02 7.59027246e-03 2.98193586e-03 1.37256400e-03 -1.79541390e-02 -1.16786240e-02
-3.15774232e-03 7.37245660e-03 -1.11210262e-02 3.86326085e-03 1.14932796e-03 8.73109166e-05 1.04072895e-02 -2.51021758e-02 -5.48322161e-04 -6.53125905e-03 8.77783913e-03 5.40012820e-03 2.12138239e-03 9.76310344e-04 -1.27712879e-02 -8.30722041e-03
6.00029808e-03 -1.25948777e-02 1.88546795e-02 -6.17368985e-03 -1.83662807e-03 -1.04641033e-04 -1.66522525e-02 4.00319472e-02 8.82810738e-04 1.04212957e-02 -1.40156336e-02 -8.62161163e-03 -3.38658784e-03 -1.55844865e-03 2.03870386e-02 1.32607426e-02
-1.12570785e-02 1.20600648e-02 -1.66125055e-02 5.59094828e-03 1.63629837e-03 1.48932071e-04 1.49567472e-02 -3.59897166e-02 -7.97818240e-04 -9.39895958e-03 1.26396436e-02 7.77469156e-03 3.05383862e-03 1.40523002e-03 -1.83834713e-02 -1.19573055e-02
-8.57748650e-03 6.27050456e-03 -7.50267645e-03 2.34559714e-03 6.94785733e-04 4.63068791e-05 6.34344760e-03 -1.53341088e-02 -3.34294542e-04 -3.98085313e-03 5.35777770e-03 3.29753174e-03 1.29541743e-03 5.96251339e-04 -7.79947033e-03 -5.07329497e-03
2.95659201e-03 -2.69404077e-03 3.64385778e-03 -1.34230545e-03 -1.93087326e-04 9.99216572e-05 -2.52343062e-03 5.98884001e-03 1.39410389e-04 1.54303177e-03 -2.04940885e-03 -1.25879608e-03 -4.94113308e-04 -2.27140714e-04 2.97256280e-03 1.93315139e-03
1.77116841e-02 -2.51598898e-02 3.40559706e-02 -1.19062923e-02 -3.59278917e-03 -3.18527746e-04 -3.19533944e-02 7.67066032e-02 1.69194152e-03 2.00304780e-02 -2.69503761e-02 -1.65793058e-02 -6.51256694e-03 -2.99728359e-03 3.92083004e-02 2.55033262e-02
1.09082013e-02 -1.87804420e-02 2.83696819e-02 -9.87991877e-03 -3.13868676e-03 -3.93909286e-04 -2.71896478e-02 6.55704066e-02 1.43215444e-03 1.71380956e-02 -2.30702516e-02 -1.42051084e-02 -5.58069628e-03 -2.56878673e-03 3.36015187e-02 2.18567979e-02
-2.34792009e-02 3.56812663e-02 -5.27983271e-02 1.79987364e-02 5.26224170e-03 2.94002413e-04 4.87622246e-02 -1.17468469e-01 -2.57402961e-03 -3.05613726e-02 4.11177054e-02 2.52981707e-02 9.93817206e-03 4.57397848e-03 -5.98328263e-02 -3.89187932e-02
3.06566618e-03 -2.50729569e-03 3.33627220e-03 -1.06168399e-03 -1.83505705e-04 7.70080078e-05 -2.62672617e-03 6.38082949e-03 1.62242010e-04 1.61627226e-03 -2.13634875e-03 -1.30028778e-03 -5.09963196e-04 -2.32085746e-04 3.05160973e-03 1.98258786e-03
6.34152535e-03 -7.09612528e-03 9.28474125e-03 -3.18472227e-03 -9.02638887e-04 -4.62298412e-05 -8.34085792e-03 2.01171953e-02 4.40875359e-04 5.22321416e-03 -7.02661928e-03 -4.32213210e-03 -1.69771374e-03 -7.81313865e-04 1.02206096e-02 6.64805342e-03
-3.64412414e-03 7.61633366e-03 -1.17293783e-02 4.01282404e-03 1.17709814e-03 1.16357958e-04 1.06861126e-02 -2.57354975e-02 -5.70748991e-04 -6.70390017e-03 9.01928637e-03 5.54572465e-03 2.17826013e-03 1.00227399e-03 -1.31121529e-02 -8.52861162e-03
-6.44176640e-03 5.22943772e-03 -6.61303848e-03 2.19426118e-03 5.81920554e-04 9.38940502e-07 5.66433510e-03 -1.36057995e-02 -3.05437687e-04 -3.54064000e-03 4.75752586e-03 2.92204600e-03 1.14746892e-03 5.27831435e-04 -6.90587051e-03 -4.49167006e-03
2.10071728e-02 -3.20846327e-02 4.82172817e-02 -1.65575705e-02 -5.13830129e-03 -5.87975432e-04 -4.49898690e-02 1.08584478e-01 2.37671053e-03 2.83316728e-02 -3.81287523e-02 -2.34711338e-02 -9.22073051e-03 -4.24407329e-03 5.55161163e-02 3.61113772e-02
-6.33401191e-03 4.92521096e-03 -5.13716415e-03 1.77255657e-03 4.60842217e-04 -1.19029573e-06 4.48739948e-03 -1.07747605e-02 -2.40805894e-04 -2.80259876e-03 3.76135367e-03 2.30986206e-03 9.07046313e-04 4.17125790e-04 -5.45819988e-03 -3.54998489e-03
-3.07742767e-02 3.02805249e-02 -4.32315283e-02 1.46459974e-02 4.35294304e-03 3.54488759e-04 3.91111374e-02 -9.43225920e-02 -2.09214306e-03 -2.45939158e-02 3.30726318e-02 2.03342736e-02 7.98643194e-03 3.67471413e-03 -4.80746813e-02 -3.12693380e-02
1.83465816e-02 -1.88008826e-02 2.58987546e-02 -8.63737799e-03 -2.58287252e-03 -1.84613993e-04 -2.35855076e-02 5.69185540e-02 1.24786864e-03 1.48069449e-02 -1.99208427e-02 -1.22561520e-02 -4.81446786e-03 -2.21576449e-03 2.89848596e-02 1.88534483e-02
-4.67735948e-03 -2.29130266e-03 4.95965546e-03 -1.25813391e-03 -1.92000836e-04 3.67572429e-05 -2.84103258e-03 6.74367137e-03 1.55197995e-04 1.73559343e-03 -2.33199284e-03 -1.43106026e-03 -5.61825524e-04 -2.58375832e-04 3.38049931e-03 2.19867239e-03
-1.21187856e-02 1.63540877e-02 -2.23919079e-02 7.74562964e-03 2.36184755e-03 2.62855203e-04 2.10601222e-02 -5.07086329e-02 -1.11600570e-03 -1.32017350e-02 1.77675020e-02 1.09360535e-02 4.29587904e-03 1.97712565e-03 -2.58630738e-02 -1.68229397e-02
1.26732998e-02 -1.88486855e-02 2.70073097e-02 -9.66712367e-03 -2.85953400e-03 -2.39147863e-04 -2.59626992e-02 6.25756234e-02 1.37034629e-03 1.63195692e-02 -2.19419543e-02 -1.35026928e-02 -5.30404504e-03 -2.44117389e-03 3.19333896e-02 2.07713787e-02
