1.37445275e-02 6.92796253e-04 1.15866018e-02 -8.77689850e-03 -2.92493007e-03 2.63875676e-03 -2.43720356e-02 5.37280589e-02 -1.23523280e-03 1.21483905e-02 -2.07724813e-02 -9.91269667e-03 -1.18478248e-02 -2.29980866e-03 2.11359281e-02 7.21911807e-03
6.53812755e-03 5.62093977e-04 6.07442623e-03 -4.91942652e-03 -1.66715204e-03 1.47630612e-03 -1.39055951e-02 3.08184698e-02 -7.13941816e-04 6.99095801e-03 -1.19538745e-02 -5.70718618e-03 -6.82718307e-03 -1.32572069e-03 1.21835377e-02 4.16160794e-03
5.26313763e-03 2.30748381e-04 5.02561359e-03 -4.09398414e-03 -1.33018987e-03 1.21194206e-03 -1.11003760e-02 2.45969333e-02 -5.61364286e-04 5.53700887e-03 -9.45274718e-03 -4.50982852e-03 -5.38926059e-03 -1.04568363e-03 9.61060822e-03 3.28245573e-03
-1.58322938e-02 -9.63266706e-04 -1.34437345e-02 1.05825625e-02 3.55112902e-03 -3.16446787e-03 2.95819733e-02 -6.56311437e-02 1.52272300e-03 -1.48696732e-02 2.54565701e-02 1.21543780e-02 1.45428237e-02 2.82438681e-03 -2.59561315e-02 -8.86623748e-03
4.24541254e-03 1.65700010e-04 3.31571302e-03 -2.66761985e-03 -8.93019896e-04 8.15324485e-04 -7.37755094e-03 1.64277907e-02 -3.79852107e-04 3.71740945e-03 -6.35062531e-03 -3.03354184e-03 -3.62947420e-03 -7.04876380e-04 6.47776620e-03 2.21268530e-03
-7.04121310e-04 -3.34656106e-05 -1.08855986e-03 8.33215483e-04 2.74356164e-04 -2.56450876e-04 2.29116366e-03 -5.06922463e-03 1.15244016e-04 -1.13912264e-03 1.94360339e-03 9.27230052e-04 1.10762136e-03 2.14853906e-04 -1.97471585e-03 -6.74444367e-04
-1.69011508e-03 4.81920346e-04 -2.29911879e-03 1.30523928e-03 4.14766691e-04 -4.22415469e-04 3.36413737e-03 -7.33961118e-03 1.55474583e-04 -1.65842671e-03 2.78709014e-03 1.31676171e-03 1.55856030e-03 3.00386397e-04 -2.76992330e-03 -9.44748521e-04
-4.83871717e-03 -1.59392104e-04 -4.21176059e-03 3.32392869e-03 1.08776125e-03 -9.92949703e-04 9.02984291e-03 -1.99205820e-02 4.57140210e-04 -4.51647444e-03 7.70554319e-03 3.67518514e-03 4.39042132e-03 8.51727265e-04 -7.82862958e-03 -2.67371070e-03
1.29720010e-02 -4.21520497e-04 7.24225957e-03 -5.60256420e-03 -1.86660199e-03 1.69996230e-03 -1.56276356e-02 3.46388668e-02 -7.99798698e-04 7.87215494e-03 -1.34597830e-02 -6.41594594e-03 -7.66908657e-03 -1.48830411e-03 1.36780925e-02 4.67204349e-03
-1.06463833e-02 -4.68471844e-04 -9.41319484e-03 6.96409773e-03 2.38047633e-03 -2.13652919e-03 1.97959207e-02 -4.41300161e-02 1.00655993e-03 -9.84766148e-03 1.68553200e-02 8.04882683e-03 9.62663256e-03 1.86915230e-03 -1.71778575e-02 -5.86748542e-03
8.11623223e-03 2.13571941e-04 6.89871470e-03 -5.45770535e-03 -1.82806607e-03 1.64442346e-03 -1.51202464e-02 3.35961729e-02 -7.72183877e-04 7.57456105e-03 -1.29462220e-02 -6.17814483e-03 -7.38845067e-03 -1.43433444e-03 1.31818336e-02 4.50253114e-03
1.48483831e-02 7.03987782e-04 1.17189242e-02 -9.08870436e-03 -3.04579618e-03 2.70466018e-03 -2.53233332e-02 5.60809113e-02 -1.29544956e-03 1.26790563e-02 -2.17022486e-02 -1.03630004e-02 -1.23918233e-02 -2.40595359e-03 2.21113097e-02 7.55259208e-03
-2.02932116e-03 -1.74087400e-05 -1.51132606e-03 1.06172869e-03 3.57568642e-04 -3.23322689e-04 2.94361659e-03 -6.50355965e-03 1.49617626e-04 -1.47290644e-03 2.51603103e-03 1.20065955e-03 1.43463304e-03 2.78424675e-04 -2.55882926e-03 -8.73970508e-04
-1.48542579e-02 -3.92735354e-04 -1.26415566e-02 9.22623370e-03 3.11128213e-03 -2.81442609e-03 2.57373340e-02 -5.70040122e-02 1.30458025e-03 -1.28128882e-02 2.19135024e-02 1.04645323e-02 1.25108138e-02 2.42863293e-03 -2.23199949e-02 -7.62355607e-03
1.87698547e-02 1.11497939e-03 1.55769503e-02 -1.17913727e-02 -3.97737371e-03 3.54772666e-03 -3.33332755e-02 7.39401132e-02 -1.71690795e-03 1.67522263e-02 -2.86963135e-02 -1.37076601e-02 -1.64026953e-02 -3.18583823e-03 2.92779580e-02 1.00010475e-02
-7.10115135e-02 -5.80051588e-03 -6.43117204e-02 5.44655062e-02 1.86805762e-02 -1.64428819e-02 1.56705961e-01 -3.48426789e-01 8.13065842e-03 -7.91944936e-02 1.35690764e-01 6.48226291e-02 7.75784925e-02 1.50690386e-02 -1.38485223e-01 -4.73057888e-02
-6.17821794e-03 -4.13478760e-04 -5.19947615e-03 4.39654198e-03 1.46437553e-03 -1.30960217e-03 1.22072957e-02 -2.71647964e-02 6.27870439e-04 -6.12631859e-03 1.04898261e-02 5.01014479e-03 5.99507382e-03 1.16437825e-03 -1.07006393e-02 -3.65522411e-03
1.29141109e-02 3.06096568e-04 1.00724334e-02 -7.82135595e-03 -2.61420268e-03 2.35022907e-03 -2.16631573e-02 4.80994657e-02 -1.10047206e-03 1.08245062e-02 -1.84977874e-02 -8.82818457e-03 -1.05544599e-02 -2.04862421e-03 1.88271105e-02 6.43045502e-03
1.86965812e-03 9.52918635e-05 1.35599123e-03 -1.09665922e-03 -3.70409922e-04 3.27770453e-04 -3.09416861e-03 6.86284620e-03 -1.59547330e-04 1.55608903e-03 -2.66497349e-03 -1.27287651e-03 -1.52320077e-03 -2.95852398e-04 2.71888613e-03 9.28748574e-04
3.45866643e-02 3.24133644e-03 3.05716693e-02 -2.68555395e-02 -9.23700724e-03 8.13248940e-03 -7.72963464e-02 1.72043458e-01 -4.01515095e-03 3.91051210e-02 -6.70037866e-02 -3.20085324e-02 -3.83077897e-02 -7.44100381e-03 6.83832243e-02 2.33593322e-02
-8.48372839e-03 -3.03518027e-04 -6.44702464e-03 4.98514622e-03 1.67926250e-03 -1.50945620e-03 1.40108950e-02 -3.11187729e-02 7.15987058e-04 -7.00709037e-03 1.19910352e-02 5.72466291e-03 6.84649730e-03 1.32939080e-03 -1.22172674e-02 -4.17310605e-03
-2.18722653e-02 -1.76022376e-03 -2.02933662e-02 1.72466245e-02 5.84382378e-03 -5.15844068e-03 4.88605537e-02 -1.08517237e-01 2.52766022e-03 -2.46367473e-02 4.22054641e-02 2.01602783e-02 2.41251886e-02 4.68587829e-03 -4.30633351e-02 -1.47100631e-02
-9.87317879e-03 4.72719141e-04 -6.76817913e-03 4.99590579e-03 1.63377600e-03 -1.49810303e-03 1.36435824e-02 -3.00340503e-02 6.81415200e-04 -6.74518012e-03 1.15033397e-02 5.48588997e-03 6.55105291e-03 1.27080572e-03 -1.16797807e-02 -3.98899335e-03
-9.34292749e-03 -1.80595118e-04 -6.07268559e-03 5.36308065e-03 1.81739300e-03 -1.61295501e-03 1.52225159e-02 -3.38673741e-02 7.87881261e-04 -7.69348769e-03 1.31727736e-02 6.29060669e-03 7.52464589e-03 1.46145874e-03 -1.34305740e-02 -4.58749756e-03
2.91127153e-03 1.59194693e-04 2.56226095e-03 -2.35864124e-03 -8.13797698e-04 7.12365319e-04 -6.83833798e-03 1.52264489e-02 -3.55658471e-04 3.46274534e-03 -5.93399722e-03 -2.83490773e-03 -3.39293177e-03 -6.59060257e-04 6.05680421e-03 2.06897524e-03
2.04577018e-02 1.62091875e-03 1.89398695e-02 -1.56826209e-02 -5.35366684e-03 4.70840419e-03 -4.47311997e-02 9.94852781e-02 -2.31558527e-03 2.25636493e-02 -3.86551619e-02 -1.84658170e-02 -2.20985860e-02 -4.29232605e-03 3.94466370e-02 1.34746889e-02
-1.41577525e-02 6.87774853e-04 -1.12417731e-02 8.05912632e-03 2.62308470e-03 -2.43415171e-03 2.16255821e-02 -4.77206968e-02 1.08529534e-03 -1.07826255e-02 1.84101164e-02 8.75773840e-03 1.04575558e-02 2.02753255e-03 -1.86397620e-02 -6.36516372e-03
1.08390320e-02 -1.15611614e-03 6.46649115e-03 -5.09351585e-03 -1.70390401e-03 1.55474362e-03 -1.41907521e-02 3.14903148e-02 -7.27703911e-04 7.14833941e-03 -1.22226514e-02 -5.82866836e-03 -6.96900208e-03 -1.35266641e-03 1.24319317e-02 4.24620975e-03
1.05710719e-02 1.61724922e-04 9.28371958e-03 -6.82130596e-03 -2.25410378e-03 2.03647534e-03 -1.87911168e-02 4.15523425e-02 -9.55867697e-04 9.35992226e-03 -1.60496738e-02 -7.66207883e-03 -9.14995186e-03 -1.77621178e-03 1.63230784e-02 5.57522476e-03
1.08279604e-02 1.14422292e-05 8.65102001e-03 -6.51137531e-03 -2.14617676e-03 1.95186050e-03 -1.77222602e-02 3.94438356e-02 -8.96657759e-04 8.87641869e-03 -1.51413251e-02 -7.21997349e-03 -8.62144679e-03 -1.67225511e-03 1.53711140e-02 5.24966000e-03
1.10976957e-02 -3.97622702e-04 8.81359633e-03 -6.45730132e-03 -2.14316137e-03 1.97818549e-03 -1.79206077e-02 4.00633365e-02 -8.93161108e-04 8.89955927e-03 -1.51199568e-02 -7.21685681e-03 -8.62199161e-03 -1.67266687e-03 1.53775923e-02 5.25057409e-03
1.29016452e-02 1.29454851e-03 1.26657309e-02 -1.05579169e-02 -3.62572237e-03 3.21064191e-03 -3.03882770e-02 6.76466376e-02 -1.57664705e-03 1.53591549e-02 -2.63165236e-02 -1.25707537e-02 -1.50441164e-02 -2.92216707e-03 2.68548410e-02 9.17346496e-03
-3.57895531e-02 -3.05405841e-03 -3.37979570e-02 2.89939977e-02 9.67957731e-03 -8.57099611e-03 8.05890784e-02 -1.79321438e-01 4.16462403e-03 -4.06188145e-02 6.95594326e-02 3.32300030e-02 3.97642702e-02 7.72316195e-03 -7.09759891e-02 -2.42446456e-02
2.84884870e-02 1.84985984e-03 2.53183115e-02 -2.00468525e-02 -6.87246909e-03 6.01146230e-03 -5.73702343e-02 1.27219722e-01 -2.95824441e-03 2.88368855e-02 -4.94221225e-02 -2.35985685e-02 -2.82397717e-02 -5.48517378e-03 5.04088327e-02 1.72193013e-02
-1.01525187e-02 -8.17012100e-04 -9.07792524e-03 8.29651393e-03 2.86144437e-03 -2.50867917e-03 2.40239594e-02 -5.34763858e-02 1.24846154e-03 -1.21576115e-02 2.08328143e-02 9.95233655e-03 1.19111259e-02 2.31365208e-03 -2.12625973e-02 -7.26318872e-03
1.00444676e-02 5.71099052e-04 8.70179571e-03 -7.13633513e-03 -2.41976161e-03 2.16740300e-03 -2.01761071e-02 4.47690971e-02 -1.03871815e-03 1.01490756e-02 -1.73671506e-02 -8.29356164e-03 -9.92279407e-03 -1.92703318e-03 1.77094582e-02 6.04926050e-03
-4.07318724e-03 -1.15757372e-04 -2.11025868e-03 1.46737031e-03 4.70986532e-04 -4.26502986e-04 3.89002543e-03 -8.73305835e-03 1.99390153e-04 -1.94786652e-03 3.33461910e-03 1.59229455e-03 1.90520752e-03 3.70020542e-04 -3.40048363e-03 -1.16155541e-03
-2.66262284e-03 3.34881770e-06 -1.45320198e-03 9.89130000e-04 3.11371143e-04 -2.87447474e-04 2.60512275e-03 -5.78939077e-03 1.32168949e-04 -1.29364722e-03 2.20920262e-03 1.05515576e-03 1.26267364e-03 2.45220726e-04 -2.25352356e-03 -7.69777980e-04
7.30106514e-03 5.28635224e-04 6.42487872e-03 -4.97804908e-03 -1.69790129e-03 1.49234140e-03 -1.40344445e-02 3.11399903e-02 -7.23770529e-04 7.06307217e-03 -1.20969797e-02 -5.77689847e-03 -6.91217277e-03 -1.34246110e-03 1.23372190e-02 4.21424443e-03
1.86469720e-03 8.60549117e-05 1.17920421e-03 -8.42406822e-04 -2.73888232e-04 2.43171133e-04 -2.26266356e-03 4.99493862e-03 -1.16126044e-04 1.13316672e-03 -1.94015389e-03 -9.26735520e-04 -1.10903289e-03 -2.15410633e-04 1.97962834e-03 6.76225114e-04
5.28050121e-03 1.38061645e-04 4.29122709e-03 -3.10643367e-03 -1.02882297e-03 9.41644248e-04 -8.43021739e-03 1.86862461e-02 -4.24239377e-04 4.19092271e-03 -7.15556927e-03 -3.41127417e-03 -4.07533115e-03 -7.90578837e-04 7.26603437e-03 2.48159771e-03
-2.61326768e-02 -9.86067578e-04 -2.06766296e-02 1.64328739e-02 5.51313208e-03 -4.87916870e-03 4.56303991e-02 -1.00909345e-01 2.31876015e-03 -2.27191299e-02 3.88387814e-02 1.85518898e-02 2.21858397e-02 4.30796994e-03 -3.95913459e-02 -1.35230934e-02
9.37712751e-03 2.54481507e-04 6.88451668e-03 -5.38537512e-03 -1.80474948e-03 1.66268274e-03 -1.48990853e-02 3.30034010e-02 -7.58268172e-04 7.44119845e-03 -1.27199804e-02 -6.06725505e-03 -7.25479471e-03 -1.40854053e-03 1.29446127e-02 4.42153588e-03
-1.23926308e-02 -1.06428633e-03 -1.11135431e-02 9.23502818e-03 3.13533098e-03 -2.75730481e-03 2.61816420e-02 -5.82690574e-02 1.35722931e-03 -1.32254148e-02 2.26575378e-02 1.08230663e-02 1.29527934e-02 2.51592556e-03 -2.31214613e-02 -7.89814070e-03
1.84445791e-02 -3.49561917e-04 1.44820195e-02 -1.08391624e-02 -3.58917238e-03 3.30176833e-03 -2.97709908e-02 6.68463483e-02 -1.49554864e-03 1.48395309e-02 -2.53017601e-02 -1.20983748e-02 -1.44396964e-02 -2.80199363e-03 2.57373210e-02 8.79170001e-03
-1.45880319e-02 -6.23465981e-04 -1.13609806e-02 8.81294906e-03 2.98940623e-03 -2.73054931e-03 2.48434208e-02 -5.52287661e-02 1.26613991e-03 -1.24226091e-02 2.12411787e-02 1.01322429e-02 1.21190296e-02 2.35310826e-03 -2.16254219e-02 -7.38646556e-03
-6.18173964e-02 8.21901020e-04 -4.83634360e-02 3.76601741e-02 1.26607819e-02 -1.16669582e-02 1.05248570e-01 -2.32304022e-01 5.30858710e-03 -5.25686108e-02 8.92892852e-02 4.25761789e-02 5.09024560e-02 9.87969711e-03 -9.08213183e-02 -3.10152061e-02
-1.77890267e-02 -1.72703271e-03 -1.63068473e-02 1.46498876e-02 5.00894617e-03 -4.40781005e-03 4.19259220e-02 -9.33134258e-02 2.17710249e-03 -2.12059598e-02 3.63318957e-02 1.73564386e-02 2.07722075e-02 4.03483771e-03 -3.70803699e-02 -1.26664443e-02
4.95552272e-03 3.78056196e-04 4.08985280e-03 -3.53668071e-03 -1.15056522e-03 1.03688729e-03 -9.57004074e-03 2.12537013e-02 -4.95034095e-04 4.82814992e-03 -8.26665573e-03 -3.94859258e-03 -4.72524203e-03 -9.17805184e-04 8.43465049e-03 2.88121006e-03
1.46549232e-02 1.42273656e-03 1.46401301e-02 -1.30047156e-02 -4.48417524e-03 3.93025624e-03 -3.76291424e-02 8.37588608e-02 -1.95530220e-03 1.90409962e-02 -3.26276347e-02 -1.55870439e-02 -1.86548363e-02 -3.62356915e-03 3.33008133e-02 1.13753788e-02
-8.10042769e-03 -9.04783257e-04 -8.16083979e-03 7.22108735e-03 2.48929369e-03 -2.18283152e-03 2.08826456e-02 -4.64658253e-02 1.08454307e-03 -1.05619403e-02 1.80981532e-02 8.64589214e-03 1.03475349e-02 2.00993312e-03 -1.84714012e-02 -6.30973047e-03
-8.61451775e-03 4.79264592e-04 -7.22761266e-03 5.09954756e-03 1.65853428e-03 -1.57007820e-03 1.36791859e-02 -3.01163346e-02 6.81368867e-04 -6.79481123e-03 1.15783978e-02 5.51145384e-03 6.57789735e-03 1.27499504e-03 -1.17216222e-02 -4.00259811e-03
8.38462263e-03 4.47341677e-04 7.01609300e-03 -5.64485462e-03 -1.89487240e-03 1.70298258e-03 -1.58518348e-02 3.52216996e-02 -8.16280895e-04 7.97220785e-03 -1.36522930e-02 -6.51812553e-03 -7.79885519e-03 -1.51461642e-03 1.39193470e-02 4.75465599e-03
3.85086867e-03 1.40722128e-04 3.53155937e-03 -2.60316092e-03 -8.66624643e-04 7.81749957e-04 -7.14714779e-03 1.58631448e-02 -3.64180101e-04 3.57565447e-03 -6.11389661e-03 -2.91631487e-03 -3.48677929e-03 -6.76872092e-04 6.22052886e-03 2.12471653e-03
2.02439609e-03 4.56034439e-04 3.91279440e-03 -3.52424267e-03 -1.19660178e-03 1.05391815e-03 -9.99706984e-03 2.22374201e-02 -5.17777051e-04 5.04647661e-03 -8.64455476e-03 -4.12933296e-03 -4.94158268e-03 -9.59844387e-04 8.82099196e-03 3.01318429e-03
1.63934007e-02 -2.75283528e-04 1.25305839e-02 -8.87174532e-03 -2.91300844e-03 2.79711746e-03 -2.40993071e-02 5.41121624e-02 -1.20469485e-03 1.19974194e-02 -2.04938147e-02 -9.73666646e-03 -1.16138589e-02 -2.25180550e-03 2.07009986e-02 7.07004452e-03
4.61019622e-03 2.91147677e-04 3.62315774e-03 -2.97670648e-03 -9.85353603e-04 8.77938699e-04 -8.19990784e-03 1.82155520e-02 -4.21823672e-04 4.12385166e-03 -7.05682673e-03 -3.36954021e-03 -4.03086049e-03 -7.82775111e-04 7.19368178e-03 2.45723384e-03
-7.36726401e-03 -5.05597098e-04 -6.82426058e-03 5.68727404e-03 1.92905660e-03 -1.69063604e-03 1.60263758e-02 -3.55882645e-02 8.26653850e-04 -8.06755666e-03 1.38145043e-02 6.59765629e-03 7.89436512e-03 1.53324835e-03 -1.40905967e-02 -4.81318077e-03
-7.46358838e-03 -8.20988964e-04 -7.76068168e-03 6.34768140e-03 2.17598025e-03 -1.91913708e-03 1.81898829e-02 -4.04085219e-02 9.40174970e-04 -9.16404370e-03 1.57044362e-02 7.49951601e-03 8.97472166e-03 1.74320850e-03 -1.60201378e-02 -5.47236670e-03
8.98258761e-03 6.34129625e-04 7.42121460e-03 -6.09038444e-03 -2.09485530e-03 1.84387434e-03 -1.75365433e-02 3.89994830e-02 -9.09960421e-04 8.86282511e-03 -1.51860071e-02 -7.25450739e-03 -8.68215039e-03 -1.68643950e-03 1.54984687e-02 5.29419072e-03
2.20214622e-03 7.54745997e-05 2.10661581e-03 -1.48901937e-03 -4.96945344e-04 4.52704029e-04 -4.11236705e-03 9.09032114e-03 -2.08310768e-04 2.04868009e-03 -3.50079499e-03 -1.66986184e-03 -1.99623429e-03 -3.87479755e-04 3.56105459e-03 1.21630391e-03
2.67822333e-02 1.37715717e-03 2.42627822e-02 -1.89262331e-02 -6.49995031e-03 5.84125705e-03 -5.42009771e-02 1.20248251e-01 -2.79052765e-03 2.72487998e-02 -4.66768704e-02 -2.22779401e-02 -2.66554672e-02 -5.17686037e-03 4.75746654e-02 1.62511542e-02
1.06076952e-02 9.09803726e-04 1.05780382e-02 -8.00982770e-03 -2.71278038e-03 2.45876890e-03 -2.25701910e-02 5.00651523e-02 -1.15483545e-03 1.13064134e-02 -1.93455797e-02 -9.23756417e-03 -1.10471547e-02 -2.14485195e-03 1.97111703e-02 6.73277304e-03
-4.07262370e-02 -2.63949344e-03 -3.59352604e-02 2.98933331e-02 1.01034548e-02 -8.93588830e-03 8.44824463e-02 -1.87496275e-01 4.35078191e-03 -4.24386822e-02 7.26892054e-02 3.47119384e-02 4.15364243e-02 8.06741696e-03 -7.41396099e-02 -2.53254082e-02
2.96484563e-03 1.70045460e-04 2.38566613e-03 -1.47260982e-03 -4.69186401e-04 4.48425330e-04 -3.80673562e-03 8.34452547e-03 -1.89249375e-04 1.87166012e-03 -3.19204107e-03 -1.52090145e-03 -1.81706902e-03 -3.52580362e-04 3.24020768e-03 1.10666256e-03
-1.71835106e-02 -5.65566355e-04 -1.38050709e-02 1.02106808e-02 3.43071972e-03 -3.09167476e-03 2.81239673e-02 -6.24351017e-02 1.42379245e-03 -1.39797516e-02 2.39196438e-02 1.14050107e-02 1.36397928e-02 2.64722831e-03 -2.43289284e-02 -8.30991194e-03
1.65966945e-03 1.04214087e-04 1.52073137e-03 -1.07556465e-03 -3.55842145e-04 3.19499755e-04 -2.95520015e-03 6.52650837e-03 -1.50496329e-04 1.47261284e-03 -2.51982058e-03 -1.20225700e-03 -1.43829372e-03 -2.79301370e-04 2.56680720e-03 8.76771053e-04
1.99336410e-02 1.35344011e-03 1.92310475e-02 -1.61443781e-02 -5.40721091e-03 4.82605677e-03 -4.52775396e-02 1.00612529e-01 -2.34419457e-03 2.28505898e-02 -3.91507037e-02 -1.86984129e-02 -2.23748069e-02 -4.34572436e-03 3.99374887e-02 1.36424433e-02
9.17918165e-04 -1.43445170e-04 6.68824301e-04 -4.79495735e-04 -1.56504888e-04 1.43388213e-04 -1.29488844e-03 2.86041247e-03 -6.47148554e-05 6.43846695e-04 -1.09819369e-03 -5.23265393e-04 -6.24493405e-04 -1.21069170e-04 1.11293269e-03 3.80098383e-04
-3.20380786e-03 2.52716185e-04 -1.00835657e-03 2.10529470e-04 5.13076557e-05 -7.21027609e-05 3.52158735e-04 -6.10584510e-04 6.52104154e-06 -1.12872949e-04 1.72268163e-04 7.63077624e-05 8.40635475e-05 1.55455200e-05 -1.43342462e-04 -4.86410063e-05
-1.92867368e-02 -5.12214610e-05 -1.80685334e-02 1.21157728e-02 4.06703260e-03 -3.67442379e-03 3.37926634e-02 -7.48521537e-02 1.72663666e-03 -1.69429053e-02 2.89648678e-02 1.38290180e-02 1.65353958e-02 3.20944400e-03 -2.94976942e-02 -1.00748893e-02
-3.78495257e-04 -1.50968030e-04 -1.19967095e-03 9.64431150e-04 3.25612316e-04 -2.86573748e-04 2.68825097e-03 -5.96518302e-03 1.38605930e-04 -1.35412405e-03 2.31761276e-03 1.10674417e-03 1.32413290e-03 2.57160253e-04 -2.36329995e-03 -8.07268603e-04
-5.89416921e-02 -9.68096545e-04 -3.89335901e-02 3.16757821e-02 1.06496373e-02 -9.54673998e-03 8.89093205e-02 -1.96667030e-01 4.54171561e-03 -4.44661081e-02 7.60785937e-02 3.63030471e-02 4.34236154e-02 8.43231194e-03 -7.74928182e-02 -2.64699887e-02
-1.32515477e-02 -1.13893638e-03 -1.20211747e-02 1.03333592e-02 3.55182425e-03 -3.12098302e-03 2.96574794e-02 -6.59099743e-02 1.53503753e-03 -1.49542084e-02 2.56218631e-02 1.22392261e-02 1.46476915e-02 2.84517626e-03 -2.61473078e-02 -8.93176440e-03
3.84345325e-03 1.73656561e-04 6.16030023e-03 -4.37308149e-03 -1.47789647e-03 1.34082953e-03 -1.22101335e-02 2.69478839e-02 -6.18204533e-04 6.09250879e-03 -1.04115419e-02 -4.96880431e-03 -5.93616441e-03 -1.15187152e-03 1.05866743e-02 3.61575582e-03
-8.31968896e-03 5.37573011e-04 -3.73825198e-03 2.67863693e-03 8.73991055e-04 -8.13532039e-04 7.11918017e-03 -1.58554055e-02 3.55720316e-04 -3.54929874e-03 6.03868999e-03 2.88494583e-03 3.43953236e-03 6.66610547e-04 -6.12827763e-03 -2.09249882e-03
1.45387929e-02 6.87671069e-04 1.08367596e-02 -8.86103138e-03 -2.93312781e-03 2.64165038e-03 -2.43892614e-02 5.42275831e-02 -1.25648233e-03 1.22833140e-02 -2.10237727e-02 -1.00352261e-02 -1.20048840e-02 -2.33129691e-03 2.14245040e-02 7.31821125e-03
-2.65051462e-02 -2.28155102e-03 -2.52699889e-02 2.04253905e-02 7.03529082e-03 -6.17293827e-03 5.85904382e-02 -1.30310535e-01 3.03535582e-03 -2.95751393e-02 5.06709479e-02 2.42037456e-02 2.89661940e-02 5.62634226e-03 -5.17062880e-02 -1.76625382e-02
9.55726206e-03 2.15610169e-04 8.40602536e-03 -6.25588233e-03 -2.08400446e-03 1.90296490e-03 -1.73226669e-02 3.84236872e-02 -8.80540756e-04 8.66505317e-03 -1.48038361e-02 -7.06418976e-03 -8.44324008e-03 -1.63863809e-03 1.50595773e-02 5.14366198e-03
1.50396619e-02 8.95045174e-04 1.23631321e-02 -9.69992671e-03 -3.24565172e-03 2.90207262e-03 -2.69225240e-02 5.97240403e-02 -1.38315407e-03 1.35407215e-02 -2.31676642e-02 -1.10608675e-02 -1.32287061e-02 -2.56859907e-03 2.36056689e-02 8.06302298e-03
-6.61452021e-03 -3.05754569e-04 -5.02097420e-03 4.47961781e-03 1.52169075e-03 -1.34094839e-03 1.27331531e-02 -2.83140261e-02 6.58387260e-04 -6.41967170e-03 1.09952101e-02 5.25186863e-03 6.28473377e-03 1.22067844e-03 -1.12180728e-02 -3.83198843e-03
1.24317268e-02 5.31425932e-04 1.13629717e-02 -8.70630052e-03 -2.93312618e-03 2.64142454e-03 -2.44396646e-02 5.40821999e-02 -1.24920404e-03 1.22143347e-02 -2.09001806e-02 -9.98061337e-03 -1.19405268e-02 -2.31883302e-03 2.13102754e-02 7.27918418e-03
-5.90393960e-04 1.22213998e-04 2.62600923e-04 1.22208890e-04 6.80395387e-05 -3.76873541e-05 6.62684557e-04 -1.54466461e-03 3.79069315e-05 -3.55168624e-04 6.16951205e-04 2.95350095e-04 3.55086901e-04 6.91546302e-05 -6.35556295e-04 -2.17189459e-04
1.45305144e-02 1.02735835e-03 1.28763085e-02 -1.04039544e-02 -3.53367021e-03 3.11769033e-03 -2.93840319e-02 6.52955174e-02 -1.51581015e-03 1.47946225e-02 -2.53291540e-02 -1.20970299e-02 -1.44747142e-02 -2.81123817e-03 2.58352570e-02 8.82500131e-03
-1.26003870e-05 2.14105516e-04 4.62132390e-04 -4.16848197e-04 -1.42566481e-04 1.25301754e-04 -1.19438511e-03 2.65393802e-03 -6.19062484e-05 6.02998596e-04 -1.03316689e-03 -4.93551954e-04 -5.90679294e-04 -1.14734205e-04 1.05441362e-03 3.60181730e-04
-2.24666595e-02 -1.39729120e-03 -1.67304911e-02 1.40922880e-02 4.78708465e-03 -4.23822133e-03 3.99592780e-02 -8.88084322e-02 2.06943508e-03 -2.01737359e-02 3.45583409e-02 1.65050086e-02 1.97517406e-02 3.83644574e-03 -3.52570377e-02 -1.20435320e-02
-1.79288145e-02 1.13188114e-03 -1.41777918e-02 1.01356702e-02 3.35529773e-03 -3.05780349e-03 2.76758298e-02 -6.12701327e-02 1.39506499e-03 -1.37555599e-02 2.35510468e-02 1.11987907e-02 1.33818639e-02 2.59622559e-03 -2.38631200e-02 -8.14972539e-03
-8.67922697e-03 -1.97090325e-04 -9.31161921e-03 7.13380240e-03 2.32272851e-03 -2.18125246e-03 1.91378929e-02 -4.24490608e-02 9.45260515e-04 -9.41311941e-03 1.60365961e-02 7.64896674e-03 9.12557077e-03 1.76954467e-03 -1.62660871e-02 -5.55488234e-03
1.89123955e-02 -1.25659863e-04 1.37740551e-02 -1.01876575e-02 -3.40238237e-03 3.09483078e-03 -2.82729473e-02 6.24786429e-02 -1.43882690e-03 1.41316513e-02 -2.41934191e-02 -1.15327612e-02 -1.37856714e-02 -2.67564016e-03 2.45899055e-02 8.39887001e-03
-7.60138384e-04 2.05575256e-04 -6.57613797e-04 3.37772537e-04 1.07898981e-04 -1.03689206e-04 8.64453323e-04 -1.89730013e-03 4.22287194e-05 -4.23616584e-04 7.21948396e-04 3.42995656e-04 4.08682245e-04 7.92158753e-05 -7.28055486e-04 -2.48614291e-04
-1.83122884e-02 -1.35361159e-04 -1.39017291e-02 1.05135245e-02 3.53141828e-03 -3.20490589e-03 2.92686615e-02 -6.48378655e-02 1.50242529e-03 -1.46910632e-02 2.51493882e-02 1.20068481e-02 1.43626081e-02 2.78912019e-03 -2.56324373e-02 -8.75547808e-03
-1.35573698e-02 -6.47646375e-04 -1.14760688e-02 8.99422448e-03 3.02755320e-03 -2.72223377e-03 2.52833609e-02 -5.60509823e-02 1.29446422e-03 -1.26769403e-02 2.17036922e-02 1.03583233e-02 1.23856906e-02 2.40462064e-03 -2.20989082e-02 -7.54831173e-03
2.77079064e-02 1.46003882e-03 2.27972791e-02 -1.70441959e-02 -5.80028119e-03 5.14853792e-03 -4.83405851e-02 1.07348539e-01 -2.48083496e-03 2.42180787e-02 -4.14818451e-02 -1.98165551e-02 -2.37088017e-02 -4.60447744e-03 4.23148982e-02 1.44541971e-02
1.51240481e-02 1.35341310e-03 1.46604143e-02 -1.19460840e-02 -4.09692107e-03 3.60350148e-03 -3.43013555e-02 7.62497857e-02 -1.77781261e-03 1.73198618e-02 -2.96745095e-02 -1.41752157e-02 -1.69639792e-02 -3.29510518e-03 3.02821808e-02 1.03442175e-02
3.38721881e-03 3.87280947e-04 3.36869061e-03 -2.64450302e-03 -8.79719213e-04 7.83819123e-04 -7.29415985e-03 1.61672700e-02 -3.74234252e-04 3.65823181e-03 -6.26108376e-03 -2.98932288e-03 -3.57611827e-03 -6.94475020e-04 6.38220739e-03 2.18005083e-03
2.06021033e-02 -1.60890655e-03 1.60177201e-02 -1.08258137e-02 -3.40239261e-03 3.38294497e-03 -2.82543674e-02 6.32622764e-02 -1.35650916e-03 1.39007447e-02 -2.34715752e-02 -1.11711035e-02 -1.33032622e-02 -2.57271784e-03 2.36944053e-02 8.08355771e-03
-4.43340428e-02 5.73840551e-03 -3.25149149e-02 2.21205708e-02 6.90247305e-03 -6.30096393e-03 5.70978299e-02 -1.24361955e-01 2.78987573e-03 -2.80646533e-02 4.79367636e-02 2.28576530e-02 2.70787459e-02 5.25219692e-03 -4.83149886e-02 -1.64939836e-02
-4.75777173e-03 -2.90284399e-04 -4.00404772e-03 3.46503081e-03 1.16819877e-03 -1.02770084e-03 9.73200053e-03 -2.16506626e-02 5.03773452e-04 -4.91287326e-03 8.41485802e-03 4.01966926e-03 4.80994489e-03 9.34218988e-04 -8.58547352e-03 -2.93271313e-03
-3.08018923e-03 -2.28397956e-04 -2.78879609e-03 2.39057466e-03 8.15311796e-04 -7.28382962e-04 6.79035345e-03 -1.51593266e-02 3.49632115e-04 -3.41444928e-03 5.84464893e-03 2.79075513e-03 3.33899190e-03 6.48451503e-04 -5.95927192e-03 -2.03560060e-03
-1.36172865e-04 -9.56628937e-05 -5.07594319e-04 5.30044257e-04 1.85136771e-04 -1.60882220e-04 1.56019512e-03 -3.47907958e-03 8.13767983e-05 -7.91793340e-04 1.35702791e-03 6.48412562e-04 7.76097819e-04 1.50756998e-04 -1.38546957e-03 -4.73271473e-04
-1.68122649e-02 -1.19313644e-03 -1.46550527e-02 1.17206238e-02 3.95285338e-03 -3.49042122e-03 3.30137201e-02 -7.34428316e-02 1.70738902e-03 -1.66536830e-02 2.85288990e-02 1.36246141e-02 1.63027290e-02 3.16640246e-03 -2.90992651e-02 -9.93999746e-03
1.44505091e-02 -1.03202369e-03 1.24034602e-02 -8.16775858e-03 -2.66444637e-03 2.51682359e-03 -2.21718289e-02 4.89336029e-02 -1.09793653e-03 1.09653659e-02 -1.87186934e-02 -8.91667139e-03 -1.06275566e-02 -2.05803011e-03 1.89208835e-02 6.46156445e-03
-7.05176406e-03 -5.44365728e-04 -6.19174726e-03 5.11792675e-03 1.73549796e-03 -1.53477967e-03 1.45209599e-02 -3.22863497e-02 7.50915264e-04 -7.32016983e-03 1.25403190e-02 5.98942209e-03 7.16746645e-03 1.39216043e-03 -1.27939833e-02 -4.37032524e-03
7.77322566e-03 7.36622547e-04 7.21591013e-03 -6.19382598e-03 -2.12409697e-03 1.86834554e-03 -1.77683774e-02 3.95257622e-02 -9.22214938e-04 8.98290705e-03 -1.53913135e-02 -7.35253049e-03 -8.79955944e-03 -1.70924154e-03 1.57080200e-02 5.36577078e-03
2.24607487e-04 1.70332351e-05 1.33741647e-04 -4.12676491e-05 -1.16094398e-05 1.32539008e-05 -8.64092435e-05 1.86069272e-04 -4.29890406e-06 4.23227721e-05 -7.22127006e-05 -3.44014479e-05 -4.11404508e-05 -7.98928158e-06 7.34202258e-05 2.50791127e-05
-1.39290337e-02 -9.70317342e-04 -1.22973844e-02 9.68473684e-03 3.25503992e-03 -2.93808407e-03 2.68678889e-02 -5.97293414e-02 1.38569809e-03 -1.35487746e-02 2.31748000e-02 1.10665243e-02 1.32403355e-02 2.57143797e-03 -2.36315113e-02 -8.07210896e-03
-8.94298591e-03 -6.15177560e-04 -7.08190817e-03 6.08082255e-03 1.94736780e-03 -1.71200978e-03 1.62331853e-02 -3.61202210e-02 8.39847198e-04 -8.18823744e-03 1.40254423e-02 6.69990107e-03 8.01754370e-03 1.55728799e-03 -1.43115157e-02 -4.88870451e-03
6.17769081e-03 7.38141534e-05 4.76954738e-03 -3.77380336e-03 -1.26194046e-03 1.10939739e-03 -1.05270492e-02 2.32618451e-02 -5.40688226e-04 5.27309952e-03 -9.03327949e-03 -4.31472901e-03 -5.16367098e-03 -1.00295292e-03 9.21717472e-03 3.14851594e-03
-5.92233427e-03 -4.94336826e-04 -4.96497937e-03 4.25395463e-03 1.42658770e-03 -1.24699075e-03 1.18952347e-02 -2.64476575e-02 6.17036771e-04 -6.01069489e-03 1.02989869e-02 4.91973665e-03 5.88785484e-03 1.14365702e-03 -1.05102556e-02 -3.59023991e-03
-5.78137208e-03 -3.67975823e-04 -5.01405774e-03 4.18308005e-03 1.41193217e-03 -1.25702284e-03 1.17632980e-02 -2.61612441e-02 6.06507761e-04 -5.92041854e-03 1.01318490e-02 4.83824871e-03 5.78974560e-03 1.12450728e-03 -1.03342095e-02 -3.53007670e-03
1.14855850e-02 7.08830368e-04 1.13835875e-02 -8.71243514e-03 -2.94026523e-03 2.64051370e-03 -2.45618913e-02 5.44657744e-02 -1.26299344e-03 1.23315267e-02 -2.11126376e-02 -1.00821564e-02 -1.20632732e-02 -2.34285649e-03 2.15308703e-02 7.35466974e-03
-1.21381283e-02 -4.52543871e-04 -1.08355340e-02 8.34748987e-03 2.80380179e-03 -2.48114532e-03 2.32066177e-02 -5.14756665e-02 1.19476439e-03 -1.16800051e-02 1.99899655e-02 9.54497792e-03 1.14187561e-02 2.21749628e-03 -2.03788970e-02 -6.96100527e-03
-6.62999321e-03 -6.29266608e-04 -6.23145653e-03 5.17476257e-03 1.77557929e-03 -1.56653859e-03 1.48376347e-02 -3.30435820e-02 7.69401959e-04 -7.49508245e-03 1.28420219e-02 6.13445882e-03 7.34160328e-03 1.42603973e-03 -1.31053673e-02 -4.47671581e-03
4.39041015e-03 4.86649515e-04 4.33088653e-03 -3.61921731e-03 -1.13989506e-03 1.03445177e-03 -9.44336038e-03 2.09191125e-02 -4.83957701e-04 4.73639928e-03 -8.09381064e-03 -3.86621454e-03 -4.62542288e-03 -8.98289029e-04 8.25529452e-03 2.81985523e-03
2.08244044e-02 1.30182004e-03 1.85356010e-02 -1.56697128e-02 -5.25662629e-03 4.67509171e-03 -4.40338589e-02 9.75565463e-02 -2.26986525e-03 2.21474078e-02 -3.79306972e-02 -1.81130879e-02 -2.16737241e-02 -4.20961948e-03 3.86864655e-02 1.32149095e-02
1.75295547e-02 1.59638305e-03 1.56567376e-02 -1.34857679e-02 -4.61424701e-03 4.05623950e-03 -3.86239812e-02 8.59370679e-02 -2.00515450e-03 1.95291620e-02 -3.34618613e-02 -1.59854051e-02 -1.91314202e-02 -3.71612888e-03 3.41514237e-02 1.16659375e-02
-3.29987034e-02 -2.42113066e-03 -2.84154527e-02 2.33078208e-02 7.96144363e-03 -7.10389996e-03 6.59703910e-02 -1.46579176e-01 3.40189599e-03 -3.31811458e-02 5.68281747e-02 2.71383934e-02 3.24761756e-02 6.30784314e-03 -5.79692051e-02 -1.98017247e-02
3.20271403e-03 4.36193222e-05 2.63947761e-03 -1.80971192e-03 -5.95087011e-04 5.63106150e-04 -4.85181715e-03 1.08153960e-02 -2.34179563e-04 2.38494179e-03 -4.02767956e-03 -1.92365493e-03 -2.29056296e-03 -4.42510966e-04 4.06906009e-03 1.38940895e-03
4.73697251e-03 1.94452281e-04 3.98865622e-03 -3.27967969e-03 -1.09603070e-03 9.78122000e-04 -9.11905617e-03 2.02825144e-02 -4.70173603e-04 4.58721863e-03 -7.85606075e-03 -3.75161855e-03 -4.48898505e-03 -8.71871714e-04 8.01250618e-03 2.73699081e-03
-5.91711886e-03 -2.61219393e-04 -4.84429533e-03 3.69658135e-03 1.21981115e-03 -1.07844756e-03 1.01223001e-02 -2.24577561e-02 5.18838700e-04 -5.07731503e-03 8.69128853e-03 4.14841250e-03 4.96204244e-03 9.63521539e-04 -8.85485113e-03 -3.02460324e-03
-5.42008923e-03 -2.97164952e-04 -4.55890410e-03 3.61869764e-03 1.21039734e-03 -1.08396844e-03 1.00262389e-02 -2.22419668e-02 5.15278778e-04 -5.03925467e-03 8.62463936e-03 4.11735894e-03 4.92529292e-03 9.56456934e-04 -8.78985692e-03 -3.00244894e-03
2.85471771e-02 2.49299151e-03 2.66753975e-02 -2.21892800e-02 -7.52299652e-03 6.63223490e-03 -6.28758296e-02 1.39966264e-01 -3.25885089e-03 3.17593627e-02 -5.44062778e-02 -2.59881448e-02 -3.11013367e-02 -6.04102435e-03 5.55172116e-02 1.89642981e-02
-3.75916762e-03 8.07966862e-05 -2.73142802e-03 2.14923359e-03 7.04221427e-04 -6.43716310e-04 5.83399320e-03 -1.29133137e-02 2.97025108e-04 -2.91754073e-03 4.98415483e-03 2.37843813e-03 2.84371572e-03 5.52035519e-04 -5.07328659e-03 -1.73287012e-03
-2.95786429e-02 -1.67798065e-03 -2.50504576e-02 1.98576022e-02 6.64504012e-03 -5.92463091e-03 5.53549416e-02 -1.23096280e-01 2.85317726e-03 -2.78945658e-02 4.77449484e-02 2.27947216e-02 2.72677429e-02 5.29535348e-03 -4.86644618e-02 -1.66228246e-02
1.78319030e-02 1.03342242e-03 1.51691176e-02 -1.21321948e-02 -4.16017044e-03 3.70291341e-03 -3.45422663e-02 7.68658146e-02 -1.78317679e-03 1.73961539e-02 -2.97922436e-02 -1.42274396e-02 -1.70245823e-02 -3.30661167e-03 3.03878039e-02 1.03801778e-02
4.39345511e-03 3.03290610e-04 4.83843312e-03 -3.02001764e-03 -9.92578920e-04 8.68794101e-04 -8.03160761e-03 1.77432485e-02 -4.09859320e-04 4.00767941e-03 -6.86159777e-03 -3.27609270e-03 -3.91901145e-03 -7.61052594e-04 6.99407095e-03 2.38905451e-03
-6.97385706e-03 -7.14398629e-05 -5.50672039e-03 4.58783796e-03 1.55567366e-03 -1.36934605e-03 1.30091850e-02 -2.88917702e-02 6.71007030e-04 -6.54333411e-03 1.12091554e-02 5.35435788e-03 6.40704343e-03 1.24442985e-03 -1.14363050e-02 -3.90654802e-03
9.49390884e-03 7.36588379e-04 8.23031832e-03 -7.33027980e-03 -2.49462691e-03 2.20441632e-03 -2.07813773e-02 4.62170914e-02 -1.07550307e-03 1.04880640e-02 -1.79588012e-02 -8.57790280e-03 -1.02647385e-02 -1.99375907e-03 1.83227174e-02 6.25888631e-03
