7.75611214e-03 6.34753797e-03 2.43768618e-02 -9.35229193e-03 -5.64136822e-03 1.46015566e-02 -2.37248074e-02 5.71826249e-02 3.43663828e-03 2.36956328e-02 -2.37147305e-02 -8.52531753e-03 6.38881582e-04 -1.50088756e-03 2.44680904e-02 2.03419141e-02
3.74131138e-03 3.67157487e-03 9.53419413e-03 -3.45330290e-03 -2.05118069e-03 5.31386118e-03 -8.59947875e-03 2.06493046e-02 1.23538438e-03 8.54301080e-03 -8.52105394e-03 -3.06004239e-03 2.27184151e-04 -5.38166845e-04 8.77686776e-03 7.29590002e-03
3.27311549e-03 2.69639771e-03 9.55714099e-03 -3.86573514e-03 -2.23049219e-03 5.83592243e-03 -9.39801708e-03 2.27222443e-02 1.35392288e-03 9.35810711e-03 -9.35230684e-03 -3.35991872e-03 2.48261727e-04 -5.90584241e-04 9.63399094e-03 8.00806005e-03
-7.99702201e-03 -6.72678836e-03 -2.72176806e-02 1.05385175e-02 6.41545746e-03 -1.64518338e-02 2.68475637e-02 -6.52000681e-02 -3.92182963e-03 -2.70863175e-02 2.71215215e-02 9.75936558e-03 -7.41737545e-04 1.72204548e-03 -2.80575771e-02 -2.33300794e-02
4.68802871e-03 5.22754993e-03 2.33923718e-02 -9.36567876e-03 -5.74125256e-03 1.49040204e-02 -2.39515305e-02 5.83716892e-02 3.50561226e-03 2.42320895e-02 -2.42253542e-02 -8.72072205e-03 6.61734899e-04 -1.53844000e-03 2.50685979e-02 2.08441336e-02
-7.64017925e-04 -1.05547498e-03 -3.00449273e-03 1.12244196e-03 6.39764243e-04 -1.77947257e-03 2.73045455e-03 -6.53940253e-03 -3.82830534e-04 -2.65490846e-03 2.64658080e-03 9.47895867e-04 -6.50893853e-05 1.65094141e-04 -2.70240102e-03 -2.24443758e-03
-2.41141068e-03 -3.15572601e-03 -9.86228231e-03 3.57762235e-03 2.05636723e-03 -5.93372528e-03 8.70086160e-03 -2.06122883e-02 -1.20257528e-03 -8.49537179e-03 8.44689645e-03 2.98751821e-03 -1.63670367e-04 5.07905788e-04 -8.42626486e-03 -6.97134575e-03
-3.01544368e-03 -2.67597474e-03 -9.51052736e-03 3.74444551e-03 2.17226311e-03 -5.69891557e-03 9.10461880e-03 -2.18982566e-02 -1.31292013e-03 -9.08789691e-03 9.07782465e-03 3.25952773e-03 -2.39246263e-04 5.72378922e-04 -9.34048742e-03 -7.76318461e-03
7.26923021e-03 4.79157874e-03 1.35037191e-02 -4.92577069e-03 -2.84378673e-03 7.66009185e-03 -1.20007899e-02 2.88943145e-02 1.73395558e-03 1.20137967e-02 -1.20178638e-02 -4.29838151e-03 3.09130759e-04 -7.52910564e-04 1.22964168e-02 1.02188084e-02
-5.85316261e-03 -5.50831389e-03 -2.01646350e-02 7.46865245e-03 4.60506137e-03 -1.19159278e-02 1.93400867e-02 -4.71060202e-02 -2.78450316e-03 -1.92165952e-02 1.92376487e-02 6.92103058e-03 -5.21382201e-04 1.21960707e-03 -1.98777616e-02 -1.65267847e-02
4.15494386e-03 3.80660617e-03 1.22364750e-02 -4.72867861e-03 -2.82925693e-03 7.34511483e-03 -1.17862038e-02 2.86021233e-02 1.70411391e-03 1.17893852e-02 -1.17864814e-02 -4.23598662e-03 3.17375991e-04 -7.45987345e-04 1.21611310e-02 1.01105301e-02
8.18464626e-03 6.22635428e-03 2.20572185e-02 -8.39079451e-03 -5.04430756e-03 1.29736410e-02 -2.11380869e-02 5.10792583e-02 3.05830338e-03 2.11137161e-02 -2.11381800e-02 -7.60214496e-03 5.68369287e-04 -1.33800507e-03 2.18161233e-02 1.81366019e-02
-1.34671177e-03 -8.54789279e-04 -3.89393652e-03 1.51524937e-03 9.33499890e-04 -2.39527505e-03 3.90221295e-03 -9.46856011e-03 -5.69935772e-04 -3.93706933e-03 3.94065445e-03 1.41760660e-03 -1.06770378e-04 2.49787001e-04 -4.07142332e-03 -3.38504813e-03
-7.59181008e-03 -6.61797868e-03 -2.09154636e-02 7.61643704e-03 4.58710128e-03 -1.20254727e-02 1.91902928e-02 -4.63074744e-02 -2.75663938e-03 -1.89711414e-02 1.89742651e-02 6.82360260e-03 -5.06067532e-04 1.19971880e-03 -1.95677131e-02 -1.62655581e-02
1.22707821e-02 1.13543887e-02 4.55289185e-02 -1.70563143e-02 -1.04227886e-02 2.68405825e-02 -4.38303240e-02 1.06325015e-01 6.40178379e-03 4.41240594e-02 -4.41916734e-02 -1.59080103e-02 1.20939489e-03 -2.80698319e-03 4.57337834e-02 3.80281061e-02
-4.08188552e-02 -3.71320471e-02 -1.86232388e-01 7.46192560e-02 4.65116203e-02 -1.18302330e-01 1.95163414e-01 -4.75336343e-01 -2.86865905e-02 -1.98047295e-01 1.98388427e-01 7.14283884e-02 -5.44352503e-03 1.26086446e-02 -2.05417156e-01 -1.70810789e-01
-2.24508462e-03 -1.59860775e-03 -6.41239202e-03 2.60201842e-03 1.56259420e-03 -4.02635941e-03 6.54800748e-03 -1.59399770e-02 -9.53589275e-04 -6.58461032e-03 6.59233844e-03 2.37270305e-03 -1.80299845e-04 4.18646639e-04 -6.82108384e-03 -5.67178288e-03
8.02927930e-03 7.55171850e-03 2.72615831e-02 -1.06095979e-02 -6.43226178e-03 1.65512953e-02 -2.68922616e-02 6.53014705e-02 3.91127402e-03 2.69871224e-02 -2.70014815e-02 -9.71192215e-03 7.30743981e-04 -1.71128439e-03 2.78948061e-02 2.31917519e-02
8.57427542e-04 8.59878550e-04 3.38780996e-03 -1.32886472e-03 -8.15540319e-04 2.08288571e-03 -3.41919763e-03 8.30163434e-03 4.99859045e-04 3.45067121e-03 -3.45554971e-03 -1.24386256e-03 9.46762229e-05 -2.19524503e-04 3.57656158e-03 2.97398958e-03
1.50460443e-02 1.27243120e-02 6.24257103e-02 -2.52352413e-02 -1.57376286e-02 4.01084833e-02 -6.58491850e-02 1.60502046e-01 9.68345348e-03 6.68620765e-02 -6.69754148e-02 -2.41129454e-02 1.83756696e-03 -4.25642636e-03 6.93447962e-02 5.76623380e-02
-4.96811885e-03 -3.68248718e-03 -1.51684536e-02 5.84823731e-03 3.56835313e-03 -9.20596626e-03 1.49804614e-02 -3.63855623e-02 -2.17642752e-03 -1.50288409e-02 1.50460154e-02 5.41296788e-03 -4.09554312e-04 9.54391668e-04 -1.55525729e-02 -1.29314223e-02
-1.26763992e-02 -1.09819099e-02 -4.98485006e-02 2.00591348e-02 1.23460749e-02 -3.14584672e-02 5.17307259e-02 -1.25827447e-01 -7.58627290e-03 -5.23750596e-02 5.24619892e-02 1.88864358e-02 -1.43801048e-03 3.33338091e-03 -5.43082766e-02 -4.51585948e-02
-3.93200666e-03 -1.79576804e-03 -5.59656881e-03 2.16498110e-03 1.26641640e-03 -3.29597946e-03 5.34675643e-03 -1.28604975e-02 -7.66306592e-04 -5.30143967e-03 5.29940054e-03 1.90404174e-03 -1.40821925e-04 3.34664481e-04 -5.45983901e-03 -4.53831768e-03
-5.15765045e-03 -2.02080328e-03 -1.09210331e-02 4.52962145e-03 2.74643512e-03 -7.02170236e-03 1.15155363e-02 -2.80478764e-02 -1.69038528e-03 -1.16774701e-02 1.16941864e-02 4.20841062e-03 -3.19273735e-04 7.42235919e-04 -1.20954067e-02 -1.00568309e-02
1.13954709e-03 -4.42753109e-04 1.32632174e-03 -6.08210161e-04 -4.28228348e-04 1.02112908e-03 -1.82240130e-03 4.50968789e-03 2.76863982e-04 1.90983061e-03 -1.91765616e-03 -6.92174188e-04 5.36732950e-05 -1.22514917e-04 1.99482357e-03 1.65906549e-03
8.82278942e-03 8.53986945e-03 3.74579579e-02 -1.47950305e-02 -9.17197764e-03 2.33091302e-02 -3.84040810e-02 9.35331956e-02 5.63586969e-03 3.89080495e-02 -3.89729887e-02 -1.40315257e-02 1.06892816e-03 -2.47673527e-03 4.03507240e-02 3.35527882e-02
-7.46799074e-03 -2.92236335e-03 -1.09055359e-02 4.23510093e-03 2.41700537e-03 -6.31920667e-03 1.00674704e-02 -2.42724698e-02 -1.45266426e-03 -1.00538554e-02 1.00650862e-02 3.60790384e-03 -2.65068258e-04 6.33832184e-04 -1.03433011e-02 -8.59635230e-03
5.65059017e-03 7.59440940e-04 7.17477826e-03 -3.02466587e-03 -1.84944412e-03 4.60467348e-03 -7.74946017e-03 1.89250130e-02 1.14411977e-03 7.89382868e-03 -7.91195687e-03 -2.85202754e-03 2.19241309e-04 -5.04072406e-04 8.20927881e-03 6.82700519e-03
6.52798638e-03 5.52716525e-03 1.70835201e-02 -6.33946294e-03 -3.73816490e-03 9.79597308e-03 -1.57658756e-02 3.79748456e-02 2.26141769e-03 1.55991046e-02 -1.56707577e-02 -5.63061936e-03 4.15111281e-04 -9.87511710e-04 1.61079578e-02 1.33891776e-02
6.40168600e-03 4.36716387e-03 1.66098997e-02 -6.42555533e-03 -3.77967395e-03 9.82866343e-03 -1.57620553e-02 3.83152552e-02 2.28218432e-03 1.57944057e-02 -1.57855768e-02 -5.66874025e-03 4.16781317e-04 -9.95559269e-04 1.62461009e-02 1.35029433e-02
6.53713569e-03 5.75579703e-03 1.91968232e-02 -7.28892908e-03 -4.35323687e-03 1.14691090e-02 -1.84392761e-02 4.49602567e-02 2.64264573e-03 1.82844661e-02 -1.82041861e-02 -6.54292339e-03 4.71801701e-04 -1.14709209e-03 1.87582690e-02 1.55814569e-02
7.09022675e-03 6.32090587e-03 3.22495066e-02 -1.27998274e-02 -7.97949079e-03 2.04071365e-02 -3.34677063e-02 8.15835521e-02 4.91630007e-03 3.39445807e-02 -3.40037122e-02 -1.22406688e-02 9.32413386e-04 -2.16054171e-03 3.51992473e-02 2.92692371e-02
-1.67254340e-02 -1.53081939e-02 -6.63264021e-02 2.69963443e-02 1.62816495e-02 -4.16311100e-02 6.80081323e-02 -1.65635884e-01 -9.96117294e-03 -6.87549412e-02 6.88426867e-02 2.47852467e-02 -1.88467326e-03 4.37374087e-03 -7.12607056e-02 -5.92541732e-02
1.45824775e-02 1.38725881e-02 5.65050468e-02 -2.17834972e-02 -1.35407867e-02 3.42974812e-02 -5.67305833e-02 1.37733251e-01 8.29529017e-03 5.72486073e-02 -5.73656522e-02 -2.06442848e-02 1.57235668e-03 -3.64372507e-03 5.93635365e-02 4.93624173e-02
-7.15715904e-03 -4.60157124e-03 -3.16597633e-02 1.31069552e-02 8.20579845e-03 -2.08277572e-02 3.44297104e-02 -8.39151889e-02 -5.06463880e-03 -3.49655151e-02 3.50279100e-02 1.26115102e-02 -9.61169950e-04 2.22625490e-03 -3.62695940e-02 -3.01593095e-02
4.60302457e-03 4.68330272e-03 1.70179140e-02 -6.69369288e-03 -4.11179848e-03 1.05945393e-02 -1.72143653e-02 4.17995676e-02 2.51466245e-03 1.73693802e-02 -1.73845422e-02 -6.25637779e-03 4.74937609e-04 -1.10376044e-03 1.79844890e-02 1.49540519e-02
1.02669629e-03 2.64367671e-03 1.07298568e-02 -4.26082313e-03 -2.60947389e-03 6.68610167e-03 -1.09278420e-02 2.67162006e-02 1.60089426e-03 1.10502522e-02 -1.10669555e-02 -3.98348691e-03 3.03114182e-04 -7.03010999e-04 1.14537403e-02 9.52398032e-03
-4.47246851e-03 -4.40037064e-03 -2.58022994e-02 1.05476547e-02 6.54472969e-03 -1.66785121e-02 2.74814069e-02 -6.69751838e-02 -4.03451687e-03 -2.78592966e-02 2.79007554e-02 1.00452453e-02 -7.65298842e-04 1.77316729e-03 -2.88883168e-02 -2.40214765e-02
2.80709378e-03 2.36112205e-03 7.48084905e-03 -2.67697778e-03 -1.62956130e-03 4.15568892e-03 -6.72618719e-03 1.62631720e-02 9.76728974e-04 6.74150884e-03 -6.75007468e-03 -2.42759753e-03 1.83599259e-04 -4.28011728e-04 6.97471621e-03 5.79925207e-03
1.35208084e-03 1.64849358e-03 7.56781595e-03 -3.04320315e-03 -1.87820871e-03 4.77835303e-03 -7.86752999e-03 1.91351995e-02 1.15453324e-03 7.96964206e-03 -7.98243191e-03 -2.87390267e-03 2.18966670e-04 -5.07293618e-04 8.26475769e-03 6.87238853e-03
2.95422552e-03 2.35053897e-03 8.52752756e-03 -3.24672787e-03 -1.94162747e-03 5.05983457e-03 -8.08221009e-03 1.95765998e-02 1.16582157e-03 8.05834215e-03 -8.06066487e-03 -2.89504649e-03 2.14840402e-04 -5.09148464e-04 8.30355380e-03 6.90255780e-03
-1.52524039e-02 -1.19412513e-02 -4.02478427e-02 1.56332068e-02 9.37729143e-03 -2.39876453e-02 3.91911417e-02 -9.44872350e-02 -5.63219516e-03 -3.88813503e-02 3.88642587e-02 1.39869526e-02 -1.05290290e-03 2.46399967e-03 -4.01644595e-02 -3.33921500e-02
5.49449306e-03 4.66585159e-03 1.46662062e-02 -5.60362358e-03 -3.34270508e-03 8.89197830e-03 -1.39227286e-02 3.36253718e-02 2.00134818e-03 1.38502838e-02 -1.38495620e-02 -4.97287139e-03 3.72884388e-04 -8.75567319e-04 1.42732058e-02 1.18665500e-02
-6.49622595e-03 -5.55750960e-03 -2.49360278e-02 9.72664263e-03 5.95409796e-03 -1.51773226e-02 2.48787496e-02 -6.06084652e-02 -3.64801474e-03 -2.51810737e-02 2.52182763e-02 9.07746237e-03 -6.90963061e-04 1.60212058e-03 -2.61021797e-02 -2.17045452e-02
1.05330404e-02 8.50226171e-03 2.59888005e-02 -9.87634342e-03 -5.84392110e-03 1.54081173e-02 -2.45179925e-02 6.01388738e-02 3.54149868e-03 2.43879631e-02 -2.43470669e-02 -8.76846910e-03 6.29619637e-04 -1.53473089e-03 2.50889640e-02 2.08491012e-02
-8.36527906e-03 -6.57998724e-03 -2.62567140e-02 1.00944340e-02 6.19023526e-03 -1.61675550e-02 2.59294845e-02 -6.30125478e-02 -3.76256253e-03 -2.59863716e-02 2.60026641e-02 9.34600644e-03 -7.05732324e-04 1.64761185e-03 -2.68531404e-02 -2.23263595e-02
-3.28764692e-02 -2.83556245e-02 -9.21718180e-02 3.58710214e-02 2.17634961e-02 -5.70574217e-02 9.13773701e-02 -2.20404029e-01 -1.31643657e-02 -9.13856626e-02 9.10037681e-02 3.26996669e-02 -2.45146709e-03 5.75940870e-03 -9.39166099e-02 -7.80679584e-02
-8.50506034e-03 -7.08351191e-03 -3.91193740e-02 1.61567312e-02 1.00384774e-02 -2.55326610e-02 4.20519635e-02 -1.02506034e-01 -6.18486619e-03 -4.27024662e-02 4.27740812e-02 1.54004162e-02 -1.17364340e-03 2.71852897e-03 -4.42896858e-02 -3.68282422e-02
2.30457843e-03 2.97508482e-03 8.91824160e-03 -3.65368137e-03 -2.10003532e-03 5.50225191e-03 -8.74173921e-03 2.12175176e-02 1.27823139e-03 8.82917177e-03 -8.83569475e-03 -3.18023283e-03 2.41968708e-04 -5.61219931e-04 9.14370082e-03 7.60314846e-03
1.10922996e-02 1.22447563e-02 5.64081594e-02 -2.24361438e-02 -1.40368287e-02 3.56069431e-02 -5.88549525e-02 1.43458381e-01 8.65758769e-03 5.97718023e-02 -5.98775074e-02 -2.15586033e-02 1.64305791e-03 -3.80564481e-03 6.20006323e-02 5.15554734e-02
-2.91147525e-03 -3.27117019e-03 -1.24268839e-02 4.87152487e-03 3.04386462e-03 -7.72963883e-03 1.27589796e-02 -3.10555808e-02 -1.87345000e-03 -1.29331630e-02 1.29555324e-02 4.66446346e-03 -3.55470343e-04 8.23388167e-04 -1.34144584e-02 -1.11545362e-02
-5.91958966e-03 -5.82639500e-03 -1.94765329e-02 7.40482798e-03 4.36790381e-03 -1.16094677e-02 1.82734393e-02 -4.40073870e-02 -2.63388129e-03 -1.82139333e-02 1.82087980e-02 6.53240271e-03 -4.80099901e-04 1.14741887e-03 -1.87232960e-02 -1.55612677e-02
3.48388916e-03 2.15865090e-03 1.00527275e-02 -4.00583493e-03 -2.46015121e-03 6.30753627e-03 -1.03213433e-02 2.51247808e-02 1.51329057e-03 1.04455538e-02 -1.04626175e-02 -3.76573438e-03 2.86578113e-04 -6.64593535e-04 1.08278506e-02 9.00357310e-03
2.09573796e-03 2.08442262e-03 5.77945635e-03 -2.07596156e-03 -1.21232669e-03 3.19403317e-03 -5.03545767e-03 1.21709630e-02 7.20877957e-04 4.98818466e-03 -4.98754065e-03 -1.78848801e-03 1.31973895e-04 -3.14217730e-04 5.12531027e-03 4.26034676e-03
1.72537239e-03 1.53699308e-03 4.08644322e-03 -1.69072393e-03 -9.81179648e-04 2.52166833e-03 -4.07019723e-03 9.87568032e-03 5.91699325e-04 4.08497732e-03 -4.08847630e-03 -1.47136336e-03 1.11873902e-04 -2.59597320e-04 4.22963034e-03 3.51697463e-03
1.07839433e-02 7.82086048e-03 2.49083228e-02 -9.25919600e-03 -5.43161947e-03 1.48265250e-02 -2.27938145e-02 5.58570996e-02 3.26406094e-03 2.26264708e-02 -2.26733927e-02 -8.09986331e-03 5.83588262e-04 -1.41796761e-03 2.31637992e-02 1.92480274e-02
2.68366514e-03 2.24167644e-03 8.94945860e-03 -3.57675832e-03 -2.15208903e-03 5.52109210e-03 -9.00399126e-03 2.18897425e-02 1.31540943e-03 9.08517838e-03 -9.09394119e-03 -3.27220093e-03 2.48090568e-04 -5.77142055e-04 9.40425973e-03 7.81952124e-03
-3.61379469e-03 -3.53627466e-03 -1.32020703e-02 5.22007840e-03 3.19516822e-03 -8.09873827e-03 1.33208307e-02 -3.23621817e-02 -1.94739422e-03 -1.34436907e-02 1.34612182e-02 4.84483596e-03 -3.68327223e-04 8.54878221e-04 -1.39285214e-02 -1.15817096e-02
1.10224145e-03 1.90425350e-03 1.61433667e-02 -6.78399578e-03 -4.25302703e-03 1.07933981e-02 -1.78512819e-02 4.35319357e-02 2.62784516e-03 1.81427002e-02 -1.81749165e-02 -6.54387567e-03 4.98745241e-04 -1.15516689e-03 1.88196860e-02 1.56491641e-02
1.79138337e-03 -7.21676974e-04 1.69413758e-03 -1.07171561e-03 -6.83082209e-04 1.70227210e-03 -2.89312773e-03 7.10377470e-03 4.29919368e-04 2.96805310e-03 -2.97409249e-03 -1.07105763e-03 8.16747634e-05 -1.89097613e-04 3.08070658e-03 2.56171147e-03
1.15334173e-03 9.06208064e-04 3.75499087e-03 -1.42805546e-03 -8.68068542e-04 2.24314258e-03 -3.63409147e-03 8.80283024e-03 5.27864438e-04 3.64620122e-03 -3.64901754e-03 -1.31207728e-03 9.89207401e-05 -2.31239959e-04 3.76882544e-03 3.13350628e-03
1.08546177e-02 1.08917160e-02 3.53938006e-02 -1.30451219e-02 -8.09895433e-03 2.10190024e-02 -3.38733345e-02 8.21416825e-02 4.93946765e-03 3.40959989e-02 -3.41578238e-02 -1.22835841e-02 9.33477830e-04 -2.16730917e-03 3.53111364e-02 2.93619689e-02
3.43633071e-03 4.76709381e-03 8.19783844e-03 -2.45655188e-03 -1.41872442e-03 3.94512108e-03 -5.91478962e-03 1.41314259e-02 8.29842174e-04 5.72839426e-03 -5.71937766e-03 -2.05318187e-03 1.49562882e-04 -3.59989586e-04 5.87408105e-03 4.88214707e-03
-2.63755769e-02 -2.40142737e-02 -8.58430341e-02 3.36891413e-02 2.04910673e-02 -5.24468087e-02 8.60202089e-02 -2.08601102e-01 -1.25127211e-02 -8.64053890e-02 8.65338147e-02 3.11353393e-02 -2.36626947e-03 5.49361343e-03 -8.95074680e-02 -7.44264796e-02
-6.88707223e-06 2.84847803e-04 -3.12976376e-03 1.45398302e-03 9.47516062e-04 -2.34068139e-03 3.99586326e-03 -9.81882121e-03 -5.96261758e-04 -4.11366299e-03 4.12517181e-03 1.48707768e-03 -1.14279537e-04 2.62844929e-04 -4.28103888e-03 -3.56012839e-03
-9.08445008e-03 -6.70883432e-03 -2.21356172e-02 8.33207369e-03 5.01397531e-03 -1.30072813e-02 2.08325367e-02 -5.04856966e-02 -2.99275131e-03 -2.06687674e-02 2.06979029e-02 7.43009802e-03 -5.53882623e-04 1.30806665e-03 -2.13258117e-02 -1.77293327e-02
4.79677168e-04 1.00141624e-03 2.17129639e-03 -7.06286286e-04 -4.03598096e-04 1.07310503e-03 -1.69693760e-03 4.03656950e-03 2.37870350e-04 1.64717424e-03 -1.64674968e-03 -5.90073701e-04 4.40461226e-05 -1.03850609e-04 1.69302628e-03 1.40749081e-03
8.62636976e-03 7.82221090e-03 2.34978497e-02 -9.26975626e-03 -5.57842292e-03 1.43984426e-02 -2.33856253e-02 5.68599813e-02 3.42722982e-03 2.36636512e-02 -2.37062592e-02 -8.53193644e-03 6.48894580e-04 -1.50557584e-03 2.45294571e-02 2.03968622e-02
4.46701219e-04 1.87443238e-05 2.15834007e-06 -5.54502367e-06 9.73164060e-06 -3.37473430e-05 4.76759378e-05 -1.23680860e-04 -7.48287675e-06 -5.16445434e-05 5.14954045e-05 1.83380107e-05 -1.18336288e-06 3.15973898e-06 -5.20077192e-05 -4.31506305e-05
-1.96122855e-04 7.35755428e-04 3.37684876e-03 -1.33548479e-03 -8.25322757e-04 2.12241057e-03 -3.46647948e-03 8.39506183e-03 5.04174968e-04 3.48500675e-03 -3.48847709e-03 -1.25424715e-03 9.42297484e-05 -2.20920396e-04 3.60133848e-03 2.99412338e-03
-1.04884272e-02 -9.69004165e-03 -3.50850224e-02 1.24390433e-02 7.54144089e-03 -1.95694882e-02 3.15621383e-02 -7.64327124e-02 -4.58968710e-03 -3.16973962e-02 3.17075774e-02 1.14052333e-02 -8.54768034e-04 2.00868654e-03 -3.27448770e-02 -2.72225887e-02
1.37606723e-04 4.23493068e-04 1.45035167e-03 -5.62660513e-04 -3.43626889e-04 8.76443111e-04 -1.42663298e-03 3.46087548e-03 2.08364363e-04 1.43899629e-03 -1.43997197e-03 -5.18063840e-04 3.92466100e-05 -9.13628828e-05 1.48875546e-03 1.23786798e-03
-3.46252583e-02 -2.85830610e-02 -1.00999236e-01 3.99711356e-02 2.43469197e-02 -6.27601370e-02 1.02324598e-01 -2.47521862e-01 -1.48473298e-02 -1.02575742e-01 1.02677070e-01 3.69167365e-02 -2.79320194e-03 6.50927704e-03 -1.06078036e-01 -8.82000178e-02
-3.73269385e-03 -1.99259445e-03 -9.54023283e-03 3.81717901e-03 2.37567653e-03 -6.03876077e-03 9.93846729e-03 -2.41724495e-02 -1.45574741e-03 -1.00499690e-02 1.00669963e-02 3.62416822e-03 -2.76128965e-04 6.39722857e-04 -1.04222754e-02 -8.66642967e-03
3.20067210e-03 2.65099108e-03 7.14516500e-03 -2.45690718e-03 -1.47019560e-03 3.86144547e-03 -6.11827616e-03 1.46678584e-02 8.78000341e-04 6.05737418e-03 -6.05650945e-03 -2.17550923e-03 1.59643983e-04 -3.81858670e-04 6.23079762e-03 5.17869089e-03
-4.22481121e-03 -2.08936608e-03 -8.50267895e-03 3.38403741e-03 2.04498391e-03 -5.30737219e-03 8.52504838e-03 -2.07525119e-02 -1.24142994e-03 -8.57654400e-03 8.57289322e-03 3.08511220e-03 -2.27839701e-04 5.42116119e-04 -8.84548295e-03 -7.35198194e-03
7.84984510e-03 6.53148070e-03 2.13700123e-02 -8.39980226e-03 -4.96749906e-03 1.29647236e-02 -2.07348820e-02 5.04054762e-02 3.02099111e-03 2.08857581e-02 -2.09042970e-02 -7.51404651e-03 5.66838949e-04 -1.32433581e-03 2.15842072e-02 1.79458819e-02
-1.57463755e-02 -1.54706873e-02 -7.09681213e-02 2.76641678e-02 1.72722321e-02 -4.38538454e-02 7.21569359e-02 -1.75730675e-01 -1.05907852e-02 -7.31159300e-02 7.32403100e-02 2.63661500e-02 -2.00855825e-03 4.65395581e-03 -7.58218467e-02 -6.30480424e-02
5.02565829e-03 4.36887704e-03 1.49087049e-02 -5.59753226e-03 -3.34631372e-03 8.78595468e-03 -1.40376482e-02 3.40001620e-02 2.02997704e-03 1.40271708e-02 -1.40245259e-02 -5.03939250e-03 3.73860530e-04 -8.86144699e-04 1.44524463e-02 1.20139699e-02
7.64434412e-03 5.54995565e-03 1.80912279e-02 -6.71186997e-03 -3.94102093e-03 1.03010042e-02 -1.63978823e-02 3.96092609e-02 2.37326859e-03 1.63974948e-02 -1.63966846e-02 -5.89095429e-03 4.37301991e-04 -1.03584770e-03 1.68940630e-02 1.40433796e-02
-4.98775113e-03 -2.84678978e-03 -1.58374347e-02 6.56793220e-03 4.05268045e-03 -1.03118233e-02 1.69950388e-02 -4.13835570e-02 -2.49243993e-03 -1.72091741e-02 1.72354691e-02 6.20455062e-03 -4.72248765e-04 1.09503767e-03 -1.78408958e-02 -1.48350531e-02
6.47321297e-03 6.36459468e-03 2.29383670e-02 -8.66491720e-03 -5.25287818e-03 1.36581706e-02 -2.20552906e-02 5.32693937e-02 3.18838377e-03 2.20083538e-02 -2.20189020e-02 -7.92192388e-03 5.99274179e-04 -1.39685534e-03 2.27630027e-02 1.89265218e-02
-3.23369750e-04 8.20572255e-04 -2.24281510e-04 2.98096857e-04 2.47065967e-04 -5.16752654e-04 1.08602759e-03 -2.75651505e-03 -1.67794627e-04 -1.16020115e-03 1.17069378e-03 4.22668614e-04 -3.37945603e-05 7.51787447e-05 -1.22284004e-03 -1.01735501e-03
6.55457284e-03 5.62474597e-03 2.08848938e-02 -7.98829831e-03 -4.87662712e-03 1.24678537e-02 -2.03377642e-02 4.93965596e-02 2.96387449e-03 2.04725973e-02 -2.04889644e-02 -7.37232529e-03 5.58786094e-04 -1.30032061e-03 2.11883206e-02 1.76177397e-02
1.78151298e-03 4.03480651e-03 1.17997685e-02 -4.57186019e-03 -2.78361188e-03 7.09525216e-03 -1.16637424e-02 2.82837730e-02 1.70447293e-03 1.17678866e-02 -1.17866127e-02 -4.24322626e-03 3.23248707e-04 -7.48975552e-04 1.22021986e-02 1.01464884e-02
-1.09224580e-02 -8.35734420e-03 -3.16320807e-02 1.25436457e-02 7.70729082e-03 -1.97498016e-02 3.22289541e-02 -7.83694312e-02 -4.72369371e-03 -3.26172188e-02 3.26676443e-02 1.17559619e-02 -8.94342083e-04 2.07463559e-03 -3.38011049e-02 -2.81062201e-02
-9.29654576e-03 -7.04347203e-03 -1.92908254e-02 7.08771637e-03 4.13109455e-03 -1.08819725e-02 1.72816925e-02 -4.16391715e-02 -2.45445501e-03 -1.70319788e-02 1.71002578e-02 6.10335311e-03 -4.40684467e-04 1.06983935e-03 -1.74747054e-02 -1.45198386e-02
-5.24782715e-03 -4.25538188e-03 -8.31981655e-03 3.18093877e-03 1.56824302e-03 -4.54605091e-03 6.60899840e-03 -1.56746227e-02 -8.65959562e-04 -6.01119269e-03 5.96273085e-03 2.12603528e-03 -1.28281405e-04 3.64072068e-04 -6.00008108e-03 -4.97434055e-03
1.20722428e-02 8.34539346e-03 2.61598304e-02 -9.77432169e-03 -5.87125076e-03 1.53426006e-02 -2.46078037e-02 5.93795329e-02 3.56063247e-03 2.45944317e-02 -2.46484466e-02 -8.84698890e-03 6.59875514e-04 -1.55683106e-03 2.53842920e-02 2.11027898e-02
-5.57335792e-04 -5.87836839e-04 -2.23414926e-03 8.55952560e-04 5.24335657e-04 -1.35900080e-03 2.19161157e-03 -5.31500997e-03 -3.18913808e-04 -2.20302935e-03 2.20608269e-03 7.92634208e-04 -5.94307057e-05 1.39554031e-04 -2.27515283e-03 -1.89148344e-03
-9.77247953e-03 -7.76997302e-03 -2.83703431e-02 1.08415401e-02 6.59340806e-03 -1.71321649e-02 2.75135264e-02 -6.67019039e-02 -4.01385268e-03 -2.77060494e-02 2.77431514e-02 9.98114329e-03 -7.56338181e-04 1.76028640e-03 -2.86846608e-02 -2.38504764e-02
-7.85410497e-03 -6.69654459e-03 -2.49194335e-02 9.59475711e-03 5.84161934e-03 -1.51135437e-02 2.45366637e-02 -5.94730936e-02 -3.56979552e-03 -2.46424153e-02 2.46836580e-02 8.87465756e-03 -6.67700078e-04 1.56344206e-03 -2.54830718e-02 -2.11869627e-02
1.53694423e-02 1.15721654e-02 4.35838401e-02 -1.60186999e-02 -9.82687622e-03 2.52656136e-02 -4.12141681e-02 9.99932215e-02 5.98127441e-03 4.12115306e-02 -4.12715934e-02 -1.48571506e-02 1.12427876e-03 -2.61967396e-03 4.26885337e-02 3.54944244e-02
7.39572570e-05 1.98551570e-04 -1.03280516e-02 4.73829312e-03 2.99037457e-03 -7.56575307e-03 1.25667527e-02 -3.07079982e-02 -1.85575406e-03 -1.28116682e-02 1.28358239e-02 4.62200865e-03 -3.52356816e-04 8.15983454e-04 -1.32937422e-02 -1.10541824e-02
1.46610325e-03 2.00036610e-03 5.48599614e-03 -2.05521937e-03 -1.21784455e-03 3.14074219e-03 -5.07370755e-03 1.22723989e-02 7.35529989e-04 5.07962797e-03 -5.08355070e-03 -1.82840216e-03 1.38375151e-04 -3.22391861e-04 5.25346305e-03 4.36811429e-03
1.19897723e-02 7.42664048e-03 2.20933184e-02 -8.33138544e-03 -4.42650542e-03 1.26062455e-02 -1.88242588e-02 4.57286127e-02 2.60658935e-03 1.81790497e-02 -1.80097837e-02 -6.43497054e-03 4.10014734e-04 -1.11264270e-03 1.83161385e-02 1.51791861e-02
-3.03372443e-02 -2.21712589e-02 -6.66687116e-02 2.54990794e-02 1.40148513e-02 -3.65805700e-02 5.91477454e-02 -1.40008554e-01 -8.32971092e-03 -5.77876866e-02 5.79938926e-02 2.07883995e-02 -1.42922602e-03 3.59827373e-03 -5.90625517e-02 -4.90137972e-02
-2.46482180e-03 -3.33547965e-03 -9.64160264e-03 3.86475888e-03 2.32716952e-03 -5.93001302e-03 9.68940370e-03 -2.35826522e-02 -1.41952524e-03 -9.79513023e-03 9.80783161e-03 3.53051256e-03 -2.68238917e-04 6.22891530e-04 -1.01489043e-02 -8.43888428e-03
-3.28277890e-03 -3.24859633e-03 -1.51192481e-02 6.15055626e-03 3.81521229e-03 -9.76610463e-03 1.59726385e-02 -3.89895961e-02 -2.33853632e-03 -1.61519181e-02 1.61742102e-02 5.82144596e-03 -4.42755234e-04 1.02730165e-03 -1.67375766e-02 -1.39175477e-02
1.01359352e-03 9.53900279e-04 6.21774187e-03 -2.55214656e-03 -1.59267487e-03 4.05191258e-03 -6.68111071e-03 1.62777416e-02 9.82135418e-04 6.78051217e-03 -6.79238047e-03 -2.44529126e-03 1.86284276e-04 -4.31623776e-04 7.03199347e-03 5.84730087e-03
-9.04611964e-03 -8.38121958e-03 -3.33722606e-02 1.28448894e-02 7.83316232e-03 -2.00107824e-02 3.27873789e-02 -7.98281059e-02 -4.80378978e-03 -3.31550278e-02 3.32105570e-02 1.19508402e-02 -9.08122049e-04 2.10853620e-03 -3.43549624e-02 -2.85663418e-02
8.81912559e-03 7.74981780e-03 2.58041248e-02 -9.37867910e-03 -5.49720973e-03 1.46793276e-02 -2.32037213e-02 5.58604822e-02 3.31856660e-03 2.29436513e-02 -2.29762085e-02 -8.23876448e-03 5.85465517e-04 -1.44068303e-03 2.35406272e-02 1.95596740e-02
-3.10205203e-03 -2.96371011e-03 -1.11176837e-02 4.32238681e-03 2.64383131e-03 -6.77526463e-03 1.10866800e-02 -2.69622244e-02 -1.62045134e-03 -1.11871082e-02 1.12048108e-02 4.03219974e-03 -3.06658942e-04 7.11528701e-04 -1.15927234e-02 -9.63953044e-03
3.43655003e-03 2.96037039e-03 1.58056580e-02 -6.39589084e-03 -3.98626551e-03 1.01342602e-02 -1.66990440e-02 4.06892039e-02 2.45546503e-03 1.69516858e-02 -1.69810094e-02 -6.11372758e-03 4.65909892e-04 -1.07921613e-03 1.75823551e-02 1.46202724e-02
-2.48894561e-04 -6.78217679e-04 -2.58326484e-03 1.01123878e-03 6.25588524e-04 -1.60886603e-03 2.61533144e-03 -6.36317814e-03 -3.84019251e-04 -2.65171891e-03 2.65598809e-03 9.56069271e-04 -7.28371379e-05 1.68756902e-04 -2.74936785e-03 -2.28617899e-03
-1.05537148e-02 -1.27799166e-02 -5.01999781e-02 1.95349660e-02 1.19241951e-02 -3.08723059e-02 4.95746769e-02 -1.20638095e-01 -7.26172794e-03 -5.01582325e-02 5.01840897e-02 1.80591866e-02 -1.37101556e-03 3.18592275e-03 -5.19123636e-02 -4.31645773e-02
3.75169679e-04 1.62631471e-03 1.15983067e-02 -4.77300258e-03 -3.00394977e-03 7.62630533e-03 -1.26017286e-02 3.07228100e-02 1.85381947e-03 1.27980923e-02 -1.28203249e-02 -4.61583212e-03 3.51733179e-04 -8.14786123e-04 1.32743539e-02 1.10380258e-02
3.98306036e-03 4.42091748e-03 1.74105447e-02 -6.90875202e-03 -4.23227111e-03 1.07558826e-02 -1.77527163e-02 4.30228636e-02 2.59343092e-03 1.78916212e-02 -1.79212596e-02 -6.45155320e-03 4.91345127e-04 -1.13875838e-03 1.85526554e-02 1.54270269e-02
-3.21722170e-03 -3.34583269e-03 -1.51570160e-02 6.14086585e-03 3.74789676e-03 -9.49312653e-03 1.56608727e-02 -3.81258354e-02 -2.30048574e-03 -1.58813149e-02 1.59090646e-02 5.72738564e-03 -4.36328526e-04 1.01096241e-03 -1.64705068e-02 -1.36957010e-02
-4.07917378e-03 -4.14319104e-03 -1.60285756e-02 6.36353949e-03 3.87927331e-03 -9.98798758e-03 1.62321087e-02 -3.94881442e-02 -2.36546434e-03 -1.63551327e-02 1.63623095e-02 5.88687370e-03 -4.47221944e-04 1.03871245e-03 -1.69238988e-02 -1.40723987e-02
5.86454757e-03 6.42298255e-03 2.43094601e-02 -9.17487033e-03 -5.60887810e-03 1.44816199e-02 -2.35269405e-02 5.70805855e-02 3.43147526e-03 2.36913189e-02 -2.37212703e-02 -8.53690505e-03 6.48820656e-04 -1.50629983e-03 2.45421901e-02 2.04070695e-02
-6.82747643e-03 -6.43570069e-03 -2.42568497e-02 9.29901656e-03 5.65122161e-03 -1.44209266e-02 2.35285107e-02 -5.71280792e-02 -3.44170653e-03 -2.37611569e-02 2.37871055e-02 8.55955854e-03 -6.49388239e-04 1.50988740e-03 -2.46026758e-02 -2.04567909e-02
-1.84989814e-03 -3.71310767e-03 -6.87185116e-03 2.28098594e-03 1.39115483e-03 -3.60837718e-03 5.76695800e-03 -1.40695749e-02 -8.39911459e-04 -5.79840830e-03 5.80718182e-03 2.08983477e-03 -1.59076939e-04 3.68819135e-04 -6.00890396e-03 -4.99653909e-03
2.87918840e-03 4.76428214e-03 1.43652186e-02 -5.86856483e-03 -3.26427026e-03 8.59288964e-03 -1.36187486e-02 3.29065360e-02 1.97068695e-03 1.36229414e-02 -1.35986675e-02 -4.89441864e-03 3.69903340e-04 -8.62841029e-04 1.40617276e-02 1.16915302e-02
9.75208823e-03 1.05920639e-02 3.76620367e-02 -1.50841419e-02 -9.15345829e-03 2.34930348e-02 -3.84537503e-02 9.31874812e-02 5.61593380e-03 3.87707390e-02 -3.88276875e-02 -1.39724296e-02 1.06281962e-03 -2.46561598e-03 4.01715562e-02 3.34032737e-02
7.07842037e-03 5.83489239e-03 2.68346332e-02 -1.07184565e-02 -6.64387131e-03 1.69064160e-02 -2.78154798e-02 6.77605122e-02 4.08744719e-03 2.82199271e-02 -2.82677002e-02 -1.01774400e-02 7.75565568e-04 -1.79653638e-03 2.92687956e-02 2.43379045e-02
-1.69614591e-02 -1.64097268e-02 -6.72312230e-02 2.64214799e-02 1.63389649e-02 -4.19655181e-02 6.80552796e-02 -1.65496856e-01 -9.94923897e-03 -6.86945021e-02 6.87972456e-02 2.47611888e-02 -1.88505265e-03 4.37022978e-03 -7.12009072e-02 -5.92051297e-02
1.74489687e-03 1.35810825e-03 3.40522965e-03 -1.22866046e-03 -7.04192033e-04 1.90874608e-03 -2.94008502e-03 7.11491518e-03 4.09002503e-04 2.84520909e-03 -2.81681586e-03 -1.01144728e-03 6.37518096e-05 -1.74754474e-04 2.86983792e-03 2.38164747e-03
-2.90784345e-04 6.09451090e-05 -4.78246296e-03 2.07865424e-03 1.34234829e-03 -3.37210437e-03 5.65444259e-03 -1.38064129e-02 -8.36730818e-04 -5.77610731e-03 5.78769762e-03 2.08448223e-03 -1.59061892e-04 3.68050794e-04 -5.99600561e-03 -4.98592108e-03
-3.30541190e-03 -2.41632154e-03 -1.04348492e-02 4.08503972e-03 2.46741273e-03 -6.28651027e-03 1.03186928e-02 -2.50725299e-02 -1.50762778e-03 -1.04057835e-02 1.04210842e-02 3.74912610e-03 -2.84262380e-04 6.61283499e-04 -1.07753966e-02 -8.95956252e-03
-2.04509776e-03 -2.22224067e-03 -4.18997416e-03 1.44710694e-03 8.11807462e-04 -2.16079061e-03 3.33271921e-03 -8.00475664e-03 -4.77406225e-04 -3.29669495e-03 3.29523813e-03 1.18304056e-03 -8.85015397e-05 2.08205121e-04 -3.39405448e-03 -2.82172114e-03
1.25718517e-02 1.21007226e-02 5.33434115e-02 -2.10320763e-02 -1.29254330e-02 3.29434164e-02 -5.40963151e-02 1.31852970e-01 7.94220529e-03 5.48317544e-02 -5.49180619e-02 -1.97699331e-02 1.50570518e-03 -3.48951388e-03 5.68512790e-02 4.72733527e-02
-2.27299007e-03 -1.34635041e-03 -6.55435584e-03 2.67102849e-03 1.62047101e-03 -4.15531639e-03 6.78237667e-03 -1.64882056e-02 -9.92582063e-04 -6.85595861e-03 6.86384412e-03 2.47024512e-03 -1.87579906e-04 4.35815542e-04 -7.10112927e-03 -5.90458419e-03
-1.35016041e-02 -9.81483143e-03 -3.88433747e-02 1.50812082e-02 9.13684629e-03 -2.34526563e-02 3.82119045e-02 -9.30019766e-02 -5.59496367e-03 -3.86325456e-02 3.86783406e-02 1.39156776e-02 -1.05536776e-03 2.45443755e-03 -3.99941467e-02 -3.32545079e-02
7.21091824e-03 5.79477940e-03 1.82115100e-02 -6.78249588e-03 -4.18604212e-03 1.08270729e-02 -1.74032394e-02 4.23533283e-02 2.53468705e-03 1.75052527e-02 -1.75253414e-02 -6.30441541e-03 4.78488713e-04 -1.11212151e-03 1.81205738e-02 1.50672318e-02
1.42481877e-03 3.26300459e-03 5.28062694e-03 -1.34270685e-03 -7.10014370e-04 1.79569819e-03 -2.77283299e-03 6.53474173e-03 3.86418164e-04 2.65699066e-03 -2.65768589e-03 -9.54133226e-04 7.12382389e-05 -1.67853592e-04 2.73610954e-03 2.27473560e-03
-5.26340585e-03 -4.80983220e-03 -2.27052160e-02 9.15190298e-03 5.65405283e-03 -1.43833319e-02 2.37223078e-02 -5.76972924e-02 -3.47336452e-03 -2.39695329e-02 2.40090862e-02 8.64325929e-03 -6.57756987e-04 1.52534945e-03 -2.48516481e-02 -2.06646807e-02
9.16883908e-03 1.04304515e-02 4.03449610e-02 -1.65467542e-02 -1.01096341e-02 2.58440711e-02 -4.21321541e-02 1.02518417e-01 6.16850890e-03 4.26130220e-02 -4.26585749e-02 -1.53549500e-02 1.16878725e-03 -2.70984345e-03 4.41497602e-02 3.67114432e-02
