-3.81776765e-02 -2.38437038e-02 -7.96677452e-03 -1.67831167e-04 -4.87281568e-03 -4.12172358e-03 5.45865507e-04 1.49272326e-02 -1.82707421e-02 -5.91288460e-03 -1.38319526e-02 -5.25791245e-03 -3.62546905e-03 -4.41497238e-03 7.40383111e-04 2.66444571e-02
3.39868441e-02 2.18561888e-02 7.13057257e-03 1.76291971e-04 3.63814458e-03 3.15413857e-03 -4.18506737e-04 -1.12864478e-02 1.37562379e-02 4.46360325e-03 1.04256049e-02 3.95396864e-03 2.72661424e-03 3.32562486e-03 -5.58761880e-04 -2.00510025e-02
5.06900344e-03 2.92856479e-03 1.04445731e-03 6.18027625e-05 2.82411405e-04 3.06306873e-04 -3.76308526e-05 -9.40440921e-04 1.11267914e-03 3.62829334e-04 8.47080781e-04 3.17319209e-04 2.19099660e-04 2.69174983e-04 -4.55715162e-05 -1.61592441e-03
4.91584539e-02 3.06965224e-02 9.85223614e-03 1.69024046e-04 6.58953376e-03 5.41119883e-03 -7.16078444e-04 -2.00075544e-02 2.45431196e-02 7.93976896e-03 1.85712222e-02 7.07844039e-03 4.87889675e-03 5.93344076e-03 -9.93588124e-04 -3.58373076e-02
3.17658149e-02 2.07943320e-02 6.82378327e-03 2.42135589e-04 3.49026104e-03 3.30308266e-03 -3.97472788e-04 -1.09328888e-02 1.32748429e-02 4.30888915e-03 1.00448309e-02 3.82177788e-03 2.63484311e-03 3.20989056e-03 -5.38417778e-04 -1.93654727e-02
-1.92780718e-02 -1.37781193e-02 -4.93611582e-03 -1.74993402e-04 -2.21793097e-03 -2.17668526e-03 2.69101816e-04 7.05688447e-03 -8.46231729e-03 -2.75414297e-03 -6.43998990e-03 -2.42032972e-03 -1.67044275e-03 -2.05223355e-03 3.47960420e-04 1.23200361e-02
3.55627276e-02 2.41299774e-02 8.22509453e-03 1.38804127e-04 5.21786418e-03 4.64180671e-03 -5.84361667e-04 -1.60357915e-02 1.95377991e-02 6.35351799e-03 1.48672974e-02 5.60328411e-03 3.86572629e-03 4.73969663e-03 -8.04747164e-04 -2.84857918e-02
2.44953809e-03 1.77450036e-03 5.50973928e-04 1.58543571e-05 4.04453400e-04 3.41711653e-04 -4.48746650e-05 -1.23625738e-03 1.51438301e-03 4.90712759e-04 1.14741491e-03 4.35932714e-04 3.00576969e-04 3.66295601e-04 -6.14962337e-05 -2.20965850e-03
1.57777771e-01 1.04781672e-01 3.41356471e-02 7.81340757e-04 1.88354086e-02 1.63565651e-02 -2.09310674e-03 -5.75603992e-02 7.04520568e-02 2.28555314e-02 5.34994341e-02 2.02501919e-02 1.39652798e-02 1.70456897e-02 -2.86529656e-03 -1.02728583e-01
-5.06892102e-03 -3.48785217e-03 -9.59661382e-04 2.62809090e-06 -9.66782740e-04 -7.67773599e-04 1.02996652e-04 2.91246991e-03 -3.57371755e-03 -1.15556829e-03 -2.70328857e-03 -1.03092170e-03 -7.10551976e-04 -8.64039524e-04 1.44683436e-04 5.21905674e-03
-1.86036397e-02 -1.28568122e-02 -3.71304597e-03 -6.56658376e-05 -2.80777132e-03 -2.33478029e-03 3.07582959e-04 8.57469998e-03 -1.04879234e-02 -3.39517696e-03 -7.93959480e-03 -3.02313897e-03 -2.08393205e-03 -2.53588520e-03 4.24920348e-04 1.53110875e-02
-4.44502458e-02 -2.77132969e-02 -9.17551015e-03 -2.00723065e-04 -5.58230979e-03 -4.69628209e-03 6.25251036e-04 1.71511546e-02 -2.09483504e-02 -6.78176899e-03 -1.58683751e-02 -6.03020424e-03 -4.15816810e-03 -5.06688934e-03 8.50499258e-04 3.05669792e-02
1.63181368e-02 1.00183981e-02 3.56625486e-03 6.69288784e-05 1.80372316e-03 1.56620948e-03 -2.03019663e-04 -5.56395855e-03 6.80499524e-03 2.20511598e-03 5.15671866e-03 1.95786101e-03 1.35019806e-03 1.64560741e-03 -2.76213454e-04 -9.92619433e-03
4.66817729e-02 3.12768556e-02 1.08234715e-02 2.16610162e-04 6.00450626e-03 5.24651911e-03 -6.83839608e-04 -1.86245628e-02 2.26629600e-02 7.33257830e-03 1.71500221e-02 6.51692366e-03 4.49378043e-03 5.47694555e-03 -9.19509330e-04 -3.30366790e-02
-5.67754619e-02 -3.53001840e-02 -1.29180588e-02 -1.91477287e-04 -6.96839299e-03 -5.80111099e-03 7.66146288e-04 2.11856328e-02 -2.59570703e-02 -8.38976726e-03 -1.96252558e-02 -7.47971889e-03 -5.15582599e-03 -6.27086870e-03 1.05020194e-03 3.78733166e-02
1.87049598e-01 1.23454079e-01 3.44069004e-02 2.29103171e-05 2.92727947e-02 2.32215971e-02 -3.11104348e-03 -8.79235789e-02 1.08158484e-01 3.49707194e-02 8.18045884e-02 3.12064886e-02 2.15081926e-02 2.61494927e-02 -4.37786803e-03 -1.57967269e-01
-3.03212553e-03 -2.79609626e-03 -3.22711305e-04 1.15588955e-04 -1.77592132e-03 -1.25600887e-03 1.75435736e-04 5.15969377e-03 -6.43105013e-03 -2.07725656e-03 -4.86162491e-03 -1.85760891e-03 -1.28005166e-03 -1.55526563e-03 2.60241941e-04 9.39888228e-03
-4.82301340e-02 -3.17403898e-02 -9.21273511e-03 -1.55095870e-04 -6.80821529e-03 -5.59844077e-03 7.43424287e-04 2.07489971e-02 -2.54107099e-02 -8.21998343e-03 -1.92244109e-02 -7.32370932e-03 -5.04829222e-03 -6.14254037e-03 1.02906523e-03 3.70880216e-02
6.27280176e-02 4.22338098e-02 1.19143231e-02 1.07960775e-04 9.97839030e-03 8.01334810e-03 -1.07305462e-03 -3.01250406e-02 3.70032527e-02 1.19660087e-02 2.79894304e-02 1.06740929e-02 7.35697523e-03 8.94549862e-03 -1.49773865e-03 -5.40358089e-02
-1.01752505e-01 -6.27394766e-02 -1.64520834e-02 -4.92441177e-06 -1.59563813e-02 -1.27598355e-02 1.69394515e-03 4.80199270e-02 -5.90566993e-02 -1.90968029e-02 -4.46718559e-02 -1.70399081e-02 -1.17442897e-02 -1.42787769e-02 2.39052810e-03 8.62564817e-02
2.50644237e-02 1.50965480e-02 4.88010934e-03 7.44725112e-05 3.29192844e-03 2.73969746e-03 -3.62535706e-04 -1.00558046e-02 1.22838449e-02 3.97454435e-03 9.29690897e-03 3.54078598e-03 2.44086166e-03 2.96953809e-03 -4.97459725e-04 -1.79317724e-02
6.81176782e-03 -8.91013071e-04 2.82243243e-04 1.41020413e-04 -2.40914430e-03 -1.76897028e-03 2.43492686e-04 7.09491875e-03 -8.75926297e-03 -2.83084973e-03 -6.62306789e-03 -2.52894848e-03 -1.74277008e-03 -2.11809995e-03 3.54514632e-04 1.27980746e-02
5.60870320e-02 3.99878323e-02 1.19733298e-02 3.19573563e-04 7.29407556e-03 6.25526393e-03 -8.29093449e-04 -2.24881656e-02 2.74020266e-02 8.88049975e-03 2.07645800e-02 7.88588170e-03 5.43773593e-03 6.62909495e-03 -1.11294689e-03 -3.99776995e-02
2.10084990e-02 1.65899955e-02 5.93503565e-03 4.13914997e-04 1.54267915e-03 1.74746360e-03 -1.96403809e-04 -5.06281108e-03 6.07098686e-03 1.98580208e-03 4.64189099e-03 1.73238909e-03 1.19811308e-03 1.47448189e-03 -2.49402714e-04 -8.82900599e-03
-1.19568128e-03 -1.17004709e-03 -4.56316397e-04 -7.16813083e-05 9.89419204e-05 2.95156133e-06 -4.40655231e-06 -2.16669636e-04 2.91051489e-04 9.27012807e-05 2.17603505e-04 8.53858946e-05 5.86859969e-05 7.05320926e-05 -1.16847195e-05 -4.29041625e-04
-5.47474325e-02 -3.67017053e-02 -1.01543982e-02 -3.05614230e-05 -8.91551003e-03 -7.07156351e-03 9.49136098e-04 2.68441010e-02 -3.29960622e-02 -1.06684742e-02 -2.49565821e-02 -9.52023081e-03 -6.56149909e-03 -7.97754340e-03 1.33559143e-03 4.81914580e-02
5.21096960e-02 3.43115255e-02 1.24637578e-02 4.01630241e-04 6.15260052e-03 5.61759062e-03 -7.08844629e-04 -1.91627778e-02 2.33471431e-02 7.57738855e-03 1.77406967e-02 6.70761149e-03 4.62602405e-03 5.64802019e-03 -9.50839603e-04 -3.40344533e-02
1.01889007e-01 7.23981485e-02 2.20043529e-02 4.18827694e-04 1.44245503e-02 1.23505276e-02 -1.57473795e-03 -4.39019389e-02 5.38370870e-02 1.74354687e-02 4.07839566e-02 1.55100860e-02 1.06924307e-02 1.30157704e-02 -2.18181196e-03 -7.85702467e-02
3.43631171e-02 2.51650438e-02 1.02164606e-02 4.09407570e-04 2.68633361e-03 2.78110639e-03 -3.52299830e-04 -8.80950131e-03 1.04976911e-02 3.40635120e-03 8.03099386e-03 2.99326540e-03 2.07191496e-03 2.54440098e-03 -4.30147542e-04 -1.52755063e-02
6.38726400e-03 4.83669341e-03 2.15507369e-03 1.05886524e-04 5.06783021e-04 5.57054591e-04 -6.69463479e-05 -1.71680609e-03 2.03432934e-03 6.64422754e-04 1.55160483e-03 5.80288819e-04 4.00822813e-04 4.92718653e-04 -8.35434694e-05 -2.95660086e-03
-3.69040668e-02 -2.66762916e-02 -8.44188873e-03 -1.93860062e-04 -4.96782130e-03 -4.32041660e-03 5.67612122e-04 1.54887857e-02 -1.86993387e-02 -6.06511440e-03 -1.41566554e-02 -5.37388679e-03 -3.70503752e-03 -4.53018257e-03 7.64011638e-04 2.72614546e-02
6.97372388e-03 1.94170931e-03 -6.90588262e-04 -7.15079441e-05 1.86035805e-03 1.29346165e-03 -1.87006735e-04 -5.44598838e-03 6.76339585e-03 2.18427111e-03 5.10848127e-03 1.95363304e-03 1.34605437e-03 1.63579523e-03 -2.73821730e-04 -9.88399424e-03
5.03682941e-02 3.28320228e-02 9.55574494e-03 2.99524865e-04 6.92990143e-03 5.74792642e-03 -7.55473564e-04 -2.11442206e-02 2.58884821e-02 8.37298948e-03 1.95797514e-02 7.46454811e-03 5.14512835e-03 6.25792425e-03 -1.04802591e-03 -3.77947465e-02
-9.47862044e-02 -6.28416985e-02 -1.85558330e-02 -7.18646261e-05 -1.42245041e-02 -1.13344379e-02 1.53399270e-03 4.29996029e-02 -5.28159775e-02 -1.70760695e-02 -3.99573818e-02 -1.52361440e-02 -1.05012646e-02 -1.27679296e-02 2.13761698e-03 7.71281868e-02
3.07376198e-02 2.09561121e-02 5.44427335e-03 -1.79407507e-05 5.51845459e-03 4.38500894e-03 -5.89526491e-04 -1.66118313e-02 2.04258021e-02 6.60381233e-03 1.54493768e-02 5.89353638e-03 4.06187074e-03 4.93834121e-03 -8.26759089e-04 -2.98323929e-02
-3.48904878e-02 -2.35569291e-02 -6.31434191e-03 -6.21087675e-05 -5.23110060e-03 -4.27071983e-03 5.64384565e-04 1.58292633e-02 -1.94325205e-02 -6.28642039e-03 -1.47016011e-02 -5.60443895e-03 -3.86292068e-03 -4.69800923e-03 7.86736608e-04 2.83749532e-02
2.86791511e-02 2.02092100e-02 5.97396260e-03 1.30301138e-04 4.21067048e-03 3.49571952e-03 -4.59504576e-04 -1.28944777e-02 1.56989656e-02 5.07818907e-03 1.18782753e-02 4.52601956e-03 3.11974040e-03 3.79459444e-03 -6.35511300e-04 -2.29170714e-02
6.76671192e-02 4.64111418e-02 1.18827792e-02 -7.12142573e-05 1.36363059e-02 1.07064229e-02 -1.44004310e-03 -4.08836938e-02 5.02910428e-02 1.62603408e-02 3.80375050e-02 1.45112863e-02 1.00012869e-02 1.21594602e-02 -2.03570188e-03 -7.34546036e-02
3.01079527e-02 1.90622061e-02 5.97535633e-03 5.11725157e-05 4.56186337e-03 3.70316952e-03 -4.93459112e-04 -1.38376392e-02 1.69900376e-02 5.49523206e-03 1.28558958e-02 4.89929644e-03 3.37701268e-03 4.10744175e-03 -6.87908207e-04 -2.48067174e-02
-2.10848022e-02 -1.46787651e-02 -3.85159021e-03 -5.26679287e-07 -4.03425843e-03 -3.18662426e-03 4.28044412e-04 1.21162618e-02 -1.49055123e-02 -4.81930468e-03 -1.12734959e-02 -4.30058781e-03 -2.96401815e-03 -3.60367703e-03 6.03325025e-04 2.17694249e-02
-2.02586316e-02 -1.34214442e-02 -4.69549745e-03 -1.28892076e-04 -2.62654130e-03 -2.30359402e-03 2.98114872e-04 8.16378184e-03 -9.94210783e-03 -3.22071789e-03 -7.53326062e-03 -2.86171376e-03 -1.97314029e-03 -2.40377896e-03 4.03257640e-04 1.45036969e-02
3.97529602e-02 2.50348561e-02 7.57590123e-03 1.67912352e-04 5.28221019e-03 4.41517960e-03 -5.92297467e-04 -1.62502211e-02 1.98326334e-02 6.41851174e-03 1.50042288e-02 5.71378972e-03 3.93913500e-03 4.79435455e-03 -8.03650182e-04 -2.89427340e-02
-1.19979065e-02 -7.61593040e-03 -2.28282204e-03 -4.77871181e-05 -1.51245121e-03 -1.31363794e-03 1.68040337e-04 4.64127492e-03 -5.66983782e-03 -1.83603994e-03 -4.29404434e-03 -1.63395202e-03 -1.12642802e-03 -1.37071288e-03 2.29669982e-04 8.27598665e-03
-3.57873808e-03 -5.36608137e-03 -1.60021824e-03 -1.63636032e-05 -1.47976645e-03 -1.18614465e-03 1.58484472e-04 4.47229901e-03 -5.49145741e-03 -1.77584356e-03 -4.15395852e-03 -1.58402021e-03 -1.09175476e-03 -1.32756378e-03 2.22287301e-04 8.01897515e-03
-4.62287255e-02 -3.22281644e-02 -9.81461350e-03 -2.34678300e-04 -6.10051816e-03 -5.26022399e-03 6.84193394e-04 1.89408306e-02 -2.29415726e-02 -7.42594106e-03 -1.73575021e-02 -6.59157848e-03 -4.54596244e-03 -5.55949425e-03 9.34042211e-04 3.34438458e-02
4.13563661e-02 2.55413521e-02 7.96189159e-03 1.01753343e-04 5.69893094e-03 4.81489114e-03 -6.26908324e-04 -1.74264237e-02 2.12875418e-02 6.88918587e-03 1.61126051e-02 6.13559643e-03 4.22927598e-03 5.14572253e-03 -8.62107088e-04 -3.10703851e-02
6.66392744e-02 4.62034047e-02 1.26263844e-02 2.16740911e-04 9.39044636e-03 7.96457380e-03 -1.04193029e-03 -2.87235975e-02 3.51352543e-02 1.13927275e-02 2.65968833e-02 1.01260720e-02 6.98005501e-03 8.49501416e-03 -1.42461725e-03 -5.12852632e-02
6.15587644e-02 4.01053131e-02 9.96270869e-03 1.72338987e-05 1.08491099e-02 8.59433506e-03 -1.14902679e-03 -3.25952880e-02 4.00934406e-02 1.29638072e-02 3.03246733e-02 1.15685090e-02 7.97315221e-03 9.69370268e-03 -1.62289711e-03 -5.85589893e-02
-2.66896989e-02 -1.82330310e-02 -4.64167586e-03 2.48433571e-06 -5.27751260e-03 -4.16852906e-03 5.57995518e-04 1.58331450e-02 -1.94804743e-02 -6.29871851e-03 -1.47342542e-02 -5.62082650e-03 -3.87394428e-03 -4.70995111e-03 7.88534817e-04 2.84523629e-02
-4.69157286e-02 -3.13176326e-02 -8.09978507e-03 5.12490224e-05 -8.40471685e-03 -6.59366976e-03 8.87657166e-04 2.52028108e-02 -3.10098771e-02 -1.00259176e-02 -2.34542061e-02 -8.94788560e-03 -6.16694754e-03 -7.49763241e-03 1.25522737e-03 4.52930704e-02
-5.25418855e-02 -3.38662900e-02 -8.80349614e-03 3.29146642e-05 -8.46518297e-03 -6.67991303e-03 8.98710743e-04 2.54300535e-02 -3.12794037e-02 -1.01130987e-02 -2.36577671e-02 -9.02520120e-03 -6.22024992e-03 -7.56250788e-03 1.26609625e-03 4.56847325e-02
3.44635546e-02 2.40550712e-02 7.64101697e-03 1.75812325e-04 4.73858649e-03 4.08438500e-03 -5.25566924e-04 -1.45090809e-02 1.77677330e-02 5.75378584e-03 1.34572191e-02 5.11633791e-03 3.52733233e-03 4.29518661e-03 -7.20410666e-04 -2.59229019e-02
-3.22914124e-02 -2.02786811e-02 -5.97185828e-03 -7.47477607e-05 -4.57594078e-03 -3.71635938e-03 4.91130573e-04 1.38154496e-02 -1.69618372e-02 -5.48484223e-03 -1.28309065e-02 -4.89243772e-03 -3.37205990e-03 -4.10024822e-03 6.86514424e-04 2.47674994e-02
8.14136001e-04 8.79378873e-04 -5.18575544e-05 -2.81544362e-05 6.15449797e-04 4.40412870e-04 -6.15285389e-05 -1.79691066e-03 2.23102281e-03 7.19976495e-04 1.68419920e-03 6.45106542e-04 4.44442005e-04 5.39402186e-04 -9.01454259e-05 -3.26190144e-03
6.39021117e-03 2.62889103e-03 6.02633809e-04 1.06008054e-04 -1.99895323e-04 -7.18189840e-05 1.39148196e-05 4.91918065e-04 -6.34196913e-04 -2.04198615e-04 -4.79137059e-04 -1.83965123e-04 -1.26665036e-04 -1.53712579e-04 2.57043812e-05 9.29713715e-04
-4.45864871e-02 -2.86080353e-02 -9.35873762e-03 -1.88525242e-04 -5.99845173e-03 -5.26330760e-03 6.68120920e-04 1.85369141e-02 -2.24796273e-02 -7.28704920e-03 -1.70655027e-02 -6.46738103e-03 -4.46018064e-03 -5.43801300e-03 9.13727097e-04 3.27947810e-02
-1.78452097e-02 -1.08893802e-02 -3.20872525e-03 -8.17309046e-05 -2.34932220e-03 -1.93201925e-03 2.55610736e-04 7.14487024e-03 -8.75606760e-03 -2.83326721e-03 -6.62610494e-03 -2.52438569e-03 -1.74011115e-03 -2.11676722e-03 3.54541931e-04 1.27830580e-02
1.60587057e-02 1.10981520e-02 3.00206430e-03 2.82900546e-05 2.66598910e-03 2.13271752e-03 -2.86533090e-04 -8.06336012e-03 9.90402140e-03 3.20290355e-03 7.49195600e-03 2.85674608e-03 1.96900987e-03 2.39431462e-03 -4.00907767e-04 -1.44624310e-02
-1.40284477e-02 -1.03433747e-02 -2.80438876e-03 9.20932507e-06 -2.90865800e-03 -2.29816581e-03 3.08834336e-04 8.74002092e-03 -1.07471393e-02 -3.47470422e-03 -8.12947005e-03 -3.10068973e-03 -2.13705469e-03 -2.59828428e-03 4.35006281e-04 1.56958327e-02
-6.51243329e-02 -4.29839343e-02 -1.21941864e-02 4.45326004e-05 -1.18043022e-02 -9.32776090e-03 1.25060603e-03 3.54417861e-02 -4.36009690e-02 -1.40972035e-02 -3.29782851e-02 -1.25805968e-02 -8.67071468e-03 -1.05417473e-02 1.76486606e-03 6.36821911e-02
-1.09232236e-02 -7.58584961e-03 -2.47500069e-03 -3.09041425e-05 -1.76506676e-03 -1.45878480e-03 1.92810170e-04 5.36955474e-03 -6.57960586e-03 -2.12909561e-03 -4.97994199e-03 -1.89656171e-03 -1.30735640e-03 -1.59060908e-03 2.66483636e-04 9.60467476e-03
3.20635170e-01 2.21474797e-01 6.63462281e-02 2.88922427e-04 4.64139096e-02 3.83198448e-02 -5.02527691e-03 -1.40662789e-01 1.72661334e-01 5.58414496e-02 1.30659506e-01 4.97964844e-02 3.43226120e-02 4.17356566e-02 -6.98753120e-03 -2.52101094e-01
8.10519010e-02 5.44885918e-02 1.61203146e-02 1.22790167e-04 1.24581717e-02 1.02149500e-02 -1.34844601e-03 -3.77587415e-02 4.63007465e-02 1.49771823e-02 3.50338109e-02 1.33487405e-02 9.20150895e-03 1.11942030e-02 -1.87515619e-03 -6.75976574e-02
-6.59471452e-02 -4.29349765e-02 -1.24455206e-02 -2.61957437e-04 -8.31032638e-03 -6.89142197e-03 9.21523606e-04 2.54061669e-02 -3.10466662e-02 -1.00451671e-02 -2.34997086e-02 -8.95161647e-03 -6.17040833e-03 -7.50516448e-03 1.25690247e-03 4.53268625e-02
-2.40757279e-02 -1.61256045e-02 -5.25788823e-03 -1.32883564e-04 -2.81680305e-03 -2.45121098e-03 3.15348880e-04 8.66784249e-03 -1.06034195e-02 -3.43271974e-03 -8.02794285e-03 -3.05556413e-03 -2.10641441e-03 -2.56307423e-03 4.29400388e-04 1.54758310e-02
2.97213439e-02 1.95990391e-02 8.11490975e-03 3.54974734e-04 1.97078451e-03 2.24137190e-03 -2.75086932e-04 -6.84813177e-03 8.03642813e-03 2.61355261e-03 6.12551859e-03 2.29996396e-03 1.58655096e-03 1.94232329e-03 -3.27514950e-04 -1.16890697e-02
-3.82974744e-02 -2.59224549e-02 -8.36674124e-03 -1.27730498e-04 -5.77595737e-03 -4.76661697e-03 6.35160774e-04 1.75924394e-02 -2.15327032e-02 -6.96918974e-03 -1.63036697e-02 -6.20801095e-03 -4.27919207e-03 -5.20574348e-03 8.72089062e-04 3.14368047e-02
-8.75701904e-02 -5.86957857e-02 -1.50198713e-02 -2.09833175e-04 -1.26524167e-02 -1.02110952e-02 1.34942762e-03 3.80788408e-02 -4.68133613e-02 -1.51383439e-02 -3.54179777e-02 -1.35045499e-02 -9.30801407e-03 -1.13179814e-02 1.89501804e-03 6.83675855e-02
-8.25706124e-03 -5.80848008e-03 -1.95837626e-03 -5.66014787e-05 -1.11206400e-03 -1.00560533e-03 1.28572210e-04 3.46889324e-03 -4.21241485e-03 -1.36770937e-03 -3.19957826e-03 -1.20985787e-03 -8.34590464e-04 -1.01974863e-03 1.71713371e-04 6.14179391e-03
3.14499140e-02 2.09303685e-02 7.58473296e-03 1.89872342e-04 3.37710115e-03 3.06611718e-03 -4.00027202e-04 -1.06017580e-02 1.28815155e-02 4.18173103e-03 9.78183467e-03 3.70125123e-03 2.55334284e-03 3.11637041e-03 -5.23847062e-04 -1.87815931e-02
6.92068785e-02 4.81141433e-02 1.86589323e-02 2.57565931e-04 9.20918956e-03 7.75902253e-03 -1.01478840e-03 -2.81228777e-02 3.44461910e-02 1.11502493e-02 2.60740202e-02 9.92210675e-03 6.84026862e-03 8.32704082e-03 -1.39631017e-03 -5.02672084e-02
4.15980071e-02 2.72483341e-02 7.74708297e-03 1.17766111e-04 5.93594369e-03 4.85180039e-03 -6.44262531e-04 -1.80465225e-02 2.21564397e-02 7.16918334e-03 1.67662706e-02 6.38750987e-03 4.40301560e-03 5.35626663e-03 -8.97207239e-04 -3.23455185e-02
1.59896940e-01 1.04351938e-01 2.82639060e-02 6.06107293e-04 1.98071431e-02 1.66208502e-02 -2.20465939e-03 -6.05789721e-02 7.40984976e-02 2.39864253e-02 5.61044477e-02 2.13556327e-02 1.47215053e-02 1.79128814e-02 -3.00108362e-03 -1.08155392e-01
2.35423259e-02 1.44451186e-02 4.43157181e-03 6.80520825e-05 2.83158361e-03 2.37203389e-03 -3.15331825e-04 -8.70083366e-03 1.06447786e-02 3.44244880e-03 8.05253070e-03 3.07039823e-03 2.11624801e-03 2.57316721e-03 -4.30817629e-04 -1.55434739e-02
-8.13342910e-03 -5.13706496e-03 -1.92570244e-03 -4.35926304e-05 -7.03085796e-04 -6.50267641e-04 8.28775374e-05 2.21085199e-03 -2.69321958e-03 -8.72883305e-04 -2.04164605e-03 -7.73183303e-04 -5.33385901e-04 -6.51035749e-04 1.09463668e-04 3.92356049e-03
3.34604159e-02 2.25154050e-02 6.62914664e-03 1.34963047e-04 4.93386062e-03 4.17823903e-03 -5.43136615e-04 -1.51319522e-02 1.84891578e-02 5.98714780e-03 1.39972335e-02 5.32106915e-03 3.66923283e-03 4.47257422e-03 -7.51127664e-04 -2.69751977e-02
-5.31422123e-02 -3.29606161e-02 -9.50908475e-03 -2.07899589e-04 -7.19756028e-03 -5.99418115e-03 7.81524635e-04 2.18826775e-02 -2.68061496e-02 -8.67744721e-03 -2.02993564e-02 -7.72696687e-03 -5.32658212e-03 -6.48228778e-03 1.08623458e-03 3.91355306e-02
8.22512954e-02 5.56501821e-02 1.74194798e-02 7.26681610e-05 1.22560970e-02 9.90245957e-03 -1.32046349e-03 -3.71663682e-02 4.56317738e-02 1.47558041e-02 3.45186889e-02 1.31639363e-02 9.07297060e-03 1.10317562e-02 -1.84698938e-03 -6.66389838e-02
-2.46306621e-02 -1.68653186e-02 -5.82162198e-03 -1.40267832e-04 -3.09094577e-03 -2.72023724e-03 3.50130606e-04 9.56355967e-03 -1.16414279e-02 -3.77319241e-03 -8.82307626e-03 -3.34773096e-03 -2.30864622e-03 -2.81520118e-03 4.72763088e-04 1.69759188e-02
-3.06806546e-02 -1.86511986e-02 -6.86980877e-03 -2.03272459e-04 -3.49925621e-03 -3.09712184e-03 3.98094708e-04 1.08520305e-02 -1.32387280e-02 -4.29234281e-03 -1.00396387e-02 -3.80540220e-03 -2.62456969e-03 -3.20277340e-03 5.38420747e-04 1.93039253e-02
1.19796749e-02 7.79059343e-03 2.07391847e-03 9.18158403e-05 1.40054838e-03 1.20118691e-03 -1.59021482e-04 -4.33997763e-03 5.28410589e-03 1.71049649e-03 3.99912661e-03 1.52274990e-03 1.04970997e-03 1.27725687e-03 -2.13979481e-04 -7.71203730e-03
-2.97359731e-02 -2.06057653e-02 -6.99152471e-03 -1.40835429e-04 -3.98884574e-03 -3.45128379e-03 4.50807129e-04 1.22842472e-02 -1.49818137e-02 -4.84923786e-03 -1.13373874e-02 -4.31570457e-03 -2.97512859e-03 -3.62080405e-03 6.06817950e-04 2.18599960e-02
1.21997865e-02 8.67658202e-03 1.20229844e-03 -1.41465585e-04 3.77069088e-03 2.77935783e-03 -3.87260807e-04 -1.11606447e-02 1.37540642e-02 4.44464711e-03 1.04010077e-02 3.97217600e-03 2.73726298e-03 3.32621299e-03 -5.56614716e-04 -2.00995896e-02
-3.30050103e-02 -2.13818960e-02 -6.64772326e-03 -9.29505186e-05 -4.77922754e-03 -3.92659241e-03 5.22018585e-04 1.45655535e-02 -1.78367794e-02 -5.77211380e-03 -1.34985745e-02 -5.14222123e-03 -3.54459020e-03 -4.31242539e-03 7.22413242e-04 2.60403473e-02
1.10165842e-01 7.70203546e-02 2.01197490e-02 1.48132080e-04 1.81191731e-02 1.44271357e-02 -1.93792034e-03 -5.45574017e-02 6.70769513e-02 2.16890518e-02 5.07360511e-02 1.93529986e-02 1.33384680e-02 1.62171032e-02 -2.71505816e-03 -9.79657844e-02
4.50206501e-03 1.77352014e-03 4.26918967e-04 -3.22562073e-06 4.91045532e-04 3.85327905e-04 -5.18038833e-05 -1.47137791e-03 1.81046105e-03 5.85361384e-04 1.36938354e-03 5.22391871e-04 3.60038044e-04 4.37734532e-04 -7.32850312e-05 -2.64431629e-03
3.49723548e-02 2.59192511e-02 8.66920315e-03 2.65766430e-04 3.77997546e-03 3.50476964e-03 -4.49823536e-04 -1.19699147e-02 1.44239571e-02 4.68884734e-03 1.10098617e-02 4.14148113e-03 2.85674888e-03 3.49672977e-03 -5.90584474e-04 -2.10370813e-02
-4.17905077e-02 -2.90369317e-02 -1.00996308e-02 -4.54333785e-04 -4.57462296e-03 -4.60084481e-03 5.71096956e-04 1.48662198e-02 -1.76554359e-02 -5.74231567e-03 -1.34261483e-02 -5.04523283e-03 -3.48322676e-03 -4.28216206e-03 7.27118750e-04 2.56892964e-02
-2.60545779e-02 -1.55458581e-02 -4.77097742e-03 -8.18698754e-05 -2.99857161e-03 -2.53190310e-03 3.31287447e-04 9.15399659e-03 -1.12105785e-02 -3.62901064e-03 -8.49626120e-03 -3.22885159e-03 -2.22611078e-03 -2.71074031e-03 4.54537076e-04 1.63600706e-02
2.11339667e-02 1.48486104e-02 4.79232520e-03 1.06728010e-04 2.44434411e-03 2.15403014e-03 -2.76952487e-04 -7.57396268e-03 9.24058072e-03 2.99432850e-03 7.00865034e-03 2.65814341e-03 1.83323259e-03 2.23449990e-03 -3.75082716e-04 -1.34772444e-02
5.56986183e-02 3.63086984e-02 1.22927986e-02 2.91017175e-04 5.77114010e-03 5.14439633e-03 -6.46720524e-04 -1.77807491e-02 2.17721667e-02 7.04525458e-03 1.64804179e-02 6.27265405e-03 4.32431232e-03 5.26239304e-03 -8.81859101e-04 -3.17714959e-02
4.00336385e-02 2.60324441e-02 7.94381555e-03 1.22039317e-04 5.48036722e-03 4.54930216e-03 -6.00888510e-04 -1.66808572e-02 2.04295237e-02 6.61047688e-03 1.54696172e-02 5.88602806e-03 4.05795546e-03 4.93899966e-03 -8.27759155e-04 -2.98169758e-02
-7.34660700e-02 -4.67900708e-02 -1.72654800e-02 -2.55194493e-04 -9.17149521e-03 -7.76738580e-03 1.03144720e-03 2.82804202e-02 -3.44440266e-02 -1.11351581e-02 -2.60494910e-02 -9.91960615e-03 -6.83867000e-03 -8.32307246e-03 1.39460084e-03 5.02477549e-02
-3.08688097e-02 -2.09085159e-02 -6.34711795e-03 -2.14161482e-05 -4.63800970e-03 -3.71074025e-03 4.96878522e-04 1.39861321e-02 -1.71871651e-02 -5.55781880e-03 -1.30013693e-02 -4.95836791e-03 -3.41755920e-03 -4.15515248e-03 6.95655472e-04 2.51006298e-02
2.74697170e-02 1.87220909e-02 5.27535798e-03 5.98612496e-05 4.48211050e-03 3.61315650e-03 -4.82135394e-04 -1.35503337e-02 1.66384727e-02 5.38143842e-03 1.25880251e-02 4.79892129e-03 3.30771552e-03 4.02252702e-03 -6.73584582e-04 -2.42961049e-02
1.94662332e-03 1.75132719e-03 5.75214392e-04 2.95446825e-05 4.27169725e-04 3.92130867e-04 -5.03629926e-05 -1.34693971e-03 1.62821903e-03 5.28977136e-04 1.23527739e-03 4.67565784e-04 3.22462758e-04 3.94487346e-04 -6.67710992e-05 -2.37401575e-03
1.13401033e-01 8.21785778e-02 2.94056274e-02 1.20757741e-03 1.21850008e-02 1.09672938e-02 -1.46076514e-03 -3.83203961e-02 4.66134287e-02 1.51435463e-02 3.55205014e-02 1.33396955e-02 9.22306068e-03 1.13281999e-02 -1.92384026e-03 -6.79510832e-02
2.42554303e-02 1.63702648e-02 4.07776143e-03 -3.84147243e-05 4.97541483e-03 3.89341079e-03 -5.24344563e-04 -1.49027416e-02 1.83397569e-02 5.92943700e-03 1.38712190e-02 5.29197464e-03 3.64726339e-03 4.43424750e-03 -7.42364267e-04 -2.67872494e-02
1.78552384e-03 1.49293430e-03 3.81840480e-04 -5.46444517e-06 5.01250615e-04 3.88942164e-04 -5.25822543e-05 -1.49722537e-03 1.84480927e-03 5.96385740e-04 1.39522355e-03 5.32358303e-04 3.66900087e-04 4.46048391e-04 -7.46733713e-05 -2.69464217e-03
-1.86604238e-03 -2.88162939e-03 -8.56526720e-04 -6.89813578e-06 -8.02102033e-04 -6.47354580e-04 8.61881126e-05 2.42219237e-03 -2.97578773e-03 -9.62414721e-04 -2.25161342e-03 -8.58287094e-04 -5.91586868e-04 -7.19424279e-04 1.20469223e-04 4.34535323e-03
7.85362944e-02 5.20023927e-02 1.48797333e-02 6.48849018e-05 1.35564581e-02 1.07765142e-02 -1.44346687e-03 -4.08134684e-02 5.01502119e-02 1.62167363e-02 3.79394367e-02 1.44658806e-02 9.97063331e-03 1.21244881e-02 -2.03018473e-03 -7.32348934e-02
-3.19335833e-02 -2.33695507e-02 -8.63248762e-03 -2.06751793e-04 -4.11996292e-03 -3.67418304e-03 4.71595878e-04 1.27750197e-02 -1.55413905e-02 -5.03781019e-03 -1.17954258e-02 -4.46391059e-03 -3.07926186e-03 -3.76026565e-03 6.32655574e-04 2.26571113e-02
2.64167804e-02 1.68778189e-02 4.90636704e-03 5.57874519e-05 3.78849008e-03 3.07585928e-03 -4.09498025e-04 -1.14741186e-02 1.40644293e-02 4.54905909e-03 1.06424335e-02 4.05603182e-03 2.79572513e-03 3.40004778e-03 -5.69362834e-04 -2.05357838e-02
-1.89463906e-02 -1.26207769e-02 -3.69030656e-03 -3.45189692e-05 -2.63231527e-03 -2.13438459e-03 2.82362569e-04 7.95936119e-03 -9.78533365e-03 -3.16399662e-03 -7.40108173e-03 -2.82303174e-03 -1.94567337e-03 -2.36560218e-03 3.96048505e-04 1.42902248e-02
4.58305553e-02 3.28276679e-02 8.07176158e-03 -1.01332771e-04 1.05801336e-02 8.23134929e-03 -1.11303618e-03 -3.16657349e-02 3.89705710e-02 1.25990286e-02 2.94741858e-02 1.12453140e-02 7.75030255e-03 9.42252856e-03 -1.57747371e-03 -5.69217131e-02
6.70253038e-02 4.50298414e-02 1.31264627e-02 1.36247021e-04 1.09474203e-02 8.96104798e-03 -1.17403734e-03 -3.31219696e-02 4.06851247e-02 1.31617021e-02 3.07782441e-02 1.17336018e-02 8.08750838e-03 9.83597245e-03 -1.64723024e-03 -5.94059229e-02
1.48795499e-02 1.11209285e-02 2.90243444e-03 8.28998964e-07 3.27166519e-03 2.57184845e-03 -3.45944805e-04 -9.81712434e-03 1.20750917e-02 3.90413729e-03 9.13299713e-03 3.48397042e-03 2.40121409e-03 2.91944225e-03 -4.88775782e-04 -1.76359285e-02
-5.05960593e-03 -4.91133332e-03 -1.55577355e-03 -4.48907267e-05 -8.51238321e-04 -7.09430664e-04 9.61345795e-05 2.61180848e-03 -3.20117525e-03 -1.03472825e-03 -2.42037210e-03 -9.22789448e-04 -6.36017532e-04 -7.73414387e-04 1.29499967e-04 4.67166537e-03
1.19237769e-02 8.49147979e-03 2.10946263e-03 -2.77511408e-05 2.62669893e-03 2.05245661e-03 -2.76457140e-04 -7.86221679e-03 9.67593770e-03 3.12830624e-03 7.31828064e-03 2.79205269e-03 1.92429684e-03 2.33949162e-03 -3.91666748e-04 -1.41329132e-02
1.78472884e-02 1.22865047e-02 3.51800723e-03 6.66924461e-05 2.72352807e-03 2.26669619e-03 -2.98534927e-04 -8.31519440e-03 1.01621877e-02 3.29044159e-03 7.69197708e-03 2.93054804e-03 2.01993948e-03 2.45690881e-03 -4.11461166e-04 -1.48382736e-02
-2.31870729e-03 -1.32882863e-03 -3.96961404e-04 -2.25556164e-06 -2.90659635e-04 -2.34986437e-04 3.11882286e-05 8.76848469e-04 -1.07682648e-03 -3.48234695e-04 -8.14566738e-04 -3.10619740e-04 -2.14091997e-04 -2.60325964e-04 4.35874390e-05 1.57249148e-03
5.20282984e-02 3.49151567e-02 1.08066164e-02 1.53053435e-04 7.63541600e-03 6.21107221e-03 -8.24885268e-04 -2.31566206e-02 2.84461044e-02 9.20135994e-03 2.15214062e-02 8.20260681e-03 5.65390661e-03 6.87667122e-03 -1.15168456e-03 -4.15315293e-02
-2.53470019e-02 -1.75771415e-02 -4.88091400e-03 -2.06944042e-05 -3.75210564e-03 -3.02918558e-03 4.01652826e-04 1.13461176e-02 -1.39203845e-02 -4.50118119e-03 -1.05298357e-02 -4.01610602e-03 -2.76800129e-03 -3.36547499e-03 5.63454989e-04 2.03300100e-02
-8.85071140e-03 -5.52009651e-03 -1.90648041e-03 -1.45113067e-04 -6.55384676e-04 -6.62422739e-04 7.98412075e-05 2.09545414e-03 -2.53517390e-03 -8.23554990e-04 -1.91809761e-03 -7.28673011e-04 -5.02507668e-04 -6.12515549e-04 1.02811515e-04 3.69426399e-03
3.33950073e-02 2.40579043e-02 6.27692929e-03 1.11079527e-04 5.17566502e-03 4.20275191e-03 -5.60014858e-04 -1.56338532e-02 1.92067474e-02 6.21206267e-03 1.45315984e-02 5.53937443e-03 3.81809822e-03 4.64295363e-03 -7.77434849e-04 -2.80443504e-02
-1.13167996e-02 -6.31933380e-03 -2.13291449e-03 -6.13907032e-05 -7.47166050e-04 -6.63059764e-04 8.42650334e-05 2.31795921e-03 -2.83543789e-03 -9.17339115e-04 -2.14478956e-03 -8.17672291e-04 -5.63599984e-04 -6.85354229e-04 1.14751892e-04 4.13972186e-03
9.94079337e-02 6.47494420e-02 1.73363313e-02 1.18151511e-05 1.72951967e-02 1.38199776e-02 -1.84190704e-03 -5.20987250e-02 6.40385002e-02 2.07062941e-02 4.84382659e-02 1.84766520e-02 1.27343722e-02 1.54827042e-02 -2.59211753e-03 -9.35287625e-02
-7.77324010e-03 -4.87591093e-03 -1.73042924e-03 -6.09847048e-05 -7.55295740e-04 -7.23384146e-04 9.20771636e-05 2.43988307e-03 -2.91853654e-03 -9.49795882e-04 -2.21536006e-03 -8.34910548e-04 -5.76046179e-04 -7.07700150e-04 1.19822718e-04 4.24871407e-03
-5.62477997e-03 -3.91555857e-03 -1.04005681e-03 -9.01606654e-06 -9.70533350e-04 -7.77749112e-04 1.03595616e-04 2.92659784e-03 -3.59469489e-03 -1.16238929e-03 -2.71918182e-03 -1.03708380e-03 -7.14789203e-04 -8.69082345e-04 1.45504891e-04 5.24990540e-03
1.86238047e-02 1.10882092e-02 3.68931610e-03 8.04306619e-05 2.43418058e-03 1.98937417e-03 -2.65978568e-04 -7.41516566e-03 9.08575952e-03 2.93925405e-03 6.87641930e-03 2.61884113e-03 1.80523924e-03 2.19625141e-03 -3.67924687e-04 -1.32621499e-02
-2.11929157e-02 -1.38194095e-02 -4.16542543e-03 -9.37331934e-05 -2.69092713e-03 -2.26060697e-03 2.95040431e-04 8.21686257e-03 -1.00730713e-02 -3.25933984e-03 -7.62360357e-03 -2.90346099e-03 -2.00146576e-03 -2.43481086e-03 4.07838350e-04 1.47033399e-02
-8.87510628e-02 -5.84668517e-02 -1.71990879e-02 -1.66648009e-04 -1.39112677e-02 -1.11323548e-02 1.48434169e-03 4.19629700e-02 -5.15398905e-02 -1.66663174e-02 -3.89851704e-02 -1.48687102e-02 -1.02478946e-02 -1.24602346e-02 2.08616117e-03 7.52682239e-02
8.30685068e-03 5.44399768e-03 1.83854997e-03 9.86226587e-05 4.90335166e-04 5.11811057e-04 -6.04727757e-05 -1.58363348e-03 1.91854022e-03 6.22535998e-04 1.45370478e-03 5.51900244e-04 3.80583369e-04 4.63564327e-04 -7.77178429e-05 -2.79723620e-03
4.81435098e-02 2.92685516e-02 1.02461064e-02 2.94322497e-04 4.82021645e-03 4.13307967e-03 -5.34545397e-04 -1.48191079e-02 1.81135908e-02 5.86467097e-03 1.37157021e-02 5.21712331e-03 3.59692588e-03 4.37792810e-03 -7.33663153e-04 -2.64288485e-02
-2.29773223e-02 -1.50379464e-02 -4.83671529e-03 -8.09323974e-05 -2.53111310e-03 -2.23335554e-03 2.85053102e-04 7.86055438e-03 -9.56454314e-03 -3.09664360e-03 -7.24286586e-03 -2.75593321e-03 -1.89990678e-03 -2.31185090e-03 3.87320528e-04 1.39587633e-02
-1.22578451e-02 -7.58845825e-03 -2.56579742e-03 -3.29572867e-05 -1.66201498e-03 -1.34667044e-03 1.79874041e-04 5.04596205e-03 -6.19694870e-03 -2.00377591e-03 -4.68758959e-03 -1.78729044e-03 -1.23190135e-03 -1.49799488e-03 2.50824902e-04 9.04841349e-03
3.15701962e-02 2.28278395e-02 6.26854738e-03 6.43719104e-05 5.35448547e-03 4.29754378e-03 -5.78410341e-04 -1.62029006e-02 1.98773220e-02 6.42686337e-03 1.50344670e-02 5.73275844e-03 3.95137584e-03 4.80495719e-03 -8.04535637e-04 -2.90231947e-02
-3.53863724e-02 -2.37612166e-02 -5.65580931e-03 -1.47391780e-04 -4.76988964e-03 -3.94514157e-03 5.18093701e-04 1.45306187e-02 -1.78238079e-02 -5.76662831e-03 -1.34843197e-02 -5.14134439e-03 -3.54373525e-03 -4.30903304e-03 7.21481862e-04 2.60284208e-02
