-1.61180254e-02 -1.51272388e-02 -8.85665044e-03 -8.04989226e-03 -2.74762860e-03 -1.31161483e-02 1.33325311e-03 1.93063449e-02 -1.00170737e-02 -1.20018655e-02 -7.78741203e-03 1.28290057e-03 -1.28043005e-02 -3.97823751e-03 -1.49673317e-03 2.11853944e-02
6.10752553e-02 5.78461513e-02 3.36720310e-02 3.41647379e-02 1.11255050e-02 5.84124178e-02 -6.92992145e-03 -8.84281471e-02 4.57281359e-02 5.50669655e-02 3.57261412e-02 -5.87188499e-03 5.88323288e-02 1.82555635e-02 6.88384054e-03 -9.74479616e-02
4.47738543e-03 6.56431890e-04 9.04661953e-04 1.28166541e-03 3.28252732e-04 2.72664730e-03 -4.66166355e-04 -4.45904350e-03 2.30369507e-03 2.79018260e-03 1.81824714e-03 -2.97114078e-04 3.00532510e-03 9.28356138e-04 3.52818694e-04 -4.99648927e-03
2.62144264e-02 1.96641274e-02 1.21461917e-02 1.22563951e-02 3.84360482e-03 2.09497903e-02 -2.58647557e-03 -3.17833126e-02 1.64053962e-02 1.97793674e-02 1.28469123e-02 -2.10959022e-03 2.11664066e-02 6.56345999e-03 2.47783889e-03 -3.50784957e-02
1.66068058e-02 2.11174227e-02 1.13864653e-02 1.13266949e-02 3.91355250e-03 1.88470948e-02 -2.07385421e-03 -2.71482188e-02 1.39838746e-02 1.68677960e-02 1.09173730e-02 -1.79542298e-03 1.79860685e-02 5.58322482e-03 2.10439484e-03 -2.97895428e-02
-1.19166337e-02 -1.24187022e-02 -6.97023235e-03 -6.08602399e-03 -2.12756777e-03 -9.70327575e-03 7.57924921e-04 1.35944597e-02 -7.01431325e-03 -8.41193460e-03 -5.44344028e-03 9.03495180e-04 -8.93323310e-03 -2.79534049e-03 -1.03994366e-03 1.47114675e-02
2.14202963e-02 9.61665437e-03 7.15001859e-03 6.02114899e-03 1.48928585e-03 1.01727005e-02 -1.54067436e-03 -1.62359066e-02 8.34748335e-03 1.00692771e-02 6.55766018e-03 -1.07022643e-03 1.08326552e-02 3.33076320e-03 1.27236964e-03 -1.80346910e-02
4.68437735e-04 9.00753541e-04 4.20919794e-04 2.18003188e-04 9.89987020e-05 1.27843188e-04 3.73201910e-05 -4.44049874e-05 2.76113278e-05 2.91134347e-05 1.58393377e-05 -3.49262109e-06 2.08651509e-05 8.71503744e-06 1.87055048e-06 -2.54195602e-05
9.80133638e-02 7.97650218e-02 4.46015298e-02 3.91054712e-02 1.22852940e-02 6.47220239e-02 -6.99635828e-03 -9.46708173e-02 4.91478629e-02 5.91094457e-02 3.83578874e-02 -6.32024743e-03 6.29565790e-02 1.96048971e-02 7.34996097e-03 -1.04018934e-01
-7.79979024e-03 -6.21244218e-03 -3.97919025e-03 -3.81223648e-03 -1.28259475e-03 -6.67891232e-03 7.73760141e-04 1.01035209e-02 -5.19202417e-03 -6.25239173e-03 -4.06076387e-03 6.67495246e-04 -6.68947957e-03 -2.07517645e-03 -7.82812655e-04 1.10817254e-02
-2.89257569e-03 -2.50399020e-03 -1.09652919e-03 -8.23195442e-04 -3.28217167e-04 -1.17703155e-03 8.62103188e-05 1.62395625e-03 -8.30722798e-04 -1.00021728e-03 -6.46530825e-04 1.06663560e-04 -1.06060936e-03 -3.30121751e-04 -1.23754668e-04 1.75138144e-03
-2.36007720e-02 -1.82308871e-02 -1.08007826e-02 -1.02745350e-02 -3.40520870e-03 -1.70380641e-02 1.93281437e-03 2.56126989e-02 -1.32254623e-02 -1.59143582e-02 -1.03342347e-02 1.70102448e-03 -1.70135815e-02 -5.28309587e-03 -1.98986987e-03 2.81670354e-02
1.29815228e-02 1.14231501e-02 6.90281764e-03 6.05228683e-03 2.12510722e-03 1.02259144e-02 -1.13252550e-03 -1.51330614e-02 7.83156231e-03 9.42403451e-03 6.11366285e-03 -1.00714865e-03 1.00579718e-02 3.12514254e-03 1.17579440e-03 -1.66427605e-02
2.76979432e-02 2.28125732e-02 1.38309803e-02 1.25505393e-02 4.36350796e-03 2.13113725e-02 -2.31265556e-03 -3.16431038e-02 1.63554791e-02 1.96161680e-02 1.27322339e-02 -2.09679105e-03 2.09645052e-02 6.51168497e-03 2.45143706e-03 -3.46996188e-02
1.09211076e-02 1.24166375e-02 8.39286484e-03 9.87282302e-03 3.01878783e-03 1.75992418e-02 -2.26790039e-03 -2.70030815e-02 1.39510268e-02 1.68145411e-02 1.09247034e-02 -1.79390947e-03 1.80063993e-02 5.58278942e-03 2.10819859e-03 -2.98459064e-02
5.15907183e-02 4.88068759e-02 2.73818932e-02 2.76023857e-02 8.45261943e-03 4.87306826e-02 -6.24046614e-03 -7.45599568e-02 3.85133401e-02 4.64387350e-02 3.01705878e-02 -4.95406194e-03 4.97286953e-02 1.54178692e-02 5.82243782e-03 -8.24288428e-02
1.09903719e-02 1.64753944e-02 8.39919411e-03 8.79386440e-03 2.85382685e-03 1.38551975e-02 -1.49081508e-03 -2.04435755e-02 1.04869092e-02 1.26329781e-02 8.19988642e-03 -1.34721329e-03 1.35065252e-02 4.18887148e-03 1.58079760e-03 -2.23788209e-02
-2.43127123e-02 -1.76172014e-02 -1.01765469e-02 -1.01739150e-02 -3.33550735e-03 -1.71885956e-02 2.01770943e-03 2.59181280e-02 -1.33854225e-02 -1.61014628e-02 -1.04518514e-02 1.71856163e-03 -1.72129143e-02 -5.34375990e-03 -2.01371685e-03 2.85055917e-02
1.89396013e-02 1.67740881e-02 9.05802473e-03 8.84233974e-03 2.80629890e-03 1.49056166e-02 -1.78881630e-03 -2.25515831e-02 1.16404491e-02 1.40257087e-02 9.10880137e-03 -1.49589183e-03 1.50085948e-02 4.65378165e-03 1.75701350e-03 -2.48739514e-02
-4.98104170e-02 -3.65814008e-02 -2.28633322e-02 -2.61077005e-02 -8.07644892e-03 -4.66500409e-02 6.06357493e-03 7.15053082e-02 -3.69307697e-02 -4.45392579e-02 -2.89378967e-02 4.75138985e-03 -4.76969928e-02 -1.47879096e-02 -5.58456918e-03 7.90613294e-02
1.42997280e-02 1.30555788e-02 7.89986923e-03 7.61813438e-03 2.51578074e-03 1.29258316e-02 -1.46415131e-03 -1.93522535e-02 9.96469427e-03 1.20004825e-02 7.79170729e-03 -1.28075085e-03 1.28300041e-02 3.98016069e-03 1.50132668e-03 -2.12532189e-02
3.70795764e-02 4.64821532e-02 2.36457102e-02 2.34426614e-02 7.36481789e-03 3.84744965e-02 -4.62140609e-03 -5.79944476e-02 2.99366117e-02 3.60804982e-02 2.34362930e-02 -3.84942582e-03 3.86163071e-02 1.19748861e-02 4.52054478e-03 -6.39967769e-02
1.98848266e-02 2.23952979e-02 1.06381159e-02 9.26856883e-03 3.31709953e-03 1.42573910e-02 -1.09169132e-03 -2.03819089e-02 1.05029792e-02 1.26204332e-02 8.16741120e-03 -1.35222869e-03 1.34025263e-02 4.18836763e-03 1.56242272e-03 -2.21061129e-02
3.86123080e-03 -5.18507510e-03 -3.03145801e-03 -3.32735619e-03 -1.12406071e-03 -5.22891991e-03 4.91921091e-04 7.33077340e-03 -3.79346590e-03 -4.56872862e-03 -2.95820856e-03 4.89420025e-04 -4.84540965e-03 -1.51591271e-03 -5.65689523e-04 8.00420437e-03
-4.35357308e-03 -4.88212332e-03 -2.53321510e-03 -2.86870846e-03 -9.05477209e-04 -4.46371594e-03 5.07976743e-04 6.61966903e-03 -3.41472961e-03 -4.11303062e-03 -2.67007970e-03 4.38697753e-04 -4.39668680e-03 -1.36385404e-03 -5.14520798e-04 7.28377467e-03
-1.90987382e-02 -1.81912668e-02 -1.04331933e-02 -1.06813991e-02 -3.36210476e-03 -1.85661204e-02 2.35075480e-03 2.83904690e-02 -1.46512920e-02 -1.76642537e-02 -1.14757400e-02 1.88444520e-03 -1.89142339e-02 -5.86423511e-03 -2.21446040e-03 3.13502625e-02
3.41816731e-02 3.52310576e-02 2.08814200e-02 1.72483250e-02 6.39069825e-03 2.64403429e-02 -2.13799137e-03 -3.67044695e-02 1.90430228e-02 2.28547752e-02 1.48218023e-02 -2.44905963e-03 2.42335610e-02 7.57389423e-03 2.82183755e-03 -3.99174280e-02
4.96523827e-02 3.47807705e-02 1.91829689e-02 1.56134963e-02 5.02682943e-03 2.56402567e-02 -2.81782751e-03 -3.71824205e-02 1.92449428e-02 2.31753606e-02 1.50363119e-02 -2.47332710e-03 2.47100703e-02 7.67714158e-03 2.88823410e-03 -4.08810638e-02
1.47938784e-02 1.04584554e-02 5.90702426e-03 5.11086034e-03 1.65355252e-03 8.36291909e-03 -9.03509324e-04 -1.24414861e-02 6.41732896e-03 7.71444803e-03 5.01972344e-03 -8.28599674e-04 8.25053919e-03 2.56376131e-03 9.64434468e-04 -1.36510963e-02
4.64457879e-03 -1.46481907e-04 3.14310368e-04 7.26161350e-04 5.06416836e-05 1.75922527e-03 -3.78240278e-04 -3.10199917e-03 1.60362176e-03 1.94641668e-03 1.27314741e-03 -2.06148878e-04 2.11526547e-03 6.48039335e-04 2.49451434e-04 -3.53508489e-03
-1.74892303e-02 -1.70922950e-02 -9.20660421e-03 -8.03987868e-03 -2.82016210e-03 -1.32064335e-02 1.18815375e-03 1.93341784e-02 -9.93803050e-03 -1.19149322e-02 -7.69245252e-03 1.27351400e-03 -1.26601579e-02 -3.97667708e-03 -1.47610076e-03 2.08784472e-02
1.77983399e-02 2.10548043e-02 1.32123064e-02 1.43141616e-02 4.42933990e-03 2.55865920e-02 -3.26542277e-03 -3.89926136e-02 2.01263819e-02 2.42694262e-02 1.57681853e-02 -2.58906838e-03 2.59855017e-02 8.05648323e-03 3.04238289e-03 -4.30712961e-02
4.27929312e-02 4.17398289e-02 2.31501553e-02 2.50617098e-02 7.76716881e-03 4.03624997e-02 -4.91615571e-03 -6.08933084e-02 3.14119607e-02 3.78388129e-02 2.45714821e-02 -4.03661700e-03 4.04962115e-02 1.25574926e-02 4.74047102e-03 -6.71101883e-02
-4.94495891e-02 -4.27689925e-02 -2.53607053e-02 -2.55244765e-02 -8.19129962e-03 -4.47636358e-02 5.61414985e-03 6.86496422e-02 -3.54444087e-02 -4.27173711e-02 -2.77600456e-02 4.55728406e-03 -4.57402430e-02 -1.41815655e-02 -5.35527943e-03 7.58150816e-02
8.31090752e-03 1.04921050e-02 5.40205743e-03 5.49356593e-03 1.84949732e-03 9.76312719e-03 -1.18410913e-03 -1.48172453e-02 7.64733739e-03 9.21784714e-03 5.98954456e-03 -9.83291771e-04 9.87102557e-03 3.06038652e-03 1.15574058e-03 -1.63619388e-02
-1.74971540e-02 -1.62368305e-02 -8.88595544e-03 -9.32693016e-03 -2.98667583e-03 -1.61931049e-02 1.96980429e-03 2.44163517e-02 -1.26062306e-02 -1.51966102e-02 -9.86652914e-03 1.62070070e-03 -1.62560232e-02 -5.04141068e-03 -1.90279121e-03 2.69373190e-02
2.43349224e-02 2.20121220e-02 1.26131726e-02 1.36737516e-02 4.21622861e-03 2.35390645e-02 -2.95775780e-03 -3.58860381e-02 1.84904709e-02 2.22852826e-02 1.44768776e-02 -2.37722672e-03 2.38570850e-02 7.39697600e-03 2.79303500e-03 -3.95410135e-02
-1.58080496e-02 -1.73545796e-02 -1.00844856e-02 -1.04523432e-02 -3.14711034e-03 -1.76403821e-02 2.15188647e-03 2.67514121e-02 -1.37777561e-02 -1.66182779e-02 -1.07892947e-02 1.77170674e-03 -1.77829675e-02 -5.51389577e-03 -2.08191946e-03 2.94737779e-02
3.10388431e-02 2.58083735e-02 1.65319666e-02 1.69614647e-02 5.56226540e-03 2.95101069e-02 -3.69661185e-03 -4.49574068e-02 2.32223868e-02 2.79873293e-02 1.81815680e-02 -2.98592565e-03 2.99582407e-02 9.28949192e-03 3.50707653e-03 -4.96493764e-02
-1.99575350e-03 2.43601482e-03 7.38528324e-04 4.22080164e-04 1.52341236e-04 3.87215638e-04 -1.58298189e-05 -4.89296275e-04 2.53757928e-04 3.02739820e-04 1.95849454e-04 -3.21806547e-05 3.22383828e-04 9.99791591e-05 3.77237739e-05 -5.34040097e-04
-8.63042288e-03 -5.87450340e-03 -3.67887458e-03 -3.27259861e-03 -1.13675802e-03 -5.35828667e-03 5.76885766e-04 7.91477412e-03 -4.08128556e-03 -4.91077499e-03 -3.18663754e-03 5.24642004e-04 -5.24131954e-03 -1.62849412e-03 -6.12630334e-04 8.67139362e-03
2.28360854e-02 1.49470214e-02 9.02514067e-03 9.49023012e-03 3.12231015e-03 1.61169637e-02 -1.91080349e-03 -2.44767386e-02 1.26268715e-02 1.52080515e-02 9.87239182e-03 -1.62278628e-03 1.62666123e-02 5.04642213e-03 1.90382230e-03 -2.69511826e-02
-5.16613852e-03 -4.25339490e-03 -2.29332480e-03 -2.11717375e-03 -7.58503156e-04 -3.50355520e-03 3.51320166e-04 5.03027067e-03 -2.58906465e-03 -3.12027498e-03 -2.02375278e-03 3.32780124e-04 -3.32629890e-03 -1.03294011e-03 -3.88971413e-04 5.50595764e-03
1.55783829e-03 9.10259970e-03 4.49029077e-03 2.53571896e-03 9.10688716e-04 3.00684804e-03 -2.56595027e-04 -4.17680992e-03 2.14266917e-03 2.56777718e-03 1.66424015e-03 -2.73339916e-04 2.73781316e-03 8.49182426e-04 3.20301857e-04 -4.53431113e-03
-2.26835720e-02 -2.12027617e-02 -1.10471472e-02 -9.90799535e-03 -3.47434776e-03 -1.60835236e-02 1.54865766e-03 2.35095937e-02 -1.21195409e-02 -1.44592552e-02 -9.36158560e-03 1.55597238e-03 -1.54201770e-02 -4.85405233e-03 -1.79717469e-03 2.54259314e-02
2.28623822e-02 1.92809366e-02 1.15053644e-02 1.05077028e-02 3.67992395e-03 1.80457104e-02 -1.91988505e-03 -2.64336132e-02 1.36090908e-02 1.63732208e-02 1.06233340e-02 -1.74522283e-03 1.74753163e-02 5.42557333e-03 2.04429566e-03 -2.89380625e-02
3.57250795e-02 3.31671983e-02 1.72617957e-02 1.73591115e-02 5.97511139e-03 2.97133941e-02 -3.17627797e-03 -4.37779799e-02 2.25794353e-02 2.72784717e-02 1.76399145e-02 -2.90004630e-03 2.90274899e-02 9.01680812e-03 3.39512271e-03 -4.80552763e-02
3.64049003e-02 2.51667444e-02 1.64006371e-02 1.94666106e-02 5.93542354e-03 3.46643627e-02 -4.52394504e-03 -5.32839186e-02 2.75215991e-02 3.31901163e-02 2.15642732e-02 -3.54071031e-03 3.55444476e-02 1.10201295e-02 4.16170247e-03 -5.89176603e-02
-1.04492726e-02 -9.96634178e-03 -5.63296955e-03 -6.54595671e-03 -1.95233850e-03 -1.08135808e-02 1.34969829e-03 1.62690859e-02 -8.40375852e-03 -1.01332376e-02 -6.58092834e-03 1.08063943e-03 -1.08454414e-02 -3.36270174e-03 -1.26975216e-03 1.79759189e-02
-5.91732189e-02 -5.36262318e-02 -3.20104770e-02 -3.46680880e-02 -1.06450962e-02 -6.21373393e-02 8.11887439e-03 9.56652611e-02 -4.94115911e-02 -5.95883764e-02 -3.87171544e-02 6.35706773e-03 -6.38180524e-02 -1.97859686e-02 -7.47211790e-03 1.05783574e-01
-4.06187214e-02 -3.41100655e-02 -2.08403189e-02 -2.34432928e-02 -7.21736671e-03 -4.20042053e-02 5.46295336e-03 6.46112189e-02 -3.33725624e-02 -4.02432680e-02 -2.61475444e-02 4.29322291e-03 -4.30990197e-02 -1.33623108e-02 -5.04622655e-03 7.14399517e-02
1.19912550e-02 8.27489700e-03 4.69262619e-03 3.75750987e-03 1.26582931e-03 5.98157337e-03 -5.99456835e-04 -8.62290990e-03 4.46660025e-03 5.36687300e-03 3.48010869e-03 -5.73728990e-04 5.71600394e-03 1.77910086e-03 6.67437387e-04 -9.44552291e-03
-1.56717412e-02 -1.48721728e-02 -8.48842040e-03 -8.32439214e-03 -2.57437048e-03 -1.40532684e-02 1.67595618e-03 2.10563689e-02 -1.08688259e-02 -1.30873872e-02 -8.50069150e-03 1.39595161e-03 -1.40015222e-02 -4.34195949e-03 -1.63893111e-03 2.32020188e-02
-4.87453956e-03 -1.88496814e-03 -1.40976766e-03 -1.52463140e-03 -4.07639658e-04 -2.80229421e-03 4.04955470e-04 4.42132493e-03 -2.28542415e-03 -2.75865057e-03 -1.79366453e-03 2.94187164e-04 -2.96043721e-03 -9.16981546e-04 -3.46893212e-04 4.91142878e-03
-1.31409038e-02 -1.35716591e-02 -6.98297657e-03 -8.13857559e-03 -2.56848009e-03 -1.31587144e-02 1.59226754e-03 1.98585875e-02 -1.02431122e-02 -1.23439832e-02 -8.01618677e-03 1.31653354e-03 -1.32081062e-02 -4.09572292e-03 -1.54629361e-03 2.18907874e-02
-1.60999298e-02 -4.65163076e-03 -3.43791232e-03 -4.43311082e-03 -1.24231959e-03 -8.15270375e-03 1.19174027e-03 1.29419370e-02 -6.69916300e-03 -8.08698777e-03 -5.25543746e-03 8.61471635e-04 -8.68403353e-03 -2.68638600e-03 -1.01804733e-03 1.44153619e-02
-6.76404778e-03 -5.15141943e-03 -2.80338619e-03 -2.81318300e-03 -8.84974608e-04 -4.44782805e-03 5.11239807e-04 6.64516073e-03 -3.42822564e-03 -4.12953459e-03 -2.67984206e-03 4.40527714e-04 -4.41208435e-03 -1.36892928e-03 -5.16236934e-04 7.30794994e-03
5.46647469e-03 5.33720385e-03 2.80482019e-03 2.86913244e-03 9.50002810e-04 4.78667626e-03 -5.84186229e-04 -7.28331367e-03 3.76009592e-03 4.53028176e-03 2.94210366e-03 -4.83214681e-04 4.84734727e-03 1.50312053e-03 5.67440875e-04 -8.03318620e-03
-7.78717780e-03 -6.41566236e-03 -3.51809384e-03 -2.92931939e-03 -9.64992039e-04 -5.06123900e-03 6.09624723e-04 7.65954657e-03 -3.95359239e-03 -4.76077339e-03 -3.09408386e-03 5.07888733e-04 -5.09634335e-03 -1.58014544e-03 -5.96643426e-04 8.44669156e-03
-1.97766777e-02 -2.05138922e-02 -1.28418226e-02 -1.28103001e-02 -4.03140578e-03 -2.27587689e-02 2.91072438e-03 3.47573906e-02 -1.79500356e-02 -2.16453206e-02 -1.40632084e-02 2.30909046e-03 -2.31790934e-02 -7.18640443e-03 -2.71389284e-03 3.84208560e-02
-7.42234662e-03 -6.15953328e-03 -4.00061626e-03 -3.81416152e-03 -1.25308626e-03 -6.54011033e-03 7.66645710e-04 9.82356351e-03 -5.07189659e-03 -6.10895455e-03 -3.96614242e-03 6.51797920e-04 -6.53045159e-03 -2.02615024e-03 -7.64141325e-04 1.08173070e-02
5.37285507e-02 4.51226942e-02 2.12115943e-02 1.32659078e-02 4.99248039e-03 2.31003333e-02 -2.33471254e-03 -3.29441242e-02 1.69995446e-02 2.04418879e-02 1.32804420e-02 -2.17918609e-03 2.18317211e-02 6.77035656e-03 2.55471701e-03 -3.61665674e-02
1.31889228e-02 2.11586989e-02 1.05556054e-02 7.94395618e-03 2.99957604e-03 1.30195608e-02 -1.14158797e-03 -1.82950571e-02 9.42769926e-03 1.13117574e-02 7.33319391e-03 -1.21014181e-03 1.20563395e-02 3.74869490e-03 1.40819582e-03 -1.99310109e-02
-3.15347463e-02 -2.37226710e-02 -1.35280928e-02 -1.45723000e-02 -4.55533806e-03 -2.51359772e-02 3.11026908e-03 3.83448824e-02 -1.97806526e-02 -2.38477830e-02 -1.54924467e-02 2.54386873e-03 -2.55275629e-02 -7.91509263e-03 -2.98857223e-03 4.23092172e-02
-1.22751240e-02 -6.18680473e-03 -4.00228798e-03 -4.27251169e-03 -1.30071340e-03 -7.55776977e-03 9.78644122e-04 1.16023794e-02 -5.99251036e-03 -7.22610066e-03 -4.69477335e-03 7.70902552e-04 -7.73760350e-03 -2.39908160e-03 -9.05904511e-04 1.28249200e-02
1.49208549e-02 8.39789398e-03 4.90618218e-03 4.19926876e-03 1.41883572e-03 6.97724568e-03 -7.94505118e-04 -1.04583362e-02 5.38483262e-03 6.48305519e-03 4.21105791e-03 -6.91924477e-04 6.93142973e-03 2.15048902e-03 8.10797210e-04 -1.14775859e-02
-2.54452322e-02 -1.87110417e-02 -1.19903302e-02 -1.22811552e-02 -3.85471294e-03 -2.12818962e-02 2.62761186e-03 3.24106477e-02 -1.67252626e-02 -2.01665200e-02 -1.30996024e-02 2.15089717e-03 -2.15805825e-02 -6.69170776e-03 -2.52629165e-03 3.57643850e-02
-4.06003781e-02 -3.32417339e-02 -1.79198999e-02 -1.97177231e-02 -5.89720067e-03 -3.40140536e-02 4.32843948e-03 5.17675132e-02 -2.67372206e-02 -3.22388336e-02 -2.09469199e-02 3.43970256e-03 -3.45187895e-02 -1.07022263e-02 -4.04124614e-03 5.72121032e-02
-5.90233086e-03 -4.66892356e-03 -2.85763107e-03 -2.68948963e-03 -9.13136348e-04 -4.47008014e-03 4.66925296e-04 6.57778000e-03 -3.39663168e-03 -4.08958038e-03 -2.65286001e-03 4.37878945e-04 -4.35885927e-03 -1.35795004e-03 -5.08848985e-04 7.20101362e-03
1.47446971e-02 7.86558259e-03 4.86071315e-03 4.79013287e-03 1.54060801e-03 8.36345088e-03 -1.00877124e-03 -1.26852216e-02 6.55156374e-03 7.89691694e-03 5.12816384e-03 -8.43163638e-04 8.44347570e-03 2.62072217e-03 9.87857813e-04 -1.39839360e-02
3.89722623e-02 4.01811823e-02 2.63308045e-02 1.92936510e-02 6.54730294e-03 3.21343839e-02 -3.49326734e-03 -4.73276600e-02 2.44774669e-02 2.94360034e-02 1.90919358e-02 -3.14491987e-03 3.14257257e-02 9.75765940e-03 3.67329130e-03 -5.19931428e-02
2.26708166e-02 1.77786518e-02 9.28309187e-03 9.23963357e-03 3.08143604e-03 1.54522406e-02 -1.88831042e-03 -2.33682208e-02 1.20779108e-02 1.45523101e-02 9.44794342e-03 -1.55207876e-03 1.55635551e-02 4.82680229e-03 1.82167976e-03 -2.57889777e-02
7.22050890e-02 5.78145459e-02 2.93790512e-02 3.02008484e-02 9.88320354e-03 5.10095470e-02 -5.78101352e-03 -7.64646158e-02 3.94509584e-02 4.75304052e-02 3.08571197e-02 -5.06884512e-03 5.07895909e-02 1.57596320e-02 5.94338914e-03 -8.41360018e-02
1.99832674e-02 1.67814512e-02 9.87904426e-03 1.02688028e-02 3.40025709e-03 1.79295354e-02 -2.20495951e-03 -2.72684507e-02 1.40641890e-02 1.69551428e-02 1.10151330e-02 -1.80857722e-03 1.81531385e-02 5.62827289e-03 2.12537358e-03 -3.00890673e-02
-1.41203674e-02 -1.10711195e-02 -6.69089565e-03 -5.97932329e-03 -2.03528791e-03 -1.02790594e-02 1.17881026e-03 1.53576266e-02 -7.94930384e-03 -9.55801178e-03 -6.20483747e-03 1.02136831e-03 -1.02143446e-02 -3.17190052e-03 -1.19455403e-03 1.69090219e-02
1.69157851e-02 1.31397070e-02 7.34620402e-03 7.39800371e-03 2.60295975e-03 1.23413038e-02 -1.31456158e-03 -1.81081295e-02 9.36340448e-03 1.12449769e-02 7.28586596e-03 -1.20613282e-03 1.19914096e-02 3.73921217e-03 1.39955909e-03 -1.98041182e-02
-2.69277208e-02 -1.66897718e-02 -9.84516926e-03 -1.06336828e-02 -3.27071873e-03 -1.80965848e-02 2.24772003e-03 2.73870397e-02 -1.41370483e-02 -1.70461703e-02 -1.10714138e-02 1.81845948e-03 -1.82364825e-02 -5.65646635e-03 -2.13453872e-03 3.02178711e-02
2.47253440e-02 2.39126906e-02 1.35201216e-02 1.18956780e-02 4.02134936e-03 2.07965411e-02 -2.60169781e-03 -3.16440761e-02 1.63299888e-02 1.96861867e-02 1.27894152e-02 -2.09988700e-03 2.10765842e-02 6.53469050e-03 2.46761763e-03 -3.49342301e-02
-1.32399043e-02 -1.28945541e-02 -7.52814906e-03 -6.82970136e-03 -2.30159261e-03 -1.13680148e-02 1.20723515e-03 1.67031866e-02 -8.62797629e-03 -1.03728650e-02 -6.72708498e-03 1.10846572e-03 -1.10647706e-02 -3.43941199e-03 -1.29304163e-03 1.83016937e-02
-2.27487031e-02 -2.12515108e-02 -1.32570807e-02 -1.27609400e-02 -4.21840092e-03 -2.11025700e-02 2.43197358e-03 3.14284973e-02 -1.62540600e-02 -1.95616502e-02 -1.26960492e-02 2.08867993e-03 -2.08981168e-02 -6.48854161e-03 -2.44430802e-03 3.46001089e-02
1.75957587e-02 1.68450400e-02 8.12570658e-03 8.89248587e-03 2.91841570e-03 1.40575878e-02 -1.53545779e-03 -2.09832806e-02 1.07960077e-02 1.30028287e-02 8.43761209e-03 -1.38665095e-03 1.38942050e-02 4.31064703e-03 1.62585592e-03 -2.30160896e-02
-9.94455442e-03 -9.47802328e-03 -5.43493684e-03 -4.81415959e-03 -1.63737696e-03 -8.04809295e-03 8.57757113e-04 1.18726473e-02 -6.12124009e-03 -7.36470381e-03 -4.77880891e-03 7.85466982e-04 -7.86990300e-03 -2.44140229e-03 -9.20881750e-04 1.30362203e-02
-2.43403716e-04 6.27370551e-03 3.27181257e-03 2.82850978e-03 1.05343841e-03 4.18607192e-03 -3.69129033e-04 -5.65029774e-03 2.93835043e-03 3.51974368e-03 2.27853283e-03 -3.75827338e-04 3.74785694e-03 1.16420281e-03 4.37928335e-04 -6.19862368e-03
-2.12155171e-02 -1.57149509e-02 -1.00681894e-02 -1.09794233e-02 -3.45675228e-03 -1.92678887e-02 2.44762283e-03 2.94774529e-02 -1.52187394e-02 -1.83491763e-02 -1.19189881e-02 1.95735530e-03 -1.96423586e-02 -6.09055813e-03 -2.29955302e-03 3.25546861e-02
3.41361873e-02 3.68858911e-02 1.90160219e-02 2.02529095e-02 6.22416986e-03 3.47673595e-02 -4.38757101e-03 -5.31439930e-02 2.74418462e-02 3.30898203e-02 2.14977674e-02 -3.52983340e-03 3.54323909e-02 1.09853363e-02 4.14850609e-03 -5.87307923e-02
9.06702969e-03 7.42121320e-03 4.32281895e-03 4.77112317e-03 1.48325157e-03 8.35320912e-03 -1.06223242e-03 -1.27330553e-02 6.57717092e-03 7.93002173e-03 5.15176263e-03 -8.45878443e-04 8.48930050e-03 2.63215858e-03 9.93883819e-04 -1.40704308e-02
2.93208603e-02 3.31766009e-02 1.77457742e-02 1.60862729e-02 5.76556334e-03 2.62497552e-02 -2.58093048e-03 -3.83933410e-02 1.97411012e-02 2.38014180e-02 1.54784638e-02 -2.54565733e-03 2.53668912e-02 7.90178590e-03 2.96166260e-03 -4.19112481e-02
-8.62474367e-03 -7.36974459e-03 -3.01793613e-03 -1.68425904e-03 -9.32725379e-04 -1.30401668e-03 -3.87863256e-04 7.22279190e-04 -3.35417426e-04 -3.35686724e-04 -1.96723820e-04 4.34739159e-05 -2.83035857e-04 -1.21102377e-04 -2.72099915e-05 3.71969450e-04
-1.38008101e-02 -8.82579666e-03 -4.91610682e-03 -4.56822012e-03 -1.48976070e-03 -7.75871193e-03 8.95675970e-04 1.15892598e-02 -5.99003863e-03 -7.21138204e-03 -4.68575396e-03 7.70209124e-04 -7.70856859e-03 -2.39282101e-03 -9.01656284e-04 1.27634834e-02
3.43196071e-03 1.16502121e-03 2.48062366e-04 -2.35174375e-04 -4.80654235e-05 -5.33869723e-04 9.25894201e-05 8.93672870e-04 -4.61321993e-04 -5.58831613e-04 -3.63517232e-04 5.94732810e-05 -6.01986540e-04 -1.86013363e-04 -7.06399223e-05 1.00031972e-03
2.47357823e-02 1.89142060e-02 1.06700240e-02 1.00572091e-02 3.28945555e-03 1.71981510e-02 -2.03586696e-03 -2.55976077e-02 1.32269431e-02 1.59288645e-02 1.03453454e-02 -1.69971201e-03 1.70390289e-02 5.28559694e-03 1.99421938e-03 -2.82310396e-02
1.52062811e-02 1.40931532e-02 7.36447237e-03 6.31498545e-03 2.11635581e-03 1.03552761e-02 -1.08234747e-03 -1.52022205e-02 7.85399321e-03 9.43643134e-03 6.12862967e-03 -1.00898696e-03 1.00753754e-02 3.12910229e-03 1.17784517e-03 -1.66721884e-02
-3.27521488e-02 -2.16064788e-02 -1.36191137e-02 -1.15644187e-02 -3.84710892e-03 -1.98543835e-02 2.31250888e-03 2.99713593e-02 -1.54582569e-02 -1.85844544e-02 -1.20719709e-02 1.98430358e-03 -1.98922139e-02 -6.16964186e-03 -2.32814671e-03 3.29587273e-02
-2.95453034e-02 -2.52197888e-02 -1.59642417e-02 -1.74000897e-02 -5.36076212e-03 -3.10019925e-02 4.01177444e-03 4.76134159e-02 -2.45907083e-02 -2.96536628e-02 -1.92666259e-02 3.16349929e-03 -3.17554809e-02 -9.84541140e-03 -3.71805881e-03 5.26369400e-02
8.79851915e-03 8.41229036e-03 4.61422652e-03 4.69822623e-03 1.51166401e-03 7.81942438e-03 -9.35526856e-04 -1.17939310e-02 6.08737208e-03 7.33516319e-03 4.76330193e-03 -7.82452058e-04 7.84622505e-03 2.43335171e-03 9.18384292e-04 -1.30013051e-02
-1.53060015e-02 -1.80423949e-02 -1.18080657e-02 -1.17027517e-02 -4.06395784e-03 -1.95011422e-02 1.77958386e-03 2.80180778e-02 -1.44381365e-02 -1.73401125e-02 -1.12107396e-02 1.85868400e-03 -1.84214786e-02 -5.77616086e-03 -2.14576744e-03 3.03440429e-02
3.37813646e-02 2.61841044e-02 1.27399806e-02 8.14135466e-03 2.95019010e-03 9.27372556e-03 -2.26607197e-04 -1.24644628e-02 6.52271230e-03 7.77659193e-03 5.06054237e-03 -8.72497971e-04 8.16226285e-03 2.66517978e-03 9.43083665e-04 -1.33059500e-02
1.31315552e-02 1.12650618e-02 5.94248809e-03 6.70047943e-03 2.07530684e-03 1.14145912e-02 -1.45421794e-03 -1.74449831e-02 9.01133008e-03 1.08593879e-02 7.05432193e-03 -1.15858461e-03 1.16259381e-02 3.60482279e-03 1.36107160e-03 -1.92686711e-02
-6.52709790e-03 -5.95789310e-03 -3.32347327e-03 -3.68323922e-03 -1.19634008e-03 -6.43659243e-03 7.86297373e-04 9.74951778e-03 -5.01688011e-03 -6.05008565e-03 -3.92907392e-03 6.45285996e-04 -6.47328654e-03 -2.00735801e-03 -7.57755770e-04 1.07274298e-02
7.48810824e-03 1.00483568e-02 5.72202541e-03 5.23697538e-03 1.68714556e-03 8.79285019e-03 -1.03641360e-03 -1.31201362e-02 6.77578757e-03 8.16193875e-03 5.30174933e-03 -8.70589167e-04 8.73169117e-03 2.70764041e-03 1.02211838e-03 -1.44699914e-02
3.66846249e-02 2.64574401e-02 1.65789500e-02 1.71093196e-02 5.25865378e-03 2.95842625e-02 -3.75711662e-03 -4.52239662e-02 2.33549345e-02 2.81461477e-02 1.82863455e-02 -3.00300494e-03 3.01309638e-02 9.34298988e-03 3.52741010e-03 -4.99373227e-02
-7.83689786e-03 -6.28561247e-03 -3.53100128e-03 -2.46538687e-03 -8.73388664e-04 -3.88799165e-03 3.13400233e-04 5.48449159e-03 -2.83954409e-03 -3.39886383e-03 -2.20608944e-03 3.66944907e-04 -3.61504080e-03 -1.13168254e-03 -4.20393335e-04 5.94646856e-03
1.41557725e-02 1.26892012e-02 7.32030394e-03 7.58127030e-03 2.35472154e-03 1.30698606e-02 -1.62295601e-03 -1.98868457e-02 1.02613056e-02 1.23682460e-02 8.03491659e-03 -1.31937140e-03 1.32388612e-02 4.10493277e-03 1.54988060e-03 -2.19416246e-02
-9.58487298e-03 -5.26084425e-03 -3.55496979e-03 -4.13297163e-03 -1.25881692e-03 -7.41485041e-03 9.70874447e-04 1.14174038e-02 -5.89765701e-03 -7.11223343e-03 -4.62113740e-03 7.58755021e-04 -7.61706196e-03 -2.36157398e-03 -8.91840784e-04 1.26258843e-02
2.28447914e-02 1.82781592e-02 1.17539121e-02 1.34798307e-02 4.13344428e-03 2.40837708e-02 -3.12801008e-03 -3.69096957e-02 1.90664958e-02 2.29933672e-02 1.49392998e-02 -2.45288387e-03 2.46233903e-02 7.63419364e-03 2.88300333e-03 -4.08149697e-02
1.11002401e-02 2.14682939e-03 1.91128976e-03 2.44035339e-03 6.62305567e-04 4.59648343e-03 -6.49162510e-04 -7.32397242e-03 3.78245744e-03 4.56457492e-03 2.96901260e-03 -4.87299607e-04 4.89637628e-03 1.51746557e-03 5.73438243e-04 -8.11846834e-03
3.75489891e-02 2.75823381e-02 1.87341236e-02 2.23619658e-02 6.73966948e-03 3.93207446e-02 -5.12356311e-03 -6.04985990e-02 3.12476773e-02 3.76781113e-02 2.44801603e-02 -4.01961850e-03 4.03499007e-02 1.25101106e-02 4.72429488e-03 -6.68822750e-02
1.45982075e-02 2.02025846e-02 9.74210259e-03 9.06530302e-03 2.94305850e-03 1.44219622e-02 -1.62693486e-03 -2.17644833e-02 1.12489406e-02 1.35262152e-02 8.78624991e-03 -1.44269981e-03 1.44783342e-02 4.48901299e-03 1.69495994e-03 -2.39955354e-02
1.78935390e-03 4.78572911e-05 5.46408119e-04 9.06091533e-04 2.78716732e-04 1.98080274e-03 -2.70261837e-04 -3.08155548e-03 1.59163726e-03 1.92036503e-03 1.24785537e-03 -2.04885626e-04 2.05728645e-03 6.37812365e-04 2.40891313e-04 -3.41033586e-03
1.60438810e-02 1.52522735e-02 8.35125893e-03 8.65009800e-03 2.80794245e-03 1.45700863e-02 -1.71684742e-03 -2.18749475e-02 1.12595605e-02 1.35882171e-02 8.81744642e-03 -1.44781987e-03 1.45236552e-02 4.50370694e-03 1.70004135e-03 -2.40672268e-02
3.64034297e-03 5.14998194e-03 2.98392633e-03 2.86691613e-03 9.17877769e-04 4.90623014e-03 -5.78616746e-04 -7.34662265e-03 3.79077555e-03 4.56753466e-03 2.96615250e-03 -4.87162441e-04 4.88661835e-03 1.51529501e-03 5.72018616e-04 -8.09798483e-03
2.29927078e-02 2.30553281e-02 1.30190616e-02 1.19051542e-02 3.95815587e-03 1.95311476e-02 -2.33941362e-03 -2.93637235e-02 1.51808523e-02 1.82813369e-02 1.18687646e-02 -1.95000251e-03 1.95487831e-02 6.06364198e-03 2.28795013e-03 -3.23894322e-02
-4.27223602e-03 -6.90536899e-03 -2.42289505e-03 -1.37550710e-03 -5.14905842e-04 -2.21758359e-03 2.36488428e-04 3.19809467e-03 -1.63775927e-03 -1.97289139e-03 -1.28131011e-03 2.10364931e-04 -2.11030967e-03 -6.54366449e-04 -2.47047778e-04 3.49744479e-03
3.72837484e-03 6.31022640e-03 3.47688282e-03 3.94008355e-03 1.20083592e-03 5.97038493e-03 -6.65316242e-04 -8.78063962e-03 4.53271810e-03 5.46107115e-03 3.53927072e-03 -5.81864850e-04 5.83110051e-03 1.80910644e-03 6.82385755e-04 -9.66004562e-03
3.93963754e-02 3.41959856e-02 1.94677971e-02 2.18165703e-02 6.64188806e-03 3.77438962e-02 -4.74365475e-03 -5.75671084e-02 2.97397804e-02 3.58501151e-02 2.32895389e-02 -3.82412178e-03 3.83771956e-02 1.18992543e-02 4.49303398e-03 -6.36079460e-02
-5.87363727e-03 -7.86958635e-03 -4.25433367e-03 -4.35200194e-03 -1.35517155e-03 -7.49735162e-03 9.55071766e-04 1.14257978e-02 -5.89955319e-03 -7.11395731e-03 -4.62171342e-03 7.58870272e-04 -7.61773717e-03 -2.36179354e-03 -8.91908247e-04 1.26268324e-02
2.65849512e-02 1.03045674e-02 7.91301765e-03 9.82646085e-03 2.83457898e-03 1.78942680e-02 -2.42530461e-03 -2.78773569e-02 1.44098597e-02 1.73806790e-02 1.12945205e-02 -1.85451156e-03 1.86199043e-02 5.77265536e-03 2.18020147e-03 -3.08654513e-02
-5.90396114e-03 -4.69614891e-03 -2.81540072e-03 -2.61827488e-03 -9.63516766e-04 -4.31586849e-03 4.11145214e-04 6.32121088e-03 -3.25870421e-03 -3.91379837e-03 -2.53067608e-03 4.20485652e-04 -4.16674139e-03 -1.30351307e-03 -4.85011609e-04 6.86142128e-03
-1.84867587e-02 -1.16762463e-02 -8.86050239e-03 -1.09093534e-02 -3.29989078e-03 -1.98572185e-02 2.63152365e-03 3.06937322e-02 -1.58594716e-02 -1.91269442e-02 -1.24282166e-02 2.04059016e-03 -2.04868596e-02 -6.35161530e-03 -2.39873817e-03 3.39592285e-02
7.66147394e-04 -1.31276436e-04 -3.07811657e-04 -7.84282514e-04 -2.21628899e-04 -1.67409435e-03 2.46629643e-04 2.63857725e-03 -1.36341609e-03 -1.64814654e-03 -1.07146800e-03 1.75792957e-04 -1.76837354e-03 -5.47907490e-04 -2.07174744e-04 2.93317251e-03
-8.05078167e-03 -8.45448859e-03 -4.20246320e-03 -3.75738833e-03 -1.27765001e-03 -5.93722612e-03 6.55223383e-04 8.70202109e-03 -4.49573854e-03 -5.40961232e-03 -3.51097854e-03 5.77011378e-04 -5.77832293e-03 -1.79267977e-03 -6.76096301e-04 9.57097672e-03
-4.52568680e-02 -3.79916131e-02 -2.35483013e-02 -2.53339428e-02 -7.75389234e-03 -4.40953001e-02 5.66813489e-03 6.75200373e-02 -3.48600745e-02 -4.20312211e-02 -2.73061693e-02 4.48355172e-03 -4.50045764e-02 -1.39534129e-02 -5.26916655e-03 7.45959803e-02
6.27005612e-03 5.58868330e-03 3.01751867e-03 2.94042518e-03 9.54009069e-04 4.71137930e-03 -5.22086513e-04 -6.93032704e-03 3.57562210e-03 4.30893153e-03 2.79521011e-03 -4.59548610e-04 4.60140966e-03 1.42803974e-03 5.38322434e-04 -7.62045849e-03
2.21062507e-02 2.98704244e-02 1.59005746e-02 1.37078622e-02 4.42959415e-03 2.14017071e-02 -2.37991614e-03 -3.15145627e-02 1.62774883e-02 1.95805244e-02 1.27044646e-02 -2.08887761e-03 2.08994206e-02 6.48690388e-03 2.44481745e-03 -3.46082561e-02
-2.28346419e-02 -2.30115503e-02 -1.31080467e-02 -1.31807094e-02 -4.40847641e-03 -2.31656823e-02 2.82688765e-03 3.49164195e-02 -1.80028863e-02 -2.17005517e-02 -1.40947383e-02 2.31456594e-03 -2.32207682e-02 -7.20026996e-03 -2.71833059e-03 3.84831801e-02
-4.77929693e-03 -6.18215278e-03 -3.72385932e-03 -3.42469476e-03 -1.17483176e-03 -5.62033476e-03 6.74011884e-04 8.49195197e-03 -4.38599009e-03 -5.28087560e-03 -3.43039026e-03 5.63455513e-04 -5.65156387e-03 -1.75244757e-03 -6.61558879e-04 9.36559495e-03
-6.62576593e-03 -6.13409700e-03 -3.98340682e-03 -4.54391958e-03 -1.40520139e-03 -8.01318511e-03 1.02262653e-03 1.22969868e-02 -6.34975405e-03 -7.65342545e-03 -4.97242715e-03 8.16565822e-04 -8.19524378e-03 -2.54097790e-03 -9.59476107e-04 1.35833398e-02
-5.14042284e-03 -1.21539747e-02 -3.10777524e-03 -2.73533911e-03 -1.17798988e-03 -2.86482694e-03 1.29679524e-04 3.49229970e-03 -1.77253527e-03 -2.14283518e-03 -1.37881981e-03 2.26980133e-04 -2.26138835e-03 -7.02237536e-04 -2.64373259e-04 3.74223781e-03
