-3.35400179e-03 -2.12614238e-03 -9.06248949e-03 -3.30297742e-03 -8.07504542e-03 2.80307489e-03 -6.43777940e-03 3.47263627e-02 -1.03833433e-02 9.60818306e-03 -1.24274259e-02 3.89693305e-03 -1.03801880e-02 -6.09374931e-03 1.38393631e-02 6.08103303e-03
4.11913591e-03 -1.42145937e-03 -6.45709271e-03 -2.36856053e-03 -5.96585078e-03 2.07312475e-03 -4.79891943e-03 2.60303374e-02 -7.77010340e-03 7.20918644e-03 -9.31890309e-03 2.92287627e-03 -7.78712332e-03 -4.57158452e-03 1.03828600e-02 4.56231320e-03
-1.70962929e-04 -6.08873437e-04 -2.40753358e-03 -9.44186933e-04 -2.19451077e-03 7.59595481e-04 -1.71888946e-03 9.22439341e-03 -2.74928869e-03 2.54392857e-03 -3.28667532e-03 1.02978142e-03 -2.74251262e-03 -1.60987698e-03 3.65504110e-03 1.60583237e-03
4.61058179e-03 2.83475779e-03 1.24599868e-02 4.55508381e-03 1.10517973e-02 -3.86177003e-03 8.85563157e-03 -4.80801687e-02 1.43173644e-02 -1.33009655e-02 1.72052216e-02 -5.39674237e-03 1.43790804e-02 8.44161771e-03 -1.91737935e-02 -8.42540804e-03
2.28296733e-03 3.78694874e-03 1.48186311e-02 5.60788764e-03 1.37693007e-02 -4.84634051e-03 1.07175307e-02 -5.82875945e-02 1.73383430e-02 -1.61107145e-02 2.07925178e-02 -6.52397890e-03 1.73810683e-02 1.02045750e-02 -2.31743120e-02 -1.01827402e-02
-2.15283269e-03 -1.73882570e-03 -6.56826794e-03 -2.49164156e-03 -5.75954514e-03 2.03924673e-03 -4.55217902e-03 2.44875178e-02 -7.29570538e-03 6.75760256e-03 -8.73349421e-03 2.73767882e-03 -7.29173096e-03 -4.28048335e-03 9.71925445e-03 4.27032122e-03
6.26436854e-03 1.67192088e-03 7.66608957e-03 2.85906973e-03 6.37739478e-03 -2.20494019e-03 4.69251536e-03 -2.51001101e-02 7.52044097e-03 -6.96139224e-03 8.98290426e-03 -2.80830893e-03 7.47545483e-03 4.38888744e-03 -9.96067375e-03 -4.37479187e-03
1.83590528e-04 3.76397045e-04 1.66269415e-03 6.32823678e-04 1.57845183e-03 -5.53738733e-04 1.27022236e-03 -6.89129578e-03 2.05775583e-03 -1.90975203e-03 2.46923440e-03 -7.74282322e-04 2.06258637e-03 1.21086207e-03 -2.74976739e-03 -1.20819965e-03
1.89380758e-02 6.98229298e-03 2.39385981e-02 8.49362835e-03 1.94752794e-02 -6.99498644e-03 1.56758260e-02 -8.48299116e-02 2.53968388e-02 -2.35282890e-02 3.04274429e-02 -9.52562131e-03 2.53705997e-02 1.48932850e-02 -3.38150263e-02 -1.48572065e-02
-1.45825348e-03 -4.56776615e-04 -2.02500308e-03 -6.80744008e-04 -1.72978197e-03 5.89136151e-04 -1.34376565e-03 7.24597136e-03 -2.13972549e-03 1.98316411e-03 -2.56522023e-03 8.04547162e-04 -2.14316184e-03 -1.25810446e-03 2.85721337e-03 1.25544704e-03
-1.68576068e-03 -1.92483363e-03 -7.93601852e-03 -2.97370367e-03 -7.33164418e-03 2.51862546e-03 -5.73768141e-03 3.11335232e-02 -9.25916247e-03 8.60025175e-03 -1.11195464e-02 3.48723796e-03 -9.29066818e-03 -5.45411045e-03 1.23872748e-02 5.44310547e-03
-4.75581270e-03 -2.74794595e-03 -1.17549803e-02 -4.33192914e-03 -1.06219547e-02 3.68022453e-03 -8.51675682e-03 4.62408997e-02 -1.37828300e-02 1.27919046e-02 -1.65504478e-02 5.19250846e-03 -1.38332499e-02 -8.12119339e-03 1.84450150e-02 8.10496323e-03
1.90904667e-03 4.40414529e-04 1.76330027e-03 5.75369108e-04 1.42831716e-03 -4.77483438e-04 1.06972654e-03 -5.75094903e-03 1.71860005e-03 -1.59176509e-03 2.05717632e-03 -6.44725631e-04 1.71687605e-03 1.00785191e-03 -2.28847819e-03 -1.00549147e-03
4.80172317e-03 2.97762081e-03 1.26684755e-02 4.51046880e-03 1.12835653e-02 -3.87729239e-03 8.82955641e-03 -4.77014929e-02 1.42318374e-02 -1.31599326e-02 1.70204099e-02 -5.33930026e-03 1.42230103e-02 8.34975205e-03 -1.89623795e-02 -8.33195262e-03
-2.80144648e-03 -2.70984671e-03 -1.20763648e-02 -4.17408906e-03 -1.02326879e-02 3.63759906e-03 -8.37603677e-03 4.54980172e-02 -1.35786887e-02 1.25833787e-02 -1.62815508e-02 5.10977255e-03 -1.36148985e-02 -7.99304992e-03 1.81560442e-02 7.97835644e-03
6.94292039e-03 2.64961272e-03 1.04229581e-02 3.28956149e-03 8.07611831e-03 -2.85471999e-03 6.52164081e-03 -3.52360345e-02 1.05055664e-02 -9.75542888e-03 1.26172611e-02 -3.95991420e-03 1.05500417e-02 6.19395310e-03 -1.40695674e-02 -6.18268456e-03
-1.51664484e-03 5.42856578e-04 2.51876959e-03 9.30794165e-04 2.57712044e-03 -9.29852657e-04 2.19410867e-03 -1.20734526e-02 3.60615621e-03 -3.35385813e-03 4.34106169e-03 -1.36285846e-03 3.63186141e-03 2.13230867e-03 -4.84383572e-03 -2.12859432e-03
-4.14420804e-03 -2.31240038e-03 -9.43591818e-03 -3.49997776e-03 -8.50159954e-03 2.90168216e-03 -6.62088068e-03 3.57831866e-02 -1.06680859e-02 9.87184886e-03 -1.27622671e-02 4.00135899e-03 -1.06589096e-02 -6.25770167e-03 1.42089827e-02 6.24306547e-03
2.07378343e-03 3.00281215e-03 1.24659780e-02 4.56541218e-03 1.13248834e-02 -3.96228814e-03 9.15516075e-03 -4.96781655e-02 1.48001881e-02 -1.37430951e-02 1.77776981e-02 -5.57831954e-03 1.48633271e-02 8.72602034e-03 -1.98207051e-02 -8.70984700e-03
-5.62668592e-03 -3.66017129e-03 -1.61047969e-02 -6.00044150e-03 -1.52635956e-02 5.40639879e-03 -1.24326916e-02 6.80423826e-02 -2.02742424e-02 1.88517533e-02 -2.43920386e-02 7.65549392e-03 -2.03990657e-02 -1.19763259e-02 2.72048619e-02 1.19548701e-02
2.15627439e-03 1.17293920e-03 5.06533636e-03 1.81067374e-03 4.48260363e-03 -1.55954040e-03 3.55992769e-03 -1.92376412e-02 5.71448216e-03 -5.30166132e-03 6.85720844e-03 -2.15043314e-03 5.72840637e-03 3.36286728e-03 -7.63757760e-03 -3.35600483e-03
2.35305820e-03 3.29474732e-03 1.39944898e-02 5.23214787e-03 1.28397988e-02 -4.49624518e-03 1.03667434e-02 -5.63395210e-02 1.67868510e-02 -1.55942449e-02 2.01765280e-02 -6.33121654e-03 1.68689974e-02 9.90360044e-03 -2.24949382e-02 -9.88488365e-03
3.87276709e-03 3.25560244e-03 1.09026488e-02 4.04369365e-03 9.54214297e-03 -3.26874200e-03 7.43861450e-03 -3.96246426e-02 1.17956568e-02 -1.09282583e-02 1.41189424e-02 -4.42287698e-03 1.17774513e-02 6.91447547e-03 -1.56957600e-02 -6.89551188e-03
1.71335426e-03 1.44755503e-03 4.51403949e-03 1.93918298e-03 3.89304291e-03 -1.38638716e-03 3.11992667e-03 -1.69711020e-02 5.06232586e-03 -4.70061041e-03 6.07808633e-03 -1.90543709e-03 5.07439487e-03 2.97975936e-03 -6.76589739e-03 -2.97282077e-03
2.27828394e-04 -1.18003816e-04 -4.21504927e-04 -2.19563648e-04 -3.99992015e-04 1.43963043e-04 -3.37099977e-04 1.85284473e-03 -5.52516198e-04 5.13815205e-04 -6.65010593e-04 2.08779747e-04 -5.56370302e-04 -3.26650421e-04 7.42030970e-04 3.26080975e-04
-1.39584253e-03 -2.19939929e-03 -8.83445423e-03 -3.09067452e-03 -7.77061330e-03 2.68216454e-03 -6.19141245e-03 3.36563736e-02 -1.00098057e-02 9.29746963e-03 -1.20280357e-02 3.77484923e-03 -1.00580407e-02 -5.90483937e-03 1.34126740e-02 5.89396851e-03
4.94684931e-03 3.85703659e-03 1.64468028e-02 6.22945419e-03 1.45534873e-02 -5.01937326e-03 1.11975865e-02 -6.02886230e-02 1.80130061e-02 -1.66867226e-02 2.15838477e-02 -6.75431406e-03 1.79890394e-02 1.05595952e-02 -2.39750259e-02 -1.05328597e-02
1.27843907e-02 6.70129899e-03 2.66537406e-02 9.58039984e-03 2.20729690e-02 -7.87183549e-03 1.69832204e-02 -9.15955082e-02 2.73818951e-02 -2.53785066e-02 3.28018479e-02 -1.02664344e-02 2.73428410e-02 1.60498973e-02 -3.64430211e-02 -1.60116553e-02
-1.97923859e-04 -1.93806645e-03 -7.97896553e-03 -2.90459231e-03 -7.00891810e-03 2.45140120e-03 -5.62965777e-03 3.04640271e-02 -9.07354243e-03 8.41547269e-03 -1.08997487e-02 3.41811520e-03 -9.10155568e-03 -5.34315826e-03 1.21345920e-02 5.33199729e-03
-5.19407098e-04 -8.01855582e-04 -3.40097165e-03 -1.26399496e-03 -3.01704905e-03 1.02717697e-03 -2.31758947e-03 1.25409914e-02 -3.73658095e-03 3.46236094e-03 -4.47401358e-03 1.40171440e-03 -3.73279466e-03 -2.19133100e-03 4.97518806e-03 2.18581036e-03
-2.84077972e-03 -2.62654852e-03 -1.06299939e-02 -3.87931406e-03 -9.53497645e-03 3.33597255e-03 -7.64195062e-03 4.14430983e-02 -1.23237269e-02 1.14147486e-02 -1.47420289e-02 4.62443847e-03 -1.23205688e-02 -7.23527512e-03 1.64262448e-02 7.21666543e-03
-2.99821887e-03 -5.08509809e-03 -2.23374162e-02 -7.90564250e-03 -1.99968480e-02 7.16887927e-03 -1.64590869e-02 8.99879336e-02 -2.67931074e-02 2.49027610e-02 -3.22256871e-02 1.01123555e-02 -2.69446988e-02 -1.58188567e-02 3.59331854e-02 1.57904327e-02
5.83384046e-03 8.90066195e-03 3.88733000e-02 1.54051771e-02 3.65361013e-02 -1.27577623e-02 2.93195639e-02 -1.59922153e-01 4.76212278e-02 -4.42164131e-02 5.71947955e-02 -1.79513562e-02 4.78317626e-02 2.80810576e-02 -6.37840480e-02 -2.80285776e-02
-6.90772338e-03 -6.06216956e-03 -2.60862410e-02 -9.16462764e-03 -2.34212074e-02 8.09126068e-03 -1.89180672e-02 1.02759890e-01 -3.06142829e-02 2.84275003e-02 -3.67999934e-02 1.15447612e-02 -3.07617225e-02 -1.80600416e-02 4.10238877e-02 1.80274304e-02
3.15975095e-03 1.40159368e-03 5.10257948e-03 1.66945660e-03 4.55497811e-03 -1.50848576e-03 3.43686948e-03 -1.81123894e-02 5.37883490e-03 -4.98404214e-03 6.45285100e-03 -2.02278187e-03 5.39007178e-03 3.16444901e-03 -7.18814926e-03 -3.15874675e-03
-2.41580536e-03 -2.18797917e-03 -9.06545389e-03 -3.35117104e-03 -8.36314633e-03 2.94228736e-03 -6.70315651e-03 3.63675877e-02 -1.08358338e-02 1.00634731e-02 -1.30112506e-02 4.08142991e-03 -1.08739976e-02 -6.38373988e-03 1.44988056e-02 6.37096446e-03
-7.29715335e-04 9.47844121e-04 4.37430153e-03 1.68713869e-03 4.45947098e-03 -1.59909541e-03 3.75094754e-03 -2.05756016e-02 6.14030287e-03 -5.71023719e-03 7.39007303e-03 -2.31995527e-03 6.18226454e-03 3.62965907e-03 -8.24516360e-03 -3.62327346e-03
1.36355963e-03 -9.29558009e-05 -1.26329297e-03 -5.46612311e-04 -1.56356196e-03 5.63697075e-04 -1.35573104e-03 7.54072284e-03 -2.26435158e-03 2.10507470e-03 -2.72861775e-03 8.56712053e-04 -2.28299620e-03 -1.34039402e-03 3.04508000e-03 1.33815827e-03
1.91987597e-03 5.60784712e-04 2.16616900e-03 7.12643552e-04 1.78384990e-03 -5.85932459e-04 1.33788364e-03 -7.23823253e-03 2.15804623e-03 -2.00196449e-03 2.59000342e-03 -8.12341226e-04 2.16422952e-03 1.27053389e-03 -2.88577867e-03 -1.26807496e-03
7.92638602e-05 3.19199316e-04 1.02228811e-03 3.44598258e-04 8.19370442e-04 -2.69653974e-04 6.05983660e-04 -3.21458839e-03 9.60190780e-04 -8.88475042e-04 1.14802772e-03 -3.60138889e-04 9.59520112e-04 5.63291367e-04 -1.27942464e-03 -5.62209403e-04
-1.27793092e-03 -7.20762764e-04 -3.09880916e-03 -1.14720373e-03 -2.80655688e-03 9.56637436e-04 -2.17153155e-03 1.17624085e-02 -3.50243528e-03 3.24875303e-03 -4.20154538e-03 1.31735555e-03 -3.50936013e-03 -2.06013327e-03 4.67867870e-03 2.05581286e-03
3.74379009e-03 1.96011318e-03 8.88236240e-03 3.42846755e-03 8.44761264e-03 -2.90049892e-03 6.72992738e-03 -3.64744030e-02 1.08598880e-02 -1.00787720e-02 1.30332951e-02 -4.09001997e-03 1.08965682e-02 6.39732322e-03 -1.45300291e-02 -6.38469122e-03
1.03830913e-04 -9.05426685e-04 -4.17947024e-03 -1.58521626e-03 -4.15093685e-03 1.47655618e-03 -3.42938537e-03 1.87608376e-02 -5.59138926e-03 5.19756647e-03 -6.72541652e-03 2.11074646e-03 -5.62442094e-03 -3.30208428e-03 7.50079611e-03 3.29612661e-03
-2.09221151e-04 3.41201061e-03 1.54052852e-02 5.66883618e-03 1.41726416e-02 -4.96496214e-03 1.14787277e-02 -6.27013370e-02 1.86788309e-02 -1.73490904e-02 2.24460512e-02 -7.04396190e-03 1.87697168e-02 1.10194487e-02 -2.50307322e-02 -1.09993806e-02
-4.83154645e-03 -3.69131006e-03 -1.42656472e-02 -5.28439414e-03 -1.28464140e-02 4.46972204e-03 -1.01462379e-02 5.51917665e-02 -1.64363608e-02 1.51750864e-02 -1.96127258e-02 6.15435233e-03 -1.63903832e-02 -9.62823257e-03 2.18458846e-02 9.59767587e-03
4.34441119e-03 2.69052922e-03 1.19461650e-02 4.31367662e-03 1.08760847e-02 -3.81491240e-03 8.61099549e-03 -4.66778353e-02 1.38828838e-02 -1.28776608e-02 1.66533738e-02 -5.22134872e-03 1.39111662e-02 8.16712249e-03 -1.85489282e-02 -8.15057196e-03
7.31699262e-03 6.60675159e-03 2.55722813e-02 9.51850973e-03 2.38572713e-02 -8.31519440e-03 1.88119952e-02 -1.01381339e-01 3.01850252e-02 -2.80773565e-02 3.62127833e-02 -1.13534182e-02 3.02476007e-02 1.77581776e-02 -4.03303243e-02 -1.77200474e-02
3.50501365e-03 1.88259804e-03 8.62056669e-03 3.38393077e-03 8.34100321e-03 -2.95575010e-03 6.82579027e-03 -3.73502821e-02 1.11298198e-02 -1.03467898e-02 1.33856526e-02 -4.20147972e-03 1.11956298e-02 6.57295948e-03 -1.49307996e-02 -6.56116102e-03
-1.87202194e-03 -2.28720088e-03 -1.00665716e-02 -4.05013328e-03 -9.61264409e-03 3.42753343e-03 -7.84541294e-03 4.28643078e-02 -1.27798347e-02 1.18782837e-02 -1.53658418e-02 4.82256711e-03 -1.28503758e-02 -7.54441414e-03 1.71373151e-02 7.53075955e-03
7.51444488e-04 1.88284740e-03 6.25792565e-03 2.18396517e-03 5.55074774e-03 -1.96990091e-03 4.59514279e-03 -2.51562707e-02 7.49706803e-03 -6.96975412e-03 9.01901349e-03 -2.83104694e-03 7.54404860e-03 4.42911498e-03 -1.00610955e-02 -4.42124391e-03
-7.93928455e-04 1.27663719e-03 5.71553130e-03 2.14509899e-03 5.46884956e-03 -1.94505719e-03 4.53780638e-03 -2.48351898e-02 7.40337698e-03 -6.88174088e-03 8.90539493e-03 -2.79534655e-03 7.44892005e-03 4.37327148e-03 -9.93422139e-03 -4.36549215e-03
3.64469155e-03 1.81128341e-03 7.06927991e-03 2.62599462e-03 6.01161039e-03 -2.08117859e-03 4.57944768e-03 -2.45675519e-02 7.34625477e-03 -6.79698493e-03 8.78444500e-03 -2.75054411e-03 7.32524693e-03 4.29992657e-03 -9.76290554e-03 -4.28920658e-03
-2.27596564e-03 -2.18505180e-03 -9.42587294e-03 -3.46206268e-03 -8.40065442e-03 2.99389474e-03 -6.83077425e-03 3.71514671e-02 -1.10690612e-02 1.02713453e-02 -1.32895866e-02 4.16862825e-03 -1.11069307e-02 -6.52059074e-03 1.48107558e-02 6.50823629e-03
-9.61827172e-04 -7.53872097e-04 -3.39827943e-03 -1.27538585e-03 -3.10160033e-03 1.08234328e-03 -2.48836004e-03 1.35548217e-02 -4.03783517e-03 3.74995824e-03 -4.85128630e-03 1.52167212e-03 -4.05415054e-03 -2.38007237e-03 5.40586933e-03 2.37544649e-03
-8.80569976e-04 -1.86620757e-03 -8.20518937e-03 -3.25916125e-03 -8.02334491e-03 2.80455500e-03 -6.47724094e-03 3.53298970e-02 -1.05222883e-02 9.77571867e-03 -1.26468083e-02 3.96893220e-03 -1.05752563e-02 -6.20875880e-03 1.41031044e-02 6.19738782e-03
-5.68855461e-03 1.51808985e-04 1.24033040e-03 4.93529427e-04 1.51078007e-03 -5.41620946e-04 1.33587746e-03 -7.37796351e-03 2.20841239e-03 -2.05794303e-03 2.66314810e-03 -8.37964995e-04 2.23414367e-03 1.31172861e-03 -2.98073026e-03 -1.31005596e-03
-2.10632989e-03 -8.09785328e-04 -3.19574657e-03 -1.23637519e-03 -2.79779965e-03 9.58675460e-04 -2.16939580e-03 1.17107807e-02 -3.48589895e-03 3.23312054e-03 -4.17882204e-03 1.30993756e-03 -3.48910433e-03 -2.04823469e-03 4.65135369e-03 2.04377389e-03
4.13914851e-04 1.40043034e-03 6.02251245e-03 2.26888387e-03 5.72025217e-03 -1.96877681e-03 4.57308767e-03 -2.48921420e-02 7.41802854e-03 -6.88841147e-03 8.91109649e-03 -2.79600243e-03 7.44970143e-03 4.37359046e-03 -9.93419904e-03 -4.36535850e-03
-1.48309325e-03 9.09652794e-04 4.32381220e-03 1.69049413e-03 4.32376191e-03 -1.54500140e-03 3.60835949e-03 -1.97773557e-02 5.89624932e-03 -5.48140053e-03 7.09361443e-03 -2.22663884e-03 5.93345333e-03 3.48354271e-03 -7.91314151e-03 -3.47735104e-03
-1.00758986e-03 -2.43055332e-03 -1.09426575e-02 -3.85991135e-03 -9.85036977e-03 3.48358927e-03 -8.05095024e-03 4.39463556e-02 -1.30967768e-02 1.21731060e-02 -1.57518014e-02 4.94379597e-03 -1.31734284e-02 -7.73408683e-03 1.75684243e-02 7.72025017e-03
-1.45419454e-03 -1.21300586e-03 -5.43405116e-03 -1.91272108e-03 -4.71087638e-03 1.62897666e-03 -3.70784523e-03 2.00538933e-02 -5.97528880e-03 5.54355234e-03 -7.16908183e-03 2.24811281e-03 -5.98912174e-03 -3.51595902e-03 7.98544008e-03 3.50889214e-03
1.11880284e-02 7.08712405e-03 2.68981904e-02 8.44048895e-03 2.20288225e-02 -7.68575817e-03 1.69361662e-02 -9.08343121e-02 2.70624068e-02 -2.50676293e-02 3.24485973e-02 -1.01582129e-02 2.70592328e-02 1.58839580e-02 -3.60746384e-02 -1.58520024e-02
6.46416214e-04 -1.00180809e-03 -4.69848420e-03 -1.75416679e-03 -4.45259316e-03 1.58090855e-03 -3.65108973e-03 1.99245363e-02 -5.93831670e-03 5.51568810e-03 -7.13636540e-03 2.23941961e-03 -5.96672390e-03 -3.50295752e-03 7.95643777e-03 3.49624525e-03
-4.06122068e-03 -9.31028510e-04 -2.71529541e-03 -9.88908578e-04 -2.22033891e-03 7.48311228e-04 -1.70996506e-03 9.12236795e-03 -2.70326459e-03 2.50836904e-03 -3.24454578e-03 1.01693522e-03 -2.70906417e-03 -1.59033469e-03 3.61200236e-03 1.58717623e-03
-1.40215503e-03 -1.28146389e-03 -5.20851184e-03 -1.93313719e-03 -4.76212241e-03 1.67061656e-03 -3.81471124e-03 2.07223687e-02 -6.17518788e-03 5.73524507e-03 -7.41869863e-03 2.32707313e-03 -6.20001042e-03 -3.63983144e-03 8.26721452e-03 3.63278762e-03
1.85972708e-03 9.73166258e-04 4.46870411e-03 1.74436322e-03 4.28247731e-03 -1.52202556e-03 3.54319741e-03 -1.94061883e-02 5.78372134e-03 -5.37587237e-03 6.95689768e-03 -2.18350440e-03 5.81843872e-03 3.41596571e-03 -7.75950728e-03 -3.40981339e-03
-3.68688325e-03 -2.96810083e-03 -1.35962805e-02 -5.02833119e-03 -1.23971924e-02 4.36618179e-03 -1.01249693e-02 5.51564693e-02 -1.64283775e-02 1.52685083e-02 -1.97557639e-02 6.19882019e-03 -1.65174771e-02 -9.69718117e-03 2.20272448e-02 9.67952888e-03
-9.56505630e-03 -4.13604965e-03 -1.52471475e-02 -5.79213677e-03 -1.32497819e-02 4.76167258e-03 -1.07566556e-02 5.84605150e-02 -1.74233969e-02 1.61843579e-02 -2.09469330e-02 6.56940741e-03 -1.75016820e-02 -1.02738338e-02 2.33357884e-02 1.02543449e-02
-7.32083397e-04 -6.39961567e-04 -2.92451493e-03 -1.14986568e-03 -2.73267180e-03 9.61266283e-04 -2.20475020e-03 1.19975060e-02 -3.57664260e-03 3.32131004e-03 -4.29620594e-03 1.34742982e-03 -3.58965248e-03 -2.10739276e-03 4.78610443e-03 2.10302533e-03
2.48607039e-03 6.15421217e-04 1.94680505e-03 6.20244071e-04 1.51818013e-03 -4.87860234e-04 1.06875459e-03 -5.51253930e-03 1.64344476e-03 -1.51761191e-03 1.95893855e-03 -6.10925839e-04 1.62450271e-03 9.53468494e-04 -2.16240808e-03 -9.49626090e-04
4.67871781e-03 2.09546299e-03 9.08017065e-03 2.83300714e-03 6.88212225e-03 -2.38536578e-03 5.38553670e-03 -2.90746279e-02 8.67918227e-03 -8.04166868e-03 1.03949253e-02 -3.25940060e-03 8.68194923e-03 5.09596709e-03 -1.15726450e-02 -5.08469017e-03
4.83690761e-03 4.75379778e-03 1.97579153e-02 7.36526027e-03 1.84376854e-02 -6.33000582e-03 1.46074537e-02 -7.96058625e-02 2.37469915e-02 -2.20540389e-02 2.85258871e-02 -8.95044208e-03 2.38476098e-02 1.40004875e-02 -3.18008065e-02 -1.39741702e-02
1.34216854e-02 9.68656782e-03 3.75369489e-02 1.41642960e-02 3.51306051e-02 -1.23106735e-02 2.84108948e-02 -1.54097155e-01 4.59040403e-02 -4.26353142e-02 5.51538020e-02 -1.73003506e-02 4.60949056e-02 2.70619802e-02 -6.14674948e-02 -2.70104092e-02
2.46287836e-03 2.06034235e-03 8.76424275e-03 3.15470668e-03 8.13169405e-03 -2.76524411e-03 6.36403263e-03 -3.44159789e-02 1.02281133e-02 -9.50002763e-03 1.22914379e-02 -3.85672646e-03 1.02764880e-02 6.03321102e-03 -1.37044815e-02 -6.02223631e-03
-4.18057339e-03 -1.31782424e-03 -5.72091015e-03 -1.99285685e-03 -5.01032453e-03 1.72560022e-03 -3.93018406e-03 2.12440565e-02 -6.34913612e-03 5.87932905e-03 -7.60384789e-03 2.38428754e-03 -6.35049958e-03 -3.72805446e-03 8.46575201e-03 3.71966162e-03
1.25310919e-03 7.47671642e-04 3.25632351e-03 1.22555485e-03 3.07055004e-03 -1.05612481e-03 2.38157110e-03 -1.29321329e-02 3.85839795e-03 -3.57273850e-03 4.61689662e-03 -1.44820870e-03 3.85664380e-03 2.26414204e-03 -5.14055556e-03 -2.25845259e-03
-7.05968449e-03 -2.88325408e-03 -1.19128721e-02 -4.65695187e-03 -1.07899290e-02 3.80390487e-03 -8.60105082e-03 4.67920080e-02 -1.39328968e-02 1.29431793e-02 -1.67416260e-02 5.24876127e-03 -1.39829582e-02 -8.20911955e-03 1.86435115e-02 8.19205679e-03
4.37613018e-03 4.09650384e-03 1.78780463e-02 6.22552354e-03 1.60736162e-02 -5.56454109e-03 1.28779020e-02 -7.02868253e-02 2.09339876e-02 -1.94521975e-02 2.51707565e-02 -7.89917074e-03 2.10485794e-02 1.23574594e-02 -2.80703474e-02 -1.23351589e-02
-1.63190905e-03 -1.22462295e-03 -5.00870263e-03 -1.81954447e-03 -4.41773096e-03 1.54976523e-03 -3.52039491e-03 1.90823972e-02 -5.68934530e-03 5.27473493e-03 -6.82023913e-03 2.13857996e-03 -5.69669437e-03 -3.34423804e-03 7.59449042e-03 3.33695323e-03
-1.75287621e-03 -1.08566938e-03 -5.05325012e-03 -1.90031005e-03 -4.74660750e-03 1.67014543e-03 -3.85457347e-03 2.10337900e-02 -6.27426244e-03 5.82675589e-03 -7.53813516e-03 2.36522080e-03 -6.30181516e-03 -3.69970733e-03 8.40328261e-03 3.69258714e-03
3.38461017e-04 1.59165449e-03 6.83475006e-03 2.71802139e-03 6.60524191e-03 -2.30534538e-03 5.33429720e-03 -2.90167518e-02 8.63480940e-03 -8.02122056e-03 1.03758369e-02 -3.25583830e-03 8.67515989e-03 5.09307906e-03 -1.15685174e-02 -5.08354325e-03
-1.87941280e-03 -1.75925717e-03 -7.24181812e-03 -2.55573308e-03 -6.27534743e-03 2.16943515e-03 -4.89938539e-03 2.62579713e-02 -7.81276450e-03 7.23934686e-03 -9.35780909e-03 2.93479743e-03 -7.81832077e-03 -4.58968524e-03 1.04238354e-02 4.58027609e-03
5.12857223e-04 3.27473572e-06 1.83759621e-04 4.65676130e-05 1.42633537e-04 -4.50386615e-05 8.51035147e-05 -4.41051670e-04 1.32987581e-04 -1.21983154e-04 1.57180897e-04 -4.92327272e-05 1.31043562e-04 7.69050894e-05 -1.74596251e-04 -7.67091769e-05
-2.17464147e-03 -9.12045478e-04 -4.05691378e-03 -1.50983466e-03 -3.72980419e-03 1.30251073e-03 -3.01621016e-03 1.64536145e-02 -4.90121078e-03 4.55399929e-03 -5.89118572e-03 1.84867054e-03 -4.92582982e-03 -2.89188442e-03 6.56871265e-03 2.88648880e-03
9.94451111e-04 2.65488401e-03 1.06784403e-02 3.98896867e-03 9.87901818e-03 -3.47236125e-03 8.06186348e-03 -4.38370369e-02 1.30609591e-02 -1.21383779e-02 1.57053731e-02 -4.92902659e-03 1.31340371e-02 7.71082332e-03 -1.75155178e-02 -7.69698061e-03
1.94465148e-03 2.47560936e-04 8.38142238e-04 3.07227107e-04 7.31005101e-04 -2.54965649e-04 5.77280531e-04 -3.13397590e-03 9.34405136e-04 -8.67684721e-04 1.12250750e-03 -3.52006202e-04 9.37866163e-04 5.50588593e-04 -1.25058403e-03 -5.49538352e-04
4.41457704e-03 1.73821114e-03 5.63915074e-03 2.07086839e-03 4.98371944e-03 -1.70603406e-03 3.88434716e-03 -2.09855828e-02 6.23811129e-03 -5.79438312e-03 7.50311930e-03 -2.34868820e-03 6.25660177e-03 3.67303425e-03 -8.34056176e-03 -3.66457296e-03
-1.43877883e-03 -1.86237018e-03 -7.09282793e-03 -2.82245362e-03 -6.63134689e-03 2.22694897e-03 -4.92461724e-03 2.62861233e-02 -7.80917518e-03 7.21071055e-03 -9.31516103e-03 2.91873957e-03 -7.77123543e-03 -4.56268899e-03 1.03569683e-02 4.54992894e-03
-1.58985285e-03 -1.09879917e-03 -5.43868821e-03 -2.07196618e-03 -5.23224566e-03 1.86161685e-03 -4.32435935e-03 2.36456692e-02 -7.05065718e-03 6.55188225e-03 -8.47916491e-03 2.66075437e-03 -7.08981464e-03 -4.16236557e-03 9.45470948e-03 4.15470591e-03
2.67615571e-04 4.33880690e-04 1.83684810e-03 6.42492494e-04 1.62709819e-03 -5.59716660e-04 1.26716623e-03 -6.86309813e-03 2.04728474e-03 -1.89830712e-03 2.45589484e-03 -7.69752660e-04 2.05032178e-03 1.20368972e-03 -2.73359730e-03 -1.20114174e-03
4.05168999e-03 2.23144609e-03 9.13987216e-03 3.29484185e-03 8.08900036e-03 -2.84203957e-03 6.41772430e-03 -3.48552205e-02 1.03960186e-02 -9.64806136e-03 1.24822119e-02 -3.91567545e-03 1.04323858e-02 6.12470834e-03 -1.39111103e-02 -6.11279998e-03
2.84976908e-03 3.77799990e-03 1.58882793e-02 5.78251854e-03 1.43816303e-02 -5.07347332e-03 1.16754211e-02 -6.34907037e-02 1.89301874e-02 -1.75690129e-02 2.27349736e-02 -7.13148993e-03 1.89994257e-02 1.11539150e-02 -2.53340583e-02 -1.11323074e-02
-8.16728733e-03 -5.01841912e-03 -2.19166502e-02 -7.52688479e-03 -1.89898070e-02 6.60535181e-03 -1.52668264e-02 8.29554722e-02 -2.47017983e-02 2.29067560e-02 -2.96401829e-02 9.30282846e-03 -2.47866772e-02 -1.45517671e-02 3.30533832e-02 1.45246927e-02
-1.34594075e-03 -2.82512279e-03 -1.24777704e-02 -4.50000819e-03 -1.14082536e-02 4.03731922e-03 -9.38245002e-03 5.12279123e-02 -1.52658932e-02 1.41886622e-02 -1.83598716e-02 5.76213608e-03 -1.53534217e-02 -9.01396479e-03 2.04757303e-02 8.99782870e-03
8.56566476e-05 6.74125622e-04 2.95346440e-03 1.12321321e-03 2.70991097e-03 -9.44064814e-04 2.17389246e-03 -1.18134869e-02 3.51958838e-03 -3.26831313e-03 4.22781846e-03 -1.32623129e-03 3.53342225e-03 2.07437319e-03 -4.71150596e-03 -2.07032613e-03
1.83241430e-03 3.22544901e-03 1.19287428e-02 4.30643372e-03 9.54137370e-03 -3.30971484e-03 6.70131482e-03 -3.52382809e-02 1.04384655e-02 -9.58060753e-03 1.23106968e-02 -3.84679041e-03 1.02376817e-02 6.01050956e-03 -1.36328284e-02 -5.98451821e-03
3.93346837e-03 3.78506468e-03 1.49536841e-02 5.77437878e-03 1.31501537e-02 -4.43753367e-03 1.02419555e-02 -5.49845360e-02 1.64335836e-02 -1.52275534e-02 1.97106358e-02 -6.17621886e-03 1.64314099e-02 9.65255033e-03 -2.19075046e-02 -9.62339994e-03
2.16582697e-03 2.43380433e-03 1.02671012e-02 3.97900818e-03 9.76009388e-03 -3.39598465e-03 7.84631632e-03 -4.28339355e-02 1.27721820e-02 -1.18556190e-02 1.53376665e-02 -4.81328089e-03 1.28244087e-02 7.52897747e-03 -1.71012748e-02 -7.51477573e-03
1.52634538e-03 1.73554086e-04 4.20257624e-04 1.50769862e-04 3.34005745e-04 -9.85438382e-05 1.79863579e-04 -9.19392682e-04 2.53878679e-04 -2.34904539e-04 3.01615684e-04 -9.37368168e-05 2.49193137e-04 1.46182516e-04 -3.31493648e-04 -1.45581187e-04
1.92274456e-04 1.36039266e-03 6.09605154e-03 2.24270578e-03 5.61993662e-03 -1.98891270e-03 4.57577314e-03 -2.49218252e-02 7.42973527e-03 -6.90057594e-03 8.92935693e-03 -2.80137500e-03 7.46410526e-03 4.38206038e-03 -9.95358266e-03 -4.37390944e-03
9.79334023e-03 6.39402447e-03 2.79180557e-02 1.00338012e-02 2.42176317e-02 -8.47842079e-03 1.95281580e-02 -1.06370620e-01 3.16995978e-02 -2.94113122e-02 3.80593017e-02 -1.19369831e-02 3.18017974e-02 1.86700560e-02 -4.24048826e-02 -1.86334886e-02
-2.83232541e-03 -1.42915500e-03 -4.92167473e-03 -1.66041462e-03 -3.76288244e-03 1.30279653e-03 -2.86938390e-03 1.52810598e-02 -4.56459820e-03 4.21150122e-03 -5.44798048e-03 1.70439214e-03 -4.53628507e-03 -2.66227522e-03 6.04187744e-03 2.65398691e-03
1.80911133e-03 1.48610328e-03 6.46385411e-03 2.38853367e-03 5.89317502e-03 -2.08143308e-03 4.80704149e-03 -2.61846781e-02 7.79565284e-03 -7.24090822e-03 9.36934911e-03 -2.93953251e-03 7.83228129e-03 4.59820032e-03 -1.04445480e-02 -4.58965870e-03
-1.55664794e-03 -9.08565242e-04 -3.81682115e-03 -1.36062480e-03 -3.41855874e-03 1.19552808e-03 -2.74322252e-03 1.49576059e-02 -4.45960369e-03 4.14248323e-03 -5.35952672e-03 1.68197078e-03 -4.48194891e-03 -2.63132155e-03 5.97713655e-03 2.62657693e-03
7.79987022e-04 -6.29423303e-04 -2.41695368e-03 -8.86748137e-04 -2.24022404e-03 7.98663590e-04 -1.82737294e-03 9.98383202e-03 -2.97727319e-03 2.76763132e-03 -3.58106103e-03 1.12379564e-03 -2.99451849e-03 -1.75806973e-03 3.99354240e-03 1.75491488e-03
5.71144558e-03 2.04295991e-03 8.41187499e-03 3.05441977e-03 7.30666099e-03 -2.52379081e-03 5.56244096e-03 -3.02221738e-02 9.01477225e-03 -8.36463831e-03 1.08070942e-02 -3.38930404e-03 9.02938936e-03 5.30111138e-03 -1.20393345e-02 -5.29014552e-03
1.68328942e-03 2.28127209e-03 1.02358544e-02 4.14876454e-03 9.63575207e-03 -3.38823535e-03 7.86876120e-03 -4.29986194e-02 1.28130466e-02 -1.18995178e-02 1.53954430e-02 -4.83192783e-03 1.28747486e-02 7.55866757e-03 -1.71694979e-02 -7.54487095e-03
6.57729991e-03 5.55897644e-03 2.15135943e-02 7.95855280e-03 1.89462118e-02 -6.43903809e-03 1.49747999e-02 -8.03196952e-02 2.39690300e-02 -2.21944079e-02 2.87146028e-02 -9.00959782e-03 2.40071490e-02 1.40937977e-02 -3.20134759e-02 -1.40677216e-02
3.36833764e-04 2.17032386e-03 9.87159181e-03 3.81959067e-03 9.56115220e-03 -3.38201108e-03 7.88722187e-03 -4.31755930e-02 1.28729679e-02 -1.19654052e-02 1.54843396e-02 -4.86011151e-03 1.29508236e-02 7.60341203e-03 -1.72715560e-02 -7.58978678e-03
2.59202858e-03 1.52093684e-03 6.29342813e-03 2.37899413e-03 5.73539035e-03 -1.98650290e-03 4.50329436e-03 -2.43879519e-02 7.23327603e-03 -6.72822027e-03 8.69371742e-03 -2.72622379e-03 7.26375263e-03 4.26422292e-03 -9.68542416e-03 -4.25601238e-03
-1.14632468e-03 1.33851281e-05 2.04412179e-04 1.44630147e-04 4.46390797e-04 -1.63905133e-04 4.03832644e-04 -2.26197718e-03 6.75909803e-04 -6.29838964e-04 8.15728214e-04 -2.56281521e-04 6.83088496e-04 4.01075929e-04 -9.11184063e-04 -4.00427030e-04
5.03541343e-03 4.74763196e-03 1.96774043e-02 7.03488383e-03 1.71910618e-02 -5.84434532e-03 1.33666890e-02 -7.25191161e-02 2.16465257e-02 -2.00802796e-02 2.59677805e-02 -8.14451836e-03 2.16977745e-02 1.27381440e-02 -2.89305467e-02 -1.27123557e-02
-1.91314472e-03 -2.94635189e-03 -1.22484723e-02 -4.36453754e-03 -1.10879587e-02 3.90793197e-03 -8.99619889e-03 4.91828807e-02 -1.46314818e-02 1.35975601e-02 -1.75953191e-02 5.52197732e-03 -1.47141423e-02 -8.63865204e-03 1.96229983e-02 8.62308219e-03
-1.30007323e-03 -1.29292684e-03 -5.30827092e-03 -2.29436811e-03 -4.92017996e-03 1.72832911e-03 -3.92594468e-03 2.13064812e-02 -6.34966418e-03 5.89652965e-03 -7.61944801e-03 2.39111460e-03 -6.37068925e-03 -3.74015747e-03 8.49501416e-03 3.73286661e-03
2.75298045e-03 3.50836199e-05 -9.57547571e-04 -3.78816185e-04 -1.25788932e-03 4.64765355e-04 -1.13119150e-03 6.40209485e-03 -1.90676004e-03 1.77881448e-03 -2.30367063e-03 7.24377809e-04 -1.93104346e-03 -1.13380770e-03 2.57601799e-03 1.13207952e-03
-4.27263149e-06 -3.10674746e-04 -1.45308999e-03 -5.88878756e-04 -1.51846022e-03 5.49422926e-04 -1.29540253e-03 7.12357042e-03 -2.12486647e-03 1.97586627e-03 -2.55740201e-03 8.02826486e-04 -2.13939976e-03 -1.25605834e-03 2.85326899e-03 1.25384470e-03
6.75232941e-03 1.67034299e-03 7.89627526e-03 2.96781515e-03 7.39505840e-03 -2.58854753e-03 5.93163865e-03 -3.23553830e-02 9.63318348e-03 -8.95186700e-03 1.15826409e-02 -3.63471825e-03 9.68528818e-03 5.68617322e-03 -1.29162371e-02 -5.67585649e-03
-1.54398696e-03 -5.73571888e-04 -2.49795197e-03 -9.35135176e-04 -2.33444595e-03 7.88981095e-04 -1.78794051e-03 9.65208933e-03 -2.87393364e-03 2.66005239e-03 -3.43380519e-03 1.07674976e-03 -2.86776084e-03 -1.68326846e-03 3.82058625e-03 1.67839450e-03
2.73270835e-03 6.41004741e-03 2.67459918e-02 1.01499604e-02 2.47175004e-02 -8.64771195e-03 1.97426379e-02 -1.07441492e-01 3.19470167e-02 -2.96789445e-02 3.83975469e-02 -1.20462831e-02 3.20957601e-02 1.88428145e-02 -4.28002924e-02 -1.88077651e-02
6.44614280e-04 1.22395228e-03 5.37188537e-03 1.98400812e-03 4.77179419e-03 -1.63004489e-03 3.76008218e-03 -2.03563087e-02 6.06845925e-03 -5.62423561e-03 7.27617228e-03 -2.28095893e-03 6.07619993e-03 3.56704299e-03 -8.10085703e-03 -3.55948578e-03
-1.75730244e-03 -6.24864479e-04 -2.49494682e-03 -9.18795879e-04 -2.15526414e-03 7.35381909e-04 -1.65223994e-03 8.93488433e-03 -2.66456860e-03 2.47070892e-03 -3.19514074e-03 1.00179086e-03 -2.66868481e-03 -1.56665698e-03 3.55816400e-03 1.56349980e-03
-4.12745727e-03 -1.93692418e-03 -8.45662970e-03 -3.07420641e-03 -7.39700813e-03 2.60041677e-03 -5.99676045e-03 3.27664055e-02 -9.75716207e-03 9.06511210e-03 -1.17281945e-02 3.68055305e-03 -9.80730820e-03 -5.75777981e-03 1.30788619e-02 5.74732153e-03
1.06771779e-03 3.91716632e-04 1.54835731e-03 6.38869707e-04 1.34574377e-03 -4.67098027e-04 1.04494928e-03 -5.64488443e-03 1.68103632e-03 -1.56073191e-03 2.01738975e-03 -6.32620358e-04 1.68528152e-03 9.89365857e-04 -2.24694586e-03 -9.87324049e-04
2.96975067e-03 3.73076741e-03 1.53769888e-02 5.61322505e-03 1.36369253e-02 -4.78149718e-03 1.09377559e-02 -5.95517308e-02 1.77558418e-02 -1.64766368e-02 2.13112645e-02 -6.68327883e-03 1.78042985e-02 1.04525043e-02 -2.37395018e-02 -1.04313847e-02
-1.37394306e-03 -2.22928636e-03 -9.61240940e-03 -3.53216822e-03 -9.05081909e-03 3.17899440e-03 -7.30806496e-03 3.98983248e-02 -1.18769966e-02 1.10356985e-02 -1.42783215e-02 4.48022550e-03 -1.19376983e-02 -7.00845895e-03 1.59195457e-02 6.99557317e-03
8.57890118e-05 -1.75057584e-03 -7.57833291e-03 -2.71965330e-03 -6.91282284e-03 2.37108604e-03 -5.49737923e-03 2.99719721e-02 -8.93526059e-03 8.29851627e-03 -1.07382629e-02 3.37004545e-03 -8.97977874e-03 -5.27191954e-03 1.19752781e-02 5.26236743e-03
-1.85178150e-03 -5.05611009e-04 -1.25797873e-03 -4.40170203e-04 -9.74047231e-04 3.19635437e-04 -7.35110370e-04 3.91269336e-03 -1.16235064e-03 1.07425661e-03 -1.38953200e-03 4.35860100e-04 -1.16101617e-03 -6.81573234e-04 1.54799304e-03 6.80217752e-04
-3.65386019e-03 -1.72122288e-03 -6.75925659e-03 -2.74650194e-03 -6.52619731e-03 2.19190144e-03 -4.90924343e-03 2.65464764e-02 -7.88695179e-03 7.33215595e-03 -9.47302114e-03 2.97093415e-03 -7.91438110e-03 -4.64636041e-03 1.05532249e-02 4.63729119e-03
