1.88793130e-02 -2.19075382e-02 -1.22777764e-02 -1.16731068e-02 -1.12771150e-02 -1.06044430e-02 -1.12925516e-02 2.61582192e-02 -3.85511317e-03 6.85721589e-03 2.42268830e-03 5.34745399e-03 -1.89439356e-02 -1.37876775e-02 1.40196271e-02 -5.07380301e-03
8.73588771e-03 -8.19702540e-03 -4.66398802e-03 -4.18805284e-03 -4.05756431e-03 -3.79724149e-03 -4.03832272e-03 9.35974158e-03 -1.37795473e-03 2.45693489e-03 8.67271039e-04 1.91175297e-03 -6.77546952e-03 -4.93130041e-03 5.01425983e-03 -1.81475619e-03
9.96713154e-03 -1.19701959e-02 -5.75463427e-03 -6.61971606e-03 -6.36751810e-03 -6.18942594e-03 -6.50412077e-03 1.50771579e-02 -2.22270284e-03 3.95477144e-03 1.41064695e-03 3.09036137e-03 -1.09633440e-02 -7.97956064e-03 8.11396819e-03 -2.93707941e-03
-2.33100150e-02 2.67283376e-02 1.54242143e-02 1.41568249e-02 1.36285862e-02 1.27802836e-02 1.36125293e-02 -3.15832458e-02 4.63851029e-03 -8.26799497e-03 -2.92810472e-03 -6.44629356e-03 2.28558574e-02 1.66350286e-02 -1.69149563e-02 6.12236140e-03
-4.80746776e-02 5.54866381e-02 2.86243800e-02 3.00238095e-02 2.90721431e-02 2.74468455e-02 2.91767903e-02 -6.78026229e-02 9.96540021e-03 -1.77730545e-02 -6.31772866e-03 -1.38497185e-02 4.91210967e-02 3.57528292e-02 -3.63544337e-02 1.31586026e-02
9.88142658e-03 -1.18776374e-02 -6.86941110e-03 -6.22950634e-03 -5.97269833e-03 -5.47996955e-03 -5.92814665e-03 1.37923434e-02 -2.01943214e-03 3.60284373e-03 1.26300217e-03 2.80231750e-03 -9.91709437e-03 -7.21758790e-03 7.33877579e-03 -2.65512895e-03
4.42171376e-03 -3.33980750e-03 6.01680251e-04 -2.25805514e-03 -2.02521286e-03 -2.73722154e-03 -2.55196402e-03 5.85741783e-03 -8.74392572e-04 1.50966551e-03 6.15248224e-04 1.22559769e-03 -4.42149304e-03 -3.21816234e-03 3.27167916e-03 -1.19017239e-03
-6.95603527e-03 7.91156385e-03 4.52674879e-03 4.27062903e-03 4.09688614e-03 3.75723722e-03 4.04416909e-03 -9.37779155e-03 1.37982587e-03 -2.46860320e-03 -8.57356295e-04 -1.91590539e-03 6.77185599e-03 4.92844451e-03 -5.01134340e-03 1.81232905e-03
-3.07215191e-02 4.07252871e-02 2.54626982e-02 2.03445368e-02 1.92281976e-02 1.77285746e-02 1.91838387e-02 -4.45058197e-02 6.56271819e-03 -1.17488513e-02 -4.03407123e-03 -9.09965392e-03 3.21482308e-02 2.33964361e-02 -2.37879287e-02 8.60281941e-03
-4.59182682e-03 5.11738611e-03 2.29645963e-03 2.87506194e-03 2.77212029e-03 2.73647136e-03 2.85835145e-03 -6.61582686e-03 9.77698597e-04 -1.73860881e-03 -6.22761669e-04 -1.36013585e-03 4.82798042e-03 3.51406052e-03 -3.57328705e-03 1.29360077e-03
1.54805873e-02 -1.78617220e-02 -9.77493823e-03 -9.38574504e-03 -9.12368763e-03 -8.44816398e-03 -9.01867729e-03 2.09855866e-02 -3.07374913e-03 5.48462383e-03 1.93655572e-03 4.27148398e-03 -1.51376408e-02 -1.10172601e-02 1.12025896e-02 -4.05432936e-03
2.38714758e-02 -2.81433221e-02 -1.52599271e-02 -1.50178475e-02 -1.45088220e-02 -1.37868123e-02 -1.45816132e-02 3.38056758e-02 -4.97533940e-03 8.85370746e-03 3.14639788e-03 6.91586034e-03 -2.45163050e-02 -1.78437307e-02 1.81441028e-02 -6.56699901e-03
-2.03619292e-03 2.79394281e-03 1.82521809e-03 1.40395167e-03 1.38446514e-03 1.23969954e-03 1.33808807e-03 -3.10333539e-03 4.56337177e-04 -8.15012492e-04 -2.84385809e-04 -6.33450225e-04 2.23986642e-03 1.63014187e-03 -1.65750564e-03 5.99651074e-04
-2.21808348e-02 2.62651462e-02 1.53556764e-02 1.37407454e-02 1.34712188e-02 1.23964334e-02 1.32853398e-02 -3.08988821e-02 4.53383662e-03 -8.05483200e-03 -2.84888782e-03 -6.28388254e-03 2.22574342e-02 1.61992367e-02 -1.64717454e-02 5.96066052e-03
1.94229111e-02 -2.15445776e-02 -1.33514740e-02 -1.11241145e-02 -1.06450366e-02 -1.01293894e-02 -1.07656503e-02 2.49490626e-02 -3.67482845e-03 6.52266666e-03 2.32652924e-03 5.09755639e-03 -1.80824194e-02 -1.31609440e-02 1.33826137e-02 -4.84443409e-03
-5.54200448e-02 6.48170561e-02 3.31697837e-02 3.46073918e-02 3.33858766e-02 3.24569121e-02 3.41208503e-02 -7.89857209e-02 1.16535537e-02 -2.07271595e-02 -7.41198892e-03 -1.62062347e-02 5.75110316e-02 4.18594256e-02 -4.25647423e-02 1.54089462e-02
-3.10885888e-02 3.59455012e-02 1.75134130e-02 1.97320674e-02 1.89943146e-02 1.83616318e-02 1.93333961e-02 -4.48676981e-02 6.60084933e-03 -1.17422575e-02 -4.19615163e-03 -9.17916186e-03 3.25732864e-02 2.37082783e-02 -2.41077170e-02 8.72713886e-03
1.78349186e-02 -2.05686465e-02 -1.22600729e-02 -1.06151421e-02 -1.03617795e-02 -9.29804798e-03 -1.00639593e-02 2.35241558e-02 -3.43332277e-03 6.12424873e-03 2.12715962e-03 4.75451583e-03 -1.68041065e-02 -1.22305891e-02 1.24352584e-02 -4.49678674e-03
-3.66060436e-02 4.12496328e-02 2.20649801e-02 2.18511485e-02 2.10746564e-02 2.00717002e-02 2.12564990e-02 -4.92607020e-02 7.24760117e-03 -1.28980735e-02 -4.59273253e-03 -1.00709861e-02 3.57244238e-02 2.60014758e-02 -2.64392905e-02 9.57071036e-03
4.43133935e-02 -5.10142334e-02 -2.48405114e-02 -2.75794230e-02 -2.67218780e-02 -2.59047076e-02 -2.72171479e-02 6.30568266e-02 -9.30170156e-03 1.65479686e-02 5.91778522e-03 1.29387314e-02 -4.59194332e-02 -3.34224664e-02 3.39856632e-02 -1.23032415e-02
-1.14471782e-02 1.32073984e-02 7.49105215e-03 7.00779259e-03 6.78976160e-03 6.36849878e-03 6.79350970e-03 -1.58113297e-02 2.31381040e-03 -4.12121369e-03 -1.45963393e-03 -3.21507547e-03 1.13946330e-02 8.29318818e-03 -8.43275804e-03 3.05212964e-03
-4.12500612e-02 4.54671420e-02 2.47845016e-02 2.38458309e-02 2.28764694e-02 2.16071475e-02 2.29391456e-02 -5.31346276e-02 7.81809539e-03 -1.39158610e-02 -4.95091174e-03 -1.08688446e-02 3.85432020e-02 2.80531216e-02 -2.85252966e-02 1.03251496e-02
-2.98600886e-02 3.60129066e-02 1.93262510e-02 1.90632995e-02 1.84040181e-02 1.72432046e-02 1.84285082e-02 -4.28062268e-02 6.27608830e-03 -1.12054376e-02 -3.93077359e-03 -8.72178189e-03 3.08654755e-02 2.24653650e-02 -2.28425656e-02 8.26307666e-03
-1.24708060e-02 1.45853125e-02 7.54431728e-03 7.82997254e-03 7.44233467e-03 7.10233347e-03 7.52799725e-03 -1.74648277e-02 2.57253251e-03 -4.58692852e-03 -1.62277592e-03 -3.57720279e-03 1.26753207e-02 9.22643300e-03 -9.38119832e-03 3.39526706e-03
9.19154473e-03 -1.11048175e-02 -5.16052265e-03 -6.18033297e-03 -5.96560119e-03 -5.85232349e-03 -6.12507714e-03 1.41871991e-02 -2.09406437e-03 3.72396805e-03 1.33291783e-03 2.91278539e-03 -1.03382068e-02 -7.52466358e-03 7.65147386e-03 -2.76993588e-03
2.24685371e-02 -2.48313285e-02 -1.38005204e-02 -1.29265497e-02 -1.25285489e-02 -1.18788145e-02 -1.25704845e-02 2.91905347e-02 -4.28594928e-03 7.62570929e-03 2.71958928e-03 5.95819112e-03 -2.11356319e-02 -1.53831234e-02 1.56421959e-02 -5.66235418e-03
-4.09844033e-02 4.88954335e-02 2.81050429e-02 2.63490118e-02 2.55260561e-02 2.34115478e-02 2.51766574e-02 -5.84630407e-02 8.59495532e-03 -1.53608043e-02 -5.33021614e-03 -1.19330464e-02 4.22046855e-02 3.07155754e-02 -3.12336516e-02 1.12961931e-02
-2.52185129e-02 3.07036303e-02 2.50101779e-02 1.38632851e-02 1.31921545e-02 1.00261029e-02 1.19072022e-02 -2.78067887e-02 4.05870052e-03 -7.36591918e-03 -2.36792816e-03 -5.60421403e-03 1.96697973e-02 1.43108284e-02 -1.45498347e-02 5.25510684e-03
2.03609653e-02 -2.35694014e-02 -1.25603909e-02 -1.25940181e-02 -1.21160774e-02 -1.15939612e-02 -1.22618694e-02 2.84303166e-02 -4.18361556e-03 7.44055118e-03 2.64328532e-03 5.82068646e-03 -2.06229929e-02 -1.50100132e-02 1.52625144e-02 -5.52439550e-03
1.40165407e-02 -1.67666767e-02 -8.57353117e-03 -9.20171570e-03 -8.89269263e-03 -8.51655100e-03 -8.98913946e-03 2.08755862e-02 -3.07226484e-03 5.47381025e-03 1.94006297e-03 4.27093031e-03 -1.51376156e-02 -1.10176904e-02 1.12032071e-02 -4.05436568e-03
2.20317468e-02 -2.59397458e-02 -1.42652784e-02 -1.35851437e-02 -1.31519986e-02 -1.23191513e-02 -1.31676942e-02 3.08071636e-02 -4.49485844e-03 8.01851694e-03 2.82137981e-03 6.23176713e-03 -2.20690630e-02 -1.60659049e-02 1.63355358e-02 -5.90770273e-03
4.76283431e-02 -5.41487783e-02 -2.85361260e-02 -2.87119616e-02 -2.77557038e-02 -2.68784445e-02 -2.83219256e-02 6.56910539e-02 -9.67495888e-03 1.72119197e-02 6.14772318e-03 1.34557476e-02 -4.77476977e-02 -3.47527750e-02 3.53383161e-02 -1.27928872e-02
-9.28491801e-02 1.06041074e-01 5.45441285e-02 5.76079860e-02 5.50458543e-02 5.24622723e-02 5.54177463e-02 -1.28650695e-01 1.89251658e-02 -3.36620621e-02 -1.20165432e-02 -2.63036005e-02 9.33186039e-02 6.79205656e-02 -6.90644607e-02 2.50007827e-02
5.27860038e-02 -6.07606880e-02 -3.29088345e-02 -3.18480954e-02 -3.10316626e-02 -2.97087114e-02 -3.13008912e-02 7.24959373e-02 -1.06738778e-02 1.89761631e-02 6.76671183e-03 1.48352804e-02 -5.26397154e-02 -3.83135155e-02 3.89589407e-02 -1.41034257e-02
-1.48283951e-02 1.59964673e-02 8.71955417e-03 8.12380761e-03 8.07704311e-03 7.46306730e-03 7.99631700e-03 -1.84947941e-02 2.71301088e-03 -4.82197572e-03 -1.71703030e-03 -3.76710109e-03 1.33690368e-02 9.73056909e-03 -9.89450607e-03 3.58192646e-03
1.85671635e-02 -2.19340306e-02 -1.12306122e-02 -1.16577568e-02 -1.12928357e-02 -1.07464222e-02 -1.13948267e-02 2.64245979e-02 -3.88861867e-03 6.92895008e-03 2.46017310e-03 5.40506467e-03 -1.91658754e-02 -1.39494268e-02 1.41842132e-02 -5.13394596e-03
-4.21707220e-02 5.05766831e-02 2.37370562e-02 2.80243270e-02 2.70506795e-02 2.65078880e-02 2.77569331e-02 -6.43297732e-02 9.48911998e-03 -1.68748312e-02 -6.03899127e-03 -1.31983692e-02 4.68435138e-02 3.40950042e-02 -3.46695855e-02 1.25508420e-02
2.91860811e-02 -3.36364843e-02 -1.65912881e-02 -1.84227284e-02 -1.76997557e-02 -1.72148403e-02 -1.81035288e-02 4.19994518e-02 -6.18131040e-03 1.10001080e-02 3.93214915e-03 8.59636441e-03 -3.05084754e-02 -2.22055092e-02 2.25795880e-02 -8.17398075e-03
-8.60084035e-03 1.02685727e-02 5.39756566e-03 5.53940283e-03 5.39269485e-03 5.16465120e-03 5.43426536e-03 -1.25877904e-02 1.85624964e-03 -3.30169080e-03 -1.17882597e-03 -2.58084619e-03 9.15741734e-03 6.66514318e-03 -6.77742204e-03 2.45343801e-03
-1.14957485e-02 1.34317279e-02 6.52888510e-03 7.34047266e-03 7.07799615e-03 6.88783126e-03 7.22797168e-03 -1.67351905e-02 2.46974104e-03 -4.39199619e-03 -1.57116586e-03 -3.43431323e-03 1.21887065e-02 8.87152646e-03 -9.02102329e-03 3.26571870e-03
6.66626450e-03 -7.75696244e-03 -4.53457795e-03 -4.13665641e-03 -4.04705852e-03 -3.68319708e-03 -3.95632861e-03 9.21336003e-03 -1.34864077e-03 2.40626908e-03 8.43756192e-04 1.87270006e-03 -6.62901904e-03 -4.82447864e-03 4.90557449e-03 -1.77494460e-03
-1.78507939e-02 2.13005263e-02 1.15396418e-02 1.13793835e-02 1.11132655e-02 1.03051318e-02 1.09769013e-02 -2.54952982e-02 3.73649457e-03 -6.65329583e-03 -2.36025290e-03 -5.18877385e-03 1.83897838e-02 1.33848265e-02 -1.36101469e-02 4.92573064e-03
1.05083128e-02 -1.15371561e-02 -6.68179896e-03 -6.00844529e-03 -5.88316564e-03 -5.26513439e-03 -5.71965752e-03 1.33047281e-02 -1.94496044e-03 3.47457244e-03 1.21939043e-03 2.70157680e-03 -9.56957135e-03 -6.96484139e-03 7.08194124e-03 -2.56297551e-03
-6.93629831e-02 7.81396106e-02 4.03866246e-02 4.25401442e-02 4.09795381e-02 3.96516472e-02 4.16590534e-02 -9.65882838e-02 1.42359138e-02 -2.53181625e-02 -9.05002002e-03 -1.97929870e-02 7.02430755e-02 5.11260554e-02 -5.19875064e-02 1.88199598e-02
2.99723893e-02 -3.55276354e-02 -1.96958426e-02 -1.85629856e-02 -1.79773401e-02 -1.66627690e-02 -1.78532247e-02 4.19054814e-02 -6.11212803e-03 1.08696232e-02 3.81844305e-03 8.47245008e-03 -2.99429484e-02 -2.18027346e-02 2.21601799e-02 -8.01177975e-03
-3.09476014e-02 3.60090509e-02 1.96521040e-02 1.92331299e-02 1.87790655e-02 1.75447445e-02 1.87577009e-02 -4.36778516e-02 6.39699632e-03 -1.13992216e-02 -4.02746676e-03 -8.88030976e-03 3.14818807e-02 2.29138061e-02 -2.32993048e-02 8.43244046e-03
-7.01225325e-02 8.20269808e-02 4.31703404e-02 4.30444516e-02 4.20169979e-02 3.90028358e-02 4.18267660e-02 -9.71150473e-02 1.42422952e-02 -2.55434942e-02 -8.95332173e-03 -1.97786633e-02 7.00851604e-02 5.10110147e-02 -5.18732518e-02 1.87683739e-02
-2.59417221e-02 3.01097929e-02 1.43944249e-02 1.64112058e-02 1.58197526e-02 1.53197031e-02 1.61029398e-02 -3.73177007e-02 5.50270360e-03 -9.79053415e-03 -3.50051606e-03 -7.65290344e-03 2.71597877e-02 1.97682269e-02 -2.01013256e-02 7.27689127e-03
1.37459626e-02 -1.58505980e-02 -8.04636069e-03 -8.62155017e-03 -8.12606420e-03 -7.72845093e-03 -8.19638185e-03 1.89840123e-02 -2.79914634e-03 4.98349220e-03 1.77724822e-03 3.89132020e-03 -1.38068972e-02 -1.00492621e-02 1.02185383e-02 -3.69911012e-03
2.04093698e-02 -2.43421365e-02 -1.14280712e-02 -1.35245798e-02 -1.30718444e-02 -1.28237698e-02 -1.34202819e-02 3.10845282e-02 -4.58792225e-03 8.15883186e-03 2.92066624e-03 6.38176594e-03 -2.26508528e-02 -1.64864305e-02 1.67642795e-02 -6.06890814e-03
-1.37085179e-02 1.45376958e-02 7.46353948e-03 7.52112875e-03 7.30664143e-03 7.06993649e-03 7.43215391e-03 -1.72083303e-02 2.53737904e-03 -4.51201200e-03 -1.61396677e-03 -3.52811464e-03 1.25217494e-02 9.11392923e-03 -9.26751737e-03 3.35495663e-03
-5.05175395e-03 6.43017143e-03 5.16010635e-03 3.06206872e-03 2.98652775e-03 2.24891584e-03 2.65597599e-03 -6.20867359e-03 9.02853440e-04 -1.63368543e-03 -5.22363000e-04 -1.24431681e-03 4.35554935e-03 3.16901063e-03 -3.22239427e-03 1.16238208e-03
2.29399763e-02 -2.64603049e-02 -1.42479669e-02 -1.41739706e-02 -1.35976681e-02 -1.29601918e-02 -1.37642724e-02 3.19616161e-02 -4.69878269e-03 8.36165901e-03 2.96791829e-03 6.52655447e-03 -2.31441204e-02 -1.68448612e-02 1.71284229e-02 -6.19983254e-03
1.65985629e-03 -1.54321641e-03 -1.79769122e-03 -5.85919246e-04 -5.91963413e-04 -3.10863397e-04 -4.19805205e-04 1.01635174e-03 -1.39422584e-04 2.55671504e-04 7.58300375e-05 1.90937135e-04 -6.63733983e-04 -4.82738862e-04 4.90672479e-04 -1.77030306e-04
3.41017395e-02 -3.72169167e-02 -1.81860179e-02 -2.02691257e-02 -1.94731187e-02 -1.85354967e-02 -1.95899233e-02 4.54597287e-02 -6.68616919e-03 1.18992161e-02 4.24118154e-03 9.29373596e-03 -3.29692475e-02 -2.39966735e-02 2.44007409e-02 -8.83287936e-03
-2.06940100e-02 2.11894549e-02 1.13469847e-02 1.14687700e-02 1.11123575e-02 1.04339300e-02 1.11531448e-02 -2.60581151e-02 3.80877079e-03 -6.79789763e-03 -2.37901951e-03 -5.29343635e-03 1.87382717e-02 1.36383120e-02 -1.38680134e-02 5.01718698e-03
6.40845113e-03 -7.48523325e-03 -4.24191216e-03 -3.97439720e-03 -3.78190167e-03 -3.50724487e-03 -3.75022530e-03 8.72329809e-03 -1.27864757e-03 2.28167116e-03 8.02999188e-04 1.77609886e-03 -6.29022112e-03 -4.57804836e-03 4.65497933e-03 -1.68455939e-03
-1.75318792e-02 2.01422125e-02 1.04082087e-02 1.07445344e-02 1.04317227e-02 9.90739185e-03 1.04520954e-02 -2.42357235e-02 3.56754707e-03 -6.34900806e-03 -2.26042140e-03 -4.95798606e-03 1.75860412e-02 1.27997333e-02 -1.30152805e-02 4.71128663e-03
-1.20265167e-02 1.36762867e-02 6.98885415e-03 7.35849515e-03 7.13160634e-03 6.90687029e-03 7.26076635e-03 -1.68229342e-02 2.47998978e-03 -4.40926850e-03 -1.57528848e-03 -3.44786816e-03 1.22357532e-02 8.90574139e-03 -9.05579980e-03 3.27829225e-03
3.53600942e-02 -4.21428867e-02 -2.07407828e-02 -2.31202170e-02 -2.23696399e-02 -2.18424704e-02 -2.28990968e-02 5.30338064e-02 -7.82599952e-03 1.39181037e-02 4.98024188e-03 1.08853411e-02 -3.86336558e-02 -2.81194821e-02 2.85933539e-02 -1.03511829e-02
7.86851253e-03 -9.22566839e-03 -5.54362126e-03 -4.86359978e-03 -4.73065628e-03 -4.38132603e-03 -4.68709227e-03 1.08810412e-02 -1.59737188e-03 2.84705940e-03 1.00484665e-03 2.21805321e-03 -7.85967242e-03 -5.72034623e-03 5.81658352e-03 -2.10510986e-03
-1.89670287e-02 2.00259984e-02 1.74153969e-02 7.85362348e-03 8.21253099e-03 6.12325454e-03 7.30217202e-03 -1.70729458e-02 2.45830114e-03 -4.40774625e-03 -1.45377277e-03 -3.38678015e-03 1.19392425e-02 8.68678000e-03 -8.83095432e-03 3.19489068e-03
5.98743651e-03 -5.49908914e-03 -4.42065112e-03 -2.43650773e-03 -2.43199430e-03 -1.93176663e-03 -2.22865678e-03 5.24031185e-03 -7.53736938e-04 1.35128654e-03 4.54845140e-04 1.04331877e-03 -3.66702373e-03 -2.66829575e-03 2.71270238e-03 -9.80221666e-04
-7.43053062e-03 7.96305295e-03 3.42573156e-03 4.58804937e-03 4.43986896e-03 4.42707911e-03 4.60551959e-03 -1.06593752e-02 1.57733343e-03 -2.80382275e-03 -1.00618904e-03 -2.19471008e-03 7.79151311e-03 5.67111513e-03 -5.76672237e-03 2.08768668e-03
8.91218521e-03 -1.00909648e-02 -6.00932213e-03 -5.21166204e-03 -5.05651487e-03 -4.60048951e-03 -4.96385992e-03 1.15220426e-02 -1.68972136e-03 3.01578827e-03 1.05961540e-03 2.34670728e-03 -8.31142534e-03 -6.04899321e-03 6.15068013e-03 -2.22585327e-03
-4.32256702e-03 4.85937623e-03 3.45799467e-03 2.40369211e-03 2.43847840e-03 1.97657989e-03 2.20709550e-03 -5.19981142e-03 7.46488164e-04 -1.33414392e-03 -4.57129674e-04 -1.03340007e-03 3.65126389e-03 2.65663676e-03 -2.70125549e-03 9.77012562e-04
1.80073865e-02 -2.09710058e-02 -1.16459038e-02 -1.11077279e-02 -1.07049812e-02 -1.02026118e-02 -1.07932445e-02 2.50131469e-02 -3.67923616e-03 6.55032927e-03 2.33227480e-03 5.11492183e-03 -1.81470662e-02 -1.32080382e-02 1.34305563e-02 -4.86180093e-03
1.39581114e-02 -1.88672729e-02 -9.87466332e-03 -9.71553382e-03 -9.19601135e-03 -8.78460705e-03 -9.32459068e-03 2.16037370e-02 -3.18255718e-03 5.66561660e-03 2.01332499e-03 4.42631124e-03 -1.56948399e-02 -1.14226947e-02 1.16151338e-02 -4.20430582e-03
3.88559978e-03 -4.78288811e-03 -2.67553120e-03 -2.56557111e-03 -2.49967934e-03 -2.29074294e-03 -2.46277405e-03 5.72539167e-03 -8.39668151e-04 1.50061154e-03 5.23000897e-04 1.16652087e-03 -4.12519602e-03 -3.00231064e-03 3.05276155e-03 -1.10419781e-03
-2.89120642e-03 4.12792712e-03 2.55619083e-03 2.11802567e-03 2.09400593e-03 1.86645356e-03 2.03304016e-03 -4.72578965e-03 6.90590998e-04 -1.23911281e-03 -4.23789286e-04 -9.59775702e-04 3.38475197e-03 2.46334029e-03 -2.50464398e-03 9.05415975e-04
-2.28573270e-02 2.75681969e-02 1.71519294e-02 1.44332135e-02 1.39907273e-02 1.31158382e-02 1.39830373e-02 -3.24456207e-02 4.77373367e-03 -8.50860588e-03 -3.00163403e-03 -6.63110614e-03 2.34838184e-02 1.70905925e-02 -1.73788145e-02 6.28849259e-03
-3.86249796e-02 4.43557575e-02 2.31315605e-02 2.33855937e-02 2.27027629e-02 2.15293113e-02 2.27077790e-02 -5.26049994e-02 7.75732147e-03 -1.38078490e-02 -4.91747772e-03 -1.07814688e-02 3.82447317e-02 2.78358851e-02 -2.83046216e-02 1.02459304e-02
-1.06228046e-01 1.22598246e-01 6.31442964e-02 6.42559305e-02 6.21171221e-02 5.87728210e-02 6.24483675e-02 -1.44773409e-01 2.12782379e-02 -3.79096009e-02 -1.34367831e-02 -2.95652635e-02 1.04837485e-01 7.63049424e-02 -7.75888488e-02 2.80837100e-02
-2.52172817e-02 2.86092404e-02 1.48952510e-02 1.53072523e-02 1.49777271e-02 1.41858011e-02 1.50126340e-02 -3.48168910e-02 5.11562917e-03 -9.10028908e-03 -3.24816583e-03 -7.11165275e-03 2.52351705e-02 1.83672365e-02 -1.86766703e-02 6.76106242e-03
9.70701035e-03 -1.26081379e-02 -7.41713680e-03 -6.52659405e-03 -6.40147598e-03 -5.91820804e-03 -6.32699905e-03 1.46679068e-02 -2.16030423e-03 3.84685001e-03 1.35414070e-03 2.99833645e-03 -1.06134238e-02 -7.72449141e-03 7.85440020e-03 -2.84193759e-03
-1.06433602e-02 1.30753070e-02 6.51807804e-03 7.14159291e-03 6.92782924e-03 6.61582360e-03 6.99028233e-03 -1.62367914e-02 2.39044870e-03 -4.25670762e-03 -1.50964991e-03 -3.32298246e-03 1.17726512e-02 8.56863428e-03 -8.71292502e-03 3.15272808e-03
1.77097339e-02 -2.15203837e-02 -1.18912151e-02 -1.13281058e-02 -1.07707372e-02 -1.00487648e-02 -1.07357735e-02 2.49530561e-02 -3.66313336e-03 6.53554453e-03 2.30541686e-03 5.09177800e-03 -1.80437770e-02 -1.31327864e-02 1.33535266e-02 -4.83277999e-03
-4.45984863e-02 5.08403294e-02 2.77456455e-02 2.66877338e-02 2.61017922e-02 2.49299109e-02 2.62523759e-02 -6.08606711e-02 8.96374136e-03 -1.59438588e-02 -5.69605595e-03 -1.24635771e-02 4.42297719e-02 3.21923718e-02 -3.27347405e-02 1.18502751e-02
1.20128877e-02 -1.41518023e-02 -7.91744795e-03 -7.50878593e-03 -7.25721754e-03 -6.81217760e-03 -7.26596452e-03 1.68876424e-02 -2.48059281e-03 4.42146603e-03 1.55885506e-03 3.44496174e-03 -1.22012701e-02 -8.88018124e-03 9.02945455e-03 -3.26744467e-03
2.39826031e-02 -2.74974443e-02 -1.46117378e-02 -1.49081005e-02 -1.43763451e-02 -1.37391482e-02 -1.45045994e-02 3.36147845e-02 -4.95602936e-03 8.82072188e-03 3.13865906e-03 6.88839657e-03 -2.44293194e-02 -1.77805331e-02 1.80798639e-02 -6.54430781e-03
-3.20642367e-02 3.65539268e-02 1.78704560e-02 1.98845975e-02 1.91543959e-02 1.83304437e-02 1.93593800e-02 -4.49348949e-02 6.60438370e-03 -1.17559358e-02 -4.18806216e-03 -9.18084476e-03 3.25675569e-02 2.37039328e-02 -2.41030809e-02 8.72485526e-03
1.54382261e-02 -1.78640932e-02 -1.04218321e-02 -9.35506448e-03 -9.08976793e-03 -8.41774512e-03 -9.03024059e-03 2.09585726e-02 -3.07253608e-03 5.47046587e-03 1.93943467e-03 4.26508253e-03 -1.51207037e-02 -1.10050775e-02 1.11903548e-02 -4.05033352e-03
-1.14638461e-02 1.53202182e-02 6.24082983e-03 8.73420108e-03 8.45633633e-03 8.50370061e-03 8.82091466e-03 -2.04357039e-02 3.01720714e-03 -5.36375633e-03 -1.92610989e-03 -4.19984292e-03 1.49131576e-02 1.08547583e-02 -1.10377939e-02 3.99605790e-03
8.04045983e-03 -9.70896240e-03 -5.03020547e-03 -5.22877928e-03 -5.06628444e-03 -4.86276811e-03 -5.12064807e-03 1.18730478e-02 -1.74857595e-03 3.11175501e-03 1.11023872e-03 2.43119826e-03 -8.62590130e-03 -6.27827644e-03 6.38401881e-03 -2.31098966e-03
-4.97367904e-02 5.94448745e-02 2.83586681e-02 3.25563736e-02 3.14055905e-02 3.06733511e-02 3.21568996e-02 -7.44636506e-02 1.09871458e-02 -1.95404701e-02 -6.99156662e-03 -1.52819119e-02 5.42374887e-02 3.94766405e-02 -4.01419103e-02 1.45319030e-02
-3.83475027e-03 5.08930907e-03 2.47978466e-03 2.75505404e-03 2.65915063e-03 2.57938798e-03 2.71072239e-03 -6.27892697e-03 9.26309614e-04 -1.64790300e-03 -5.88598545e-04 -1.28814543e-03 4.57116775e-03 3.32709635e-03 -3.38315172e-03 1.22472167e-03
-1.68024041e-02 2.14093588e-02 1.12932315e-02 1.13492170e-02 1.10098291e-02 1.04142120e-02 1.10404119e-02 -2.56332029e-02 3.76497139e-03 -6.71121711e-03 -2.36995867e-03 -5.23589458e-03 1.85602587e-02 1.35087455e-02 -1.37362070e-02 4.97113308e-03
8.03896971e-03 -9.35943518e-03 -5.79075841e-03 -4.88522416e-03 -4.77141934e-03 -4.02214937e-03 -4.46913717e-03 1.05027668e-02 -1.51763973e-03 2.70942785e-03 9.34505195e-04 2.10000202e-03 -7.41087692e-03 -5.39411092e-03 5.48443291e-03 -1.98272988e-03
1.31587433e-02 -1.56872254e-02 -8.34868476e-03 -8.32584966e-03 -8.04916397e-03 -7.66169792e-03 -8.11809301e-03 1.88120045e-02 -2.77146418e-03 4.93414234e-03 1.74784032e-03 3.85210477e-03 -1.36552807e-02 -9.93858278e-03 1.01058325e-02 -3.65765509e-03
-5.34211239e-03 5.79943042e-03 3.53398547e-03 2.86251679e-03 2.80040852e-03 2.53863027e-03 2.73252721e-03 -6.34745555e-03 9.32058261e-04 -1.66212313e-03 -5.82158274e-04 -1.29376911e-03 4.57961671e-03 3.33312829e-03 -3.38911125e-03 1.22639141e-03
-1.34699568e-02 1.57365762e-02 9.79003590e-03 7.94495922e-03 7.71817286e-03 6.96855830e-03 7.54193775e-03 -1.74817462e-02 2.57036509e-03 -4.57734428e-03 -1.61521405e-03 -3.56778083e-03 1.26402425e-02 9.19988565e-03 -9.35467705e-03 3.38541577e-03
-3.82103212e-02 4.29412611e-02 2.32719369e-02 2.26117093e-02 2.18114350e-02 2.07379926e-02 2.20013820e-02 -5.10318242e-02 7.50947930e-03 -1.33656748e-02 -4.73633362e-03 -1.04350820e-02 3.69843505e-02 2.69177388e-02 -2.73707379e-02 9.90652200e-03
4.61657569e-02 -5.35249747e-02 -3.02568506e-02 -2.82689538e-02 -2.74645481e-02 -2.61919983e-02 -2.76843682e-02 6.42607957e-02 -9.44737438e-03 1.67847294e-02 5.99475252e-03 1.31240562e-02 -4.65587415e-02 -3.38871405e-02 3.44577841e-02 -1.24736056e-02
3.09027173e-02 -3.56032327e-02 -1.88545324e-02 -1.88700650e-02 -1.82668604e-02 -1.76737756e-02 -1.85898039e-02 4.30597067e-02 -6.34726835e-03 1.12915915e-02 4.03373409e-03 8.82721692e-03 -3.13222893e-02 -2.27978397e-02 2.31819898e-02 -8.39213748e-03
-1.17526446e-02 1.40704978e-02 6.81899674e-03 7.73517368e-03 7.46666919e-03 7.25831417e-03 7.62049342e-03 -1.76573787e-02 2.60388013e-03 -4.63231653e-03 -1.65448594e-03 -3.62116471e-03 1.28490273e-02 9.35208425e-03 -9.50963702e-03 3.44247068e-03
5.25506213e-04 -2.37448444e-03 3.30440630e-03 -2.00494309e-03 -2.00404902e-03 -3.36286635e-03 -2.82876985e-03 6.03027130e-03 -9.77586722e-04 1.67213148e-03 7.19388598e-04 1.39112340e-03 -5.05978800e-03 -3.68276308e-03 3.74178519e-03 -1.36687909e-03
-3.24898735e-02 3.80594321e-02 2.39296742e-02 1.98563784e-02 1.89476404e-02 1.69852227e-02 1.83519926e-02 -4.24862206e-02 6.24484150e-03 -1.11739468e-02 -3.81834107e-03 -8.70579481e-03 3.05915661e-02 2.22793613e-02 -2.26527173e-02 8.18056427e-03
-3.62414531e-02 4.19357717e-02 2.03976370e-02 2.24871282e-02 2.16411762e-02 2.08426081e-02 2.19217595e-02 -5.08298241e-02 7.49299861e-03 -1.33263711e-02 -4.75640967e-03 -1.04158102e-02 3.69512998e-02 2.68946085e-02 -2.73475349e-02 9.89959016e-03
1.05021233e-02 -1.13925384e-02 -5.70423948e-03 -6.09426945e-03 -5.93809038e-03 -5.60266292e-03 -5.95660554e-03 1.39127467e-02 -2.03046459e-03 3.62001150e-03 1.28341606e-03 2.82336003e-03 -1.00102443e-02 -7.28566851e-03 7.40827434e-03 -2.68141506e-03
-2.82080676e-02 3.21644545e-02 1.65010840e-02 1.74330678e-02 1.68225542e-02 1.62515156e-02 1.71161499e-02 -3.96473333e-02 5.84637653e-03 -1.03997253e-02 -3.71211092e-03 -8.12867284e-03 2.88429242e-02 2.09931210e-02 -2.13467740e-02 7.72760622e-03
-5.07019721e-02 5.93465604e-02 3.27809677e-02 3.15590911e-02 3.02804913e-02 2.90256608e-02 3.06285899e-02 -7.10900202e-02 1.04639595e-02 -1.86152514e-02 -6.62175333e-03 -1.45417713e-02 5.15720099e-02 3.75358872e-02 -3.81678231e-02 1.38158025e-02
3.19632911e-03 -4.49724961e-03 -3.54240416e-03 -2.16622022e-03 -2.09631887e-03 -1.73481391e-03 -1.96961220e-03 4.61925846e-03 -6.69971167e-04 1.20295666e-03 3.94784467e-04 9.28799622e-04 -3.25067341e-03 -2.36499356e-03 2.40456592e-03 -8.67608003e-04
-1.27144549e-02 1.49700968e-02 7.69358966e-03 8.01766664e-03 7.71970348e-03 7.44961295e-03 7.85014965e-03 -1.82076152e-02 2.68016593e-03 -4.76813689e-03 -1.70097267e-03 -3.72626260e-03 1.32209761e-02 9.62276105e-03 -9.78484936e-03 3.54211382e-03
6.49544783e-03 -6.31858502e-03 -3.99178639e-03 -3.05838906e-03 -2.98295170e-03 -2.71227793e-03 -2.91104522e-03 6.74302178e-03 -9.92188579e-04 1.76546595e-03 6.27637026e-04 1.37714553e-03 -4.88575082e-03 -3.55599704e-03 3.61587037e-03 -1.30892335e-03
-7.10419845e-03 1.04641058e-02 4.37774416e-03 6.11364143e-03 5.90499956e-03 5.90106100e-03 6.12998661e-03 -1.42052388e-02 2.09721806e-03 -3.72770010e-03 -1.33695244e-03 -2.91779521e-03 1.03574544e-02 7.53871584e-03 -7.66578410e-03 2.77514546e-03
6.00976171e-03 -7.23620038e-03 -1.87712675e-03 -4.47173230e-03 -4.29010391e-03 -4.62442730e-03 -4.69066296e-03 1.08275358e-02 -1.60536112e-03 2.84418697e-03 1.03374035e-03 2.23852019e-03 -7.95725919e-03 -5.79176703e-03 5.88961458e-03 -2.13273778e-03
-2.64485218e-02 3.12764160e-02 1.52852647e-02 1.74003057e-02 1.65630300e-02 1.61292609e-02 1.69151761e-02 -3.92070338e-02 5.78165194e-03 -1.02814855e-02 -3.67683568e-03 -8.03955644e-03 2.85306089e-02 2.07659267e-02 -2.11158320e-02 7.64412992e-03
-4.78083603e-02 5.57723120e-02 3.04325707e-02 2.90660132e-02 2.79916264e-02 2.63927542e-02 2.80133523e-02 -6.47700205e-02 9.53920186e-03 -1.69424638e-02 -6.04289025e-03 -1.32373963e-02 4.69680279e-02 3.41847055e-02 -3.47605459e-02 1.25832511e-02
-2.98013333e-02 3.34482491e-02 1.69547964e-02 1.81658007e-02 1.73821617e-02 1.67734548e-02 1.76060814e-02 -4.07661796e-02 6.01528399e-03 -1.06978361e-02 -3.82417766e-03 -8.36495776e-03 2.96855494e-02 2.16064993e-02 -2.19705291e-02 7.95352645e-03
-1.60328578e-02 1.90028381e-02 9.76664945e-03 1.01768589e-02 9.82975401e-03 9.34334844e-03 9.89755988e-03 -2.29957215e-02 3.37480707e-03 -6.01667678e-03 -2.13971967e-03 -4.69246600e-03 1.66477226e-02 1.21167367e-02 -1.23207709e-02 4.46002977e-03
-7.52816023e-03 8.70960113e-03 4.27913945e-03 4.78069345e-03 4.61622048e-03 4.49512759e-03 4.72106086e-03 -1.09374570e-02 1.61301740e-03 -2.86904676e-03 -1.02564320e-03 -2.24319450e-03 7.96059240e-03 5.79408184e-03 -5.89171005e-03 2.13284441e-03
-3.97222415e-02 4.63100784e-02 2.63855048e-02 2.44058743e-02 2.36336961e-02 2.21764781e-02 2.35004965e-02 -5.44577874e-02 8.02575797e-03 -1.42906960e-02 -5.07049402e-03 -1.11490171e-02 3.95285115e-02 2.87700370e-02 -2.92542391e-02 1.05885174e-02
2.73169465e-02 -3.17205526e-02 -1.63530260e-02 -1.66560169e-02 -1.61556676e-02 -1.55609362e-02 -1.63893271e-02 3.80479768e-02 -5.59747405e-03 9.95621271e-03 3.55825992e-03 7.78398057e-03 -2.76238397e-02 -2.01059561e-02 2.04447117e-02 -7.40117673e-03
-4.58136480e-03 6.40038261e-03 2.01006210e-03 3.65905883e-03 3.76017811e-03 3.99222225e-03 4.05179011e-03 -9.36316419e-03 1.39074528e-03 -2.46347790e-03 -8.92931479e-04 -1.93906273e-03 6.89206971e-03 5.01653552e-03 -5.10123000e-03 1.84717518e-03
1.21687967e-02 -1.39663396e-02 -6.58592116e-03 -7.72018358e-03 -7.44483760e-03 -7.28341937e-03 -7.63406744e-03 1.76789202e-02 -2.60911067e-03 4.64035803e-03 1.65960111e-03 3.62874148e-03 -1.28783351e-02 -9.37347952e-03 9.53143183e-03 -3.45047447e-03
1.07497573e-02 -1.34339929e-02 -6.07889611e-03 -7.54479738e-03 -7.28990277e-03 -7.18734832e-03 -7.51006929e-03 1.73935331e-02 -2.56827637e-03 4.56689624e-03 1.63528172e-03 3.57265933e-03 -1.26807801e-02 -9.22972336e-03 9.38527565e-03 -3.39761004e-03
1.30194854e-02 -1.42433187e-02 -6.25655241e-03 -8.06315523e-03 -7.75315426e-03 -7.73676159e-03 -8.05337075e-03 1.86396800e-02 -2.75583263e-03 4.89923172e-03 1.75678567e-03 3.83434026e-03 -1.36110373e-02 -9.90685262e-03 1.00738471e-02 -3.64694581e-03
3.09001259e-03 -3.86522547e-03 -2.42686365e-03 -1.99978705e-03 -1.99682452e-03 -1.70647691e-03 -1.87957881e-03 4.43347264e-03 -6.40990271e-04 1.15192099e-03 3.90621921e-04 8.88754439e-04 -3.12496815e-03 -2.27385201e-03 2.31175101e-03 -8.34619103e-04
-5.43855950e-02 6.13619424e-02 3.30378674e-02 3.23431045e-02 3.10451686e-02 2.91183144e-02 3.10008004e-02 -7.20926374e-02 1.05673326e-02 -1.88173614e-02 -6.68723043e-03 -1.46888914e-02 5.20944297e-02 3.79159115e-02 -3.85542884e-02 1.39560336e-02
-1.50859635e-02 1.67155750e-02 9.59733967e-03 9.00218915e-03 8.63867905e-03 8.12214892e-03 8.61692522e-03 -2.00127456e-02 2.94083194e-03 -5.23587037e-03 -1.85073109e-03 -4.08373913e-03 1.44718532e-02 1.05328364e-02 -1.07100764e-02 3.87609913e-03
2.92908889e-03 -4.07001097e-03 -2.01538298e-03 -2.21084384e-03 -2.13326863e-03 -2.06193957e-03 -2.16837157e-03 5.02424082e-03 -7.41001742e-04 1.31824997e-03 4.70515195e-04 1.03029201e-03 -3.65557242e-03 -2.66067917e-03 2.70550139e-03 -9.79382545e-04
1.22753168e-02 -1.52040478e-02 -7.54669122e-03 -8.29424895e-03 -7.98768830e-03 -7.77875120e-03 -8.16060230e-03 1.89157892e-02 -2.78915162e-03 4.96077351e-03 1.77397125e-03 3.87884653e-03 -1.37659274e-02 -1.00194905e-02 1.01883216e-02 -3.68827814e-03
-4.50462429e-03 5.48661174e-03 3.04428651e-03 2.93182000e-03 2.81610084e-03 2.59835389e-03 2.78879330e-03 -6.47508120e-03 9.50221031e-04 -1.69621920e-03 -5.97677834e-04 -1.32024789e-03 4.67711920e-03 3.40408296e-03 -3.46130249e-03 1.25259638e-03
-5.22690788e-02 6.05322905e-02 3.21185067e-02 3.26671563e-02 3.13992463e-02 3.00802998e-02 3.17712538e-02 -7.37354085e-02 1.08576091e-02 -1.93337165e-02 -6.86326902e-03 -1.50897484e-02 5.35024442e-02 3.89410034e-02 -3.95964868e-02 1.43319229e-02
3.45486142e-02 -4.00786437e-02 -2.05512531e-02 -2.13941280e-02 -2.08503138e-02 -1.99378375e-02 -2.10450739e-02 4.88447659e-02 -7.18623400e-03 1.27873523e-02 4.56169713e-03 9.99155268e-03 -3.54511589e-02 -2.58027799e-02 2.62374356e-02 -9.49797221e-03
2.00909586e-03 -2.06031464e-03 -1.62647315e-03 -9.94282775e-04 -9.73408751e-04 -8.52270983e-04 -9.12890129e-04 2.11534323e-03 -3.10775446e-04 5.52464509e-04 1.96121240e-04 4.31250315e-04 -1.52901944e-03 -1.11283828e-03 1.13157195e-03 -4.09603730e-04
-5.23021119e-03 6.17346400e-03 2.64150812e-03 3.56118404e-03 3.44269280e-03 3.43517424e-03 3.57445446e-03 -8.27180687e-03 1.22377533e-03 -2.17669271e-03 -7.80723814e-04 -1.70337816e-03 6.04766840e-03 4.40184399e-03 -4.47606295e-03 1.62044878e-03
1.53676979e-02 -1.84021201e-02 -9.40894522e-03 -9.61751770e-03 -9.32824146e-03 -8.53558816e-03 -9.13552009e-03 2.12358702e-02 -3.11159296e-03 5.55643020e-03 1.96525035e-03 4.32528974e-03 -1.53329903e-02 -1.11598521e-02 1.13476850e-02 -4.10739426e-03
