-2.99220718e-02 7.89502487e-02 4.90727648e-02 2.34878436e-02 -1.28576476e-02 2.66935155e-02 -4.58461754e-02 9.84899402e-02 4.68182517e-03 -1.29772406e-02 -5.68145402e-02 -1.82485469e-02 -4.89703827e-02 -4.78754472e-03 -2.19093710e-02 -1.90341752e-02
-1.63025372e-02 8.09099525e-03 1.38471127e-02 8.76236707e-03 -3.60727217e-03 9.80258826e-03 -1.60317682e-02 3.59514691e-02 1.93432102e-03 -4.81134094e-03 -2.12224908e-02 -6.80930540e-03 -1.83058549e-02 -1.79784209e-03 -8.18675198e-03 -7.11629167e-03
-1.00530740e-02 1.70490611e-02 1.34343114e-02 7.02961907e-03 -3.39005142e-03 7.91506283e-03 -1.32264597e-02 2.90626772e-02 1.50377059e-03 -3.88121209e-03 -1.70660354e-02 -5.47569990e-03 -1.47170238e-02 -1.44510611e-03 -6.58130599e-03 -5.72051946e-03
3.38711217e-02 -9.62497145e-02 -5.89954667e-02 -2.80681793e-02 1.53893735e-02 -3.19143459e-02 5.46259545e-02 -1.17743000e-01 -5.69629902e-03 1.55013939e-02 6.78798556e-02 2.17967834e-02 5.85092753e-02 5.72304195e-03 2.61753425e-02 2.27417722e-02
-1.88481864e-02 5.46943434e-02 3.01156733e-02 1.37183005e-02 -8.26539099e-03 1.57734603e-02 -2.69239899e-02 5.81342317e-02 2.71812477e-03 -7.59307994e-03 -3.31218280e-02 -1.06407702e-02 -2.85524298e-02 -2.78840424e-03 -1.27759939e-02 -1.10981874e-02
-6.11387612e-03 1.02117397e-02 7.82938395e-03 4.18605655e-03 -2.03647860e-03 4.70624492e-03 -7.90265668e-03 1.73275340e-02 8.80030100e-04 -2.30698008e-03 -1.01316348e-02 -3.25187552e-03 -8.73599295e-03 -8.56375613e-04 -3.90754361e-03 -3.39580351e-03
3.32839601e-02 -1.08229540e-01 -6.09320775e-02 -2.72214599e-02 1.75184049e-02 -3.16401869e-02 5.50572202e-02 -1.16211444e-01 -4.95828502e-03 1.52136479e-02 6.59243613e-02 2.12153140e-02 5.67553677e-02 5.48256515e-03 2.54552923e-02 2.20730808e-02
7.41120242e-03 -2.23340504e-02 -1.37033043e-02 -6.48560980e-03 3.67384031e-03 -7.41583249e-03 1.27759324e-02 -2.73593292e-02 -1.28181500e-03 3.60364956e-03 1.57397129e-02 5.05819498e-03 1.35647636e-02 1.32256036e-03 6.07140409e-03 5.27290581e-03
-3.14967930e-02 6.17417209e-02 3.85967642e-02 1.95996575e-02 -1.01875057e-02 2.22116746e-02 -3.76704000e-02 8.17050487e-02 3.99499945e-03 -1.08067868e-02 -4.73553278e-02 -1.52056273e-02 -4.08207178e-02 -3.99365090e-03 -1.82618890e-02 -1.58669874e-02
-4.31484729e-02 1.09682210e-01 6.63498268e-02 3.13147269e-02 -1.77246556e-02 3.56755294e-02 -6.17432855e-02 1.33299053e-01 6.28679898e-03 -1.72926225e-02 -7.57165477e-02 -2.43213810e-02 -6.52671009e-02 -6.37985114e-03 -2.92008668e-02 -2.53681801e-02
-2.96617243e-02 7.78787360e-02 4.72731255e-02 2.29359157e-02 -1.26524772e-02 2.60747429e-02 -4.45664674e-02 9.63511616e-02 4.65141935e-03 -1.26700029e-02 -5.54694310e-02 -1.78133287e-02 -4.78138439e-02 -4.67603840e-03 -2.13908870e-02 -1.85846854e-02
-3.16748023e-02 8.28704610e-02 5.19719534e-02 2.52505131e-02 -1.35200992e-02 2.86190640e-02 -4.88015637e-02 1.05560414e-01 5.15241735e-03 -1.39341215e-02 -6.10701628e-02 -1.96107384e-02 -5.26468642e-02 -5.15179010e-03 -2.35520136e-02 -2.04635803e-02
2.07548272e-02 -6.53525293e-02 -3.76022682e-02 -1.73341967e-02 9.96104348e-03 -1.97620597e-02 3.38874646e-02 -7.27396831e-02 -3.45242210e-03 9.58198681e-03 4.19106595e-02 1.34643298e-02 3.61219049e-02 3.52900801e-03 1.61618087e-02 1.40399011e-02
3.16311531e-02 -9.32431519e-02 -5.59945479e-02 -2.62307171e-02 1.48796327e-02 -2.98817735e-02 5.14132008e-02 -1.10547133e-01 -5.19668451e-03 1.44890072e-02 6.34388179e-02 2.03780662e-02 5.46856485e-02 5.34546981e-03 2.44669169e-02 2.12555826e-02
2.66873866e-01 -6.81279182e-01 -4.17799741e-01 -1.99335292e-01 1.05474330e-01 -2.26160213e-01 3.85684133e-01 -8.33300292e-01 -4.04314175e-02 1.09931283e-01 4.81904626e-01 1.54735565e-01 4.15449619e-01 4.06670794e-02 1.85847282e-01 1.61482245e-01
-4.11036015e-02 1.13987483e-01 6.44473806e-02 3.14623415e-02 -1.65838618e-02 3.56876180e-02 -6.07524253e-02 1.31266311e-01 6.44418597e-03 -1.73523147e-02 -7.60641396e-02 -2.44232472e-02 -6.55749366e-02 -6.41967123e-03 -2.93342490e-02 -2.54889168e-02
-5.36561236e-02 1.26670018e-01 7.78832808e-02 3.84509973e-02 -2.05704961e-02 4.36220355e-02 -7.43388757e-02 1.61108658e-01 7.86783546e-03 -2.11998094e-02 -9.29218680e-02 -2.98354998e-02 -8.01073536e-02 -7.84156471e-03 -3.58352363e-02 -3.11372988e-02
3.42971506e-03 1.59195159e-02 5.16334269e-03 8.51392047e-04 -1.76046125e-03 1.16054888e-03 -2.86057009e-03 5.18036308e-03 -7.15501810e-05 -5.21542621e-04 -2.09442619e-03 -6.88794244e-04 -1.79256033e-03 -1.53438581e-04 -8.14749394e-04 -6.98447111e-04
2.03967821e-02 -6.19865097e-02 -3.66000310e-02 -1.74373090e-02 9.48514044e-03 -1.97999105e-02 3.39171216e-02 -7.30362386e-02 -3.54551570e-03 9.62304510e-03 4.21621017e-02 1.35379946e-02 3.63456532e-02 3.55711626e-03 1.62590053e-02 1.41271865e-02
1.38712093e-01 -2.48478159e-01 -1.75673530e-01 -9.03402716e-02 4.59095873e-02 -1.02074489e-01 1.73036352e-01 -3.76390278e-01 -1.86100677e-02 4.98341918e-02 2.18543604e-01 7.01666251e-02 1.88415661e-01 1.84472147e-02 8.42855498e-02 7.32374042e-02
8.32194230e-04 -1.27171259e-02 -6.66449964e-03 -2.57280096e-03 1.75933028e-03 -2.98936083e-03 5.41075226e-03 -1.13419984e-02 -4.76315035e-04 1.43102393e-03 6.22695917e-03 2.00304459e-03 5.36280731e-03 5.21369569e-04 2.40059569e-03 2.08417652e-03
3.46089043e-02 -2.27070093e-01 -1.07160017e-01 -4.63250764e-02 2.84452178e-02 -5.31448573e-02 9.28053409e-02 -1.95763201e-01 -9.16284882e-03 2.55695581e-02 1.11812323e-01 3.59236561e-02 9.63607579e-02 9.40918736e-03 4.31157202e-02 3.74529436e-02
1.00053307e-02 -3.36241350e-02 -2.04215534e-02 -9.66141280e-03 5.42594306e-03 -1.10243009e-02 1.91246979e-02 -4.09193709e-02 -1.91949843e-03 5.36269881e-03 2.34343465e-02 7.53082847e-03 2.01972090e-02 1.96886808e-03 9.04020760e-03 7.85155129e-03
-3.00491247e-02 5.15028127e-02 3.60734314e-02 1.84672642e-02 -9.39457398e-03 2.08464935e-02 -3.53040211e-02 7.68473670e-02 3.81941139e-03 -1.01793110e-02 -4.46581729e-02 -1.43365366e-02 -3.85043658e-02 -3.77187761e-03 -1.72232892e-02 -1.49666704e-02
1.25655055e-03 8.28865170e-03 2.27031414e-03 6.96720497e-04 -7.56628404e-04 8.53516103e-04 -1.57207740e-03 3.11633386e-03 1.19058808e-04 -3.87168024e-04 -1.67646143e-03 -5.38928725e-04 -1.44286838e-03 -1.40385557e-04 -6.45612599e-04 -5.60592394e-04
-3.87423970e-02 1.18140139e-01 6.85592145e-02 3.23449895e-02 -1.78827494e-02 3.67442481e-02 -6.29824772e-02 1.35944024e-01 6.57426333e-03 -1.78462435e-02 -7.81877562e-02 -2.51088552e-02 -6.74032867e-02 -6.59528747e-03 -3.01526729e-02 -2.61984468e-02
1.80640724e-02 -1.05469853e-01 -5.59833460e-02 -2.24273708e-02 1.60891395e-02 -2.62898654e-02 4.70093414e-02 -9.75822806e-02 -3.85879492e-03 1.26126856e-02 5.45464605e-02 1.75568461e-02 4.69175167e-02 4.51593846e-03 2.10428089e-02 1.82424653e-02
-1.06529258e-02 2.14990806e-02 1.35935014e-02 7.76444376e-03 -3.75304953e-03 8.81181192e-03 -1.47102317e-02 3.21525261e-02 1.63153303e-03 -4.26489767e-03 -1.87436901e-02 -6.01592055e-03 -1.61633827e-02 -1.58538762e-03 -7.22894818e-03 -6.28276495e-03
9.04328227e-02 -2.25948125e-01 -1.36345044e-01 -6.60466328e-02 3.53695266e-02 -7.49314949e-02 1.27954781e-01 -2.76332200e-01 -1.34471450e-02 3.64248082e-02 1.59669474e-01 5.12828529e-02 1.37630656e-01 1.34658590e-02 6.15694486e-02 5.34947924e-02
-1.30941588e-02 3.98276187e-02 2.48504058e-02 1.16672628e-02 -6.65211910e-03 1.33215925e-02 -2.29019243e-02 4.94485050e-02 2.30474258e-03 -6.47824025e-03 -2.82973889e-02 -9.09416098e-03 -2.43865624e-02 -2.37719435e-03 -1.09156389e-02 -9.47997812e-03
-5.26393112e-03 3.25921886e-02 1.62421428e-02 6.85321493e-03 -4.36518481e-03 7.92236440e-03 -1.41667575e-02 3.03000435e-02 1.21283589e-03 -3.82564845e-03 -1.65846106e-02 -5.33720572e-03 -1.42955761e-02 -1.37713680e-03 -6.41363114e-03 -5.56147471e-03
1.54584825e-01 -3.04611534e-01 -2.06593990e-01 -1.05154917e-01 5.40509112e-02 -1.18924104e-01 2.01546460e-01 -4.38224584e-01 -2.16538943e-02 5.80057688e-02 2.54358888e-01 8.16658512e-02 2.19291031e-01 2.14698520e-02 9.80973318e-02 8.52386281e-02
6.15406334e-02 -2.27011383e-01 -1.22801244e-01 -5.66902794e-02 3.31487805e-02 -6.47033304e-02 1.10945180e-01 -2.39281684e-01 -1.13433674e-02 3.12763974e-02 1.36920437e-01 4.39780839e-02 1.18038140e-01 1.15438951e-02 5.28057888e-02 4.58781086e-02
-3.02038565e-02 1.07914887e-01 6.07473999e-02 2.76419427e-02 -1.56633724e-02 3.13631780e-02 -5.42884693e-02 1.16111852e-01 5.58749307e-03 -1.52486516e-02 -6.68374449e-02 -2.14571245e-02 -5.76025322e-02 -5.63767599e-03 -2.57679000e-02 -2.23894566e-02
-8.22798759e-02 1.54852629e-01 1.08001173e-01 5.56842871e-02 -2.81025339e-02 6.29219487e-02 -1.06221572e-01 2.31778026e-01 1.14899389e-02 -3.07164192e-02 -1.34699404e-01 -4.32484336e-02 -1.16132140e-01 -1.13701113e-02 -5.19504212e-02 -4.51407433e-02
-3.09786312e-02 8.05563927e-02 4.92410436e-02 2.40337141e-02 -1.29937669e-02 2.73166522e-02 -4.66496684e-02 1.00714996e-01 4.87476029e-03 -1.32761989e-02 -5.81281558e-02 -1.86674800e-02 -5.01076914e-02 -4.90040286e-03 -2.24172790e-02 -1.94763429e-02
2.98915356e-02 -4.15588319e-02 -3.00601181e-02 -1.48454132e-02 7.66026275e-03 -1.67806782e-02 2.84686927e-02 -6.19040914e-02 -3.05844611e-03 8.19345564e-03 3.59286368e-02 1.15354480e-02 3.09752580e-02 3.03266197e-03 1.38564250e-02 1.20401150e-02
-4.94535118e-02 5.32956645e-02 5.18303663e-02 2.93406341e-02 -1.40450289e-02 3.29258256e-02 -5.48479594e-02 1.20403416e-01 6.12245779e-03 -1.61840469e-02 -7.11087510e-02 -2.28282958e-02 -6.13068566e-02 -6.00581104e-03 -2.74246279e-02 -2.38308851e-02
-2.25101598e-02 3.94817367e-02 2.80920714e-02 1.48750748e-02 -7.36258784e-03 1.68027915e-02 -2.84071565e-02 6.19272776e-02 3.07510723e-03 -8.20511393e-03 -3.59873958e-02 -1.15540121e-02 -3.10270246e-02 -3.03807016e-03 -1.38795534e-02 -1.20603573e-02
-1.00977225e-02 2.24556383e-02 1.36500401e-02 6.57668756e-03 -3.51869711e-03 7.45310681e-03 -1.26951337e-02 2.74382196e-02 1.34527148e-03 -3.62722366e-03 -1.59003492e-02 -5.10516297e-03 -1.37078967e-02 -1.34197110e-03 -6.13206811e-03 -5.32821892e-03
-1.76679362e-02 3.81849594e-02 2.56151371e-02 1.28054563e-02 -6.70870394e-03 1.45006515e-02 -2.46324092e-02 5.34860305e-02 2.62687588e-03 -7.06989784e-03 -3.09913754e-02 -9.95093305e-03 -2.67175809e-02 -2.61502317e-03 -1.19521273e-02 -1.03850709e-02
1.14233466e-02 -4.85487804e-02 -2.75178514e-02 -1.21640330e-02 7.80422892e-03 -1.39217172e-02 2.46632528e-02 -5.20918556e-02 -2.36324570e-03 6.74611889e-03 2.94572972e-02 9.46810190e-03 2.53903102e-02 2.47727591e-03 1.13632176e-02 9.86926258e-03
1.34686967e-02 -2.01854035e-02 -1.45451408e-02 -7.58176204e-03 3.74125130e-03 -8.53679609e-03 1.44146439e-02 -3.14662158e-02 -1.57037040e-03 4.17661993e-03 1.83271803e-02 5.88390185e-03 1.58021506e-02 1.54765497e-03 7.06873881e-03 6.14239089e-03
-8.85104481e-03 1.25026749e-03 3.30251735e-03 2.58168066e-03 -1.05247949e-03 2.89061759e-03 -4.83629666e-03 1.06187901e-02 5.46551193e-04 -1.42458035e-03 -6.25575799e-03 -2.00843392e-03 -5.39418356e-03 -5.28336037e-04 -2.41305074e-03 -2.09683832e-03
-1.42327771e-02 5.97827956e-02 3.34730521e-02 1.51202185e-02 -9.01068933e-03 1.73435621e-02 -3.01679950e-02 6.54622614e-02 2.78784428e-03 -8.39896314e-03 -3.66263501e-02 -1.17922109e-02 -3.15797105e-02 -3.04682343e-03 -1.41488090e-02 -1.22829881e-02
8.52294825e-03 -2.91522965e-02 -1.87776480e-02 -8.79864581e-03 4.92267637e-03 -1.00052049e-02 1.72121022e-02 -3.71618345e-02 -1.76589005e-03 4.86853998e-03 2.13055126e-02 6.84146816e-03 1.83628555e-02 1.79516326e-03 8.21581762e-03 7.13756494e-03
-2.02240739e-02 6.37709815e-03 8.99775326e-03 6.24369038e-03 -1.94580620e-03 6.85852999e-03 -1.06373858e-02 2.46125553e-02 1.43806287e-03 -3.34623549e-03 -1.50060402e-02 -4.80975443e-03 -1.29530346e-02 -1.28329487e-03 -5.77921281e-03 -5.03229722e-03
-3.93770896e-02 8.31139684e-02 5.76895736e-02 2.96927132e-02 -1.50375729e-02 3.35574262e-02 -5.68249151e-02 1.23638973e-01 6.12139935e-03 -1.63754858e-02 -7.18204379e-02 -2.30587851e-02 -6.19192161e-02 -6.06248062e-03 -2.76987907e-02 -2.40681190e-02
5.05543575e-02 -1.45261571e-01 -8.39809254e-02 -4.10438441e-02 2.22047623e-02 -4.67074141e-02 7.91408271e-02 -1.71157718e-01 -8.37109424e-03 2.26177480e-02 9.90938097e-02 3.18173915e-02 8.54259878e-02 8.36171210e-03 3.82147357e-02 3.32046226e-02
-4.50832583e-02 9.85821560e-02 6.61424249e-02 3.27830017e-02 -1.69669855e-02 3.70866135e-02 -6.29001856e-02 1.36679918e-01 6.74838666e-03 -1.80839282e-02 -7.92962611e-02 -2.54593287e-02 -6.83636963e-02 -6.69317599e-03 -3.05817127e-02 -2.65730042e-02
-2.61407215e-02 5.97843938e-02 3.80579606e-02 1.90209076e-02 -9.86396801e-03 2.15221066e-02 -3.65205482e-02 7.93024823e-02 3.91334714e-03 -1.04920724e-02 -4.60066237e-02 -1.47711402e-02 -3.96636128e-02 -3.88326822e-03 -1.77430566e-02 -1.54172638e-02
2.58960575e-02 -8.16432312e-02 -4.72568944e-02 -2.16129217e-02 1.29919602e-02 -2.48831846e-02 4.32808772e-02 -9.19251963e-02 -4.07681754e-03 1.20243570e-02 5.23651466e-02 1.68392044e-02 4.51079197e-02 4.37890831e-03 2.02050600e-02 1.75370350e-02
-1.16575956e-02 4.07871231e-02 2.37990059e-02 1.09502915e-02 -6.12401403e-03 1.25198252e-02 -2.15592254e-02 4.63157073e-02 2.16545421e-03 -6.05541700e-03 -2.64906026e-02 -8.50782916e-03 -2.28283368e-02 -2.23053503e-03 -1.02136442e-02 -8.87280237e-03
3.38969287e-04 1.60355344e-02 6.26641419e-03 2.08223588e-03 -1.80039916e-03 2.46869470e-03 -4.48058313e-03 9.24578123e-03 3.58886871e-04 -1.16033410e-03 -5.02163079e-03 -1.61523500e-03 -4.32002963e-03 -4.18989279e-04 -1.93378062e-03 -1.67852326e-03
-2.90205702e-02 6.71266541e-02 4.59925719e-02 2.33088043e-02 -1.19911190e-02 2.63734777e-02 -4.46996205e-02 9.72116068e-02 4.80629364e-03 -1.28695350e-02 -5.64354099e-02 -1.81193687e-02 -4.86549959e-02 -4.76370007e-03 -2.17652097e-02 -1.89122502e-02
-2.67622657e-02 8.30720961e-02 4.71465103e-02 2.09575407e-02 -1.27288848e-02 2.41876021e-02 -4.19983454e-02 9.08977240e-02 3.96648515e-03 -1.16517022e-02 -5.07525802e-02 -1.63141191e-02 -4.36886400e-02 -4.24378226e-03 -1.95669215e-02 -1.69869736e-02
4.40474600e-03 4.13838867e-03 -4.94112028e-04 -9.65171028e-04 4.37129056e-05 -1.01477175e-03 1.47820578e-03 -3.59543390e-03 -2.53619888e-04 5.21084003e-04 2.34224857e-03 7.48596212e-04 2.02497933e-03 2.01891977e-04 9.04523651e-04 7.87546160e-04
1.37609802e-02 -3.38231996e-02 -2.16275696e-02 -1.06389131e-02 5.71499299e-03 -1.20553682e-02 2.05484573e-02 -4.44956422e-02 -2.17211666e-03 5.87341376e-03 2.57391073e-02 8.26476887e-03 2.21887678e-02 2.17151665e-03 9.92620364e-03 8.62465147e-03
5.17384410e-02 -1.58974171e-01 -9.00433138e-02 -4.14882340e-02 2.29658540e-02 -4.71510142e-02 8.08439851e-02 -1.73986569e-01 -8.40637181e-03 2.28838231e-02 1.00309364e-01 3.22036371e-02 8.64591449e-02 8.46276525e-03 3.86764333e-02 3.36058363e-02
8.93151164e-02 -2.04419762e-01 -1.31975979e-01 -6.61168471e-02 3.43978032e-02 -7.48620629e-02 1.26984209e-01 -2.75677383e-01 -1.35998316e-02 3.64699923e-02 1.59910366e-01 5.13419807e-02 1.37861833e-01 1.34972315e-02 6.16708510e-02 5.35868853e-02
-2.31000558e-02 5.82368188e-02 3.62196453e-02 1.72624495e-02 -9.51625407e-03 1.96337439e-02 -3.36282849e-02 7.24502876e-02 3.48127889e-03 -9.53459088e-03 -4.17437404e-02 -1.34057058e-02 -3.59808356e-02 -3.51869082e-03 -1.60972010e-02 -1.39852650e-02
-4.97316867e-02 1.37546465e-01 8.27716887e-02 3.90737131e-02 -2.16333307e-02 4.45446000e-02 -7.63454065e-02 1.64203212e-01 7.85130542e-03 -2.15898119e-02 -9.45298821e-02 -3.03511284e-02 -8.14596117e-02 -7.96743482e-03 -3.64393219e-02 -3.16608213e-02
-4.64321487e-02 1.23045303e-01 7.41797760e-02 3.56269106e-02 -1.95008200e-02 4.05654982e-02 -6.94246441e-02 1.49728164e-01 7.16706272e-03 -1.96796786e-02 -8.61584842e-02 -2.76763961e-02 -7.42682815e-02 -7.25806272e-03 -3.32284756e-02 -2.88670324e-02
3.61396670e-02 -1.23031914e-01 -7.08568990e-02 -3.37494984e-02 1.85440406e-02 -3.83386575e-02 6.59177527e-02 -1.41794726e-01 -6.87045790e-03 1.86248571e-02 8.15999061e-02 2.62004398e-02 7.03377277e-02 6.88349316e-03 3.14650871e-02 2.73393951e-02
-3.39582935e-02 7.27721974e-02 4.69826199e-02 2.32841950e-02 -1.23491688e-02 2.64030360e-02 -4.49403711e-02 9.73077938e-02 4.75362642e-03 -1.28501775e-02 -5.63068204e-02 -1.80803016e-02 -4.85388972e-02 -4.74950718e-03 -2.17143558e-02 -1.88667700e-02
5.17921150e-02 -1.11347340e-01 -7.54932016e-02 -3.86265479e-02 1.96873918e-02 -4.36914824e-02 7.39500374e-02 -1.60881847e-01 -7.97065999e-03 2.13115681e-02 9.34634432e-02 3.00073884e-02 8.05793032e-02 7.89004099e-03 3.60459760e-02 3.13214250e-02
-1.97795648e-02 4.51263823e-02 2.85487641e-02 1.35777770e-02 -7.25541404e-03 1.53891686e-02 -2.62475628e-02 5.67491874e-02 2.78218044e-03 -7.49109592e-03 -3.28342170e-02 -1.05418842e-02 -2.83050947e-02 -2.77083600e-03 -1.26619935e-02 -1.10020498e-02
-3.58028598e-02 1.15035251e-01 6.48404956e-02 3.07474881e-02 -1.65195595e-02 3.50060724e-02 -5.96222915e-02 1.28656164e-01 6.25511305e-03 -1.69726256e-02 -7.43597597e-02 -2.38796920e-02 -6.40937611e-02 -6.27056789e-03 -2.86719874e-02 -2.49124896e-02
-1.09475479e-02 1.97887812e-02 1.48021290e-02 7.79767707e-03 -3.71043757e-03 8.76323693e-03 -1.46654872e-02 3.22248526e-02 1.65995257e-03 -4.29546833e-03 -1.88915487e-02 -6.06079306e-03 -1.62929930e-02 -1.60097168e-03 -7.28501612e-03 -6.33264985e-03
4.50080261e-03 -6.58197980e-03 -3.84694804e-03 -1.78186467e-03 1.05174701e-03 -2.03247648e-03 3.56186251e-03 -7.54603976e-03 -3.42305022e-04 9.85910650e-04 4.29694494e-03 1.38194254e-03 3.70149477e-03 3.59583995e-04 1.65755127e-03 1.43905031e-03
6.73605129e-04 -2.00129990e-02 -1.19894464e-02 -4.18108236e-03 2.72049988e-03 -4.83265193e-03 8.51433072e-03 -1.79371852e-02 -7.78867805e-04 2.33276328e-03 1.01526817e-02 3.26641789e-03 8.74853786e-03 8.50518758e-04 3.91675951e-03 3.39983031e-03
3.37527320e-02 -9.03739184e-02 -5.48420884e-02 -2.68406942e-02 1.44560663e-02 -3.04101557e-02 5.16769886e-02 -1.11999258e-01 -5.48957242e-03 1.48080019e-02 6.49012327e-02 2.08386593e-02 5.59503064e-02 5.47673507e-03 2.50288974e-02 2.17475817e-02
-6.67800903e-02 1.24612510e-01 7.52407908e-02 3.76257710e-02 -1.99410636e-02 4.26585674e-02 -7.27516785e-02 1.57221183e-01 7.67323980e-03 -2.07480043e-02 -9.09149125e-02 -2.91911121e-02 -7.83704817e-02 -7.66937062e-03 -3.50594968e-02 -3.04623917e-02
3.70990075e-02 -1.30201191e-01 -7.21922964e-02 -3.34352404e-02 1.96722988e-02 -3.80944498e-02 6.58359081e-02 -1.40860617e-01 -6.79737795e-03 1.84413549e-02 8.08053017e-02 2.59441771e-02 6.96551725e-02 6.81798486e-03 3.11594587e-02 2.70743296e-02
-4.38139820e-03 3.42610255e-02 1.78263336e-02 7.20030535e-03 -4.88846377e-03 8.34043510e-03 -1.48228910e-02 3.09000798e-02 1.27463369e-03 -4.01017675e-03 -1.74306091e-02 -5.61347185e-03 -1.50134880e-02 -1.45286182e-03 -6.72615971e-03 -5.83636248e-03
-7.56349042e-03 6.90068724e-03 7.66684953e-03 4.98200767e-03 -1.68578280e-03 5.52914618e-03 -8.99529364e-03 1.99224576e-02 1.16927316e-03 -2.71713268e-03 -1.20420838e-02 -3.85036343e-03 -1.03852320e-02 -1.03112252e-03 -4.63613030e-03 -4.03564610e-03
-3.31751406e-02 9.81486440e-02 5.81344403e-02 2.79084314e-02 -1.52449273e-02 3.17629203e-02 -5.40888421e-02 1.17042370e-01 5.66402124e-03 -1.54155465e-02 -6.74975365e-02 -2.16748472e-02 -5.81775308e-02 -5.68947289e-03 -2.60275006e-02 -2.26130579e-02
4.64426093e-02 -1.11668438e-01 -7.17963725e-02 -3.52382436e-02 1.86230484e-02 -3.99008654e-02 6.77530318e-02 -1.47069097e-01 -7.23938039e-03 1.94385312e-02 8.52269903e-02 2.73635257e-02 7.34749213e-02 7.19323382e-03 3.28681208e-02 2.85595842e-02
-8.32092389e-03 2.88207587e-02 1.70734320e-02 7.84400292e-03 -4.44483943e-03 8.95715971e-03 -1.54136298e-02 3.31383049e-02 1.55112892e-03 -4.34338860e-03 -1.89884882e-02 -6.10073004e-03 -1.63654778e-02 -1.59787084e-03 -7.32274633e-03 -6.36093039e-03
-9.93431173e-03 3.32968533e-02 2.08060592e-02 9.83152259e-03 -5.36471931e-03 1.11678010e-02 -1.90175734e-02 4.11294363e-02 1.99736748e-03 -5.43060806e-03 -2.37908643e-02 -7.63975736e-03 -2.05085091e-02 -2.00656801e-03 -9.17467847e-03 -7.97143299e-03
-8.93723778e-03 -1.32361259e-02 8.91517848e-05 1.21225929e-03 4.94698470e-04 1.22100976e-03 -1.35333033e-03 3.97551293e-03 3.35977005e-04 -6.55970885e-04 -2.96022836e-03 -9.46926710e-04 -2.55950144e-03 -2.54654879e-04 -1.14371127e-03 -9.95609793e-04
4.46061650e-03 1.02988929e-02 2.22739042e-03 -6.33486416e-05 -6.97608106e-04 7.85742159e-05 -6.42323634e-04 4.15357092e-04 -9.16363642e-05 2.36985070e-05 1.66097525e-04 5.02326948e-05 1.48118590e-04 1.76123867e-05 6.51595838e-05 5.81954591e-05
-2.67106667e-02 5.87278716e-02 3.85033898e-02 1.97448581e-02 -1.01670837e-02 2.23450195e-02 -3.78487408e-02 8.22646469e-02 4.06138692e-03 -1.08874673e-02 -4.77401316e-02 -1.53278261e-02 -4.11581211e-02 -4.02953243e-03 -1.84116177e-02 -1.59981679e-02
-1.95209552e-02 6.18908927e-02 3.60441394e-02 1.69283953e-02 -9.46727861e-03 1.92297027e-02 -3.28895897e-02 7.09999204e-02 3.43865668e-03 -9.34287161e-03 -4.09211367e-02 -1.31402388e-02 -3.52752879e-02 -3.45159625e-03 -1.57803930e-02 -1.37109794e-02
5.03189350e-03 -4.44940664e-02 -1.82716716e-02 -7.63001014e-03 4.57969960e-03 -8.70861392e-03 1.52166709e-02 -3.20299938e-02 -1.54311024e-03 4.20394866e-03 1.84108131e-02 5.91161754e-03 1.58699322e-02 1.55332661e-03 7.09906779e-03 6.16831332e-03
-3.67880836e-02 7.70940185e-02 5.02807945e-02 2.53620148e-02 -1.31425727e-02 2.87037455e-02 -4.86664474e-02 1.05727062e-01 5.21518290e-03 -1.39895305e-02 -6.13386966e-02 -1.96937658e-02 -5.28809950e-02 -5.17714303e-03 -2.36557126e-02 -2.05548070e-02
6.03155941e-02 -1.72839001e-01 -1.00863159e-01 -4.73501384e-02 2.68250313e-02 -5.39184101e-02 9.27074254e-02 -1.99499965e-01 -9.55718104e-03 2.61760578e-02 1.14570253e-01 3.67880613e-02 9.87182558e-02 9.64350067e-03 4.41728272e-02 3.83716263e-02
-8.48478545e-03 -1.08622760e-02 8.17001332e-04 2.33503850e-03 7.81584298e-04 2.27289344e-03 -2.71306513e-03 7.40959868e-03 7.37345777e-04 -1.22932065e-03 -5.59345353e-03 -1.77805370e-03 -4.83819656e-03 -4.93055210e-04 -2.15252955e-03 -1.87929743e-03
-2.80944491e-03 2.31031328e-02 1.26126353e-02 5.40398713e-03 -3.20867659e-03 6.18889183e-03 -1.07234558e-02 2.28173248e-02 1.06149504e-03 -2.99237110e-03 -1.30834002e-02 -4.20271419e-03 -1.12713799e-02 -1.10010465e-03 -5.04334411e-03 -4.38072952e-03
-7.11095799e-03 1.06980894e-02 8.16021208e-03 4.38901735e-03 -2.13007187e-03 4.94409492e-03 -8.33044853e-03 1.82119086e-02 9.18033358e-04 -2.41859374e-03 -1.06171109e-02 -3.40811699e-03 -9.15533118e-03 -8.97214166e-04 -4.09516040e-03 -3.55874794e-03
7.69521948e-03 -8.77596736e-02 -3.86460498e-02 -1.51456287e-02 1.06178615e-02 -1.77960638e-02 3.10317464e-02 -6.46390095e-02 -2.81480653e-03 8.38585105e-03 3.65523286e-02 1.17498813e-02 3.14826854e-02 3.06470878e-03 1.40928458e-02 1.22369565e-02
2.04472877e-02 -7.64454752e-02 -4.28261310e-02 -1.99413542e-02 1.10263517e-02 -2.27069333e-02 3.89529690e-02 -8.37495402e-02 -3.99838667e-03 1.10112755e-02 4.82155085e-02 1.54857337e-02 4.15557474e-02 4.06319648e-03 1.85910482e-02 1.61516462e-02
9.06889215e-02 -1.59952179e-01 -1.10744394e-01 -5.75565733e-02 2.92095840e-02 -6.50510266e-02 1.10022165e-01 -2.39549398e-01 -1.18862493e-02 3.17494981e-02 1.39231473e-01 4.47012074e-02 1.20036490e-01 1.17529035e-02 5.36969416e-02 4.66585457e-02
-3.60199250e-02 9.62617770e-02 5.82807399e-02 2.77533457e-02 -1.47515852e-02 3.14574651e-02 -5.35846204e-02 1.15924545e-01 5.68831619e-03 -1.53105836e-02 -6.71137869e-02 -2.15489306e-02 -5.78565001e-02 -5.66407572e-03 -2.58814283e-02 -2.24886928e-02
-9.08201095e-03 1.85327083e-02 1.21856788e-02 6.25957502e-03 -3.21204285e-03 7.07995752e-03 -1.19941533e-02 2.60722470e-02 1.28754391e-03 -3.45035829e-03 -1.51296612e-02 -4.85763326e-03 -1.30436532e-02 -1.27700937e-03 -5.83494222e-03 -5.07007400e-03
2.31504184e-03 1.40135512e-02 6.65680692e-03 1.64321449e-03 -1.98413339e-03 2.15866137e-03 -4.46822960e-03 9.09655541e-03 1.11317029e-04 -1.01754419e-03 -4.20530932e-03 -1.36853766e-03 -3.61486804e-03 -3.27741349e-04 -1.64409110e-03 -1.41054636e-03
-2.89159268e-02 5.34895249e-02 2.90129595e-02 1.33502623e-02 -8.03038757e-03 1.49883134e-02 -2.64996048e-02 5.55835515e-02 2.45443359e-03 -7.27553712e-03 -3.16934623e-02 -1.02186827e-02 -2.72826348e-02 -2.62652198e-03 -1.22492900e-02 -1.06213735e-02
3.16020139e-02 -7.01960325e-02 -4.60145473e-02 -2.31377613e-02 1.20455921e-02 -2.61875689e-02 4.44235243e-02 -9.65226442e-02 -4.75176936e-03 1.27663286e-02 5.59727959e-02 1.79716162e-02 4.82552610e-02 4.72396333e-03 2.15865467e-02 1.87567398e-02
3.00169680e-02 -6.77781925e-02 -4.32065316e-02 -2.16221511e-02 1.14940284e-02 -2.45369393e-02 4.17912304e-02 -9.08053741e-02 -4.41779522e-03 1.19363358e-02 5.22938184e-02 1.67921614e-02 4.50790003e-02 4.41024173e-03 2.01668795e-02 1.75219625e-02
-7.59591442e-03 1.24080516e-02 8.55620578e-03 4.51358641e-03 -2.28003063e-03 5.09844674e-03 -8.62198323e-03 1.87877174e-02 9.32118041e-04 -2.48886831e-03 -1.09158298e-02 -3.50465951e-03 -9.41126980e-03 -9.21497587e-04 -4.21001576e-03 -3.65819689e-03
4.75171544e-02 -1.16876364e-01 -7.46482983e-02 -3.60540077e-02 1.90757308e-02 -4.08554226e-02 6.94914684e-02 -1.50745139e-01 -7.35824928e-03 1.98965557e-02 8.72069299e-02 2.80014873e-02 7.51762688e-02 7.35736871e-03 3.36300805e-02 2.92205177e-02
-1.80031545e-02 6.02789149e-02 3.51322368e-02 1.56021398e-02 -9.32066236e-03 1.79526713e-02 -3.14574949e-02 6.68089613e-02 2.91455956e-03 -8.68292060e-03 -3.78294364e-02 -1.21780001e-02 -3.25888358e-02 -3.15558189e-03 -1.45993158e-02 -1.26704285e-02
4.50294875e-02 -1.06523499e-01 -6.75686076e-02 -3.34563330e-02 1.75112449e-02 -3.78925800e-02 6.43984377e-02 -1.39719129e-01 -6.86341850e-03 1.84557810e-02 8.09110925e-02 2.59781554e-02 6.97527230e-02 6.82843802e-03 3.12031396e-02 2.71126777e-02
6.10752702e-02 -1.16166897e-01 -8.06753710e-02 -4.14271615e-02 2.11236067e-02 -4.68295328e-02 7.93301985e-02 -1.72612503e-01 -8.53978842e-03 2.28527486e-02 1.00216158e-01 3.21759768e-02 8.64001140e-02 8.45919549e-03 3.86501029e-02 3.35838608e-02
-3.79890874e-02 1.09748490e-01 6.74965680e-02 3.36911604e-02 -1.75629109e-02 3.81795131e-02 -6.46591336e-02 1.40405253e-01 6.92937151e-03 -1.85823906e-02 -8.14759433e-02 -2.61589903e-02 -7.02416003e-02 -6.87694782e-03 -3.14217508e-02 -2.73029078e-02
3.23269106e-02 -7.99339265e-02 -4.95106392e-02 -2.39675567e-02 1.30536873e-02 -2.72437837e-02 4.62294593e-02 -1.00204937e-01 -4.87369904e-03 1.32308165e-02 5.79503737e-02 1.86079945e-02 4.99560684e-02 4.88807680e-03 2.23486014e-02 1.94177497e-02
3.71614136e-02 -1.20320298e-01 -6.74496144e-02 -3.12254000e-02 1.73794720e-02 -3.53880860e-02 6.04928620e-02 -1.30857646e-01 -6.29892014e-03 1.71928033e-02 7.53256977e-02 2.41884366e-02 6.49351329e-02 6.35531032e-03 2.90482342e-02 2.52395645e-02
6.31123595e-03 -3.56249586e-02 -1.83318555e-02 -8.08012299e-03 4.81636729e-03 -9.21234954e-03 1.61866434e-02 -3.40407863e-02 -1.59607315e-03 4.46090428e-03 1.95403043e-02 6.27419399e-03 1.68439019e-02 1.64818356e-03 7.53491838e-03 6.54678652e-03
-7.14795068e-02 1.61436111e-01 1.03039131e-01 5.15376478e-02 -2.69757509e-02 5.82961626e-02 -9.89237949e-02 2.14770585e-01 1.05900420e-02 -2.84162145e-02 -1.24596372e-01 -4.00038250e-02 -1.07416570e-01 -1.05162244e-02 -4.80515510e-02 -4.17527184e-02
3.32520418e-02 -7.70917982e-02 -5.00332490e-02 -2.49976125e-02 1.31143862e-02 -2.83187125e-02 4.81127203e-02 -1.04441606e-01 -5.13645122e-03 1.37957884e-02 6.04700521e-02 1.94149613e-02 5.21311052e-02 5.10340510e-03 2.33202539e-02 2.02632118e-02
-3.59243192e-02 9.69366506e-02 5.84317632e-02 2.76840776e-02 -1.49518307e-02 3.14750634e-02 -5.37626483e-02 1.15951851e-01 5.63378260e-03 -1.52764115e-02 -6.69322386e-02 -2.14917120e-02 -5.76981381e-02 -5.64664137e-03 -2.58109905e-02 -2.24266089e-02
3.34416218e-02 -9.55160931e-02 -5.77343255e-02 -2.68640723e-02 1.51689025e-02 -3.05485539e-02 5.22644408e-02 -1.12588197e-01 -5.39433071e-03 1.48440758e-02 6.49728552e-02 2.08674669e-02 5.60031421e-02 5.47486963e-03 2.50560418e-02 2.17676964e-02
8.50724950e-02 -1.76106766e-01 -1.16448306e-01 -5.88098727e-02 3.03835943e-02 -6.65412471e-02 1.12800039e-01 -2.45224059e-01 -1.21041322e-02 3.24401893e-02 1.42247647e-01 4.56708297e-02 1.22635439e-01 1.20065808e-02 5.48595600e-02 4.76684608e-02
-1.37352096e-02 -1.52803976e-02 5.57392975e-03 6.28341781e-03 -1.04763312e-03 6.74236473e-03 -1.05301216e-02 2.50130482e-02 1.50858134e-03 -3.45648383e-03 -1.54057341e-02 -4.93610092e-03 -1.32881971e-02 -1.30933407e-03 -5.94083779e-03 -5.16616926e-03
6.22700341e-02 -1.93143457e-01 -1.02919400e-01 -4.87505049e-02 2.68037319e-02 -5.54859862e-02 9.54954401e-02 -2.04074472e-01 -9.81756765e-03 2.68969685e-02 1.17775522e-01 3.78175899e-02 1.01510115e-01 9.93116293e-03 4.54113521e-02 3.94555330e-02
-1.08754877e-02 3.12518068e-02 1.88998543e-02 9.06905718e-03 -4.82486282e-03 1.02786338e-02 -1.74515527e-02 3.78427580e-02 1.86295644e-03 -5.00175357e-03 -2.19288673e-02 -7.04070041e-03 -1.89053137e-02 -1.85087102e-03 -8.45706090e-03 -7.34847272e-03
1.17124654e-01 -3.23386848e-01 -1.91428691e-01 -9.10353139e-02 5.21777533e-02 -1.03850722e-01 1.77708134e-01 -3.82981032e-01 -1.84700191e-02 5.02470657e-02 2.20076948e-01 7.06610158e-02 1.89697772e-01 1.85617208e-02 8.48619118e-02 7.37329125e-02
-1.68541651e-02 4.37816903e-02 2.70304084e-02 1.30268019e-02 -7.43281422e-03 1.48527455e-02 -2.56351680e-02 5.53033501e-02 2.54408852e-03 -7.22254720e-03 -3.15249600e-02 -1.01383124e-02 -2.71796435e-02 -2.64296355e-03 -1.21685546e-02 -1.05661163e-02
-1.96113698e-02 3.70366573e-02 2.49894019e-02 1.27152661e-02 -6.53266348e-03 1.43787768e-02 -2.43650936e-02 5.29773422e-02 2.61782319e-03 -7.01231882e-03 -3.07495464e-02 -9.87260789e-03 -2.65101753e-02 -2.59550754e-03 -1.18590184e-02 -1.03045302e-02
-9.30232834e-03 5.71452547e-03 5.92583977e-03 3.84067721e-03 -1.51102967e-03 4.28028638e-03 -6.96345745e-03 1.55534167e-02 8.54429672e-04 -2.10381299e-03 -9.27265547e-03 -2.97402730e-03 -8.00114870e-03 -7.87489873e-04 -3.57724214e-03 -3.11029213e-03
3.25455039e-04 -6.37765415e-03 -2.28818599e-03 -7.64487952e-04 6.46001776e-04 -9.04873188e-04 1.61405641e-03 -3.31199286e-03 -1.33381021e-04 4.23812889e-04 1.83902471e-03 5.91309799e-04 1.58292835e-03 1.53960820e-04 7.08398467e-04 6.15078607e-04
-6.66008592e-02 1.66346028e-01 1.03756145e-01 5.06086610e-02 -2.66700331e-02 5.73289394e-02 -9.73276496e-02 2.11367369e-01 1.03779696e-02 -2.79141124e-02 -1.22371346e-01 -3.92897651e-02 -1.05496578e-01 -1.03277359e-02 -4.71927002e-02 -4.10062149e-02
-8.12277722e-04 -1.09428195e-02 -3.58793419e-03 -6.75798394e-04 1.26971863e-03 -9.47217050e-04 2.15535471e-03 -3.71923111e-03 -1.78335031e-05 4.07866959e-04 1.63793133e-03 5.35742380e-04 1.39931985e-03 1.24686907e-04 6.32609765e-04 5.44505019e-04
1.06605440e-02 -5.15640751e-02 -3.04351300e-02 -1.38624404e-02 7.79449660e-03 -1.58125777e-02 2.70853192e-02 -5.84522113e-02 -2.75986362e-03 7.67537858e-03 3.35686617e-02 1.07827466e-02 2.89293919e-02 2.82633188e-03 1.29439803e-02 1.12444684e-02
5.10596856e-02 -1.11096144e-01 -7.00306892e-02 -3.49719226e-02 1.84428245e-02 -3.96432839e-02 6.72825426e-02 -1.46084309e-01 -7.17544556e-03 1.92921106e-02 8.45737532e-02 2.71542035e-02 7.29103684e-02 7.13752955e-03 3.26157026e-02 2.83400435e-02
-6.63450360e-02 1.28849313e-01 8.90903100e-02 4.70878035e-02 -2.35205349e-02 5.32173626e-02 -8.99946466e-02 1.96071297e-01 9.72806010e-03 -2.59760246e-02 -1.13920800e-01 -3.65752056e-02 -9.82169062e-02 -9.61669907e-03 -4.39361557e-02 -3.81772928e-02
-6.15275390e-02 1.36061639e-01 8.87967572e-02 4.49523404e-02 -2.32804529e-02 5.08626662e-02 -8.63269717e-02 1.87484220e-01 9.23861936e-03 -2.47944910e-02 -1.08718120e-01 -3.49062197e-02 -9.37284455e-02 -9.17616393e-03 -4.19283658e-02 -3.64322066e-02
8.42484459e-03 -6.12127706e-02 -1.91250443e-02 -7.30875926e-03 6.91361632e-03 -8.71539023e-03 1.58275235e-02 -3.24136391e-02 -1.30150572e-03 4.05170023e-03 1.74430516e-02 5.61163109e-03 1.50094396e-02 1.45811681e-03 6.71903789e-03 5.83291193e-03
