-1.90792214e-02 3.37043009e-03 3.67234205e-03 -2.42439434e-02 1.29579920e-02 -4.96620405e-03 -8.57640244e-03 5.98099120e-02 1.99618400e-04 -3.73441842e-03 -2.90074549e-03 -5.67513984e-03 -1.03142513e-02 2.49935803e-03 1.75084751e-02 7.05026649e-03
3.64555558e-03 -2.34473875e-04 -1.71214750e-04 1.81350356e-03 -9.77236079e-04 3.77714692e-04 6.31343108e-04 -4.46475437e-03 -1.78267710e-05 2.79970933e-04 2.16127577e-04 4.24270635e-04 7.71705352e-04 -1.86999299e-04 -1.31029298e-03 -5.27655939e-04
-7.93219544e-03 1.20202545e-03 1.10434764e-03 -1.06598539e-02 5.71572734e-03 -2.18432676e-03 -3.74739221e-03 2.63216104e-02 9.65633808e-05 -1.64001610e-03 -1.27304543e-03 -2.49270699e-03 -4.53146780e-03 1.09806925e-03 7.69195333e-03 3.09735187e-03
1.79172158e-02 -2.54575862e-03 -3.36456881e-03 2.92125903e-02 -1.57073829e-02 6.01655757e-03 1.02271065e-02 -7.20728785e-02 -2.92991899e-04 4.50712489e-03 3.49008176e-03 6.83573075e-03 1.24311605e-02 -3.01234843e-03 -2.11046170e-02 -8.49857740e-03
-1.80842611e-03 1.12811313e-03 7.65348959e-04 1.48336508e-03 -9.08459711e-04 3.90623929e-04 4.57141054e-04 -3.51360254e-03 -2.82710262e-05 2.42227979e-04 1.73366076e-04 3.46974761e-04 6.34045689e-04 -1.53518500e-04 -1.07910158e-03 -4.34863730e-04
-1.47870847e-03 -2.27454555e-04 -1.05880397e-04 -3.21118627e-03 1.76724547e-03 -6.86363492e-04 -1.09323324e-03 7.88194872e-03 3.70338348e-05 -4.99524001e-04 -3.81465885e-04 -7.51913118e-04 -1.36858877e-03 3.31636751e-04 2.32446380e-03 9.36123659e-04
1.21626779e-02 -8.61918903e-04 -1.25953020e-03 1.87578592e-02 -1.01539418e-02 3.88603844e-03 6.48650713e-03 -4.61438671e-02 -1.91812709e-04 2.89964955e-03 2.23704870e-03 4.39081201e-03 7.98652414e-03 -1.93536875e-03 -1.35609573e-02 -5.46094542e-03
3.34700709e-03 -6.56224322e-04 -7.76457542e-04 5.97600173e-03 -3.18310759e-03 1.21178152e-03 2.11358443e-03 -1.47459852e-02 -4.90971470e-05 9.14956909e-04 7.18640105e-04 1.40005047e-03 2.54265475e-03 -6.16200326e-04 -4.31397371e-03 -1.73683092e-03
-1.85862500e-02 3.64878494e-03 3.95575166e-03 -3.56295668e-02 1.93173885e-02 -7.35027436e-03 -1.23591963e-02 8.76643211e-02 3.38228972e-04 -5.49197989e-03 -4.26692748e-03 -8.34088027e-03 -1.51648521e-02 3.67483683e-03 2.57429406e-02 1.03661241e-02
-1.99010186e-02 3.00515839e-03 3.65566416e-03 -2.60517839e-02 1.38817308e-02 -5.31638786e-03 -9.30088572e-03 6.50527999e-02 2.42710521e-04 -4.02042503e-03 -3.11500044e-03 -6.10216195e-03 -1.10918274e-02 2.68771942e-03 1.88272111e-02 7.58112455e-03
-1.17274281e-02 2.09276006e-03 1.82831509e-03 -1.76116545e-02 9.42788925e-03 -3.62428045e-03 -6.15168549e-03 4.34893258e-02 1.77549169e-04 -2.71730102e-03 -2.10141134e-03 -4.12057154e-03 -7.49386055e-03 1.81587564e-03 1.27227865e-02 5.12338057e-03
-1.90281384e-02 2.52744323e-03 2.82582827e-03 -2.86039710e-02 1.54335909e-02 -5.96610270e-03 -9.94451251e-03 7.04291388e-02 2.93720310e-04 -4.42613428e-03 -3.40724946e-03 -6.69328496e-03 -1.21734226e-02 2.94989534e-03 2.06696782e-02 8.32366664e-03
7.45573919e-03 -9.61284793e-04 -1.12185732e-03 9.70486645e-03 -5.21765416e-03 2.00926536e-03 3.37453210e-03 -2.38940418e-02 -9.59848549e-05 1.49898999e-03 1.15839764e-03 2.27219588e-03 4.13146522e-03 -1.00114755e-03 -7.01421127e-03 -2.82455375e-03
2.10755505e-02 -3.43698380e-03 -4.11863765e-03 3.27079333e-02 -1.74884479e-02 6.70749648e-03 1.15103638e-02 -8.08700100e-02 -2.85247661e-04 5.05087385e-03 3.90317244e-03 7.65742781e-03 1.39214685e-02 -3.37353395e-03 -2.36329623e-02 -9.51646734e-03
6.10230789e-02 -7.53540732e-03 -1.03266435e-02 8.11698884e-02 -4.40564938e-02 1.68795232e-02 2.82118376e-02 -1.99846327e-01 -8.06387688e-04 1.25770802e-02 9.65329353e-03 1.89888906e-02 3.45469974e-02 -8.37126747e-03 -5.86654432e-02 -2.36253832e-02
-4.74882498e-02 7.07153510e-03 6.74992613e-03 -5.48816882e-02 2.97468062e-02 -1.13842804e-02 -1.91253833e-02 1.35042071e-01 5.72236837e-04 -8.49509519e-03 -6.53072726e-03 -1.28431059e-02 -2.33600289e-02 5.66072203e-03 3.96694615e-02 1.59754436e-02
-2.18127761e-03 6.89772191e-04 3.22133943e-04 1.80766964e-03 -1.02699676e-03 4.04291437e-04 5.91660151e-04 -4.37505404e-03 -2.25177628e-05 2.82402325e-04 2.14271859e-04 4.23414691e-04 7.70988467e-04 -1.86833000e-04 -1.30967679e-03 -5.27452212e-04
-1.44492146e-02 4.32853121e-03 3.75219015e-03 -1.47609264e-02 7.60923512e-03 -2.88486085e-03 -5.43884560e-03 3.70596908e-02 5.48014432e-05 -2.23559025e-03 -1.79641426e-03 -3.46585852e-03 -6.28270861e-03 1.52343721e-03 1.06469197e-02 4.28479956e-03
2.08326206e-02 -4.35142918e-03 -3.85680236e-03 2.23219544e-02 -1.18709346e-02 4.53468738e-03 7.97934178e-03 -5.52606694e-02 -1.99150905e-04 3.43412743e-03 2.66968273e-03 5.22277737e-03 9.49412771e-03 -2.30059703e-03 -1.61163062e-02 -6.48972113e-03
-3.84761393e-03 1.82302413e-03 8.20342801e-04 7.01283617e-03 -3.92173836e-03 1.53655105e-03 2.37757340e-03 -1.71897151e-02 -8.00665657e-05 1.09314534e-03 8.31611978e-04 1.64207409e-03 2.98951310e-03 -7.24407204e-04 -5.07743331e-03 -2.04481068e-03
6.33630529e-03 -1.47393253e-03 -1.52138248e-03 7.04461103e-03 -3.72838741e-03 1.41551543e-03 2.52749375e-03 -1.75325498e-02 -6.24745226e-05 1.08334073e-03 8.43866146e-04 1.64896995e-03 2.99637951e-03 -7.26061873e-04 -5.08590555e-03 -2.04795226e-03
3.39978635e-02 -7.31904525e-03 -6.12498680e-03 3.77312377e-02 -2.00798847e-02 7.67497160e-03 1.33644827e-02 -9.31201428e-02 -3.62464372e-04 5.81339141e-03 4.50764457e-03 8.82578921e-03 1.60427671e-02 -3.88771622e-03 -2.72322260e-02 -1.09656034e-02
9.97059233e-03 -2.75932718e-03 -2.71207676e-03 1.82635058e-02 -9.69538838e-03 3.68820108e-03 6.58864900e-03 -4.53450345e-02 -1.43585436e-04 2.79065594e-03 2.20213132e-03 4.28129081e-03 7.77111156e-03 -1.88383693e-03 -1.31815895e-02 -5.30637521e-03
-8.41956493e-03 4.30782186e-03 1.68788526e-03 2.26110965e-02 -1.25042293e-02 4.88525536e-03 7.67938234e-03 -5.54501675e-02 -2.69846205e-04 3.52630485e-03 2.67705019e-03 5.29091852e-03 9.63580981e-03 -2.33451906e-03 -1.63670834e-02 -6.59168372e-03
-1.00368820e-03 -1.34846312e-03 -3.94349918e-04 -1.21772457e-02 6.72849873e-03 -2.60786572e-03 -4.13905410e-03 2.98689883e-02 1.40025571e-04 -1.89361896e-03 -1.44568959e-03 -2.85030412e-03 -5.18785836e-03 1.25713041e-03 8.81113019e-03 3.54846031e-03
1.58871841e-02 8.81005428e-04 -3.46898887e-04 3.57665084e-02 -1.95586067e-02 7.55573250e-03 1.22736599e-02 -8.79125968e-02 -3.94886796e-04 5.55110583e-03 4.25228896e-03 8.37150682e-03 1.52335512e-02 -3.69138410e-03 -2.58703586e-02 -1.04184458e-02
5.47024887e-03 -6.35124627e-04 -2.07339623e-03 2.35312954e-02 -1.26462094e-02 4.83040698e-03 8.20501987e-03 -5.79168722e-02 -2.19063077e-04 3.61827319e-03 2.81932252e-03 5.50204376e-03 1.00015430e-02 -2.42365082e-03 -1.69756003e-02 -6.83521573e-03
1.69553440e-02 -7.76766334e-03 -4.71899752e-03 -9.11193714e-03 5.33449790e-03 -2.25639739e-03 -2.90130451e-03 2.20811535e-02 1.64992467e-04 -1.45949400e-03 -1.04379561e-03 -2.12547788e-03 -3.88329383e-03 9.41078528e-04 6.60777697e-03 2.66224565e-03
2.14111470e-02 -2.46728212e-03 -2.85231532e-03 3.41082066e-02 -1.84860751e-02 7.11068325e-03 1.18439356e-02 -8.39863867e-02 -3.55728844e-04 5.28294686e-03 4.06838581e-03 7.98567384e-03 1.45183587e-02 -3.51809128e-03 -2.46514082e-02 -9.92722902e-03
-8.79839901e-03 1.50086370e-03 2.02055322e-03 -1.55091416e-02 8.27250723e-03 -3.17237433e-03 -5.43422252e-03 3.83566022e-02 1.36738585e-04 -2.38144794e-03 -1.85969309e-03 -3.63142113e-03 -6.59781788e-03 1.59894943e-03 1.11971842e-02 4.50841617e-03
-1.94180906e-02 2.79481360e-03 2.77681556e-03 -3.29972319e-02 1.78438574e-02 -6.84908777e-03 -1.15101775e-02 8.16263184e-02 3.15182231e-04 -5.09403460e-03 -3.93131003e-03 -7.72306463e-03 -1.40473116e-02 3.40496888e-03 2.38493234e-02 9.60329548e-03
-2.16462966e-02 -5.95144229e-05 1.60722912e-03 -5.03110513e-02 2.74944417e-02 -1.05850603e-02 -1.72777046e-02 1.23707160e-01 5.54212311e-04 -7.80673465e-03 -5.98357199e-03 -1.17755290e-02 -2.14271918e-02 5.19219320e-03 3.63887474e-02 1.46544222e-02
4.41461764e-02 -5.23318304e-03 -5.20538073e-03 6.67206869e-02 -3.59445252e-02 1.38363969e-02 2.31116507e-02 -1.64355487e-01 -6.89447101e-04 1.03213871e-02 7.92887434e-03 1.55977001e-02 2.83756740e-02 -6.87587867e-03 -4.81828749e-02 -1.94036588e-02
-3.73829901e-02 5.30782901e-03 5.76008065e-03 -5.59251010e-02 3.01996488e-02 -1.17305061e-02 -1.95029974e-02 1.37769565e-01 5.84877387e-04 -8.66795424e-03 -6.66670781e-03 -1.30860917e-02 -2.38081310e-02 5.76914847e-03 4.04304676e-02 1.62819773e-02
7.75000453e-03 5.94729674e-04 -1.92472275e-04 2.30178032e-02 -1.25820832e-02 4.85867495e-03 7.91126676e-03 -5.65834045e-02 -2.53349688e-04 3.57266772e-03 2.73741013e-03 5.38749248e-03 9.80387721e-03 -2.37567234e-03 -1.66496206e-02 -6.70511229e-03
-1.37639400e-02 2.60352297e-03 2.13638647e-03 -1.87718105e-02 1.00436527e-02 -3.80889326e-03 -6.63002906e-03 4.64215204e-02 1.72051106e-04 -2.88479170e-03 -2.24951166e-03 -4.39707516e-03 -7.99150765e-03 1.93658285e-03 1.35626290e-02 5.46098268e-03
7.93696381e-06 -1.66700489e-03 -1.20880571e-03 4.09207493e-03 -2.14693975e-03 8.06588971e-04 1.46533491e-03 -1.03224665e-02 -3.32133131e-05 6.27924455e-04 4.89634229e-04 9.56144009e-04 1.73786317e-03 -4.21074452e-04 -2.94973492e-03 -1.18781126e-03
1.85573958e-02 -7.29216402e-03 -5.95605373e-03 1.20080458e-02 -6.19380781e-03 2.23737117e-03 4.52776486e-03 -3.04049738e-02 -1.02811711e-04 1.81898172e-03 1.42576196e-03 2.79369648e-03 5.08042239e-03 -1.23111333e-03 -8.62251315e-03 -3.47206555e-03
3.86181241e-03 -1.58836762e-03 -1.29884097e-03 -3.09587922e-03 1.81727100e-03 -6.88094471e-04 -1.02223642e-03 7.57966144e-03 4.05145947e-05 -4.84704680e-04 -3.66737047e-04 -7.26278813e-04 -1.32275559e-03 3.20547988e-04 2.24711164e-03 9.04996821e-04
-6.30200282e-03 -6.58712815e-06 2.41519563e-04 -1.22046191e-02 6.66950643e-03 -2.57570390e-03 -4.19240166e-03 2.99939401e-02 1.34110232e-04 -1.89419079e-03 -1.45100465e-03 -2.85666506e-03 -5.19834366e-03 1.25966046e-03 8.82814918e-03 3.55525711e-03
-3.47409630e-03 2.97736377e-04 5.83618705e-04 -8.03582743e-03 4.33311705e-03 -1.66798173e-03 -2.79123290e-03 1.98074728e-02 8.13805382e-05 -1.24205754e-03 -9.58494085e-04 -1.88061211e-03 -3.42030101e-03 8.28800141e-04 5.80702629e-03 2.33845436e-03
6.77671516e-04 -6.20002393e-04 -8.00005044e-04 8.70552287e-03 -4.65750881e-03 1.80283422e-03 3.07047600e-03 -2.15126183e-02 -8.39604400e-05 1.34373910e-03 1.03704177e-03 2.03687395e-03 3.70372878e-03 -8.97545193e-04 -6.28820341e-03 -2.53216620e-03
5.08015081e-02 -9.07157362e-03 -8.07659235e-03 6.25173822e-02 -3.31838913e-02 1.25457589e-02 2.20415257e-02 -1.54525205e-01 -6.11512805e-04 9.62800626e-03 7.47515447e-03 1.46247400e-02 2.65912712e-02 -6.44359831e-03 -4.51455228e-02 -1.81797445e-02
1.18259769e-02 -3.19100870e-03 -2.80390424e-03 -5.36198786e-04 4.75618930e-04 -1.87304075e-04 -1.11330082e-04 1.18347770e-03 2.06749428e-05 -9.27944566e-05 -6.23478336e-05 -1.30180750e-04 -2.38354318e-04 5.78050785e-05 4.06108651e-04 1.63620207e-04
-2.18519084e-02 4.33414476e-03 4.03741701e-03 -3.55380476e-02 1.90546382e-02 -7.27810385e-03 -1.24669215e-02 8.83272141e-02 2.75168713e-04 -5.47188241e-03 -4.24700882e-03 -8.32914375e-03 -1.51297338e-02 3.67014529e-03 2.56725140e-02 1.03356224e-02
1.94953158e-02 -2.71113147e-03 -3.09688295e-03 2.62568071e-02 -1.40481899e-02 5.32407174e-03 9.25951079e-03 -6.50946870e-02 -2.41398404e-04 4.04562475e-03 3.14309588e-03 6.14633271e-03 1.11766588e-02 -2.70855380e-03 -1.89741869e-02 -7.64049776e-03
1.33594256e-02 -3.72278132e-03 -3.30415508e-03 3.09577100e-02 -1.65226758e-02 6.27092039e-03 1.09815020e-02 -7.65778795e-02 -2.87135423e-04 4.73454781e-03 3.70548759e-03 7.24622793e-03 1.31748300e-02 -3.19293491e-03 -2.23646089e-02 -9.00498778e-03
1.00803412e-02 -5.24096424e-04 -4.47256491e-04 1.33720022e-02 -7.26520224e-03 2.79369438e-03 4.60723042e-03 -3.29016373e-02 -1.44761827e-04 2.07175128e-03 1.59043132e-03 3.12934676e-03 5.69382543e-03 -1.37973833e-03 -9.66921542e-03 -3.89393093e-03
-1.34715941e-02 2.39689043e-03 1.69484317e-03 -1.41972369e-02 7.57750031e-03 -2.84099043e-03 -4.95051406e-03 3.49156223e-02 1.41069613e-04 -2.18568416e-03 -1.68994640e-03 -3.31628416e-03 -6.03146059e-03 1.46155455e-03 1.02409581e-02 4.12404351e-03
-4.28261608e-03 8.44210014e-03 3.53888795e-03 5.31930998e-02 -2.93262601e-02 1.13254236e-02 1.80818867e-02 -1.30461320e-01 -6.00247702e-04 8.26732535e-03 6.32162299e-03 1.24522652e-02 2.26617847e-02 -5.49152680e-03 -3.84873189e-02 -1.54996561e-02
4.91281133e-03 -8.70604184e-04 -7.04718346e-04 7.92833883e-03 -4.30059852e-03 1.66102429e-03 2.75007659e-03 -1.95119306e-02 -8.48656491e-05 1.22937642e-03 9.42854618e-04 1.85526046e-03 3.37591581e-03 -8.18045111e-04 -5.73304668e-03 -2.30879360e-03
1.02779306e-02 -2.74125510e-03 -2.96102953e-03 1.48771480e-02 -7.82126188e-03 2.92145601e-03 5.33579756e-03 -3.68529893e-02 -9.90150511e-05 2.26714974e-03 1.80168694e-03 3.48749664e-03 6.32981909e-03 -1.53399515e-03 -1.07355360e-02 -4.32170182e-03
-8.89449567e-03 1.41229946e-03 1.74680550e-03 -1.53686013e-02 8.28205980e-03 -3.13632609e-03 -5.39696496e-03 3.80017236e-02 1.40522257e-04 -2.36919313e-03 -1.84041553e-03 -3.59738059e-03 -6.54026959e-03 1.58483500e-03 1.11020999e-02 4.47054394e-03
-3.90459551e-03 3.23649205e-04 6.36373006e-04 -8.96612089e-03 4.84726112e-03 -1.86726346e-03 -3.10539990e-03 2.20835060e-02 9.29672606e-05 -1.38672569e-03 -1.06878893e-03 -2.09793937e-03 -3.81605979e-03 9.24698543e-04 6.47951802e-03 2.60932301e-03
-1.92578882e-05 1.06773328e-03 -1.42101693e-04 2.48680133e-02 -1.35840066e-02 5.24772890e-03 8.53056833e-03 -6.10989332e-02 -2.73638027e-04 3.85721819e-03 2.95565533e-03 5.81801217e-03 1.05867628e-02 -2.56540277e-03 -1.79789849e-02 -7.24044209e-03
-5.48462383e-03 2.71314592e-03 2.45189061e-03 -5.27485879e-03 2.65035406e-03 -9.11996933e-04 -1.98539859e-03 1.35516915e-02 1.37331372e-05 -7.87619094e-04 -6.62081235e-04 -1.24119420e-03 -2.24404805e-03 5.44046634e-04 3.80157959e-03 1.52972061e-03
-5.70314471e-03 1.41182914e-03 1.24961569e-03 -5.85215958e-03 3.06373881e-03 -1.16009335e-03 -2.10797042e-03 1.45612201e-02 4.21395598e-05 -8.90477153e-04 -7.06967025e-04 -1.37068506e-03 -2.48712092e-03 6.02739630e-04 4.21831757e-03 1.69823132e-03
-2.48763314e-03 -9.67459346e-06 6.76302443e-05 -3.95925762e-03 2.15968955e-03 -8.35336046e-04 -1.36092212e-03 9.73345712e-03 4.31922890e-05 -6.14152348e-04 -4.70884755e-04 -9.26648208e-04 -1.68611575e-03 4.08579450e-04 2.86338362e-03 1.15312880e-03
4.53117350e-03 -9.51706374e-04 -7.59796414e-04 3.27176997e-03 -1.75805867e-03 6.76450203e-04 1.14820746e-03 -8.07438232e-03 -3.27952075e-05 5.06864453e-04 3.90427711e-04 7.65659381e-04 1.39292737e-03 -3.37526784e-04 -2.36537005e-03 -9.52568371e-04
-7.24041695e-03 1.71557383e-03 2.16165441e-03 -9.29157436e-03 4.96170949e-03 -1.89114024e-03 -3.26791545e-03 2.29104813e-02 9.54679053e-05 -1.43626472e-03 -1.10789575e-03 -2.17398466e-03 -3.95387830e-03 9.58080287e-04 6.71387138e-03 2.70375400e-03
-9.03960783e-03 1.03381788e-03 1.53599354e-03 -1.45451138e-02 7.83887971e-03 -3.01123667e-03 -5.06644323e-03 3.58433127e-02 1.47243481e-04 -2.24854914e-03 -1.73419109e-03 -3.40365246e-03 -6.19084900e-03 1.50014984e-03 1.05116703e-02 4.23307298e-03
-3.28990892e-02 5.67451958e-03 5.99156180e-03 -4.59069982e-02 2.46067047e-02 -9.30491835e-03 -1.62063222e-02 1.13537803e-01 4.18377196e-04 -7.07468903e-03 -5.52326487e-03 -1.07540712e-02 -1.95489526e-02 4.73668613e-03 3.31832469e-02 1.33625818e-02
-2.63772309e-02 5.08957636e-03 5.31566702e-03 -3.48568931e-02 1.85939856e-02 -7.02558504e-03 -1.23849446e-02 8.64578933e-02 2.92297860e-04 -5.35551319e-03 -4.18976042e-03 -8.17453209e-03 -1.48446821e-02 3.59750330e-03 2.51849387e-02 1.01397308e-02
1.87968649e-02 -3.88202537e-03 -2.84758629e-03 2.17403565e-02 -1.16625307e-02 4.49057203e-03 7.65622733e-03 -5.36913835e-02 -2.24519245e-04 3.36025376e-03 2.59048492e-03 5.08338865e-03 9.24692117e-03 -2.24065315e-03 -1.57015249e-02 -6.32315781e-03
4.02938714e-03 7.04982958e-04 3.40649276e-04 9.61925648e-03 -5.30301873e-03 2.05825828e-03 3.26948636e-03 -2.36027427e-02 -1.11457266e-04 1.49716786e-03 1.14123069e-03 2.25177989e-03 4.09899605e-03 -9.93271475e-04 -6.96226070e-03 -2.80392729e-03
-2.27443781e-03 2.99397204e-03 1.01619982e-03 2.83992961e-02 -1.57059189e-02 6.07178453e-03 9.62913129e-03 -6.95265457e-02 -3.31066578e-04 4.41576540e-03 3.36494762e-03 6.64241472e-03 1.20908907e-02 -2.92999530e-03 -2.05375068e-02 -8.27113260e-03
-3.50379124e-02 3.51549871e-03 4.48131934e-03 -5.32420054e-02 2.88792364e-02 -1.11399023e-02 -1.84368417e-02 1.30997822e-01 5.75540413e-04 -8.24900996e-03 -6.33470528e-03 -1.24550378e-02 -2.26624981e-02 5.49149374e-03 3.84852588e-02 1.54986195e-02
-4.23226915e-02 7.31386943e-03 4.76709940e-03 -3.97887155e-02 2.14662999e-02 -8.09393916e-03 -1.38988309e-02 9.80201215e-02 3.95941228e-04 -6.13707816e-03 -4.76580113e-03 -9.31366626e-03 -1.69280544e-02 4.10122843e-03 2.87326593e-02 1.15698688e-02
-2.72074621e-03 -8.85139918e-04 -2.89723801e-04 -1.08749149e-02 6.00051321e-03 -2.32535903e-03 -3.69573175e-03 2.66639758e-02 1.26740604e-04 -1.69218436e-03 -1.28875708e-03 -2.54373671e-03 -4.63095261e-03 1.12215651e-03 7.86608178e-03 3.16796708e-03
-4.85894736e-03 4.17850562e-04 1.44261812e-05 1.85774383e-03 -1.02165132e-03 3.94865347e-04 6.32241252e-04 -4.55020368e-03 -2.12740779e-05 2.88426498e-04 2.19820286e-04 4.33774840e-04 7.89695478e-04 -1.91351923e-04 -1.34135981e-03 -5.40221517e-04
9.36363358e-03 -2.14007962e-03 -2.90254876e-03 1.20844757e-02 -6.44529006e-03 2.45081657e-03 4.27075336e-03 -2.98746135e-02 -1.01114754e-04 1.85600272e-03 1.45024026e-03 2.83235754e-03 5.14515908e-03 -1.24659890e-03 -8.72965436e-03 -3.51476995e-03
5.54984342e-03 -5.91744902e-04 -6.10514369e-04 9.67671163e-03 -5.22952015e-03 2.02696747e-03 3.33602075e-03 -2.37853322e-02 -1.02679005e-04 1.49852096e-03 1.15119386e-03 2.26375577e-03 4.11860086e-03 -9.98012372e-04 -6.99396525e-03 -2.81656161e-03
2.08829101e-02 -6.01534313e-03 -4.03904170e-03 4.33368646e-02 -2.33170930e-02 8.94930307e-03 1.52115989e-02 -1.06883317e-01 -4.35581780e-04 6.69275550e-03 5.17214509e-03 1.01391412e-02 1.84413604e-02 -4.46884194e-03 -3.13123167e-02 -1.26094706e-02
2.56987778e-03 9.36099794e-04 3.79144854e-04 1.23794749e-02 -6.84857555e-03 2.64706835e-03 4.19285847e-03 -3.03378459e-02 -1.41865676e-04 1.92500150e-03 1.46999198e-03 2.89831543e-03 5.27509023e-03 -1.27826841e-03 -8.95913504e-03 -3.60805355e-03
-6.74488116e-03 4.45230398e-05 2.96323211e-04 -8.40990990e-03 4.57678270e-03 -1.76541985e-03 -2.89873919e-03 2.06793435e-02 8.86772395e-05 -1.30316953e-03 -1.00123766e-03 -1.96858402e-03 -3.58117069e-03 8.67796713e-04 6.08101487e-03 2.44885567e-03
2.39867647e-03 -1.98822049e-03 -1.88735337e-03 9.75771248e-03 -5.06939879e-03 1.91207789e-03 3.49385734e-03 -2.43247170e-02 -5.24285024e-05 1.48238335e-03 1.17939780e-03 2.29211384e-03 4.15249495e-03 -1.00674946e-03 -7.03837303e-03 -2.83264928e-03
-1.83812957e-02 3.18794674e-03 2.67144036e-03 -2.37547960e-02 1.27567993e-02 -4.84982738e-03 -8.27698503e-03 5.86047247e-02 2.35460815e-04 -3.65988328e-03 -2.84187868e-03 -5.55813499e-03 -1.01053016e-02 2.44886754e-03 1.71547253e-02 6.90783374e-03
2.59814952e-02 -4.29065153e-03 -4.57557663e-03 3.41687053e-02 -1.83721893e-02 7.12503120e-03 1.18365809e-02 -8.41541812e-02 -3.65424814e-04 5.29501680e-03 4.06583585e-03 7.99442083e-03 1.45459073e-02 -3.52471578e-03 -2.47015543e-02 -9.94771067e-03
-7.47256447e-03 1.30084017e-03 1.58043823e-03 -1.29219461e-02 6.94366358e-03 -2.64833472e-03 -4.52420069e-03 3.19099389e-02 1.19297358e-04 -1.99093926e-03 -1.54517533e-03 -3.02522746e-03 -5.49914874e-03 1.33257965e-03 9.33444686e-03 3.75871803e-03
-5.47300419e-03 7.23340898e-04 5.52659913e-04 -1.09634257e-03 5.65635040e-04 -2.15152249e-04 -3.91247333e-04 2.70906370e-03 8.39352469e-06 -1.67945065e-04 -1.31405584e-04 -2.56399944e-04 -4.65800578e-04 1.12873255e-04 7.90545717e-04 3.18326027e-04
7.10632326e-03 -9.45532753e-04 -9.00443061e-04 1.71186756e-02 -9.22574569e-03 3.55319027e-03 5.97783597e-03 -4.22429964e-02 -1.74916902e-04 2.64467462e-03 2.03889911e-03 4.00344282e-03 7.28188269e-03 -1.76456827e-03 -1.23640355e-02 -4.97898553e-03
2.92806583e-03 2.36604013e-04 2.09528269e-04 3.87580786e-03 -2.14554812e-03 8.33710423e-04 1.30898599e-03 -9.50004905e-03 -4.59043513e-05 6.03663269e-04 4.60228330e-04 9.07749578e-04 1.65240094e-03 -4.00414370e-04 -2.80663092e-03 -1.13031687e-03
6.98375190e-03 -1.07988599e-03 -7.78265239e-04 6.51599257e-04 -2.99149717e-04 1.02124235e-04 2.44207622e-04 -1.60891761e-03 -1.89167577e-06 9.82337151e-05 7.81558920e-05 1.51900604e-04 2.75527331e-04 -6.67501299e-05 -4.67339996e-04 -1.88170467e-04
-1.35485418e-02 7.11802568e-04 1.29337015e-03 -2.48667542e-02 1.35089820e-02 -5.22243232e-03 -8.57134536e-03 6.11699075e-02 2.69069860e-04 -3.85449617e-03 -2.95764115e-03 -5.81882382e-03 -1.05874594e-02 2.56554084e-03 1.79794151e-02 7.24057853e-03
-5.27288206e-03 2.72453530e-04 2.34267616e-04 -7.36119784e-03 4.01157187e-03 -1.54817838e-03 -2.54002982e-03 1.81000791e-02 8.04061419e-05 -1.14167156e-03 -8.75478436e-04 -1.72273035e-03 -3.13465367e-03 7.59576156e-04 5.32331038e-03 2.14378792e-03
-2.02837475e-02 2.76207412e-03 2.02476094e-03 -2.22474225e-02 1.20043140e-02 -4.60062735e-03 -7.71509390e-03 5.47428243e-02 2.30236619e-04 -3.44007858e-03 -2.65293918e-03 -5.20474184e-03 -9.46785975e-03 2.29420024e-03 1.60763431e-02 6.47405675e-03
3.23258378e-02 -7.06233550e-03 -6.18682429e-03 4.77864295e-02 -2.55647749e-02 9.83587746e-03 1.67326853e-02 -1.17950052e-01 -4.86247154e-04 7.37284357e-03 5.72696142e-03 1.11805312e-02 2.03314293e-02 -4.92689293e-03 -3.45161185e-02 -1.38989817e-02
2.33275816e-02 -3.11570847e-03 -2.92164437e-03 3.08792405e-02 -1.64606478e-02 6.29425421e-03 1.08705070e-02 -7.63952136e-02 -2.85222020e-04 4.76077851e-03 3.68318777e-03 7.22297328e-03 1.31318085e-02 -3.18245636e-03 -2.22935881e-02 -8.97711329e-03
3.01535539e-02 -3.71040916e-03 -3.12366104e-03 3.00157871e-02 -1.61995552e-02 6.21073740e-03 1.04420679e-02 -7.38985762e-02 -3.02596251e-04 4.64069005e-03 3.58600379e-03 7.02536199e-03 1.27764754e-02 -3.09595349e-03 -2.16921512e-02 -8.73535592e-03
-4.58168797e-03 3.38238955e-04 2.36048363e-04 -4.24464280e-03 2.30541686e-03 -8.88976268e-04 -1.46274175e-03 1.04386862e-02 4.52694621e-05 -6.57797500e-04 -5.05347562e-04 -9.93397087e-04 -1.80730561e-03 4.37948736e-04 3.06907389e-03 1.23595376e-03
1.00966888e-02 -2.35163188e-03 -3.24929110e-03 2.82958690e-02 -1.51961651e-02 5.78503497e-03 9.85668320e-03 -6.96658269e-02 -2.81100161e-04 4.37214226e-03 3.37455678e-03 6.61968021e-03 1.20387664e-02 -2.91732652e-03 -2.04402115e-02 -8.23111366e-03
2.59351656e-02 -3.94477509e-03 -3.67684569e-03 3.63855325e-02 -1.96872242e-02 7.55433738e-03 1.26457624e-02 -8.96137655e-02 -3.68580950e-04 5.62908687e-03 4.33967402e-03 8.51562805e-03 1.54873636e-02 -3.75281507e-03 -2.62962338e-02 -1.05895596e-02
-2.46673636e-02 2.34449422e-03 3.86323431e-03 -4.58285250e-02 2.48826873e-02 -9.60896816e-03 -1.58464015e-02 1.12835363e-01 4.86311183e-04 -7.10833212e-03 -5.44828642e-03 -1.07238041e-02 -1.95121597e-02 4.72814683e-03 3.31355594e-02 1.33442348e-02
-7.29970727e-03 1.05424086e-04 3.35154473e-04 -1.22857299e-02 6.72004838e-03 -2.59503955e-03 -4.21786821e-03 3.01965345e-02 1.35738912e-04 -1.90698053e-03 -1.46090507e-03 -2.87588499e-03 -5.23318304e-03 1.26810395e-03 8.88736080e-03 3.57910502e-03
6.17515435e-03 -1.35136500e-03 -1.32760196e-03 8.45606439e-03 -4.48408909e-03 1.71570096e-03 3.00453953e-03 -2.09306646e-02 -7.44358404e-05 1.29815564e-03 1.01467385e-03 1.97935384e-03 3.59629188e-03 -8.71476892e-04 -6.10315194e-03 -2.45742779e-03
-3.64863081e-03 -2.72250129e-03 -1.96694722e-03 -1.48621770e-02 8.33005458e-03 -3.29709146e-03 -4.95365495e-03 3.61567885e-02 2.00353039e-04 -2.32838583e-03 -1.75646646e-03 -3.47704208e-03 -6.33351598e-03 1.53454498e-03 1.07612628e-02 4.33456153e-03
-3.67931128e-02 4.50687809e-03 2.87723821e-03 -2.83085275e-02 1.52251888e-02 -5.89319132e-03 -9.90226306e-03 6.97185919e-02 2.74313730e-04 -4.36992804e-03 -3.39251617e-03 -6.63766079e-03 -1.20534999e-02 2.92245857e-03 2.04636902e-02 8.23933911e-03
1.38642360e-02 -3.72015359e-03 -1.44436641e-03 2.54823593e-03 -1.22081174e-03 4.71738575e-04 9.47603723e-04 -6.39107823e-03 -5.85932685e-06 3.84237530e-04 3.07779061e-04 5.95618214e-04 1.07900135e-03 -2.61458015e-04 -1.82917365e-03 -7.36377202e-04
8.84776935e-03 -9.92706744e-04 -9.15013021e-04 1.46844434e-02 -7.87977781e-03 3.00930091e-03 5.15345391e-03 -3.65009233e-02 -1.46895385e-04 2.26319884e-03 1.75725284e-03 3.43855121e-03 6.25141850e-03 -1.51485798e-03 -1.06116626e-02 -4.27303370e-03
-6.10888191e-03 -4.29443608e-04 3.77098884e-04 -1.96445957e-02 1.07309772e-02 -4.13972652e-03 -6.74724439e-03 4.82783318e-02 2.15450578e-04 -3.04782880e-03 -2.33616680e-03 -4.59743384e-03 -8.36569630e-03 2.02717190e-03 1.42069636e-02 5.72138932e-03
3.82987186e-02 -6.80149253e-03 -7.13214092e-03 4.07468490e-02 -2.18618363e-02 8.38879589e-03 1.42572457e-02 -1.00695416e-01 -3.74233205e-04 6.28278172e-03 4.87891724e-03 9.53761209e-03 1.73362363e-02 -4.20101313e-03 -2.94287447e-02 -1.18502947e-02
-1.18509009e-02 3.18720774e-03 4.33322741e-03 -2.13229600e-02 1.13138696e-02 -4.25846688e-03 -7.63163669e-03 5.29035740e-02 1.50703330e-04 -3.26087978e-03 -2.58220732e-03 -5.00451354e-03 -9.07755457e-03 2.19974178e-03 1.53922029e-02 6.19613798e-03
1.24545349e-02 -2.15286552e-03 -1.92476599e-03 1.49778137e-02 -8.06638040e-03 3.08829104e-03 5.24578709e-03 -3.70019749e-02 -1.49808446e-04 2.31396267e-03 1.78777170e-03 3.50413099e-03 6.37293328e-03 -1.54426030e-03 -1.08204987e-02 -4.35743155e-03
-7.98384286e-03 -4.89297207e-04 3.13237193e-04 -2.18629260e-02 1.19475117e-02 -4.61213291e-03 -7.50408461e-03 5.37293777e-02 2.40341236e-04 -3.39271780e-03 -2.59951269e-03 -5.11696236e-03 -9.31143109e-03 2.25634314e-03 1.58131588e-02 6.36823894e-03
-3.83469835e-03 -6.80587254e-06 7.44643155e-04 -2.35597156e-02 1.28490198e-02 -4.94118268e-03 -8.09234194e-03 5.78803979e-02 2.58916698e-04 -3.65422433e-03 -2.80185882e-03 -5.51320985e-03 -1.00321230e-02 2.43097544e-03 1.70370452e-02 6.86112419e-03
2.32055262e-02 -5.71816973e-03 -5.00352122e-03 1.91788431e-02 -9.97045916e-03 3.72461230e-03 6.75454270e-03 -4.74094003e-02 -1.57736969e-04 2.93403654e-03 2.29538674e-03 4.48455894e-03 8.15036334e-03 -1.97527581e-03 -1.38340965e-02 -5.57042286e-03
3.71462367e-02 -3.38001875e-03 -4.43554902e-03 5.64850457e-02 -3.05235609e-02 1.17936116e-02 1.95227340e-02 -1.38989881e-01 -5.79959829e-04 8.73328280e-03 6.71142340e-03 1.31974602e-02 2.40077786e-02 -5.81753394e-03 -4.07676436e-02 -1.64175816e-02
5.71580604e-02 -1.25581603e-02 -9.71639901e-03 6.15280606e-02 -3.26774381e-02 1.26280887e-02 2.21108869e-02 -1.51977926e-01 -5.22164803e-04 9.50018410e-03 7.33328704e-03 1.43840257e-02 2.61645056e-02 -6.33969298e-03 -4.44214940e-02 -1.78885385e-02
1.04474891e-02 -1.93807390e-03 -1.72653340e-03 1.46575747e-02 -7.85568822e-03 3.05861281e-03 5.07665426e-03 -3.60023081e-02 -1.53477231e-04 2.26703822e-03 1.74335064e-03 3.42500396e-03 6.23097550e-03 -1.50987075e-03 -1.05806151e-02 -4.26092837e-03
2.61278078e-02 -3.88754951e-03 -3.29007953e-03 3.32160890e-02 -1.78059246e-02 6.80865673e-03 1.16495807e-02 -8.21754113e-02 -3.43866413e-04 5.11845294e-03 3.96299129e-03 7.76929501e-03 1.41322166e-02 -3.42438137e-03 -2.39947718e-02 -9.66277346e-03
-1.12461150e-02 2.10215081e-03 2.29468895e-03 -1.51306754e-02 8.15580320e-03 -3.10953823e-03 -5.28908847e-03 3.72987948e-02 1.55020156e-04 -2.33983761e-03 -1.80199370e-03 -3.53931962e-03 -6.43830420e-03 1.56009290e-03 1.09323962e-02 4.40257322e-03
2.04941984e-02 -5.77727892e-03 -5.54642361e-03 2.11746320e-02 -1.10820616e-02 4.28216765e-03 7.47955218e-03 -5.22302054e-02 -1.78582821e-04 3.25031579e-03 2.53540021e-03 4.95277485e-03 9.00058728e-03 -2.18110788e-03 -1.52765810e-02 -6.15131855e-03
2.20481735e-02 -4.15270869e-03 -3.19190603e-03 2.62658037e-02 -1.41594447e-02 5.42920828e-03 9.11707338e-03 -6.48849756e-02 -2.78606516e-04 4.06784099e-03 3.12737119e-03 6.14518672e-03 1.11801578e-02 -2.70918827e-03 -1.89855266e-02 -7.64571549e-03
-5.40412555e-04 1.04245773e-04 2.89425625e-05 6.00716390e-04 -3.29761620e-04 1.28514483e-04 1.99408169e-04 -1.44811289e-03 -7.19567925e-06 9.23368571e-05 7.01694589e-05 1.38428615e-04 2.52042257e-04 -6.10727511e-05 -4.28134575e-04 -1.72428190e-04
3.32643539e-02 -5.62468078e-03 -3.71401780e-03 4.38292511e-02 -2.36896202e-02 9.06428322e-03 1.53308334e-02 -1.07872866e-01 -4.41304670e-04 6.77290652e-03 5.22742793e-03 1.02527561e-02 1.86482593e-02 -4.51885210e-03 -3.16644162e-02 -1.27513921e-02
-2.98046991e-02 3.59073491e-03 3.70594743e-03 -4.17190231e-02 2.25712638e-02 -8.68414436e-03 -1.44229336e-02 1.02637559e-01 4.50018852e-04 -6.46318356e-03 -4.95955627e-03 -9.75839328e-03 -1.77554563e-02 4.30245651e-03 3.01521532e-02 1.21427551e-02
1.88144371e-02 -3.18813790e-03 -3.17693735e-03 2.57948767e-02 -1.36760641e-02 5.20232460e-03 9.10859276e-03 -6.38870746e-02 -2.53233797e-04 3.97961074e-03 3.08289099e-03 6.03569252e-03 1.09773353e-02 -2.66002724e-03 -1.86372250e-02 -7.50510441e-03
-7.19554909e-03 1.11109833e-03 1.17400906e-03 -9.61217564e-03 5.09079406e-03 -1.95255352e-03 -3.41118802e-03 2.38960981e-02 7.39532406e-05 -1.47144462e-03 -1.15374790e-03 -2.25449051e-03 -4.09380579e-03 9.92085552e-04 6.94252783e-03 2.79487134e-03
1.82480253e-02 -4.87647206e-03 -3.84418853e-03 2.13194564e-02 -1.12454016e-02 4.25699912e-03 7.57075893e-03 -5.29221408e-02 -2.01576433e-04 3.27815977e-03 2.54983804e-03 4.98299627e-03 9.05777700e-03 -2.19481671e-03 -1.53766330e-02 -6.19199825e-03
3.18705570e-05 -8.25411233e-04 -1.02807453e-03 3.42055922e-03 -1.77865592e-03 6.86202140e-04 1.23625353e-03 -8.49998649e-03 -2.22329272e-05 5.21504378e-04 4.13143280e-04 8.00017675e-04 1.45211490e-03 -3.51897004e-04 -2.46318779e-03 -9.91670648e-04
4.16930299e-03 -1.30938808e-03 -8.69790907e-04 1.50319678e-03 -7.39539275e-04 2.74476828e-04 5.57522115e-04 -3.74546717e-03 -7.55113433e-06 2.27479963e-04 1.82079457e-04 3.51374620e-04 6.37419929e-04 -1.54448935e-04 -1.08119566e-03 -4.35311144e-04
-3.63748968e-02 3.69570917e-03 4.56720265e-03 -5.51635027e-02 2.99385451e-02 -1.15371300e-02 -1.90194193e-02 1.35779291e-01 5.90358453e-04 -8.54587089e-03 -6.56074472e-03 -1.29036242e-02 -2.34782752e-02 5.68920653e-03 3.98702063e-02 1.60563290e-02
1.80864031e-03 -2.69203098e-04 -6.10417337e-04 7.36898510e-03 -3.95400124e-03 1.50859018e-03 2.57240888e-03 -1.81492362e-02 -7.28320083e-05 1.13455404e-03 8.78872408e-04 1.72225200e-03 3.13150650e-03 -7.58851995e-04 -5.31619182e-03 -2.14073155e-03
2.15033442e-02 -4.40938212e-03 -5.37180481e-03 3.81837487e-02 -2.04750337e-02 7.82053173e-03 1.33490507e-02 -9.43068117e-02 -3.42888467e-04 5.87154832e-03 4.57736477e-03 8.93872045e-03 1.62435528e-02 -3.93646816e-03 -2.75705997e-02 -1.11015048e-02
-8.44699703e-03 3.05522815e-04 7.68767612e-04 -1.92415509e-02 1.04681347e-02 -4.03439300e-03 -6.62675360e-03 4.73525934e-02 2.09099715e-04 -2.98382551e-03 -2.28923815e-03 -4.50337026e-03 -8.19410849e-03 1.98558369e-03 1.39152696e-02 5.60390111e-03
-3.01910704e-03 2.33635050e-03 2.17958889e-03 5.13350265e-03 -2.99621420e-03 1.13216951e-03 1.69955683e-03 -1.25792613e-02 -6.69511428e-05 8.03247618e-04 6.09800511e-04 1.20560045e-03 2.19540158e-03 -5.32024773e-04 -3.72931501e-03 -1.50191702e-03
-3.44639160e-02 4.87459917e-03 3.86985764e-03 -4.62349877e-02 2.49768980e-02 -9.65413265e-03 -1.61214862e-02 1.13996238e-01 4.72350483e-04 -7.16066267e-03 -5.50121116e-03 -1.08165611e-02 -1.96767673e-02 4.76802327e-03 3.34128067e-02 1.34557094e-02
-1.49257435e-03 4.48161562e-04 -6.68274763e-04 1.37524325e-02 -7.38600781e-03 2.83682835e-03 4.78042755e-03 -3.38764004e-02 -1.41863726e-04 2.11888831e-03 1.63830782e-03 3.21386778e-03 5.84449712e-03 -1.41627970e-03 -9.92336962e-03 -3.99609189e-03
