-3.00858193e-03 5.10573685e-02 7.45176710e-03 3.02973960e-04 -1.11907786e-02 1.91255249e-02 -8.04299861e-03 4.23314422e-02 -9.56172496e-03 8.34882166e-03 -2.34019216e-02 -7.38027412e-03 -2.52885390e-02 -4.38105268e-03 -7.69645441e-03 -9.81644262e-03
-5.89561714e-05 2.34925672e-02 3.44709726e-03 2.39379937e-04 -5.32622868e-03 9.07886215e-03 -3.82026983e-03 2.01626699e-02 -4.54847980e-03 3.98189528e-03 -1.11588826e-02 -3.51944845e-03 -1.20604271e-02 -2.08950392e-03 -3.67090828e-03 -4.68205055e-03
-3.31223768e-04 -1.62472408e-02 -2.47070636e-03 -1.05609506e-04 3.88666894e-03 -6.64184941e-03 2.79029971e-03 -1.47379152e-02 3.32038500e-03 -2.90658232e-03 8.14599451e-03 2.56921980e-03 8.80411174e-03 1.52529846e-03 2.67965114e-03 3.41775874e-03
2.91940547e-03 -4.81891558e-02 -7.04734633e-03 -2.73407670e-04 1.05527332e-02 -1.80406850e-02 7.56921060e-03 -3.99364345e-02 8.98888241e-03 -7.87606090e-03 2.20745616e-02 6.96156314e-03 2.38558799e-02 4.13309271e-03 7.26116961e-03 9.26123559e-03
1.57703506e-03 -6.46774247e-02 -9.25832521e-03 -9.06496425e-05 1.40349399e-02 -2.42782906e-02 1.00497343e-02 -5.31770997e-02 1.19349537e-02 -1.04233678e-02 2.92003155e-02 9.21003055e-03 3.15607488e-02 5.46716200e-03 9.60246101e-03 1.22476909e-02
-1.06849417e-03 3.23296450e-02 4.49163700e-03 3.16264923e-05 -6.69267261e-03 1.15424721e-02 -4.82130842e-03 2.53858268e-02 -5.71168028e-03 4.98420373e-03 -1.39715653e-02 -4.40588733e-03 -1.50971673e-02 -2.61508604e-03 -4.59348923e-03 -5.85883111e-03
3.07518453e-03 -6.34179860e-02 -8.67338106e-03 -9.40123573e-06 1.27004161e-02 -2.19273623e-02 9.07451287e-03 -4.77407649e-02 1.07842376e-02 -9.40616988e-03 2.63686981e-02 8.31248611e-03 2.84814965e-02 4.93375119e-03 8.66631512e-03 1.10534513e-02
1.53067382e-03 -3.56262960e-02 -5.04380837e-03 9.13655967e-05 7.49756396e-03 -1.28619093e-02 5.38503146e-03 -2.83049978e-02 6.39217347e-03 -5.57569927e-03 1.56314131e-02 4.92859632e-03 1.68877896e-02 2.92506488e-03 5.13770292e-03 6.55298168e-03
-5.18054562e-03 7.56338984e-02 1.02325054e-02 3.23203392e-04 -1.50594497e-02 2.58859303e-02 -1.08145159e-02 5.70523739e-02 -1.28949275e-02 1.12642981e-02 -3.15828584e-02 -9.95653216e-03 -3.41175832e-02 -5.91008784e-03 -1.03817470e-02 -1.32415276e-02
-3.95382429e-03 6.85676262e-02 9.82866809e-03 3.85678490e-04 -1.42590897e-02 2.44399924e-02 -1.02964854e-02 5.44708408e-02 -1.21141076e-02 1.05720302e-02 -2.96393000e-02 -9.34707094e-03 -3.20279337e-02 -5.54753607e-03 -9.74443927e-03 -1.24286776e-02
-1.71665451e-03 5.17420806e-02 7.34419608e-03 3.46485525e-04 -1.12807490e-02 1.92585457e-02 -8.07531271e-03 4.26806659e-02 -9.59979557e-03 8.41195509e-03 -2.35748980e-02 -7.43521657e-03 -2.54790466e-02 -4.41427529e-03 -7.75517244e-03 -9.89131816e-03
-3.09956213e-03 4.61317375e-02 6.63097296e-03 2.81983172e-04 -1.00031924e-02 1.70501564e-02 -7.17449002e-03 3.78377363e-02 -8.52427166e-03 7.46244658e-03 -2.09161695e-02 -6.59708865e-03 -2.26056278e-02 -3.91635811e-03 -6.88015949e-03 -8.77530966e-03
2.08848598e-03 -3.41660045e-02 -4.89435159e-03 -2.50580575e-04 7.27990875e-03 -1.24309463e-02 5.20960428e-03 -2.74750981e-02 6.19906560e-03 -5.42336144e-03 1.52009064e-02 4.79410822e-03 1.64271668e-02 2.84587243e-03 4.99947183e-03 6.37658406e-03
3.44201457e-03 -4.73714024e-02 -6.65306021e-03 -1.42074365e-04 9.62299388e-03 -1.64962262e-02 6.91905292e-03 -3.64244878e-02 8.20563175e-03 -7.13535724e-03 2.00027786e-02 6.30864454e-03 2.16162819e-02 3.74422455e-03 6.57667499e-03 8.38832278e-03
1.69342309e-02 -2.41863295e-01 -3.51390503e-02 -1.72955520e-03 5.09591997e-02 -8.72627050e-02 3.66420932e-02 -1.93204641e-01 4.35895808e-02 -3.81114073e-02 1.06806092e-01 3.36896926e-02 1.15446642e-01 2.00020857e-02 3.51415947e-02 4.48211320e-02
-4.38679848e-03 1.03418097e-01 1.48586668e-02 1.21256756e-03 -2.25534495e-02 3.85345630e-02 -1.61881819e-02 8.54319483e-02 -1.92621872e-02 1.68930180e-02 -4.73387167e-02 -1.49325728e-02 -5.11695147e-02 -8.86599533e-03 -1.55769279e-02 -1.98675022e-02
-8.13915336e-04 3.80905084e-02 5.72239421e-03 3.02063418e-04 -8.94120056e-03 1.52795902e-02 -6.41332380e-03 3.39277536e-02 -7.62289902e-03 6.68486813e-03 -1.87333040e-02 -5.90895675e-03 -2.02490501e-02 -3.50839668e-03 -6.16394682e-03 -7.86177069e-03
-2.88453209e-03 4.42018136e-02 6.23469381e-03 2.19534180e-04 -9.45440028e-03 1.61510557e-02 -6.78431662e-03 3.58212665e-02 -8.06660950e-03 7.04110973e-03 -1.97364110e-02 -6.22413307e-03 -2.13286187e-02 -3.69482511e-03 -6.49022264e-03 -8.27802438e-03
2.42322707e-03 -4.45702039e-02 -6.38363697e-03 -2.91338190e-04 9.64196771e-03 -1.64809134e-02 6.93426328e-03 -3.65252011e-02 8.22187494e-03 -7.19576329e-03 2.01674029e-02 6.36039861e-03 2.17952952e-02 3.77601641e-03 6.63375575e-03 8.46101250e-03
5.41611249e-03 -1.88012153e-01 -2.82551236e-02 -2.45676679e-03 4.40515429e-02 -7.53223523e-02 3.15004066e-02 -1.66667044e-01 3.75393778e-02 -3.29429545e-02 9.23203379e-02 2.91188583e-02 9.97823700e-02 1.72888599e-02 3.03750839e-02 3.87417339e-02
1.02227030e-03 -1.61411259e-02 -2.38700211e-03 -1.35440729e-04 3.61034553e-03 -6.17178949e-03 2.59233918e-03 -1.36935534e-02 3.07770097e-03 -2.69616419e-03 7.55640492e-03 2.38328776e-03 8.16678815e-03 1.41492998e-03 2.48583220e-03 3.17054498e-03
4.11312561e-03 -1.16812095e-01 -1.69514772e-02 -9.11930925e-04 2.61318255e-02 -4.46113758e-02 1.87415928e-02 -9.89011675e-02 2.22815927e-02 -1.95340887e-02 5.47455512e-02 1.72676202e-02 5.91722764e-02 1.02520725e-02 1.80114768e-02 2.29726788e-02
1.93753885e-03 -2.62089781e-02 -3.39489616e-03 1.00309262e-05 4.94331960e-03 -8.48050043e-03 3.57319973e-03 -1.87508222e-02 4.21447819e-03 -3.67427082e-03 1.03023192e-02 3.24822241e-03 1.11297369e-02 1.92769594e-03 3.38538433e-03 4.31802217e-03
-9.39993406e-05 -2.65193600e-02 -3.44417128e-03 1.16774434e-04 5.25418762e-03 -9.04287118e-03 3.76488734e-03 -1.98837798e-02 4.48223017e-03 -3.92012391e-03 1.09891072e-02 3.46516958e-03 1.18714701e-02 2.05686828e-03 3.61301401e-03 4.60818969e-03
-2.03976451e-04 1.35652591e-02 1.80908584e-03 -1.22960497e-04 -2.79173790e-03 4.78815194e-03 -1.99994445e-03 1.05348192e-02 -2.36883992e-03 2.07163882e-03 -5.80668682e-03 -1.83108600e-03 -6.27450971e-03 -1.08700374e-03 -1.90960965e-03 -2.43560993e-03
2.57723359e-03 -9.03800279e-02 -1.31142624e-02 -9.03103093e-04 2.00197343e-02 -3.41242552e-02 1.43480469e-02 -7.58436844e-02 1.70625988e-02 -1.49614224e-02 4.19273749e-02 1.32252928e-02 4.53207195e-02 7.85225723e-03 1.37956757e-02 1.75956171e-02
1.51313713e-03 -2.21659634e-02 -2.93952972e-03 2.03633768e-04 4.17656032e-03 -7.21590454e-03 2.99703702e-03 -1.57152545e-02 3.54710408e-03 -3.08112800e-03 8.64612032e-03 2.72341329e-03 9.33181308e-03 1.61590625e-03 2.83778203e-03 3.61952861e-03
-4.09529253e-04 1.79869700e-02 1.90090085e-03 -2.10249913e-04 -2.50524399e-03 4.40086052e-03 -1.79137825e-03 9.40544810e-03 -2.12461362e-03 1.84830674e-03 -5.18365297e-03 -1.63324131e-03 -5.59607474e-03 -9.69217333e-04 -1.70243310e-03 -2.17137602e-03
7.21134339e-03 -1.17928028e-01 -1.63619407e-02 -2.99115549e-04 2.39382740e-02 -4.10119258e-02 1.72382928e-02 -9.07401368e-02 2.04109177e-02 -1.78360492e-02 5.00296801e-02 1.57773048e-02 5.40402532e-02 9.36087221e-03 1.64428484e-02 2.09721010e-02
-2.31080968e-03 4.52099815e-02 6.45368360e-03 7.29574822e-06 -9.51460935e-03 1.62690822e-02 -6.80928584e-03 3.59907523e-02 -8.09956342e-03 7.07392581e-03 -1.98296085e-02 -6.25286857e-03 -2.14252248e-02 -3.71141825e-03 -6.51943777e-03 -8.31528008e-03
-2.19919207e-03 5.67167252e-02 7.88585469e-03 4.20918659e-04 -1.19721191e-02 2.04763543e-02 -8.60466715e-03 4.55455408e-02 -1.02329059e-02 8.94232467e-03 -2.50574015e-02 -7.90354703e-03 -2.70851199e-02 -4.69271792e-03 -8.24306533e-03 -1.05136596e-02
-9.78331664e-04 1.29893273e-02 1.40842691e-03 -1.23076024e-05 -1.83730060e-03 3.22316820e-03 -1.32282230e-03 6.99038431e-03 -1.55833201e-03 1.36151968e-03 -3.81842372e-03 -1.20348367e-03 -4.12297109e-03 -7.14193506e-04 -1.25469186e-03 -1.60029624e-03
2.00990238e-03 -6.40750527e-02 -9.30664875e-03 -2.01618765e-04 1.44051202e-02 -2.45853718e-02 1.03070540e-02 -5.45228161e-02 1.22726252e-02 -1.07552521e-02 3.01387906e-02 9.50706191e-03 3.25792395e-02 5.64465020e-03 9.91705246e-03 1.26486523e-02
-3.49256909e-03 4.00714800e-02 5.44069242e-03 3.76323296e-04 -8.05759616e-03 1.36878248e-02 -5.78080909e-03 3.04584764e-02 -6.85880613e-03 6.01108279e-03 -1.68487709e-02 -5.31354547e-03 -1.82083957e-02 -3.15487687e-03 -5.54289110e-03 -7.06964731e-03
2.76305247e-03 -5.24385646e-02 -7.11161923e-03 -4.30699904e-04 1.07679255e-02 -1.84461232e-02 7.79114245e-03 -4.06921506e-02 9.13158711e-03 -7.98160397e-03 2.23792978e-02 7.05432659e-03 2.41744351e-02 4.18844027e-03 7.35868327e-03 9.38558299e-03
-1.58984109e-03 3.44874226e-02 4.74907877e-03 2.38388428e-04 -7.24768918e-03 1.24297030e-02 -5.20378025e-03 2.74386983e-02 -6.17775088e-03 5.40636946e-03 -1.51522392e-02 -4.77855653e-03 -1.63750052e-02 -2.83677434e-03 -4.98342607e-03 -6.35612523e-03
-2.03163526e-03 3.74379978e-02 5.27019845e-03 1.67378981e-04 -8.00983328e-03 1.37249026e-02 -5.75064076e-03 3.05623077e-02 -6.83376705e-03 5.97748952e-03 -1.67545173e-02 -5.28373104e-03 -1.81060452e-02 -3.13671259e-03 -5.51054813e-03 -7.02838507e-03
5.21132897e-04 3.52373645e-02 5.53219160e-03 4.60737618e-04 -8.74771364e-03 1.49346069e-02 -6.27670391e-03 3.32152285e-02 -7.47419149e-03 6.55897195e-03 -1.83790624e-02 -5.79750072e-03 -1.98676288e-02 -3.44239082e-03 -6.04804605e-03 -7.71394605e-03
5.70385950e-04 1.38255826e-03 2.18817979e-04 2.14355005e-05 -3.85045889e-04 6.55552198e-04 -2.75481783e-04 1.45636883e-03 -3.28359514e-04 2.88002338e-04 -8.07104050e-04 -2.54580460e-04 -8.72409728e-04 -1.51157335e-04 -2.65572016e-04 -3.38722282e-04
-3.84559826e-05 -2.04376839e-02 -3.12909065e-03 -2.44636904e-04 4.91227675e-03 -8.37406050e-03 3.52041610e-03 -1.85953639e-02 4.19394393e-03 -3.67803243e-03 1.03067579e-02 3.25112231e-03 1.11412434e-02 1.93039537e-03 3.39157740e-03 4.32576612e-03
-4.36560222e-04 4.86206450e-03 6.63412851e-04 -1.27108942e-05 -9.64483945e-04 1.65045401e-03 -6.89736393e-04 3.63499182e-03 -8.16824264e-04 7.13056419e-04 -1.99900614e-03 -6.30290015e-04 -2.15972867e-03 -3.74109950e-04 -6.57174969e-04 -8.38196836e-04
8.51238263e-04 -5.46906609e-03 -6.69251313e-04 4.86412318e-05 9.70571709e-04 -1.65159954e-03 6.99881581e-04 -3.65686719e-03 8.18381028e-04 -7.11641740e-04 1.99442450e-03 6.29054906e-04 2.15516728e-03 3.73309740e-04 6.55688404e-04 8.36306019e-04
3.15710832e-03 2.50355038e-03 7.13134883e-04 1.63909659e-04 -1.34123175e-03 2.26892880e-03 -9.61949874e-04 5.10993460e-03 -1.15512067e-03 1.01590913e-03 -2.84636929e-03 -8.98105092e-04 -3.07792379e-03 -5.33351791e-04 -9.37127043e-04 -1.19524926e-03
1.45802821e-03 -6.06474020e-02 -9.53444839e-03 -7.33721943e-04 1.47674549e-02 -2.51713190e-02 1.05730770e-02 -5.59581555e-02 1.26070492e-02 -1.10552525e-02 3.09808590e-02 9.77206789e-03 3.34878750e-02 5.80222160e-03 1.01940511e-02 1.30019449e-02
-3.67827760e-03 4.57512103e-02 5.96703961e-03 8.89578951e-05 -8.83045793e-03 1.51461968e-02 -6.34007482e-03 3.36563215e-02 -7.55939446e-03 6.57005655e-03 -1.84148028e-02 -5.80975180e-03 -1.99068915e-02 -3.44898575e-03 -6.05540304e-03 -7.72373471e-03
3.39610013e-03 -6.14300445e-02 -8.96741357e-03 -4.93445550e-04 1.35919936e-02 -2.33342350e-02 9.75479279e-03 -5.15363775e-02 1.15795219e-02 -1.01282550e-02 2.83882748e-02 8.95164721e-03 3.06754690e-02 5.31457923e-03 9.33656842e-03 1.19083058e-02
6.27843023e-04 1.18655805e-02 1.91592029e-03 1.88153412e-04 -3.04341060e-03 5.19441580e-03 -2.18211790e-03 1.15355207e-02 -2.59971851e-03 2.28033541e-03 -6.38971152e-03 -2.01542862e-03 -6.90665049e-03 -1.19666848e-03 -2.10242369e-03 -2.68152496e-03
6.94194285e-04 -2.50818059e-02 -3.60900513e-03 -1.71997759e-04 5.66639565e-03 -9.69120581e-03 4.05212492e-03 -2.14317553e-02 4.82530659e-03 -4.23190556e-03 1.18581541e-02 3.74040706e-03 1.28176808e-02 2.22084345e-03 3.90182203e-03 4.97655524e-03
-1.02416787e-03 -1.86183397e-02 -2.84092873e-03 -7.62571581e-05 4.50884644e-03 -7.73492595e-03 3.22877080e-03 -1.70558263e-02 3.84529959e-03 -3.37090623e-03 9.44614410e-03 2.97943386e-03 1.02099050e-02 1.76897494e-03 3.10789002e-03 3.96394450e-03
-1.95554411e-03 6.78522512e-02 1.04503678e-02 1.11607439e-03 -1.62431598e-02 2.76635773e-02 -1.16375545e-02 6.15712963e-02 -1.38741545e-02 1.21771023e-02 -3.41230854e-02 -1.07638696e-02 -3.68867852e-02 -6.39127754e-03 -1.12291463e-02 -1.43221384e-02
3.09197552e-04 -2.74423212e-02 -4.01265500e-03 -4.02694190e-04 6.24985481e-03 -1.06496448e-02 4.48168488e-03 -2.36739460e-02 5.33545017e-03 -4.68019536e-03 1.31152794e-02 4.13700007e-03 1.41771100e-02 2.45641894e-03 4.31577861e-03 5.50453225e-03
2.41292967e-03 -4.12358679e-02 -5.68353059e-03 -5.70456614e-05 8.32520612e-03 -1.43132340e-02 5.96981030e-03 -3.14339884e-02 7.09455786e-03 -6.19320758e-03 1.73622686e-02 5.47419209e-03 1.87580828e-02 3.24934884e-03 5.70789305e-03 7.28016254e-03
-1.04244228e-03 1.94638930e-02 2.78235786e-03 1.03918850e-04 -4.17660596e-03 7.17071444e-03 -3.00063053e-03 1.58457682e-02 -3.56731424e-03 3.12118488e-03 -8.74861795e-03 -2.75888154e-03 -9.45402868e-03 -1.63790933e-03 -2.87752878e-03 -3.67013644e-03
-8.90195486e-04 1.46788936e-02 2.01813690e-03 -6.73942850e-06 -2.93043302e-03 5.01901330e-03 -2.10031192e-03 1.10767726e-02 -2.48871767e-03 2.17278814e-03 -6.09227829e-03 -1.92058401e-03 -6.58080587e-03 -1.13990344e-03 -2.00233143e-03 -2.55389279e-03
-1.24573766e-03 2.74319090e-02 4.24606306e-03 2.64419708e-04 -6.72402931e-03 1.14691453e-02 -4.81714215e-03 2.54717898e-02 -5.73548395e-03 5.02823992e-03 -1.40911248e-02 -4.44461918e-03 -1.52305700e-02 -2.63890997e-03 -4.63627838e-03 -5.91331720e-03
-1.65432598e-03 -2.15978082e-03 -3.21847736e-04 -1.70876592e-06 6.03884575e-04 -1.04655244e-03 4.34407149e-04 -2.30462314e-03 5.15199557e-04 -4.48839914e-04 1.25938572e-03 3.96763586e-04 1.35931687e-03 2.35440675e-04 4.13517351e-04 5.27434458e-04
-1.29719474e-03 1.42292101e-02 2.05220468e-03 2.03966920e-05 -3.09958286e-03 5.30509464e-03 -2.22575618e-03 1.17498534e-02 -2.64345063e-03 2.31058081e-03 -6.47718553e-03 -2.04247353e-03 -6.99861813e-03 -1.21232972e-03 -2.12956499e-03 -2.71617924e-03
1.16975629e-04 -1.12738442e-02 -1.70698413e-03 -1.34739064e-04 2.66707921e-03 -4.53720614e-03 1.90911628e-03 -1.00926720e-02 2.27462128e-03 -1.99458678e-03 5.58961555e-03 1.76309503e-03 6.04183180e-03 1.04682578e-03 1.83918141e-03 2.34577432e-03
3.09661933e-04 -3.37448195e-02 -4.96981665e-03 -4.32512257e-04 7.67986709e-03 -1.30927498e-02 5.50465565e-03 -2.90825423e-02 6.55310275e-03 -5.74573223e-03 1.61033180e-02 5.07896813e-03 1.74048748e-02 3.01566883e-03 5.29833697e-03 6.75773155e-03
1.45778991e-04 -3.39533761e-02 -5.23478026e-03 -4.86327161e-04 8.18404276e-03 -1.39754973e-02 5.86527633e-03 -3.09824143e-02 6.98147155e-03 -6.12445548e-03 1.71633400e-02 5.41368546e-03 1.85515583e-02 3.21433670e-03 5.64736407e-03 7.20289722e-03
-1.30485266e-03 4.23708856e-02 6.25282945e-03 3.15117213e-04 -9.34673101e-03 1.59705821e-02 -6.69821212e-03 3.53430733e-02 -7.96126854e-03 6.97271572e-03 -1.95417814e-02 -6.16323343e-03 -2.11198758e-02 -3.65912495e-03 -6.42858539e-03 -8.19931179e-03
-4.55885474e-03 9.19214711e-02 1.28613189e-02 9.31239221e-04 -1.91216022e-02 3.28394882e-02 -1.37273250e-02 7.23665580e-02 -1.62988640e-02 1.42606040e-02 -3.99814993e-02 -1.26049742e-02 -4.31932621e-02 -7.48307398e-03 -1.31465532e-02 -1.67677552e-02
-4.65921080e-03 7.62892962e-02 1.05580743e-02 3.54386459e-04 -1.53646218e-02 2.64580287e-02 -1.10625634e-02 5.82816936e-02 -1.31040728e-02 1.14261769e-02 -3.20379660e-02 -1.01028979e-02 -3.46170627e-02 -5.99543191e-03 -1.05298879e-02 -1.34306410e-02
2.81624170e-03 -1.12992506e-02 -1.40300917e-03 -4.23501042e-05 2.06171093e-03 -3.51747964e-03 1.48114702e-03 -7.80756958e-03 1.75456586e-03 -1.53805758e-03 4.31061210e-03 1.35951245e-03 4.65875864e-03 8.07176228e-04 1.41813105e-03 1.80874777e-03
1.18306803e-03 -1.16371624e-02 -1.37450744e-03 1.09948713e-04 1.87751406e-03 -3.25407018e-03 1.35073985e-03 -7.06421025e-03 1.58645643e-03 -1.38077978e-03 3.87236942e-03 1.22039835e-03 4.18140320e-03 7.24156911e-04 1.27189129e-03 1.62225380e-03
-6.20181498e-04 1.51978871e-02 2.37853383e-03 1.82770149e-04 -3.69317248e-03 6.30032131e-03 -2.64727045e-03 1.39974011e-02 -3.14871571e-03 2.75793183e-03 -7.73064606e-03 -2.43791752e-03 -8.35465174e-03 -1.44736283e-03 -2.54273880e-03 -3.24314041e-03
-2.91442452e-03 7.07445517e-02 1.03208050e-02 5.69883152e-04 -1.56012746e-02 2.66207773e-02 -1.11947879e-02 5.90647049e-02 -1.32949995e-02 1.16581954e-02 -3.26731279e-02 -1.03046279e-02 -3.53123844e-02 -6.11823844e-03 -1.07492022e-02 -1.37100108e-02
-5.32904174e-03 5.04027829e-02 6.29023556e-03 4.85656783e-05 -9.37356614e-03 1.61371734e-02 -6.73196884e-03 3.55057232e-02 -7.99895823e-03 7.00598769e-03 -1.96417756e-02 -6.19373051e-03 -2.12234110e-02 -3.67651251e-03 -6.45891763e-03 -8.23811162e-03
-3.50080809e-04 7.37431645e-03 9.21052182e-04 -5.91235876e-05 -1.33660843e-03 2.30441778e-03 -9.59209399e-04 5.02896495e-03 -1.13087846e-03 9.84358834e-04 -2.76040239e-03 -8.70079850e-04 -2.98098917e-03 -5.16282977e-04 -9.06775880e-04 -1.15656399e-03
-1.36173633e-03 1.77017823e-02 2.50935485e-03 6.32962619e-05 -3.64697399e-03 6.25377055e-03 -2.63121701e-03 1.37990844e-02 -3.10597941e-03 2.70646694e-03 -7.59189948e-03 -2.39292253e-03 -8.19828641e-03 -1.41975761e-03 -2.49323295e-03 -3.18011828e-03
1.46690872e-03 -1.76161993e-02 -2.55146460e-03 -3.44621949e-05 3.30373319e-03 -5.67293772e-03 2.37305020e-03 -1.24904802e-02 2.81681539e-03 -2.45628809e-03 6.88593462e-03 2.17148825e-03 7.44095445e-03 1.28868374e-03 2.26359232e-03 2.88712187e-03
2.43326649e-03 -5.78406006e-02 -8.18935502e-03 -4.98256180e-04 1.26366783e-02 -2.15008464e-02 9.02802404e-03 -4.77101579e-02 1.07607432e-02 -9.43254121e-03 2.64336169e-02 8.33757780e-03 2.85712238e-02 4.95027332e-03 8.69713258e-03 1.10927122e-02
1.30231620e-03 2.84453761e-03 7.63237884e-04 1.51309388e-04 -1.28267251e-03 2.17815116e-03 -9.16432939e-04 4.87637240e-03 -1.10149442e-03 9.68912675e-04 -2.71473499e-03 -8.56558909e-04 -2.93549011e-03 -5.08659170e-04 -8.93735094e-04 -1.13990635e-03
3.31050222e-04 -1.46211283e-02 -2.03995360e-03 -6.67567365e-05 3.12163238e-03 -5.33287693e-03 2.24540709e-03 -1.17988503e-02 2.64164037e-03 -2.31151050e-03 6.47912361e-03 2.04310217e-03 7.00106937e-03 1.21293787e-03 2.13093404e-03 2.71789217e-03
-1.82540354e-03 1.50671620e-02 1.92256900e-03 2.65647104e-05 -2.70517915e-03 4.63221455e-03 -1.93836947e-03 1.01813860e-02 -2.30034697e-03 2.00384343e-03 -5.61774150e-03 -1.77154050e-03 -6.06978079e-03 -1.05138810e-03 -1.84682186e-03 -2.35554390e-03
-3.35565215e-04 1.36597613e-02 1.96199142e-03 6.20166247e-05 -3.00083403e-03 5.14047965e-03 -2.14793696e-03 1.13598444e-02 -2.55977921e-03 2.23230291e-03 -6.25728304e-03 -1.97378173e-03 -6.76280539e-03 -1.17137411e-03 -2.05731252e-03 -2.62404955e-03
-4.49078158e-03 5.62093593e-02 7.84644112e-03 8.49213102e-05 -1.18839024e-02 2.04034783e-02 -8.51733517e-03 4.50129434e-02 -1.01267332e-02 8.86371359e-03 -2.48487946e-02 -7.83480052e-03 -2.68470421e-02 -4.65090945e-03 -8.17003287e-03 -1.04205310e-02
2.35655438e-03 -8.55534300e-02 -1.26579115e-02 -1.16179907e-03 1.93477161e-02 -3.29272263e-02 1.38337016e-02 -7.31720552e-02 1.64845865e-02 -1.44632729e-02 4.05313186e-02 1.27847111e-02 4.38117683e-02 7.59110879e-03 1.33371148e-02 1.70107428e-02
-7.07435247e-04 5.72091900e-03 7.17992778e-04 -2.56826388e-05 -9.72325564e-04 1.67840160e-03 -6.99578261e-04 3.68050230e-03 -8.27995536e-04 7.19979755e-04 -2.01875833e-03 -6.36449317e-04 -2.18064641e-03 -3.77664226e-04 -6.63304294e-04 -8.46025243e-04
-8.29889730e-04 2.67695785e-02 4.11780970e-03 2.73096550e-04 -6.40620152e-03 1.09301973e-02 -4.58591618e-03 2.42405906e-02 -5.46734594e-03 4.79122763e-03 -1.34275574e-02 -4.23522014e-03 -1.45131433e-02 -2.51451042e-03 -4.41764947e-03 -5.63447364e-03
6.11299940e-04 -1.54765416e-02 -2.09174561e-03 2.98691884e-05 3.26486188e-03 -5.58220083e-03 2.34911824e-03 -1.23765385e-02 2.77433824e-03 -2.42582988e-03 6.79906085e-03 2.14412366e-03 7.34718889e-03 1.27282215e-03 2.23599002e-03 2.85189762e-03
-2.94034289e-05 8.16911366e-03 1.20849768e-03 5.73655561e-05 -1.84550171e-03 3.16315051e-03 -1.32815575e-03 6.99288445e-03 -1.57295796e-03 1.37563166e-03 -3.85536673e-03 -1.21593324e-03 -4.16668504e-03 -7.21851073e-04 -1.26813713e-03 -1.61744433e-03
9.30123322e-04 -1.12294229e-02 -1.68877654e-03 -1.00328369e-04 2.55244086e-03 -4.36124159e-03 1.82555569e-03 -9.64971911e-03 2.17735604e-03 -1.90905365e-03 5.34972688e-03 1.68749865e-03 5.78278024e-03 1.00194139e-03 1.76033017e-03 2.24520289e-03
-1.14633807e-03 1.53311864e-02 2.14474835e-03 9.43650084e-05 -3.22683062e-03 5.49704395e-03 -2.30869721e-03 1.21934786e-02 -2.74397270e-03 2.40455265e-03 -6.73856586e-03 -2.12538149e-03 -7.28324801e-03 -1.26186956e-03 -2.21694191e-03 -2.82758847e-03
-2.85072997e-03 8.89586061e-02 1.24948760e-02 6.95478346e-04 -1.91981550e-02 3.27605717e-02 -1.37918852e-02 7.26637468e-02 -1.63649078e-02 1.43502001e-02 -4.02155444e-02 -1.26845436e-02 -4.34675440e-02 -7.53115909e-03 -1.32316435e-02 -1.68762207e-02
-4.08364832e-03 5.30553907e-02 7.34910322e-03 3.70497553e-04 -1.12517523e-02 1.92585103e-02 -8.06147512e-03 4.25490364e-02 -9.59091447e-03 8.40046350e-03 -2.35466920e-02 -7.42516387e-03 -2.54443921e-02 -4.40822123e-03 -7.74448924e-03 -9.87768918e-03
5.64342644e-03 -8.13162327e-02 -1.03047276e-02 -7.42098782e-05 1.49513492e-02 -2.55753547e-02 1.07259881e-02 -5.65199181e-02 1.26852505e-02 -1.10980598e-02 3.11315525e-02 9.81008168e-03 3.36165652e-02 5.82317030e-03 1.02286851e-02 1.30462842e-02
2.94455304e-03 7.37986900e-03 1.58397108e-03 3.32309952e-04 -2.74866563e-03 4.66484018e-03 -1.96781871e-03 1.04420250e-02 -2.36044219e-03 2.07908917e-03 -5.82522899e-03 -1.83776452e-03 -6.29834132e-03 -1.09142833e-03 -1.91784708e-03 -2.44608335e-03
6.50799787e-03 -7.67538399e-02 -1.04809394e-02 -5.61042863e-04 1.57821700e-02 -2.69846097e-02 1.13126654e-02 -5.96886687e-02 1.34589924e-02 -1.17884213e-02 3.30444239e-02 1.04205972e-02 3.57085690e-02 6.18656073e-03 1.08687961e-02 1.38625717e-02
-1.47512683e-03 3.12037952e-02 4.24388424e-03 2.86636932e-04 -6.44789496e-03 1.10031338e-02 -4.61279834e-03 2.43793204e-02 -5.49662206e-03 4.81744390e-03 -1.35015752e-02 -4.25835280e-03 -1.45922517e-02 -2.52827164e-03 -4.44189878e-03 -5.66539727e-03
2.33599823e-03 -4.43681479e-02 -6.20008772e-03 -2.41482019e-04 9.20380745e-03 -1.57965608e-02 6.58982806e-03 -3.47517543e-02 7.83550926e-03 -6.85881684e-03 1.92241203e-02 6.06290204e-03 2.07756944e-02 3.59944045e-03 6.32354058e-03 8.06535222e-03
2.37921299e-03 -5.46138100e-02 -7.99631141e-03 -6.12112461e-04 1.23324208e-02 -2.10546665e-02 8.84217117e-03 -4.67273816e-02 1.05337761e-02 -9.23321117e-03 2.58773807e-02 8.16193409e-03 2.79689990e-02 4.84588416e-03 8.51370580e-03 1.08587630e-02
-2.05565616e-03 1.48289260e-02 1.84510066e-03 -2.68813164e-06 -2.46806839e-03 4.21694480e-03 -1.77368114e-03 9.33213346e-03 -2.09389464e-03 1.82658958e-03 -5.11925854e-03 -1.61481067e-03 -5.53327799e-03 -9.58624529e-04 -1.68413774e-03 -2.14802567e-03
-8.14920815e-04 3.96079533e-02 5.68534900e-03 4.54514462e-04 -8.65353458e-03 1.47623233e-02 -6.20628009e-03 3.27672251e-02 -7.38074630e-03 6.47297176e-03 -1.81405228e-02 -5.72178280e-03 -1.96065418e-02 -3.39713483e-03 -5.96853346e-03 -7.61253014e-03
-8.23550101e-04 1.89259220e-02 2.67064944e-03 6.10025745e-05 -4.00754483e-03 6.85002934e-03 -2.87642609e-03 1.51629802e-02 -3.41226277e-03 2.98466696e-03 -8.36648233e-03 -2.63830088e-03 -9.04045627e-03 -1.56612543e-03 -2.75121420e-03 -3.50904767e-03
-5.85398928e-04 -3.73391472e-02 -6.09111367e-03 -5.78021863e-04 9.60285682e-03 -1.63946077e-02 6.88147405e-03 -3.64309140e-02 8.20969138e-03 -7.19942851e-03 2.01748814e-02 6.36379560e-03 2.18080413e-02 3.77853075e-03 6.63848780e-03 8.46702047e-03
-5.72681334e-03 7.53657669e-02 9.87108890e-03 -3.67661123e-04 -1.42127583e-02 2.42050458e-02 -1.02086533e-02 5.35584800e-02 -1.20930746e-02 1.05557609e-02 -2.96062566e-02 -9.33661778e-03 -3.19728665e-02 -5.53990714e-03 -9.72885638e-03 -1.24089541e-02
1.12252636e-03 -3.31019312e-02 -4.96566202e-03 -4.02674690e-04 7.82375783e-03 -1.33269662e-02 5.59985731e-03 -2.96363179e-02 6.68219849e-03 -5.85996779e-03 1.64216775e-02 5.18001150e-03 1.77510493e-02 3.07560735e-03 5.40357828e-03 6.89196447e-03
1.44893094e-03 -1.73830763e-02 -2.32900493e-03 -1.10772016e-04 3.58219328e-03 -6.13998761e-03 2.56967242e-03 -1.36334393e-02 3.04426602e-03 -2.66644196e-03 7.47372722e-03 2.35681352e-03 8.07611644e-03 1.39911636e-03 2.45791837e-03 3.13495332e-03
-8.30645295e-05 -1.97091494e-02 -3.15214600e-03 -2.97557854e-04 4.97542555e-03 -8.49176385e-03 3.56641901e-03 -1.88569631e-02 4.25140420e-03 -3.72865144e-03 1.04497215e-02 3.29595176e-03 1.12946676e-02 1.95694738e-03 3.43818241e-03 4.38521197e-03
7.06804357e-03 -1.05881527e-01 -1.52317910e-02 -4.66701458e-04 2.24508625e-02 -3.83680835e-02 1.61060598e-02 -8.51344466e-02 1.91686060e-02 -1.67582259e-02 4.69820835e-02 1.48147475e-02 5.07631674e-02 8.79415963e-03 1.54488059e-02 1.97042190e-02
-2.91284733e-03 4.54843640e-02 6.27218140e-03 -3.37163801e-05 -8.56304541e-03 1.47586782e-02 -6.16979273e-03 3.24464478e-02 -7.31205661e-03 6.36191107e-03 -1.78458523e-02 -5.62599674e-03 -1.92758851e-02 -3.33789876e-03 -5.86202880e-03 -7.47695658e-03
1.55328948e-03 -2.78513562e-02 -3.94670898e-03 -1.78861519e-04 5.94602432e-03 -1.01743797e-02 4.27358318e-03 -2.25674547e-02 5.07248752e-03 -4.44064429e-03 1.24476468e-02 3.92528344e-03 1.34506961e-02 2.33030156e-03 4.09389287e-03 5.22154849e-03
-8.42944079e-04 2.19332296e-02 3.13059962e-03 1.79866591e-04 -4.75461828e-03 8.13033339e-03 -3.40369204e-03 1.79625247e-02 -4.04922338e-03 3.54652060e-03 -9.93912946e-03 -3.13467439e-03 -1.07422210e-02 -1.86117587e-03 -3.26987286e-03 -4.17054351e-03
-1.60380296e-04 5.22941677e-03 5.67299023e-04 -1.52265711e-05 -8.14163359e-04 1.41827646e-03 -5.81465894e-04 3.05076269e-03 -6.88568398e-04 6.02694403e-04 -1.68950355e-03 -5.32624661e-04 -1.82504347e-03 -3.16186924e-04 -5.55490609e-04 -7.08497304e-04
3.00055766e-03 -5.59394062e-02 -8.31063278e-03 -4.89600818e-04 1.26599101e-02 -2.16625612e-02 9.04640835e-03 -4.78501171e-02 1.07883085e-02 -9.45344474e-03 2.64912955e-02 8.35561380e-03 2.86330860e-02 4.96097887e-03 8.71575531e-03 1.11164767e-02
2.98429071e-03 -3.10217477e-02 -4.37576650e-03 4.36430826e-04 6.55414118e-03 -1.11771096e-02 4.69658989e-03 -2.48295572e-02 5.58497105e-03 -4.88238968e-03 1.36830872e-02 4.31583030e-03 1.47882579e-02 2.56206840e-03 4.50109411e-03 5.74090518e-03
9.22479853e-03 -1.77775800e-01 -2.37590224e-02 -2.83156522e-04 3.53373066e-02 -6.02367222e-02 2.54872609e-02 -1.33496776e-01 3.01076137e-02 -2.62849517e-02 7.36691728e-02 2.32337788e-02 7.96207711e-02 1.37940962e-02 2.42341813e-02 3.09093762e-02
-1.80105667e-03 6.92518726e-02 1.03712864e-02 4.40982694e-04 -1.60886496e-02 2.73624435e-02 -1.15075791e-02 6.08036555e-02 -1.37116117e-02 1.20249009e-02 -3.37001570e-02 -1.06295012e-02 -3.64258178e-02 -6.31121593e-03 -1.10882232e-02 -1.41424173e-02
3.46556585e-03 -5.06507792e-02 -7.03502400e-03 -1.82125019e-04 1.06617743e-02 -1.82743296e-02 7.65690440e-03 -4.04481813e-02 9.06101614e-03 -7.93881249e-03 2.22484302e-02 7.01536192e-03 2.40405295e-02 4.16483171e-03 7.31675560e-03 9.33215767e-03
-8.02256749e-04 1.44557171e-02 2.07209471e-03 1.34129223e-04 -3.05850804e-03 5.22995647e-03 -2.19336292e-03 1.15835266e-02 -2.60936585e-03 2.28824653e-03 -6.41249539e-03 -2.02264753e-03 -6.93129981e-03 -1.20094360e-03 -2.10996787e-03 -2.69114599e-03
3.36708967e-03 -8.85611176e-02 -1.28972977e-02 -6.82193029e-04 1.94437243e-02 -3.31198834e-02 1.39017254e-02 -7.34429806e-02 1.65663548e-02 -1.45161701e-02 4.06812839e-02 1.28312539e-02 4.39700484e-02 7.61819305e-03 1.33842146e-02 1.70708336e-02
5.49652241e-03 -1.54496029e-01 -2.17649452e-02 -1.78256701e-03 3.32065783e-02 -5.67226522e-02 2.37761084e-02 -1.25923246e-01 2.83068605e-02 -2.48285104e-02 6.95813894e-02 2.19468568e-02 7.52083212e-02 1.30309649e-02 2.28943564e-02 2.92004813e-02
-7.26287544e-04 2.03891136e-02 3.02746054e-03 -3.55124357e-05 -4.60195309e-03 7.88986776e-03 -3.30230151e-03 1.74227059e-02 -3.92413000e-03 3.43392324e-03 -9.62172169e-03 -3.03496001e-03 -1.03999786e-02 -1.80177076e-03 -3.16525484e-03 -4.03713202e-03
5.35536744e-03 -1.89942017e-01 -2.66549978e-02 -1.44611695e-03 4.13423441e-02 -7.06557333e-02 2.96936221e-02 -1.56563371e-01 3.53046693e-02 -3.09429206e-02 8.67203102e-02 2.73510609e-02 9.37259942e-02 1.62391122e-02 2.85305027e-02 3.63890827e-02
-1.53113436e-03 -2.02173274e-02 -3.31442873e-03 -3.47825640e-04 5.32590877e-03 -9.07835364e-03 3.81479156e-03 -2.01884378e-02 4.55107167e-03 -3.99425393e-03 1.11929569e-02 3.53072165e-03 1.20994151e-02 2.09643459e-03 3.68331652e-03 4.69786441e-03
3.02742817e-03 -3.13135684e-02 -4.50053019e-03 -2.32710881e-04 6.81554340e-03 -1.16695631e-02 4.87576379e-03 -2.57431865e-02 5.78450924e-03 -5.06835571e-03 1.42049808e-02 4.47979150e-03 1.53515311e-02 2.65976298e-03 4.67286306e-03 5.95997926e-03
-1.87791977e-03 2.47605667e-02 3.47535266e-03 5.84296649e-05 -5.21163596e-03 8.91251303e-03 -3.73772904e-03 1.97480004e-02 -4.43694182e-03 3.86379054e-03 -1.08294850e-02 -3.41590168e-03 -1.17062936e-02 -2.02713767e-03 -3.55997658e-03 -4.54071350e-03
8.72176024e-04 -4.00981829e-02 -5.74301789e-03 -2.66875053e-04 8.86701979e-03 -1.51540739e-02 6.35117572e-03 -3.35898958e-02 7.55467825e-03 -6.62475731e-03 1.85660440e-02 5.85583132e-03 2.00666469e-02 3.47678782e-03 6.10840740e-03 7.79093429e-03
-1.14005047e-03 2.05081683e-02 3.00077070e-03 1.63594086e-05 -4.45188349e-03 7.58710038e-03 -3.19320965e-03 1.68449562e-02 -3.79388616e-03 3.31524387e-03 -9.29396041e-03 -2.93059833e-03 -1.00420769e-02 -1.73964747e-03 -3.05605261e-03 -3.89785226e-03
3.39419115e-04 -3.78306257e-03 -6.20481209e-04 -7.05231287e-05 9.82881407e-04 -1.67439261e-03 7.04033591e-04 -3.72742815e-03 8.40572815e-04 -7.37806608e-04 2.06754636e-03 6.52190531e-04 2.23499513e-03 3.87253443e-04 6.80383353e-04 8.67790834e-04
-2.36228714e-03 4.85471301e-02 6.94700424e-03 3.71281785e-04 -1.05334632e-02 1.79690290e-02 -7.53922528e-03 3.99049036e-02 -8.98535550e-03 7.88037293e-03 -2.20834948e-02 -6.96564186e-03 -2.38703601e-02 -4.13588900e-03 -7.26645719e-03 -9.26796068e-03
6.69235422e-04 -1.75801627e-02 -2.23993603e-03 1.16781302e-04 3.34190694e-03 -5.75006520e-03 2.39418680e-03 -1.25970505e-02 2.83351564e-03 -2.47831619e-03 6.94590062e-03 2.19037966e-03 7.50554679e-03 1.30027079e-03 2.28424929e-03 2.91344686e-03
2.96094548e-03 -3.68362963e-02 -5.27656171e-03 -1.47086772e-04 7.72314984e-03 -1.32130589e-02 5.53437462e-03 -2.92546675e-02 6.59176847e-03 -5.76542551e-03 1.61609948e-02 5.09628747e-03 1.74627285e-02 3.02530220e-03 5.31464629e-03 6.77857455e-03
-3.03994573e-04 -7.84804812e-04 -3.86455678e-04 -1.11827554e-04 6.85411622e-04 -1.15283486e-03 4.92658291e-04 -2.61765625e-03 5.96332946e-04 -5.26294229e-04 1.47419691e-03 4.65307297e-04 1.59478828e-03 2.76385545e-04 4.85654891e-04 6.19423401e-04
4.67050675e-04 -4.25449982e-02 -6.24146080e-03 -2.78978609e-04 9.41660069e-03 -1.59973465e-02 6.72358973e-03 -3.55096459e-02 8.00450146e-03 -7.01697683e-03 1.96646638e-02 6.20271079e-03 2.12556217e-02 3.68281337e-03 6.47042505e-03 8.25266540e-03
-3.30926850e-03 9.17796120e-02 1.27774738e-02 6.95001159e-04 -1.95694696e-02 3.33436020e-02 -1.40514718e-02 7.41540268e-02 -1.66906063e-02 1.46176191e-02 -4.09658663e-02 -1.29217254e-02 -4.42793928e-02 -7.67182559e-03 -1.34785697e-02 -1.71911847e-02
-1.47260597e-03 4.54509035e-02 6.43475959e-03 2.62165762e-04 -1.00482283e-02 1.71683803e-02 -7.19011808e-03 3.79891023e-02 -8.54280870e-03 7.48747587e-03 -2.09829193e-02 -6.61772164e-03 -2.26763934e-02 -3.92880663e-03 -6.90228073e-03 -8.80349614e-03
