1.10269058e-02 2.56783422e-02 -1.29462639e-03 1.87068228e-02 -5.56864077e-03 1.44503620e-02 2.07426939e-02 -3.69218066e-02 8.21414229e-04 1.06374426e-02 -2.85739712e-02 -7.07968464e-03 -1.19963358e-03 -4.16933373e-03 -3.26666422e-02 -2.69136764e-03
7.61732366e-03 1.87377594e-02 -9.58682096e-04 1.31928073e-02 -3.95993004e-03 1.02817379e-02 1.48086110e-02 -2.63955574e-02 5.84339607e-04 7.60742277e-03 -2.04293225e-02 -5.06167626e-03 -8.57809267e-04 -2.98121409e-03 -2.33577881e-02 -1.92441943e-03
-1.42396465e-02 -3.39046866e-02 1.92669383e-03 -2.62440778e-02 7.62276771e-03 -1.99304987e-02 -2.86283456e-02 5.10573946e-02 -1.12748961e-03 -1.47055993e-02 3.95051204e-02 9.78834368e-03 1.65895384e-03 5.76528627e-03 4.51710001e-02 3.72157339e-03
-9.37802624e-03 -2.24767867e-02 9.53759358e-04 -1.56161748e-02 4.61240392e-03 -1.18724108e-02 -1.68997962e-02 3.00467573e-02 -6.65830099e-04 -8.65307637e-03 2.32283492e-02 5.75384451e-03 9.74621158e-04 3.38804862e-03 2.65450962e-02 2.18705926e-03
-1.77628770e-02 -4.52767462e-02 1.95878977e-03 -3.15311775e-02 9.43139661e-03 -2.42745932e-02 -3.35788541e-02 5.97899072e-02 -1.33777200e-03 -1.72333028e-02 4.61063534e-02 1.14261433e-02 1.93366513e-03 6.72564283e-03 5.26936315e-02 4.34180489e-03
9.60414298e-03 2.48893015e-02 -1.16999960e-03 1.72247533e-02 -5.06001245e-03 1.32510457e-02 1.88367311e-02 -3.35416794e-02 7.43143144e-04 9.65870265e-03 -2.59383246e-02 -6.42681960e-03 -1.08894520e-03 -3.78483953e-03 -2.96540279e-02 -2.44317437e-03
-1.54520068e-02 -3.80333439e-02 1.96106778e-03 -2.74529625e-02 8.27045832e-03 -2.15666499e-02 -3.08074113e-02 5.50062805e-02 -1.21143949e-03 -1.58536360e-02 4.25946638e-02 1.05536850e-02 1.78898091e-03 6.21663779e-03 4.87075709e-02 4.01292322e-03
-8.26021004e-03 -2.11635865e-02 8.92452372e-04 -1.48361949e-02 4.28337278e-03 -1.09949633e-02 -1.56162279e-02 2.77511664e-02 -6.20553328e-04 -8.00538063e-03 2.14745961e-02 5.32026775e-03 9.00705345e-04 3.13184806e-03 2.45377589e-02 2.02171947e-03
1.68649070e-02 4.25696820e-02 -1.78998837e-03 2.71066017e-02 -7.92357232e-03 2.09541172e-02 2.99083926e-02 -5.33443615e-02 1.18415896e-03 1.53835593e-02 -4.13114876e-02 -1.02334004e-02 -1.73379458e-03 -6.02638209e-03 -4.72162291e-02 -3.89014021e-03
1.32432114e-02 3.33831012e-02 -1.25563715e-03 2.18662284e-02 -6.76409714e-03 1.71423201e-02 2.44152341e-02 -4.33999896e-02 9.62184335e-04 1.24334721e-02 -3.33851576e-02 -8.27222783e-03 -1.40074396e-03 -4.87001007e-03 -3.81562747e-02 -3.14374059e-03
1.11022936e-02 2.82843299e-02 -1.39692321e-03 1.96847096e-02 -5.89594338e-03 1.51905362e-02 2.17416864e-02 -3.87760773e-02 8.54560814e-04 1.11655714e-02 -2.99898610e-02 -7.43032945e-03 -1.25923846e-03 -4.37631644e-03 -3.42884026e-02 -2.82498100e-03
9.34974104e-03 2.15818100e-02 -1.03399367e-03 1.52941961e-02 -4.55854135e-03 1.17462091e-02 1.68883465e-02 -3.00779343e-02 6.65453204e-04 8.66190437e-03 -2.32695974e-02 -5.76584274e-03 -9.76864714e-04 -3.39537463e-03 -2.66026501e-02 -2.19178922e-03
-8.80125817e-03 -2.09552851e-02 9.03654029e-04 -1.40976999e-02 4.27407864e-03 -1.09829595e-02 -1.57057010e-02 2.79874150e-02 -6.20197272e-04 -8.06666818e-03 2.16632094e-02 5.36756171e-03 9.09390743e-04 3.16081452e-03 2.47648377e-02 2.04036082e-03
-8.87429994e-03 -2.24571601e-02 8.46392417e-04 -1.44053558e-02 4.38400777e-03 -1.11005381e-02 -1.57513432e-02 2.79739965e-02 -6.29994553e-04 -8.04435089e-03 2.15969793e-02 5.35175577e-03 9.06195783e-04 3.15062981e-03 2.46849172e-02 2.03382270e-03
-2.57542543e-02 -5.92682026e-02 1.65817665e-03 -3.64426933e-02 1.06876418e-02 -2.79990416e-02 -3.99580225e-02 7.10447505e-02 -1.58766576e-03 -2.04430241e-02 5.49248867e-02 1.36095928e-02 2.30630860e-03 8.01532622e-03 6.28000572e-02 5.17399283e-03
1.64000914e-02 4.30890843e-02 -1.47583499e-03 2.63398271e-02 -7.86703452e-03 2.05727257e-02 2.93146297e-02 -5.20227291e-02 1.15543895e-03 1.49896313e-02 -4.02378514e-02 -9.97146592e-03 -1.68915768e-03 -5.87076135e-03 -4.59968373e-02 -3.78965540e-03
5.33411279e-03 1.31126605e-02 -6.53461611e-04 9.50657390e-03 -2.77166255e-03 7.17008067e-03 1.02102561e-02 -1.81866083e-02 4.00627527e-04 5.22581581e-03 -1.40364124e-02 -3.47780134e-03 -5.89377654e-04 -2.04831036e-03 -1.60484798e-02 -1.32221275e-03
7.88703561e-03 1.96911469e-02 -8.19160428e-04 1.30135193e-02 -3.89268668e-03 9.93351359e-03 1.41819138e-02 -2.52384637e-02 5.65037655e-04 7.26410840e-03 -1.94965564e-02 -4.83050384e-03 -8.17935332e-04 -2.84395879e-03 -2.22818647e-02 -1.83585903e-03
-6.12925924e-03 -1.58443581e-02 4.98485286e-04 -9.67865251e-03 2.86735501e-03 -7.28220865e-03 -1.03324708e-02 1.82621814e-02 -4.10950743e-04 -5.25527261e-03 1.40901636e-02 3.49030341e-03 5.90579060e-04 2.05405732e-03 1.60931200e-02 1.32598588e-03
-4.66909558e-02 -1.08202085e-01 4.89430781e-03 -7.26525113e-02 2.22571567e-02 -5.73754609e-02 -8.05004910e-02 1.43456906e-01 -3.16202268e-03 -4.13404517e-02 1.10937409e-01 2.74807718e-02 4.65460122e-03 1.61790866e-02 1.26761347e-01 1.04439100e-02
-4.56739450e-03 -1.03388457e-02 5.20549715e-04 -7.48369098e-03 2.23927130e-03 -5.82360011e-03 -8.34614225e-03 1.48745542e-02 -3.27885558e-04 -4.28018812e-03 1.14992475e-02 2.84917327e-03 4.82869713e-04 1.67809427e-03 1.31478719e-02 1.08323339e-03
-1.41284857e-02 -3.53477970e-02 1.28211128e-03 -2.08746511e-02 6.04865141e-03 -1.53579926e-02 -2.17658188e-02 3.85621712e-02 -8.57769919e-04 -1.11007523e-02 2.97997780e-02 7.38317287e-03 1.25003397e-03 4.34631715e-03 3.40527594e-02 2.80568562e-03
-8.68065841e-03 -2.36617681e-02 9.75989329e-04 -1.52583662e-02 4.51048883e-03 -1.16468612e-02 -1.66683011e-02 2.96044759e-02 -6.58458855e-04 -8.52670707e-03 2.28832494e-02 5.66959893e-03 9.59986588e-04 3.33780865e-03 2.61511654e-02 2.15467135e-03
-8.32508039e-03 -2.00208053e-02 1.28533028e-03 -1.66347567e-02 4.93543781e-03 -1.30565157e-02 -1.88125633e-02 3.36192474e-02 -7.38841249e-04 -9.68779065e-03 2.60347221e-02 6.45087706e-03 1.09351962e-03 3.79989855e-03 2.97722220e-02 2.45287619e-03
2.80354428e-03 6.99706608e-03 -3.74503172e-04 5.38728107e-03 -1.55908661e-03 4.03265515e-03 5.75656211e-03 -1.02584921e-02 2.26588250e-04 2.95426138e-03 -7.93527160e-03 -1.96601101e-03 -3.33156611e-04 -1.15788530e-03 -9.07200761e-03 -7.47433689e-04
-1.62899699e-02 -4.17574197e-02 1.68619468e-03 -2.72085834e-02 8.18558689e-03 -2.09788084e-02 -3.00500933e-02 5.34934551e-02 -1.18176837e-03 -1.53835621e-02 4.13170569e-02 1.02379620e-02 1.73451053e-03 6.02889666e-03 4.72361930e-02 3.89175513e-03
-3.19660641e-03 -7.88898487e-03 3.49151960e-04 -5.65414736e-03 1.67291600e-03 -4.31431876e-03 -6.13147067e-03 1.09193511e-02 -2.42683804e-04 -3.14762886e-03 8.45165923e-03 2.09341152e-03 3.54609801e-04 1.23268797e-03 9.65811405e-03 7.95730448e-04
7.17932591e-03 1.94941834e-02 -8.29427852e-04 1.25876730e-02 -3.71354329e-03 9.77842417e-03 1.38945635e-02 -2.47984715e-02 5.47434844e-04 7.14791194e-03 -1.92011930e-02 -4.75698523e-03 -8.06236116e-04 -2.80185486e-03 -2.19525490e-02 -1.80863542e-03
-4.06317152e-02 -1.03990272e-01 3.99193494e-03 -6.59462437e-02 1.93644445e-02 -5.00680916e-02 -7.15258121e-02 1.27139941e-01 -2.82110344e-03 -3.65821123e-02 9.83213559e-02 2.43641324e-02 4.12438484e-03 1.43382866e-02 1.12338297e-01 9.25551355e-03
8.54751188e-03 2.07370818e-02 -9.59672732e-04 1.50217172e-02 -4.43981728e-03 1.14407875e-02 1.63711794e-02 -2.92098075e-02 6.46674132e-04 8.41376930e-03 -2.25935988e-02 -5.59786893e-03 -9.48466361e-04 -3.29658529e-03 -2.58286353e-02 -2.12800573e-03
1.21077783e-02 3.06284912e-02 -1.62642566e-03 2.17247568e-02 -6.50413288e-03 1.70573536e-02 2.45539043e-02 -4.38422002e-02 9.67122905e-04 1.26207564e-02 -3.39044482e-02 -8.40106234e-03 -1.42398791e-03 -4.94862814e-03 -3.87723744e-02 -3.19439871e-03
-2.07393318e-02 -5.36907576e-02 1.91277172e-03 -3.50302830e-02 1.05812177e-02 -2.79530007e-02 -3.94983739e-02 7.04232007e-02 -1.55618263e-03 -2.02598330e-02 5.44108152e-02 1.34776328e-02 2.28278292e-03 7.93489814e-03 6.21691346e-02 5.12210280e-03
5.23236394e-03 1.31753888e-02 -7.90234946e-04 1.08068353e-02 -3.18759470e-03 8.32507573e-03 1.19670685e-02 -2.13698745e-02 4.70531959e-04 6.15346944e-03 -1.65347680e-02 -4.09719115e-03 -6.94473565e-04 -2.41337344e-03 -1.89088155e-02 -1.55786693e-03
-1.12171574e-02 -2.84707732e-02 1.35838625e-03 -1.96812451e-02 6.00012019e-03 -1.54580548e-02 -2.23564506e-02 3.98093536e-02 -8.77623679e-04 -1.14603434e-02 3.08046825e-02 7.63115566e-03 1.29352650e-03 4.49498417e-03 3.52182798e-02 2.90157157e-03
-1.41960438e-02 -3.66779119e-02 1.13875046e-03 -2.17777733e-02 7.03650899e-03 -1.73405837e-02 -2.43784748e-02 4.25320640e-02 -9.69100976e-04 -1.21826883e-02 3.27163413e-02 8.08544457e-03 1.36886362e-03 4.76002647e-03 3.72935385e-02 3.07260151e-03
5.99455321e-03 1.58734992e-02 -6.62368489e-04 1.01850582e-02 -3.06110620e-03 7.92161003e-03 1.12142600e-02 -1.99285317e-02 4.44009871e-04 5.74281113e-03 -1.54030398e-02 -3.81605537e-03 -6.46019413e-04 -2.24642991e-03 -1.76004842e-02 -1.45016029e-03
3.24241864e-03 7.88151473e-03 -8.63237510e-05 3.58558004e-03 -1.00730080e-03 2.50180624e-03 3.41499271e-03 -6.08057156e-03 1.39438154e-04 1.72559055e-03 -4.61664703e-03 -1.14304211e-03 -1.92897831e-04 -6.71811635e-04 -5.26341423e-03 -4.33664594e-04
6.07984513e-03 1.46830287e-02 -9.70037305e-04 1.27759576e-02 -3.83152813e-03 1.01432167e-02 1.46423290e-02 -2.61596013e-02 5.74192032e-04 7.53446808e-03 -2.02469844e-02 -5.01689687e-03 -8.50480748e-04 -2.95534520e-03 -2.31552068e-02 -1.90771802e-03
6.32786145e-03 1.50256688e-02 -8.39583518e-04 1.14721637e-02 -3.49658681e-03 8.98083765e-03 1.29198236e-02 -2.30495576e-02 5.07895777e-04 6.64007850e-03 -1.78431142e-02 -4.42097476e-03 -7.49337953e-04 -2.60403659e-03 -2.04026569e-02 -1.68094155e-03
-2.31644418e-03 -5.84732741e-03 2.21336901e-04 -3.47894570e-03 1.01265393e-03 -2.54043611e-03 -3.59624485e-03 6.35209680e-03 -1.42952995e-04 -1.82993792e-03 4.90857195e-03 1.21611916e-03 2.05981836e-04 7.16066745e-04 5.61032724e-03 4.62232536e-04
2.57637282e-03 6.20031916e-03 -3.65508196e-04 5.00721857e-03 -1.51009916e-03 3.91621422e-03 5.62103279e-03 -1.00300470e-02 2.21230643e-04 2.88881804e-03 -7.76112033e-03 -1.92294503e-03 -3.25886911e-04 -1.13257451e-03 -8.87371786e-03 -7.31094857e-04
2.90115131e-04 6.67030690e-04 -3.11085678e-05 4.93002532e-04 -1.48724066e-04 3.82928905e-04 5.52065903e-04 -9.83766397e-04 2.17059533e-05 2.83242174e-04 -7.60894036e-04 -1.88545833e-04 -3.19539286e-05 -1.11049696e-04 -8.70075310e-04 -7.16845170e-05
9.79702454e-03 2.53324546e-02 -1.12426199e-03 1.71232261e-02 -5.15167601e-03 1.32362200e-02 1.86524317e-02 -3.31886411e-02 7.33620778e-04 9.55600012e-03 -2.56569311e-02 -6.35576202e-03 -1.07691286e-03 -3.74292512e-03 -2.93256864e-02 -2.41612270e-03
-1.43153844e-02 -3.27952243e-02 1.35864259e-03 -2.33096816e-02 6.87932782e-03 -1.75974779e-02 -2.51013618e-02 4.47350182e-02 -9.93855298e-04 -1.28706200e-02 3.45581099e-02 8.56119860e-03 1.45047647e-03 5.04174409e-03 3.95018421e-02 3.25453305e-03
-9.53956565e-04 -2.61979015e-03 1.79929964e-04 -2.17099581e-03 6.50111644e-04 -1.69823435e-03 -2.43625115e-03 4.35195537e-03 -9.66414736e-05 -1.25203154e-03 3.36322258e-03 8.33492551e-04 1.41214783e-04 4.90867358e-04 3.84572987e-03 3.16855236e-04
-1.35357268e-02 -3.14192772e-02 1.54073210e-03 -2.27124784e-02 6.89463550e-03 -1.79052204e-02 -2.54291352e-02 4.53066453e-02 -1.00366760e-03 -1.30367205e-02 3.50080207e-02 8.67224485e-03 1.46956253e-03 5.10758255e-03 4.00177203e-02 3.29702161e-03
6.80772681e-03 1.74365565e-02 -8.61344393e-04 1.17130391e-02 -3.53619782e-03 9.19627398e-03 1.31391995e-02 -2.34032869e-02 5.16272325e-04 6.74741250e-03 -1.81060135e-02 -4.48590610e-03 -7.60301366e-04 -2.64225272e-03 -2.07022168e-02 -1.70562183e-03
-4.37986571e-03 -1.04999468e-02 5.54851489e-04 -7.79346377e-03 2.31755222e-03 -6.00129599e-03 -8.50876700e-03 1.51691912e-02 -3.35244345e-04 -4.37012222e-03 1.17260637e-02 2.90544075e-03 4.92267311e-04 1.71100639e-03 1.34056583e-02 1.10448478e-03
-9.60250571e-03 -2.37985067e-02 1.12656865e-03 -1.73272341e-02 4.83263470e-03 -1.25953322e-02 -1.75573714e-02 3.12238839e-02 -6.94338756e-04 -9.00443178e-03 2.41512172e-02 5.98336710e-03 1.01348374e-03 3.52307293e-03 2.76030023e-02 2.27422523e-03
1.42787192e-02 4.40266579e-02 -4.56607668e-04 2.16337480e-02 -6.73548831e-03 1.69359520e-02 2.41898410e-02 -4.28708382e-02 9.50063288e-04 1.23210922e-02 -3.30389738e-02 -8.18617828e-03 -1.38633454e-03 -4.81967255e-03 -3.77644561e-02 -3.11113568e-03
2.54088227e-04 7.88056524e-04 -3.79908124e-06 3.35914927e-04 -1.04211729e-04 2.63482099e-04 3.76310898e-04 -6.65729109e-04 1.48540112e-05 1.91469924e-04 -5.13968407e-04 -1.27322259e-04 -2.15693417e-05 -7.49779065e-05 -5.87452087e-04 -4.83993754e-05
-6.96430262e-03 -1.84540730e-02 7.42313452e-04 -1.19190440e-02 3.51607590e-03 -9.09615401e-03 -1.28907869e-02 2.29519866e-02 -5.10204583e-04 -6.61519170e-03 1.77620538e-02 4.40029334e-03 7.45511614e-04 2.59127445e-03 2.03026123e-02 1.67271483e-03
4.41854075e-03 1.07750967e-02 -4.90358798e-04 7.63060758e-03 -2.24259659e-03 5.89169841e-03 8.37400742e-03 -1.49130616e-02 3.31474992e-04 4.29254631e-03 -1.15283402e-02 -2.85574398e-03 -4.83792421e-04 -1.68165704e-03 -1.31756971e-02 -1.08554424e-03
8.23483686e-04 2.10425281e-03 -3.72466093e-05 7.46097532e-04 -2.13252322e-04 4.54461318e-04 5.91122021e-04 -1.02785625e-03 2.43297291e-05 2.94596131e-04 -7.85387063e-04 -1.94239212e-04 -3.27370035e-05 -1.14055198e-04 -8.93536489e-04 -7.36277943e-05
-2.73460988e-04 -1.11032045e-03 -1.41172641e-05 -6.49321591e-05 -2.82577239e-05 2.47322110e-04 4.61558433e-04 -8.80053267e-04 1.63513923e-05 2.58198823e-04 -7.06039311e-04 -1.75192705e-04 -2.99900021e-05 -1.03796687e-04 -8.13437800e-04 -6.70004229e-05
-5.98446466e-03 -1.39532983e-02 6.59330515e-04 -9.83055215e-03 2.92747607e-03 -7.66574545e-03 -1.08405687e-02 1.93512123e-02 -4.28521365e-04 -5.56670129e-03 1.49499383e-02 3.70283565e-03 6.27278583e-04 2.18036934e-03 1.70831420e-02 1.40748976e-03
2.59486656e-03 6.15793094e-03 -2.44813622e-04 4.23124619e-03 -1.21864607e-03 3.11357854e-03 4.41557867e-03 -7.84607045e-03 1.75843830e-04 2.25990522e-03 -6.05907431e-03 -1.50102749e-03 -2.53926089e-04 -8.83261149e-04 -6.92015840e-03 -5.70194446e-04
-2.99464772e-03 -7.81929865e-03 3.62261257e-04 -5.28633827e-03 1.59092678e-03 -4.02855035e-03 -5.79565670e-03 1.03203300e-02 -2.28515957e-04 -2.97182682e-03 7.98144378e-03 1.97747932e-03 3.35074583e-04 1.16457976e-03 9.12445504e-03 7.51755550e-04
-1.43321988e-03 -3.36582586e-03 3.14141857e-04 -3.62249464e-03 1.09611498e-03 -2.92439898e-03 -4.24060831e-03 7.58837210e-03 -1.66236263e-04 -2.18708604e-03 5.87881450e-03 1.45677698e-03 2.46981275e-04 8.58196989e-04 6.72401628e-03 5.53978840e-04
2.50635273e-03 6.63201092e-03 -1.46831182e-04 5.47192479e-03 -1.65476266e-03 4.38843016e-03 6.35719858e-03 -1.13732172e-02 2.49233999e-04 3.27725080e-03 -8.81009363e-03 -2.18306994e-03 -3.70136753e-04 -1.28610409e-03 -1.00767007e-02 -8.30198871e-04
8.53619259e-03 2.12883241e-02 -1.01567409e-03 1.53826447e-02 -4.61741956e-03 1.19654555e-02 1.71363316e-02 -3.05433776e-02 6.74159208e-04 8.79731122e-03 -2.36334950e-02 -5.85547369e-03 -9.92412097e-04 -3.44884815e-03 -2.70217396e-02 -2.22627982e-03
1.44921672e-02 3.96502092e-02 -1.22005516e-03 2.29888279e-02 -7.10898777e-03 1.83646102e-02 2.57683471e-02 -4.57203351e-02 1.02359569e-03 1.31639335e-02 -3.53423320e-02 -8.74916371e-03 -1.48137240e-03 -5.15040103e-03 -4.03521322e-02 -3.32467048e-03
1.17076049e-02 3.13567668e-02 -1.00057223e-03 1.88855827e-02 -5.72325848e-03 1.47103304e-02 2.06666365e-02 -3.66621204e-02 8.25457624e-04 1.05508408e-02 -2.82960963e-02 -7.01159937e-03 -1.18542300e-03 -4.12474759e-03 -3.23162265e-02 -2.66282260e-03
1.39331110e-02 3.47120427e-02 -1.66736695e-03 2.35757306e-02 -6.99803326e-03 1.81361474e-02 2.60805022e-02 -4.64299843e-02 1.02216913e-03 1.33617716e-02 -3.59003432e-02 -8.89432523e-03 -1.50749320e-03 -5.23878727e-03 -4.10459228e-02 -3.38171027e-03
-4.76254645e-04 -1.09495048e-03 -8.73377940e-05 2.53458929e-05 -1.67341259e-05 7.71809209e-05 1.42852601e-04 -2.68610573e-04 5.30995294e-06 7.75808076e-05 -2.10884886e-04 -5.23619783e-05 -8.94535333e-06 -3.09736242e-05 -2.42710259e-04 -1.99921669e-05
2.29680940e-04 4.15032730e-04 1.82488875e-04 -7.66758632e-04 2.28730802e-04 -6.93138281e-04 -1.03676936e-03 1.86989177e-03 -4.02375081e-05 -5.40882291e-04 1.45610783e-03 3.61030252e-04 6.13055745e-05 2.12845815e-04 1.66768383e-03 1.37390132e-04
7.16567738e-03 1.71855465e-02 -7.58959795e-04 1.17071485e-02 -3.47640063e-03 8.99749622e-03 1.29130650e-02 -2.29861513e-02 5.06301294e-04 6.61868928e-03 -1.77806392e-02 -4.40489221e-03 -7.46580306e-04 -2.59451196e-03 -2.03280542e-02 -1.67479576e-03
-2.36502700e-02 -6.56553507e-02 2.62682047e-03 -4.16268595e-02 1.19422423e-02 -3.15394700e-02 -4.45169359e-02 7.91964829e-02 -1.75782491e-03 -2.28206068e-02 6.12890795e-02 1.51820248e-02 2.56953249e-03 8.93538073e-03 7.00088292e-02 5.76861482e-03
1.51774462e-03 3.76423728e-03 -1.99733142e-04 2.81687919e-03 -8.44270631e-04 2.19297688e-03 3.14127351e-03 -5.60261868e-03 1.23561855e-04 1.61414035e-03 -4.33629192e-03 -1.07438455e-03 -1.82086034e-04 -6.32796553e-04 -4.95795766e-03 -4.08479187e-04
-1.29961787e-04 -6.98137330e-04 1.70343759e-04 -1.31051301e-03 3.96860414e-04 -1.07186672e-03 -1.56045263e-03 2.79712724e-03 -6.10549105e-05 -8.05890711e-04 2.16752128e-03 5.37126616e-04 9.11128882e-05 3.16515390e-04 2.47993250e-03 2.04311553e-04
-6.07990334e-03 -1.66728757e-02 3.53768934e-04 -1.01962341e-02 3.04666604e-03 -7.85710849e-03 -1.11641707e-02 1.98583696e-02 -4.43509722e-04 -5.72283007e-03 1.53580448e-02 3.80547508e-03 6.44238899e-04 2.24013720e-03 1.75515916e-02 1.44609471e-03
-8.24801996e-03 -1.98578183e-02 8.19027133e-04 -1.23595800e-02 3.71865090e-03 -9.37693939e-03 -1.34184873e-02 2.39061397e-02 -5.30204677e-04 -6.89054048e-03 1.85011178e-02 4.58378857e-03 7.76652072e-04 2.69939378e-03 2.11496372e-02 1.74249941e-03
1.33858272e-03 2.95914477e-03 -8.49944627e-05 1.41808367e-03 -4.17820149e-04 1.06753781e-03 1.52143161e-03 -2.69903499e-03 5.98407096e-05 7.77065172e-04 -2.08628387e-03 -5.16784494e-04 -8.75640180e-05 -3.04340239e-04 -2.38448568e-03 -1.96456167e-04
-4.02696605e-04 -8.22454866e-04 1.64124926e-04 -1.36454368e-03 4.01285826e-04 -1.13463006e-03 -1.67095801e-03 3.01423110e-03 -6.54138857e-05 -8.71219032e-04 2.34452891e-03 5.81149128e-04 9.86156156e-05 3.42521060e-04 2.68370565e-03 2.21098628e-04
-5.15504228e-03 -1.25800399e-02 6.64756168e-04 -9.42854583e-03 2.85839452e-03 -7.46790459e-03 -1.07489917e-02 1.91860702e-02 -4.23136546e-04 -5.52819530e-03 1.48550943e-02 3.68083408e-03 6.23875938e-04 2.16805376e-03 1.69867314e-02 1.39951054e-03
-1.05952600e-03 -2.83816527e-03 1.53716101e-04 -2.21933960e-03 6.68365450e-04 -1.73557480e-03 -2.48406525e-03 4.43433598e-03 -9.83239661e-05 -1.27742323e-03 3.43038654e-03 8.50120850e-04 1.43996411e-04 5.00566035e-04 3.92191391e-03 3.23129410e-04
1.14723295e-02 2.73943506e-02 -1.15461636e-03 1.83815155e-02 -5.30831143e-03 1.37771945e-02 1.94617994e-02 -3.46718505e-02 7.69388920e-04 9.98880249e-03 -2.68081315e-02 -6.64012646e-03 -1.12433988e-03 -3.90919251e-03 -3.06278933e-02 -2.52350862e-03
-1.70041043e-02 -4.27506119e-02 2.06672819e-03 -3.02081313e-02 9.28514730e-03 -2.39244923e-02 -3.44042331e-02 6.13937043e-02 -1.35065545e-03 -1.76778957e-02 4.75051291e-02 1.17700724e-02 1.99511787e-03 6.93307864e-03 5.43207899e-02 4.47539473e-03
-3.18881823e-04 -8.34330043e-04 4.42871678e-05 -6.33089861e-04 1.89297672e-04 -4.94847016e-04 -7.08217325e-04 1.26293255e-03 -2.79704218e-05 -3.63797008e-04 9.77044576e-04 2.42082533e-04 4.10154826e-05 1.42561461e-04 1.11696229e-03 9.20261300e-05
7.55004631e-03 1.71824656e-02 -9.63087310e-04 1.35865975e-02 -4.05325415e-03 1.05798179e-02 1.52031556e-02 -2.71386132e-02 5.98579994e-04 7.82000739e-03 -2.10107751e-02 -5.20595862e-03 -8.82324006e-04 -3.06628970e-03 -2.40243748e-02 -1.97933475e-03
-1.27170631e-03 -2.82190857e-03 1.46661769e-04 -2.10089306e-03 6.22724823e-04 -1.61336816e-03 -2.31761532e-03 4.12922166e-03 -9.11590760e-05 -1.18845806e-03 3.19185248e-03 7.90833030e-04 1.34002083e-04 4.65747406e-04 3.64911580e-03 3.00649350e-04
5.69764571e-03 1.52266547e-02 -6.14673714e-04 1.02125732e-02 -3.06499586e-03 7.87204131e-03 1.11680478e-02 -1.98094398e-02 4.41021635e-04 5.69910230e-03 -1.52977938e-02 -3.79020697e-03 -6.42047904e-04 -2.23182421e-03 -1.74862724e-02 -1.44068897e-03
-2.97339959e-03 -6.65101781e-03 3.03728710e-04 -5.10191545e-03 1.52061321e-03 -3.99567233e-03 -5.73965628e-03 1.02514550e-02 -2.25628915e-04 -2.95412820e-03 7.93869514e-03 1.96709926e-03 3.33445467e-04 1.15871674e-03 9.07857623e-03 7.47967977e-04
-1.95067702e-03 -4.75276355e-03 2.78053718e-04 -3.68514960e-03 1.11175212e-03 -2.88204732e-03 -4.14702343e-03 7.39958044e-03 -1.62943586e-04 -2.13116524e-03 5.72561659e-03 1.41865842e-03 2.40449837e-04 8.35608051e-04 6.54699001e-03 5.39396540e-04
1.47434641e-02 4.13434803e-02 -1.46197656e-03 2.52136122e-02 -7.43282959e-03 1.89794097e-02 2.70800199e-02 -4.78706397e-02 1.06414175e-03 1.37809534e-02 -3.69817652e-02 -9.16146301e-03 -1.55121344e-03 -5.39316330e-03 -4.22553271e-02 -3.48141743e-03
9.17668827e-03 2.17514411e-02 -8.57993960e-04 1.35333715e-02 -4.02753614e-03 1.03961127e-02 1.47230523e-02 -2.61891335e-02 5.82638953e-04 7.54872942e-03 -2.02632193e-02 -5.01847174e-03 -8.49865843e-04 -2.95467745e-03 -2.31496077e-02 -1.90731930e-03
-1.26807410e-02 -3.56102251e-02 1.34414667e-03 -2.09916551e-02 6.27299957e-03 -1.60685293e-02 -2.29790900e-02 4.09328192e-02 -9.02297441e-04 -1.17859608e-02 3.16654146e-02 7.84262735e-03 1.32888171e-03 4.61878488e-03 3.61880846e-02 2.98150745e-03
1.50017291e-02 3.77809033e-02 -1.80049276e-03 2.66117081e-02 -7.87514262e-03 2.00934839e-02 2.85675079e-02 -5.08603789e-02 1.12784526e-03 1.46307638e-02 -3.92936133e-02 -9.73619334e-03 -1.64974306e-03 -5.73383644e-03 -4.49243002e-02 -3.70127847e-03
-1.24252904e-02 -2.89190076e-02 1.15676899e-03 -1.77101176e-02 5.27662598e-03 -1.37207974e-02 -1.96131654e-02 3.49448621e-02 -7.72740634e-04 -1.00679751e-02 2.70508341e-02 6.70121936e-03 1.13552588e-03 3.94656230e-03 3.09212040e-02 2.54756445e-03
3.73425963e-03 9.35390685e-03 -4.19472926e-04 5.90382656e-03 -1.77805475e-03 4.63157799e-03 6.65195240e-03 -1.18755829e-02 2.61543144e-04 3.42140882e-03 -9.19419713e-03 -2.27801898e-03 -3.86136991e-04 -1.34182756e-03 -1.05132405e-02 -8.66167655e-04
-1.56356879e-02 -4.01946194e-02 1.61252206e-03 -2.48736180e-02 7.41541991e-03 -1.91261359e-02 -2.69426871e-02 4.79465313e-02 -1.06353976e-03 -1.38112837e-02 3.70969772e-02 9.19081457e-03 1.55728171e-03 5.41255483e-03 4.24072482e-02 3.49390530e-03
-8.40050448e-03 -1.96632147e-02 1.02920784e-03 -1.40922535e-02 4.21123346e-03 -1.10442704e-02 -1.58684328e-02 2.83063985e-02 -6.24595501e-04 -8.15362763e-03 2.19096933e-02 5.42846462e-03 9.19994549e-04 3.19722923e-03 2.50502974e-02 2.06385786e-03
-6.06554979e-03 -1.34762693e-02 4.70890198e-04 -8.70048255e-03 2.63209618e-03 -6.78991759e-03 -9.75099765e-03 1.73716899e-02 -3.84235667e-04 -4.99654235e-03 1.34274801e-02 3.32727190e-03 5.63928916e-04 1.95975252e-03 1.53546538e-02 1.26504491e-03
5.43122645e-03 1.42652672e-02 -6.10683055e-04 9.70529113e-03 -2.93882331e-03 7.63709424e-03 1.09585160e-02 -1.95063259e-02 4.30749846e-04 5.61755896e-03 -1.50888311e-02 -3.73834604e-03 -6.33427000e-04 -2.20134249e-03 -1.72475092e-02 -1.42099930e-03
3.40017676e-03 8.80100764e-03 -3.65057698e-04 5.85380197e-03 -1.73131598e-03 4.40119766e-03 6.25684857e-03 -1.11079607e-02 2.48122524e-04 3.19869863e-03 -8.58179573e-03 -2.12587859e-03 -3.59806290e-04 -1.25125528e-03 -9.80339479e-03 -8.07737408e-04
-2.08066627e-02 -5.01400121e-02 2.85582338e-03 -3.87393683e-02 1.14281010e-02 -3.00613381e-02 -4.30222526e-02 7.68386722e-02 -1.69202522e-03 -2.21277010e-02 5.94549850e-02 1.47318356e-02 2.49725441e-03 8.67790077e-03 6.79917410e-02 5.60170645e-03
1.29367858e-02 3.34351771e-02 -1.44029735e-03 2.18109470e-02 -6.32291567e-03 1.63377319e-02 2.35718172e-02 -4.20278609e-02 9.26575507e-04 1.21112512e-02 -3.25454175e-02 -8.06445163e-03 -1.36667036e-03 -4.74941218e-03 -3.72114815e-02 -3.06580425e-03
-3.93544137e-03 -1.00681968e-02 4.68623097e-04 -6.76783500e-03 2.00343109e-03 -5.18559292e-03 -7.44920177e-03 1.32944472e-02 -2.94371886e-04 -3.82905826e-03 1.02858534e-02 2.54875002e-03 4.31845430e-04 1.50096952e-03 1.17600309e-02 9.68902663e-04
7.19147036e-04 1.92435831e-03 -1.24990809e-04 1.59103959e-03 -4.83060197e-04 1.25877501e-03 1.80080382e-03 -3.21514602e-03 7.07421568e-05 9.24421824e-04 -2.48269504e-03 -6.15093100e-04 -1.04221821e-04 -3.62243445e-04 -2.83816527e-03 -2.33835148e-04
-2.56489404e-03 -6.09048270e-03 2.53956416e-04 -4.30989219e-03 1.28611759e-03 -3.34681408e-03 -4.76331869e-03 8.47534183e-03 -1.88118327e-04 -2.44139601e-03 6.55694585e-03 1.62420061e-03 2.75136408e-04 9.56380623e-04 7.49318022e-03 6.17362792e-04
-1.54416934e-02 -3.79693583e-02 1.20956625e-03 -2.49946080e-02 7.33299833e-03 -1.89296566e-02 -2.70304400e-02 4.81446721e-02 -1.07565708e-03 -1.38581907e-02 3.72099169e-02 9.21724271e-03 1.56030909e-03 5.42548299e-03 4.25079614e-02 3.50234704e-03
8.97881947e-03 2.45468114e-02 -8.73572193e-04 1.55163202e-02 -4.58014477e-03 1.18980575e-02 1.69250872e-02 -3.01238336e-02 6.70550449e-04 8.67626537e-03 -2.33007446e-02 -5.77299856e-03 -9.77669726e-04 -3.39881773e-03 -2.66294740e-02 -2.19401834e-03
-4.76022065e-03 -1.21299587e-02 4.32862173e-04 -7.74311647e-03 2.28773290e-03 -5.91169996e-03 -8.40947032e-03 1.49429636e-02 -3.32971656e-04 -4.29712096e-03 1.15347244e-02 2.85688858e-03 4.83653246e-04 1.68170908e-03 1.31759606e-02 1.08559721e-03
5.03620273e-03 1.28652658e-02 -5.73965895e-04 8.60765390e-03 -2.61758431e-03 6.65202178e-03 9.34572518e-03 -1.65729951e-02 3.73151124e-04 4.77457978e-03 -1.28048118e-02 -3.17105860e-03 -5.36801352e-04 -1.86679966e-03 -1.46260839e-02 -1.20509381e-03
-1.29722105e-03 -3.16798268e-03 1.98862355e-04 -3.45595181e-03 1.04857248e-03 -2.81836209e-03 -4.20192163e-03 7.55103491e-03 -1.63902092e-04 -2.17270758e-03 5.84820192e-03 1.44981127e-03 2.45998293e-04 8.54485144e-04 6.69501256e-03 5.51579986e-04
-8.87446851e-03 -2.20909342e-02 9.05147172e-04 -1.48084387e-02 4.42687469e-03 -1.13560837e-02 -1.59473158e-02 2.84279734e-02 -6.32578856e-04 -8.19476973e-03 2.19862126e-02 5.44708129e-03 9.22743871e-04 3.20755853e-03 2.51309481e-02 2.07054964e-03
-2.69120268e-04 -5.06680575e-04 -5.22806877e-05 1.78323535e-05 -9.00567247e-05 3.09683965e-04 4.79628157e-04 -8.76070117e-04 1.72994951e-05 2.54883693e-04 -6.90300192e-04 -1.71013016e-04 -2.91624328e-05 -1.01085927e-04 -7.92083447e-04 -6.52480230e-05
-8.59215483e-03 -2.58105397e-02 2.77118059e-04 -1.19594038e-02 3.47601413e-03 -8.48587696e-03 -1.21257566e-02 2.12343894e-02 -4.86713805e-04 -6.10058429e-03 1.63713396e-02 4.05499339e-03 6.86472107e-04 2.38718628e-03 1.87033694e-02 1.54098927e-03
1.51796415e-02 3.70199047e-02 -1.59921532e-03 2.63163969e-02 -7.58908177e-03 1.91393346e-02 2.74789315e-02 -4.88896072e-02 1.08448404e-03 1.40863303e-02 -3.78379636e-02 -9.37348604e-03 -1.58781547e-03 -5.51955635e-03 -4.32451814e-02 -3.56298569e-03
-5.45570534e-03 -1.39162056e-02 4.53654735e-04 -8.33209790e-03 2.46612751e-03 -6.24508178e-03 -8.77598394e-03 1.55746862e-02 -3.45033302e-04 -4.47951723e-03 1.19966846e-02 2.97083473e-03 5.02975541e-04 1.74893334e-03 1.37025891e-02 1.12898811e-03
-6.33677049e-03 -1.67070311e-02 8.14508530e-04 -1.18732741e-02 3.54483188e-03 -9.29821096e-03 -1.33114168e-02 2.37281881e-02 -5.22734888e-04 -6.83328463e-03 1.83599573e-02 4.54904884e-03 7.71056395e-04 2.67949258e-03 2.09938623e-02 1.72964903e-03
-1.61361508e-02 -4.17672433e-02 1.61513989e-03 -2.69070733e-02 8.00455175e-03 -2.03717332e-02 -2.91485321e-02 5.19398525e-02 -1.15134963e-03 -1.49681931e-02 4.01990116e-02 9.95971169e-03 1.68763148e-03 5.86553384e-03 4.59562689e-02 3.78628890e-03
-3.19078714e-02 -8.89608711e-02 3.08265793e-03 -5.21692634e-02 1.58976037e-02 -4.09885421e-02 -5.81224859e-02 1.03655979e-01 -2.28704093e-03 -2.97758374e-02 7.99774006e-02 1.98120903e-02 3.35690496e-03 1.16674984e-02 9.14141610e-02 7.53156887e-03
5.27401315e-03 1.37040634e-02 -5.95917809e-04 1.01287924e-02 -2.75188475e-03 7.05378875e-03 9.89340805e-03 -1.75520983e-02 3.93313705e-04 5.05890464e-03 -1.35510378e-02 -3.35816387e-03 -5.68526331e-04 -1.97686558e-03 -1.54885240e-02 -1.27614487e-03
-2.86174081e-02 -7.76768774e-02 3.35942255e-03 -4.96492162e-02 1.44344484e-02 -3.76873240e-02 -5.38711511e-02 9.56984907e-02 -2.12322362e-03 -2.75758971e-02 7.40562230e-02 1.83452014e-02 3.10830283e-03 1.08033884e-02 8.46441388e-02 6.97377278e-03
-1.80301201e-02 -4.45114300e-02 1.92077574e-03 -3.08606215e-02 9.23517440e-03 -2.38237940e-02 -3.38700749e-02 6.02839068e-02 -1.33290119e-03 -1.73561107e-02 4.65966426e-02 1.15454970e-02 1.95602491e-03 6.79888204e-03 5.32688983e-02 4.38880222e-03
1.02193304e-03 2.54948763e-03 -1.51538174e-04 1.96623919e-03 -6.03839930e-04 1.54641469e-03 2.18968350e-03 -3.89719778e-03 8.61556546e-05 1.12118805e-03 -3.01084411e-03 -7.45820755e-04 -1.26371728e-04 -4.39235737e-04 -3.44139594e-03 -2.83533853e-04
5.04343957e-03 1.16999764e-02 -5.84225927e-04 8.33320804e-03 -2.52462411e-03 6.44075079e-03 9.21168551e-03 -1.64220408e-02 3.64766980e-04 4.72780084e-03 -1.26904929e-02 -3.14490707e-03 -5.32668026e-04 -1.85180304e-03 -1.45086413e-02 -1.19537476e-03
-2.01270869e-03 -5.29039744e-03 1.75942245e-04 -2.90010730e-03 8.28793854e-04 -2.08572857e-03 -2.91199679e-03 5.17036999e-03 -1.14690949e-04 -1.48457510e-03 3.98449693e-03 9.86934174e-04 1.67153892e-04 5.81054890e-04 4.55251196e-03 3.75079195e-04
4.93964460e-03 1.13239922e-02 -4.51657281e-04 8.04303959e-03 -2.34293519e-03 5.95442997e-03 8.53615720e-03 -1.51843652e-02 3.38978367e-04 4.37164074e-03 -1.17372936e-02 -2.90750223e-03 -4.92352701e-04 -1.71175227e-03 -1.34114455e-02 -1.10498688e-03
1.86319998e-03 4.73921793e-03 -2.06085548e-04 3.15662613e-03 -9.35885822e-04 2.40739598e-03 3.42947454e-03 -6.11039903e-03 1.35397728e-04 1.76032900e-03 -4.72771050e-03 -1.17127446e-03 -1.98461581e-04 -6.89774984e-04 -5.40436618e-03 -4.45260666e-04
-1.20065399e-02 -2.98110582e-02 1.66231138e-03 -2.28596870e-02 6.78762887e-03 -1.77417845e-02 -2.54774336e-02 4.54919972e-02 -1.00231683e-03 -1.30982632e-02 3.51907313e-02 8.71901494e-03 1.47780112e-03 5.13563631e-03 4.02377248e-02 3.31512606e-03
-4.77873487e-03 -1.23068355e-02 5.66297618e-04 -8.33588932e-03 2.42367992e-03 -6.27028663e-03 -8.91826302e-03 1.58909746e-02 -3.50478775e-04 -4.57764650e-03 1.22951688e-02 3.04632634e-03 5.16297936e-04 1.79425906e-03 1.40580023e-02 1.15821871e-03
-6.55347668e-03 -1.59842018e-02 6.40852260e-04 -1.06675094e-02 3.11177131e-03 -8.02921318e-03 -1.14008877e-02 2.03045644e-02 -4.54245368e-04 -5.84995328e-03 1.56963225e-02 3.88818909e-03 6.58203906e-04 2.28867983e-03 1.79314930e-02 1.47742382e-03
4.23076272e-05 1.14596420e-04 -5.25540963e-05 4.35729657e-04 -1.29583466e-04 3.56925942e-04 5.27025550e-04 -9.45025182e-04 2.05989945e-05 2.72723904e-04 -7.33671826e-04 -1.81830779e-04 -3.08419985e-05 -1.07145861e-04 -8.39499990e-04 -6.91640962e-05
-1.34208780e-02 -3.34088802e-02 1.61488412e-03 -2.41863057e-02 7.27486517e-03 -1.85354631e-02 -2.66788434e-02 4.75832894e-02 -1.04872894e-03 -1.37048038e-02 3.68301049e-02 9.12561174e-03 1.54683867e-03 5.37529401e-03 4.21155654e-02 3.46982689e-03
1.19163627e-02 3.19019705e-02 -1.33812835e-03 2.02178415e-02 -6.00750977e-03 1.54118491e-02 2.21706759e-02 -3.94205824e-02 8.74648860e-04 1.13362214e-02 -3.04553695e-02 -7.54635269e-03 -1.27867784e-03 -4.44410369e-03 -3.48193496e-02 -2.86873849e-03
1.14835333e-02 3.20822746e-02 -1.23750791e-03 1.96284838e-02 -5.83721884e-03 1.46658244e-02 2.06821077e-02 -3.67721580e-02 8.15025356e-04 1.05911344e-02 -2.83955485e-02 -7.03449314e-03 -1.19124306e-03 -4.14126785e-03 -3.24465036e-02 -2.67330161e-03
