3.17126065e-02 -3.79006676e-02 -6.77259266e-03 4.20156643e-02 3.07602827e-02 -8.56286194e-03 6.12957664e-02 -5.50607778e-02 1.82454605e-02 -2.53659040e-02 6.37544179e-03 -3.23211611e-03 1.52205713e-02 -1.05197029e-03 -1.08700688e-03 2.31518894e-02
-4.68969829e-02 7.18251690e-02 1.35422461e-02 -7.83622190e-02 -5.87990135e-02 1.66192073e-02 -1.17662065e-01 1.05917051e-01 -3.50920670e-02 4.88485731e-02 -1.22916671e-02 6.22400222e-03 -2.93188039e-02 2.02665920e-03 2.09256844e-03 -4.46000695e-02
-4.07171287e-02 4.76193391e-02 8.53634253e-03 -5.39921224e-02 -3.83356214e-02 1.06658246e-02 -7.63824731e-02 6.86927810e-02 -2.27334164e-02 3.16241235e-02 -7.94989895e-03 4.02906304e-03 -1.89753138e-02 1.31150533e-03 1.35496829e-03 -2.88634449e-02
-2.56638285e-02 2.78547518e-02 4.67531616e-03 -3.18065472e-02 -2.25679502e-02 6.11356739e-03 -4.46651615e-02 4.00883444e-02 -1.32332677e-02 1.84037350e-02 -4.60929750e-03 2.34434498e-03 -1.10338954e-02 7.62216689e-04 7.90124875e-04 -1.67793073e-02
-4.03521247e-02 5.17378636e-02 9.38029122e-03 -5.83004244e-02 -4.24962863e-02 1.16078882e-02 -8.42079595e-02 7.58545399e-02 -2.50655767e-02 3.48822698e-02 -8.75992049e-03 4.44202311e-03 -2.09161416e-02 1.44530728e-03 1.49581255e-03 -3.18128280e-02
3.27295624e-02 -4.21581790e-02 -7.64411828e-03 4.65199836e-02 3.40951867e-02 -9.53144673e-03 6.80847540e-02 -6.12549260e-02 2.02818178e-02 -2.82260124e-02 7.10053137e-03 -3.59637639e-03 1.69399027e-02 -1.17092626e-03 -1.20919163e-03 2.57686116e-02
-2.44335718e-02 2.29499899e-02 3.69421858e-03 -2.50277035e-02 -1.80177297e-02 4.88645351e-03 -3.54334563e-02 3.18495966e-02 -1.05532072e-02 1.46834785e-02 -3.69060063e-03 1.87034311e-03 -8.80903099e-03 6.08882110e-04 6.28957525e-04 -1.33999065e-02
-2.01678779e-02 2.23012064e-02 3.75450728e-03 -2.62203421e-02 -1.80538036e-02 4.87016374e-03 -3.56326252e-02 3.19338180e-02 -1.05771190e-02 1.46956090e-02 -3.67758167e-03 1.87216513e-03 -8.80780444e-03 6.08294504e-04 6.31648407e-04 -1.33925285e-02
3.69479470e-02 -3.65482010e-02 -6.14173803e-03 4.03326452e-02 2.88755670e-02 -8.00481904e-03 5.76199666e-02 -5.17984293e-02 1.71717368e-02 -2.38785725e-02 5.99185890e-03 -3.04188975e-03 1.43225016e-02 -9.89744090e-04 -1.02345890e-03 2.17840504e-02
3.69790904e-02 -4.16818932e-02 -7.02167070e-03 4.59072851e-02 3.38630825e-02 -9.16783419e-03 6.69850409e-02 -6.03711642e-02 1.98049936e-02 -2.75266524e-02 6.90903002e-03 -3.50818364e-03 1.65135469e-02 -1.14096259e-03 -1.18130888e-03 2.51142569e-02
2.03478523e-02 -2.19434556e-02 -3.76479817e-03 2.44804807e-02 1.75971463e-02 -4.81033605e-03 3.47325392e-02 -3.12450174e-02 1.03213424e-02 -1.43620400e-02 3.60737741e-03 -1.82952080e-03 8.61534011e-03 -5.95407502e-04 -6.15429832e-04 1.31041771e-02
2.83032637e-02 -3.30165699e-02 -5.94731094e-03 3.63785028e-02 2.67707743e-02 -7.49647710e-03 5.33524416e-02 -4.79872227e-02 1.58897284e-02 -2.21123416e-02 5.56179695e-03 -2.81771761e-03 1.32711055e-02 -9.17296100e-04 -9.47515015e-04 2.01873612e-02
-2.72246599e-02 2.94234511e-02 5.03193960e-03 -3.22398618e-02 -2.36948542e-02 6.53145043e-03 -4.69034165e-02 4.21523228e-02 -1.39626302e-02 1.94214992e-02 -4.87900712e-03 2.47460068e-03 -1.16517674e-02 8.05245945e-04 8.32440273e-04 -1.77226607e-02
-2.93874517e-02 3.44302468e-02 5.96587826e-03 -3.80427167e-02 -2.79083923e-02 7.65754888e-03 -5.52699566e-02 4.96767461e-02 -1.64354518e-02 2.28325110e-02 -5.73793938e-03 2.90960632e-03 -1.37002682e-02 9.46793298e-04 9.78997792e-04 -2.08382607e-02
-1.28657863e-01 1.57466039e-01 2.77550258e-02 -1.72271490e-01 -1.26940265e-01 3.55795100e-02 -2.53916562e-01 2.28331134e-01 -7.56352171e-02 1.05189763e-01 -2.64658500e-02 1.34036569e-02 -6.31352812e-02 4.36411751e-03 4.50645667e-03 -9.60405469e-02
4.35025617e-02 -4.85177375e-02 -8.18750914e-03 5.33742867e-02 3.89623940e-02 -1.07156895e-02 7.77404010e-02 -6.96611255e-02 2.30544899e-02 -3.20611298e-02 8.05125758e-03 -4.08542389e-03 1.92296263e-02 -1.32897717e-03 -1.37373083e-03 2.92496849e-02
-1.90909524e-02 3.25534604e-02 6.29110774e-03 -3.58376876e-02 -2.69689504e-02 7.63604464e-03 -5.40320054e-02 4.86624390e-02 -1.61165651e-02 2.24377941e-02 -5.64698409e-03 2.85905111e-03 -1.34681882e-02 9.31000221e-04 9.61210753e-04 -2.04881132e-02
2.48601045e-02 -2.44297814e-02 -3.89127573e-03 2.84800809e-02 1.97661761e-02 -5.15305204e-03 3.86701636e-02 -3.47355977e-02 1.14357835e-02 -1.58193577e-02 3.93303158e-03 -2.01683212e-03 9.47243161e-03 -6.52940245e-04 -6.87289401e-04 1.43919056e-02
-1.27401911e-02 1.28290793e-02 2.09810352e-03 -1.47597101e-02 -1.03827110e-02 2.77662231e-03 -2.05482431e-02 1.83878802e-02 -6.06245687e-03 8.41716584e-03 -2.10494408e-03 1.07231573e-03 -5.04432851e-03 3.48353962e-04 3.61733197e-04 -7.66975665e-03
-1.32936731e-01 1.56981796e-01 2.84967739e-02 -1.71754077e-01 -1.27848268e-01 3.53557952e-02 -2.53857553e-01 2.28519648e-01 -7.56094530e-02 1.05280846e-01 -2.64630169e-02 1.34129655e-02 -6.31683990e-02 4.36621904e-03 4.50986670e-03 -9.60895047e-02
-1.40082575e-02 1.55603457e-02 2.71140086e-03 -1.72089655e-02 -1.25529785e-02 3.46544618e-03 -2.49652471e-02 2.24543810e-02 -7.41531467e-03 1.03158634e-02 -2.59234989e-03 1.31440663e-03 -6.18961081e-03 4.27788385e-04 4.42060380e-04 -9.41485818e-03
-2.36275941e-02 2.13708337e-02 3.31702083e-03 -2.48922110e-02 -1.68686118e-02 4.45198826e-03 -3.31467688e-02 2.96233930e-02 -9.77065228e-03 1.35738133e-02 -3.39566241e-03 1.73023040e-03 -8.13770015e-03 5.61907422e-04 5.84151538e-04 -1.23727154e-02
-3.18375528e-02 3.66033092e-02 6.28507743e-03 -4.16636616e-02 -2.96373554e-02 8.05439893e-03 -5.88774681e-02 5.27772047e-02 -1.74227245e-02 2.42115855e-02 -6.05752645e-03 3.08540906e-03 -1.45130977e-02 1.00207236e-03 1.04257697e-03 -2.20663007e-02
-1.13092288e-02 9.96641163e-03 1.69072696e-03 -1.11623816e-02 -7.75759108e-03 2.15187133e-03 -1.54436724e-02 1.38982078e-02 -4.60259011e-03 6.40534936e-03 -1.60983088e-03 8.16076295e-04 -3.84303578e-03 2.65620387e-04 2.74422986e-04 -5.84583357e-03
8.03293474e-03 -8.97587836e-03 -1.58220832e-03 1.04693798e-02 7.20507605e-03 -1.97505765e-03 1.42488964e-02 -1.28082382e-02 4.23655612e-03 -5.89450309e-03 1.48164050e-03 -7.50968349e-04 3.53681482e-03 -2.44455558e-04 -2.52533762e-04 5.37990686e-03
-2.58337781e-02 2.84110289e-02 4.74972371e-03 -3.20136547e-02 -2.30744611e-02 6.24763686e-03 -4.56204303e-02 4.10151370e-02 -1.34997349e-02 1.87632553e-02 -4.70371591e-03 2.39151716e-03 -1.12529742e-02 7.77254172e-04 8.06152239e-04 -1.71109810e-02
-1.33792311e-02 1.47689879e-02 2.43790331e-03 -1.70637574e-02 -1.19360471e-02 3.19172163e-03 -2.34675203e-02 2.10523028e-02 -6.96790032e-03 9.67984460e-03 -2.41976045e-03 1.23310089e-03 -5.80195338e-03 4.00709629e-04 4.16151684e-04 -8.82204156e-03
1.38394646e-02 -1.37465242e-02 -2.22296407e-03 1.56244896e-02 1.09686079e-02 -2.95114028e-03 2.16770303e-02 -1.94753390e-02 6.45049149e-03 -8.96874908e-03 2.24759523e-03 -1.14229857e-03 5.37735457e-03 -3.71550675e-04 -3.84514831e-04 8.17814842e-03
-9.65691507e-02 1.03616223e-01 1.79909077e-02 -1.14684239e-01 -8.31706375e-02 2.31710728e-02 -1.65785119e-01 1.49028495e-01 -4.93197218e-02 6.86208159e-02 -1.72503982e-02 8.74724519e-03 -4.11852114e-02 2.84660677e-03 2.94060772e-03 -6.26473948e-02
2.01415792e-02 -2.22123526e-02 -3.75506910e-03 2.53969654e-02 1.79684553e-02 -4.89655184e-03 3.54386121e-02 -3.18984389e-02 1.05423154e-02 -1.46555193e-02 3.67463077e-03 -1.86712027e-03 8.78790673e-03 -6.07142807e-04 -6.28921785e-04 1.33647397e-02
3.47233191e-02 -4.33719605e-02 -7.75898527e-03 4.72002327e-02 3.48178148e-02 -9.73281823e-03 6.94918111e-02 -6.25982508e-02 2.06959657e-02 -2.87893061e-02 7.23989867e-03 -3.66760883e-03 1.72746591e-02 -1.19392411e-03 -1.23417610e-03 2.62769647e-02
-7.00749606e-02 8.64492729e-02 1.54346479e-02 -9.33111459e-02 -6.97929561e-02 1.95277687e-02 -1.39516920e-01 1.25653088e-01 -4.15717065e-02 5.78691885e-02 -1.45546338e-02 7.37357326e-03 -3.47305052e-02 2.40070140e-03 2.47873901e-03 -5.28316163e-02
2.22664308e-02 -2.87881736e-02 -5.24087436e-03 3.25949825e-02 2.34165974e-02 -6.52197236e-03 4.65726778e-02 -4.19327542e-02 1.38737410e-02 -1.93052981e-02 4.85658832e-03 -2.45982828e-03 1.15861250e-02 -8.00838054e-04 -8.27129988e-04 1.76242683e-02
7.02011865e-04 -1.24459323e-02 -2.85400939e-03 1.39098288e-02 1.08131012e-02 -3.15701193e-03 2.19433922e-02 -1.98485479e-02 6.59092981e-03 -9.18769557e-03 2.31694547e-03 -1.17072673e-03 5.51648904e-03 -3.81370977e-04 -3.93579307e-04 8.39230604e-03
-3.28961462e-02 3.01179700e-02 4.78444854e-03 -3.41167897e-02 -2.50499826e-02 6.27179164e-03 -4.92810085e-02 4.36305664e-02 -1.42634083e-02 1.97237246e-02 -4.88899136e-03 2.51003448e-03 -1.18108364e-02 8.15591309e-04 8.46205396e-04 -1.79564469e-02
1.76744945e-02 -2.03160867e-02 -3.48909735e-03 2.27947552e-02 1.64401662e-02 -4.41899477e-03 3.25489305e-02 -2.92064268e-02 9.64284223e-03 -1.34032629e-02 3.35154287e-03 -1.70744443e-03 8.03197175e-03 -5.54560276e-04 -5.76884078e-04 1.22113591e-02
-4.96544875e-02 7.35132098e-02 1.37721421e-02 -8.11232105e-02 -6.02651648e-02 1.69386268e-02 -1.20489918e-01 1.08646639e-01 -3.59129757e-02 4.99803163e-02 -1.25714624e-02 6.36837445e-03 -2.99962498e-02 2.07336922e-03 2.14141351e-03 -4.56290208e-02
-9.95582156e-03 1.23323919e-02 2.15086085e-03 -1.38354069e-02 -9.85521637e-03 2.72076367e-03 -1.96876600e-02 1.77230407e-02 -5.83743770e-03 8.12615640e-03 -2.04241206e-03 1.03483873e-03 -4.87414189e-03 3.36865574e-04 3.48101457e-04 -7.41392421e-03
-5.07681863e-04 3.43245943e-03 7.20380689e-04 -3.77078936e-03 -2.89448211e-03 8.31891666e-04 -5.84762683e-03 5.27038146e-03 -1.74663845e-03 2.43228930e-03 -6.12340169e-04 3.09936411e-04 -1.46011240e-03 1.00934325e-04 1.04198029e-04 -2.22119363e-03
1.64395571e-02 -2.28916164e-02 -4.20462713e-03 2.52743457e-02 1.86373182e-02 -5.22077037e-03 3.71931642e-02 -3.34355719e-02 1.10765109e-02 -1.54135814e-02 3.87764978e-03 -1.96383148e-03 9.25044902e-03 -6.39417674e-04 -6.60302932e-04 1.40716340e-02
6.97845127e-03 -8.41583405e-03 -1.49794878e-03 9.45657119e-03 6.90273708e-03 -1.89992192e-03 1.36692161e-02 -1.22966291e-02 4.06639976e-03 -5.65611385e-03 1.42045179e-03 -7.20667362e-04 3.39331105e-03 -2.34494481e-04 -2.42509195e-04 5.16113546e-03
3.24609200e-03 -4.81484924e-03 -9.05837282e-04 5.32935187e-03 3.97135084e-03 -1.11396692e-03 7.92273972e-03 -7.12750945e-03 2.35913252e-03 -3.28311278e-03 8.25879688e-04 -4.18328855e-04 1.97034026e-03 -1.36190502e-04 -1.40684147e-04 2.99721025e-03
3.35557461e-02 -3.62187698e-02 -6.16773032e-03 4.10430357e-02 2.93787252e-02 -7.85719790e-03 5.77930622e-02 -5.19019365e-02 1.71346683e-02 -2.38375422e-02 5.97957661e-03 -3.03623034e-03 1.42947128e-02 -9.87837673e-04 -1.02154072e-03 2.17419695e-02
-6.33279309e-02 7.88084418e-02 1.43504012e-02 -8.72258469e-02 -6.42926022e-02 1.80502981e-02 -1.28224999e-01 1.15465678e-01 -3.82278226e-02 5.32069840e-02 -1.33873150e-02 6.77931076e-03 -3.19344923e-02 2.20745453e-03 2.27926159e-03 -4.85788323e-02
4.32097679e-03 -9.89164133e-03 -2.00865697e-03 1.08069358e-02 8.32230877e-03 -2.38967454e-03 1.67514049e-02 -1.50771784e-02 5.00181643e-03 -6.97093084e-03 1.75583572e-03 -8.88147391e-04 4.18513594e-03 -2.89385905e-04 -2.98316823e-04 6.36717537e-03
-3.78195867e-02 4.21207622e-02 7.30021251e-03 -4.67329621e-02 -3.42143923e-02 9.26569197e-03 -6.77349269e-02 6.09420575e-02 -2.01025177e-02 2.79423743e-02 -7.00795045e-03 3.55885737e-03 -1.67562254e-02 1.15782628e-03 1.19837723e-03 -2.54850462e-02
1.13949291e-02 -1.08932033e-02 -1.78821129e-03 1.20479930e-02 8.61472171e-03 -2.28701555e-03 1.69600863e-02 -1.51887629e-02 5.01190359e-03 -6.97659375e-03 1.74538966e-03 -8.87112401e-04 4.17591399e-03 -2.88488605e-04 -2.99392384e-04 6.35071890e-03
-1.05581554e-02 1.16363857e-02 2.07185745e-03 -1.32087730e-02 -9.44179110e-03 2.56439997e-03 -1.86525919e-02 1.67848282e-02 -5.54367155e-03 7.71510787e-03 -1.93671579e-03 9.82498983e-04 -4.62590111e-03 3.19669198e-04 3.30683804e-04 -7.03595392e-03
-5.91219217e-03 -1.24941056e-03 -5.57834515e-04 -3.37172532e-04 1.33892382e-03 -5.58717235e-04 3.03445244e-03 -2.79603153e-03 9.34468932e-04 -1.30852580e-03 3.36178549e-04 -1.67402017e-04 7.91616912e-04 -5.48449134e-05 -5.58978936e-05 1.20562594e-03
3.31401452e-02 -3.19970883e-02 -4.93215164e-03 3.57372575e-02 2.63346639e-02 -7.07707461e-03 5.19237220e-02 -4.65820879e-02 1.53099149e-02 -2.12970395e-02 5.34191821e-03 -2.71194545e-03 1.27670392e-02 -8.82169581e-04 -9.14025703e-04 1.94157846e-02
2.56583765e-02 -3.50139923e-02 -6.39298791e-03 3.77602577e-02 2.84002237e-02 -7.96386413e-03 5.67369498e-02 -5.10084778e-02 1.68858729e-02 -2.34982409e-02 5.91108156e-03 -2.99392594e-03 1.41026555e-02 -9.74807772e-04 -1.00673607e-03 2.14526281e-02
-1.34194279e-02 1.21955601e-02 1.80241687e-03 -1.45548116e-02 -9.76318400e-03 2.48619658e-03 -1.90019067e-02 1.69844870e-02 -5.61856898e-03 7.78484391e-03 -1.93564198e-03 9.91668552e-04 -4.65986319e-03 3.21510102e-04 3.36182478e-04 -7.08202366e-03
1.41900731e-02 -1.55500593e-02 -2.57963827e-03 1.78838838e-02 1.25384834e-02 -3.34900944e-03 2.49055494e-02 -2.23774184e-02 7.37649808e-03 -1.02319950e-02 2.55304785e-03 -1.30391819e-03 6.13187486e-03 -4.23296180e-04 -4.40799195e-04 9.32168588e-03
4.89111466e-04 1.36737901e-04 8.08549885e-05 -1.07289205e-04 -1.79744238e-04 7.13151021e-05 -4.20966739e-04 3.84131679e-04 -1.29947133e-04 1.82384829e-04 -4.68423314e-05 2.32799975e-05 -1.10082583e-04 7.62518812e-06 7.79359016e-06 -1.67655322e-04
-6.24860544e-03 5.39726997e-03 9.13090538e-04 -6.51522866e-03 -4.36392520e-03 1.14315108e-03 -8.52515455e-03 7.65619194e-03 -2.51702149e-03 3.49474512e-03 -8.73451529e-04 4.45206446e-04 -2.09359569e-03 1.44581616e-04 1.50226188e-04 -3.18346824e-03
-2.50789188e-02 2.89559197e-02 5.04307542e-03 -3.23577896e-02 -2.34165583e-02 6.37854449e-03 -4.64560576e-02 4.19073477e-02 -1.38176698e-02 1.92139093e-02 -4.81466344e-03 2.44799722e-03 -1.15225948e-02 7.96145818e-04 8.24460527e-04 -1.75246149e-02
8.13865848e-03 -8.69072508e-03 -1.50099408e-03 1.01846606e-02 7.09396927e-03 -1.92061730e-03 1.40391262e-02 -1.26201939e-02 4.16453416e-03 -5.78699075e-03 1.44657993e-03 -7.37452414e-04 3.46823619e-03 -2.39458110e-04 -2.49101868e-04 5.27290162e-03
-4.28256486e-03 3.58090922e-03 5.44058683e-04 -4.09591850e-03 -2.82067643e-03 7.46471866e-04 -5.46608400e-03 4.89804987e-03 -1.61611126e-03 2.24442128e-03 -5.62279718e-04 2.85901566e-04 -1.34547963e-03 9.29550079e-05 9.62685372e-05 -2.04615341e-03
2.29991488e-02 -2.90395673e-02 -5.08088432e-03 3.11804973e-02 2.32342649e-02 -6.49112416e-03 4.63001244e-02 -4.16368805e-02 1.37827117e-02 -1.91777926e-02 4.82365023e-03 -2.44363002e-03 1.15105240e-02 -7.95657688e-04 -8.21536873e-04 1.75098218e-02
3.23786438e-02 -3.91147435e-02 -6.68934546e-03 4.28052433e-02 3.17887776e-02 -8.74018203e-03 6.31598979e-02 -5.67113757e-02 1.87566299e-02 -2.60994788e-02 6.55630091e-03 -3.32546816e-03 1.56585407e-02 -1.08223350e-03 -1.11817557e-03 2.38179117e-02
2.19198857e-02 -2.63444651e-02 -4.52688010e-03 2.91774236e-02 2.12864783e-02 -5.86963492e-03 4.22289148e-02 -3.79511379e-02 1.25573343e-02 -1.74689461e-02 4.39002831e-03 -2.22556340e-03 1.04811490e-02 -7.24411220e-04 -7.48476130e-04 1.59428269e-02
2.45551970e-02 -2.35027466e-02 -3.61203123e-03 2.61992216e-02 1.91068761e-02 -4.91716852e-03 3.75402421e-02 -3.35900523e-02 1.10681029e-02 -1.53444819e-02 3.80865624e-03 -1.95496203e-03 9.18834656e-03 -6.34206925e-04 -6.58979174e-04 1.39659243e-02
2.24904492e-02 -2.24500187e-02 -3.56688979e-03 2.54364926e-02 1.81850474e-02 -4.77322657e-03 3.58338542e-02 -3.21514271e-02 1.05904434e-02 -1.46889035e-02 3.66244605e-03 -1.87352509e-03 8.80201999e-03 -6.07192575e-04 -6.35167176e-04 1.33765005e-02
5.04452363e-02 -5.89825660e-02 -1.05932923e-02 6.48315772e-02 4.75221798e-02 -1.32879158e-02 9.48075801e-02 -8.52500945e-02 2.81982571e-02 -3.92497480e-02 9.87252686e-03 -5.00092003e-03 2.35559400e-02 -1.62826432e-03 -1.68134645e-03 3.58330049e-02
5.47533622e-03 -7.71555724e-03 -1.40715519e-03 8.60481989e-03 6.32798765e-03 -1.74898515e-03 1.25921350e-02 -1.13188718e-02 3.74491955e-03 -5.21005364e-03 1.30793103e-03 -6.63822982e-04 3.12545127e-03 -2.15971551e-04 -2.23452211e-04 4.75361431e-03
1.31896674e-03 1.14455528e-03 3.71528964e-04 -1.11349206e-03 -1.07036822e-03 3.76310345e-04 -2.36256490e-03 2.14163377e-03 -7.23920704e-04 1.01393869e-03 -2.58493441e-04 1.29271168e-04 -6.10201329e-04 4.22496851e-05 4.32785055e-05 -9.29177622e-04
2.77666263e-02 -3.75646502e-02 -6.92262501e-03 4.11650911e-02 3.06181945e-02 -8.62483401e-03 6.12088740e-02 -5.50794601e-02 1.82399154e-02 -2.53929831e-02 6.38945261e-03 -3.23545933e-03 1.52411191e-02 -1.05354865e-03 -1.08776276e-03 2.31850240e-02
-1.75459415e-01 1.98793069e-01 3.39970626e-02 -2.27613717e-01 -1.59048215e-01 4.32434864e-02 -3.16722184e-01 2.84338146e-01 -9.40169469e-02 1.30743071e-01 -3.27177085e-02 1.66702513e-02 -7.84176290e-02 5.41591411e-03 5.61921299e-03 -1.19232394e-01
4.54130024e-03 -5.36799431e-03 -9.29099973e-04 6.00883178e-03 4.32780990e-03 -1.18095579e-03 8.55249353e-03 -7.68304896e-03 2.54163565e-03 -3.53514100e-03 8.87413567e-04 -4.50376217e-04 2.12044315e-03 -1.46532228e-04 -1.51536806e-04 3.22513212e-03
-1.02195684e-02 1.32640349e-02 2.35375017e-03 -1.47605781e-02 -1.08719459e-02 2.98053375e-03 -2.16024797e-02 1.93842780e-02 -6.40960457e-03 8.91217217e-03 -2.23008380e-03 1.13589910e-03 -5.34325512e-03 3.68985755e-04 3.83532228e-04 -8.12448002e-03
-3.20291966e-02 3.90387326e-02 6.35037804e-03 -4.34553511e-02 -3.14944945e-02 8.59726779e-03 -6.24364316e-02 5.60744591e-02 -1.85572263e-02 2.57865917e-02 -6.46314537e-03 3.28627462e-03 -1.54640619e-02 1.06811477e-03 1.10847829e-03 -2.35139504e-02
-2.15676948e-02 2.34654620e-02 4.15028865e-03 -2.56930999e-02 -1.88386887e-02 5.24073234e-03 -3.73265408e-02 3.35789248e-02 -1.11238174e-02 1.54805044e-02 -3.89334932e-03 1.97232026e-03 -9.28984769e-03 6.42129162e-04 6.63151499e-04 -1.41314203e-02
-2.85383612e-02 4.23019603e-02 7.95086846e-03 -4.63605225e-02 -3.46136391e-02 9.73897520e-03 -6.92253113e-02 6.22799061e-02 -2.06227563e-02 2.87057348e-02 -7.22030783e-03 3.65744880e-03 -1.72277242e-02 1.19082083e-03 1.22980599e-03 -2.62065418e-02
2.17145262e-03 -2.62015476e-03 -4.63029253e-04 2.94789881e-03 2.16777413e-03 -5.83428540e-04 4.27753991e-03 -3.83720058e-03 1.26275315e-03 -1.75555574e-03 4.40229982e-04 -2.23653187e-04 1.05287251e-03 -7.27506849e-05 -7.52853521e-05 1.60130206e-03
-1.30326990e-02 1.06477533e-02 1.69029995e-03 -1.16061494e-02 -8.45619477e-03 2.30161869e-03 -1.66663807e-02 1.49572371e-02 -4.95545659e-03 6.88555557e-03 -1.72885670e-03 8.77411338e-04 -4.13059723e-03 2.85434071e-04 2.95248232e-04 -6.28240639e-03
-2.41117161e-02 2.76928470e-02 4.78029670e-03 -3.13625969e-02 -2.24675331e-02 6.03972469e-03 -4.41701300e-02 3.97735573e-02 -1.31443320e-02 1.82446707e-02 -4.56643803e-03 2.32630875e-03 -1.09374197e-02 7.55011686e-04 7.87130499e-04 -1.66277066e-02
2.82028913e-02 -2.82890685e-02 -4.90363035e-03 3.22832465e-02 2.27169730e-02 -6.22497592e-03 4.50469553e-02 -4.05361988e-02 1.34013919e-02 -1.86475795e-02 4.67961282e-03 -2.37563043e-03 1.11850584e-02 -7.72911357e-04 -7.99531292e-04 1.70120373e-02
-5.13180904e-02 6.61723837e-02 1.18958475e-02 -7.16158450e-02 -5.38359322e-02 1.50660798e-02 -1.07105926e-01 9.64085758e-02 -3.19150724e-02 4.44253199e-02 -1.11773349e-02 5.66051342e-03 -2.66640782e-02 1.84314104e-03 1.90307968e-03 -4.05614898e-02
3.70634790e-03 -5.77895483e-03 -1.08510652e-03 6.35516969e-03 4.74414928e-03 -1.33374217e-03 9.48490575e-03 -8.53835139e-03 2.82760197e-03 -3.93507537e-03 9.89633962e-04 -5.01402770e-04 2.36156140e-03 -1.63227334e-04 -1.68622850e-04 3.59225483e-03
2.07418948e-02 -2.69353185e-02 -5.01973834e-03 2.96946913e-02 2.20800284e-02 -6.22419966e-03 4.41196747e-02 -3.97207960e-02 1.31600210e-02 -1.83190592e-02 4.60968586e-03 -2.33420264e-03 1.09953964e-02 -7.60054798e-04 -7.84773089e-04 1.67263038e-02
-9.67898406e-03 8.71007238e-03 1.44392950e-03 -1.02270031e-02 -6.92205643e-03 1.83467404e-03 -1.35967061e-02 1.21994400e-02 -4.00723796e-03 5.56747196e-03 -1.39368931e-03 7.09148648e-04 -3.33681284e-03 2.30476639e-04 2.39069108e-04 -5.07399580e-03
1.44313658e-02 -1.57766100e-02 -2.61056004e-03 1.76762715e-02 1.26933642e-02 -3.43855517e-03 2.51288675e-02 -2.25312691e-02 7.44146062e-03 -1.03446078e-02 2.59832921e-03 -1.31780864e-03 6.20530825e-03 -4.28843428e-04 -4.43331199e-04 9.43835918e-03
-7.63360970e-03 9.55353212e-03 1.77428557e-03 -1.05883693e-02 -7.84988049e-03 2.20611528e-03 -1.56771503e-02 1.41111156e-02 -4.67593782e-03 6.50846586e-03 -1.63769792e-03 8.29303870e-04 -3.90641671e-03 2.70027813e-04 2.78819818e-04 -5.94244013e-03
-4.75257821e-03 5.20047685e-03 9.25633067e-04 -5.68906963e-03 -4.20101359e-03 1.17426040e-03 -8.35601520e-03 7.51997996e-03 -2.48930231e-03 3.46498564e-03 -8.71700468e-04 4.41478012e-04 -2.07953737e-03 1.43744706e-04 1.48431092e-04 -3.16337240e-03
4.08640690e-02 -4.79197949e-02 -8.34348239e-03 5.39452992e-02 3.87492068e-02 -1.06539074e-02 7.71047324e-02 -6.90783858e-02 2.28332933e-02 -3.17675881e-02 7.97819719e-03 -4.04733373e-03 1.90574769e-02 -1.31706311e-03 -1.36121537e-03 2.89863888e-02
1.72479451e-02 -1.61202326e-02 -2.80616875e-03 1.78418346e-02 1.29299592e-02 -3.56174516e-03 2.56585963e-02 -2.30616964e-02 7.63473567e-03 -1.06225507e-02 2.66796956e-03 -1.35326933e-03 6.37292583e-03 -4.40451258e-04 -4.55157860e-04 9.69359558e-03
-5.23301885e-02 6.72746077e-02 1.20688081e-02 -7.36385509e-02 -5.43085821e-02 1.51740266e-02 -1.08116701e-01 9.72873718e-02 -3.21995057e-02 4.48239371e-02 -1.12704663e-02 5.71116526e-03 -2.69008558e-02 1.85941439e-03 1.92050461e-03 -4.09206450e-02
4.35145162e-02 -4.99335453e-02 -8.84778798e-03 5.64831570e-02 4.04278487e-02 -1.10969096e-02 7.99591243e-02 -7.19215423e-02 2.37772427e-02 -3.30716409e-02 8.31584539e-03 -4.21372429e-03 1.98452454e-02 -1.37166260e-03 -1.41707668e-03 3.01873311e-02
-2.68253908e-02 2.84149796e-02 5.00453915e-03 -3.11525837e-02 -2.28626430e-02 6.35947892e-03 -4.55284938e-02 4.09300253e-02 -1.35553991e-02 1.88602768e-02 -4.73980978e-03 2.40319339e-03 -1.13178063e-02 7.82238494e-04 8.08204175e-04 -1.72154792e-02
1.27252880e-02 -1.60535835e-02 -2.90655578e-03 1.73493698e-02 1.29346065e-02 -3.63230030e-03 2.58030593e-02 -2.32265163e-02 7.69405393e-03 -1.07094822e-02 2.69436534e-03 -1.36458338e-03 6.42776070e-03 -4.44314384e-04 -4.58781084e-04 9.77793243e-03
-4.43609357e-02 4.68149818e-02 7.77544826e-03 -5.22733442e-02 -3.75183895e-02 1.01394625e-02 -7.40457624e-02 6.64739236e-02 -2.20037699e-02 3.05916909e-02 -7.68100983e-03 3.89788626e-03 -1.83522981e-02 1.26822537e-03 1.31189846e-03 -2.79136170e-02
-1.76225379e-02 1.95189193e-02 3.46126524e-03 -2.13003866e-02 -1.56705976e-02 4.37590480e-03 -3.12668569e-02 2.81206332e-02 -9.31076985e-03 1.29539305e-02 -3.25661292e-03 1.65066915e-03 -7.77383568e-03 5.37307642e-04 5.55071805e-04 -1.18249031e-02
-5.69209736e-03 1.74575532e-03 9.34717827e-05 -1.70570472e-03 -1.12189108e-03 2.80810578e-04 -2.13543465e-03 1.90786424e-03 -6.26005523e-04 8.67028488e-04 -2.17892593e-04 1.10500281e-04 -5.20243309e-04 3.59544138e-05 3.71489405e-05 -7.91296421e-04
5.96426707e-03 -8.30103364e-03 -1.57767884e-03 9.20546055e-03 6.92776730e-03 -1.95603305e-03 1.38688348e-02 -1.24831060e-02 4.13426477e-03 -5.75530482e-03 1.44795340e-03 -7.33353489e-04 3.45428195e-03 -2.38776411e-04 -2.46544048e-04 5.25468402e-03
8.03638063e-03 -1.02346838e-02 -1.84989139e-03 1.15967812e-02 8.43018293e-03 -2.32701469e-03 1.67569164e-02 -1.50620453e-02 4.98030568e-03 -6.92685740e-03 1.73793931e-03 -8.82639957e-04 4.15495504e-03 -2.87074014e-04 -2.97274324e-04 6.31905207e-03
-2.15678848e-02 1.65405255e-02 2.48304708e-03 -1.91612840e-02 -1.28161628e-02 3.40715982e-03 -2.52035912e-02 2.26925015e-02 -7.48449657e-03 1.04002403e-02 -2.61163292e-03 1.32447912e-03 -6.23686425e-03 4.31011606e-04 4.45911282e-04 -9.48634837e-03
4.01236936e-02 -4.61434610e-02 -7.92820938e-03 5.22398315e-02 3.68920937e-02 -1.02476515e-02 7.32200816e-02 -6.57434911e-02 2.17815004e-02 -3.03011332e-02 7.61173246e-03 -3.86250881e-03 1.81810576e-02 -1.25645252e-03 -1.30008126e-03 2.76553538e-02
-7.67037831e-03 8.35645385e-03 1.48593693e-03 -9.39815212e-03 -6.73254393e-03 1.86146656e-03 -1.33386543e-02 1.20051168e-02 -3.97320045e-03 5.52402716e-03 -1.38790777e-03 7.03941914e-04 -3.31439683e-03 2.29042605e-04 2.36851061e-04 -5.04114060e-03
1.37715600e-02 -1.75240953e-02 -3.12580611e-03 1.95242427e-02 1.42711010e-02 -3.85139603e-03 2.82357968e-02 -2.55153701e-02 8.36129114e-03 -1.16322571e-02 2.91079166e-03 -1.48197077e-03 6.97283586e-03 -4.81560797e-04 -4.99988440e-04 1.06023634e-02
-7.98015483e-03 1.06391758e-02 1.95862353e-03 -1.17105599e-02 -8.69324803e-03 2.43684277e-03 -1.73624363e-02 1.56201376e-02 -5.17330971e-03 7.20017822e-03 -1.81101519e-03 9.17421363e-04 -4.32128459e-03 2.98699015e-04 3.08455084e-04 -6.57346332e-03
-4.41438220e-02 4.78687882e-02 8.13039206e-03 -5.37849627e-02 -3.85712087e-02 1.06586926e-02 -7.66544640e-02 6.89892694e-02 -2.28110179e-02 3.17088626e-02 -7.95638096e-03 4.04089643e-03 -1.90223586e-02 1.31440640e-03 1.36022584e-03 -2.89312322e-02
2.20946781e-02 -2.39634383e-02 -3.79620166e-03 2.73064822e-02 1.92334838e-02 -5.16611896e-03 3.80447470e-02 -3.41340005e-02 1.12839621e-02 -1.56618487e-02 3.91590316e-03 -1.99697213e-03 9.39038489e-03 -6.48351619e-04 -6.74066832e-04 1.42760472e-02
-1.52625917e-02 1.78797375e-02 3.15190433e-03 -1.98195037e-02 -1.44366454e-02 4.00616182e-03 -2.87771467e-02 2.58868355e-02 -8.55483115e-03 1.19013535e-02 -2.98993802e-03 1.51638070e-03 -7.14087347e-03 4.93527681e-04 5.10018144e-04 -1.08617414e-02
1.48309283e-02 -1.74714029e-02 -3.01613216e-03 1.95790716e-02 1.42575232e-02 -3.85861844e-03 2.81776711e-02 -2.52936054e-02 8.36607814e-03 -1.16247656e-02 2.91362451e-03 -1.48061512e-03 6.97052851e-03 -4.81562543e-04 -4.98892914e-04 1.06005287e-02
-2.06208788e-03 2.74816086e-03 5.45238727e-04 -3.04492540e-03 -2.31910683e-03 6.63335610e-04 -4.66123782e-03 4.20053955e-03 -1.39180489e-03 1.93790114e-03 -4.87938552e-04 2.46947515e-04 -1.16337941e-03 8.04220035e-05 8.30206409e-05 -1.76979008e-03
-1.79996360e-02 1.78714879e-02 2.94707157e-03 -2.02480964e-02 -1.43591538e-02 3.84213426e-03 -2.81454101e-02 2.53183376e-02 -8.37757997e-03 1.16489325e-02 -2.92304298e-03 1.48347556e-03 -6.98450767e-03 4.82635049e-04 4.99407528e-04 -1.06231570e-02
-2.48792451e-02 3.48017812e-02 6.47694478e-03 -3.99581492e-02 -2.85411738e-02 8.02021287e-03 -5.69782071e-02 5.13081476e-02 -1.69844236e-02 2.36340482e-02 -5.94530534e-03 3.01144947e-03 -1.41841415e-02 9.80435289e-04 1.01254205e-03 -2.15765573e-02
-1.05947591e-02 1.28774997e-02 2.30951142e-03 -1.48583464e-02 -1.06903603e-02 2.93499324e-03 -2.12538876e-02 1.90167762e-02 -6.29370613e-03 8.73800647e-03 -2.19482952e-03 1.11329928e-03 -5.24274725e-03 3.62301595e-04 3.74627532e-04 -7.97398575e-03
3.10894884e-02 -3.16435881e-02 -5.44544077e-03 3.65775600e-02 2.54219919e-02 -7.03465380e-03 5.02280109e-02 -4.51328009e-02 1.49482209e-02 -2.07988378e-02 5.22897439e-03 -2.65015336e-03 1.24817202e-02 -8.62706918e-04 -8.91177391e-04 1.89861823e-02
-5.84933255e-03 4.16992651e-03 6.20682607e-04 -4.89240326e-03 -3.28061706e-03 8.47204705e-04 -6.38951780e-03 5.74192358e-03 -1.87934609e-03 2.61675962e-03 -6.54351548e-04 3.32862255e-04 -1.56683393e-03 1.08250759e-04 1.12030502e-04 -2.38275831e-03
-3.18098664e-02 4.11935411e-02 7.19380984e-03 -4.52456661e-02 -3.31924297e-02 9.21361800e-03 -6.61859289e-02 5.94935194e-02 -1.96836218e-02 2.73895338e-02 -6.88652927e-03 3.48964427e-03 -1.64357051e-02 1.13602018e-03 1.17342628e-03 -2.50009242e-02
-4.17523608e-02 4.53456417e-02 7.48952292e-03 -5.10210246e-02 -3.63874510e-02 9.93746892e-03 -7.16376454e-02 6.43499941e-02 -2.13117898e-02 2.96314694e-02 -7.43953651e-03 3.77506809e-03 -1.77741963e-02 1.22826651e-03 1.27041282e-03 -2.70340163e-02
-7.37798661e-02 8.22415799e-02 1.40478257e-02 -8.97084624e-02 -6.62172884e-02 1.81790553e-02 -1.31273583e-01 1.18342541e-01 -3.90205458e-02 5.42945489e-02 -1.36438468e-02 6.91755163e-03 -3.25781554e-02 2.25167489e-03 2.32647732e-03 -4.95550297e-02
5.21798525e-03 -6.67946413e-03 -1.23749196e-03 7.85312429e-03 5.52735897e-03 -1.53312611e-03 1.10071748e-02 -9.89853218e-03 3.27615673e-03 -4.55876859e-03 1.14601676e-03 -5.80715656e-04 2.73490231e-03 -1.89021201e-04 -1.95354805e-04 4.16005589e-03
-1.10774636e-01 1.38944089e-01 2.47161109e-02 -1.55158460e-01 -1.11553341e-01 3.09202727e-02 -2.22672671e-01 1.99759081e-01 -6.61435351e-02 9.20020640e-02 -2.31064875e-02 1.17212366e-02 -5.51947132e-02 3.81462788e-03 3.94269172e-03 -8.39547068e-02
-4.67003435e-02 4.54380400e-02 7.65260775e-03 -5.04925549e-02 -3.63525860e-02 9.95349046e-03 -7.19455034e-02 6.46629184e-02 -2.13764794e-02 2.97469739e-02 -7.47794099e-03 3.78969498e-03 -1.78478751e-02 1.23359391e-03 1.27434952e-03 -2.71485802e-02
1.02489367e-02 -1.47149190e-02 -2.70569487e-03 1.63539704e-02 1.21427868e-02 -3.33189196e-03 2.40883008e-02 -2.16710828e-02 7.15706311e-03 -9.95723810e-03 2.49967468e-03 -1.26851094e-03 5.97325433e-03 -4.12773399e-04 -4.27010003e-04 9.08516906e-03
1.38706760e-02 -1.57225225e-02 -2.76564341e-03 1.75874829e-02 1.28120324e-02 -3.49493534e-03 2.52808444e-02 -2.27580257e-02 7.51639856e-03 -1.04458006e-02 2.62064277e-03 -1.33102573e-03 6.26450311e-03 -4.32701490e-04 -4.48639679e-04 9.52578057e-03
6.04241947e-03 -1.01358593e-02 -1.91075529e-03 1.11544579e-02 8.30144621e-03 -2.32845149e-03 1.65840499e-02 -1.49332676e-02 4.94068163e-03 -6.87704328e-03 1.72936113e-03 -8.76260397e-04 4.12712153e-03 -2.85265793e-04 -2.94661906e-04 6.27797190e-03
1.52106304e-02 -1.67921409e-02 -2.86783930e-03 1.93215366e-02 1.36384759e-02 -3.74060753e-03 2.69910190e-02 -2.42557097e-02 8.01882707e-03 -1.11416830e-02 2.79300171e-03 -1.41975691e-03 6.68238662e-03 -4.61658812e-04 -4.78319387e-04 1.01623973e-02
1.20910285e-02 -1.48297539e-02 -2.61617219e-03 1.65283401e-02 1.19776754e-02 -3.30386357e-03 2.37491596e-02 -2.13545412e-02 7.06929341e-03 -9.83357150e-03 2.47056759e-03 -1.25287194e-03 5.89985680e-03 -4.07754531e-04 -4.21409233e-04 8.97405017e-03
-1.88879902e-03 -8.90460890e-03 -2.15785531e-03 9.46951844e-03 7.89171830e-03 -2.32990854e-03 1.60675049e-02 -1.44726038e-02 4.81327483e-03 -6.70836866e-03 1.69175828e-03 -8.55046790e-04 4.02923999e-03 -2.78581312e-04 -2.87351693e-04 6.13008859e-03
-1.25918137e-02 1.29185067e-02 2.07899581e-03 -1.53738111e-02 -1.03764962e-02 2.72093364e-03 -2.03294307e-02 1.82193350e-02 -6.01071911e-03 8.35434254e-03 -2.08938564e-03 1.06401998e-03 -5.00564883e-03 3.45707027e-04 3.58812540e-04 -7.61125190e-03
-3.00054103e-02 3.77347283e-02 6.66923635e-03 -4.25232537e-02 -3.07067372e-02 8.47458001e-03 -6.10498898e-02 5.49459159e-02 -1.81759093e-02 2.52692476e-02 -6.33481517e-03 3.21987597e-03 -1.51543235e-02 1.04693521e-03 1.08504959e-03 -2.30465792e-02
1.13240620e-02 -1.86184403e-02 -3.57435271e-03 2.03849189e-02 1.53939649e-02 -4.35185805e-03 3.08123566e-02 -2.77500767e-02 9.19110794e-03 -1.27957528e-02 3.22007225e-03 -1.63043616e-03 7.68043753e-03 -5.30914171e-04 -5.48155047e-04 1.16836196e-02
-2.66573317e-02 3.04204840e-02 5.15215565e-03 -3.37964967e-02 -2.45902482e-02 6.81395084e-03 -4.85890694e-02 4.36916165e-02 -1.44679807e-02 2.01314054e-02 -5.06418617e-03 2.56515364e-03 -1.20824613e-02 8.35173763e-04 8.62430199e-04 -1.83795970e-02
2.84099616e-02 -3.64431664e-02 -6.56119687e-03 4.02718820e-02 2.95354966e-02 -8.24092794e-03 5.88773191e-02 -5.29358350e-02 1.75083708e-02 -2.43523382e-02 6.12445036e-03 -3.10318219e-03 1.46150179e-02 -1.01017370e-03 -1.04343286e-03 2.22314354e-02
1.18869189e-02 -5.74238366e-03 -7.99765054e-04 8.69749952e-03 5.12749329e-03 -1.12322264e-03 9.47621185e-03 -8.47100560e-03 2.74254801e-03 -3.81032750e-03 9.34461015e-04 -4.84359392e-04 2.26875208e-03 -1.56306865e-04 -1.64974364e-04 3.44586000e-03
