3.89215425e-02 -5.92061505e-02 -3.53145637e-02 -1.68144796e-02 1.75756309e-02 -2.27615889e-02 2.95650959e-02 -3.32254879e-02 1.19508128e-03 7.35287694e-03 4.07724036e-03 1.03377793e-02 3.83415492e-04 -1.54165169e-02 2.64883321e-02 1.30772749e-02
-9.90418345e-02 1.56786889e-01 8.74179602e-02 4.23837267e-02 -4.32100296e-02 5.64089827e-02 -7.28932172e-02 8.24504495e-02 -2.92897015e-03 -1.82905104e-02 -1.01199653e-02 -2.56999061e-02 -9.45715350e-04 3.83391567e-02 -6.58727065e-02 -3.25199291e-02
-2.95925681e-02 3.91632393e-02 2.12928206e-02 9.41248052e-03 -1.06824907e-02 1.37001406e-02 -1.77994240e-02 2.00249534e-02 -7.15702481e-04 -4.41116886e-03 -2.44739233e-03 -6.20396761e-03 -2.30904974e-04 9.25169699e-03 -1.58960335e-02 -7.84797408e-03
-3.31244767e-02 4.90078740e-02 2.89889835e-02 1.35259815e-02 -1.43426983e-02 1.85140092e-02 -2.39696298e-02 2.70289369e-02 -9.55893716e-04 -5.97266713e-03 -3.31149669e-03 -8.39570444e-03 -3.10832809e-04 1.25226667e-02 -2.15160809e-02 -1.06223794e-02
-1.39720663e-01 2.55830795e-01 1.62484214e-01 8.20865706e-02 -8.30226466e-02 1.09260745e-01 -1.39926031e-01 1.59285992e-01 -5.62326703e-03 -3.52505222e-02 -1.94998179e-02 -4.95436564e-02 -1.82806840e-03 7.39081204e-02 -1.26986474e-01 -6.26929998e-02
3.74445096e-02 -6.07977733e-02 -3.37727107e-02 -1.54311387e-02 1.67957991e-02 -2.16360297e-02 2.80583762e-02 -3.15055177e-02 1.12651463e-03 6.93330728e-03 3.84945725e-03 9.75399558e-03 3.64735053e-04 -1.45438658e-02 2.49890722e-02 1.23378010e-02
2.99018249e-03 -1.65110081e-02 -1.31742563e-02 -7.63099454e-03 6.71420293e-03 -9.44189262e-03 1.20779546e-02 -1.38501646e-02 4.83517360e-04 3.09233065e-03 1.70374406e-03 4.33822535e-03 1.57820949e-04 -6.47430494e-03 1.11236414e-02 5.49127348e-03
-1.62442755e-02 2.22051255e-02 1.13978507e-02 4.27099317e-03 -5.79110160e-03 6.90807309e-03 -9.08473693e-03 1.00149726e-02 -3.70754569e-04 -2.18909932e-03 -1.23035524e-03 -3.09302472e-03 -1.21207893e-04 4.60544508e-03 -7.91421439e-03 -3.90891824e-03
6.70454185e-03 5.26152970e-03 4.83671809e-03 2.62776483e-03 -2.50604097e-03 3.35831149e-03 -4.31910949e-03 4.89296205e-03 -1.75106179e-04 -1.08442991e-03 -6.03049819e-04 -1.52543141e-03 -5.70675875e-05 2.27460195e-03 -3.90818482e-03 -1.92966440e-03
3.22263911e-02 -4.47032116e-02 -2.41992958e-02 -1.05576059e-02 1.22070955e-02 -1.46628404e-02 1.94768142e-02 -2.17847452e-02 7.67189136e-04 4.68306569e-03 2.60459539e-03 6.59172563e-03 2.48824799e-04 -9.82528087e-03 1.68822929e-02 8.33558384e-03
1.23926364e-02 -1.76524743e-02 -9.71069559e-03 -4.58822865e-03 4.95009776e-03 -6.29371498e-03 8.13188963e-03 -9.20133479e-03 3.24969937e-04 2.03004573e-03 1.12516957e-03 2.85383733e-03 1.05736806e-04 -4.25655721e-03 7.31349736e-03 3.61067639e-03
3.38510349e-02 -4.92750928e-02 -2.90418621e-02 -1.39413290e-02 1.44555029e-02 -1.87406037e-02 2.42614895e-02 -2.74116490e-02 9.71262809e-04 6.07181760e-03 3.36131989e-03 8.53239372e-03 3.15482001e-04 -1.27260685e-02 2.18656361e-02 1.07950373e-02
-2.12329905e-02 2.49112546e-02 1.30916331e-02 5.65972831e-03 -6.43945718e-03 7.89094064e-03 -1.02366954e-02 1.14732478e-02 -4.13655158e-04 -2.53072381e-03 -1.40831829e-03 -3.56303854e-03 -1.34021742e-04 5.31092333e-03 -9.12527926e-03 -4.50555794e-03
-3.20725366e-02 4.75924090e-02 2.67989822e-02 1.22121489e-02 -1.35276858e-02 1.68194920e-02 -2.19381228e-02 2.45975815e-02 -8.90553521e-04 -5.40076336e-03 -2.99724005e-03 -7.59736216e-03 -2.84653273e-04 1.13270814e-02 -1.94624849e-02 -9.60929599e-03
-8.77874345e-02 9.47341174e-02 5.00585549e-02 2.11514179e-02 -2.22678799e-02 2.91646626e-02 -3.78296971e-02 4.25052829e-02 -1.52393174e-03 -9.40312352e-03 -5.19807683e-03 -1.32075101e-02 -4.85361234e-04 1.97028611e-02 -3.38525325e-02 -1.67119969e-02
3.58729362e-02 -5.12919053e-02 -2.65563186e-02 -1.21974358e-02 1.23989657e-02 -1.63366888e-02 2.11441722e-02 -2.37714723e-02 8.40664317e-04 5.27588511e-03 2.91643129e-03 7.41147203e-03 2.71516183e-04 -1.10560553e-02 1.89958643e-02 9.37772822e-03
-5.84507585e-02 1.02046177e-01 6.27509356e-02 3.14423218e-02 -3.17731611e-02 4.20793332e-02 -5.41789010e-02 6.15940914e-02 -2.15955474e-03 -1.36375548e-02 -7.53342640e-03 -1.91500932e-02 -7.01710291e-04 2.85720676e-02 -4.90911230e-02 -2.42348574e-02
1.56030571e-02 -1.53753245e-02 -4.90222406e-03 -6.70643465e-04 2.67856242e-03 -2.19169166e-03 3.21299187e-03 -3.28469649e-03 1.42433433e-04 6.39756152e-04 3.80673882e-04 9.22891195e-04 4.55391055e-05 -1.36519969e-03 2.34705186e-03 1.16197811e-03
-4.86158812e-03 4.02353099e-03 1.55181589e-03 4.87878453e-04 -7.39076466e-04 8.29364115e-04 -1.12653465e-03 1.21076358e-03 -4.42825331e-05 -2.60795932e-04 -1.46098988e-04 -3.67962115e-04 -1.40656739e-05 5.48187003e-04 -9.41894075e-04 -4.65076271e-04
-9.68973786e-02 1.18962288e-01 6.81524128e-02 3.41532826e-02 -3.42325941e-02 4.49536704e-02 -5.74151278e-02 6.54081255e-02 -2.29528151e-03 -1.45371286e-02 -8.03328492e-03 -2.04149522e-02 -7.47215236e-04 3.04587651e-02 -5.23326658e-02 -2.58350745e-02
-2.10595801e-02 3.21684629e-02 1.98687781e-02 9.81246214e-03 -9.87150613e-03 1.30091002e-02 -1.67993419e-02 1.90435871e-02 -6.70638576e-04 -4.21310076e-03 -2.33026850e-03 -5.91839617e-03 -2.17679684e-04 8.82886164e-03 -1.51693868e-02 -7.48879556e-03
-2.49947198e-02 3.80433835e-02 2.56045423e-02 1.37481699e-02 -1.28553435e-02 1.76346935e-02 -2.25654524e-02 2.58048512e-02 -9.05633904e-04 -5.75248990e-03 -3.17437970e-03 -8.07468966e-03 -2.95042177e-04 1.20488377e-02 -2.07017288e-02 -1.02197742e-02
-4.75515649e-02 7.89806694e-02 4.30330783e-02 1.95528232e-02 -2.19165869e-02 2.75849346e-02 -3.64199467e-02 4.04563770e-02 -1.46034639e-03 -8.83862190e-03 -4.94241063e-03 -1.24651827e-02 -4.81553143e-04 1.85711775e-02 -3.19119766e-02 -1.57621559e-02
-2.44100615e-02 4.25671078e-02 2.77796686e-02 1.45231048e-02 -1.39392596e-02 1.89331211e-02 -2.42415015e-02 2.76650004e-02 -9.73720918e-04 -6.15714770e-03 -3.40200332e-03 -8.64640623e-03 -3.16790480e-04 1.29001429e-02 -2.21642740e-02 -1.09418351e-02
1.18777379e-02 -2.07631662e-02 -1.37643619e-02 -7.21654110e-03 6.98080519e-03 -9.44221951e-03 1.21021839e-02 -1.38053969e-02 4.85220458e-04 3.07290303e-03 1.69679080e-03 4.31427639e-03 1.57918650e-04 -6.43723644e-03 1.10601550e-02 5.46007371e-03
-5.47948740e-02 9.90472734e-02 5.98403923e-02 2.95192432e-02 -2.98662595e-02 3.90569344e-02 -5.04775271e-02 5.72226942e-02 -2.01343931e-03 -1.26591111e-02 -6.99889474e-03 -1.77823938e-02 -6.54664531e-04 2.65271757e-02 -4.55778912e-02 -2.25008298e-02
-1.59467347e-02 2.43243873e-02 1.56730562e-02 7.90444016e-03 -7.89397117e-03 1.05202720e-02 -1.35133769e-02 1.53667340e-02 -5.44186158e-04 -3.41315405e-03 -1.89027342e-03 -4.79602581e-03 -1.77360809e-04 7.15414062e-03 -1.22923749e-02 -6.06881687e-03
2.40043923e-02 -4.16403115e-02 -2.65661217e-02 -1.37238065e-02 1.32937199e-02 -1.79503411e-02 2.29813978e-02 -2.61912551e-02 9.24353430e-04 5.82571235e-03 3.22175864e-03 8.18273146e-03 3.00822954e-04 -1.22076999e-02 2.09748521e-02 1.03548858e-02
-7.91114271e-02 1.00337937e-01 5.13209589e-02 2.21690815e-02 -2.47065667e-02 3.13950814e-02 -4.09846082e-02 4.58650738e-02 -1.63354911e-03 -1.00993980e-02 -5.61905000e-03 -1.42114153e-02 -5.31581405e-04 2.11747270e-02 -3.63814868e-02 -1.79616939e-02
2.43174993e-02 -3.76693830e-02 -2.21769139e-02 -1.00355381e-02 1.12227174e-02 -1.41157443e-02 1.82796735e-02 -2.06651799e-02 7.41810887e-04 4.53801034e-03 2.52768188e-03 6.39081188e-03 2.41603906e-04 -9.52579826e-03 1.63679551e-02 8.08226876e-03
3.65208313e-02 -5.97288683e-02 -3.29559781e-02 -1.56152733e-02 1.64004434e-02 -2.12020669e-02 2.75934897e-02 -3.12213544e-02 1.11737277e-03 6.83063269e-03 3.78931290e-03 9.61096212e-03 3.60608712e-04 -1.43344915e-02 2.46304013e-02 1.21618360e-02
-4.04004157e-02 5.79973161e-02 3.29260789e-02 1.59589183e-02 -1.56062869e-02 2.09169053e-02 -2.67840978e-02 3.04985661e-02 -1.07062620e-03 -6.76120119e-03 -3.73794604e-03 -9.49520431e-03 -3.47919471e-04 1.41659901e-02 -2.43392251e-02 -1.20155606e-02
6.55857893e-03 -5.51001681e-03 -5.16947999e-04 8.33976956e-04 2.50893994e-04 2.25367519e-04 -2.34419218e-04 3.50858725e-04 -1.01507894e-05 -9.77973832e-05 -5.21767797e-05 -1.35046852e-04 -4.18379750e-06 2.02583658e-04 -3.48072499e-04 -1.71779844e-04
5.52196950e-02 -1.01120152e-01 -6.14407286e-02 -3.09041105e-02 3.04628238e-02 -4.01633084e-02 5.19370437e-02 -5.88258915e-02 2.07147584e-03 1.30664799e-02 7.22206198e-03 1.83459651e-02 6.71523274e-04 -2.73726787e-02 4.70303297e-02 2.32174434e-02
-6.27229884e-02 1.05432466e-01 6.62525222e-02 3.42181139e-02 -3.39737758e-02 4.45067510e-02 -5.78456633e-02 6.50770962e-02 -2.29419186e-03 -1.44165419e-02 -7.97436759e-03 -2.02432238e-02 -7.41339521e-04 3.02043110e-02 -5.18954545e-02 -2.56191529e-02
2.28367317e-02 -3.83883119e-02 -2.17385478e-02 -1.05410544e-02 1.10156210e-02 -1.42389946e-02 1.84308030e-02 -2.07583867e-02 7.38307834e-04 4.58046095e-03 2.54235696e-03 6.44312706e-03 2.40553447e-04 -9.60820913e-03 1.65088065e-02 8.15081690e-03
-5.05781360e-02 6.67104647e-02 3.18456739e-02 1.33486604e-02 -1.55073348e-02 1.94195937e-02 -2.51897071e-02 2.87339352e-02 -1.00856379e-03 -6.21591741e-03 -3.44801648e-03 -8.73951241e-03 -3.24008754e-04 1.30340429e-02 -2.23945901e-02 -1.10554602e-02
1.15751643e-02 -2.56749168e-02 -1.85067393e-02 -1.02005349e-02 9.38462652e-03 -1.29115088e-02 1.65101439e-02 -1.88897979e-02 6.63258717e-04 4.21428774e-03 2.32550805e-03 5.91533491e-03 2.16122658e-04 -8.82667396e-03 1.51655758e-02 7.48675317e-03
-1.23240221e-02 1.74323320e-02 9.48827248e-03 4.20135446e-03 -4.67128167e-03 5.72291808e-03 -7.38401199e-03 8.34156945e-03 -2.95059435e-04 -1.85063842e-03 -1.02348812e-03 -2.59942003e-03 -9.54717907e-05 3.87793407e-03 -6.66286657e-03 -3.28927441e-03
-1.14483070e-02 2.95616742e-02 2.33549066e-02 1.33173214e-02 -1.19019058e-02 1.66236516e-02 -2.12191679e-02 2.43549142e-02 -8.52861675e-04 -5.43318130e-03 -2.99762283e-03 -7.62581173e-03 -2.78542226e-04 1.13791907e-02 -1.95511822e-02 -9.65179782e-03
5.77490730e-03 -7.68222706e-03 -3.88198439e-03 -1.41384848e-03 2.06087460e-03 -2.25070748e-03 2.98507093e-03 -3.28648253e-03 1.20641533e-04 7.06187915e-04 3.97867901e-04 9.97974421e-04 3.92588736e-05 -1.48569548e-03 2.55294936e-03 1.26084441e-03
8.85369163e-03 -1.42744556e-02 -8.56412016e-03 -4.16935235e-03 4.42901580e-03 -5.63037209e-03 7.33101834e-03 -8.25467613e-03 2.92331126e-04 1.82277092e-03 1.00848544e-03 2.56158574e-03 9.45412175e-05 -3.82085098e-03 6.56491844e-03 3.24104424e-03
2.68773846e-02 -3.18873152e-02 -1.35470834e-02 -4.55805566e-03 7.24270940e-03 -7.80940708e-03 1.03013795e-02 -1.12195946e-02 4.05407598e-04 2.40692333e-03 1.35646330e-03 3.40050389e-03 1.30817527e-04 -5.06433146e-03 8.70179385e-03 4.29711724e-03
-3.59829515e-02 3.98971662e-02 2.27955692e-02 1.03315730e-02 -1.09153586e-02 1.41261667e-02 -1.81575380e-02 2.06493419e-02 -7.27827835e-04 -4.57693543e-03 -2.52899900e-03 -6.42731227e-03 -2.35568237e-04 9.58966743e-03 -1.64764877e-02 -8.13394599e-03
2.94149760e-02 -5.44574335e-02 -3.14004086e-02 -1.50196711e-02 1.59075167e-02 -2.04519778e-02 2.65047550e-02 -3.01330592e-02 1.09102426e-03 6.58224477e-03 3.65600293e-03 9.26834252e-03 3.53832409e-04 -1.38166239e-02 2.37356592e-02 1.17239617e-02
-4.82805595e-02 7.10614547e-02 4.11028601e-02 1.91360619e-02 -2.09048465e-02 2.62797195e-02 -3.41453701e-02 3.83979194e-02 -1.37066504e-03 -8.39789771e-03 -4.67148144e-03 -1.18158292e-02 -4.40863660e-04 1.76207218e-02 -3.02759223e-02 -1.49477934e-02
-2.16031503e-02 4.77699116e-02 3.17947529e-02 1.67593658e-02 -1.61948763e-02 2.17133705e-02 -2.79347692e-02 3.17353830e-02 -1.11875369e-03 -7.04429159e-03 -3.89636680e-03 -9.89756174e-03 -3.64029111e-04 1.47663094e-02 -2.53716484e-02 -1.25255641e-02
-1.55398212e-02 2.63086632e-02 1.59263164e-02 8.09123460e-03 -8.13223515e-03 1.07479095e-02 -1.37642957e-02 1.56747717e-02 -5.51009958e-04 -3.48132802e-03 -1.92308775e-03 -4.88905748e-03 -1.79058508e-04 7.29458313e-03 -1.25331972e-02 -6.18726341e-03
-4.84020310e-03 9.38717090e-03 7.73415295e-03 4.62184008e-03 -3.89779545e-03 5.52284392e-03 -7.07150670e-03 8.13176017e-03 -2.84088863e-04 -1.81738846e-03 -1.00147096e-03 -2.54959543e-03 -9.28607697e-05 3.80492932e-03 -6.53743884e-03 -3.22728837e-03
3.22452374e-02 -5.21885604e-02 -2.86591575e-02 -1.40494751e-02 1.37318699e-02 -1.81898456e-02 2.34250426e-02 -2.66210064e-02 9.33705771e-04 5.91399381e-03 3.26498365e-03 8.30312073e-03 3.03748588e-04 -1.23891179e-02 2.12864876e-02 1.05084088e-02
4.73738238e-02 -8.05549026e-02 -4.86321151e-02 -2.51415819e-02 2.41065249e-02 -3.23672555e-02 4.16376367e-02 -4.73344140e-02 1.66431360e-03 1.05306916e-02 5.81378862e-03 1.47840232e-02 5.40801906e-04 -2.20595002e-02 3.79015915e-02 1.87108088e-02
-8.72329250e-03 1.07885972e-02 4.35251743e-03 1.11059821e-03 -2.23421119e-03 2.30452348e-03 -3.10014165e-03 3.28831770e-03 -1.30970773e-04 -6.95890863e-04 -4.02608712e-04 -9.91984853e-04 -4.27824889e-05 1.47284137e-03 -2.53200228e-03 -1.25151069e-03
2.16212161e-02 -3.46441753e-02 -2.10868269e-02 -1.02313207e-02 1.04407845e-02 -1.38129275e-02 1.78339556e-02 -2.01783516e-02 7.17858144e-04 4.45526140e-03 2.47120694e-03 6.26283046e-03 2.32367587e-04 -9.34075471e-03 1.60491243e-02 7.92355649e-03
2.48629809e-03 -3.60228308e-03 -2.29602400e-03 -1.17166014e-03 1.13621086e-03 -1.53477979e-03 1.96625735e-03 -2.24507810e-03 7.89024198e-05 4.99929709e-04 2.76021019e-04 7.01870595e-04 2.56845215e-05 -1.04725710e-03 1.79934851e-03 8.88286217e-04
-1.61640868e-02 2.81772744e-02 1.91048048e-02 1.01734372e-02 -9.72265750e-03 1.31585384e-02 -1.68773159e-02 1.92533936e-02 -6.76814292e-04 -4.28314693e-03 -2.36536143e-03 -6.01381157e-03 -2.20169735e-04 8.97287484e-03 -1.54167684e-02 -7.61082768e-03
-2.47686151e-02 2.80538257e-02 1.52653828e-02 6.70850696e-03 -7.56200403e-03 9.60177183e-03 -1.23938676e-02 1.40587334e-02 -5.02429088e-04 -3.06233228e-03 -1.71309873e-03 -4.31454834e-03 -1.63461955e-04 6.43001590e-03 -1.10489158e-02 -5.45633491e-03
9.71658435e-03 -1.31712928e-02 -7.25467829e-03 -3.11835669e-03 3.68549116e-03 -4.58908966e-03 5.99279068e-03 -6.71831332e-03 2.41581292e-04 1.46907871e-03 8.20089306e-04 2.07036524e-03 7.88498146e-05 -3.08518228e-03 5.30111417e-03 2.61767907e-03
4.24103579e-03 -9.62554570e-03 -6.30558934e-03 -3.28928581e-03 3.20736924e-03 -4.26919991e-03 5.48903178e-03 -6.24803314e-03 2.19998910e-04 1.38908322e-03 7.67367834e-04 1.95054861e-03 7.14815615e-05 -2.91021867e-03 5.00020338e-03 2.46846210e-03
-1.18945511e-02 3.12779434e-02 2.38496903e-02 1.33575974e-02 -1.22069726e-02 1.69040859e-02 -2.16034465e-02 2.47414503e-02 -8.67698633e-04 -5.51888952e-03 -3.04485834e-03 -7.74666201e-03 -2.83066387e-04 1.15594128e-02 -1.98608320e-02 -9.80466325e-03
3.47227640e-02 -5.07227257e-02 -3.06725595e-02 -1.47465803e-02 1.47401560e-02 -1.93563830e-02 2.49072984e-02 -2.82028895e-02 9.92254121e-04 6.26448449e-03 3.46196583e-03 8.79731774e-03 3.22221516e-04 -1.31251384e-02 2.25509219e-02 1.11327115e-02
1.44238565e-02 -2.06237920e-02 -1.13817398e-02 -4.90350882e-03 5.54011203e-03 -6.88283006e-03 8.95051006e-03 -1.00269327e-02 3.57845187e-04 2.20804731e-03 1.22591236e-03 3.10549489e-03 1.15393683e-04 -4.63110581e-03 7.95704965e-03 3.92838567e-03
3.96058373e-02 -6.67679310e-02 -4.15440463e-02 -2.12392770e-02 2.07477547e-02 -2.76286397e-02 3.55389118e-02 -4.03266475e-02 1.42574182e-03 8.94699804e-03 4.95460629e-03 1.25688938e-02 4.62623808e-04 -1.87499467e-02 3.22149619e-02 1.59040075e-02
1.11064389e-02 -1.06003499e-02 -3.51002300e-03 -7.21724122e-04 1.64159597e-03 -1.55753107e-03 2.17687059e-03 -2.25416245e-03 8.95696357e-05 4.57605725e-04 2.66609655e-04 6.55258889e-04 3.00290485e-05 -9.70410823e-04 1.66800374e-03 8.24863790e-04
6.50065839e-02 -9.98705402e-02 -5.76843806e-02 -2.87559722e-02 2.87312120e-02 -3.80744822e-02 4.91518825e-02 -5.57198152e-02 1.95653690e-03 1.23637002e-02 6.83109462e-03 1.73607226e-02 6.35844772e-04 -2.59025488e-02 4.45044599e-02 2.19705347e-02
1.09416572e-02 -1.79414954e-02 -9.10216291e-03 -3.66862235e-03 4.63313702e-03 -5.48520591e-03 7.20321806e-03 -7.94699974e-03 2.87481002e-04 1.73181435e-03 9.69811517e-04 2.44227960e-03 9.34572963e-05 -3.63875879e-03 6.25230139e-03 3.08728917e-03
-4.64007119e-03 8.73057544e-03 5.82969747e-03 3.06252949e-03 -2.95344507e-03 3.96633567e-03 -5.09071443e-03 5.80501975e-03 -2.04117547e-04 -1.29061670e-03 -7.12996756e-04 -1.81218015e-03 -6.64702166e-05 2.70380732e-03 -4.64557204e-03 -2.29340652e-03
3.26763541e-02 -5.24983071e-02 -3.08716279e-02 -1.48139792e-02 1.50797982e-02 -1.97841190e-02 2.55611148e-02 -2.89103482e-02 1.01658632e-03 6.41276035e-03 3.54559510e-03 9.00619291e-03 3.30228970e-04 -1.34370280e-02 2.30868999e-02 1.13973338e-02
-9.28649306e-02 7.56365284e-02 7.25168642e-03 -5.55950403e-03 -1.37771375e-03 -5.06774813e-04 2.93744612e-04 -1.47632253e-03 2.35207262e-05 4.57362592e-04 1.90657214e-04 5.99144492e-04 3.70730595e-06 -9.22196486e-04 1.58263149e-03 7.76110857e-04
7.73103489e-03 -1.26064587e-02 -7.38413353e-03 -3.45398765e-03 3.79123329e-03 -4.78895754e-03 6.21167524e-03 -6.98357215e-03 2.49854609e-04 1.53818738e-03 8.56042025e-04 2.16522650e-03 8.14582454e-05 -3.22782202e-03 5.54614328e-03 2.73846695e-03
-1.19914021e-02 1.73459146e-02 9.10752825e-03 3.77779431e-03 -4.73138317e-03 5.50724380e-03 -7.40108080e-03 8.05327017e-03 -2.97613791e-04 -1.73904165e-03 -9.86541621e-04 -2.46328791e-03 -9.94356160e-05 3.66369984e-03 -6.29629567e-03 -3.11101787e-03
-5.40814102e-02 9.11249518e-02 5.23552187e-02 2.26037782e-02 -2.47445852e-02 3.13009657e-02 -4.06788103e-02 4.56243120e-02 -1.64872629e-03 -1.00366473e-02 -5.59017574e-03 -1.41371265e-02 -5.39523258e-04 2.10679658e-02 -3.62029597e-02 -1.78760346e-02
-1.33438054e-02 1.65249277e-02 8.41718633e-03 3.90319526e-03 -4.26116074e-03 5.33819664e-03 -6.87367655e-03 7.78373331e-03 -2.76055711e-04 -1.72750128e-03 -9.55819094e-04 -2.42716540e-03 -8.92784956e-05 3.62076098e-03 -6.22101407e-03 -3.07116401e-03
-1.60298079e-01 2.85128236e-01 1.66211098e-01 8.31618607e-02 -8.41696188e-02 1.10534333e-01 -1.43133089e-01 1.61553860e-01 -5.70914568e-03 -3.57786603e-02 -1.98115800e-02 -5.02720810e-02 -1.85120211e-03 7.49938190e-02 -1.28851071e-01 -6.36122301e-02
1.43358018e-03 -9.52225062e-04 6.03025430e-04 7.54676177e-04 -1.95229455e-04 7.21756660e-04 -7.97581626e-04 1.04910124e-03 -3.62679712e-05 -2.53273931e-04 -1.37002367e-04 -3.53547046e-04 -1.23682848e-05 5.28431090e-04 -9.07914946e-04 -4.48152015e-04
4.73895622e-03 -1.60420258e-02 -1.07182506e-02 -5.55883814e-03 5.41899912e-03 -7.21135177e-03 9.27138980e-03 -1.05332611e-02 3.73053626e-04 2.34082504e-03 1.29448657e-03 3.28824064e-03 1.21086174e-04 -4.90521546e-03 8.42798594e-03 4.16077161e-03
-1.05211353e-02 4.77030780e-03 -6.77851727e-04 -1.66615820e-03 9.44944331e-05 -1.13777339e-03 1.30985491e-03 -1.66515145e-03 3.94157541e-05 4.27995896e-04 2.16885848e-04 5.79479500e-04 1.09452221e-05 -8.76609469e-04 1.50382635e-03 7.39359471e-04
3.01061496e-02 -4.04735133e-02 -2.20770277e-02 -1.00482684e-02 1.10201417e-02 -1.42074162e-02 1.82651300e-02 -2.06846036e-02 7.32541957e-04 4.56603011e-03 2.53528985e-03 6.42103516e-03 2.38564637e-04 -9.57595091e-03 1.64530724e-02 8.12306255e-03
-6.16999939e-02 1.03298217e-01 6.17426783e-02 3.08034234e-02 -3.04336995e-02 3.99626456e-02 -5.13058677e-02 5.84231466e-02 -2.05211993e-03 -1.29888412e-02 -7.17245694e-03 -1.82356797e-02 -6.67193963e-04 2.72093546e-02 -4.67497483e-02 -2.30788961e-02
1.47388950e-02 -2.66072620e-02 -1.62875950e-02 -7.97601510e-03 8.12629145e-03 -1.06663490e-02 1.37606012e-02 -1.55842118e-02 5.54725411e-04 3.44519969e-03 1.91020477e-03 4.84403269e-03 1.80151852e-04 -7.22399773e-03 1.24121644e-02 6.12808205e-03
4.07858640e-02 -6.44532964e-02 -4.05579358e-02 -2.02022046e-02 2.01545563e-02 -2.67227013e-02 3.42846252e-02 -3.90106700e-02 1.37744553e-03 8.67384300e-03 4.79393546e-03 1.21818883e-02 4.47157916e-04 -1.81742534e-02 3.12261526e-02 1.54155567e-02
7.54341157e-03 -1.82609279e-02 -1.07591227e-02 -5.19307936e-03 5.64463995e-03 -7.14375125e-03 9.33946390e-03 -1.04869697e-02 3.71321454e-04 2.30035931e-03 1.27653475e-03 3.23532335e-03 1.20458033e-04 -4.82476270e-03 8.28983076e-03 4.09281999e-03
7.20089581e-03 -9.09174047e-03 -4.90106363e-03 -2.20617419e-03 2.39902735e-03 -3.05556646e-03 3.97538487e-03 -4.45727911e-03 1.58168608e-04 9.83276055e-04 5.44367358e-04 1.38187769e-03 5.10172285e-05 -2.06125434e-03 3.54158762e-03 1.74842367e-03
-1.49648432e-02 2.74875350e-02 1.74603947e-02 8.72389041e-03 -8.76277406e-03 1.15830740e-02 -1.48358895e-02 1.68567933e-02 -5.96684695e-04 -3.74916615e-03 -2.07203534e-03 -5.26587712e-03 -1.93462227e-04 7.85595085e-03 -1.34977382e-02 -6.66349614e-03
1.47469398e-02 -2.85403766e-02 -1.86782740e-02 -9.74352844e-03 9.38088074e-03 -1.26027409e-02 1.61665138e-02 -1.84348337e-02 6.47731766e-04 4.10189992e-03 2.26486451e-03 5.75898634e-03 2.10762417e-04 -8.59289058e-03 1.47638805e-02 7.28847925e-03
4.43629399e-02 -7.41382986e-02 -4.04133089e-02 -1.94933228e-02 2.00351272e-02 -2.62332223e-02 3.40103582e-02 -3.83013561e-02 1.34803529e-03 8.49979091e-03 4.69784439e-03 1.19373063e-02 4.37822280e-04 -1.78095829e-02 3.05996072e-02 1.51061006e-02
5.87075250e-03 -2.23097159e-03 -9.86800296e-06 2.78573134e-04 -3.31374176e-05 1.90772218e-04 -2.30079924e-04 2.99970881e-04 -9.47384615e-06 -7.07718355e-05 -3.74934534e-05 -9.82782076e-05 -3.28155011e-06 1.47098879e-04 -2.52736412e-04 -1.24739876e-04
-7.94953853e-02 1.36789888e-01 7.33818114e-02 3.43271457e-02 -3.68252248e-02 4.68681306e-02 -6.06934913e-02 6.85085505e-02 -2.41682702e-03 -1.51235647e-02 -8.40462092e-03 -2.12613922e-02 -7.89683196e-04 3.17104869e-02 -5.44850118e-02 -2.68996190e-02
1.52378120e-02 -7.86516629e-03 1.02829270e-03 2.81694159e-03 -1.20659592e-04 1.75320171e-03 -1.93425338e-03 2.57179490e-03 -7.61939300e-05 -6.50331960e-04 -3.43804888e-04 -8.98380298e-04 -2.74861995e-05 1.34778325e-03 -2.31511774e-03 -1.14164711e-03
-5.14642559e-02 7.92000592e-02 4.58949655e-02 2.24747881e-02 -2.27428600e-02 2.99189184e-02 -3.85474376e-02 4.36321758e-02 -1.54667348e-03 -9.67982225e-03 -5.36385924e-03 -1.36018209e-02 -5.02570067e-04 2.02883519e-02 -3.48587260e-02 -1.72094330e-02
1.88675132e-02 -3.04090157e-02 -1.70954727e-02 -8.44251737e-03 8.47014692e-03 -1.11390138e-02 1.43021103e-02 -1.62547175e-02 5.74310368e-04 3.61059280e-03 1.99696538e-03 5.07144863e-03 1.86226040e-04 -7.56578706e-03 1.29991733e-02 6.41738065e-03
-4.95419949e-02 7.33068436e-02 4.21469174e-02 2.01557335e-02 -2.09101811e-02 2.72150598e-02 -3.49574201e-02 3.95661443e-02 -1.40272023e-03 -8.77720118e-03 -4.85805329e-03 -1.23319598e-02 -4.54608758e-04 1.83955245e-02 -3.16067301e-02 -1.56039391e-02
-9.99691710e-03 1.27628231e-02 7.33939465e-03 3.59505555e-03 -3.61116277e-03 4.77886014e-03 -6.16181036e-03 6.98012067e-03 -2.47356307e-04 -1.54744228e-03 -8.56832718e-04 -2.17429525e-03 -8.02481154e-05 3.24312993e-03 -5.57223009e-03 -2.75093340e-03
4.43926379e-02 -8.20559412e-02 -5.22398874e-02 -2.64060833e-02 2.57576816e-02 -3.43220644e-02 4.41800058e-02 -5.02387807e-02 1.76973082e-03 1.11551452e-02 6.15919335e-03 1.56618021e-02 5.73589699e-04 -2.33677775e-02 4.01493236e-02 1.98205225e-02
3.31011824e-02 -6.24199361e-02 -4.10248637e-02 -2.15682406e-02 2.03998759e-02 -2.76926681e-02 3.55182290e-02 -4.05038148e-02 1.42263749e-03 9.01840534e-03 4.97905910e-03 1.26609653e-02 4.62949247e-04 -1.88912600e-02 3.24580446e-02 1.60235204e-02
1.26434155e-02 -1.96310394e-02 -1.01282084e-02 -4.28495975e-03 5.10863308e-03 -6.23613503e-03 8.16281326e-03 -9.10645351e-03 3.25958419e-04 1.99677632e-03 1.11180381e-03 2.81101745e-03 1.05655308e-04 -4.19043563e-03 7.19999522e-03 3.55488597e-03
2.86010392e-02 -5.94964512e-02 -3.74251604e-02 -1.81303117e-02 1.88727956e-02 -2.46689711e-02 3.17890756e-02 -3.60559411e-02 1.28442422e-03 7.93655403e-03 4.40079952e-03 1.11616291e-02 4.15903894e-04 -1.66466590e-02 2.86044776e-02 1.41223222e-02
4.52460423e-02 -6.69756383e-02 -3.34987231e-02 -1.31305009e-02 1.66945979e-02 -2.02135388e-02 2.66692266e-02 -2.95172408e-02 1.07433589e-03 6.49447460e-03 3.63977370e-03 9.16582532e-03 3.49347945e-04 -1.36441039e-02 2.34468170e-02 1.15813222e-02
5.02408016e-03 -1.26974452e-02 -1.02615887e-02 -5.82216354e-03 5.16848546e-03 -7.24677229e-03 9.25900787e-03 -1.06073860e-02 3.70949885e-04 2.36883457e-03 1.30632019e-03 3.32422135e-03 1.21167497e-04 -4.96080471e-03 8.52341577e-03 4.20770561e-03
1.97534189e-02 -2.96786148e-02 -1.55702634e-02 -7.34049687e-03 8.21498409e-03 -1.01849912e-02 1.32667944e-02 -1.50356423e-02 5.25691779e-04 3.25579219e-03 1.81183941e-03 4.58270591e-03 1.71950072e-04 -6.83240127e-03 1.17393946e-02 5.79613959e-03
-2.43947580e-02 4.20396253e-02 2.67585460e-02 1.36258593e-02 -1.32597527e-02 1.77935120e-02 -2.28339676e-02 2.59756967e-02 -9.14630073e-04 -5.77794667e-03 -3.19221173e-03 -8.11298098e-03 -2.97124760e-04 1.21047385e-02 -2.07977612e-02 -1.02672400e-02
-3.87030393e-02 5.27440757e-02 2.87310015e-02 1.25744166e-02 -1.36725567e-02 1.75311901e-02 -2.26876233e-02 2.56599821e-02 -9.15323966e-04 -5.65545354e-03 -3.13967559e-03 -7.95199070e-03 -2.95321457e-04 1.18581392e-02 -2.03742851e-02 -1.00587616e-02
2.71660518e-02 -4.45814356e-02 -2.40174737e-02 -9.87652317e-03 1.17513603e-02 -1.44763114e-02 1.90446433e-02 -2.11253967e-02 7.80336210e-04 4.59440146e-03 2.58746697e-03 6.49256771e-03 2.59237509e-04 -9.66163445e-03 1.66037455e-02 8.20279121e-03
-1.89738367e-02 3.01182009e-02 1.76914856e-02 8.68044235e-03 -8.72350950e-03 1.15498770e-02 -1.49024082e-02 1.68999080e-02 -5.95495803e-04 -3.74182314e-03 -2.07011891e-03 -5.25605492e-03 -1.93188534e-04 7.84111395e-03 -1.34722255e-02 -6.65092096e-03
2.09260061e-02 -3.43244523e-02 -2.07020566e-02 -1.02410782e-02 1.03743691e-02 -1.35645783e-02 1.74441542e-02 -1.97712686e-02 6.99555152e-04 4.38794214e-03 2.42662197e-03 6.16330607e-03 2.26456046e-04 -9.19529982e-03 1.57989357e-02 7.79955415e-03
8.59051850e-03 -1.66447386e-02 -1.29445130e-02 -7.34172529e-03 6.59887772e-03 -9.19906609e-03 1.17853992e-02 -1.35131553e-02 4.73533553e-04 3.01363552e-03 1.66195154e-03 4.22949111e-03 1.54455440e-04 -6.31135935e-03 1.08438786e-02 5.35327755e-03
-7.42941257e-03 6.15313882e-03 -1.23535283e-04 -1.57875719e-03 8.50111828e-05 -1.09692523e-03 1.42607780e-03 -1.76084111e-03 5.39751345e-05 4.18815151e-04 2.23607480e-04 5.80468681e-04 1.93399028e-05 -8.68746953e-04 1.49255653e-03 7.36546936e-04
-3.46313640e-02 5.34210131e-02 3.38710509e-02 1.63434949e-02 -1.69094168e-02 2.25619841e-02 -2.89863218e-02 3.30315977e-02 -1.16388744e-03 -7.33640045e-03 -4.05208999e-03 -1.03016850e-02 -3.77360819e-04 1.53699657e-02 -2.64079273e-02 -1.30368192e-02
-5.88513985e-02 1.12952739e-01 6.83993027e-02 3.39561813e-02 -3.44976522e-02 4.51947637e-02 -5.87367937e-02 6.61059543e-02 -2.34659365e-03 -1.46664772e-02 -8.10533110e-03 -2.05962099e-02 -7.56256573e-04 3.07290070e-02 -5.27972281e-02 -2.60645375e-02
-2.89257690e-02 6.19695298e-02 4.00457904e-02 2.05700323e-02 -2.01520231e-02 2.69671753e-02 -3.45895775e-02 3.94326411e-02 -1.38632220e-03 -8.78236070e-03 -4.84891003e-03 -1.23294629e-02 -4.51093714e-04 1.83967948e-02 -3.16084549e-02 -1.56041225e-02
-3.26181203e-03 5.30407671e-03 3.95259028e-03 2.22706678e-03 -1.99137907e-03 2.78685102e-03 -3.55553976e-03 4.07785410e-03 -1.43174067e-04 -9.12118645e-04 -5.02800103e-04 -1.27985224e-03 -4.66608290e-05 1.90988951e-03 -3.28148226e-03 -1.61994970e-03
-2.52133869e-02 4.01687063e-02 2.23747063e-02 1.03347311e-02 -1.06686587e-02 1.39668444e-02 -1.80316269e-02 2.03513224e-02 -7.18384865e-04 -4.50647902e-03 -2.49259104e-03 -6.33054506e-03 -2.32678984e-04 9.44407284e-03 -1.62263550e-02 -8.01054388e-03
-4.10170667e-02 6.37163669e-02 3.60058993e-02 1.66975223e-02 -1.77958496e-02 2.27448214e-02 -2.92896293e-02 3.31738144e-02 -1.17782515e-03 -7.36133568e-03 -4.07420378e-03 -1.03434175e-02 -3.81207763e-04 1.54293487e-02 -2.65101045e-02 -1.30875465e-02
-5.98026998e-02 9.26848650e-02 4.82998826e-02 2.30942648e-02 -2.35422999e-02 3.06241754e-02 -3.93530950e-02 4.48012576e-02 -1.56980893e-03 -9.89708118e-03 -5.47096599e-03 -1.38989286e-02 -5.09464240e-04 2.07367390e-02 -3.56287844e-02 -1.75889414e-02
2.64159050e-02 -4.79474887e-02 -2.86411066e-02 -1.30437240e-02 1.45535031e-02 -1.88366342e-02 2.43016295e-02 -2.74321083e-02 9.73701361e-04 6.06525457e-03 3.35685979e-03 8.52641929e-03 3.14923585e-04 -1.27182696e-02 2.18522102e-02 1.07882824e-02
-1.10641390e-01 1.81591585e-01 9.29401964e-02 4.33216132e-02 -4.59780134e-02 6.00851327e-02 -7.80351833e-02 8.74754116e-02 -3.10815428e-03 -1.93845145e-02 -1.07394410e-02 -2.72405632e-02 -1.00329705e-03 4.06337194e-02 -6.98150173e-02 -3.44663598e-02
-3.92555073e-03 -1.21878544e-02 -1.19742453e-02 -7.30543025e-03 6.25330629e-03 -8.93316604e-03 1.14054391e-02 -1.31101590e-02 4.59745614e-04 2.93010962e-03 1.61613408e-03 4.11207927e-03 1.50101565e-04 -6.13624137e-03 1.05430055e-02 5.20474184e-03
2.71434430e-02 -4.60434593e-02 -2.88739372e-02 -1.45378495e-02 1.48742152e-02 -1.92664489e-02 2.48147361e-02 -2.81269029e-02 9.90389031e-04 6.22270443e-03 3.44355125e-03 8.74165259e-03 3.21638305e-04 -1.30412979e-02 2.24070475e-02 1.10618938e-02
1.46549568e-02 -1.95402149e-02 -1.04694413e-02 -4.47288435e-03 5.59857162e-03 -6.53394358e-03 8.62478372e-03 -9.63253155e-03 3.54958203e-04 2.07523047e-03 1.16441702e-03 2.93474086e-03 1.18880402e-04 -4.36811661e-03 7.50643155e-03 3.70874535e-03
2.64376216e-02 -4.90374193e-02 -2.87871026e-02 -1.40238125e-02 1.45211313e-02 -1.89699922e-02 2.44220924e-02 -2.77223438e-02 9.74401133e-04 6.13227114e-03 3.39211407e-03 8.61394498e-03 3.16387683e-04 -1.28504960e-02 2.20791083e-02 1.08999023e-02
2.20712833e-02 -3.15108262e-02 -1.88868809e-02 -8.64232332e-03 9.35836323e-03 -1.19827092e-02 1.55425584e-02 -1.75543092e-02 6.25481887e-04 3.87743441e-03 2.15070066e-03 5.45096444e-03 2.02286144e-04 -8.12948216e-03 1.39679546e-02 6.89602224e-03
1.25483815e-02 -1.87096167e-02 -1.01892119e-02 -4.70301090e-03 5.11403661e-03 -6.50672009e-03 8.38418398e-03 -9.47334897e-03 3.36781581e-04 2.09675916e-03 1.16187159e-03 2.94704293e-03 1.08854161e-04 -4.39563487e-03 7.55240815e-03 3.72852222e-03
5.40047735e-02 -9.80586782e-02 -6.10148162e-02 -3.06072570e-02 3.00777536e-02 -4.02516797e-02 5.16248643e-02 -5.88732809e-02 2.06976081e-03 1.30787222e-02 7.22394511e-03 1.83639787e-02 6.72492723e-04 -2.74000037e-02 4.70773242e-02 2.32406743e-02
-1.52645186e-02 2.40596235e-02 1.35834897e-02 6.17336482e-03 -6.90731127e-03 8.79146345e-03 -1.13665415e-02 1.27950776e-02 -4.54626163e-04 -2.82316376e-03 -1.56688469e-03 -3.97092151e-03 -1.47809274e-04 5.92168234e-03 -1.01745194e-02 -5.02337050e-03
-7.41898194e-02 1.26272663e-01 7.88554326e-02 3.89648117e-02 -3.91934253e-02 5.19423336e-02 -6.67994916e-02 7.59414658e-02 -2.69404380e-03 -1.68244764e-02 -9.32232197e-03 -2.36471407e-02 -8.74848745e-04 3.52700762e-02 -6.06003627e-02 -2.99185272e-02
4.57375199e-02 -8.15368593e-02 -5.02144620e-02 -2.57216152e-02 2.52704844e-02 -3.34578380e-02 4.29159999e-02 -4.88918498e-02 1.71780260e-03 1.08534601e-02 5.99647826e-03 1.52403740e-02 5.58289874e-04 -2.27388497e-02 3.90687846e-02 1.92871112e-02
-4.41356748e-02 7.75099993e-02 4.88797352e-02 2.40788218e-02 -2.43146084e-02 3.17674018e-02 -4.08374593e-02 4.64359038e-02 -1.63601246e-03 -1.03266742e-02 -5.70362387e-03 -1.44993905e-02 -5.31054451e-04 2.16333903e-02 -3.71694602e-02 -1.83494519e-02
5.45661226e-02 -9.73264873e-02 -5.62182367e-02 -2.76699439e-02 2.81654056e-02 -3.68666723e-02 4.78077084e-02 -5.40411063e-02 1.91031536e-03 1.19602764e-02 6.61152741e-03 1.67987421e-02 6.17308775e-04 -2.50603762e-02 4.30574343e-02 2.12565381e-02
1.83660351e-02 -3.18311453e-02 -1.74518898e-02 -8.20940640e-03 9.35368333e-03 -1.15555851e-02 1.49689112e-02 -1.68579239e-02 5.95693768e-04 3.70468921e-03 2.05781683e-03 5.21297054e-03 1.93534026e-04 -7.77334906e-03 1.33560598e-02 6.59399061e-03
