1.62913091e-02 -2.99978685e-02 -2.20393296e-02 -2.47148499e-02 1.59093812e-02 -7.91065209e-03 2.24350262e-02 3.37811699e-03 -7.95092154e-03 -2.34663626e-03 8.68014153e-03 1.31627284e-02 5.20581845e-03 -3.73803545e-03 1.72604341e-02 3.47692817e-02
-3.79166976e-02 9.39459801e-02 6.74912035e-02 8.12636241e-02 -5.26386946e-02 2.56686788e-02 -7.48625025e-02 -1.17668035e-02 2.68641096e-02 7.94894248e-03 -2.92911045e-02 -4.44121845e-02 -1.75755005e-02 1.26088681e-02 -5.82630634e-02 -1.17385343e-01
-1.15557071e-02 2.09406205e-02 1.50004923e-02 1.86405871e-02 -1.18352156e-02 5.88852633e-03 -1.68046709e-02 -2.53690034e-03 5.99818164e-03 1.77189161e-03 -6.54311432e-03 -9.92177520e-03 -3.92517215e-03 2.81769806e-03 -1.30135547e-02 -2.62159407e-02
-1.06893405e-02 2.88430862e-02 2.41867043e-02 2.99297720e-02 -1.93041340e-02 9.45344940e-03 -2.76023913e-02 -4.42909682e-03 9.96321626e-03 2.96135037e-03 -1.08556766e-02 -1.64588783e-02 -6.51529105e-03 4.67138272e-03 -2.15957165e-02 -4.35150415e-02
-5.34272939e-02 1.10724710e-01 7.41859823e-02 8.24552774e-02 -5.30112982e-02 2.81501710e-02 -7.21587315e-02 -1.01059284e-02 2.56066602e-02 7.47700408e-03 -2.79405192e-02 -4.23779152e-02 -1.67614538e-02 1.20445853e-02 -5.55813983e-02 -1.11949973e-01
1.85972396e-02 -3.49650122e-02 -2.06072126e-02 -2.04517301e-02 1.30500114e-02 -7.25427875e-03 1.79742146e-02 1.95581582e-03 -6.08655857e-03 -1.73725549e-03 6.67923363e-03 1.01379249e-02 3.99510888e-03 -2.89560040e-03 1.32734822e-02 2.66863033e-02
4.53456398e-03 -9.10642557e-05 4.18734504e-03 1.04770428e-02 -6.82576653e-03 2.70937569e-03 -1.07658934e-02 -2.27382546e-03 4.15298296e-03 1.30933325e-03 -4.48173052e-03 -6.79149246e-03 -2.70421128e-03 1.90899905e-03 -8.92677251e-03 -1.80561151e-02
-8.17706436e-03 1.00486865e-02 5.35471179e-03 5.07509429e-03 -3.26791219e-03 1.69433712e-03 -4.35971702e-03 -5.74623526e-04 1.49853330e-03 4.30079061e-04 -1.64239702e-03 -2.49148253e-03 -9.82964993e-04 7.09844637e-04 -3.26328725e-03 -6.56543300e-03
1.17870215e-02 2.39969846e-02 2.60011591e-02 3.58812921e-02 -2.32675746e-02 1.13825658e-02 -3.36800739e-02 -5.50860260e-03 1.22123687e-02 3.63001460e-03 -1.33072613e-02 -2.01763660e-02 -7.98624661e-03 5.72755700e-03 -2.64729336e-02 -5.33397533e-02
1.32944826e-02 -2.57032104e-02 -1.88107006e-02 -2.08957456e-02 1.38995312e-02 -6.86550979e-03 1.95061956e-02 2.65590614e-03 -6.90112449e-03 -2.04288680e-03 7.52711575e-03 1.14148287e-02 4.51568095e-03 -3.24144517e-03 1.49714909e-02 3.01598851e-02
6.03445852e-03 -6.25939202e-03 -2.55328789e-03 -2.07426841e-03 1.33717852e-03 -6.91322726e-04 1.66316680e-03 1.69109378e-04 -5.61714114e-04 -1.61087155e-04 6.15109282e-04 9.32596857e-04 3.68237874e-04 -2.65266222e-04 1.22165831e-03 2.45941686e-03
1.47293340e-02 -2.84679756e-02 -2.13595852e-02 -2.48199925e-02 1.60255414e-02 -7.83688575e-03 2.26068776e-02 3.44270538e-03 -8.06618668e-03 -2.38697999e-03 8.79822578e-03 1.33430874e-02 5.27788745e-03 -3.78972571e-03 1.74996499e-02 3.52509767e-02
-9.87931527e-03 1.66538469e-02 1.24776112e-02 1.44602042e-02 -9.49454680e-03 4.66334866e-03 -1.33515252e-02 -2.09115585e-03 4.78867814e-03 1.41560729e-03 -5.22299996e-03 -7.92047288e-03 -3.13322013e-03 2.24931724e-03 -1.03881164e-02 -2.09266413e-02
-1.37134455e-02 3.03281210e-02 2.20803246e-02 2.45787147e-02 -1.62074547e-02 8.08969326e-03 -2.25720201e-02 -3.21594626e-03 7.97425862e-03 2.35301699e-03 -8.70780554e-03 -1.32083660e-02 -5.22251800e-03 3.75363929e-03 -1.73199046e-02 -3.48813720e-02
-4.13372368e-02 4.36184034e-02 3.08964550e-02 3.30005325e-02 -2.11376846e-02 1.04998108e-02 -3.03590000e-02 -4.79518436e-03 1.09049790e-02 3.24461795e-03 -1.18858600e-02 -1.80223640e-02 -7.13390810e-03 5.11483010e-03 -2.36461181e-02 -4.76466455e-02
1.57797150e-02 -7.62170739e-03 1.10504916e-04 3.21966503e-03 -2.16569775e-03 1.00692688e-03 -3.21896398e-03 -5.55065635e-04 1.19152211e-03 3.55888566e-04 -1.29722524e-03 -1.96677214e-03 -7.78798654e-04 5.58207743e-04 -2.58129719e-03 -5.20154275e-03
-2.05402393e-02 3.95223200e-02 2.57341377e-02 3.08154654e-02 -1.93384755e-02 9.72044747e-03 -2.71233618e-02 -3.90815362e-03 9.65211354e-03 2.86249770e-03 -1.05204992e-02 -1.59515347e-02 -6.31342968e-03 4.52752458e-03 -2.09272262e-02 -4.21666950e-02
2.69693742e-03 -2.19579618e-02 -2.05083936e-02 -2.82532535e-02 1.85034983e-02 -8.96259397e-03 2.66901739e-02 4.36812406e-03 -9.68306046e-03 -2.88296002e-03 1.05484668e-02 1.59939583e-02 6.33172039e-03 -4.53944970e-03 2.09870394e-02 4.22890410e-02
-2.71818601e-03 4.55591944e-05 -8.72825971e-04 -1.48574007e-03 9.66376450e-04 -4.66436002e-04 1.42143760e-03 2.42488997e-04 -5.21256181e-04 -1.55611226e-04 5.67518000e-04 8.60492990e-04 3.40724335e-04 -2.44188559e-04 1.12929079e-03 2.27567693e-03
-4.78615947e-02 2.64859572e-03 -1.31316017e-02 -2.35777441e-02 1.53242424e-02 -7.26872589e-03 2.28599943e-02 3.84971593e-03 -8.34299717e-03 -2.49011838e-03 9.08544287e-03 1.37759829e-02 5.45448018e-03 -3.90963117e-03 1.80786792e-02 3.64300869e-02
-7.80169200e-03 1.69262812e-02 1.36802802e-02 1.62819959e-02 -1.05212443e-02 5.19154174e-03 -1.49916736e-02 -2.31415126e-03 5.38084470e-03 1.59772357e-03 -5.86442137e-03 -8.89190566e-03 -3.51932389e-03 2.52375053e-03 -1.16656059e-02 -2.35052146e-02
-9.36280098e-03 1.39597077e-02 8.98534246e-03 1.01864897e-02 -6.39593136e-03 3.15281679e-03 -9.02796537e-03 -1.42217614e-03 3.23627354e-03 9.61447600e-04 -3.52676143e-03 -5.34746144e-03 -2.11655837e-03 1.51778699e-03 -7.01576192e-03 -1.41362967e-02
-2.44750846e-02 4.30723056e-02 2.23036446e-02 2.21630614e-02 -1.42187411e-02 7.35147670e-03 -1.96016915e-02 -2.30318727e-03 6.65872777e-03 1.91532972e-03 -7.29536219e-03 -1.10688172e-02 -4.36644163e-03 3.15792533e-03 -1.44992489e-02 -2.91657932e-02
-5.43776620e-03 3.62937562e-02 3.10697164e-02 4.07478325e-02 -2.59176288e-02 1.28883291e-02 -3.71715128e-02 -5.94312232e-03 1.34244729e-02 3.97725729e-03 -1.46343028e-02 -2.21902076e-02 -8.78053438e-03 6.30166102e-03 -2.91087218e-02 -5.86447157e-02
4.15582256e-03 -1.02159334e-02 -7.03432085e-03 -8.88090208e-03 5.49538853e-03 -2.75998702e-03 7.63642229e-03 1.14451058e-03 -2.71926937e-03 -8.03883886e-04 2.96573970e-03 4.49653994e-03 1.77917257e-03 -1.27660984e-03 5.89809706e-03 1.18829058e-02
-5.24921529e-03 6.67545050e-02 6.03633858e-02 7.95122609e-02 -5.16597889e-02 2.50578076e-02 -7.44342953e-02 -1.21480757e-02 2.69901510e-02 8.03814549e-03 -2.93990020e-02 -4.45757955e-02 -1.76474024e-02 1.26504479e-02 -5.84924333e-02 -1.17865570e-01
-8.56308453e-03 1.28286956e-02 8.28163326e-03 7.66156381e-03 -4.85061714e-03 2.64178682e-03 -6.36729226e-03 -7.48985156e-04 2.16156035e-03 6.12379168e-04 -2.37656129e-03 -3.60140041e-03 -1.41920056e-03 1.02797709e-03 -4.71573556e-03 -9.47962329e-03
1.60770379e-02 -1.18784793e-02 -1.98622700e-04 6.21484872e-03 -4.44466854e-03 1.59339234e-03 -7.17699993e-03 -1.43016526e-03 2.73741689e-03 8.44397931e-04 -2.96365423e-03 -4.49618604e-03 -1.78473291e-03 1.27332145e-03 -5.91001660e-03 -1.19202118e-02
-4.24685739e-02 6.15313873e-02 3.78748178e-02 3.99458893e-02 -2.56594997e-02 1.29879983e-02 -3.60637866e-02 -5.02812350e-03 1.26579413e-02 3.72992479e-03 -1.38353650e-02 -2.09956598e-02 -8.28813482e-03 5.96529571e-03 -2.74922568e-02 -5.53560890e-02
1.30355172e-02 -1.47097763e-02 -7.65693048e-03 -5.64260408e-03 3.57743935e-03 -1.89558603e-03 4.35506320e-03 3.38151265e-04 -1.43914053e-03 -3.98338307e-04 1.58648775e-03 2.40781042e-03 9.46755928e-04 -6.88492204e-04 3.14771826e-03 6.32400624e-03
1.53277069e-02 -3.45012322e-02 -2.16706321e-02 -2.37993337e-02 1.53860971e-02 -7.82281067e-03 2.16647629e-02 2.72708014e-03 -7.59237539e-03 -2.21237936e-03 8.29792023e-03 1.25884172e-02 4.97510470e-03 -3.59249301e-03 1.65167265e-02 3.32322977e-02
-1.42935850e-02 2.06339508e-02 1.38967121e-02 1.48249511e-02 -9.60871857e-03 4.86556161e-03 -1.37452455e-02 -2.15086620e-03 4.95459978e-03 1.47195556e-03 -5.39924437e-03 -8.18582717e-03 -3.24009848e-03 2.32289336e-03 -1.07393973e-02 -2.16402616e-02
4.49340697e-03 4.44556540e-03 6.15653628e-03 8.90627597e-03 -5.75318793e-03 2.79597333e-03 -8.35665315e-03 -1.37997686e-03 3.03760497e-03 9.04955086e-04 -3.30849318e-03 -5.01642702e-03 -1.98604050e-03 1.42364437e-03 -6.58271974e-03 -1.32646132e-02
1.12148114e-02 -6.10786155e-02 -5.16635925e-02 -6.51633516e-02 4.25229408e-02 -2.04953216e-02 6.10956848e-02 9.93038993e-03 -2.20990591e-02 -6.58160169e-03 2.40741745e-02 3.64997610e-02 1.44500639e-02 -1.03584183e-02 4.78947759e-02 9.65108126e-02
-1.34389885e-02 6.37424737e-02 5.55342324e-02 7.30285197e-02 -4.79637869e-02 2.33394541e-02 -6.88715875e-02 -1.11353220e-02 2.48543918e-02 7.40250666e-03 -2.70749219e-02 -4.10492197e-02 -1.62516236e-02 1.16496095e-02 -5.38658984e-02 -1.08543314e-01
7.05197360e-03 -1.99047439e-02 -1.40060652e-02 -1.73708461e-02 1.12634841e-02 -5.58596803e-03 1.60397030e-02 2.53797835e-03 -5.77091519e-03 -1.71165785e-03 6.28949702e-03 9.53638647e-03 3.77444108e-03 -2.70699617e-03 1.25114871e-02 2.52091270e-02
-2.56825574e-02 2.19853688e-02 9.48871858e-03 9.18715075e-03 -5.77625772e-03 2.93976208e-03 -7.97042064e-03 -9.91583802e-04 2.82120262e-03 8.33750644e-04 -3.07809445e-03 -4.66675963e-03 -1.84645737e-03 1.32474850e-03 -6.12098956e-03 -1.23321265e-02
-1.66954286e-03 -2.23907381e-02 -2.21221708e-02 -2.99202222e-02 1.92749333e-02 -9.42274183e-03 2.78949887e-02 4.52185189e-03 -1.01078581e-02 -3.00882431e-03 1.10098412e-02 1.66934114e-02 6.60894532e-03 -4.73765517e-03 2.19054166e-02 4.41406220e-02
1.31317414e-04 2.16984339e-02 2.17360295e-02 2.94059385e-02 -1.91923305e-02 9.28819273e-03 -2.76310984e-02 -4.53917868e-03 1.00280894e-02 2.98636383e-03 -1.09233921e-02 -1.65622365e-02 -6.55688392e-03 4.70035896e-03 -2.17329171e-02 -4.37928997e-02
-7.02440040e-03 -2.85700150e-03 -7.16883782e-03 -1.19842645e-02 7.97183253e-03 -3.85113643e-03 1.17322346e-02 1.96826365e-03 -4.29078378e-03 -1.27949833e-03 4.67251660e-03 7.08460761e-03 2.80496036e-03 -2.01056921e-03 9.29696113e-03 1.87341366e-02
1.89455354e-03 -6.36800844e-03 -5.41404122e-03 -6.82582241e-03 4.49384470e-03 -2.19218293e-03 6.35187794e-03 9.94178932e-04 -2.28510168e-03 -6.77440374e-04 2.49125413e-03 3.77739267e-03 1.49477704e-03 -1.07250258e-03 4.95536346e-03 9.98350326e-03
7.31065311e-03 2.01909384e-03 5.71497623e-03 9.58003849e-03 -6.22667279e-03 3.02951457e-03 -9.31462180e-03 -1.66100066e-03 3.44654010e-03 1.03188877e-03 -3.75070516e-03 -5.68598416e-03 -2.25214544e-03 1.61305594e-03 -7.46344775e-03 -1.50418626e-02
1.68727990e-02 -1.07214181e-02 -1.54967990e-03 1.07698038e-03 -4.73212742e-04 6.06294780e-05 -1.33128837e-03 -4.35946917e-04 5.84911322e-04 1.87877566e-04 -6.29033777e-04 -9.54708084e-04 -3.80235258e-04 2.69718992e-04 -1.25775347e-03 -2.53951689e-03
-1.92196853e-02 7.26065598e-04 -4.59631486e-03 -9.73113533e-03 6.46759290e-03 -3.12204240e-03 9.66236088e-03 1.67289563e-03 -3.54203279e-03 -1.05778244e-03 3.85598722e-03 5.84680168e-03 2.31509283e-03 -1.65920414e-03 7.67314248e-03 1.54623846e-02
1.16165495e-02 -3.67171392e-02 -2.50783600e-02 -2.90906373e-02 1.88214779e-02 -9.49418638e-03 2.64063813e-02 3.51848197e-03 -9.35534108e-03 -2.74859974e-03 1.02226073e-02 1.55173512e-02 6.13017613e-03 -4.43102140e-03 2.03437246e-02 4.09473218e-02
-1.96049921e-02 3.80149260e-02 2.88430266e-02 3.35869007e-02 -2.20293310e-02 1.11137182e-02 -3.09915692e-02 -4.58547659e-03 1.10557182e-02 3.26873455e-03 -1.20586846e-02 -1.82804801e-02 -7.23397406e-03 5.19095408e-03 -2.39817835e-02 -4.83152084e-02
-3.18605918e-03 3.84859666e-02 3.10242064e-02 3.97541523e-02 -2.58593131e-02 1.28633585e-02 -3.68367471e-02 -5.73855685e-03 1.32086677e-02 3.89617775e-03 -1.43988235e-02 -2.18307525e-02 -8.63993168e-03 6.19858457e-03 -2.86436044e-02 -5.77058867e-02
6.29588310e-03 3.80424708e-02 4.01744395e-02 5.68054207e-02 -3.69314440e-02 1.79337244e-02 -5.34738563e-02 -8.82385299e-03 1.94334313e-02 5.78912022e-03 -2.11665425e-02 -3.20932306e-02 -1.27059538e-02 9.10793338e-03 -4.21137959e-02 -8.48620981e-02
-3.88803473e-03 -2.02807412e-03 -4.03248565e-03 -6.23930944e-03 4.29607043e-03 -2.00621504e-03 6.34766370e-03 1.07171480e-03 -2.32175156e-03 -6.93710928e-04 2.52794218e-03 3.83296609e-03 1.51769444e-03 -1.08772505e-03 5.03024273e-03 1.01365820e-02
8.21013562e-03 -2.22595148e-02 -1.58709977e-02 -1.93843693e-02 1.26491226e-02 -6.11992832e-03 1.82461459e-02 2.99943448e-03 -6.62353029e-03 -1.97314494e-03 7.21422909e-03 1.09383892e-02 4.33059735e-03 -3.10426531e-03 1.43537298e-02 2.89237257e-02
1.12269633e-02 -3.50130312e-02 -2.79764421e-02 -3.60554531e-02 2.35290453e-02 -1.14126792e-02 3.39470245e-02 5.56312175e-03 -1.23060849e-02 -3.66552803e-03 1.34042203e-02 2.03236919e-02 8.04626197e-03 -5.76779246e-03 2.66693104e-02 5.37403598e-02
-2.56264373e-03 1.14306267e-02 9.33154114e-03 1.20889321e-02 -7.94061087e-03 3.89503036e-03 -1.13473907e-02 -1.82317081e-03 4.09586495e-03 1.21560623e-03 -4.46467847e-03 -6.76939636e-03 -2.67910166e-03 1.92188285e-03 -8.88135284e-03 -1.78935286e-02
8.12123809e-03 -1.50894728e-02 -1.08735282e-02 -1.25379013e-02 7.96229858e-03 -4.00915602e-03 1.13703823e-02 1.76829146e-03 -4.08275286e-03 -1.21201482e-03 4.45064390e-03 6.74753310e-03 2.67069228e-03 -1.91517221e-03 8.85257218e-03 1.78372767e-02
-2.97581544e-04 -6.36172481e-03 -6.31664554e-03 -8.44684988e-03 5.49031189e-03 -2.68343021e-03 7.88409077e-03 1.26386690e-03 -2.85002426e-03 -8.46458308e-04 3.10589699e-03 4.70918696e-03 1.86387415e-03 -1.33677491e-03 6.17844332e-03 1.24486890e-02
-6.40605297e-03 1.35564534e-02 1.06013184e-02 1.43132051e-02 -9.09633283e-03 4.44580102e-03 -1.28870588e-02 -2.03519291e-03 4.64288518e-03 1.37967372e-03 -5.05907601e-03 -7.67070474e-03 -3.03638028e-03 2.17706338e-03 -1.00644315e-02 -2.02797297e-02
-1.88310202e-02 2.20445171e-03 -5.53422049e-03 -1.19008962e-02 7.77162472e-03 -3.39942821e-03 1.17820790e-02 2.39037094e-03 -4.41394327e-03 -1.34199066e-03 4.78745904e-03 7.26125203e-03 2.88092834e-03 -2.05586525e-03 9.53899603e-03 1.92402825e-02
4.38863412e-03 -7.22380262e-03 -5.22080250e-03 -6.34196773e-03 4.05681459e-03 -2.00206321e-03 5.73357521e-03 8.78648541e-04 -2.05411273e-03 -6.07433554e-04 2.24004453e-03 3.39657953e-03 1.34387554e-03 -9.64405655e-04 4.45518643e-03 8.97562504e-03
2.52630329e-04 -6.80763833e-03 -5.85104106e-03 -7.69881904e-03 4.99446550e-03 -2.40700645e-03 7.13814609e-03 1.15886831e-03 -2.58365110e-03 -7.68874888e-04 2.81464774e-03 4.26761247e-03 1.68945617e-03 -1.21115765e-03 5.59977675e-03 1.12837357e-02
-1.89085747e-03 1.71549898e-02 1.42236520e-02 1.65753253e-02 -1.07775722e-02 5.25553944e-03 -1.53963175e-02 -2.46690447e-03 5.55310212e-03 1.65315461e-03 -6.05058530e-03 -9.17310826e-03 -3.63146048e-03 2.60327244e-03 -1.20365396e-02 -2.42542122e-02
1.45770619e-02 -1.31178778e-02 -8.33616685e-03 -6.92194887e-03 4.53234790e-03 -2.25351914e-03 6.32688031e-03 1.00257713e-03 -2.26899260e-03 -6.74605661e-04 2.47219810e-03 3.74826789e-03 1.48378615e-03 -1.06369180e-03 4.91803512e-03 9.91007127e-03
5.40697435e-03 -1.04819871e-02 -7.67787592e-03 -8.38247687e-03 5.46051934e-03 -2.70332163e-03 7.66156847e-03 1.17315957e-03 -2.73695495e-03 -8.10021826e-04 2.98463623e-03 4.52521676e-03 1.79064763e-03 -1.28465937e-03 5.93601866e-03 1.19595574e-02
9.82494000e-03 -4.45130393e-02 -3.60994264e-02 -4.40552495e-02 2.88438816e-02 -1.42954541e-02 4.12586108e-02 6.61007315e-03 -1.48833347e-02 -4.42420924e-03 1.62194390e-02 2.45889146e-02 9.73348878e-03 -6.97832089e-03 3.22620720e-02 6.50089830e-02
1.14815123e-03 -1.73155256e-02 -1.65495165e-02 -2.27628686e-02 1.48721505e-02 -7.22959917e-03 2.14965902e-02 3.52215953e-03 -7.80002540e-03 -2.32232013e-03 8.49686190e-03 1.28833838e-02 5.10022743e-03 -3.65653681e-03 1.69051643e-02 3.40640023e-02
2.41128728e-02 -5.41841760e-02 -3.88769992e-02 -4.86200750e-02 3.12617794e-02 -1.52373007e-02 4.47596051e-02 7.10716564e-03 -1.61202494e-02 -4.79499903e-03 1.75629221e-02 2.66280826e-02 1.05412295e-02 -7.55705219e-03 3.49393897e-02 7.04039410e-02
2.57632416e-03 -1.55418133e-02 -1.30699137e-02 -1.68508701e-02 1.09841106e-02 -5.39033208e-03 1.57058556e-02 2.52212305e-03 -5.66969113e-03 -1.68435636e-03 6.17831480e-03 9.36754420e-03 3.70785082e-03 -2.65888055e-03 1.22904992e-02 2.47644056e-02
-1.85088231e-03 5.31324651e-03 4.06393409e-03 4.57978947e-03 -3.00680543e-03 1.49314199e-03 -4.12506610e-03 -5.66255883e-04 1.45444088e-03 4.28337225e-04 -1.58804108e-03 -2.40732287e-03 -9.52066504e-04 6.83821680e-04 -3.15689505e-03 -6.35873387e-03
7.16217980e-03 -3.88086885e-02 -3.40339281e-02 -4.30417955e-02 2.78543979e-02 -1.36043001e-02 3.99821438e-02 6.40149601e-03 -1.44225881e-02 -4.28704359e-03 1.57145690e-02 2.38250084e-02 9.43127833e-03 -6.76184194e-03 3.12610418e-02 6.29906729e-02
-5.66045046e-02 -1.49002671e-03 -2.55295746e-02 -3.78560312e-02 2.43876670e-02 -1.18462117e-02 3.54118049e-02 5.85033558e-03 -1.28732221e-02 -3.83505295e-03 1.40212635e-02 2.12594029e-02 8.41671880e-03 -6.03332790e-03 2.78971847e-02 5.62146381e-02
3.17896227e-03 -8.51795822e-03 -6.12335047e-03 -6.95706112e-03 4.54831962e-03 -2.31713965e-03 6.27824245e-03 8.76020873e-04 -2.20601354e-03 -6.43358682e-04 2.41152802e-03 3.65723879e-03 1.44481787e-03 -1.04041584e-03 4.79344930e-03 9.65017453e-03
-5.39261056e-03 1.19534731e-02 8.81907623e-03 1.02536529e-02 -6.77876128e-03 3.34575819e-03 -9.53573734e-03 -1.42520014e-03 3.38363461e-03 9.95375449e-04 -3.69373523e-03 -5.60117653e-03 -2.21458892e-03 1.59175147e-03 -7.34432554e-03 -1.47912931e-02
-2.12566368e-02 5.81887849e-02 4.38225940e-02 4.45834324e-02 -2.89496165e-02 1.44725712e-02 -4.07760106e-02 -6.20471872e-03 1.45487832e-02 4.29139705e-03 -1.58751775e-02 -2.40764674e-02 -9.52205807e-03 6.83832960e-03 -3.15747522e-02 -6.35969713e-02
-5.81358932e-03 7.99570046e-03 5.19195292e-03 6.31432096e-03 -4.11006995e-03 1.98027841e-03 -5.77130821e-03 -9.28311900e-04 2.08272506e-03 6.18359656e-04 -2.26974278e-03 -3.44143156e-03 -1.36217219e-03 9.76770767e-04 -4.51516826e-03 -9.09781735e-03
-6.24041148e-02 1.68032587e-01 1.13603957e-01 1.40902385e-01 -9.09105241e-02 4.48924266e-02 -1.29410848e-01 -2.00227275e-02 4.62802574e-02 1.37109812e-02 -5.04559800e-02 -7.64935464e-02 -3.02731488e-02 2.17155274e-02 -1.00352347e-01 -2.02192187e-01
2.36436445e-03 4.74722777e-03 5.66853909e-03 8.03246256e-03 -5.21702645e-03 2.53777299e-03 -7.56646041e-03 -1.24371808e-03 2.74758833e-03 8.18435976e-04 -2.99270172e-03 -4.53758333e-03 -1.79644919e-03 1.28775067e-03 -5.95432753e-03 -1.19983461e-02
1.21172983e-04 -1.36855748e-02 -1.15554603e-02 -1.39043247e-02 9.07753035e-03 -4.46092291e-03 1.28742531e-02 2.03835662e-03 -4.62729530e-03 -1.37198239e-03 5.04529988e-03 7.65070738e-03 3.02730128e-03 -2.17212411e-03 1.00358892e-02 2.02191360e-02
-7.31810648e-03 -6.23128144e-05 -2.17609061e-03 -3.15697212e-03 1.90573174e-03 -9.85580729e-04 2.78693321e-03 4.18985321e-04 -9.99674201e-04 -2.93604215e-04 1.09077559e-03 1.65520655e-03 6.54115982e-04 -4.70922241e-04 2.17031618e-03 4.36926587e-03
1.18599478e-02 -2.84831040e-02 -2.23158654e-02 -2.86065862e-02 1.83546878e-02 -9.09808278e-03 2.61946358e-02 4.15940862e-03 -9.45325568e-03 -2.80384533e-03 1.03035970e-02 1.56216994e-02 6.18259376e-03 -4.43489710e-03 2.04947330e-02 4.12931107e-02
-1.55344289e-02 4.70675379e-02 3.77139077e-02 4.54737768e-02 -2.98222229e-02 1.43945450e-02 -4.25370224e-02 -6.92982553e-03 1.54146980e-02 4.59027383e-03 -1.67909823e-02 -2.54584383e-02 -1.00789685e-02 7.22501008e-03 -3.34067494e-02 -6.73166141e-02
5.21063991e-03 -1.67718567e-02 -1.25697106e-02 -1.42497420e-02 9.17964987e-03 -4.64542583e-03 1.29355751e-02 1.89967710e-03 -4.59869392e-03 -1.35294057e-03 5.02031855e-03 7.61347311e-03 3.01043945e-03 -2.16340506e-03 9.98305995e-03 2.01066807e-02
1.56423617e-02 -3.68370265e-02 -3.02135255e-02 -3.56578231e-02 2.28894148e-02 -1.12996483e-02 3.22767086e-02 5.06973080e-03 -1.15943821e-02 -3.43240169e-03 1.26433112e-02 1.91714931e-02 7.58553389e-03 -5.44361537e-03 2.51475926e-02 5.06632291e-02
2.96564377e-03 -8.41927342e-03 -5.24026947e-03 -6.52187970e-03 4.15929779e-03 -2.05058302e-03 5.80575550e-03 8.32707679e-04 -2.05531949e-03 -6.07128779e-04 2.24167737e-03 3.39896465e-03 1.34482968e-03 -9.65129468e-04 4.45837434e-03 8.98199528e-03
4.17254167e-03 -1.24374148e-03 7.82858115e-04 2.18725554e-03 -1.42960716e-03 6.53483788e-04 -2.17695418e-03 -4.15618502e-04 8.20860791e-04 2.46899464e-04 -8.92474724e-04 -1.35310658e-03 -5.36095758e-04 3.83826991e-04 -1.77647255e-03 -3.58056510e-03
-8.94056819e-03 4.89276880e-03 4.78789676e-04 -2.28203088e-03 1.65279990e-03 -6.58639474e-04 2.79385201e-03 5.29181154e-04 -1.06267270e-03 -3.22756590e-04 1.15318480e-03 1.74767850e-03 6.93133974e-04 -4.95561340e-04 2.29633250e-03 4.62948997e-03
8.30121804e-04 -2.35595293e-02 -2.22113486e-02 -2.92394310e-02 1.89953577e-02 -9.21692327e-03 2.72666309e-02 4.42840671e-03 -9.87603515e-03 -2.93874368e-03 1.07586887e-02 1.63125694e-02 6.45778514e-03 -4.62963292e-03 2.14046761e-02 4.31309976e-02
8.84160772e-03 -4.20371220e-02 -3.31020802e-02 -4.35826071e-02 2.81579103e-02 -1.36857666e-02 4.05883566e-02 6.63204957e-03 -1.46941617e-02 -4.37556533e-03 1.60057899e-02 2.42682192e-02 9.60772764e-03 -6.88715465e-03 3.18448134e-02 6.41692281e-02
4.88018198e-03 3.98345571e-03 5.16995834e-03 7.39215082e-03 -4.80522402e-03 2.33337237e-03 -6.97158650e-03 -1.15131959e-03 2.53394060e-03 7.54862849e-04 -2.75994116e-03 -4.18467820e-03 -1.65674021e-03 1.18759868e-03 -5.49125997e-03 -1.10652409e-02
-3.73395756e-02 8.79173577e-02 5.09391725e-02 5.36117963e-02 -3.49403434e-02 1.75478011e-02 -4.79438007e-02 -6.48997352e-03 1.68099217e-02 4.91117314e-03 -1.83810983e-02 -2.78488025e-02 -1.10049378e-02 7.92476814e-03 -3.65132615e-02 -7.35042617e-02
1.35613568e-02 7.75643904e-03 1.27540659e-02 1.84456501e-02 -1.16344318e-02 5.78386756e-03 -1.69553850e-02 -2.69028801e-03 6.12600939e-03 1.81724364e-03 -6.67682663e-03 -1.01250578e-02 -4.00658231e-03 2.87573086e-03 -1.32836839e-02 -2.67603379e-02
-2.77025290e-02 4.06004302e-02 2.38244310e-02 2.46292762e-02 -1.57893132e-02 7.99572747e-03 -2.20220294e-02 -3.30102397e-03 7.80920777e-03 2.30273069e-03 -8.52597971e-03 -1.29244421e-02 -5.11134556e-03 3.67082213e-03 -1.69474408e-02 -3.41381542e-02
8.06902442e-03 -1.78263262e-02 -1.14429817e-02 -1.29981134e-02 8.44260026e-03 -4.17197868e-03 1.18681006e-02 1.85669051e-03 -4.26138658e-03 -1.26236223e-03 4.64691408e-03 7.04535795e-03 2.78782262e-03 -2.00008368e-03 9.24163871e-03 1.86196398e-02
-2.38625985e-02 3.25351022e-02 1.85733717e-02 1.80111025e-02 -1.15787489e-02 6.00616727e-03 -1.58265196e-02 -2.38141371e-03 5.61406044e-03 1.65886874e-03 -6.12555398e-03 -9.28752962e-03 -3.67422402e-03 2.63723801e-03 -1.21813472e-02 -2.45398954e-02
-3.82756116e-03 7.30152708e-03 5.58056775e-03 6.82178792e-03 -4.40179138e-03 2.17411621e-03 -6.30027894e-03 -9.94861475e-04 2.26645963e-03 6.72678230e-04 -2.47079507e-03 -3.74631793e-03 -1.48253492e-03 1.06343126e-03 -4.91446676e-03 -9.90170985e-03
1.53224273e-02 -4.97393534e-02 -4.15054113e-02 -4.76159193e-02 3.09993811e-02 -1.51698953e-02 4.41287160e-02 6.82327943e-03 -1.58362500e-02 -4.71101422e-03 1.72595866e-02 2.61722393e-02 1.03590386e-02 -7.42837181e-03 3.43369395e-02 6.91869482e-02
4.37349360e-03 -3.96246649e-02 -3.50942388e-02 -4.44317497e-02 2.88820248e-02 -1.40384426e-02 4.16634679e-02 6.82197185e-03 -1.51047092e-02 -4.49801423e-03 1.64529961e-02 2.49463003e-02 9.87611804e-03 -7.07950443e-03 3.27343605e-02 6.59618229e-02
3.89705575e-03 -1.28899254e-02 -1.00179845e-02 -1.27234235e-02 8.24667234e-03 -4.01808741e-03 1.17692528e-02 1.88534451e-03 -4.24730266e-03 -1.26223150e-03 4.62812325e-03 7.01721432e-03 2.77762068e-03 -1.99167826e-03 9.20689479e-03 1.85514744e-02
1.04633709e-02 -4.21404839e-02 -3.21061909e-02 -3.57999355e-02 2.28578523e-02 -1.21915247e-02 3.17934640e-02 3.95343453e-03 -1.11106513e-02 -3.21914651e-03 1.21548073e-02 1.84385367e-02 7.28256442e-03 -5.25579369e-03 2.41840649e-02 4.86447960e-02
2.55800765e-02 -4.19283733e-02 -2.25387625e-02 -2.18935497e-02 1.41077684e-02 -6.92538870e-03 1.90813765e-02 2.52561597e-03 -6.54793531e-03 -1.88635918e-03 7.18378555e-03 1.09141637e-02 4.29436238e-03 -3.12458840e-03 1.42838145e-02 2.86914632e-02
-1.04223657e-03 -1.23193245e-02 -1.14783067e-02 -1.57876313e-02 1.01838140e-02 -4.94034868e-03 1.46597093e-02 2.39912583e-03 -5.31894015e-03 -1.58366957e-03 5.79410465e-03 8.78530182e-03 3.47796082e-03 -2.49328208e-03 1.15278149e-02 2.32290123e-02
7.70306215e-03 -1.27402321e-02 -7.78651424e-03 -9.74324439e-03 6.37774216e-03 -3.15917423e-03 8.96719936e-03 1.32152101e-03 -3.21584241e-03 -9.53503477e-04 3.50488676e-03 5.31395571e-03 2.10320367e-03 -1.50832080e-03 6.97158137e-03 1.40470713e-02
-7.85151776e-03 1.71957370e-02 1.34612974e-02 1.56253632e-02 -1.00364052e-02 4.98099579e-03 -1.42901512e-02 -2.27677170e-03 5.14341937e-03 1.52810046e-03 -5.60551183e-03 -8.49851128e-03 -3.36391712e-03 2.41198228e-03 -1.11501468e-02 -2.24672724e-02
-1.22334976e-02 3.59904319e-02 3.05303764e-02 3.84664945e-02 -2.48366240e-02 1.21058803e-02 -3.56932618e-02 -5.75780869e-03 1.29177012e-02 3.84223298e-03 -1.40754273e-02 -2.13411227e-02 -8.44767969e-03 6.05704729e-03 -2.80010253e-02 -5.64213246e-02
1.24342795e-02 -2.94758156e-02 -1.93705894e-02 -1.94433164e-02 1.26421843e-02 -6.55891886e-03 1.75998248e-02 2.35427776e-03 -6.13944745e-03 -1.78663200e-03 6.72195386e-03 1.01987952e-02 4.02448466e-03 -2.90489919e-03 1.33594265e-02 2.68806759e-02
-6.81062415e-03 1.45940874e-02 1.04857516e-02 1.24495411e-02 -7.98405241e-03 3.94066004e-03 -1.14070522e-02 -1.77657790e-03 4.09943145e-03 1.21743779e-03 -4.46795393e-03 -6.77393517e-03 -2.68117944e-03 1.92261045e-03 -8.88725929e-03 -1.79073270e-02
2.35445192e-03 -2.41121501e-02 -2.24413667e-02 -2.98944563e-02 1.94477215e-02 -9.46629792e-03 2.80047506e-02 4.59637353e-03 -1.01601817e-02 -3.02560860e-03 1.10672461e-02 1.67801920e-02 6.64330414e-03 -4.76219831e-03 2.20192615e-02 4.43700999e-02
8.98893178e-03 1.21339029e-02 1.58722643e-02 2.36583874e-02 -1.54470289e-02 7.43495394e-03 -2.25017574e-02 -3.72837507e-03 8.18936806e-03 2.44097714e-03 -8.91905278e-03 -1.35235097e-02 -5.35418186e-03 3.83792166e-03 -1.77463423e-02 -3.57601903e-02
3.36372573e-03 2.15320811e-02 2.28503831e-02 3.25099081e-02 -2.12413482e-02 1.02795558e-02 -3.08141839e-02 -5.09990985e-03 1.12050790e-02 3.33900214e-03 -1.22039644e-02 -1.85039528e-02 -7.32595008e-03 5.25130145e-03 -2.42817216e-02 -4.89294678e-02
-1.18181258e-02 2.28944998e-02 1.86084583e-02 2.38828622e-02 -1.46541102e-02 7.11614359e-03 -2.08719820e-02 -3.31196561e-03 7.53413094e-03 2.24027201e-03 -8.20958987e-03 -1.24480724e-02 -4.92746383e-03 3.53278546e-03 -1.63325295e-02 -3.29100825e-02
-1.42102726e-02 7.49835670e-02 5.67153729e-02 7.07432032e-02 -4.55326773e-02 2.20587775e-02 -6.50767684e-02 -1.03862407e-02 2.33684499e-02 6.95525110e-03 -2.54636519e-02 -3.86076458e-02 -1.52839581e-02 1.09570790e-02 -5.06594218e-02 -1.02080114e-01
-8.28946009e-03 2.32871175e-02 1.74374860e-02 2.18152758e-02 -1.37372371e-02 6.58643711e-03 -1.94847174e-02 -3.18306428e-03 7.05351075e-03 2.09987210e-03 -7.68393651e-03 -1.16502997e-02 -4.61219158e-03 3.30636068e-03 -1.52872112e-02 -3.08044311e-02
1.30303903e-04 6.86422177e-03 6.64308202e-03 8.94445460e-03 -5.78681426e-03 2.83727772e-03 -8.31571501e-03 -1.32777146e-03 3.00533022e-03 8.92726821e-04 -3.27425473e-03 -4.96426178e-03 -1.96517142e-03 1.40894088e-03 -6.51373481e-03 -1.31252054e-02
-1.13454200e-02 8.14958382e-03 1.38946553e-03 -1.96631998e-03 1.39193481e-03 -5.70815930e-04 2.22455687e-03 4.50419437e-04 -8.55677470e-04 -2.57977663e-04 9.29953996e-04 1.41018012e-03 5.58725733e-04 -4.00135264e-04 1.85163028e-03 3.73174460e-03
-1.47054940e-02 3.16096433e-02 2.23371070e-02 2.56361049e-02 -1.65502261e-02 8.01178161e-03 -2.32958402e-02 -3.75037058e-03 8.40662513e-03 2.49730842e-03 -9.16126650e-03 -1.38904490e-02 -5.49820252e-03 3.94251011e-03 -1.82247590e-02 -3.67219821e-02
-1.42548578e-02 5.79833835e-02 4.52734344e-02 5.81447259e-02 -3.78843099e-02 1.84771363e-02 -5.44756502e-02 -8.83655157e-03 1.97532456e-02 5.88236470e-03 -2.15166751e-02 -3.26235741e-02 -1.29156103e-02 9.25850216e-03 -4.28088754e-02 -8.62623379e-02
8.11031647e-03 -2.57018991e-02 -1.89817026e-02 -2.37436965e-02 1.47382934e-02 -7.42213801e-03 2.07490101e-02 3.17640696e-03 -7.41439778e-03 -2.18956545e-03 8.08368903e-03 1.22587448e-02 4.85093286e-03 -3.48064234e-03 1.60814505e-02 3.23990695e-02
-2.76348703e-02 1.03566885e-01 7.51345903e-02 9.86646041e-02 -6.33409917e-02 3.10467873e-02 -9.12905708e-02 -1.48305874e-02 3.29811461e-02 9.81176179e-03 -3.59326899e-02 -5.44799417e-02 -2.15670783e-02 1.54615650e-02 -7.14852363e-02 -1.44044697e-01
-3.35568236e-03 -6.68908842e-03 -6.20155130e-03 -7.79755600e-03 5.01301000e-03 -2.44853157e-03 7.18208402e-03 1.17109984e-03 -2.60198023e-03 -7.74730521e-04 2.83423392e-03 4.29733610e-03 1.70130737e-03 -1.21956388e-03 5.63898496e-03 1.13628944e-02
1.76402852e-02 2.74467468e-03 1.11484500e-02 1.95531603e-02 -1.26272971e-02 5.99791203e-03 -1.90105028e-02 -3.31540406e-03 6.98897336e-03 2.08779378e-03 -7.60867912e-03 -1.15374653e-02 -4.56838589e-03 3.27403215e-03 -1.51413660e-02 -3.05119883e-02
7.54154380e-03 -1.17283929e-02 -7.76698673e-03 -8.57495423e-03 5.75580541e-03 -2.87026376e-03 7.80342054e-03 9.70768509e-04 -2.71968241e-03 -7.86534860e-04 2.97657703e-03 4.51951195e-03 1.78327598e-03 -1.28963252e-03 5.92160271e-03 1.19111547e-02
1.79921836e-03 -3.67455408e-02 -3.23748477e-02 -4.34869863e-02 2.80977543e-02 -1.37060396e-02 4.04221788e-02 6.57488778e-03 -1.46524208e-02 -4.36255615e-03 1.59608144e-02 2.41998509e-02 9.58053675e-03 -6.86782319e-03 3.17547992e-02 6.39876351e-02
8.84409621e-03 -1.63267478e-02 -1.32111348e-02 -1.56481452e-02 1.00126248e-02 -4.85039223e-03 1.41892964e-02 2.23239139e-03 -5.10366214e-03 -1.51499722e-03 5.56345005e-03 8.43510404e-03 3.33842565e-03 -2.39433674e-03 1.10662766e-02 2.22970322e-02
7.76887685e-03 -1.43807614e-03 2.75638793e-03 5.43109141e-03 -3.59020126e-03 1.70913734e-03 -5.41401049e-03 -9.38903540e-04 1.99194741e-03 5.96174796e-04 -2.16765772e-03 -3.28679220e-03 -1.30171946e-03 9.32651456e-04 -4.31418605e-03 -8.69412255e-03
1.00247087e-02 -4.94784154e-02 -4.29359078e-02 -5.49024828e-02 3.53518054e-02 -1.72105692e-02 5.08592762e-02 8.28228611e-03 -1.84445921e-02 -5.49141271e-03 2.00917888e-02 3.04632783e-02 1.20602706e-02 -8.64543393e-03 3.99738997e-02 8.05495679e-02
-5.88379428e-03 1.42971864e-02 9.80022456e-03 1.17254928e-02 -7.49193085e-03 3.74302687e-03 -1.05220042e-02 -1.63827091e-03 3.77153535e-03 1.11705204e-03 -4.11131093e-03 -6.23364607e-03 -2.46700156e-03 1.76953292e-03 -8.17774516e-03 -1.64768677e-02
-3.20600383e-02 5.18863052e-02 3.44169140e-02 3.58424410e-02 -2.24849544e-02 1.12677384e-02 -3.14289704e-02 -4.72813565e-03 1.12299090e-02 3.31307063e-03 -1.22535825e-02 -1.85785573e-02 -7.34941429e-03 5.27535425e-03 -2.43656281e-02 -4.90860716e-02
1.63417682e-02 -4.19642925e-02 -2.97267996e-02 -3.43892500e-02 2.26076003e-02 -1.11795673e-02 3.17406394e-02 4.91533708e-03 -1.14159649e-02 -3.38937086e-03 1.24413893e-02 1.88627075e-02 7.46623613e-03 -5.35351131e-03 2.47479305e-02 4.98662367e-02
-9.62841790e-03 5.03843054e-02 4.44246717e-02 5.36730178e-02 -3.48472558e-02 1.67572033e-02 -4.93846424e-02 -7.99959712e-03 1.78552829e-02 5.31445071e-03 -1.94528420e-02 -2.94947736e-02 -1.16761224e-02 8.37058574e-03 -3.87010686e-02 -7.79837891e-02
1.49830794e-02 -5.74118495e-02 -4.18725088e-02 -5.20639867e-02 3.35877985e-02 -1.63200162e-02 4.79823090e-02 7.52080558e-03 -1.72407459e-02 -5.12777176e-03 1.87881384e-02 2.84882952e-02 1.12763718e-02 -8.08535144e-03 3.73769775e-02 7.53138438e-02
5.96327754e-03 -2.10955124e-02 -1.43085858e-02 -1.88386273e-02 1.22151040e-02 -5.97017352e-03 1.71668194e-02 2.71652360e-03 -6.18663896e-03 -1.83583470e-03 6.74110046e-03 1.02208741e-02 4.04574582e-03 -2.90078670e-03 1.34101519e-02 2.70211846e-02
