-9.85250622e-03 -2.27186759e-03 -7.58029695e-04 -2.11936906e-02 9.56827309e-03 -8.21684371e-04 9.73084476e-03 3.07035111e-02 -7.02200783e-03 -7.47202337e-03 7.51065905e-04 1.56872941e-03 -5.46373194e-03 1.79078733e-03 1.54216299e-02 2.57881042e-02
2.26270277e-02 5.99840237e-03 1.79978658e-03 4.72896770e-02 -2.17815470e-02 1.56375207e-03 -2.26347335e-02 -7.10862577e-02 1.62860584e-02 1.73424203e-02 -1.76620518e-03 -3.65607999e-03 1.26887662e-02 -4.16059885e-03 -3.58031541e-02 -5.98774180e-02
-3.48898419e-03 2.38085675e-04 -1.00247431e-04 -3.69404582e-03 1.67800696e-03 -1.27432228e-04 1.75909523e-03 5.53438021e-03 -1.26571092e-03 -1.34771934e-03 1.36894785e-04 2.83805159e-04 -9.86065133e-04 3.23254935e-04 2.78278138e-03 4.65364289e-03
1.45516722e-02 1.96031551e-03 1.26155070e-03 3.16999145e-02 -1.45512605e-02 1.01900927e-03 -1.53544992e-02 -4.80904505e-02 1.10275997e-02 1.17417239e-02 -1.20575004e-03 -2.48283753e-03 8.59988946e-03 -2.82082311e-03 -2.42596902e-02 -4.05760258e-02
1.64211188e-02 4.44480125e-03 1.52325991e-03 4.00628820e-02 -1.82086453e-02 1.79289049e-03 -1.85693521e-02 -5.85160479e-02 1.33564137e-02 1.42322090e-02 -1.45485927e-03 -2.99889338e-03 1.04079060e-02 -3.41204787e-03 -2.93687079e-02 -4.91150133e-02
-3.95093020e-03 -2.97735585e-03 -6.32086827e-04 -1.44802611e-02 6.35636412e-03 -7.68841128e-04 6.28951425e-03 2.01142095e-02 -4.55477135e-03 -4.85288957e-03 4.73412918e-04 1.00786262e-03 -3.53823602e-03 1.15750660e-03 9.99998860e-03 1.67131945e-02
1.05356975e-02 4.16578230e-04 1.12955645e-03 2.25115363e-02 -1.06005687e-02 7.84198113e-04 -1.11967893e-02 -3.50931622e-02 8.04703869e-03 8.57262872e-03 -8.65182315e-04 -1.80239347e-03 6.26990013e-03 -2.05418863e-03 -1.77011173e-02 -2.95945611e-02
9.57800425e-04 8.19290522e-04 1.43821162e-04 4.45793709e-03 -1.88737875e-03 2.10661819e-04 -1.83480850e-03 -5.82997408e-03 1.32826192e-03 1.41587260e-03 -1.36746530e-04 -2.93404330e-04 1.03146047e-03 -3.37396894e-04 -2.91562569e-03 -4.87252930e-03
2.92323940e-02 3.44163133e-03 1.43734540e-03 4.62676734e-02 -2.13483963e-02 1.45912403e-03 -2.29035541e-02 -7.16122761e-02 1.64451599e-02 1.75099559e-02 -1.78295595e-03 -3.69407353e-03 1.28179053e-02 -4.20270162e-03 -3.61679979e-02 -6.04872145e-02
-6.35700393e-03 -1.57793926e-03 -5.70111908e-04 -1.50980316e-02 7.13374652e-03 -5.67295472e-04 7.33401394e-03 2.32516993e-02 -5.27999271e-03 -5.62073058e-03 5.73269557e-04 1.18491065e-03 -4.11448767e-03 1.34910585e-03 1.16101680e-02 1.94165949e-02
-1.61658728e-03 -5.87669958e-04 -2.45026051e-04 -5.50718466e-03 2.51799566e-03 -2.16875123e-04 2.54285964e-03 8.03267118e-03 -1.83112698e-03 -1.95072347e-03 1.97409463e-04 4.10596811e-04 -1.42671715e-03 4.67739941e-04 4.02629748e-03 6.73328806e-03
-1.12006329e-02 -2.20248685e-03 -1.08539802e-03 -2.64087357e-02 1.20923845e-02 -8.77271174e-04 1.25230290e-02 3.93643007e-02 -9.00979619e-03 -9.59185883e-03 9.76941548e-04 2.02099513e-03 -7.02111237e-03 2.30188109e-03 1.98127870e-02 3.31337452e-02
2.63470458e-03 1.29453139e-03 4.47009807e-04 9.19560250e-03 -4.26947325e-03 3.76001990e-04 -4.28564893e-03 -1.35016134e-02 3.08853248e-03 3.28951096e-03 -3.30039155e-04 -6.89768814e-04 2.40448979e-03 -7.87921017e-04 -6.78772945e-03 -1.13498392e-02
1.20708942e-02 2.87630409e-03 1.20328204e-03 2.89723445e-02 -1.34990336e-02 1.15123508e-03 -1.37298731e-02 -4.33846563e-02 9.89859086e-03 1.05312038e-02 -1.06821931e-03 -2.21447251e-03 7.70466588e-03 -2.52522528e-03 -2.17467248e-02 -3.63645218e-02
1.75411608e-02 3.68182454e-03 1.68255472e-03 4.33938429e-02 -1.98002625e-02 1.44785142e-03 -2.09844671e-02 -6.57829419e-02 1.50854075e-02 1.60507001e-02 -1.65352458e-03 -3.39520955e-03 1.17589217e-02 -3.85726662e-03 -3.31698768e-02 -5.54797687e-02
5.34947589e-03 2.55811290e-04 -8.25581010e-05 2.13400484e-03 -9.96696879e-04 5.98950828e-05 -1.07771636e-03 -3.36193107e-03 7.72774860e-04 8.22657137e-04 -8.50487413e-05 -1.74224217e-04 6.02861517e-04 -1.97772199e-04 -1.70042552e-03 -2.84419768e-03
-1.15796819e-03 1.18005357e-03 1.34666348e-04 1.73854094e-03 -4.32492991e-04 1.82203730e-04 -1.32186411e-04 -6.48843939e-04 1.10318237e-04 1.18059630e-04 -8.86613088e-06 -2.28976060e-05 8.40615976e-05 -2.74080703e-05 -2.38371256e-04 -3.98046861e-04
-1.58182830e-02 -1.72780862e-03 -7.95229629e-04 -2.72297505e-02 1.26901111e-02 -7.98808236e-04 1.35817686e-02 4.24739607e-02 -9.74675361e-03 -1.03746839e-02 1.06674479e-03 2.19334918e-03 -7.59917451e-03 2.49221944e-03 2.14382410e-02 3.58557217e-02
-5.72192250e-04 -4.98743939e-05 -4.77645954e-05 -8.61758308e-04 3.94521747e-04 -2.88772553e-05 4.11593501e-04 1.29228912e-03 -2.96019600e-04 -3.15146404e-04 3.23649838e-05 6.66211854e-05 -2.30801859e-04 7.57053276e-05 6.51074050e-04 1.08897127e-03
-2.80389600e-02 -1.13001571e-03 -1.90345570e-03 -4.75511067e-02 2.24454440e-02 -1.35193358e-03 2.42355894e-02 7.55959451e-02 -1.73764527e-02 -1.84989609e-02 1.91228837e-03 3.91799305e-03 -1.35565316e-02 4.44730418e-03 3.82374153e-02 6.39573857e-02
4.43062279e-03 9.67132277e-04 3.28238937e-04 9.05838422e-03 -4.13478119e-03 3.46949440e-04 -4.24575200e-03 -1.34163909e-02 3.05720745e-03 3.25511815e-03 -3.31266958e-04 -6.86136424e-04 2.38240324e-03 -7.81237963e-04 -6.72209263e-03 -1.12422751e-02
-1.30585534e-02 1.35823234e-03 -4.53037355e-04 -1.96939483e-02 9.81476158e-03 -3.73489631e-04 1.11504868e-02 3.45808268e-02 -7.97286909e-03 -8.48696940e-03 8.83451779e-04 1.80130661e-03 -6.22317381e-03 2.04194384e-03 1.75505374e-02 2.93571483e-02
6.75583724e-03 4.71746875e-03 5.53031976e-04 1.91509575e-02 -8.46827682e-03 8.25716415e-04 -8.45343899e-03 -2.69195735e-02 6.11029100e-03 6.51103538e-03 -6.39054109e-04 -1.35556469e-03 4.75031277e-03 -1.55407260e-03 -1.34224435e-02 -2.24344619e-02
1.98344830e-02 3.48180556e-03 2.22903723e-03 4.99246456e-02 -2.22531706e-02 1.80171034e-03 -2.34060921e-02 -7.34349266e-02 1.68241709e-02 1.79216228e-02 -1.81272160e-03 -3.76986316e-03 1.31111620e-02 -4.29628557e-03 -3.69997211e-02 -6.18727840e-02
-1.24917028e-03 -8.78743711e-04 -3.87639157e-04 -7.54463300e-03 3.07271676e-03 -3.42206098e-04 2.93997955e-03 9.33720171e-03 -2.12377124e-03 -2.26188428e-03 2.27760655e-04 4.75649082e-04 -1.65381317e-03 5.42202150e-04 4.66711260e-03 7.80503824e-03
4.42982418e-03 1.21873233e-03 4.66572121e-04 9.63879842e-03 -4.46637208e-03 2.95799488e-04 -4.70037432e-03 -1.47263827e-02 3.37516796e-03 3.59307625e-03 -3.70672031e-04 -7.60384020e-04 2.63251690e-03 -8.63573281e-04 -7.42563745e-03 -1.24202305e-02
2.66854605e-03 2.10916391e-03 9.30232753e-04 1.45957191e-02 -6.37239125e-03 9.10159666e-04 -5.83627634e-03 -1.87845808e-02 4.24820511e-03 4.53245174e-03 -4.09888336e-04 -9.29181464e-04 3.29199852e-03 -1.07510819e-03 -9.31849796e-03 -1.55632673e-02
1.17838802e-02 -2.63866899e-03 -2.75218801e-04 9.19387490e-03 -5.03952429e-03 -4.52714739e-04 -6.47924561e-03 -1.97215695e-02 4.59017465e-03 4.87543084e-03 -5.51727659e-04 -1.05732214e-03 3.59925930e-03 -1.18380366e-03 -1.01308990e-02 -1.69585571e-02
-4.54408303e-03 3.79930902e-03 4.02451318e-04 6.67085499e-03 -2.80636735e-03 3.33204691e-04 -2.67570559e-03 -8.59497767e-03 1.94156531e-03 2.06617848e-03 -1.96535679e-04 -4.25415783e-04 1.50851032e-03 -4.93624888e-04 -4.26258752e-03 -7.12502468e-03
-1.33187766e-03 -1.77526823e-03 -2.90607742e-04 -7.57427886e-03 3.12247593e-03 -4.83862241e-04 2.64963764e-03 8.72886553e-03 -1.93880976e-03 -2.07006303e-03 1.83064069e-04 4.17782780e-04 -1.49793189e-03 4.88192949e-04 4.24475223e-03 7.08647538e-03
-8.62901937e-03 -3.37809091e-03 -9.25303611e-04 -2.19272636e-02 9.96777322e-03 -9.49499954e-04 1.00652287e-02 3.22307087e-02 -7.27793155e-03 -7.75226951e-03 7.73025444e-04 1.61857973e-03 -5.65562304e-03 1.84795714e-03 1.59855690e-02 2.67105252e-02
-1.64146405e-02 -1.06747157e-03 -2.17112666e-03 -4.40838002e-02 2.07471941e-02 -1.34074979e-03 2.23679282e-02 6.98710904e-02 -1.60438549e-02 -1.70803536e-02 1.76270655e-03 3.61629552e-03 -1.25158466e-02 4.10588505e-03 3.53025123e-02 5.90482764e-02
1.70357376e-02 2.08997959e-03 1.78817625e-03 4.12323587e-02 -1.84486900e-02 1.31005165e-03 -1.93212293e-02 -6.05615452e-02 1.38759762e-02 1.47710247e-02 -1.52301439e-03 -3.12443892e-03 1.08205136e-02 -3.54934460e-03 -3.05232331e-02 -5.10527566e-02
-3.22205350e-02 -4.01011202e-03 -2.58373981e-03 -6.39027655e-02 3.01370174e-02 -1.80413085e-03 3.20281461e-02 1.00159064e-01 -2.29925495e-02 -2.44745649e-02 2.52174889e-03 5.18184714e-03 -1.79342851e-02 5.88334678e-03 5.05860895e-02 8.46119002e-02
2.33000666e-02 2.47513200e-03 1.54005038e-03 3.96878012e-02 -1.89131070e-02 1.24021096e-03 -2.00232212e-02 -6.26430362e-02 1.43775847e-02 1.53044211e-02 -1.57954695e-03 -3.24140838e-03 1.12151727e-02 -3.67921358e-03 -3.16334330e-02 -5.29113263e-02
-9.59835481e-03 -1.58505351e-03 -7.61096715e-04 -1.95315760e-02 9.06211138e-03 -6.77912321e-04 9.53797344e-03 2.98947524e-02 -6.85275812e-03 -7.29712984e-03 7.48170307e-04 1.54147681e-03 -5.34290122e-03 1.75230985e-03 1.50732845e-02 2.52103135e-02
-2.66467687e-03 1.33339563e-04 2.04107782e-05 1.18408643e-03 -6.17359881e-04 1.03245893e-05 -7.21889548e-04 -2.20336299e-03 5.15173073e-04 5.48460463e-04 -5.74500264e-05 -1.16569943e-04 4.02392005e-04 -1.32036337e-04 -1.13473332e-03 -1.89812924e-03
9.99060832e-03 1.78751303e-03 2.95666658e-04 1.10324873e-02 -4.48099244e-03 4.67004138e-04 -4.54199081e-03 -1.44869247e-02 3.27641657e-03 3.49099003e-03 -3.58619436e-04 -7.37371447e-04 2.55423971e-03 -8.37729953e-04 -7.20570749e-03 -1.20519567e-02
1.70621779e-02 1.34524971e-03 8.71953845e-04 2.76617967e-02 -1.30154574e-02 8.05350661e-04 -1.38191544e-02 -4.31646518e-02 9.91524942e-03 1.05552562e-02 -1.08850619e-03 -2.23413180e-03 7.73385866e-03 -2.53700814e-03 -2.18150634e-02 -3.64881903e-02
-5.34559041e-03 -8.99887164e-05 -5.26690390e-04 -1.26205254e-02 5.96380094e-03 -3.38337763e-04 6.47997716e-03 2.02054661e-02 -4.64560557e-03 -4.94550401e-03 5.11496619e-04 1.04756618e-03 -3.62437638e-03 1.18900451e-03 1.02228522e-02 1.70991533e-02
-4.09786962e-03 -4.98072070e-04 -3.93732218e-04 -9.52043664e-03 4.43446031e-03 -3.20388091e-04 4.63909563e-03 1.45604359e-02 -3.33391246e-03 -3.54984589e-03 3.62008490e-04 7.48800405e-04 -2.59858277e-03 8.52074125e-04 7.33231194e-03 1.22625828e-02
1.07217450e-02 1.07090070e-03 9.94924223e-04 2.22183354e-02 -1.03298333e-02 7.38158298e-04 -1.06186848e-02 -3.34437527e-02 7.64342956e-03 8.13755766e-03 -8.33658502e-04 -1.71679293e-03 5.95708005e-03 -1.95334712e-03 -1.68078840e-02 -2.81097833e-02
6.55754376e-03 -1.08730819e-06 1.39665412e-04 5.15236612e-03 -2.35309848e-03 2.42444949e-04 -2.35416531e-03 -7.44319102e-03 1.69619883e-03 1.80709607e-03 -1.81812255e-04 -3.80116020e-04 1.32141402e-03 -4.33214591e-04 -3.72900814e-03 -6.23616390e-03
-1.95896961e-02 -7.77345675e-04 -1.36898272e-03 -3.57564986e-02 1.67420432e-02 -9.90142464e-04 1.80591345e-02 5.63644953e-02 -1.29507212e-02 -1.37866428e-02 1.42474228e-03 2.91973935e-03 -1.01029286e-02 3.31430393e-03 2.84964889e-02 4.76642139e-02
-1.54571580e-02 -4.54089930e-03 -1.37129705e-03 -3.46405245e-02 1.57534126e-02 -1.43691385e-03 1.60194896e-02 5.10629117e-02 -1.15662348e-02 -1.23043722e-02 1.23262370e-03 2.56476388e-03 -8.98649823e-03 2.93397205e-03 2.53956486e-02 4.24437821e-02
1.15792472e-02 2.12914357e-03 8.82340595e-04 2.50914861e-02 -1.17144668e-02 9.80718876e-04 -1.21610323e-02 -3.83106172e-02 8.74752831e-03 9.31377523e-03 -9.47864493e-04 -1.96541473e-03 6.81665214e-03 -2.23517139e-03 -1.92331634e-02 -3.21660005e-02
2.88668945e-02 5.14179422e-03 2.28393869e-03 5.78786805e-02 -2.69376095e-02 2.25490727e-03 -2.78637018e-02 -8.77201781e-02 2.00539902e-02 2.13786997e-02 -2.16996414e-03 -4.50211065e-03 1.56268105e-02 -5.12281060e-03 -4.41008434e-02 -7.37455040e-02
2.35644430e-02 1.02960598e-03 1.82948529e-03 4.64054085e-02 -2.17764750e-02 1.28679245e-03 -2.35508326e-02 -7.34617412e-02 1.68856774e-02 1.79762300e-02 -1.85879960e-03 -3.80741991e-03 1.31734991e-02 -4.32164920e-03 -3.71570475e-02 -6.21503107e-02
-1.25224479e-02 -5.14845946e-04 -7.59291812e-04 -2.14419737e-02 9.95726325e-03 -5.94624958e-04 1.07821431e-02 3.36292498e-02 -7.73076480e-03 -8.23003519e-03 8.50783777e-04 1.74303399e-03 -6.03109319e-03 1.97852706e-03 1.70113221e-02 2.84537524e-02
4.30010967e-02 2.52760900e-03 4.54236241e-03 1.02774613e-01 -4.86117080e-02 2.78347917e-03 -5.26232496e-02 -1.64139569e-01 3.77305187e-02 4.01664674e-02 -4.15424909e-03 -8.50808248e-03 2.94363238e-02 -9.65682138e-03 -8.30275640e-02 -1.38875246e-01
-9.60957073e-03 -1.22680131e-03 -7.00405799e-04 -1.67489760e-02 7.92320538e-03 -4.75814071e-04 8.50254018e-03 2.65472047e-02 -6.09971490e-03 -6.49330299e-03 6.71283517e-04 1.37528579e-03 -4.75846045e-03 1.56104355e-03 1.34216920e-02 2.24496312e-02
8.69736541e-03 2.01264839e-03 4.83327720e-04 1.70763936e-02 -7.69752404e-03 7.36911315e-04 -7.83193763e-03 -2.46985704e-02 5.64522017e-03 6.01205276e-03 -5.97463455e-04 -1.25901529e-03 4.39203391e-03 -1.43868080e-03 -1.24025941e-02 -2.07350943e-02
-4.52704821e-03 -1.07916491e-03 -4.37540351e-04 -1.06351078e-02 4.74109175e-03 -4.12971072e-04 4.94455872e-03 1.55611970e-02 -3.55762872e-03 -3.78698460e-03 3.86094034e-04 7.99517322e-04 -2.77245813e-03 9.09273804e-04 7.82178342e-03 1.30820153e-02
-2.49664835e-03 -7.17958843e-04 -4.78695729e-04 -7.48741021e-03 3.42070195e-03 -3.13007913e-04 3.41237453e-03 1.08070383e-02 -2.46084738e-03 -2.62149842e-03 2.61888636e-04 5.50156052e-04 -1.91613135e-03 6.27995876e-04 5.40871592e-03 9.04434547e-03
3.11666355e-03 1.76060025e-03 5.20533824e-04 1.12716891e-02 -4.49395273e-03 5.08713943e-04 -4.11416264e-03 -1.31538007e-02 2.97678588e-03 3.17000551e-03 -3.20373423e-04 -6.66769047e-04 2.31781509e-03 -7.59932969e-04 -6.53986260e-03 -1.09374160e-02
-2.06725355e-02 -1.78232987e-03 -7.54887529e-04 -2.72923950e-02 1.24425925e-02 -1.23830116e-03 1.27573423e-02 4.05204333e-02 -9.19258688e-03 -9.79320146e-03 9.61114711e-04 2.04819720e-03 -7.15366844e-03 2.34275521e-03 2.02022344e-02 3.37736309e-02
-4.79128957e-03 -5.59232489e-04 -2.67261901e-04 -8.82931147e-03 4.01264243e-03 -2.70577293e-04 4.25934093e-03 1.33378664e-02 -3.05822911e-03 -3.25617963e-03 3.33952223e-04 6.87938766e-04 -2.38452177e-03 7.82057818e-04 6.72706822e-03 1.12511748e-02
-1.03515747e-03 -1.56870286e-04 6.64014442e-06 -7.77808949e-04 3.63479834e-04 -1.89527545e-05 4.04604769e-04 1.25789910e-03 -2.89614196e-04 -3.08287650e-04 3.19789033e-05 6.53574607e-05 -2.25994605e-04 7.41439871e-05 6.37402642e-04 1.06616400e-03
2.51429854e-04 -2.04442564e-04 2.58944667e-04 4.04233066e-03 -1.93639263e-03 7.77869718e-05 -2.20139464e-03 -6.82241283e-03 1.57403352e-03 1.67606329e-03 -1.74729095e-04 -3.55408178e-04 1.22871285e-03 -4.03109647e-04 -3.46550532e-03 -5.79662388e-03
-5.51128015e-03 -7.91534316e-04 -1.16528870e-04 -7.50330929e-03 3.52622359e-03 -2.48779193e-04 3.71724484e-03 1.16208661e-02 -2.66829273e-03 -2.84065376e-03 2.93148594e-04 6.01386710e-04 -2.08142633e-03 6.82818063e-04 5.87092200e-03 9.81990714e-03
-5.36748534e-03 -8.14657367e-04 -4.83082316e-04 -1.24259619e-02 5.76955872e-03 -4.24832862e-04 6.04171352e-03 1.89544726e-02 -4.34251735e-03 -4.62356349e-03 4.72722488e-04 9.76231822e-04 -3.38515337e-03 1.11018331e-03 9.55046434e-03 1.59730706e-02
-2.09119916e-02 -3.99530213e-03 -2.22299737e-03 -4.79934625e-02 2.27216873e-02 -1.79146277e-03 2.38287542e-02 7.47154206e-02 -1.71253774e-02 -1.82317067e-02 1.86229241e-03 3.85356159e-03 -1.33519573e-02 4.37970133e-03 3.76645811e-02 6.29977286e-02
-1.44753475e-02 -1.35975634e-03 -1.22140604e-03 -3.07460967e-02 1.44579774e-02 -9.41530627e-04 1.54940654e-02 4.84528430e-02 -1.11201433e-02 -1.18384659e-02 1.21769484e-03 2.50281952e-03 -8.67190212e-03 2.84423144e-03 2.44640224e-02 4.09169272e-02
-4.42259246e-03 -1.79709366e-03 -3.32764466e-04 -1.03041707e-02 4.72756987e-03 -3.11146607e-04 5.01075573e-03 1.56969000e-02 -3.59801319e-03 -3.83055187e-03 3.94353585e-04 8.10562284e-04 -2.80631194e-03 9.20574763e-04 7.91588891e-03 1.32402116e-02
-8.43634550e-03 -3.09890136e-04 -2.90287571e-04 -1.36241438e-02 6.51945639e-03 -2.53104721e-04 7.32690701e-03 2.27280520e-02 -5.24003943e-03 -5.57694072e-03 5.82461653e-04 1.18450716e-03 -4.09049727e-03 1.34225900e-03 1.15351984e-02 1.92956328e-02
2.11261073e-03 1.14255457e-03 1.10146671e-03 1.49353286e-02 -6.99979672e-03 7.15666509e-04 -6.66166050e-03 -2.13273335e-02 4.82104346e-03 5.13464492e-03 -5.07584831e-04 -1.07606186e-03 3.75130284e-03 -1.22936850e-03 -1.05920834e-02 -1.77105032e-02
-1.96105130e-02 -2.28034914e-03 -1.67198561e-03 -4.12314087e-02 1.91096254e-02 -1.26316934e-03 2.02858578e-02 6.35081232e-02 -1.45668695e-02 -1.55096371e-02 1.59473275e-03 3.28133558e-03 -1.13613866e-02 3.72690056e-03 3.20482627e-02 5.36038354e-02
-3.75969969e-02 -3.63397645e-03 -2.13933084e-03 -5.50208837e-02 2.49200203e-02 -1.74828141e-03 2.67048460e-02 8.34461451e-02 -1.91639587e-02 -2.04026029e-02 2.09860620e-03 4.31578234e-03 -1.49473855e-02 4.90333512e-03 4.21640538e-02 7.05237165e-02
4.95058484e-05 -8.86642083e-04 -6.68401539e-04 -6.70391601e-03 3.05627310e-03 -4.32548200e-04 2.77422741e-03 9.00084898e-03 -2.02421495e-03 -2.16129981e-03 1.98154812e-04 4.41659067e-04 -1.56938878e-03 5.12298371e-04 4.44245478e-03 7.42000109e-03
7.61640165e-03 9.56613745e-04 4.51595319e-04 1.54866921e-02 -7.27263885e-03 4.51940286e-04 -7.81302806e-03 -2.44080462e-02 5.60435094e-03 5.96664194e-03 -6.12336560e-04 -1.26083789e-03 4.37009800e-03 -1.43319485e-03 -1.23289498e-02 -2.06200723e-02
1.38375573e-02 5.53766033e-03 1.02192722e-03 2.99533736e-02 -1.36170387e-02 1.23847323e-03 -1.38385119e-02 -4.36538830e-02 9.97419655e-03 1.06212366e-02 -1.06758613e-03 -2.22723885e-03 7.76325492e-03 -2.54426850e-03 -2.19183452e-02 -3.66478339e-02
1.26292547e-02 1.62996887e-03 1.13774429e-03 2.73784027e-02 -1.27383163e-02 8.27590295e-04 -1.33691272e-02 -4.17947397e-02 9.59731918e-03 1.02178445e-02 -1.05114409e-03 -2.16090330e-03 7.48430658e-03 -2.45498144e-03 -2.11122166e-02 -3.53119709e-02
4.47599888e-02 1.15001937e-02 3.90467839e-03 9.83340517e-02 -4.52471003e-02 3.35012143e-03 -4.73196134e-02 -1.48617238e-01 3.40288766e-02 3.62348258e-02 -3.69920605e-03 -7.65177188e-03 2.65279971e-02 -8.69984645e-03 -7.48409778e-02 -1.25171766e-01
7.15827616e-03 5.15304971e-04 8.17314198e-04 1.80293079e-02 -8.52938369e-03 5.41884510e-04 -9.05354880e-03 -2.83234362e-02 6.49883086e-03 6.91842241e-03 -7.14225869e-04 -1.46489695e-03 5.06951939e-03 -1.66306028e-03 -1.42992716e-02 -2.39174031e-02
-1.11414045e-02 -2.30999384e-03 -9.86547675e-04 -2.23526452e-02 1.04499087e-02 -8.80268111e-04 1.06315697e-02 3.34680006e-02 -7.66032655e-03 -8.15451611e-03 8.22351547e-04 1.71243818e-03 -5.96375577e-03 1.95446284e-03 1.68341771e-02 2.81491298e-02
-1.02412887e-03 5.35097206e-05 4.24151949e-05 1.55338389e-03 -7.27158622e-04 5.23316849e-05 -7.67334132e-04 -2.40784069e-03 5.51449833e-04 5.87123563e-04 -5.97877006e-05 -1.23517719e-04 4.29615320e-04 -1.40786331e-04 -1.21266244e-03 -2.02770135e-03
-1.43828122e-02 -1.97975431e-03 -1.15026918e-03 -3.07366028e-02 1.40433349e-02 -9.86194704e-04 1.49334213e-02 4.67357077e-02 -1.07196774e-02 -1.14145949e-02 1.16983661e-03 2.41224747e-03 -8.35942477e-03 2.74163205e-03 2.35828254e-02 3.94428708e-02
2.22663041e-02 2.60958611e-03 1.45471212e-03 4.03264202e-02 -1.91287752e-02 1.17939385e-03 -2.03150157e-02 -6.34646639e-02 1.45738805e-02 1.55147491e-02 -1.60225690e-03 -3.28537915e-03 1.13689024e-02 -3.72960116e-03 -3.20673920e-02 -5.36370203e-02
-6.89705927e-03 -1.81439426e-03 -6.70329027e-04 -1.58003364e-02 7.14614661e-03 -6.81935577e-04 7.24603096e-03 2.29399037e-02 -5.22693433e-03 -5.56671619e-03 5.56134386e-04 1.16600364e-03 -4.06741025e-03 1.33253413e-03 1.14840288e-02 1.92013811e-02
-6.84103044e-03 -9.13976226e-04 -6.40087994e-04 -1.68916304e-02 7.88718183e-03 -4.82996111e-04 8.48249346e-03 2.64828019e-02 -6.08477183e-03 -6.47774152e-03 6.67713408e-04 1.37066573e-03 -4.74592112e-03 1.55674969e-03 1.33874286e-02 2.23916210e-02
-2.39078538e-03 -1.58857642e-04 -2.99526728e-05 -2.23283982e-03 1.07321830e-03 -4.07236730e-05 1.22613099e-03 3.78414709e-03 -8.75271624e-04 -9.31521179e-04 9.72568378e-05 1.97884438e-04 -6.83316612e-04 2.24231335e-04 1.92693784e-03 3.22331931e-03
-1.98732689e-03 -3.71402479e-04 -6.99963493e-05 -4.01321799e-03 1.84023904e-03 -1.55376634e-04 1.89458788e-03 5.96917048e-03 -1.36381434e-03 -1.45187078e-03 1.48433464e-04 3.06402624e-04 -1.06277224e-03 3.48536589e-04 2.99847918e-03 5.01487358e-03
-6.57467637e-04 1.98091657e-04 -4.76233778e-04 -5.91135258e-03 2.82051903e-03 -1.67639140e-04 3.04991822e-03 9.51469596e-03 -2.18724296e-03 -2.32854835e-03 2.40647802e-04 4.93094674e-04 -1.70636643e-03 5.59773645e-04 4.81304573e-03 8.05043988e-03
-1.59880053e-02 -1.77824683e-03 -1.46413327e-03 -3.40048894e-02 1.58525519e-02 -1.04079954e-03 1.67083070e-02 5.23076020e-02 -1.19963130e-02 -1.27723245e-02 1.31478545e-03 2.70160451e-03 -9.35585797e-03 3.06889601e-03 2.63914969e-02 4.41421010e-02
-1.31782535e-02 -1.24365732e-03 -9.83637176e-04 -2.60404311e-02 1.21911569e-02 -7.16189272e-04 1.31708700e-02 4.10962142e-02 -9.44558624e-03 -1.00554619e-02 1.03951781e-03 2.12970888e-03 -7.36894784e-03 2.41743587e-03 2.07848269e-02 3.47655006e-02
5.27581014e-03 4.72337531e-04 2.90697586e-04 7.45361764e-03 -3.45663843e-03 2.32105609e-04 -3.68032721e-03 -1.15001732e-02 2.64116074e-03 2.81191058e-03 -2.89384101e-04 -5.95001737e-04 2.05998751e-03 -6.75745483e-04 -5.81074553e-03 -9.71909147e-03
1.28349056e-02 1.06828380e-02 1.70774607e-03 3.88077348e-02 -1.74844209e-02 1.78972841e-03 -1.69782322e-02 -5.41609004e-02 1.22703938e-02 1.30821588e-02 -1.25325785e-03 -2.72923592e-03 9.54744499e-03 -3.12493020e-03 -2.69738939e-02 -4.50866297e-02
2.05079857e-02 3.35492985e-03 1.63849327e-03 3.96152101e-02 -1.78099480e-02 2.01194058e-03 -1.72148384e-02 -5.53016402e-02 1.24737965e-02 1.32844485e-02 -1.29926868e-03 -2.75869551e-03 9.68865398e-03 -3.16779222e-03 -2.73855459e-02 -4.57640775e-02
-7.95342028e-04 2.25920021e-03 -4.22829180e-05 4.02369862e-03 -1.80493202e-03 1.47302489e-04 -1.87135907e-03 -5.87418582e-03 1.34546112e-03 1.43231614e-03 -1.44537247e-04 -3.01632244e-04 1.04813394e-03 -3.43633146e-04 -2.95780064e-03 -4.94646421e-03
-4.74970276e-03 -1.78600871e-03 -4.96400229e-04 -1.17195342e-02 5.42503782e-03 -4.41249053e-04 5.57435583e-03 1.75174940e-02 -4.01025824e-03 -4.26995521e-03 4.32299916e-04 8.99424485e-04 -3.12467385e-03 1.02446775e-03 8.81704036e-03 1.47454385e-02
1.11198914e-03 3.15821334e-03 6.27677247e-04 1.07451212e-02 -4.63918829e-03 7.28802290e-04 -4.19154298e-03 -1.33784860e-02 3.04007158e-03 3.23658017e-03 -3.19148530e-04 -6.76590076e-04 2.36336864e-03 -7.74209155e-04 -6.67306501e-03 -1.11570992e-02
4.23167925e-03 8.67154333e-04 4.90622246e-04 1.05184568e-02 -4.81287204e-03 3.80806217e-04 -5.01462584e-03 -1.57651305e-02 3.60830082e-03 3.84132820e-03 -3.89925088e-04 -8.09424673e-04 2.81164120e-03 -9.21935716e-04 -7.93362688e-03 -1.32682482e-02
-2.48414222e-02 -3.72035732e-03 -2.22943025e-03 -5.23952544e-02 2.45121010e-02 -1.70056266e-03 2.57188082e-02 8.07564929e-02 -1.84864197e-02 -1.96725279e-02 2.02664756e-03 4.16012388e-03 -1.44123621e-02 4.72742412e-03 4.06560078e-02 6.80004358e-02
-1.59829464e-02 -1.49104407e-03 -1.71603845e-03 -3.80605496e-02 1.79254804e-02 -1.06747751e-03 1.93290748e-02 6.03286140e-02 -1.38632748e-02 -1.47585049e-02 1.52490940e-03 3.12536140e-03 -1.08151631e-02 3.54798022e-03 3.05052046e-02 5.10241650e-02
-6.26771897e-03 -7.09280022e-04 -3.47463123e-04 -1.13905137e-02 5.29788854e-03 -3.25599511e-04 5.68824960e-03 1.77670773e-02 -4.08050232e-03 -4.34408383e-03 4.47882572e-04 9.19349841e-04 -3.18277441e-03 1.04404928e-03 8.97785369e-03 1.50163872e-02
-1.42181627e-02 -5.26551716e-03 -1.76903291e-03 -3.72583121e-02 1.62563156e-02 -2.18891352e-03 1.57640278e-02 5.09683676e-02 -1.14409346e-02 -1.21975457e-02 1.16821309e-03 2.51637143e-03 -8.87110457e-03 2.89603695e-03 2.51115393e-02 4.19287235e-02
1.34635833e-03 -4.79862606e-03 -4.21164325e-04 -9.04389843e-03 3.78044951e-03 -3.48476344e-04 3.68483271e-03 1.17010213e-02 -2.66611855e-03 -2.84068403e-03 2.67087773e-04 5.80950174e-04 -2.06991634e-03 6.74298848e-04 5.85831469e-03 9.78108682e-03
-1.26729859e-03 -1.08275795e-03 -2.60139350e-04 -4.63026576e-03 1.90205895e-03 -1.75292240e-04 1.80981739e-03 5.72737306e-03 -1.30547688e-03 -1.38923118e-03 1.41059223e-04 2.92289973e-04 -1.01628329e-03 3.33220785e-04 2.86774617e-03 4.79604723e-03
5.57057792e-03 5.37499378e-04 4.32005530e-04 1.00162234e-02 -4.66396520e-03 3.99369921e-04 -4.77370154e-03 -1.51248826e-02 3.43466643e-03 3.65842856e-03 -3.72841780e-04 -7.71822874e-04 2.67757499e-03 -8.78092134e-04 -7.55448453e-03 -1.26347253e-02
-3.21483123e-03 -2.78652762e-04 -4.52187320e-04 -8.57340358e-03 3.95842409e-03 -2.88462761e-04 4.17655380e-03 1.30740935e-02 -2.99997488e-03 -3.19373445e-03 3.28026857e-04 6.75474526e-04 -2.33946834e-03 7.67401885e-04 6.59923395e-03 1.10378461e-02
3.15530337e-02 2.57230317e-03 2.17592320e-03 6.18067011e-02 -2.87605189e-02 1.75401883e-03 -3.09380777e-02 -9.66458917e-02 2.21946687e-02 2.36269385e-02 -2.43510562e-03 -5.00022434e-03 1.73113160e-02 -5.67865325e-03 -4.88310046e-02 -8.16749483e-02
-9.76167060e-03 -4.73718625e-03 -7.62587297e-04 -2.34846845e-02 1.03644850e-02 -1.25385344e-03 1.01070404e-02 3.23865041e-02 -7.33056478e-03 -7.80780334e-03 7.33518798e-04 1.60350709e-03 -5.68366423e-03 1.85667409e-03 1.60838198e-02 2.68678851e-02
5.36661875e-03 9.48799367e-04 4.70445491e-04 1.14571732e-02 -5.24404692e-03 3.70991620e-04 -5.53845055e-03 -1.73729807e-02 3.97895277e-03 4.23602527e-03 -4.34907270e-04 -8.95764970e-04 3.10280407e-03 -1.01777539e-03 -8.75261612e-03 -1.46395052e-02
-1.41912950e-02 -1.04823022e-03 -1.24217174e-03 -3.02198492e-02 1.42027112e-02 -8.70082644e-04 1.52658578e-02 4.76388820e-02 -1.09486552e-02 -1.16553362e-02 1.20449299e-03 2.46844161e-03 -8.54107272e-03 2.80193822e-03 2.40910165e-02 4.02955040e-02
1.33518428e-02 -5.29317767e-04 4.84858872e-04 1.74449850e-02 -8.36520363e-03 3.48040776e-04 -9.27689206e-03 -2.88972985e-02 6.64597470e-03 7.07437936e-03 -7.33528112e-04 -1.49923924e-03 5.18564787e-03 -1.70122040e-03 -1.46262953e-02 -2.44646445e-02
2.67240796e-02 1.87384046e-03 1.40656647e-03 4.51987199e-02 -2.11160462e-02 1.35642884e-03 -2.26361081e-02 -7.06701800e-02 1.62362009e-02 1.72854867e-02 -1.78351277e-03 -3.65872146e-03 1.26642911e-02 -4.15428821e-03 -3.57225165e-02 -5.97497225e-02
2.15706062e-02 1.62470329e-03 2.16337224e-03 5.32079451e-02 -2.37773824e-02 1.44752464e-03 -2.54669338e-02 -7.95877874e-02 1.82717759e-02 1.94503590e-02 -2.00818735e-03 -4.11737384e-03 1.42518170e-02 -4.67523606e-03 -4.01997082e-02 -6.72389641e-02
2.81648189e-02 5.01313806e-03 1.68783450e-03 5.14484867e-02 -2.36904025e-02 1.49019528e-03 -2.51407549e-02 -7.86334053e-02 1.80544928e-02 1.92153156e-02 -1.98329194e-03 -4.06824239e-03 1.40797133e-02 -4.61882073e-03 -3.97144370e-02 -6.64272979e-02
1.19697656e-02 1.12862070e-03 1.03539252e-03 2.57531200e-02 -1.17652742e-02 6.93271868e-04 -1.25680314e-02 -3.92206796e-02 9.01445560e-03 9.59628727e-03 -9.91234323e-04 -2.03213608e-03 7.03215692e-03 -2.30691000e-03 -1.98351033e-02 -3.31768431e-02
7.76968617e-03 9.44342581e-04 6.55798882e-04 1.61036681e-02 -7.42736273e-03 5.41145913e-04 -7.80281052e-03 -2.44959090e-02 5.60509786e-03 5.97001193e-03 -6.12820615e-04 -1.26220612e-03 4.37141303e-03 -1.43390370e-03 -1.23312892e-02 -2.06251480e-02
-9.08689573e-03 -7.57679634e-04 -5.78988635e-04 -1.62473116e-02 7.52440467e-03 -5.26600983e-04 8.00184160e-03 2.50420496e-02 -5.74540859e-03 -6.11653598e-03 6.30174065e-04 1.29424746e-03 -4.48099151e-03 1.46992307e-03 1.26397964e-02 2.11414266e-02
1.05521018e-02 2.59878021e-03 6.72279391e-04 2.10449100e-02 -9.55525134e-03 6.99896773e-04 -9.81495623e-03 -3.07575781e-02 7.05467816e-03 7.51066254e-03 -7.68454163e-04 -1.58585585e-03 5.49884653e-03 -1.80338731e-03 -1.55135309e-02 -2.59463917e-02
1.64301433e-02 2.37173983e-03 1.16657803e-03 3.13584842e-02 -1.47689693e-02 9.16561869e-04 -1.58668272e-02 -4.95682247e-02 1.13799116e-02 1.21146562e-02 -1.25166355e-03 -2.56560883e-03 8.87771603e-03 -2.91236327e-03 -2.50405744e-02 -4.18837443e-02
-8.71651061e-03 -1.24887028e-03 -6.98387274e-04 -1.94467492e-02 8.49981140e-03 -6.31266157e-04 8.95565748e-03 2.80580241e-02 -6.43330486e-03 -6.85038883e-03 7.04846461e-04 1.44773407e-03 -5.01603121e-03 1.64516969e-03 1.41504323e-02 2.36670971e-02
2.86894944e-02 4.60216962e-03 1.87149539e-03 5.28186113e-02 -2.42831241e-02 1.55727484e-03 -2.60535181e-02 -8.13932419e-02 1.86978299e-02 1.99052393e-02 -2.05139210e-03 -4.21293359e-03 1.45838410e-02 -4.78406809e-03 -4.11367714e-02 -6.88059926e-02
-1.05220331e-02 -1.36559340e-03 -8.85617454e-04 -1.99135151e-02 9.18244012e-03 -6.09844690e-04 9.73917451e-03 3.04284990e-02 -6.98783249e-03 -7.43917748e-03 7.68688740e-04 1.57528277e-03 -5.45117352e-03 1.78827939e-03 1.53756682e-02 2.57178862e-02
3.26336287e-02 1.79074763e-03 2.40415381e-03 6.20988645e-02 -2.92826183e-02 1.90233567e-03 -3.12349685e-02 -9.76172313e-02 2.24095806e-02 2.38572024e-02 -2.46197428e-03 -5.05115325e-03 1.74808670e-02 -5.73452981e-03 -4.93076593e-02 -8.24731812e-02
-3.54754156e-03 -1.11412548e-03 -3.61763407e-04 -9.93468799e-03 4.60635871e-03 -4.09451197e-04 4.63015353e-03 1.47173991e-02 -3.34152672e-03 -3.55972187e-03 3.52841045e-04 7.40292133e-04 -2.59666098e-03 8.49249074e-04 7.34044937e-03 1.22672347e-02
-1.62391216e-02 -1.75873190e-03 -1.19288464e-03 -3.18663679e-02 1.47446515e-02 -9.48576024e-04 1.57739799e-02 4.93095666e-02 -1.13169327e-02 -1.20480657e-02 1.24302180e-03 2.55051348e-03 -8.82788189e-03 2.89595430e-03 2.49005277e-02 4.16492335e-02
-4.66282992e-03 -8.30634206e-04 -3.68866429e-04 -1.06389392e-02 4.79501672e-03 -3.26517475e-04 5.00958599e-03 1.57192945e-02 -3.60076106e-03 -3.83310835e-03 3.91516369e-04 8.09266232e-04 -2.80657713e-03 9.20414168e-04 7.91826285e-03 1.32431407e-02
1.73515943e-03 -5.97888313e-04 1.61117568e-05 1.31667568e-03 -7.85506738e-04 -4.75787383e-05 -1.08345808e-03 -3.29721114e-03 7.68171449e-04 8.17412743e-04 -8.84730835e-05 -1.75325389e-04 6.01368665e-04 -1.97480447e-04 -1.69481488e-03 -2.83560110e-03
-2.69980431e-02 -2.42579612e-03 -2.28181086e-03 -5.63471057e-02 2.61119604e-02 -1.60766568e-03 2.80407239e-02 8.75833109e-02 -2.01128181e-02 -2.14115009e-02 2.21142010e-03 4.53385152e-03 -1.56895537e-02 5.14697330e-03 4.42545004e-02 7.40214661e-02
1.16405357e-03 1.48972066e-03 2.98043538e-04 5.53957280e-03 -2.22117198e-03 3.45015345e-04 -1.98017992e-03 -6.37806393e-03 1.43916497e-03 1.53494079e-03 -1.49309082e-04 -3.19223327e-04 1.11838896e-03 -3.66202585e-04 -3.15890275e-03 -5.28106466e-03
9.47789941e-03 4.13780380e-03 9.99922515e-04 2.44810954e-02 -1.04304971e-02 1.03776751e-03 -1.03715677e-02 -3.28451470e-02 7.48164626e-03 7.96810444e-03 -7.94931664e-04 -1.67098944e-03 5.82262641e-03 -1.90823118e-03 -1.64351836e-02 -2.74826791e-02
-9.33664478e-03 -2.50512757e-03 -1.15242531e-03 -2.42776573e-02 1.14780534e-02 -9.04648681e-04 1.18538691e-02 3.72407846e-02 -8.51788279e-03 -9.06915683e-03 9.30275244e-04 1.91720971e-03 -6.64196303e-03 2.17866246e-03 1.87363811e-02 3.13380882e-02
5.14196139e-03 1.50387734e-03 3.54906253e-04 9.37511679e-03 -4.28050570e-03 2.92269775e-04 -4.36358526e-03 -1.36724170e-02 3.13551375e-03 3.33740213e-03 -3.43243941e-04 -7.05837156e-04 2.44482001e-03 -8.01969669e-04 -6.89646089e-03 -1.15349777e-02
-2.25534886e-02 -4.09605587e-03 -1.90704863e-03 -4.73897383e-02 2.18259878e-02 -1.43550010e-03 2.29965039e-02 7.21317679e-02 -1.65251605e-02 -1.75883602e-02 1.81127165e-03 3.72013985e-03 -1.28853172e-02 4.22666874e-03 3.63473110e-02 6.07943498e-02
2.71922396e-03 -5.38946770e-04 5.87715593e-04 1.14193447e-02 -5.34166954e-03 3.82512051e-04 -5.58054401e-03 -1.74862947e-02 4.00828151e-03 4.26862016e-03 -4.38929477e-04 -9.02590982e-04 3.12620681e-03 -1.02545740e-03 -8.81848950e-03 -1.47497049e-02
