-2.90162284e-02 3.33441794e-02 4.06778753e-02 -1.30157918e-02 7.14635942e-03 1.42151900e-02 -5.06931543e-03 6.14205301e-02 -1.17226159e-02 4.43504099e-03 -1.50899747e-02 -2.31117923e-02 6.40983740e-03 7.12408219e-03 1.59227289e-02 2.51572058e-02
4.56795469e-02 -5.42183779e-02 -6.27806857e-02 2.00525224e-02 -1.12118581e-02 -2.20281892e-02 7.77783385e-03 -9.58961099e-02 1.81989819e-02 -6.93464838e-03 2.35685967e-02 3.61207612e-02 -1.00289574e-02 -1.11383460e-02 -2.48951130e-02 -3.93344462e-02
-6.31813752e-03 6.93333335e-03 7.26397429e-03 -2.57851044e-03 1.12671521e-03 2.42065568e-03 -9.09827708e-04 1.02145607e-02 -1.96022191e-03 7.29967840e-04 -2.47780862e-03 -3.77908559e-03 1.03948731e-03 1.16300001e-03 2.59915134e-03 4.10539145e-03
2.69328449e-02 -3.13475206e-02 -3.93857099e-02 1.27345668e-02 -7.29128625e-03 -1.41377449e-02 4.88667330e-03 -6.16565496e-02 1.16097406e-02 -4.45787562e-03 1.51709523e-02 2.32724287e-02 -6.47235848e-03 -7.17912754e-03 -1.60462745e-02 -2.53547467e-02
-4.38125990e-03 5.72647247e-03 1.01076579e-02 -3.33038857e-03 2.24224711e-03 4.10170760e-03 -1.39637804e-03 1.83223598e-02 -3.44706303e-03 1.32966624e-03 -4.53141797e-03 -6.95844134e-03 1.93779625e-03 2.14723381e-03 4.79948847e-03 7.58402329e-03
-5.55169722e-03 7.71815889e-03 8.66316818e-03 -3.01390165e-03 1.51647395e-03 3.10171884e-03 -1.11811492e-03 1.32246716e-02 -2.51444592e-03 9.50323127e-04 -3.23036592e-03 -4.94142342e-03 1.36575219e-03 1.52234943e-03 3.40243452e-03 5.37508028e-03
1.30176470e-02 -1.48335947e-02 -1.87231414e-02 6.59192353e-03 -3.44798365e-03 -6.99956901e-03 2.52071070e-03 -2.97509674e-02 5.72980568e-03 -2.15363433e-03 7.32374284e-03 1.11438902e-02 -3.05495644e-03 -3.42882774e-03 -7.66617153e-03 -1.21038668e-02
9.01620649e-03 -1.15436101e-02 -1.38255693e-02 4.71798843e-03 -2.41810735e-03 -4.90163453e-03 1.74418662e-03 -2.09711939e-02 4.00487939e-03 -1.51730131e-03 5.15646674e-03 7.88534898e-03 -2.17970554e-03 -2.42927042e-03 -5.42955333e-03 -8.57729651e-03
2.43146718e-02 -2.75543667e-02 -3.03605683e-02 9.72921774e-03 -5.18264482e-03 -1.04078781e-02 3.63379926e-03 -4.43760008e-02 8.50501005e-03 -3.21591413e-03 1.09450780e-02 1.67076886e-02 -4.61784704e-03 -5.14727784e-03 -1.15036936e-02 -1.81738008e-02
-9.95815359e-03 1.20289056e-02 1.49042187e-02 -4.68176883e-03 2.65691336e-03 5.27924579e-03 -1.88484893e-03 2.30290592e-02 -4.31311969e-03 1.64684479e-03 -5.60449529e-03 -8.59324820e-03 2.38600885e-03 2.64976989e-03 5.92251588e-03 9.35766194e-03
-4.68881894e-03 5.97606786e-03 6.98755728e-03 -2.32541817e-03 1.27573533e-03 2.52837059e-03 -8.82447464e-04 1.09721674e-02 -2.06621527e-03 7.91151135e-04 -2.69076484e-03 -4.12425585e-03 1.14533131e-03 1.27184379e-03 2.84268311e-03 4.49153455e-03
-2.39969529e-02 2.76488513e-02 3.34957913e-02 -1.08045917e-02 6.04275428e-03 1.18188113e-02 -4.14893730e-03 5.15565835e-02 -9.73754004e-03 3.72277363e-03 -1.26709519e-02 -1.94303263e-02 5.39653609e-03 5.99169359e-03 1.33920098e-02 2.11597923e-02
1.13901934e-02 -1.38155743e-02 -1.64584741e-02 5.15913358e-03 -2.85204663e-03 -5.69484010e-03 1.98996463e-03 -2.45649423e-02 4.66256076e-03 -1.77665870e-03 6.04282366e-03 9.25780926e-03 -2.56772409e-03 -2.85380846e-03 -6.37839641e-03 -1.00776358e-02
2.43225750e-02 -2.93629952e-02 -3.48599255e-02 1.10110696e-02 -5.99345565e-03 -1.21132219e-02 4.31402633e-03 -5.21847419e-02 9.93162859e-03 -3.75006814e-03 1.27570489e-02 1.95522141e-02 -5.42160403e-03 -6.02718117e-03 -1.34711368e-02 -2.12834440e-02
3.67679968e-02 -4.21341732e-02 -5.35527803e-02 1.67222042e-02 -9.75254085e-03 -1.87804643e-02 6.49733003e-03 -8.20008442e-02 1.54964970e-02 -5.92684094e-03 2.01743897e-02 3.09637561e-02 -8.61386303e-03 -9.55222175e-03 -2.13506054e-02 -3.37364636e-02
1.66907907e-02 -1.47554819e-02 -1.56255178e-02 4.49233456e-03 -2.60955072e-03 -5.04203746e-03 1.73977588e-03 -2.19439771e-02 4.13401332e-03 -1.58853317e-03 5.40626887e-03 8.29882547e-03 -2.30934261e-03 -2.56029703e-03 -5.72265545e-03 -9.04256105e-03
2.83507630e-03 -2.48530903e-03 -1.10878784e-03 3.76911223e-04 2.61807181e-05 -1.21629470e-04 7.02781181e-05 -2.63475667e-04 3.71364476e-05 -1.02632021e-05 3.27633061e-05 4.69996849e-05 -1.19599435e-05 -1.41362525e-05 -3.15383331e-05 -4.97191286e-05
-2.65954845e-02 2.97347344e-02 3.37286294e-02 -1.07900593e-02 5.72807295e-03 1.16263237e-02 -4.15552733e-03 5.01563773e-02 -9.54321120e-03 3.60332266e-03 -1.22504588e-02 -1.87545288e-02 5.19370008e-03 5.78059629e-03 1.29192034e-02 2.04104427e-02
2.52804067e-03 -2.35228078e-03 -2.15221127e-03 6.27667177e-04 -3.18148959e-04 -6.49823807e-04 2.34076972e-04 -2.78165564e-03 5.24971983e-04 -2.00192619e-04 6.80767931e-04 1.04380876e-03 -2.90140131e-04 -3.21931788e-04 -7.19548669e-04 -1.13694964e-03
-5.22270054e-02 5.36248162e-02 6.74049035e-02 -2.22030990e-02 1.32806199e-02 2.53615808e-02 -8.61550495e-03 1.11144289e-01 -2.09108368e-02 8.04996118e-03 -2.74024867e-02 -4.20646630e-02 1.17065879e-02 1.29783209e-02 2.90086083e-02 4.58375290e-02
1.43740857e-02 -1.53076779e-02 -1.78941470e-02 5.52548002e-03 -2.94824620e-03 -5.99753764e-03 2.15726905e-03 -2.57921517e-02 4.85400809e-03 -1.84722501e-03 6.28380990e-03 9.62364115e-03 -2.66929460e-03 -2.96645449e-03 -6.63019065e-03 -1.04754986e-02
1.94347203e-02 -1.97175965e-02 -1.72742661e-02 5.15825255e-03 -2.45174579e-03 -5.11024566e-03 1.83121255e-03 -2.16380805e-02 4.08236124e-03 -1.55791640e-03 5.30017121e-03 8.12373031e-03 -2.25603487e-03 -2.50492897e-03 -5.59864659e-03 -8.84605944e-03
1.02567337e-02 -1.33156683e-02 -1.40368156e-02 4.67039924e-03 -2.35586450e-03 -4.83823288e-03 1.79658178e-03 -2.07542535e-02 3.94375296e-03 -1.49106036e-03 5.06736571e-03 7.74437608e-03 -2.13776180e-03 -2.38530710e-03 -5.33089088e-03 -8.42105690e-03
-2.42656935e-03 -5.62932109e-03 -1.17705697e-02 4.64120181e-03 -3.20519973e-03 -5.53978607e-03 1.85539306e-03 -2.55632047e-02 4.75659920e-03 -1.85677933e-03 6.32975344e-03 9.76300705e-03 -2.73392489e-03 -3.01728398e-03 -6.74575334e-03 -1.06626349e-02
3.22284480e-03 -1.36594358e-03 -5.58247091e-04 5.75713348e-05 9.98436881e-05 2.70686069e-05 7.08624066e-06 4.32612811e-04 -7.73702559e-05 3.48989925e-05 -1.20742850e-04 -1.90737293e-04 5.46930460e-05 5.93414588e-05 1.32717236e-04 2.09894031e-04
-1.08727850e-02 1.31308753e-02 1.68609079e-02 -5.51059283e-03 3.27566662e-03 6.24435954e-03 -2.14392226e-03 2.74644122e-02 -5.16596949e-03 1.98684796e-03 -6.76320726e-03 -1.03818942e-02 2.88890861e-03 3.20305140e-03 7.15931365e-03 1.13126487e-02
1.49835600e-03 -5.37046092e-03 -4.01345547e-03 2.14306545e-03 -6.13969518e-04 -1.39719271e-03 5.41434507e-04 -5.78076020e-03 1.12572371e-03 -4.14907612e-04 1.41464872e-03 2.14056112e-03 -5.85168018e-04 -6.58073812e-04 -1.47105847e-03 -2.32273899e-03
-4.17325972e-03 1.14399148e-02 1.62578300e-02 -5.87192504e-03 3.59052024e-03 6.65770657e-03 -2.26790039e-03 2.95895860e-02 -5.55980857e-03 2.14427104e-03 -7.30047468e-03 -1.12143112e-02 3.12316953e-03 3.46057792e-03 7.73498742e-03 1.22226235e-02
2.94806645e-03 -5.60484407e-03 -7.00848876e-03 2.44978094e-03 -1.40747346e-03 -2.68594339e-03 9.27500601e-04 -1.18026324e-02 2.22332776e-03 -8.53715697e-04 2.90767988e-03 4.46111616e-03 -1.24035263e-03 -1.37593376e-03 -3.07538104e-03 -4.85938601e-03
-1.40083656e-02 1.80846266e-02 2.14078482e-02 -7.19522499e-03 3.61345033e-03 7.41392979e-03 -2.63980404e-03 3.18464488e-02 -6.06180402e-03 2.28997390e-03 -7.78298452e-03 -1.18916640e-02 3.28254327e-03 3.66233010e-03 8.18539225e-03 1.29301744e-02
-1.92127563e-02 2.53842548e-02 2.93665323e-02 -9.63871926e-03 5.21240570e-03 1.04699619e-02 -3.78920371e-03 4.55093533e-02 -8.63858406e-03 3.25536239e-03 -1.10426219e-02 -1.69075280e-02 4.67137573e-03 5.21219149e-03 1.16491690e-02 1.83992796e-02
1.50799500e-02 4.26227972e-03 1.75332874e-02 -8.81193858e-03 5.71553176e-03 1.01645151e-02 -3.48258833e-03 4.64271046e-02 -8.76188744e-03 3.38189770e-03 -1.15142856e-02 -1.76930036e-02 4.92663169e-03 5.46021527e-03 1.22045772e-02 1.92849617e-02
3.21310349e-02 -3.82487476e-02 -4.51650247e-02 1.54535864e-02 -8.35210178e-03 -1.63285360e-02 5.62320044e-03 -7.11135939e-02 1.33906556e-02 -5.13231941e-03 1.74620263e-02 2.68010423e-02 -7.45358784e-03 -8.26758333e-03 -1.84791088e-02 -2.91988999e-02
-5.50563484e-02 6.35281280e-02 7.73690790e-02 -2.43054144e-02 1.42769795e-02 2.74043810e-02 -9.56631731e-03 1.20558590e-01 -2.27013994e-02 8.71491712e-03 -2.96796374e-02 -4.55341041e-02 1.26698967e-02 1.40478546e-02 3.13990489e-02 4.96145748e-02
3.54170762e-02 -3.94908264e-02 -5.00298329e-02 1.64546706e-02 -9.86196101e-03 -1.88509244e-02 6.50847191e-03 -8.27471241e-02 1.55691886e-02 -5.98815689e-03 2.03871615e-02 3.12938355e-02 -8.70932546e-03 -9.65534523e-03 -2.15812474e-02 -3.41013148e-02
-2.01628599e-02 2.29249615e-02 2.61154231e-02 -8.36152770e-03 4.74579167e-03 9.36477445e-03 -3.24749970e-03 4.04436626e-02 -7.63026252e-03 2.92249466e-03 -9.93845798e-03 -1.52410492e-02 4.23528021e-03 4.70068771e-03 1.05064856e-02 1.66008957e-02
-2.85916007e-03 1.94708817e-03 1.30310352e-03 -3.06197267e-04 1.00653568e-04 2.59970751e-04 -9.52353948e-05 1.05338776e-03 -1.91115934e-04 7.09088417e-05 -2.40734618e-04 -3.67793371e-04 1.01887083e-04 1.13320843e-04 2.53268954e-04 4.00142890e-04
9.24207047e-02 -1.20213218e-01 -1.64410189e-01 5.53961843e-02 -3.34158614e-02 -6.32483587e-02 2.16368325e-02 -2.78620869e-01 5.23977801e-02 -2.01677401e-02 6.86460733e-02 1.05382800e-01 -2.93275788e-02 -3.25144343e-02 -7.26748332e-02 -1.14836015e-01
3.37738208e-02 -3.59847173e-02 -4.49634641e-02 1.39823528e-02 -7.98111130e-03 -1.55978268e-02 5.38763637e-03 -6.80647865e-02 1.28359208e-02 -4.92326682e-03 1.67581569e-02 2.57109702e-02 -7.15104723e-03 -7.93132465e-03 -1.77275576e-02 -2.80114878e-02
-1.41550116e-02 1.89986005e-02 2.66137496e-02 -9.03485063e-03 5.49337501e-03 1.03616128e-02 -3.53609468e-03 4.57105860e-02 -8.60386435e-03 3.31167411e-03 -1.12739839e-02 -1.73077732e-02 4.81690746e-03 5.34011563e-03 1.19360182e-02 1.88605338e-02
-4.54136264e-03 6.04296103e-03 7.67191220e-03 -2.63013970e-03 1.47568854e-03 2.87180417e-03 -9.96071496e-04 1.25424284e-02 -2.36590649e-03 9.06041358e-04 -3.08357249e-03 -4.72817104e-03 1.31358590e-03 1.45821972e-03 3.25928489e-03 5.14982175e-03
2.64748074e-02 -3.03536281e-02 -3.56001407e-02 1.16926916e-02 -6.20385585e-03 -1.25103397e-02 4.54598572e-03 -5.43305427e-02 1.02609666e-02 -3.90340248e-03 1.32654421e-02 2.03413982e-02 -5.64537197e-03 -6.27144333e-03 -1.40172113e-02 -2.21466329e-02
-7.28446245e-03 1.02023333e-02 1.29550947e-02 -4.28689644e-03 2.45898613e-03 4.83053690e-03 -1.66612177e-03 2.09067129e-02 -3.93707631e-03 1.51034235e-03 -5.13923774e-03 -7.88007025e-03 2.19058455e-03 2.43052235e-03 5.43249864e-03 8.58380459e-03
-7.23403133e-03 1.26095470e-02 1.85646676e-02 -6.49192464e-03 4.03675530e-03 7.55123887e-03 -2.57062726e-03 3.34110707e-02 -6.28747605e-03 2.42220797e-03 -8.24669097e-03 -1.26613714e-02 3.52403265e-03 3.90660157e-03 8.73189513e-03 1.37976101e-02
-2.61198953e-02 3.35066542e-02 3.74270529e-02 -1.23719117e-02 6.49948604e-03 1.32161081e-02 -4.71892767e-03 5.72317466e-02 -1.09321233e-02 4.08095447e-03 -1.38645256e-02 -2.12394688e-02 5.85230719e-03 6.54376205e-03 1.46177774e-02 2.30912548e-02
2.35050581e-02 -2.58367173e-02 -3.01697925e-02 9.44496598e-03 -5.11503918e-03 -1.05021764e-02 3.70946084e-03 -4.47837412e-02 8.45458079e-03 -3.21203214e-03 1.09227179e-02 1.67183504e-02 -4.63988958e-03 -5.15509304e-03 -1.15218488e-02 -1.82040427e-02
4.78285253e-02 -6.02514148e-02 -6.61479607e-02 2.16426980e-02 -1.16506852e-02 -2.38091554e-02 8.53970833e-03 -1.01632208e-01 1.92321055e-02 -7.34456070e-03 2.48671826e-02 3.80557552e-02 -1.05476351e-02 -1.17323045e-02 -2.62251720e-02 -4.14287746e-02
3.23161781e-02 -3.39884795e-02 -4.22984958e-02 1.42885661e-02 -8.43107235e-03 -1.61092877e-02 5.48439939e-03 -7.06218779e-02 1.32882651e-02 -5.11368923e-03 1.74048021e-02 2.67185476e-02 -7.43565988e-03 -8.24355800e-03 -1.84256546e-02 -2.91150026e-02
-2.27997340e-02 2.04078667e-02 2.19748057e-02 -7.48029631e-03 3.84582859e-03 7.74222845e-03 -2.61246157e-03 3.28397118e-02 -6.19447185e-03 2.37691752e-03 -8.08297563e-03 -1.24022160e-02 3.44987051e-03 3.82592622e-03 8.55145697e-03 1.35122770e-02
-1.00896321e-03 -2.01272126e-02 -4.63005006e-02 1.87827200e-02 -1.16388947e-02 -2.16927323e-02 7.35684764e-03 -9.60268825e-02 1.80830769e-02 -6.96279155e-03 2.37057954e-02 3.63938212e-02 -1.01289460e-02 -1.12289814e-02 -2.50985790e-02 -3.96592058e-02
-3.57799344e-02 3.79934497e-02 4.67916839e-02 -1.52291013e-02 9.19791311e-03 1.74215697e-02 -5.96524682e-03 7.67590180e-02 -1.44464010e-02 5.55932522e-03 -1.89255029e-02 -2.90539805e-02 8.08595959e-03 8.96426663e-03 2.00365800e-02 3.16605195e-02
1.79739278e-02 -2.26888210e-02 -2.70210188e-02 8.88068601e-03 -4.67475690e-03 -9.58640408e-03 3.39273619e-03 -4.07107733e-02 7.78356101e-03 -2.94032739e-03 1.00002168e-02 1.52782630e-02 -4.22149478e-03 -4.70667798e-03 -1.05200410e-02 -1.66182667e-02
-6.75053522e-03 7.84424506e-03 9.09992307e-03 -2.91104731e-03 1.61945878e-03 3.18552554e-03 -1.10270118e-03 1.37617663e-02 -2.59758183e-03 9.92693589e-04 -3.37879173e-03 -5.18033281e-03 1.44006556e-03 1.59783277e-03 3.57133499e-03 5.64301014e-03
-4.99888510e-03 7.24739954e-03 9.11914185e-03 -3.06009408e-03 1.73904293e-03 3.37924506e-03 -1.17021671e-03 1.47492141e-02 -2.78123887e-03 1.06555619e-03 -3.62649770e-03 -5.55981928e-03 1.54487183e-03 1.71471678e-03 3.83257447e-03 6.05569314e-03
1.65695027e-02 -2.92563457e-02 -4.36718315e-02 1.48067372e-02 -9.29397997e-03 -1.73501801e-02 5.89691848e-03 -7.68272728e-02 1.44588109e-02 -5.57057606e-03 1.89665705e-02 2.91207861e-02 -8.10550619e-03 -8.98525119e-03 -2.00835485e-02 -3.17348577e-02
-3.21814716e-02 3.49648222e-02 4.23206128e-02 -1.35162976e-02 7.22080655e-03 1.49660120e-02 -5.26028220e-03 6.36325255e-02 -1.20266713e-02 4.54761041e-03 -1.54962773e-02 -2.36168280e-02 6.52045384e-03 7.27290474e-03 1.62556041e-02 2.56789569e-02
-9.51646455e-03 1.01766037e-02 1.22020096e-02 -4.03736671e-03 2.21390999e-03 4.34821425e-03 -1.51239743e-03 1.88927576e-02 -3.56472377e-03 1.36398245e-03 -4.63967072e-03 -7.11334078e-03 1.97615754e-03 2.19367212e-03 4.90303757e-03 7.74705969e-03
5.18421968e-03 -6.06826600e-03 -6.90603023e-03 2.23145122e-03 -1.24011969e-03 -2.43103853e-03 8.50594311e-04 -1.06311655e-02 2.00520782e-03 -7.67818594e-04 2.61252536e-03 4.00742237e-03 -1.11424620e-03 -1.23610045e-03 -2.76283477e-03 -4.36553452e-03
-1.66895371e-02 2.08103321e-02 2.89682876e-02 -9.54600051e-03 5.76253980e-03 1.09378863e-02 -3.74853285e-03 4.81367186e-02 -9.06264409e-03 3.48456507e-03 -1.18641751e-02 -1.82094984e-02 5.06743230e-03 5.61816059e-03 1.25574702e-02 1.98424812e-02
-1.74613092e-02 1.43753365e-02 1.75227467e-02 -4.89322050e-03 2.85009923e-03 5.55263739e-03 -1.90473895e-03 2.41121240e-02 -4.53728950e-03 1.74473180e-03 -5.93889225e-03 -9.11540352e-03 2.53660418e-03 2.81229103e-03 6.28590723e-03 9.93257668e-03
-9.94483475e-03 1.23799453e-02 1.54993543e-02 -4.95783100e-03 2.77388887e-03 5.48243755e-03 -1.91893289e-03 2.37454269e-02 -4.48639831e-03 1.71412644e-03 -5.83176827e-03 -8.93827062e-03 2.48262542e-03 2.75637791e-03 6.16076821e-03 9.73422732e-03
-5.05918004e-02 5.96577823e-02 6.97981268e-02 -2.13254560e-02 1.23666823e-02 2.44465135e-02 -8.45148414e-03 1.05324082e-01 -1.98796056e-02 7.60744605e-03 -2.59048324e-02 -3.96989472e-02 1.10377669e-02 1.22449556e-02 2.73686573e-02 4.32456955e-02
-2.31983084e-02 2.76652016e-02 3.23771685e-02 -1.00842919e-02 5.68252383e-03 1.13197109e-02 -3.95510532e-03 4.87567335e-02 -9.21480078e-03 3.51438695e-03 -1.19569404e-02 -1.83275007e-02 5.08561730e-03 5.65053476e-03 1.26291784e-02 1.99539959e-02
3.09953243e-02 -3.57753038e-02 -4.04304639e-02 1.30149042e-02 -7.29101757e-03 -1.42483581e-02 5.02166245e-03 -6.21583052e-02 1.16791949e-02 -4.48110700e-03 1.52521962e-02 2.33935229e-02 -6.50602998e-03 -7.21623888e-03 -1.61292180e-02 -2.54859403e-02
9.00902669e-04 -1.14521070e-03 -1.49355887e-03 4.16039577e-04 -2.29125653e-04 -4.82765434e-04 1.70990475e-04 -2.01617531e-03 3.82192520e-04 -1.45092534e-04 4.93196421e-04 7.54283916e-04 -2.08983227e-04 -2.32453080e-04 -5.19530731e-04 -8.20817368e-04
-2.21441966e-03 -3.90845863e-03 -6.68910379e-03 2.85910536e-03 -1.95653667e-03 -3.29838553e-03 1.05636183e-03 -1.50666879e-02 2.82910257e-03 -1.10628898e-03 3.76601750e-03 5.80607727e-03 -1.62405975e-03 -1.79333799e-03 -4.00858233e-03 -6.33501168e-03
-2.58461758e-02 2.92700343e-02 3.57666314e-02 -1.13353916e-02 6.43438008e-03 1.25245135e-02 -4.37589455e-03 5.46177402e-02 -1.02760578e-02 3.94534227e-03 -1.34276608e-02 -2.05938593e-02 5.72761847e-03 6.35281997e-03 1.41994599e-02 2.24366486e-02
-4.73517515e-02 5.41671328e-02 5.99586107e-02 -1.96114890e-02 1.11727454e-02 2.16145553e-02 -7.37935677e-03 9.38253403e-02 -1.76745392e-02 6.79060677e-03 -2.31205113e-02 -3.54695320e-02 9.86448396e-03 1.09411944e-02 2.44552009e-02 3.86422873e-02
1.51656452e-03 -5.14439191e-04 -3.81798949e-04 -1.80228119e-04 1.57821662e-04 9.90478002e-05 -4.19047865e-06 7.69346952e-04 -1.25017163e-04 5.88928779e-05 -2.02946510e-04 -3.29334813e-04 1.00058060e-04 1.03638362e-04 2.31846061e-04 3.67476576e-04
-6.03539986e-04 4.83386917e-04 -1.11651747e-03 6.20703562e-04 -5.97928942e-04 -8.67812079e-04 2.17379275e-04 -4.24107723e-03 7.70587299e-04 -3.12284246e-04 1.06584560e-03 1.66309590e-03 -4.74187051e-04 -5.16129192e-04 -1.15393940e-03 -1.82485662e-03
3.41308862e-02 -4.12764437e-02 -4.79816645e-02 1.39038702e-02 -7.40883173e-03 -1.50724109e-02 5.32450154e-03 -6.43997267e-02 1.22580566e-02 -4.64658532e-03 1.57950800e-02 2.41857786e-02 -6.69543631e-03 -7.45276781e-03 -1.66581478e-02 -2.63169128e-02
1.96493752e-02 -2.41887234e-02 -3.04084737e-02 1.00743957e-02 -5.91014838e-03 -1.13291098e-02 3.88264540e-03 -4.97227684e-02 9.37273167e-03 -3.60096921e-03 1.22554405e-02 1.88085008e-02 -5.23266755e-03 -5.80251869e-03 -1.29694650e-02 -2.04933118e-02
7.31709152e-02 -8.96071270e-02 -1.05235562e-01 3.48684341e-02 -1.99651886e-02 -3.88243943e-02 1.35817602e-02 -1.69270352e-01 3.19092907e-02 -1.22308275e-02 4.16219980e-02 6.38202652e-02 -1.77430231e-02 -1.96855869e-02 -4.39993739e-02 -6.95227385e-02
-2.13939045e-03 1.99032365e-04 -1.14883995e-04 2.08055921e-04 -1.75493886e-04 -2.55522405e-04 7.10630193e-05 -1.24183064e-03 2.37034634e-04 -9.26016146e-05 3.15610232e-04 4.85703320e-04 -1.35365830e-04 -1.49930944e-04 -3.35130142e-04 -5.29567711e-04
-1.62555277e-02 2.09149793e-02 2.41607726e-02 -7.68365990e-03 4.19265311e-03 8.44183099e-03 -2.99303234e-03 3.63135152e-02 -6.92994474e-03 2.62245652e-03 -8.92227050e-03 -1.36595871e-02 3.78145464e-03 4.20909515e-03 9.40755475e-03 1.48624219e-02
6.63369708e-03 -7.43107032e-03 -9.86517128e-03 3.14374035e-03 -1.83856778e-03 -3.63979931e-03 1.25948933e-03 -1.57484673e-02 2.98956805e-03 -1.13655103e-03 3.86378611e-03 5.92177827e-03 -1.63935672e-03 -1.82491750e-03 -4.07879101e-03 -6.44364581e-03
-2.54621804e-02 2.79333554e-02 3.27886827e-02 -1.08804759e-02 5.97553840e-03 1.17846616e-02 -4.04724712e-03 5.08999787e-02 -9.59387422e-03 3.67709273e-03 -1.25125479e-02 -1.91761907e-02 5.32743288e-03 5.91396354e-03 1.32181291e-02 2.08852738e-02
5.05556688e-02 -5.94249815e-02 -7.47414380e-02 2.36285944e-02 -1.40251564e-02 -2.68870648e-02 9.21600312e-03 -1.18073665e-01 2.22146381e-02 -8.54356028e-03 2.90837847e-02 4.46413793e-02 -1.24227600e-02 -1.37731237e-02 -3.07850633e-02 -4.86444905e-02
-1.42314862e-02 1.77036002e-02 2.07537208e-02 -6.64886134e-03 3.59698967e-03 7.22973747e-03 -2.54593138e-03 3.10765635e-02 -5.89853106e-03 2.23923335e-03 -7.61436811e-03 -1.16583547e-02 3.23008117e-03 3.59320035e-03 8.03082809e-03 1.26879737e-02
-6.88754767e-03 3.61600239e-03 1.99873699e-04 3.93325638e-04 -9.08201735e-04 -1.20950863e-03 3.55027383e-04 -6.24399958e-03 1.12158922e-03 -4.58857365e-04 1.56944059e-03 2.43475614e-03 -6.88089232e-04 -7.54213543e-04 -1.68624287e-03 -2.66587315e-03
-7.56108202e-03 6.76772138e-03 8.66702851e-03 -2.84029823e-03 1.66663388e-03 3.23666004e-03 -1.12802850e-03 1.41439680e-02 -2.66055320e-03 1.02051138e-03 -3.47221131e-03 -5.32706594e-03 1.48135494e-03 1.64324802e-03 3.67285847e-03 5.80347097e-03
-1.07523911e-02 1.31185660e-02 1.58580355e-02 -5.00494055e-03 2.77808378e-03 5.54585876e-03 -1.96398282e-03 2.38991082e-02 -4.51059081e-03 1.72145455e-03 -5.85455773e-03 -8.97779502e-03 2.49449513e-03 2.76880548e-03 6.18859474e-03 9.77828912e-03
1.10734580e-02 -6.81198388e-03 -6.09134324e-03 1.48746872e-03 -4.88289981e-04 -1.33207266e-03 4.55783796e-04 -4.91087791e-03 9.62583697e-04 -3.54200311e-04 1.19933672e-03 1.83328940e-03 -5.06157055e-04 -5.64323855e-04 -1.26117119e-03 -1.99238327e-03
-2.81730443e-02 3.23815756e-02 4.02497649e-02 -1.29730785e-02 7.46506779e-03 1.44703491e-02 -5.00409864e-03 6.33060262e-02 -1.19190179e-02 4.57529398e-03 -1.55681502e-02 -2.38869544e-02 6.64325384e-03 7.36865401e-03 1.64698679e-02 2.60241013e-02
-3.46478075e-02 4.00359482e-02 4.83153984e-02 -1.58671867e-02 9.36379097e-03 1.78452134e-02 -6.14144700e-03 7.84027129e-02 -1.47539396e-02 5.67667326e-03 -1.93237960e-02 -2.96633076e-02 8.25505052e-03 9.15205199e-03 2.04562955e-02 3.23237106e-02
1.15915705e-02 -1.19220614e-02 -1.38133829e-02 4.47204337e-03 -2.58657755e-03 -5.00725722e-03 1.71393855e-03 -2.18081046e-02 4.11013514e-03 -1.57864997e-03 5.37340995e-03 8.24395660e-03 -2.29337648e-03 -2.54326011e-03 -5.68454340e-03 -8.98225419e-03
3.82303521e-02 -5.18703386e-02 -5.47246523e-02 1.78341512e-02 -8.98741744e-03 -1.85973644e-02 6.74168626e-03 -7.96537623e-02 1.50178904e-02 -5.71808871e-03 1.95078142e-02 2.97238249e-02 -8.21461342e-03 -9.15805809e-03 -2.04688367e-02 -3.23343016e-02
2.95267701e-02 -3.84669714e-02 -4.26021032e-02 1.57139488e-02 -7.13546574e-03 -1.52278841e-02 5.70113398e-03 -6.46654740e-02 1.23261986e-02 -4.60051559e-03 1.56328194e-02 2.38742195e-02 -6.57250872e-03 -7.34930113e-03 -1.64254438e-02 -2.59432532e-02
-7.51125719e-03 8.85988306e-03 1.06066801e-02 -3.38220759e-03 1.91542157e-03 3.76948225e-03 -1.31251046e-03 1.63091905e-02 -3.08609288e-03 1.17895054e-03 -4.01529483e-03 -6.14976324e-03 1.70732406e-03 1.89625996e-03 4.23827907e-03 6.69655157e-03
-7.79567938e-03 9.98619199e-03 1.07418532e-02 -3.36838397e-03 1.82140013e-03 3.67599376e-03 -1.28624297e-03 1.57828405e-02 -2.99451104e-03 1.13905559e-03 -3.87733988e-03 -5.93408337e-03 1.64579146e-03 1.82915700e-03 4.08821553e-03 6.45920075e-03
2.17723604e-02 -2.97509078e-02 -3.81760113e-02 1.25205405e-02 -7.30494224e-03 -1.41634159e-02 4.85385302e-03 -6.15819767e-02 1.16187502e-02 -4.45614709e-03 1.51680307e-02 2.32700724e-02 -6.47086883e-03 -7.17813196e-03 -1.60440933e-02 -2.53511034e-02
1.29918810e-02 -1.54337995e-02 -1.82991270e-02 5.87417884e-03 -3.35121062e-03 -6.53237011e-03 2.27167644e-03 -2.84144804e-02 5.36882877e-03 -2.05279328e-03 6.98887184e-03 1.07141454e-02 -2.97660683e-03 -3.30406753e-03 -7.38492515e-03 -1.16685843e-02
-3.32092233e-02 4.27407064e-02 5.56493104e-02 -1.81512069e-02 1.07511664e-02 2.05669254e-02 -7.09689735e-03 9.03672650e-02 -1.70204900e-02 6.53083017e-03 -2.22321134e-02 -3.41261476e-02 9.49423388e-03 1.05280969e-02 2.35317964e-02 3.71831171e-02
7.61520118e-04 -4.46065702e-03 -9.61285736e-03 3.82706849e-03 -2.42015417e-03 -4.46726801e-03 1.50594779e-03 -1.98803693e-02 3.74176935e-03 -1.44232297e-03 4.91088396e-03 7.54128164e-03 -2.09915591e-03 -2.32699909e-03 -5.20123076e-03 -8.21867213e-03
-1.41574051e-02 1.65294930e-02 2.00174712e-02 -6.51735254e-03 3.68309487e-03 7.18402909e-03 -2.49567069e-03 3.13032754e-02 -5.90140885e-03 2.26191035e-03 -7.69708026e-03 -1.18053025e-02 3.28182522e-03 3.64125939e-03 8.13862495e-03 1.28597142e-02
-2.55965255e-02 3.44444364e-02 3.88531499e-02 -1.46166030e-02 6.42058998e-03 1.38174230e-02 -5.17388945e-03 5.83990626e-02 -1.12054925e-02 4.14663134e-03 -1.40568009e-02 -2.14072764e-02 5.85338892e-03 6.58591324e-03 1.47277480e-02 2.32461840e-02
-4.75335121e-03 6.89299824e-03 8.55359808e-03 -2.94752046e-03 1.53473765e-03 3.05971038e-03 -1.11080497e-03 1.32746454e-02 -2.53506680e-03 9.59854864e-04 -3.27264378e-03 -4.99893911e-03 1.37763866e-03 1.53841183e-03 3.43861058e-03 5.43059921e-03
8.34484585e-04 3.09176184e-03 7.74132786e-03 -2.73575122e-03 1.84150727e-03 3.35634314e-03 -1.13438291e-03 1.49780381e-02 -2.81072804e-03 1.08776952e-03 -3.70465592e-03 -5.68989292e-03 1.58477109e-03 1.75596925e-03 3.92494397e-03 6.20207237e-03
1.52782770e-02 -1.86407063e-02 -2.34824605e-02 7.82117806e-03 -4.58521070e-03 -8.89511034e-03 3.06904316e-03 -3.88990678e-02 7.29319779e-03 -2.80191447e-03 9.53450613e-03 1.46258492e-02 -4.06685658e-03 -4.51158499e-03 -1.00839436e-02 -1.59335956e-02
-7.58864405e-03 1.35262664e-02 2.06354260e-02 -7.26418337e-03 4.53731278e-03 8.44871625e-03 -2.87085096e-03 3.75028215e-02 -7.05379061e-03 2.71872757e-03 -9.25588049e-03 -1.42133078e-02 3.95643944e-03 4.38562129e-03 9.80261061e-03 1.54895335e-02
4.65566739e-02 -4.95453328e-02 -6.07180111e-02 1.90915596e-02 -1.09068407e-02 -2.10824925e-02 7.27101695e-03 -9.22021121e-02 1.73904337e-02 -6.66145002e-03 2.26778835e-02 3.47833335e-02 -9.67185665e-03 -1.07290894e-02 -2.39808038e-02 -3.78919356e-02
-2.49238703e-02 3.27261835e-02 3.90645266e-02 -1.25280600e-02 6.56193914e-03 1.34966820e-02 -4.88698669e-03 5.75023219e-02 -1.10153481e-02 4.13497956e-03 -1.40856951e-02 -2.14882344e-02 5.90613438e-03 6.61199074e-03 1.47779668e-02 2.33418960e-02
1.52445063e-02 -1.61938109e-02 -1.88767798e-02 5.96005423e-03 -3.41290003e-03 -6.61742454e-03 2.29263608e-03 -2.88781654e-02 5.43335825e-03 -2.08475604e-03 7.09635857e-03 1.08865621e-02 -3.02818487e-03 -3.35835177e-03 -7.50636682e-03 -1.18609238e-02
-1.38904713e-02 2.11893748e-02 3.00978199e-02 -1.03725502e-02 6.33894559e-03 1.19143911e-02 -4.06207703e-03 5.26459068e-02 -9.90734156e-03 3.81457456e-03 -1.29864803e-02 -1.99372303e-02 5.54880593e-03 6.15143543e-03 1.37494532e-02 2.17260197e-02
1.37736518e-02 2.79715285e-03 1.08772814e-02 -4.53857705e-03 2.97624269e-03 5.32495370e-03 -1.84187549e-03 2.42934879e-02 -4.56600031e-03 1.75992469e-03 -5.99310175e-03 -9.20495298e-03 2.56229471e-03 2.84029380e-03 6.34853775e-03 1.00315912e-02
6.14722706e-02 -7.07818791e-02 -9.01575685e-02 2.92544886e-02 -1.69053469e-02 -3.29732075e-02 1.12063689e-02 -1.43022224e-01 2.69805416e-02 -1.03520034e-02 3.52146178e-02 5.40325083e-02 -1.50281591e-02 -1.66683979e-02 -3.72559801e-02 -5.88681474e-02
2.99412310e-02 -3.43106315e-02 -4.49739285e-02 1.54133877e-02 -8.80416203e-03 -1.67697929e-02 5.74887451e-03 -7.37952143e-02 1.38953710e-02 -5.33914519e-03 1.81734227e-02 2.78964397e-02 -7.76245352e-03 -8.60655867e-03 -1.92369726e-02 -3.03969029e-02
2.00537816e-02 -2.03509182e-02 -1.49882324e-02 4.20625042e-03 -1.72197493e-03 -3.79082281e-03 1.51332957e-03 -1.59813836e-02 3.06106452e-03 -1.14337623e-03 3.88932740e-03 5.96106704e-03 -1.65640714e-03 -1.83851016e-03 -4.10925457e-03 -6.49292208e-03
2.08187643e-02 -2.67099384e-02 -3.63115594e-02 1.22572286e-02 -7.36632477e-03 -1.39290439e-02 4.75717988e-03 -6.14267364e-02 1.15627600e-02 -4.45003854e-03 1.51495896e-02 2.32566167e-02 -6.47234172e-03 -7.17550237e-03 -1.60383899e-02 -2.53428221e-02
1.39932139e-02 -1.47468112e-02 -1.52668115e-02 4.87398170e-03 -2.54519377e-03 -5.18532796e-03 1.82525523e-03 -2.22339835e-02 4.16032271e-03 -1.59745372e-03 5.42642269e-03 8.31668079e-03 -2.31156452e-03 -2.56514875e-03 -5.73334610e-03 -9.05920193e-03
-2.29709987e-02 2.80071869e-02 3.46809216e-02 -1.09219821e-02 6.33070152e-03 1.22749638e-02 -4.23665624e-03 5.34173883e-02 -1.00592934e-02 3.86125385e-03 -1.31408963e-02 -2.01641917e-02 5.60912117e-03 6.22051582e-03 1.39037203e-02 2.19694935e-02
2.88478844e-02 -3.33786085e-02 -3.89854237e-02 1.21419253e-02 -6.61458028e-03 -1.31268548e-02 4.55653016e-03 -5.68634272e-02 1.07672401e-02 -4.11293656e-03 1.39911361e-02 2.14511883e-02 -5.96001837e-03 -6.61558239e-03 -1.47864344e-02 -2.33632345e-02
5.32796234e-02 -5.92205487e-02 -6.83904439e-02 2.13678386e-02 -1.26093253e-02 -2.42776014e-02 8.29479191e-03 -1.06243938e-01 1.99578516e-02 -7.67575204e-03 2.61295717e-02 4.01062071e-02 -1.11607993e-02 -1.23738712e-02 -2.76575107e-02 -4.37025279e-02
-1.41226668e-02 1.65615845e-02 2.04678383e-02 -7.08128465e-03 3.81273590e-03 7.48485886e-03 -2.58336100e-03 3.23930643e-02 -6.11151522e-03 2.34204205e-03 -7.96074513e-03 -1.22162038e-02 3.39664076e-03 3.76823125e-03 8.42245389e-03 1.33081721e-02
3.95628959e-02 -4.83464226e-02 -5.83026819e-02 1.94326676e-02 -1.13119632e-02 -2.16987152e-02 7.49409944e-03 -9.49018300e-02 1.78910457e-02 -6.87039504e-03 2.33856253e-02 3.58836018e-02 -9.98315029e-03 -1.10701909e-02 -2.47434676e-02 -3.90976705e-02
-2.97649521e-02 3.11097763e-02 3.86504345e-02 -1.25507182e-02 7.43848132e-03 1.41824977e-02 -4.84056864e-03 6.22659102e-02 -1.17161758e-02 4.50874586e-03 -1.53480703e-02 -2.35616136e-02 6.55721966e-03 7.26958411e-03 1.62486788e-02 2.56751161e-02
7.78455734e-02 -8.92551690e-02 -1.14688821e-01 3.75628136e-02 -2.19897628e-02 -4.26968373e-02 1.46376584e-02 -1.86036706e-01 3.49867791e-02 -1.34464707e-02 4.57684398e-02 7.02358112e-02 -1.95422843e-02 -2.16689799e-02 -4.84333783e-02 -7.65307397e-02
-8.50292295e-03 1.03680398e-02 1.19049856e-02 -3.97702400e-03 1.96731533e-03 4.16908646e-03 -1.54605694e-03 1.78659484e-02 -3.42300488e-03 1.27618620e-03 -4.32577310e-03 -6.60718884e-03 1.80625496e-03 2.03223061e-03 4.54173842e-03 7.17241457e-03
-2.58600265e-02 2.93416120e-02 3.39719132e-02 -1.11106131e-02 6.19861064e-03 1.21603329e-02 -4.19278815e-03 5.27928062e-02 -9.91898216e-03 3.80785274e-03 -1.29600000e-02 -1.98817626e-02 5.53002674e-03 6.13307767e-03 1.37082534e-02 2.16605905e-02
-6.88602868e-03 7.45839346e-03 9.21093579e-03 -2.96701142e-03 1.60609232e-03 3.16004409e-03 -1.11190847e-03 1.37807084e-02 -2.60695582e-03 9.94101283e-04 -3.38355498e-03 -5.18482737e-03 1.43988698e-03 1.59883033e-03 3.57352942e-03 5.64626697e-03
3.58324498e-04 1.12274929e-03 2.90154060e-03 -1.09113147e-03 7.76100671e-04 1.36848900e-03 -4.58629191e-04 6.21458655e-03 -1.16372458e-03 4.51677071e-04 -1.53867679e-03 -2.36581569e-03 6.59486046e-04 7.30289728e-04 1.63236365e-03 2.57947482e-03
-4.77063432e-02 5.34947515e-02 6.72270507e-02 -2.17665117e-02 1.27686756e-02 2.43830513e-02 -8.33457801e-03 1.07071795e-01 -2.01462917e-02 7.74659589e-03 -2.63683498e-02 -4.04738933e-02 1.12627968e-02 1.24872746e-02 2.79109795e-02 4.41030152e-02
4.88211121e-03 -7.65924715e-03 -9.55845322e-03 3.33941798e-03 -1.85603846e-03 -3.60795739e-03 1.24730798e-03 -1.56997740e-02 2.96040648e-03 -1.13527558e-03 3.86231230e-03 5.92333078e-03 -1.64610217e-03 -1.82692602e-03 -4.08336939e-03 -6.45198720e-03
3.25607993e-02 -3.74894626e-02 -4.38201465e-02 1.38985645e-02 -7.62048271e-03 -1.50055690e-02 5.18489489e-03 -6.50363639e-02 1.22989733e-02 -4.69711656e-03 1.59806553e-02 2.44925003e-02 -6.80357916e-03 -7.55286077e-03 -1.68812610e-02 -2.66730487e-02
-1.14436056e-02 1.22624934e-02 1.14740273e-02 -3.23493290e-03 1.69154839e-03 3.57421348e-03 -1.24418200e-03 1.51062990e-02 -2.83499085e-03 1.08244084e-03 -3.68187553e-03 -5.64125367e-03 1.56745315e-03 1.73967064e-03 3.88831808e-03 6.14381349e-03
-8.31909478e-04 -2.63696490e-03 -5.34239132e-03 2.38252967e-03 -1.67534116e-03 -2.96145934e-03 9.81931109e-04 -1.33134928e-02 2.49690167e-03 -9.68103588e-04 3.29645630e-03 5.06481063e-03 -1.41084043e-03 -1.56313577e-03 -3.49391089e-03 -5.52097708e-03
-3.51816118e-02 4.26740423e-02 5.00217564e-02 -1.62821040e-02 9.35647264e-03 1.80482958e-02 -6.30141422e-03 7.91768283e-02 -1.49148218e-02 5.71584189e-03 -1.94561873e-02 -2.98593231e-02 8.30603484e-03 9.21124499e-03 2.05883700e-02 3.25320959e-02
-9.99837089e-03 8.52775201e-03 2.89360061e-04 -1.33149792e-04 -8.22621281e-04 -7.95211585e-04 2.12053390e-04 -4.78795730e-03 9.11900774e-04 -3.61320155e-04 1.24805921e-03 1.93517376e-03 -5.43706061e-04 -5.99018997e-04 -1.33914896e-03 -2.11662287e-03
