-4.74424846e-03 2.02622712e-02 4.93839663e-03 -1.74626615e-02 6.18328806e-03 -6.01410214e-03 3.00381391e-04 4.06067967e-02 -2.75147706e-03 1.06655170e-04 -1.98013093e-02 3.43104382e-03 -3.81155382e-03 -4.25433135e-03 1.14722829e-02 1.46964872e-02
7.13490974e-03 -4.52264249e-02 -7.02437060e-03 4.66458797e-02 -1.74896009e-02 1.67274177e-02 -1.13823835e-03 -1.08997867e-01 7.03957491e-03 -2.26970733e-04 5.34106493e-02 -9.29023605e-03 1.02890776e-02 1.14969462e-02 -3.10013015e-02 -3.97162810e-02
-1.36036053e-03 5.16168727e-03 9.66916326e-04 -4.75118496e-03 1.67017733e-03 -1.59995107e-03 8.61191656e-05 1.08527746e-02 -7.19541858e-04 3.06401453e-05 -5.26880194e-03 9.12862015e-04 -1.01465802e-03 -1.13201421e-03 3.05268355e-03 3.91052756e-03
2.20761541e-03 -2.27314048e-02 -3.52376187e-03 2.71753054e-02 -1.03577450e-02 9.81548801e-03 -7.31899927e-04 -6.35289922e-02 4.00236854e-03 -9.53914059e-05 3.11911386e-02 -5.43511985e-03 6.00991864e-03 6.71999203e-03 -1.81197189e-02 -2.32143607e-02
-2.33483640e-03 -1.77826732e-02 -2.61495961e-03 2.12190170e-02 -7.86767621e-03 7.45356083e-03 -5.38009685e-04 -4.98077534e-02 3.17749660e-03 -1.10075998e-04 2.43205633e-02 -4.23322339e-03 4.68724128e-03 5.23795839e-03 -1.41240386e-02 -1.80945285e-02
-1.06169237e-03 1.08019020e-02 2.39703176e-03 -9.62195918e-03 3.35586001e-03 -3.16724833e-03 1.34271788e-04 2.23050583e-02 -1.51419872e-03 8.23806186e-05 -1.07712764e-02 1.85678154e-03 -2.07452266e-03 -2.30907020e-03 6.22778712e-03 7.97674712e-03
6.60114409e-03 -1.18153859e-02 -3.34753143e-03 9.57023259e-03 -3.29815038e-03 2.94843898e-03 -1.58163399e-04 -2.09199302e-02 1.46499474e-03 -9.30687675e-05 1.01774158e-02 -1.74637465e-03 1.95798045e-03 2.17506127e-03 -5.86886797e-03 -7.51512358e-03
1.70894817e-03 -7.99938664e-03 -1.80090684e-03 7.05040852e-03 -2.42892792e-03 2.34663370e-03 -1.24379643e-04 -1.59989931e-02 1.07544172e-03 -5.39196117e-05 7.81098241e-03 -1.35015137e-03 1.50374603e-03 1.67626073e-03 -4.52064164e-03 -5.79063781e-03
1.27962269e-02 -6.71047270e-02 -1.49373831e-02 5.48765026e-02 -2.00767722e-02 1.87545046e-02 -1.16563425e-03 -1.27035305e-01 8.56451225e-03 -4.21295117e-04 6.22538254e-02 -1.07520558e-02 1.19726099e-02 1.33465650e-02 -3.59927677e-02 -4.61056679e-02
-2.14242819e-03 1.23841912e-02 2.94323172e-03 -1.14801293e-02 4.10931837e-03 -3.99952335e-03 1.97131376e-04 2.73586623e-02 -1.75096211e-03 5.72379831e-05 -1.31301731e-02 2.27982178e-03 -2.52945605e-03 -2.82434630e-03 7.61605753e-03 9.75670200e-03
-1.42295985e-03 2.15100637e-03 6.99463766e-04 -1.28917207e-04 -8.10178390e-05 2.88627580e-05 -2.39070596e-05 2.30011792e-04 -2.56307030e-05 8.30622685e-06 -6.92030590e-05 9.66612697e-06 -1.27950925e-05 -1.33053381e-05 3.59811129e-05 4.59379080e-05
-4.57796315e-03 1.98263712e-02 3.85030895e-03 -1.97897349e-02 7.27316178e-03 -7.02517573e-03 4.52430948e-04 4.61353436e-02 -2.96889222e-03 8.79405488e-05 -2.25607436e-02 3.92086664e-03 -4.34629200e-03 -4.85510007e-03 1.30919144e-02 1.67719815e-02
2.21321662e-03 -1.18060187e-02 -2.48090317e-03 1.16186263e-02 -4.25997144e-03 4.10858681e-03 -2.76309613e-04 -2.71289293e-02 1.75913516e-03 -5.94037192e-05 1.32935094e-02 -2.30888044e-03 2.56046210e-03 2.85974215e-03 -7.71139748e-03 -9.87897348e-03
4.74321097e-03 -2.00576261e-02 -4.66931239e-03 1.78584605e-02 -6.31922111e-03 6.13925094e-03 -3.23021406e-04 -4.18078192e-02 2.80949520e-03 -9.99324693e-05 2.02659741e-02 -3.51400115e-03 3.90469516e-03 4.35715495e-03 -1.17499130e-02 -1.50517644e-02
6.87734457e-03 -2.67633162e-02 -6.44007558e-03 2.56514177e-02 -9.72962845e-03 9.16511565e-03 -6.32979500e-04 -5.99621721e-02 3.86051275e-03 -8.78163410e-05 2.93733645e-02 -5.11779729e-03 5.66031970e-03 6.32866519e-03 -1.70645714e-02 -2.18624901e-02
3.96051211e-03 1.22758932e-02 5.03649935e-04 -2.03194488e-02 8.01768806e-03 -7.50585692e-03 6.03852328e-04 4.77927029e-02 -2.99376273e-03 6.05842397e-05 -2.35290937e-02 4.10320517e-03 -4.53481777e-03 -5.07167401e-03 1.36751235e-02 1.75202582e-02
-3.17632756e-03 -8.79780483e-03 -2.40584486e-04 1.51337534e-02 -5.94395213e-03 5.57104684e-03 -4.44243138e-04 -3.55584882e-02 2.22744979e-03 -4.58610739e-05 1.74902491e-02 -3.04986606e-03 3.37088224e-03 3.76984477e-03 -1.01649137e-02 -1.30230431e-02
-5.33685647e-03 1.95073783e-02 3.57663934e-03 -1.74663514e-02 6.30660681e-03 -6.12246804e-03 3.81560938e-04 4.07743119e-02 -2.66759866e-03 8.90851661e-05 -1.98557749e-02 3.44973896e-03 -3.82505776e-03 -4.27193148e-03 1.15194181e-02 1.47572914e-02
5.62549569e-04 -1.59587432e-02 -2.73187878e-03 1.56635698e-02 -5.87853370e-03 5.61909657e-03 -3.84101120e-04 -3.66529077e-02 2.32437532e-03 -5.78585932e-05 1.79593824e-02 -3.12888552e-03 3.46035045e-03 3.86900734e-03 -1.04323523e-02 -1.33655593e-02
-6.41875248e-03 1.84061117e-02 2.19292659e-03 -1.94659084e-02 7.44247809e-03 -7.04550743e-03 5.59511245e-04 4.56522740e-02 -2.85962154e-03 6.31258517e-05 -2.24470403e-02 3.91334528e-03 -4.32559382e-03 -4.83752415e-03 1.30437743e-02 1.67113654e-02
2.76246294e-03 -9.52305831e-03 -2.23044399e-03 8.53522215e-03 -3.09207011e-03 2.97744246e-03 -1.73742505e-04 -2.00181343e-02 1.28086959e-03 -3.99044475e-05 9.72161442e-03 -1.69001508e-03 1.87230133e-03 2.09203875e-03 -5.64110512e-03 -7.22694490e-03
-4.30983398e-03 -4.52337451e-02 -6.00202894e-03 5.05678803e-02 -1.92836914e-02 1.83107816e-02 -1.36280886e-03 -1.18292585e-01 7.44742434e-03 -1.66901227e-04 5.81154972e-02 -1.01286229e-02 1.11991456e-02 1.25228027e-02 -3.37663256e-02 -4.32603098e-02
1.75218633e-03 -1.40626635e-02 -2.63461121e-03 1.18696494e-02 -4.22537187e-03 4.07709228e-03 -1.90402890e-04 -2.76799854e-02 1.82792591e-03 -8.48589116e-05 1.34358210e-02 -2.32410082e-03 2.58717965e-03 2.88469112e-03 -7.77952000e-03 -9.96511895e-03
-7.70212570e-03 -1.95268560e-02 6.70745270e-04 3.82270552e-02 -1.51617453e-02 1.41512640e-02 -1.17691222e-03 -8.91936570e-02 5.54698287e-03 -8.98557046e-05 4.39626314e-02 -7.67529244e-03 8.47551133e-03 9.48145706e-03 -2.55651809e-02 -3.27542871e-02
2.97773606e-03 5.72336465e-03 -3.59892874e-04 -1.26334690e-02 5.07394830e-03 -4.70731175e-03 3.98077274e-04 2.95984708e-02 -1.84367807e-03 3.25519286e-05 -1.46005200e-02 2.54769879e-03 -2.81444145e-03 -3.14817950e-03 8.48861504e-03 1.08755073e-02
-8.98425584e-04 8.13888572e-03 1.37891830e-03 -7.73164164e-03 2.93364818e-03 -2.80555314e-03 2.08780184e-04 1.81241017e-02 -1.13788270e-03 2.47370190e-05 -8.88916571e-03 1.54966407e-03 -1.71313121e-03 -1.91574579e-03 5.16557368e-03 6.61799451e-03
-6.44525746e-04 -1.55706769e-02 -2.66530737e-03 1.84337124e-02 -6.78673992e-03 6.42718747e-03 -4.35668335e-04 -4.25297618e-02 2.76502734e-03 -9.99136828e-05 2.08408441e-02 -3.61518911e-03 4.01208969e-03 4.47880244e-03 -1.20779118e-02 -1.54721523e-02
5.12497267e-03 3.68292793e-03 -1.68184738e-03 -1.27677498e-02 5.28317038e-03 -4.92459070e-03 4.36874427e-04 3.00417151e-02 -1.82613870e-03 1.12348753e-05 -1.48403300e-02 2.59711966e-03 -2.86299177e-03 -3.20537575e-03 8.64248630e-03 1.10731637e-02
-1.39999995e-03 -7.78073817e-03 -7.02443300e-04 1.10213049e-02 -4.26201103e-03 4.00528079e-03 -3.01639287e-04 -2.57857759e-02 1.62974745e-03 -3.76622993e-05 1.26659106e-02 -2.20432226e-03 2.44018831e-03 2.72759655e-03 -7.35478895e-03 -9.42251552e-03
-2.83809355e-03 1.27796587e-02 3.09415418e-03 -1.15487445e-02 4.01914958e-03 -3.91025376e-03 2.29675832e-04 2.65918002e-02 -1.76386989e-03 8.27470139e-05 -1.29087912e-02 2.23303842e-03 -2.48505850e-03 -2.77130236e-03 7.47365644e-03 9.57345963e-03
-2.65168236e-03 1.92393996e-02 3.61327850e-03 -1.71642918e-02 6.22826954e-03 -5.94449462e-03 3.17704107e-04 4.04818356e-02 -2.69941473e-03 1.25968509e-04 -1.94880497e-02 3.37738753e-03 -3.75738344e-03 -4.18932317e-03 1.12989666e-02 1.44719146e-02
5.75540354e-03 2.54713111e-02 1.79862778e-03 -3.93481739e-02 1.54738119e-02 -1.44739160e-02 1.15757948e-03 9.25885141e-02 -5.80138620e-03 1.20575038e-04 -4.55450378e-02 7.94117432e-03 -8.77729524e-03 -9.81610734e-03 2.64678858e-02 3.39100473e-02
-2.19094940e-03 -4.94128689e-02 -5.90646314e-03 6.00425042e-02 -2.26825345e-02 2.15844586e-02 -1.63655344e-03 -1.39869809e-01 8.82359408e-03 -1.99554837e-04 6.85916916e-02 -1.19559122e-02 1.32198222e-02 1.47819389e-02 -3.98578271e-02 -5.10645434e-02
-3.54204327e-03 4.59518135e-02 6.67619891e-03 -5.15901670e-02 1.98156312e-02 -1.89145561e-02 1.40082708e-03 1.21192805e-01 -7.62514723e-03 1.60170908e-04 -5.95466644e-02 1.03796758e-02 -1.14732226e-02 -1.28308935e-02 3.45968902e-02 4.43246923e-02
3.31386458e-03 -1.56772546e-02 -1.73517247e-03 1.74064320e-02 -6.64261822e-03 6.33835839e-03 -4.51458269e-04 -4.09541428e-02 2.57233018e-03 -5.32846134e-05 2.01120265e-02 -3.50663741e-03 3.87555943e-03 4.33432497e-03 -1.16869556e-02 -1.49730612e-02
-1.83084491e-03 1.59141682e-02 2.09919992e-03 -1.60133578e-02 6.04415918e-03 -5.72837237e-03 4.10902343e-04 3.75097431e-02 -2.38006515e-03 6.47864217e-05 -1.83908213e-02 3.20270751e-03 -3.54353292e-03 -3.96119570e-03 1.06810275e-02 1.36840036e-02
-7.07205851e-04 4.36036941e-03 5.11466642e-04 -5.21672657e-03 2.00103479e-03 -1.88739505e-03 1.43065292e-04 1.22581702e-02 -7.70832819e-04 1.76656449e-05 -5.99234877e-03 1.04429794e-03 -1.15470355e-03 -1.29114871e-03 3.48143699e-03 4.46029939e-03
9.00088064e-03 -8.98292847e-03 -5.12230908e-03 -9.70149413e-03 4.29008529e-03 -3.95655632e-03 4.35398950e-04 2.30839252e-02 -1.44886179e-03 8.94307414e-06 -1.16447750e-02 2.03252234e-03 -2.24446692e-03 -2.51118396e-03 6.77105086e-03 8.67502578e-03
5.09435823e-03 -2.41243001e-02 -5.04347729e-03 2.48142127e-02 -9.15218517e-03 8.92660767e-03 -6.48435496e-04 -5.79739287e-02 3.67703522e-03 -8.87460847e-05 2.84578707e-02 -4.95716371e-03 5.48291393e-03 6.13014400e-03 -1.65292900e-02 -2.11766940e-02
-1.10174529e-03 2.63383565e-03 2.55363739e-05 -4.38733911e-03 1.73442473e-03 -1.61983469e-03 1.31958761e-04 1.02899615e-02 -6.43936452e-04 1.28663542e-05 -5.06701181e-03 8.83661676e-04 -9.76588810e-04 -1.09220983e-03 2.94500426e-03 3.77307343e-03
-5.20539004e-04 4.37839795e-03 5.07224700e-04 -5.97361382e-03 2.28214613e-03 -2.15056911e-03 1.63029166e-04 1.38932150e-02 -8.78936902e-04 2.16225271e-05 -6.81892550e-03 1.18761847e-03 -1.31392165e-03 -1.46881328e-03 3.96054424e-03 5.07404655e-03
6.62744325e-03 -1.43672172e-02 -2.67675845e-03 1.28834173e-02 -4.52732993e-03 4.46497044e-03 -2.37401793e-04 -2.97930073e-02 1.92983763e-03 -6.45440305e-05 1.44673819e-02 -2.51481100e-03 2.78764637e-03 3.11410823e-03 -8.39732401e-03 -1.07576791e-02
-2.51477328e-03 9.63600539e-03 2.05536513e-03 -7.28684152e-03 2.48001586e-03 -2.40427954e-03 1.27237057e-04 1.68518517e-02 -1.08949211e-03 4.50172229e-05 -8.17962177e-03 1.41892664e-03 -1.57379743e-03 -1.75769313e-03 4.73965472e-03 6.07193587e-03
1.89022464e-03 -2.18581920e-03 -2.29381537e-03 -4.56037419e-03 2.05621822e-03 -1.80994777e-03 1.76820366e-04 1.08579528e-02 -6.60585065e-04 6.66702681e-06 -5.41756302e-03 9.46528220e-04 -1.04477140e-03 -1.16908224e-03 3.15224333e-03 4.03866032e-03
-5.81686385e-03 2.66233943e-02 5.01214853e-03 -2.24684831e-02 8.02629814e-03 -7.69537874e-03 4.38188086e-04 5.28092906e-02 -3.59388953e-03 1.50058913e-04 -2.53815334e-02 4.38930327e-03 -4.89694765e-03 -5.45495609e-03 1.47111630e-02 1.88431274e-02
5.33389207e-03 -1.87050123e-02 -3.63031006e-03 1.88681018e-02 -6.92664739e-03 6.59233658e-03 -4.23457357e-04 -4.43390757e-02 2.84995441e-03 -9.10634408e-05 2.15819553e-02 -3.75330844e-03 4.15575411e-03 4.64413594e-03 -1.25227617e-02 -1.60431489e-02
7.24119460e-03 -3.07608489e-02 -4.53506736e-03 2.62318626e-02 -9.52888746e-03 9.10825469e-03 -5.40186127e-04 -6.12814203e-02 3.95019492e-03 -1.83030133e-04 2.98853442e-02 -5.19400602e-03 5.75547712e-03 6.42945385e-03 -1.73378494e-02 -2.22106557e-02
2.99750734e-03 -1.07278768e-02 -8.24995805e-04 1.22407749e-02 -4.69581923e-03 4.44029272e-03 -3.51736962e-04 -2.86156274e-02 1.79429736e-03 -3.88392000e-05 1.40692666e-02 -2.45326711e-03 2.71151308e-03 3.03244218e-03 -8.17659777e-03 -1.04756616e-02
-5.50188730e-03 7.31747411e-03 1.40663062e-03 -4.13359609e-03 1.34812505e-03 -1.28443970e-03 8.57573832e-05 9.03621875e-03 -5.80113905e-04 1.94105742e-05 -4.42251330e-03 7.69840612e-04 -8.51864403e-04 -9.52290837e-04 2.56776251e-03 3.28969583e-03
-8.15347396e-03 1.66443344e-02 4.29609325e-03 -3.59626277e-03 1.26674818e-03 -1.28569570e-03 8.48612981e-05 8.41228291e-03 -5.25944459e-04 1.15320727e-05 -4.11686720e-03 7.17875664e-04 -7.93432177e-04 -8.87342438e-04 2.39260821e-03 3.06535210e-03
-1.11587113e-03 2.34023146e-02 2.12124828e-03 -2.83028241e-02 1.10736936e-02 -1.04281884e-02 8.20773188e-04 6.65658563e-02 -4.17299895e-03 8.50613142e-05 -3.27536948e-02 5.71177201e-03 -6.31263666e-03 -7.05991406e-03 1.90361626e-02 2.43886933e-02
4.60647326e-03 -1.80963539e-02 -4.30553267e-03 1.37637183e-02 -4.71306732e-03 4.52917116e-03 -2.36282707e-04 -3.15176658e-02 2.13089539e-03 -1.03896949e-04 1.53565193e-02 -2.65447679e-03 2.95481249e-03 3.29446467e-03 -8.88464320e-03 -1.13807004e-02
4.70938860e-04 1.12314904e-02 1.38653000e-03 -1.43268676e-02 5.53740235e-03 -5.19353524e-03 3.96546035e-04 3.35855857e-02 -2.12022802e-03 4.78415022e-05 -1.64917242e-02 2.87416298e-03 -3.17774946e-03 -3.55338352e-03 9.58128739e-03 1.22752506e-02
-3.95174255e-04 6.32122252e-03 1.29702222e-03 -6.26325514e-03 2.26161047e-03 -2.18409998e-03 1.37985204e-04 1.45955198e-02 -9.44324303e-04 3.45114750e-05 -7.11501902e-03 1.23465643e-03 -1.36973627e-03 -1.52948464e-03 4.12434340e-03 5.28359925e-03
-5.14152553e-03 8.04330455e-04 3.94957111e-04 2.14623078e-03 -9.70476249e-04 8.68138217e-04 -8.33758168e-05 -5.26727457e-03 3.24486056e-04 -3.97144868e-06 2.61866720e-03 -4.57340968e-04 5.04961121e-04 5.64905233e-04 -1.52318180e-03 -1.95149588e-03
-1.13908621e-02 1.77893564e-02 5.33276191e-03 -1.01204570e-02 3.13120312e-03 -2.97414185e-03 6.71540911e-05 2.36522127e-02 -1.64908904e-03 1.29218708e-04 -1.11287348e-02 1.89554028e-03 -2.13072426e-03 -2.36687111e-03 6.38474803e-03 8.17656703e-03
-2.04203231e-03 6.74744882e-03 1.34707161e-03 -5.91693679e-03 2.11393950e-03 -2.04619137e-03 1.27649269e-04 1.36891454e-02 -8.84479028e-04 3.15773941e-05 -6.67228270e-03 1.15896319e-03 -1.28490152e-03 -1.43522688e-03 3.87008395e-03 4.95797303e-03
9.74216731e-04 -3.04180640e-03 -5.69835247e-04 2.02058349e-03 -7.03911704e-04 7.11328117e-04 -4.49649669e-05 -4.67521884e-03 2.99357867e-04 -8.43616635e-06 2.28432682e-03 -3.97647731e-04 4.40031843e-04 4.91893617e-04 -1.32634689e-03 -1.69925112e-03
-3.75440926e-04 8.41062889e-03 1.47589727e-03 -8.64736084e-03 3.29562044e-03 -3.14013846e-03 2.29672543e-04 2.03136876e-02 -1.28315261e-03 2.77500621e-05 -9.96983517e-03 1.73744350e-03 -1.92071812e-03 -2.14790227e-03 5.79155423e-03 7.41998712e-03
-3.75959883e-03 -1.83627743e-03 7.02420250e-04 6.20122813e-03 -2.49323598e-03 2.31746980e-03 -1.93106694e-04 -1.46150179e-02 9.14040953e-04 -1.77990896e-05 7.20143458e-03 -1.25603564e-03 1.38804573e-03 1.55239948e-03 -4.18584747e-03 -5.36281522e-03
-1.21744047e-03 8.98917206e-03 2.01065093e-03 -9.13832337e-03 3.36524495e-03 -3.22417542e-03 2.14450003e-04 2.13041082e-02 -1.36575033e-03 4.07529515e-05 -1.04208002e-02 1.81277725e-03 -2.00715056e-03 -2.24311114e-03 6.04843488e-03 7.74884224e-03
-4.42240341e-03 2.65195146e-02 3.67971347e-03 -2.91035399e-02 1.11932876e-02 -1.05397273e-02 7.93754880e-04 6.84151798e-02 -4.32187598e-03 1.00143239e-04 -3.36062685e-02 5.85525716e-03 -6.47400506e-03 -7.23921973e-03 1.95196569e-02 2.50080600e-02
-3.54959816e-03 1.18930582e-02 2.49850331e-03 -9.94616374e-03 3.63128539e-03 -3.46023007e-03 2.12826955e-04 2.33140811e-02 -1.51260954e-03 5.11534745e-05 -1.13599561e-02 1.97224552e-03 -2.18841224e-03 -2.44347122e-03 6.58895262e-03 8.44093040e-03
6.35280972e-03 -6.89833937e-03 -1.42144307e-03 2.84209475e-03 -9.37486999e-04 9.41092090e-04 -3.62256687e-05 -6.46953285e-03 4.12151683e-04 -1.34354614e-05 3.12558329e-03 -5.43349015e-04 6.01637119e-04 6.72388414e-04 -1.81303849e-03 -2.32276623e-03
-3.50071641e-04 -1.08314701e-03 -1.47105602e-05 1.97354518e-03 -7.79307389e-04 7.29574414e-04 -5.88373405e-05 -4.64398740e-03 2.90940865e-04 -5.93003551e-06 2.28621834e-03 -3.98671109e-04 4.40623728e-04 4.92777850e-04 -1.32871373e-03 -1.70231634e-03
-5.28211333e-03 -9.34538525e-03 1.14034442e-03 2.11351216e-02 -8.67360085e-03 7.93230627e-03 -7.13102054e-04 -4.93060574e-02 3.04638199e-03 -4.18220225e-05 2.44144294e-02 -4.26621456e-03 4.70738532e-03 5.26862266e-03 -1.42057510e-02 -1.82006732e-02
-3.49134905e-03 2.23391540e-02 4.35133697e-03 -2.31180638e-02 8.65140092e-03 -8.26360751e-03 5.59302862e-04 5.39956838e-02 -3.41261155e-03 9.09878145e-05 -2.64421310e-02 4.60422924e-03 -5.09316707e-03 -5.69397630e-03 1.53532829e-02 1.96699575e-02
-7.13124219e-03 4.31264676e-02 5.04762912e-03 -4.14471515e-02 1.59193259e-02 -1.48806293e-02 1.14464061e-03 9.65443924e-02 -6.07879506e-03 1.37972660e-04 -4.74656634e-02 8.26990698e-03 -9.14555695e-03 -1.02257803e-02 2.75726747e-02 3.53252962e-02
9.13351250e-04 3.88542027e-03 -6.82013633e-05 -7.14293355e-03 2.86264950e-03 -2.63214577e-03 2.30610342e-04 1.64763276e-02 -1.01733301e-03 1.22944193e-05 -8.13348964e-03 1.42169499e-03 -1.56813557e-03 -1.75519835e-03 4.73247189e-03 6.06342312e-03
-1.18163007e-03 4.50778659e-03 1.30914664e-03 -3.08347493e-03 9.96504677e-04 -1.00837229e-03 1.93579472e-05 7.23361224e-03 -4.99213813e-04 3.44254513e-05 -3.49049782e-03 5.98349550e-04 -6.70717680e-04 -7.45829369e-04 2.01164419e-03 2.57644174e-03
5.91815915e-03 -3.12145688e-02 -9.14767757e-03 2.70812158e-02 -9.90737136e-03 9.47505049e-03 -6.09275769e-04 -6.31355569e-02 4.11844766e-03 -1.45048078e-04 3.08646001e-02 -5.35860891e-03 5.94682014e-03 6.63886173e-03 -1.79024711e-02 -2.29340065e-02
4.13012831e-03 -2.20885668e-02 -3.51625169e-03 1.98275130e-02 -7.26444088e-03 7.09824590e-03 -5.17543347e-04 -4.61697429e-02 2.94324360e-03 -7.90517079e-05 2.26668064e-02 -3.94730875e-03 4.36700135e-03 4.88207629e-03 -1.31640527e-02 -1.68651994e-02
1.30029637e-02 -6.50611073e-02 -7.93506857e-03 6.34612143e-02 -2.38209218e-02 2.26888228e-02 -1.52654736e-03 -1.48403019e-01 9.43468791e-03 -2.61787733e-04 7.26865903e-02 -1.26527501e-02 1.39999501e-02 1.56502500e-02 -4.21996303e-02 -5.40639907e-02
-1.93747366e-03 -1.28239896e-02 -5.36789419e-04 2.10755486e-02 -8.26705992e-03 7.76622351e-03 -6.16487407e-04 -4.95523438e-02 3.10404832e-03 -6.34169992e-05 2.43789125e-02 -4.25119838e-03 4.69849119e-03 5.25466399e-03 -1.41685354e-02 -1.81523990e-02
-5.27263060e-03 1.71963256e-02 3.88841704e-03 -1.44045111e-02 5.18748024e-03 -5.01926430e-03 3.05731315e-04 3.35655287e-02 -2.22180970e-03 7.97934190e-05 -1.64102726e-02 2.84616230e-03 -3.16066458e-03 -3.52801825e-03 9.51377023e-03 1.21875154e-02
1.01296371e-03 2.44532526e-03 4.21401986e-04 -2.75167893e-03 9.91401728e-04 -9.57713288e-04 6.11399810e-05 6.46249065e-03 -4.29249660e-04 1.80221105e-05 -3.14395246e-03 5.44252573e-04 -6.06025336e-04 -6.75670861e-04 1.82221702e-03 2.33410322e-03
-7.64680095e-03 1.74545683e-02 3.21508246e-03 -1.47575177e-02 5.30483155e-03 -5.04853111e-03 3.40459927e-04 3.39745767e-02 -2.17899773e-03 7.74483633e-05 -1.65910628e-02 2.88113533e-03 -3.19390558e-03 -3.56760202e-03 9.62007605e-03 1.23242382e-02
8.38764012e-04 -4.57924716e-02 -6.89147413e-03 5.32070771e-02 -2.04374325e-02 1.94874927e-02 -1.51866337e-03 -1.25044867e-01 7.84403272e-03 -1.64887359e-04 6.14640601e-02 -1.07167242e-02 1.18451137e-02 1.32468967e-02 -3.57185826e-02 -4.57617976e-02
-1.64128491e-03 1.26433223e-02 2.48038815e-03 -1.25731947e-02 4.62921849e-03 -4.39862162e-03 2.84141686e-04 2.93402318e-02 -1.91149570e-03 6.83517428e-05 -1.43177258e-02 2.48527224e-03 -2.75776954e-03 -3.07906698e-03 8.30294564e-03 1.06366193e-02
-2.44736555e-03 9.53279994e-03 1.54348870e-03 -1.16826203e-02 4.40648943e-03 -4.17610724e-03 3.10574891e-04 2.71190722e-02 -1.72979489e-03 4.62730641e-05 -1.33146485e-02 2.31753639e-03 -2.56533641e-03 -2.86720973e-03 7.73128448e-03 9.90480930e-03
-4.08844836e-03 -5.49714407e-03 2.99563981e-04 1.24338297e-02 -4.99778613e-03 4.64057783e-03 -3.94229748e-04 -2.92517263e-02 1.82522321e-03 -3.29451832e-05 1.44362738e-02 -2.51866714e-03 2.78263120e-03 3.11247865e-03 -8.39236192e-03 -1.07521750e-02
-1.33011851e-03 6.85578864e-03 1.66933320e-03 -5.59178833e-03 1.97397172e-03 -1.90874201e-03 9.43855848e-05 1.30489022e-02 -8.49210774e-04 2.94217971e-05 -6.33328548e-03 1.10064796e-03 -1.21989381e-03 -1.36270979e-03 3.67455184e-03 4.70747519e-03
6.22134143e-03 3.79990973e-03 -9.50035581e-04 -1.12581430e-02 4.58327122e-03 -4.25695674e-03 3.57028330e-04 2.66658049e-02 -1.65360607e-03 2.89103136e-05 -1.31419962e-02 2.29318929e-03 -2.53311032e-03 -2.83354544e-03 7.64025189e-03 9.78859700e-03
-2.33280240e-03 1.88047364e-02 2.55788676e-03 -2.29306538e-02 8.74014385e-03 -8.32265522e-03 6.26028224e-04 5.37024848e-02 -3.38471658e-03 8.04032825e-05 -2.63567101e-02 4.59293230e-03 -5.07895276e-03 -5.67890611e-03 1.53125525e-02 1.96179003e-02
-2.92678713e-03 1.15018273e-02 1.52855460e-03 -9.79704969e-03 3.71922017e-03 -3.54069239e-03 2.56326981e-04 2.28468161e-02 -1.43488741e-03 3.12812517e-05 -1.12255849e-02 1.95705937e-03 -2.16329820e-03 -2.41924613e-03 6.52319519e-03 8.35735723e-03
1.90961931e-03 3.21603555e-04 -3.78825680e-05 -1.16177462e-03 4.64196724e-04 -4.34116402e-04 3.54880176e-05 2.75153061e-03 -1.72040527e-04 3.35171580e-06 -1.35518610e-03 2.36370004e-04 -2.61205860e-04 -2.92140234e-04 7.87718105e-04 1.00920827e-03
8.06612335e-03 -3.93571518e-02 -8.37625284e-03 2.82594208e-02 -9.70737915e-03 9.50378738e-03 -4.50721622e-04 -6.54875860e-02 4.27098665e-03 -2.10100668e-04 3.17659751e-02 -5.47649479e-03 6.10180059e-03 6.79961639e-03 -1.83384269e-02 -2.34893505e-02
8.66202824e-03 -2.06069890e-02 -4.78555681e-03 1.47839794e-02 -4.55889525e-03 4.39783232e-03 -7.87118624e-05 -3.27530019e-02 2.31301179e-03 -1.50706313e-04 1.55146848e-02 -2.65919277e-03 2.98710819e-03 3.31784110e-03 -8.95050913e-03 -1.14618205e-02
-2.33739335e-03 -2.33348779e-04 2.29949492e-05 1.26051623e-03 -4.95710410e-04 4.69843944e-04 -3.58038233e-05 -3.02252523e-03 1.90987295e-04 -4.51431697e-06 1.48613960e-03 -2.58847605e-04 2.86323077e-04 3.20107240e-04 -8.63139809e-04 -1.10581669e-03
-1.53845071e-03 5.93302818e-03 9.94733069e-04 -5.11682266e-03 1.89842435e-03 -1.81529275e-03 1.28230997e-04 1.19336843e-02 -7.65847275e-04 2.23608968e-05 -5.84893674e-03 1.01705291e-03 -1.12631172e-03 -1.25870178e-03 3.39403609e-03 4.34818910e-03
-6.99250959e-05 -2.04296559e-02 -3.45549663e-03 2.15739962e-02 -8.07165168e-03 7.66020967e-03 -5.54268365e-04 -5.04240207e-02 3.21448827e-03 -8.29393539e-05 2.47428082e-02 -4.30775527e-03 4.76674130e-03 5.32850483e-03 -1.43679557e-02 -1.84074081e-02
1.24803325e-03 -1.58109516e-02 -2.60171317e-03 1.62334200e-02 -6.13660831e-03 5.81764430e-03 -4.08889435e-04 -3.80358174e-02 2.43111630e-03 -6.47275447e-05 1.86435692e-02 -3.24375508e-03 3.59111233e-03 4.01361799e-03 -1.08224610e-02 -1.38650779e-02
-5.08421380e-03 3.24897170e-02 6.34850003e-03 -3.62261087e-02 1.37247965e-02 -1.30845318e-02 9.20955848e-04 8.51412416e-02 -5.41579397e-03 1.20914498e-04 -4.16500419e-02 7.25682406e-03 -8.02690070e-03 -8.97427648e-03 2.41981968e-02 3.10017876e-02
7.49257160e-04 7.37817120e-03 3.16096208e-04 -1.19972983e-02 4.73401230e-03 -4.43336135e-03 3.57238954e-04 2.82165725e-02 -1.76717539e-03 3.57565223e-05 -1.38909845e-02 2.42240820e-03 -2.67722271e-03 -2.99416506e-03 8.07338487e-03 1.03434371e-02
-2.90957978e-03 6.64115557e-03 1.52035593e-03 -4.18377575e-03 1.42708130e-03 -1.41713291e-03 7.70673214e-05 9.61166713e-03 -6.22740423e-04 2.21426671e-05 -4.67774598e-03 8.12474929e-04 -9.00621584e-04 -1.00606377e-03 2.71282857e-03 3.47543182e-03
-5.54663967e-03 2.34505013e-02 5.17725945e-03 -2.30148938e-02 8.07212293e-03 -7.51664722e-03 4.21855715e-04 5.20646125e-02 -3.48546496e-03 1.71745836e-04 -2.51150504e-02 4.34405683e-03 -4.83942265e-03 -5.39244013e-03 1.45452293e-02 1.86288506e-02
-2.37623090e-03 1.30814798e-02 3.36303189e-03 -9.84736718e-03 3.21318838e-03 -3.19950469e-03 1.06448279e-04 2.19835099e-02 -1.53033843e-03 9.46016153e-05 -1.07151400e-02 1.82719051e-03 -2.05721403e-03 -2.28726934e-03 6.17150078e-03 7.90171884e-03
4.85323463e-03 3.47549794e-03 -2.87977949e-04 -9.79388133e-03 3.93072842e-03 -3.65494192e-03 3.00603249e-04 2.31415723e-02 -1.44424464e-03 2.79051692e-05 -1.14034181e-02 1.98905938e-03 -2.19789892e-03 -2.45824852e-03 6.62834523e-03 8.49210657e-03
9.88610787e-04 -1.00897029e-02 -9.82292113e-04 1.10999700e-02 -4.18586284e-03 3.98319634e-03 -2.87077157e-04 -2.61797234e-02 1.64127105e-03 -4.25160833e-05 1.27643328e-02 -2.22324138e-03 2.45924736e-03 2.74941674e-03 -7.41352979e-03 -9.49790701e-03
1.49463711e-03 -2.05356115e-03 -1.25057437e-03 -1.35126500e-03 6.69102476e-04 -5.89699543e-04 7.22639015e-05 3.26080434e-03 -1.88898732e-04 -1.61030903e-06 -1.63433619e-03 2.87104893e-04 -3.15899029e-04 -3.53871350e-04 9.54126823e-04 1.22248719e-03
1.17520615e-02 -3.00457142e-02 -7.02579692e-03 2.55590864e-02 -9.45162028e-03 9.05476976e-03 -6.32269366e-04 -5.94479032e-02 3.81313963e-03 -1.04918821e-04 2.90718768e-02 -5.05711930e-03 5.59882075e-03 6.25755964e-03 -1.68730933e-02 -2.16167551e-02
-5.27923554e-03 2.43619215e-02 6.98669767e-03 -1.77325234e-02 6.04336569e-03 -5.78768039e-03 2.25514930e-04 4.09410521e-02 -2.84024049e-03 1.61098869e-04 -1.98030826e-02 3.39781935e-03 -3.81129934e-03 -4.23542503e-03 1.14242788e-02 1.46315098e-02
1.77577301e-03 -1.21953655e-02 -1.95414084e-03 1.24578476e-02 -4.72412398e-03 4.47756518e-03 -3.19460290e-04 -2.91883387e-02 1.84520148e-03 -4.54347610e-05 1.42917940e-02 -2.48925621e-03 2.75325635e-03 3.07828188e-03 -8.30026343e-03 -1.06339809e-02
1.76400400e-03 1.03953695e-02 5.53209509e-04 -1.64022967e-02 6.43990096e-03 -6.04455313e-03 4.85229190e-04 3.85554060e-02 -2.41677929e-03 4.93014704e-05 -1.89782362e-02 3.30950995e-03 -3.65767255e-03 -4.09065420e-03 1.10299280e-02 1.41312918e-02
1.07544521e-02 1.47639690e-02 4.25446109e-04 -2.59169582e-02 1.02154296e-02 -9.56380926e-03 7.72029918e-04 6.09674007e-02 -3.81927541e-03 7.78108952e-05 -3.00173610e-02 5.23454091e-03 -5.78520354e-03 -6.47005532e-03 1.74456816e-02 2.23510098e-02
1.04001351e-02 -2.58480310e-02 -6.34329440e-03 1.77786741e-02 -6.10162457e-03 5.96687943e-03 -4.17833508e-04 -4.09964062e-02 2.65688659e-03 -9.40839818e-05 2.00330112e-02 -3.48468940e-03 3.85848619e-03 4.31211246e-03 -1.16274040e-02 -1.48961591e-02
2.39086547e-03 -7.49389827e-03 -1.21542416e-03 8.46390054e-03 -3.11673386e-03 2.97982572e-03 -2.21075476e-04 -1.92894638e-02 1.22280850e-03 -2.86799459e-05 9.45143867e-03 -1.64698635e-03 1.82129804e-03 2.03651376e-03 -5.49122924e-03 -7.03518046e-03
5.15506696e-03 -4.53881696e-02 -7.98334647e-03 3.80770788e-02 -1.39571065e-02 1.35750724e-02 -8.28280230e-04 -8.84941444e-02 5.67771401e-03 -1.29231645e-04 4.33518551e-02 -7.55501539e-03 8.35371297e-03 9.34060197e-03 -2.51858626e-02 -3.22673172e-02
2.02811044e-03 -7.45046604e-03 -1.35556853e-03 6.33664289e-03 -2.30894331e-03 2.26237113e-03 -1.67944920e-04 -1.45811839e-02 9.20548860e-04 -2.05435827e-05 7.16802943e-03 -1.24926714e-03 1.38119457e-03 1.54447905e-03 -4.16450202e-03 -5.33543853e-03
1.59638328e-03 -1.24566127e-02 -1.70489121e-03 1.34104202e-02 -5.01076272e-03 4.77294577e-03 -3.33022996e-04 -3.13890949e-02 1.97371538e-03 -5.81350905e-05 1.53346928e-02 -2.67057912e-03 2.95410980e-03 3.30256321e-03 -8.90502520e-03 -1.14087621e-02
-1.66575075e-03 1.57947876e-02 3.11493361e-03 -1.53384292e-02 5.82684716e-03 -5.50167123e-03 4.00261750e-04 3.58759277e-02 -2.26354832e-03 5.27703924e-05 -1.76002681e-02 3.06731230e-03 -3.39143141e-03 -3.79230059e-03 1.02254944e-02 1.31005924e-02
5.06109092e-03 -2.60797665e-02 -6.51353318e-03 1.91479884e-02 -6.74377428e-03 6.69761933e-03 -4.51818196e-04 -4.42707688e-02 2.85851210e-03 -8.61170847e-05 2.16941182e-02 -3.77431745e-03 4.17868746e-03 4.67017759e-03 -1.25928437e-02 -1.61331221e-02
5.12740575e-03 -1.04250032e-02 -1.79930567e-03 7.00586103e-03 -2.62989989e-03 2.51167803e-03 -1.87845755e-04 -1.64583456e-02 1.03110657e-03 -2.28790195e-05 8.04995000e-03 -1.40318554e-03 1.55114068e-03 1.73463591e-03 -4.67723189e-03 -5.99234551e-03
-1.77328079e-03 9.39838402e-03 1.75549125e-03 -8.94592516e-03 3.12281237e-03 -2.98898714e-03 1.87173398e-04 2.01562662e-02 -1.30216556e-03 4.72707834e-05 -9.83253401e-03 1.71058532e-03 -1.89476542e-03 -2.11716723e-03 5.70891099e-03 7.31375208e-03
1.83719955e-03 -5.76562211e-02 -6.26574177e-03 5.97782210e-02 -2.28761584e-02 2.15669107e-02 -1.57536170e-03 -1.39480114e-01 8.81802104e-03 -2.05864184e-04 6.85515702e-02 -1.19457822e-02 1.32079432e-02 1.47693511e-02 -3.98238376e-02 -5.10210805e-02
6.85421284e-04 1.70606803e-02 1.59825734e-03 -2.29043383e-02 8.92253593e-03 -8.40140693e-03 6.68030465e-04 5.37570640e-02 -3.36841680e-03 6.93854672e-05 -2.64490303e-02 4.61221486e-03 -5.09752193e-03 -5.70092117e-03 1.53718106e-02 1.96940079e-02
1.32995602e-02 -3.26749533e-02 -5.45609277e-03 3.15550826e-02 -1.15577606e-02 1.11606028e-02 -7.94088817e-04 -7.38222674e-02 4.64960281e-03 -1.12254209e-04 3.61279435e-02 -6.29541604e-03 6.96060620e-03 7.78327556e-03 -2.09867060e-02 -2.68874969e-02
-2.49984977e-03 6.94039743e-03 1.67368585e-03 -5.46379434e-03 1.78643514e-03 -1.78307155e-03 5.91889548e-05 1.27797779e-02 -8.96760961e-04 6.25587709e-05 -6.09665690e-03 1.04571506e-03 -1.17733655e-03 -1.30530971e-03 3.52124497e-03 4.50925576e-03
-1.82470598e-03 5.00877295e-03 -3.26871923e-05 -8.42262618e-03 3.33638163e-03 -3.10722506e-03 2.55743566e-04 1.96662769e-02 -1.23052020e-03 2.40237314e-05 -9.69188847e-03 1.69041182e-03 -1.86805439e-03 -2.08926341e-03 5.63342916e-03 7.21742958e-03
-1.11856963e-03 4.02778666e-03 6.74612762e-04 -4.88685491e-03 1.84190541e-03 -1.75647845e-03 1.28601285e-04 1.13519458e-02 -7.21804739e-04 1.80484494e-05 -5.56829758e-03 9.69622342e-04 -1.07276789e-03 -1.19924883e-03 3.23367701e-03 4.14282549e-03
7.74567481e-04 7.21510034e-03 9.06151428e-04 -8.65081977e-03 3.29100876e-03 -3.12653347e-03 2.37590080e-04 2.02387832e-02 -1.28015853e-03 3.03744328e-05 -9.94254462e-03 1.73237349e-03 -1.91573356e-03 -2.14204821e-03 5.77579858e-03 7.39975180e-03
1.79268420e-04 3.80848981e-02 4.81183641e-03 -4.75416072e-02 1.84274949e-02 -1.73754077e-02 1.37223396e-03 1.11427121e-01 -6.99212588e-03 1.48111489e-04 -5.47689572e-02 9.54949763e-03 -1.05550662e-02 -1.18041383e-02 3.18283811e-02 4.07777429e-02
-6.24439213e-04 -8.39501526e-03 -1.21292635e-03 9.30764526e-03 -3.46067129e-03 3.29158874e-03 -2.33837694e-04 -2.16420293e-02 1.37443049e-03 -3.85965795e-05 1.06065776e-02 -1.84655469e-03 2.04343419e-03 2.28416757e-03 -6.15907973e-03 -7.89068546e-03
6.15604222e-06 -3.50100398e-02 -5.96940331e-03 3.90067808e-02 -1.47678182e-02 1.40099190e-02 -1.04182796e-03 -9.12015662e-02 5.81088010e-03 -1.56480295e-04 4.47265022e-02 -7.78604113e-03 8.61595757e-03 9.63135343e-03 -2.59701982e-02 -3.32716182e-02
3.06002097e-04 1.15695093e-02 1.01989380e-03 -1.57001875e-02 6.08561654e-03 -5.73669840e-03 4.47887054e-04 3.69138569e-02 -2.31795548e-03 5.09178608e-05 -1.81328487e-02 3.16086155e-03 -3.49427271e-03 -3.90754174e-03 1.05362190e-02 1.34987095e-02
2.56840140e-05 3.31418496e-03 6.98957301e-04 -3.76723404e-03 1.40314223e-03 -1.36386533e-03 1.01144142e-04 8.80624354e-03 -5.56839281e-04 1.23976724e-05 -4.32463828e-03 7.53697939e-04 -8.33347556e-04 -9.31848888e-04 2.51262216e-03 3.21909506e-03
-2.03066226e-03 3.48531604e-02 4.62359795e-03 -3.60096917e-02 1.36376219e-02 -1.30279316e-02 9.17270430e-04 8.43353271e-02 -5.34344791e-03 1.20386714e-04 -4.13083062e-02 7.19821360e-03 -7.96018820e-03 -8.90064146e-03 2.39995662e-02 3.07474639e-02
-3.46300425e-03 2.18999237e-02 2.20985082e-03 -2.06434280e-02 7.55546009e-03 -7.29381014e-03 5.26941789e-04 4.79028225e-02 -3.01845488e-03 8.25426323e-05 -2.34610271e-02 4.08688653e-03 -4.51999204e-03 -5.05390065e-03 1.36273047e-02 1.74587984e-02
