1.06580593e-02 7.29535893e-03 5.10524120e-03 -1.53383017e-02 -3.08193336e-03 3.68518615e-03 -1.44821713e-02 4.23482060e-02 -3.85716185e-03 1.04948683e-02 -1.41860610e-02 2.34886981e-03 -8.56847316e-03 -6.84936345e-03 1.65609587e-02 9.12333932e-03
-6.38231821e-03 -4.66077309e-03 -2.89070327e-03 8.66466947e-03 1.76736875e-03 -2.08523590e-03 8.29338469e-03 -2.43634731e-02 2.20998842e-03 -6.05294760e-03 8.16681702e-03 -1.35385431e-03 4.93691303e-03 3.94767057e-03 -9.54432692e-03 -5.25824958e-03
5.82312047e-03 4.01086034e-03 2.73381895e-03 -9.17311758e-03 -1.76409783e-03 2.13061320e-03 -8.31674039e-03 2.44816672e-02 -2.21099006e-03 6.04350958e-03 -8.15434661e-03 1.34914182e-03 -4.92540607e-03 -3.93478666e-03 9.51550156e-03 5.24145644e-03
-1.40403435e-02 -8.63618404e-03 -6.92482945e-03 2.23274212e-02 4.62220144e-03 -5.48587739e-03 2.20568143e-02 -6.53652921e-02 5.89953922e-03 -1.62528381e-02 2.20295899e-02 -3.66349611e-03 1.33417556e-02 1.06797479e-02 -2.58144103e-02 -1.42251570e-02
-6.59508444e-03 -4.04294068e-03 -2.61394447e-03 8.33584182e-03 1.68300350e-03 -2.05600727e-03 7.81007390e-03 -2.31879801e-02 2.08633975e-03 -5.74648846e-03 7.75287719e-03 -1.28848595e-03 4.69491724e-03 3.75665259e-03 -9.08114761e-03 -5.00369258e-03
2.92576104e-03 2.33525806e-03 1.15741906e-03 -3.38500063e-03 -6.20733714e-04 8.05181335e-04 -2.86500808e-03 8.30649585e-03 -7.49410887e-04 2.02441472e-03 -2.70785182e-03 4.42237622e-04 -1.62628654e-03 -1.29170099e-03 3.12948134e-03 1.72181730e-03
-2.37527257e-03 -2.63458653e-03 -1.13756163e-03 2.92936922e-03 4.99888614e-04 -7.28057988e-04 2.13365117e-03 -5.96615067e-03 5.65042719e-04 -1.50253344e-03 1.94130745e-03 -2.96035898e-04 1.12692465e-03 8.71427124e-04 -2.14538840e-03 -1.16974744e-03
-4.16651275e-03 -3.11211869e-03 -1.95147702e-03 6.10188022e-03 1.14545703e-03 -1.39038428e-03 5.27467160e-03 -1.53630422e-02 1.39989320e-03 -3.82249034e-03 5.14064357e-03 -8.47270887e-04 3.09830415e-03 2.47187843e-03 -5.98041154e-03 -3.29310843e-03
-1.17368000e-02 -9.78294201e-03 -5.28557459e-03 1.52234966e-02 2.92189955e-03 -3.66656645e-03 1.38095608e-02 -4.04873006e-02 3.70722311e-03 -1.01105487e-02 1.36255100e-02 -2.23837607e-03 8.19018763e-03 6.53132936e-03 -1.58016458e-02 -8.70188326e-03
-1.94831414e-03 -1.53316441e-03 -1.27073377e-03 3.87266814e-03 8.22721515e-04 -9.77493706e-04 3.88299976e-03 -1.15211410e-02 1.02756312e-03 -2.81983009e-03 3.81888496e-03 -6.34153490e-04 2.31124274e-03 1.84889673e-03 -4.46965639e-03 -2.46270839e-03
4.00741957e-03 2.99409009e-03 1.90161238e-03 -5.99421840e-03 -1.21621671e-03 1.44557527e-03 -5.64233540e-03 1.66808926e-02 -1.49803946e-03 4.11967747e-03 -5.56643214e-03 9.22958541e-04 -3.36534437e-03 -2.69114319e-03 6.50616037e-03 3.58461030e-03
1.18917823e-02 7.59434514e-03 5.29352063e-03 -1.62184406e-02 -3.29013052e-03 3.87887121e-03 -1.54465623e-02 4.54658903e-02 -4.10583755e-03 1.12526743e-02 -1.52316522e-02 2.52581108e-03 -9.21116211e-03 -7.36512011e-03 1.78075749e-02 9.81063396e-03
-3.02968686e-03 -2.05852417e-03 -1.39634893e-03 4.06031776e-03 8.41236964e-04 -1.00000342e-03 3.90028092e-03 -1.14717092e-02 1.04068976e-03 -2.85146269e-03 3.85208544e-03 -6.37909980e-04 2.32743192e-03 1.86025153e-03 -4.49806266e-03 -2.47791596e-03
-1.13326535e-02 -8.18192959e-03 -5.44658024e-03 1.59083158e-02 3.27823404e-03 -3.92044103e-03 1.51908835e-02 -4.46625091e-02 4.04383289e-03 -1.09750303e-02 1.48342540e-02 -2.45779264e-03 8.96916352e-03 7.16767088e-03 -1.73326824e-02 -9.54769831e-03
6.50775386e-03 4.76102345e-03 3.95517657e-03 -1.19445836e-02 -2.47084000e-03 2.95892870e-03 -1.18721388e-02 3.51202860e-02 -3.17883026e-03 8.71915091e-03 -1.18214553e-02 1.96631136e-03 -7.16097374e-03 -5.73212095e-03 1.38553223e-02 7.63503183e-03
-4.25500832e-02 -2.81103440e-02 -2.52222326e-02 8.62247050e-02 1.84259862e-02 -2.18560118e-02 8.91281813e-02 -2.64919490e-01 2.39447095e-02 -6.60081804e-02 8.95331427e-02 -1.48998350e-02 5.42528033e-02 4.34345752e-02 -1.04985468e-01 -5.78542911e-02
-7.98145588e-03 -5.20582590e-03 -4.03331779e-03 1.38895437e-02 2.83596106e-03 -3.38141154e-03 1.35181388e-02 -4.01281007e-02 3.60575691e-03 -9.92926583e-03 1.34569490e-02 -2.23814673e-03 8.15101620e-03 6.52459729e-03 -1.57708433e-02 -8.69059935e-03
1.04557713e-02 7.49625498e-03 4.83986270e-03 -1.50877461e-02 -3.06643127e-03 3.62763880e-03 -1.43216569e-02 4.23239470e-02 -3.82333947e-03 1.04538556e-02 -1.41357109e-02 2.34504277e-03 -8.55038501e-03 -6.83797384e-03 1.65315475e-02 9.10789892e-03
-4.49097250e-03 -2.80771730e-03 -2.21387530e-03 7.41404109e-03 1.55829790e-03 -1.84566120e-03 7.48764956e-03 -2.22050287e-02 2.00569467e-03 -5.52496826e-03 7.49140140e-03 -1.24637433e-03 4.53856075e-03 3.63334198e-03 -8.78216978e-03 -4.83954418e-03
2.53440961e-02 1.48418136e-02 1.28885452e-02 -4.44774106e-02 -9.51533951e-03 1.12896971e-02 -4.57718037e-02 1.36123180e-01 -1.22994557e-02 3.39122452e-02 -4.59958427e-02 7.65415374e-03 -2.78701428e-02 -2.23126672e-02 5.39318286e-02 2.97201741e-02
-7.03014247e-03 -4.52114549e-03 -3.40270647e-03 1.04887066e-02 2.16201972e-03 -2.58284248e-03 1.02488734e-02 -3.03159654e-02 2.72389292e-03 -7.48567889e-03 1.01372926e-02 -1.68370327e-03 6.13458734e-03 4.90863388e-03 -1.18656885e-02 -6.53814757e-03
-2.68018637e-02 -1.78663656e-02 -1.37425624e-02 4.60512266e-02 9.56840347e-03 -1.13312118e-02 4.58514206e-02 -1.35959491e-01 1.22811738e-02 -3.38379592e-02 4.58867662e-02 -7.63417874e-03 2.77997274e-02 2.22547185e-02 -5.37921898e-02 -2.96428483e-02
-5.83507586e-03 -4.65160236e-03 -2.66202958e-03 8.35524872e-03 1.66236516e-03 -1.99835189e-03 7.84720294e-03 -2.29724366e-02 2.07067677e-03 -5.67338103e-03 7.65395677e-03 -1.26548926e-03 4.62142704e-03 3.69140063e-03 -8.92801769e-03 -4.91743488e-03
-9.22752917e-03 -3.94962821e-03 -2.92264926e-03 1.02082202e-02 2.08252086e-03 -2.50276295e-03 9.98125505e-03 -2.96235271e-02 2.67904438e-03 -7.37599423e-03 9.98691656e-03 -1.65781460e-03 6.04100432e-03 4.83385939e-03 -1.16856741e-02 -6.43816590e-03
2.23589828e-03 1.23236666e-03 9.64589068e-04 -3.44244903e-03 -6.94544287e-04 8.25964846e-04 -3.29826563e-03 9.77267697e-03 -8.82019638e-04 2.42770719e-03 -3.28961597e-03 5.46869822e-04 -1.99189689e-03 -1.59426301e-03 3.85363866e-03 2.12351698e-03
9.66085121e-03 6.40310859e-03 5.38275624e-03 -1.80294923e-02 -3.82848899e-03 4.52253409e-03 -1.84104145e-02 5.47125079e-02 -4.94026346e-03 1.36161726e-02 -1.84674673e-02 3.07312189e-03 -1.11900186e-02 -8.95848963e-03 2.16535404e-02 1.19325761e-02
-1.08994460e-02 -7.31456932e-03 -4.70612291e-03 1.43064680e-02 2.77691009e-03 -3.39661003e-03 1.27220834e-02 -3.72087955e-02 3.38313892e-03 -9.23178904e-03 1.24489376e-02 -2.04536202e-03 7.48360716e-03 5.96782099e-03 -1.44427428e-02 -7.95137882e-03
2.54193810e-03 2.28536752e-04 4.52225795e-04 -1.79742952e-03 -4.01450437e-04 4.68270679e-04 -1.96870416e-03 5.86992782e-03 -5.30073885e-04 1.46311161e-03 -1.98643911e-03 3.30965675e-04 -1.20467460e-03 -9.64765088e-04 2.33177142e-03 1.28504925e-03
7.11519737e-03 5.52415755e-03 3.02733714e-03 -8.21535010e-03 -1.55283604e-03 1.89180695e-03 -7.18849199e-03 2.08909512e-02 -1.87786424e-03 5.09751309e-03 -6.92403223e-03 1.13735127e-03 -4.15955437e-03 -3.31783970e-03 8.02540127e-03 4.41904226e-03
8.24322365e-03 5.83878905e-03 3.83716496e-03 -1.14909718e-02 -2.22888752e-03 2.67323037e-03 -1.01724584e-02 3.00577432e-02 -2.71183904e-03 7.40391063e-03 -9.96129215e-03 1.64091086e-03 -6.00152602e-03 -4.78767231e-03 1.15841795e-02 6.37861248e-03
9.87893809e-03 8.06796644e-03 4.71648946e-03 -1.39821675e-02 -2.79090484e-03 3.41395708e-03 -1.30953575e-02 3.88279893e-02 -3.47860600e-03 9.43421945e-03 -1.26228295e-02 2.08094949e-03 -7.62524549e-03 -6.07845187e-03 1.47236669e-02 8.10054690e-03
1.66200399e-02 1.06790056e-02 8.56445357e-03 -2.69257426e-02 -5.72567852e-03 6.86422735e-03 -2.75565572e-02 8.19266438e-02 -7.39082182e-03 2.03694552e-02 -2.76244320e-02 4.59540775e-03 -1.67335272e-02 -1.33961076e-02 3.23796459e-02 1.78433955e-02
-3.73283774e-02 -2.49597002e-02 -1.94297191e-02 6.69511482e-02 1.35329692e-02 -1.60163064e-02 6.42850921e-02 -1.90933242e-01 1.72246210e-02 -4.74053025e-02 6.42554238e-02 -1.06899375e-02 3.89305800e-02 3.11630052e-02 -7.53251016e-02 -4.15083505e-02
2.61186883e-02 1.73441246e-02 1.32927373e-02 -4.19000015e-02 -8.93083028e-03 1.04609989e-02 -4.27111648e-02 1.26495421e-01 -1.14224656e-02 3.14509347e-02 -4.26671505e-02 7.09705241e-03 -2.58425400e-02 -2.06887256e-02 5.00066578e-02 2.75570266e-02
-1.78047176e-02 -1.06579019e-02 -9.46996734e-03 3.28591354e-02 7.07480684e-03 -8.36519338e-03 3.40940654e-02 -1.01212315e-01 9.14431643e-03 -2.52050180e-02 3.41900364e-02 -5.68963261e-03 2.07168981e-02 1.65858753e-02 -4.00896259e-02 -2.20921729e-02
8.79388303e-03 6.15655445e-03 4.43730084e-03 -1.46575347e-02 -3.07350489e-03 3.66850710e-03 -1.46691771e-02 4.34612930e-02 -3.92481964e-03 1.08092362e-02 -1.46438396e-02 2.43511749e-03 -8.86905659e-03 -7.09890900e-03 1.71592329e-02 9.45555326e-03
4.90781479e-03 3.23467865e-03 2.38834950e-03 -7.85847474e-03 -1.61778356e-03 1.92587217e-03 -7.73202535e-03 2.30548941e-02 -2.07138970e-03 5.70154609e-03 -7.72976410e-03 1.28573726e-03 -4.68219770e-03 -3.74811096e-03 9.05963033e-03 4.99238120e-03
7.77806994e-03 4.84593818e-03 4.11911961e-03 -1.40288742e-02 -2.92179454e-03 3.48219345e-03 -1.41018657e-02 4.19016033e-02 -3.77614005e-03 1.04110120e-02 -1.41130565e-02 2.34846002e-03 -8.55155569e-03 -6.84606330e-03 1.65476054e-02 9.11883637e-03
-5.63629577e-03 -3.40013579e-03 -2.85578193e-03 9.27851722e-03 1.97084364e-03 -2.31254869e-03 9.35068540e-03 -2.77299751e-02 2.50622258e-03 -6.90025836e-03 9.35586542e-03 -1.55601150e-03 5.66670997e-03 4.53604665e-03 -1.09642502e-02 -6.04191050e-03
-2.34106835e-03 -1.49533642e-03 -1.00116327e-03 3.22650699e-03 6.62203121e-04 -7.81180570e-04 3.15833720e-03 -9.35322698e-03 8.45709175e-04 -2.32892297e-03 3.15789762e-03 -5.25472977e-04 1.91339350e-03 1.53181329e-03 -3.70254298e-03 -2.04035081e-03
2.85041402e-03 1.84606621e-03 1.32944644e-03 -4.09089681e-03 -8.30650504e-04 9.88500891e-04 -3.82574229e-03 1.12842852e-02 -1.01646839e-03 2.78368988e-03 -3.76098650e-03 6.22386637e-04 -2.27135886e-03 -1.81503128e-03 4.38887253e-03 2.41769478e-03
-1.49697736e-02 -9.84502584e-03 -6.72047399e-03 2.15428974e-02 4.40603448e-03 -5.12630260e-03 2.04866994e-02 -6.02082722e-02 5.41685568e-03 -1.48491496e-02 2.00739279e-02 -3.33391433e-03 1.21507635e-02 9.72049218e-03 -2.34998278e-02 -1.29475156e-02
5.75767364e-03 4.17472189e-03 2.31038313e-03 -6.86709862e-03 -1.36292353e-03 1.68009347e-03 -6.17229333e-03 1.80842560e-02 -1.62037928e-03 4.44978895e-03 -6.00269251e-03 9.92365647e-04 -3.62004223e-03 -2.89375638e-03 6.99653896e-03 3.85448383e-03
-1.06095988e-02 -6.44240202e-03 -5.41154761e-03 1.73643604e-02 3.60024720e-03 -4.25011758e-03 1.71679631e-02 -5.10150380e-02 4.60513262e-03 -1.26803042e-02 1.71924829e-02 -2.86022737e-03 1.04154348e-02 8.33794009e-03 -2.01536976e-02 -1.11059751e-02
1.53688127e-02 1.19422488e-02 6.86073676e-03 -2.08519287e-02 -4.15041903e-03 5.04443143e-03 -1.92820020e-02 5.75775579e-02 -5.18849818e-03 1.39824487e-02 -1.88218411e-02 3.10915080e-03 -1.13851605e-02 -9.08130314e-03 2.19680574e-02 1.20963939e-02
-1.40807889e-02 -9.00638849e-03 -6.58449437e-03 2.01931614e-02 4.21199668e-03 -5.10322116e-03 1.97738204e-02 -5.85072823e-02 5.25926286e-03 -1.44265303e-02 1.95131041e-02 -3.23702022e-03 1.17970519e-02 9.43796523e-03 -2.28159409e-02 -1.25709772e-02
-3.71688083e-02 -2.85900459e-02 -1.73385367e-02 5.49461767e-02 1.13394102e-02 -1.37317358e-02 5.31440973e-02 -1.55997679e-01 1.40524060e-02 -3.87856700e-02 5.21029383e-02 -8.63541849e-03 3.14905792e-02 2.51813661e-02 -6.08966835e-02 -3.35436314e-02
-1.47020174e-02 -8.90410226e-03 -7.99743459e-03 2.85732951e-02 6.06271019e-03 -7.18524959e-03 2.92247254e-02 -8.69172439e-02 7.85403885e-03 -2.16532070e-02 2.93684117e-02 -4.88739181e-03 1.77958589e-02 1.42472656e-02 -3.44369896e-02 -1.89771689e-02
7.52555532e-03 4.73004300e-03 3.57800303e-03 -1.27412705e-02 -2.53905845e-03 3.04663205e-03 -1.21257976e-02 3.59855071e-02 -3.25244921e-03 8.96328222e-03 -1.21496357e-02 2.02140235e-03 -7.36070285e-03 -5.89264743e-03 1.42431520e-02 7.84889795e-03
2.35346816e-02 1.65351387e-02 1.36858653e-02 -4.58845980e-02 -9.85971279e-03 1.16631594e-02 -4.76642288e-02 1.41763464e-01 -1.28117623e-02 3.53219248e-02 -4.79127876e-02 7.97363929e-03 -2.90333237e-02 -2.32439954e-02 5.61829321e-02 3.09607089e-02
3.07696406e-03 1.99827808e-03 1.75046129e-03 -6.04134845e-03 -1.29783968e-03 1.53585011e-03 -6.27283705e-03 1.86480563e-02 -1.68532808e-03 4.64592967e-03 -6.30191527e-03 1.04875315e-03 -3.81868798e-03 -3.05722584e-03 7.38960458e-03 4.07218561e-03
-7.08397105e-03 -6.01443648e-03 -3.56723228e-03 1.06022824e-02 2.06819549e-03 -2.55248789e-03 9.50348284e-03 -2.77694296e-02 2.52731820e-03 -6.88677887e-03 9.27739032e-03 -1.52869499e-03 5.58846211e-03 4.45957622e-03 -1.07893255e-02 -5.94111392e-03
7.00585917e-03 4.37216787e-03 3.50485998e-03 -1.15241949e-02 -2.38947687e-03 2.86203786e-03 -1.14789167e-02 3.40644754e-02 -3.07631842e-03 8.46600812e-03 -1.14784483e-02 1.90898788e-03 -6.95197005e-03 -5.56500722e-03 1.34513257e-02 7.41246529e-03
3.79637862e-03 2.69885780e-03 1.68411923e-03 -4.91725421e-03 -9.80766490e-04 1.16950774e-03 -4.50271880e-03 1.32737476e-02 -1.19422073e-03 3.27214692e-03 -4.41944553e-03 7.30692118e-04 -2.66649225e-03 -2.13083578e-03 5.15232189e-03 2.83829938e-03
1.09866103e-02 5.76160988e-03 4.35818639e-03 -1.56541634e-02 -3.19506484e-03 3.77025083e-03 -1.51875773e-02 4.50715199e-02 -4.06664144e-03 1.12003703e-02 -1.51836528e-02 2.52594310e-03 -9.19801742e-03 -7.36347772e-03 1.77983213e-02 9.80798434e-03
7.83467945e-03 6.40005618e-03 4.04842943e-03 -1.19191213e-02 -2.35710642e-03 2.98248185e-03 -1.08942185e-02 3.24765183e-02 -2.89426767e-03 7.90189020e-03 -1.06648607e-02 1.74833217e-03 -6.39657164e-03 -5.10157226e-03 1.23466440e-02 6.79822266e-03
3.72336851e-03 2.32110173e-03 1.63823948e-03 -5.39132161e-03 -1.06917077e-03 1.27029128e-03 -5.05350856e-03 1.49625186e-02 -1.34971458e-03 3.71203665e-03 -5.02499938e-03 8.34752631e-04 -3.04126204e-03 -2.43361271e-03 5.88267902e-03 3.24148056e-03
-4.63097636e-03 -3.23541788e-03 -2.35568266e-03 7.82597344e-03 1.63567311e-03 -1.91000535e-03 7.74914026e-03 -2.29726415e-02 2.07474362e-03 -5.71173476e-03 7.74250273e-03 -1.28780655e-03 4.68978658e-03 3.75416223e-03 -9.07429215e-03 -5.00045903e-03
2.85021611e-04 6.77916512e-04 3.91476497e-04 -6.06034999e-04 -1.16161449e-04 1.34785631e-04 -4.86778590e-04 1.38362905e-03 -1.23623351e-04 3.32804309e-04 -4.51829168e-04 7.45722282e-05 -2.71772064e-04 -2.17403882e-04 5.25509298e-04 2.89562333e-04
1.15225371e-03 8.13345076e-04 1.00191357e-03 -3.90979461e-03 -8.42691574e-04 9.98362317e-04 -4.09656623e-03 1.21955965e-02 -1.10247009e-03 3.03971046e-03 -4.12344467e-03 6.86243235e-04 -2.49871612e-03 -2.00047041e-03 4.83532669e-03 2.66460236e-03
2.67720129e-03 1.90316211e-03 1.24385860e-03 -3.40985623e-03 -6.83622085e-04 8.20157467e-04 -3.15081468e-03 9.23606008e-03 -8.32930498e-04 2.27992353e-03 -3.07928026e-03 5.09888981e-04 -1.85969495e-03 -1.48678361e-03 3.59464088e-03 1.98035873e-03
2.14073136e-02 1.51473861e-02 1.07880682e-02 -3.30120586e-02 -7.05344044e-03 8.45049787e-03 -3.36082168e-02 9.95258987e-02 -8.99000093e-03 2.47396789e-02 -3.35460678e-02 5.57655841e-03 -2.03083698e-02 -1.62564758e-02 3.92934419e-02 2.16532163e-02
8.32692813e-03 6.01008441e-03 3.55528807e-03 -9.94169060e-03 -2.04363745e-03 2.47891806e-03 -9.55626089e-03 2.81568989e-02 -2.53800582e-03 6.95264526e-03 -9.40380245e-03 1.55964238e-03 -5.68727031e-03 -4.54762345e-03 1.09942565e-02 6.05722843e-03
-2.89103016e-02 -1.92780346e-02 -1.30551718e-02 4.22600657e-02 8.68690759e-03 -1.02716768e-02 4.14153785e-02 -1.22451767e-01 1.10230176e-02 -3.03547699e-02 4.11473997e-02 -6.84156129e-03 2.49158852e-02 1.99443009e-02 -4.82079349e-02 -2.65653171e-02
-2.25410005e-03 -1.23694527e-03 -1.34712411e-03 4.85533243e-03 1.04258698e-03 -1.23614236e-03 5.04459627e-03 -1.50014823e-02 1.35582848e-03 -3.73752881e-03 5.06930333e-03 -8.43530288e-04 3.07154679e-03 2.45899358e-03 -5.94364759e-03 -3.27534531e-03
-6.87419437e-03 -3.72108677e-03 -2.79671419e-03 8.87517724e-03 1.84941012e-03 -2.18417076e-03 8.59919377e-03 -2.54307855e-02 2.28364789e-03 -6.26457855e-03 8.48292280e-03 -1.40626717e-03 5.12783322e-03 4.10021981e-03 -9.91271995e-03 -5.46156662e-03
9.11722705e-03 6.03915658e-03 4.50987043e-03 -1.40171498e-02 -2.88500707e-03 3.42385098e-03 -1.37187857e-02 4.04992253e-02 -3.64793278e-03 1.00453170e-02 -1.36085041e-02 2.26076832e-03 -8.23519751e-03 -6.59072492e-03 1.59312952e-02 8.77870619e-03
2.21145079e-02 1.53656080e-02 1.02366712e-02 -3.43994237e-02 -7.04353908e-03 8.44363496e-03 -3.39066200e-02 1.00645356e-01 -9.09415819e-03 2.50605792e-02 -3.39886919e-02 5.65372873e-03 -2.05884315e-02 -1.64813083e-02 3.98372225e-02 2.19529662e-02
1.82702497e-03 9.87710431e-04 6.00311207e-04 -1.85203867e-03 -3.61783954e-04 4.46033286e-04 -1.65418454e-03 4.82256711e-03 -4.35902155e-04 1.18850230e-03 -1.59614126e-03 2.61343084e-04 -9.58591350e-04 -7.62957032e-04 1.84736494e-03 1.01678795e-03
4.03286051e-03 2.68081669e-03 1.88603741e-03 -5.67535218e-03 -1.17827905e-03 1.40563608e-03 -5.51992049e-03 1.61710270e-02 -1.46099203e-03 4.00914811e-03 -5.41494600e-03 8.95334175e-04 -3.26795806e-03 -2.61116703e-03 6.31440990e-03 3.47828749e-03
-1.70045160e-02 -1.33404806e-02 -9.65074170e-03 2.63529774e-02 5.40334452e-03 -6.48326892e-03 2.54313927e-02 -7.50010312e-02 6.79123914e-03 -1.86181590e-02 2.51726508e-02 -4.17545065e-03 1.52280331e-02 1.21746231e-02 -2.94366423e-02 -1.62169188e-02
-8.78206827e-03 -5.32881403e-03 -3.48953949e-03 1.12455087e-02 2.33379402e-03 -2.72689434e-03 1.09436046e-02 -3.24088819e-02 2.93209567e-03 -8.06708541e-03 1.09268706e-02 -1.81645737e-03 6.61620451e-03 5.29541774e-03 -1.27999885e-02 -7.05332961e-03
-5.12702391e-02 -3.51849906e-02 -2.16125976e-02 6.99198470e-02 1.43222753e-02 -1.70795135e-02 6.78809881e-02 -1.99753925e-01 1.80090144e-02 -4.95059453e-02 6.70062006e-02 -1.11209406e-02 4.05212604e-02 3.24229896e-02 -7.83772469e-02 -4.31865454e-02
-1.09643275e-02 -6.50716759e-03 -5.88178774e-03 2.02760324e-02 4.34134481e-03 -5.12314821e-03 2.08349358e-02 -6.18619025e-02 5.58452634e-03 -1.53918220e-02 2.08761673e-02 -3.47383297e-03 1.26489941e-02 1.01266010e-02 -2.44769715e-02 -1.34884892e-02
1.03416629e-02 6.96556829e-03 4.24787309e-03 -1.20264776e-02 -2.49323668e-03 2.97193602e-03 -1.15549350e-02 3.39035355e-02 -3.08281207e-03 8.41063540e-03 -1.13670779e-02 1.88204716e-03 -6.86810352e-03 -5.48853446e-03 1.32720908e-02 7.31097441e-03
1.37010019e-03 9.17105819e-04 4.48819017e-04 -1.26850372e-03 -2.39133020e-04 2.93865305e-04 -1.02680468e-03 3.02272663e-03 -2.74562015e-04 7.35895999e-04 -9.81111079e-04 1.60443902e-04 -5.90453506e-04 -4.68757295e-04 1.13611086e-03 6.24732580e-04
1.13699939e-02 7.34448107e-03 4.94924420e-03 -1.62890367e-02 -3.24102514e-03 3.90304718e-03 -1.53163346e-02 4.54108380e-02 -4.09445586e-03 1.12730414e-02 -1.52632548e-02 2.53389962e-03 -9.23285354e-03 -7.38754449e-03 1.78581234e-02 9.83996131e-03
-2.41986327e-02 -1.64455511e-02 -1.30875837e-02 4.08491492e-02 8.76683556e-03 -1.02939075e-02 4.17348444e-02 -1.23963788e-01 1.11919027e-02 -3.08412611e-02 4.18279506e-02 -6.95967022e-03 2.53421180e-02 2.02882290e-02 -4.90386076e-02 -2.70235948e-02
7.14129023e-03 5.29617956e-03 3.54818022e-03 -1.05889784e-02 -2.13145022e-03 2.58710422e-03 -9.98771563e-03 2.94467341e-02 -2.66122655e-03 7.27692479e-03 -9.82377306e-03 1.62563846e-03 -5.93368290e-03 -4.74100607e-03 1.14643965e-02 6.31521456e-03
1.15566710e-02 7.44032674e-03 5.52010909e-03 -1.69597901e-02 -3.41038802e-03 4.06513363e-03 -1.59254912e-02 4.69963700e-02 -4.25831787e-03 1.16739338e-02 -1.57871861e-02 2.61759455e-03 -9.54510458e-03 -7.63263088e-03 1.84535235e-02 1.01665733e-02
-5.15050348e-03 -2.85683759e-03 -1.80227542e-03 6.20359741e-03 1.22966187e-03 -1.45191036e-03 5.77085605e-03 -1.70339141e-02 1.52924098e-03 -4.20381175e-03 5.68927126e-03 -9.45173844e-04 3.44349886e-03 2.75553833e-03 -6.66085957e-03 -3.67026730e-03
6.42430736e-03 4.82022250e-03 3.40728834e-03 -1.03196194e-02 -2.11986457e-03 2.54370295e-03 -1.00009097e-02 2.94192638e-02 -2.65058107e-03 7.27361441e-03 -9.84312128e-03 1.63522956e-03 -5.95796620e-03 -4.76731686e-03 1.15241306e-02 6.34991936e-03
-2.23878887e-03 -1.79639296e-03 -1.62537885e-03 5.49843442e-03 1.14926614e-03 -1.37150171e-03 5.48490556e-03 -1.62623003e-02 1.47227431e-03 -4.05096402e-03 5.48975356e-03 -9.12976742e-04 3.32528562e-03 2.66153575e-03 -6.43341895e-03 -3.54510266e-03
1.11231450e-02 7.02916924e-03 5.50009403e-03 -1.76726747e-02 -3.70091596e-03 4.35641780e-03 -1.75424330e-02 5.20121865e-02 -4.69158962e-03 1.29187303e-02 -1.75036136e-02 2.91050295e-03 -1.06005874e-02 -8.48477706e-03 2.05090940e-02 1.13014719e-02
5.99537184e-03 4.20419034e-03 2.76471535e-03 -9.08264611e-03 -1.88577524e-03 2.22810311e-03 -9.05119907e-03 2.68205144e-02 -2.42259051e-03 6.67726295e-03 -9.05580819e-03 1.50690216e-03 -5.48698194e-03 -4.39277943e-03 1.06177693e-02 5.85112069e-03
-1.01271141e-02 -6.41389005e-03 -4.87617403e-03 1.63747761e-02 3.43346735e-03 -4.08154633e-03 1.64264254e-02 -4.87428792e-02 4.40537371e-03 -1.21365590e-02 1.64552759e-02 -2.73686112e-03 9.96655598e-03 7.97835365e-03 -1.92846153e-02 -1.06269969e-02
-1.41246943e-02 -1.29401013e-02 -6.66648569e-03 1.93681642e-02 3.83754191e-03 -4.60342877e-03 1.75591335e-02 -5.14774472e-02 4.60218405e-03 -1.26397461e-02 1.71051063e-02 -2.80539622e-03 1.02630286e-02 8.18601809e-03 -1.98097341e-02 -1.09066684e-02
-1.55507680e-02 -1.28531931e-02 -6.57496927e-03 2.06874330e-02 3.79771204e-03 -4.74947412e-03 1.68800447e-02 -4.91869673e-02 4.39788029e-03 -1.17826657e-02 1.57477614e-02 -2.56720744e-03 9.44855995e-03 7.50233093e-03 -1.81896370e-02 -1.00032138e-02
7.62176421e-03 5.22612734e-03 3.41956969e-03 -1.03981532e-02 -2.12634169e-03 2.55592028e-03 -1.00222202e-02 2.95068510e-02 -2.67060427e-03 7.32454564e-03 -9.92269348e-03 1.64357142e-03 -5.99324564e-03 -4.79235500e-03 1.15862414e-02 6.38337992e-03
2.95519736e-03 2.27136700e-03 1.13308628e-03 -3.12260259e-03 -6.31161965e-04 7.57425500e-04 -2.88820686e-03 8.48748349e-03 -7.68338738e-04 2.09979760e-03 -2.83803744e-03 4.68890881e-04 -1.71108730e-03 -1.36743381e-03 3.30652110e-03 1.82142109e-03
-8.84085055e-03 -6.22322969e-03 -4.39297222e-03 1.35809984e-02 2.80134333e-03 -3.37400218e-03 1.31864110e-02 -3.89555693e-02 3.52321099e-03 -9.67973378e-03 1.31142000e-02 -2.17880006e-03 7.93746673e-03 6.35201391e-03 -1.53547814e-02 -8.46076105e-03
-1.09529570e-02 -7.20093353e-03 -4.96007176e-03 1.53427338e-02 3.15079023e-03 -3.77864670e-03 1.49749191e-02 -4.42140289e-02 3.99650028e-03 -1.09628672e-02 1.48512721e-02 -2.46379036e-03 8.98044556e-03 7.18336273e-03 -1.73656028e-02 -9.56808310e-03
2.31608748e-02 1.42551875e-02 1.06081888e-02 -3.06667499e-02 -6.41658017e-03 7.59348273e-03 -3.03379092e-02 8.96905288e-02 -8.08046851e-03 2.21213754e-02 -2.99828332e-02 4.98433551e-03 -1.81585364e-02 -1.45309754e-02 3.51245664e-02 1.93546358e-02
8.45268462e-03 5.39631536e-03 4.29988978e-03 -1.38877388e-02 -2.96179927e-03 3.50532169e-03 -1.42707396e-02 4.23891619e-02 -3.82972811e-03 1.05564855e-02 -1.43178757e-02 2.38251779e-03 -8.67519900e-03 -6.94528641e-03 1.67874172e-02 9.25102737e-03
3.82684171e-03 2.57775723e-03 1.79077871e-03 -5.79472724e-03 -1.18607248e-03 1.40159356e-03 -5.62254479e-03 1.66448783e-02 -1.50243461e-03 4.13525337e-03 -5.60354767e-03 9.31597839e-04 -3.39307450e-03 -2.71581486e-03 6.56457338e-03 3.61738540e-03
1.47123691e-02 1.17935324e-02 6.89028576e-03 -2.07442902e-02 -3.78228095e-03 4.96040098e-03 -1.72897987e-02 5.10674119e-02 -4.58057178e-03 1.23351123e-02 -1.63793601e-02 2.66520679e-03 -9.83299315e-03 -7.79299717e-03 1.89384390e-02 1.03987250e-02
-9.81292035e-03 -8.55478458e-03 -5.67757431e-03 1.76070072e-02 3.35557200e-03 -3.97331174e-03 1.55040985e-02 -4.48023081e-02 4.09266306e-03 -1.11300163e-02 1.50227426e-02 -2.45094392e-03 8.99273064e-03 7.16326665e-03 -1.73741747e-02 -9.55301151e-03
-6.64763711e-03 -4.65250993e-03 -3.32165277e-03 1.15673225e-02 2.40211771e-03 -2.83140293e-03 1.14772320e-02 -3.41061875e-02 3.08265723e-03 -8.48726835e-03 1.15082338e-02 -1.91464589e-03 6.97225239e-03 5.58146741e-03 -1.34910345e-02 -7.43439374e-03
-3.92996566e-03 -2.58168997e-03 -1.88095740e-03 6.39240211e-03 1.34740723e-03 -1.60360918e-03 6.39680307e-03 -1.90477706e-02 1.70797866e-03 -4.70688986e-03 6.37768814e-03 -1.06040353e-03 3.86208086e-03 3.09129455e-03 -7.47212768e-03 -4.11751959e-03
-5.16722258e-03 -3.27378698e-03 -2.57708272e-03 8.17252416e-03 1.70228060e-03 -2.02980079e-03 8.13287403e-03 -2.40941588e-02 2.17717653e-03 -5.99374203e-03 8.12661927e-03 -1.35140726e-03 4.92140371e-03 3.93956387e-03 -9.52240545e-03 -5.24740387e-03
-1.85829308e-02 -1.16914455e-02 -8.56019743e-03 2.62392424e-02 5.35930321e-03 -6.34874217e-03 2.55419873e-02 -7.58160576e-02 6.84670964e-03 -1.88272279e-02 2.55242977e-02 -4.24306560e-03 1.54538173e-02 1.23694567e-02 -2.98989750e-02 -1.64757278e-02
9.65185091e-03 8.63479637e-03 5.07750874e-03 -1.38823465e-02 -2.68920115e-03 3.35080642e-03 -1.24646695e-02 3.63639668e-02 -3.30196624e-03 8.93920939e-03 -1.20481215e-02 1.97266275e-03 -7.24033825e-03 -5.75875677e-03 1.39447860e-02 7.67508429e-03
-5.85809350e-03 -3.88679770e-03 -2.89876712e-03 9.35613085e-03 1.94292841e-03 -2.30979198e-03 9.30878241e-03 -2.76140831e-02 2.49028043e-03 -6.85695652e-03 9.29686707e-03 -1.54612155e-03 5.63048478e-03 4.50718496e-03 -1.08944112e-02 -6.00346411e-03
6.12666924e-03 3.73483147e-03 3.33305518e-03 -1.14407875e-02 -2.44164700e-03 2.89126183e-03 -1.17628016e-02 3.49681452e-02 -3.16057447e-03 8.71169567e-03 -1.18162567e-02 1.96637935e-03 -7.15995627e-03 -5.73220523e-03 1.38552841e-02 7.63522135e-03
-2.37777480e-03 -1.68562995e-03 -1.54356973e-03 5.37843443e-03 1.14901108e-03 -1.36582425e-03 5.54549089e-03 -1.64867155e-02 1.49028702e-03 -4.10856167e-03 5.57266688e-03 -9.27334360e-04 3.37659963e-03 2.70327809e-03 -6.53407956e-03 -3.60072986e-03
-1.11669656e-02 -7.86660425e-03 -5.80612244e-03 1.83894858e-02 3.79127404e-03 -4.53639915e-03 1.77823789e-02 -5.27684242e-02 4.77051688e-03 -1.31283924e-02 1.77738350e-02 -2.95508304e-03 1.07630510e-02 8.61485861e-03 -2.08237413e-02 -1.14747128e-02
-2.27281358e-03 -7.74376676e-04 -4.55303962e-04 1.63181312e-03 2.74816528e-04 -3.22260545e-04 1.29578728e-03 -3.84550402e-03 3.46878922e-04 -9.53327864e-04 1.29193463e-03 -2.14884771e-04 7.82551011e-04 6.26422348e-04 -1.51413935e-03 -8.34377308e-04
-1.79310925e-02 -1.32643562e-02 -8.48587975e-03 2.72722524e-02 5.58624044e-03 -6.55175466e-03 2.66153459e-02 -7.84740150e-02 7.09674554e-03 -1.95041057e-02 2.64484324e-02 -4.40028636e-03 1.60234328e-02 1.28273871e-02 -3.10051478e-02 -1.70858391e-02
-9.07151960e-03 -5.32727642e-03 -4.29500220e-03 1.48210172e-02 3.05168703e-03 -3.58445267e-03 1.46094365e-02 -4.33996543e-02 3.92293232e-03 -1.08116427e-02 1.46645484e-02 -2.44018040e-03 8.88530072e-03 7.11339852e-03 -1.71937682e-02 -9.47493874e-03
-9.28187184e-03 -6.40800409e-03 -4.30240063e-03 1.39033347e-02 2.83400575e-03 -3.37980059e-03 1.33529119e-02 -3.95606495e-02 3.54823098e-03 -9.78951436e-03 1.32426834e-02 -2.20072945e-03 8.01599864e-03 6.41563768e-03 -1.55075872e-02 -8.54543131e-03
8.84698424e-03 6.58987835e-03 5.00738993e-03 -1.53936557e-02 -3.20034241e-03 3.83020425e-03 -1.53024476e-02 4.52998951e-02 -4.08799900e-03 1.12543134e-02 -1.52542470e-02 2.53697834e-03 -9.23911482e-03 -7.39570847e-03 1.78763829e-02 9.85090435e-03
-1.38887512e-02 -9.98231396e-03 -6.98498171e-03 2.15081256e-02 4.41594049e-03 -5.18225878e-03 2.07533631e-02 -6.14405982e-02 5.55979228e-03 -1.52896680e-02 2.07135212e-02 -3.44334426e-03 1.25420587e-02 1.00382557e-02 -2.42644474e-02 -1.33706192e-02
-1.21665280e-03 -1.01250515e-03 -3.70652415e-04 8.01969960e-04 1.63776800e-04 -1.94854598e-04 7.47310172e-04 -2.22191471e-03 1.98410300e-04 -5.46035473e-04 7.40136078e-04 -1.23071790e-04 4.48173931e-04 3.58772057e-04 -8.67189490e-04 -4.77874739e-04
6.21862384e-03 4.41307481e-03 3.09314951e-03 -1.08907335e-02 -2.02426338e-03 2.43537454e-03 -9.52726696e-03 2.81308331e-02 -2.53962819e-03 6.98502734e-03 -9.44051985e-03 1.56940264e-03 -5.71732549e-03 -4.57538851e-03 1.10599995e-02 6.09426992e-03
3.72563442e-03 3.04112793e-03 2.18907371e-03 -7.34132761e-03 -1.49648951e-03 1.78534444e-03 -7.17954058e-03 2.12110654e-02 -1.91778224e-03 5.27879689e-03 -7.15565961e-03 1.18992594e-03 -4.33332007e-03 -3.46882292e-03 8.38457607e-03 4.62039001e-03
1.31595209e-02 7.95477908e-03 6.89495867e-03 -2.35156752e-02 -4.99144010e-03 5.91048179e-03 -2.40435079e-02 7.14784488e-02 -6.45865686e-03 1.78049840e-02 -2.41500549e-02 4.01895400e-03 -1.46337412e-02 -1.17156757e-02 2.83178948e-02 1.56051256e-02
-1.69842690e-02 -1.08767338e-02 -8.74934345e-03 2.88876723e-02 6.12834841e-03 -7.26438686e-03 2.89972201e-02 -8.60278979e-02 7.75687071e-03 -2.13702843e-02 2.89747976e-02 -4.81996499e-03 1.75516214e-02 1.40508441e-02 -3.39624062e-02 -1.87154375e-02
2.75671482e-03 2.11556116e-03 1.16106891e-03 -3.33221001e-03 -6.55327807e-04 7.90825114e-04 -2.89151422e-03 8.50007776e-03 -7.64344644e-04 2.05926294e-03 -2.73548788e-03 4.46566235e-04 -1.64941605e-03 -1.30541692e-03 3.16534005e-03 1.74062792e-03
-4.50675550e-04 -2.98935105e-04 -1.72069304e-05 -8.66565751e-05 -3.64754742e-05 4.20893557e-05 -2.06297351e-04 6.23161555e-04 -5.76184902e-05 1.59685849e-04 -2.17356515e-04 3.63002364e-05 -1.32091067e-04 -1.05812040e-04 2.55747145e-04 1.40946315e-04
-3.44073807e-04 -3.27769114e-04 -3.62205494e-04 1.28712901e-03 2.75032653e-04 -3.25443514e-04 1.32756506e-03 -3.94637464e-03 3.56669014e-04 -9.82751953e-04 1.33284007e-03 -2.21750015e-04 8.07492645e-04 6.46432571e-04 -1.56250561e-03 -8.61038279e-04
-4.05677478e-04 -4.42798773e-04 -1.22319121e-04 2.09722653e-04 2.59200933e-05 -3.13876662e-05 7.84909353e-05 -2.09688675e-04 1.89695147e-05 -4.91832288e-05 6.46821863e-05 -1.04012206e-05 3.82278049e-05 3.03603829e-05 -7.34611676e-05 -4.04254388e-05
2.39770394e-02 1.54014109e-02 1.27825644e-02 -4.22447249e-02 -8.83284304e-03 1.04613220e-02 -4.24187854e-02 1.26132667e-01 -1.13886790e-02 3.13830003e-02 -4.25589159e-02 7.08142249e-03 -2.57855784e-02 -2.06431746e-02 4.98965941e-02 2.74963733e-02
-2.48877425e-03 -1.74520072e-03 -1.07484974e-03 3.44284438e-03 6.70639100e-04 -8.09554884e-04 3.12024541e-03 -9.18861851e-03 8.28386343e-04 -2.27758358e-03 3.07843788e-03 -5.10854356e-04 1.86191022e-03 1.48943823e-03 -3.60058132e-03 -1.98388123e-03
-2.37514973e-02 -1.51499156e-02 -1.15706753e-02 3.69814262e-02 7.57039897e-03 -9.00863018e-03 3.60609517e-02 -1.07033938e-01 9.67265666e-03 -2.66059265e-02 3.60459536e-02 -5.99068450e-03 2.18211599e-02 1.74645446e-02 -4.22155336e-02 -2.32622400e-02
1.35589559e-02 9.10760835e-03 6.31248765e-03 -1.95513424e-02 -4.15746449e-03 4.93856426e-03 -1.95779037e-02 5.81198446e-02 -5.23187453e-03 1.44042475e-02 -1.95205417e-02 3.24539561e-03 -1.18196532e-02 -9.46093164e-03 2.28684228e-02 1.26017025e-02
-2.33032915e-04 8.83372850e-05 -3.26756912e-04 1.87886762e-03 4.30218206e-04 -5.25039912e-04 2.19084695e-03 -6.56182365e-03 5.93310746e-04 -1.64115499e-03 2.22761603e-03 -3.71052069e-04 1.35072367e-03 1.08162686e-03 -2.61433423e-03 -1.44072901e-03
1.07698878e-02 7.96696264e-03 4.97570541e-03 -1.56985447e-02 -3.21119884e-03 3.77411372e-03 -1.52376536e-02 4.50090468e-02 -4.05688910e-03 1.11369146e-02 -1.50961448e-02 2.51018396e-03 -9.14249383e-03 -7.31770648e-03 1.76879447e-02 9.74696781e-03
1.66456439e-02 1.24386866e-02 7.89354928e-03 -2.75331438e-02 -5.63124055e-03 6.64210320e-03 -2.64249835e-02 7.83509389e-02 -7.06133433e-03 1.94675475e-02 -2.63687614e-02 4.38544201e-03 -1.59701705e-02 -1.27842389e-02 3.09011098e-02 1.70283057e-02
