-4.61376132e-03 1.46689042e-02 1.77216455e-02 -9.84807312e-03 -3.42709478e-03 1.06595671e-02 -1.63353868e-02 5.90767823e-02 -8.44587851e-03 1.49918636e-02 -2.24151853e-02 -8.73727445e-03 -6.34776521e-03 9.95091745e-04 1.65950488e-02 1.89216547e-02
-3.45907582e-04 -1.70337339e-03 -1.76457013e-03 1.00046396e-03 3.03960667e-04 -9.20671737e-04 1.43368228e-03 -5.10930642e-03 7.26950529e-04 -1.28491712e-03 1.91621808e-03 7.45420868e-04 5.42280963e-04 -8.45623217e-05 -1.41413836e-03 -1.61189237e-03
-1.60926662e-03 6.37700409e-03 7.38892611e-03 -4.59414162e-03 -1.41845993e-03 4.38617961e-03 -6.76145172e-03 2.44197380e-02 -3.46189970e-03 6.13593869e-03 -9.16834455e-03 -3.56963766e-03 -2.59721419e-03 4.04979539e-04 6.77359989e-03 7.72098266e-03
6.78899139e-03 -1.73816867e-02 -2.12305300e-02 1.16378386e-02 4.13559331e-03 -1.29384538e-02 1.96877029e-02 -7.16814026e-02 1.02299899e-02 -1.82385426e-02 2.72671152e-02 1.06354775e-02 7.72398710e-03 -1.21371949e-03 -2.02155299e-02 -2.30529997e-02
-3.85441934e-03 5.12913754e-03 6.66082511e-03 -3.60500091e-03 -1.38037186e-03 4.35335794e-03 -6.60783704e-03 2.41538435e-02 -3.45398486e-03 6.16123900e-03 -9.21153743e-03 -3.59427673e-03 -2.61013652e-03 4.10311943e-04 6.83289114e-03 7.79212592e-03
-5.23148745e-04 2.81094806e-03 3.19148507e-03 -1.88711390e-03 -5.98989311e-04 1.85243087e-03 -2.85824551e-03 1.02836806e-02 -1.45411189e-03 2.57402053e-03 -3.84637620e-03 -1.49676448e-03 -1.09018665e-03 1.69266452e-04 2.83832126e-03 3.23458691e-03
2.52154097e-03 -7.70859327e-03 -9.20853019e-03 5.42264991e-03 1.75660208e-03 -5.33986697e-03 8.26209225e-03 -2.95333359e-02 4.19885712e-03 -7.41006108e-03 1.10882642e-02 4.28732485e-03 3.14319879e-03 -4.74671629e-04 -8.11621081e-03 -9.22784768e-03
7.03317521e-04 -3.53058334e-03 -4.08559479e-03 2.48756143e-03 7.71226478e-04 -2.37211096e-03 3.64210270e-03 -1.30957346e-02 1.86929374e-03 -3.31676705e-03 4.95531410e-03 1.92891306e-03 1.40339986e-03 -2.18774789e-04 -3.65998433e-03 -4.17166948e-03
1.31428009e-03 -1.14329569e-02 -1.27557339e-02 7.17298081e-03 2.33730022e-03 -7.32458476e-03 1.11660184e-02 -4.03675698e-02 5.77835366e-03 -1.02487598e-02 1.53328106e-02 5.96004259e-03 4.33712639e-03 -6.75846357e-04 -1.13082267e-02 -1.28902895e-02
8.95627309e-04 -3.04287137e-03 -3.60802794e-03 1.90755574e-03 6.72414375e-04 -2.06750166e-03 3.19025898e-03 -1.16075361e-02 1.62605452e-03 -2.88963364e-03 4.32022195e-03 1.68432109e-03 1.22386427e-03 -1.91828949e-04 -3.19907139e-03 -3.64755047e-03
-2.05356884e-03 5.90822613e-03 6.89836079e-03 -3.90512217e-03 -1.35149353e-03 4.18606913e-03 -6.38753362e-03 2.32378729e-02 -3.30098136e-03 5.87994652e-03 -8.78759567e-03 -3.42543842e-03 -2.48891930e-03 3.90334229e-04 6.50778087e-03 7.42046302e-03
-4.12492966e-03 1.46125834e-02 1.74645670e-02 -9.71079059e-03 -3.35960370e-03 1.04229385e-02 -1.59590114e-02 5.78706115e-02 -8.24738014e-03 1.46727422e-02 -2.19402649e-02 -8.55518784e-03 -6.21540798e-03 9.74551600e-04 1.62512735e-02 1.85299721e-02
8.87630158e-04 -3.86775145e-03 -4.58820071e-03 2.47496716e-03 8.69802607e-04 -2.68774945e-03 4.10137791e-03 -1.48629360e-02 2.12260499e-03 -3.77469300e-03 5.64222969e-03 2.19920115e-03 1.59802195e-03 -2.50325800e-04 -4.17634519e-03 -4.76169679e-03
4.57776245e-03 -1.54308164e-02 -1.83238257e-02 1.00477207e-02 3.47876851e-03 -1.07251601e-02 1.64526440e-02 -5.95620461e-02 8.47323518e-03 -1.50069930e-02 2.24332921e-02 8.74661747e-03 6.35675527e-03 -9.95339709e-04 -1.66101232e-02 -1.89373735e-02
-4.22017835e-03 1.06852259e-02 1.32241137e-02 -7.02454895e-03 -2.55486602e-03 8.02962575e-03 -1.22234151e-02 4.45057675e-02 -6.36190083e-03 1.13255195e-02 -1.69334505e-02 -6.60669431e-03 -4.79781860e-03 7.54055800e-04 1.25581771e-02 1.43209919e-02
2.78756265e-02 -5.79675809e-02 -7.06618279e-02 3.73941213e-02 1.41027654e-02 -4.43902984e-02 6.74290806e-02 -2.46153012e-01 3.52065563e-02 -6.27976209e-02 9.38935503e-02 3.66369188e-02 2.66045928e-02 -4.18260321e-03 -6.96490183e-02 -7.94271305e-02
-1.45791494e-03 5.54823782e-05 6.19461411e-04 -8.86639173e-05 -1.85362936e-04 6.19398139e-04 -9.19853570e-04 3.42187006e-03 -5.11533581e-04 9.17248544e-04 -1.37345144e-03 -5.36737847e-04 -3.89572728e-04 6.14308810e-05 1.02159334e-03 1.16519362e-03
-5.59419487e-03 1.62680075e-02 1.91612765e-02 -1.07511366e-02 -3.73859936e-03 1.15998406e-02 -1.77276134e-02 6.44691810e-02 -9.18107480e-03 1.63152423e-02 -2.43863519e-02 -9.50786937e-03 -6.90871337e-03 1.08311046e-03 1.80635285e-02 2.05962155e-02
1.02679420e-03 -2.61346414e-03 -3.02910805e-03 1.66260067e-03 5.72513905e-04 -1.78532384e-03 2.72581051e-03 -9.88771301e-03 1.41028012e-03 -2.51255208e-03 3.75589286e-03 1.46512722e-03 1.06398808e-03 -1.67211969e-04 -2.78485543e-03 -3.17576993e-03
-1.98827181e-02 4.01782915e-02 4.94133756e-02 -2.65486334e-02 -1.00511592e-02 3.16042230e-02 -4.79307212e-02 1.75158307e-01 -2.50475463e-02 4.46834117e-02 -6.68098778e-02 -2.60683578e-02 -1.89301204e-02 2.97606434e-03 4.95576933e-02 5.65151498e-02
2.29193363e-03 -8.01410433e-03 -9.71732009e-03 5.31846518e-03 1.87688449e-03 -5.85038727e-03 8.94522574e-03 -3.25252041e-02 4.61838115e-03 -8.22250918e-03 1.22930789e-02 4.79332544e-03 3.48175154e-03 -5.46449271e-04 -9.10709053e-03 -1.03846407e-02
6.53704396e-03 -2.04173904e-02 -2.40373611e-02 1.32655744e-02 4.75882879e-03 -1.49093866e-02 2.26781126e-02 -8.26175660e-02 1.18048014e-02 -2.10492406e-02 3.14720608e-02 1.22787608e-02 8.91685765e-03 -1.40148250e-03 -2.33405102e-02 -2.66169403e-02
6.53067604e-04 -6.12763921e-03 -6.48535602e-03 3.82617139e-03 1.19926070e-03 -3.67914722e-03 5.72166499e-03 -2.04819497e-02 2.89629679e-03 -5.13793249e-03 7.67692737e-03 2.98810960e-03 2.17418582e-03 -3.38572077e-04 -5.66881290e-03 -6.46114675e-03
-6.41959195e-04 -2.36537214e-03 -2.33707670e-03 1.74976443e-03 3.60803882e-04 -1.10573042e-03 1.68485555e-03 -5.99483587e-03 8.41498375e-04 -1.48138590e-03 2.21340568e-03 8.55018443e-04 6.22072490e-04 -9.47938825e-05 -1.61168689e-03 -1.83353864e-03
1.31320441e-03 -1.60642120e-03 -2.25806376e-03 1.06292870e-03 4.85917844e-04 -1.54875952e-03 2.34725652e-03 -8.62187892e-03 1.23720907e-03 -2.20974325e-03 3.30469571e-03 1.29011006e-03 9.36705212e-04 -1.47387284e-04 -2.45333021e-03 -2.79788231e-03
-9.92623903e-03 2.04650201e-02 2.49607228e-02 -1.33763803e-02 -4.97650309e-03 1.56117380e-02 -2.37330087e-02 8.66487324e-02 -1.23779057e-02 2.20757779e-02 -3.30067836e-02 -1.28788175e-02 -9.35239345e-03 1.47022167e-03 2.44828388e-02 2.79199276e-02
1.73228327e-04 -9.73107945e-03 -1.10101821e-02 6.71600504e-03 1.97137264e-03 -5.93815930e-03 9.14854556e-03 -3.26971635e-02 4.64675575e-03 -8.21124483e-03 1.22944051e-02 4.76509053e-03 3.47385043e-03 -5.37690765e-04 -9.03167203e-03 -1.02888327e-02
3.84589192e-03 -6.23793900e-03 -7.73452129e-03 4.31645988e-03 1.52525143e-03 -4.78956895e-03 7.26361526e-03 -2.64180694e-02 3.77428904e-03 -6.71839528e-03 1.00455238e-02 3.91318416e-03 2.84397625e-03 -4.45589219e-04 -7.43311364e-03 -8.47494695e-03
-1.34612434e-03 7.21012708e-03 8.35911091e-03 -4.65087313e-03 -1.59269583e-03 4.95869014e-03 -7.59748043e-03 2.75257267e-02 -3.91657604e-03 6.96403626e-03 -1.04281725e-02 -4.06472944e-03 -2.95176380e-03 4.62435652e-04 7.71441637e-03 8.79565813e-03
-6.35588542e-04 6.69014174e-03 7.75445811e-03 -4.58886987e-03 -1.43154187e-03 4.35333932e-03 -6.68336358e-03 2.42564250e-02 -3.43231112e-03 6.08384283e-03 -9.09096096e-03 -3.53684067e-03 -2.57412973e-03 4.00430989e-04 6.70798076e-03 7.64488336e-03
-3.46133509e-03 1.27440747e-02 1.45556806e-02 -8.22326913e-03 -2.76403362e-03 8.54956917e-03 -1.32196406e-02 4.81320731e-02 -6.77108346e-03 1.19805615e-02 -1.78683177e-02 -6.96130935e-03 -5.07197855e-03 7.86583405e-04 1.32220397e-02 1.50629608e-02
-1.22929160e-02 2.46093441e-02 3.04803494e-02 -1.60795692e-02 -6.07872056e-03 1.91458985e-02 -2.90456694e-02 1.06135353e-01 -1.51638072e-02 2.70470101e-02 -4.04418930e-02 -1.57786496e-02 -1.14579955e-02 1.80126238e-03 2.99951006e-02 3.42061259e-02
2.01923866e-02 -4.62328084e-02 -5.57306595e-02 3.21603268e-02 1.11070173e-02 -3.47050503e-02 5.27403131e-02 -1.92471996e-01 2.74549387e-02 -4.89243269e-02 7.31348321e-02 2.85353959e-02 2.07238067e-02 -3.25656007e-03 -5.42395972e-02 -6.18528612e-02
-1.54496599e-02 3.68132442e-02 4.43980545e-02 -2.33797282e-02 -8.70269537e-03 2.71818005e-02 -4.14842404e-02 1.50977015e-01 -2.15626694e-02 3.84351425e-02 -5.74823320e-02 -2.24219058e-02 -1.62821338e-02 2.55950144e-03 4.26228382e-02 4.86064926e-02
7.09548593e-03 -1.51936626e-02 -1.88055374e-02 1.00715850e-02 3.84857133e-03 -1.20946290e-02 1.83869805e-02 -6.70964792e-02 9.59388167e-03 -1.71125419e-02 2.55875532e-02 9.98393353e-03 7.25011015e-03 -1.13982486e-03 -1.89803690e-02 -2.16450524e-02
-5.23255765e-03 1.24779949e-02 1.47402249e-02 -8.05626996e-03 -2.93101277e-03 9.18531884e-03 -1.39636165e-02 5.08487634e-02 -7.25995749e-03 1.29414564e-02 -1.93441696e-02 -7.54580367e-03 -5.48036955e-03 8.61012493e-04 1.43421357e-02 1.63550619e-02
-1.98659766e-03 4.13684966e-03 5.22329053e-03 -2.83318060e-03 -1.07357861e-03 3.37984925e-03 -5.13253082e-03 1.87684707e-02 -2.68197549e-03 4.78364015e-03 -7.15253595e-03 -2.79081753e-03 -2.02664454e-03 3.18604812e-04 5.30550070e-03 6.05033245e-03
1.54912630e-02 -2.62036622e-02 -3.33066694e-02 1.80430282e-02 6.86624181e-03 -2.16269027e-02 3.28478143e-02 -1.20052755e-01 1.71641540e-02 -3.06188334e-02 4.57800217e-02 1.78632103e-02 1.29719581e-02 -2.03934172e-03 -3.39594483e-02 -3.87270451e-02
3.38825048e-04 -1.25907431e-03 -1.41504873e-03 7.54796551e-04 1.96356865e-04 -5.50069439e-04 8.53659294e-04 -3.00030014e-03 4.23742691e-04 -7.47641025e-04 1.11775205e-03 4.34597809e-04 3.15893703e-04 -4.93759799e-05 -8.24356684e-04 -9.39809950e-04
-2.48760218e-03 4.15446702e-03 5.14468644e-03 -2.80894898e-03 -1.03872083e-03 3.26224603e-03 -4.95786313e-03 1.80874337e-02 -2.58700829e-03 4.61346377e-03 -6.89772516e-03 -2.69141444e-03 -1.95445702e-03 3.07258189e-04 5.11653861e-03 5.83484722e-03
-1.51150010e-03 4.57824767e-03 5.54328645e-03 -3.14859324e-03 -1.06690952e-03 3.28279380e-03 -5.01978910e-03 1.82151739e-02 -2.58649676e-03 4.59749158e-03 -6.87334128e-03 -2.67775985e-03 -1.94639375e-03 3.04712536e-04 5.08497143e-03 5.79748768e-03
5.78625826e-03 -2.09280960e-02 -2.45631877e-02 1.41332299e-02 4.79681650e-03 -1.46953743e-02 2.26608068e-02 -8.18573833e-02 1.16142472e-02 -2.06456855e-02 3.08422185e-02 1.20296171e-02 8.73885304e-03 -1.37036899e-03 -2.28519235e-02 -2.60556415e-02
-1.40079868e-03 6.11997116e-03 7.02827796e-03 -4.00193734e-03 -1.36149267e-03 4.21036314e-03 -6.41016569e-03 2.32299268e-02 -3.29845445e-03 5.87437022e-03 -8.78059864e-03 -3.42133781e-03 -2.48530717e-03 3.89904599e-04 6.49956102e-03 7.41121965e-03
7.93521293e-04 -4.48032795e-03 -5.45693142e-03 2.96331616e-03 1.05417857e-03 -3.29542928e-03 5.00731077e-03 -1.82818621e-02 2.60997890e-03 -4.65233903e-03 6.95552863e-03 2.71359738e-03 1.97064411e-03 -3.09754600e-04 -5.15842810e-03 -5.88257518e-03
-3.92159261e-03 1.90076213e-02 2.13030968e-02 -1.22163473e-02 -4.04483406e-03 1.24837272e-02 -1.91599615e-02 7.01547563e-02 -9.89767537e-03 1.74539164e-02 -2.60705799e-02 -1.01693543e-02 -7.40536675e-03 1.14706915e-03 1.92903671e-02 2.19855309e-02
4.21410799e-03 -1.47119891e-02 -1.76888760e-02 9.65506490e-03 3.42165655e-03 -1.06491745e-02 1.62367802e-02 -5.90503141e-02 8.37915763e-03 -1.49043016e-02 2.22785044e-02 8.68156925e-03 6.30714605e-03 -9.89534310e-04 -1.64962616e-02 -1.88097041e-02
1.17847556e-02 -4.31459583e-02 -4.84743193e-02 2.73178872e-02 9.47847404e-03 -2.93772034e-02 4.50315028e-02 -1.62603259e-01 2.30936725e-02 -4.11723815e-02 6.13823012e-02 2.39128731e-02 1.73813663e-02 -2.72184703e-03 -4.54334207e-02 -5.17928377e-02
1.19338017e-02 -2.28446815e-02 -2.80870777e-02 1.54319676e-02 5.75843686e-03 -1.81063581e-02 2.74736024e-02 -1.00395031e-01 1.43555887e-02 -2.56081037e-02 3.82874645e-02 1.49395596e-02 1.08487643e-02 -1.70556293e-03 -2.84012277e-02 -3.23884934e-02
-4.45141178e-03 1.04293162e-02 1.23837069e-02 -7.36110983e-03 -2.47125002e-03 7.76242791e-03 -1.17479321e-02 4.28355224e-02 -6.12381473e-03 1.09205870e-02 -1.63244475e-02 -6.36900077e-03 -4.62508015e-03 7.27016712e-04 1.21071460e-02 1.38067761e-02
-6.13851845e-03 1.48858363e-02 1.73759069e-02 -8.94541387e-03 -3.41163017e-03 1.07240053e-02 -1.62903909e-02 5.95182329e-02 -8.51139706e-03 1.51833072e-02 -2.27022823e-02 -8.85840133e-03 -6.43277261e-03 1.01132819e-03 1.68406349e-02 1.92049183e-02
-1.36698666e-03 2.80603254e-03 3.50500899e-03 -1.87923992e-03 -7.20153097e-04 2.26740167e-03 -3.44367488e-03 1.25846807e-02 -1.80007692e-03 3.21106077e-03 -4.80125844e-03 -1.87344220e-03 -1.36045192e-03 2.13883264e-04 3.56158544e-03 4.06160206e-03
3.52524291e-03 -1.20546073e-02 -1.40072135e-02 8.05770978e-03 2.66655092e-03 -8.24743137e-03 1.26012843e-02 -4.54996936e-02 6.49050949e-03 -1.15163382e-02 1.72172934e-02 6.70139678e-03 4.87433048e-03 -7.61081930e-04 -1.27211604e-02 -1.45005630e-02
-1.97637966e-03 6.30694628e-03 7.50154443e-03 -4.12237132e-03 -1.44607050e-03 4.54151677e-03 -6.90134428e-03 2.51403470e-02 -3.58669600e-03 6.38837600e-03 -9.55189578e-03 -3.72539507e-03 -2.70555657e-03 4.25125210e-04 7.08086696e-03 8.07474088e-03
-1.12046604e-03 4.32334654e-03 5.09734079e-03 -2.85769650e-03 -9.68950335e-04 2.98928819e-03 -4.56756819e-03 1.65893566e-02 -2.35662330e-03 4.19209525e-03 -6.26785727e-03 -2.44166842e-03 -1.77429907e-03 2.78004271e-04 4.63718828e-03 5.28723560e-03
5.98892919e-04 3.73749901e-03 4.15348401e-03 -2.57598539e-03 -8.28579126e-04 2.56735808e-03 -3.90822394e-03 1.42203914e-02 -2.02510739e-03 3.60821281e-03 -5.39338356e-03 -2.10390310e-03 -1.52776926e-03 2.40097943e-04 3.99889005e-03 4.56020003e-03
-4.07088920e-03 1.61845461e-02 1.91080477e-02 -1.08831013e-02 -3.61674209e-03 1.12306597e-02 -1.71305593e-02 6.26313463e-02 -8.80423188e-03 1.56250373e-02 -2.33981665e-02 -9.08916164e-03 -6.61133090e-03 1.03018654e-03 1.72436405e-02 1.96543373e-02
-2.05367408e-03 5.68764145e-03 6.86723832e-03 -3.90195986e-03 -1.36179221e-03 4.25981125e-03 -6.48207078e-03 2.36266740e-02 -3.37134558e-03 6.00816496e-03 -8.98151286e-03 -3.50319967e-03 -2.54428806e-03 3.99665150e-04 6.65788213e-03 7.59226130e-03
1.79156195e-03 -4.71490296e-03 -5.46702463e-03 3.05243069e-03 1.07283599e-03 -3.32282158e-03 5.07137552e-03 -1.84478015e-02 2.63211643e-03 -4.68901917e-03 7.00967852e-03 2.73417565e-03 1.98566425e-03 -3.11982585e-04 -5.19662257e-03 -5.92598598e-03
-5.42373164e-03 8.02189950e-03 1.04012452e-02 -5.62818348e-03 -2.15199846e-03 6.77768793e-03 -1.02949925e-02 3.76175195e-02 -5.37981139e-03 9.59561113e-03 -1.43481316e-02 -5.59831504e-03 -4.06537671e-03 6.39122271e-04 1.06427716e-02 1.21369129e-02
-4.50038671e-04 1.61775434e-03 1.92130380e-03 -9.06927511e-04 -3.27526039e-04 1.02136214e-03 -1.55036733e-03 5.63549018e-03 -8.04890296e-04 1.43533596e-03 -2.14599934e-03 -8.37259169e-04 -6.07984257e-04 9.55784781e-05 1.59160502e-03 1.81504944e-03
-1.33516372e-03 3.43240192e-03 4.21906589e-03 -2.29689642e-03 -8.18234286e-04 2.54835491e-03 -3.88807431e-03 1.41240312e-02 -2.01345561e-03 3.58461123e-03 -5.35879005e-03 -2.08924362e-03 -1.51769572e-03 2.38181558e-04 3.96972289e-03 4.52658162e-03
-7.32272211e-03 2.13047247e-02 2.47792806e-02 -1.27997166e-02 -4.71957400e-03 1.47660766e-02 -2.24350709e-02 8.15407559e-02 -1.16362041e-02 2.07265001e-02 -3.09979152e-02 -1.20850243e-02 -8.77649989e-03 1.37908233e-03 2.29687411e-02 2.61930320e-02
-2.99971970e-03 8.52002949e-03 1.00780949e-02 -5.40544279e-03 -1.93382637e-03 6.04082318e-03 -9.20074154e-03 3.34438719e-02 -4.76426864e-03 8.47944804e-03 -1.26765566e-02 -4.94362554e-03 -3.59133235e-03 5.63478563e-04 9.39231738e-03 1.07097700e-02
1.06903743e-02 -3.34664062e-02 -3.90781462e-02 2.16783769e-02 7.67489988e-03 -2.39699893e-02 3.66227962e-02 -1.33126155e-01 1.89577639e-02 -3.37930210e-02 5.05270474e-02 1.97067745e-02 1.43116051e-02 -2.24891817e-03 -3.74567248e-02 -4.27143872e-02
-7.04068516e-04 1.51155936e-03 1.72185700e-03 -9.68305627e-04 -3.21493280e-04 9.93319089e-04 -1.51477859e-03 5.47893113e-03 -7.79906521e-04 1.38814608e-03 -2.07491545e-03 -8.08675424e-04 -5.87479270e-04 9.21650935e-05 1.53627165e-03 1.75175164e-03
1.03080168e-03 -6.34069555e-03 -7.32697779e-03 4.21010610e-03 1.36795314e-03 -4.12568543e-03 6.36267988e-03 -2.30010618e-02 3.23354616e-03 -5.73579222e-03 8.58175103e-03 3.33860656e-03 2.42875167e-03 -3.79627105e-04 -6.33801334e-03 -7.22572021e-03
-4.71401960e-03 1.17248846e-02 1.42693697e-02 -7.79219298e-03 -2.75565498e-03 8.60238541e-03 -1.31394500e-02 4.77154069e-02 -6.79810764e-03 1.21178273e-02 -1.81177463e-02 -7.06439791e-03 -5.13084605e-03 8.06037220e-04 1.34266037e-02 1.53109422e-02
-1.17490273e-02 3.14086303e-02 3.61984372e-02 -2.01317649e-02 -7.16598285e-03 2.25658584e-02 -3.42263617e-02 1.24849349e-01 -1.78468842e-02 3.18267569e-02 -4.75919731e-02 -1.85662918e-02 -1.34829069e-02 2.11917539e-03 3.52914706e-02 4.02458720e-02
1.45320693e-04 9.85671999e-04 1.04531087e-03 -6.76846888e-04 -1.81244410e-04 5.26609307e-04 -8.33797851e-04 2.92610377e-03 -4.07815096e-04 7.15581351e-04 -1.07042142e-03 -4.13382862e-04 -3.02738656e-04 4.58418981e-05 7.79895170e-04 8.87509959e-04
1.40585599e-03 -3.47337569e-04 -6.41198945e-04 3.44046741e-04 1.57237315e-04 -5.15237567e-04 7.66484183e-04 -2.86185322e-03 4.12553956e-04 -7.39262090e-04 1.10541040e-03 4.32557485e-04 3.13650118e-04 -4.96979410e-05 -8.24072573e-04 -9.40177706e-04
6.15014508e-03 -2.25234088e-02 -2.71550771e-02 1.40372468e-02 4.81409254e-03 -1.49533413e-02 2.28189267e-02 -8.26908648e-02 1.17955562e-02 -2.09662579e-02 3.13337743e-02 1.22152837e-02 8.87848809e-03 -1.39079452e-03 -2.31993925e-02 -2.64500882e-02
3.16410279e-03 -8.80320091e-03 -1.05307186e-02 5.79090137e-03 2.10562209e-03 -6.56745443e-03 9.98402014e-03 -3.63988504e-02 5.20412903e-03 -9.27607995e-03 1.38671035e-02 5.40954759e-03 3.92857520e-03 -6.17334561e-04 -1.02821523e-02 -1.17253792e-02
1.55555578e-02 -5.71872853e-02 -6.53711557e-02 3.65664698e-02 1.29077435e-02 -4.02639620e-02 6.15788586e-02 -2.23264411e-01 3.18125561e-02 -5.66650108e-02 8.47150013e-02 3.30252461e-02 2.39873733e-02 -3.76623007e-03 -6.27585724e-02 -7.15643391e-02
2.79886951e-03 -7.47031532e-03 -8.94648954e-03 4.81258286e-03 1.76669762e-03 -5.49756130e-03 8.37934297e-03 -3.04866675e-02 4.34699468e-03 -7.75115704e-03 1.15892021e-02 4.52148914e-03 3.28341592e-03 -5.16159693e-04 -8.59536324e-03 -9.80204437e-03
-4.22161538e-04 9.32261348e-03 1.06752412e-02 -5.73775452e-03 -1.98288984e-03 6.09413115e-03 -9.34402645e-03 3.37001644e-02 -4.81256982e-03 8.52882862e-03 -1.27518140e-02 -4.96799173e-03 -3.61216418e-03 5.64279559e-04 9.42884013e-03 1.07484479e-02
2.02387501e-03 -3.66165512e-03 -4.41639172e-03 2.54122936e-03 8.68794566e-04 -2.68656341e-03 4.09532478e-03 -1.49138784e-02 2.12137704e-03 -3.76299280e-03 5.62175037e-03 2.19195173e-03 1.59426418e-03 -2.48666300e-04 -4.15977975e-03 -4.74130549e-03
-5.45092300e-03 1.67520363e-02 1.98351536e-02 -1.13696083e-02 -3.89356376e-03 1.21874455e-02 -1.84989013e-02 6.74351454e-02 -9.61299799e-03 1.71332881e-02 -2.56160144e-02 -9.98679362e-03 -7.25413207e-03 1.13878970e-03 1.89775229e-02 2.16400977e-02
1.51167465e-02 -3.38016450e-02 -4.12801616e-02 2.16012951e-02 8.13202001e-03 -2.54290123e-02 3.86424176e-02 -1.41058445e-01 2.01522317e-02 -3.59392427e-02 5.37363924e-02 2.09656991e-02 1.52250044e-02 -2.39340286e-03 -3.98561843e-02 -4.54515070e-02
-2.15084199e-03 8.15465488e-03 9.50432196e-03 -5.31030772e-03 -1.77248847e-03 5.49704675e-03 -8.40846170e-03 3.04696336e-02 -4.33068071e-03 7.68710813e-03 -1.14886006e-02 -4.47553815e-03 -3.25381546e-03 5.08761208e-04 8.49611033e-03 9.68598016e-03
-3.44148837e-04 7.94784073e-03 9.30481311e-03 -5.36146667e-03 -1.67416583e-03 5.13326284e-03 -7.83954468e-03 2.83187591e-02 -4.03730804e-03 7.16342777e-03 -1.07064871e-02 -4.17022128e-03 -3.03146034e-03 4.74026601e-04 7.91600347e-03 9.02447570e-03
1.55651767e-03 -5.08977287e-03 -5.62978489e-03 3.46372230e-03 1.10408652e-03 -3.40771303e-03 5.22869360e-03 -1.89441014e-02 2.68405536e-03 -4.77818726e-03 7.14043062e-03 2.78428523e-03 2.02238653e-03 -3.17504077e-04 -5.29065682e-03 -6.03296328e-03
-3.79784941e-03 1.03138089e-02 1.23084895e-02 -6.74963882e-03 -2.35279417e-03 7.31852325e-03 -1.11998953e-02 4.05360535e-02 -5.76676149e-03 1.02607366e-02 -1.53347617e-02 -5.98025043e-03 -4.34397161e-03 6.81969803e-04 1.13638462e-02 1.29581438e-02
-9.23749758e-06 -1.14783261e-03 -1.36789668e-03 7.59379531e-04 2.65507435e-04 -8.29537108e-04 1.25780120e-03 -4.57803393e-03 6.55012554e-04 -1.16664649e-03 1.74389291e-03 6.80316938e-04 4.94099397e-04 -7.76177476e-05 -1.29295944e-03 -1.47441728e-03
-5.05797798e-03 1.33612463e-02 1.60862561e-02 -8.79380293e-03 -3.11458926e-03 9.67652258e-03 -1.47528751e-02 5.36960922e-02 -7.65021099e-03 1.36317955e-02 -2.03754958e-02 -7.94695411e-03 -5.77201648e-03 9.06552770e-04 1.51029332e-02 1.72223616e-02
-3.19556822e-03 5.75694162e-03 7.14119710e-03 -3.87395639e-03 -1.45597605e-03 4.57960414e-03 -6.95956824e-03 2.54083741e-02 -3.63357598e-03 6.48153853e-03 -9.69121605e-03 -3.78143461e-03 -2.74599367e-03 4.31705557e-04 7.18878675e-03 8.19802843e-03
4.63930657e-03 -1.31388539e-02 -1.54975317e-02 8.48231465e-03 3.08279786e-03 -9.66730341e-03 1.46753490e-02 -5.35107218e-02 7.64895044e-03 -1.36381434e-02 2.03914568e-02 7.95432180e-03 5.77652268e-03 -9.07908892e-04 -1.51202250e-02 -1.72427520e-02
1.79274473e-03 -1.56393275e-02 -1.65133364e-02 9.49706323e-03 3.04526137e-03 -9.24918428e-03 1.42909437e-02 -5.15115447e-02 7.25388620e-03 -1.28994938e-02 1.93416532e-02 7.50247389e-03 5.46233030e-03 -8.49783595e-04 -1.42360097e-02 -1.62236411e-02
9.25150700e-04 -1.57556087e-02 -1.71729438e-02 1.11851906e-02 3.26669798e-03 -9.69421864e-03 1.51938871e-02 -5.44831678e-02 7.59587111e-03 -1.33532388e-02 1.99525710e-02 7.75525486e-03 5.65620419e-03 -8.70630669e-04 -1.46874310e-02 -1.67278126e-02
-2.17517558e-03 1.15137165e-02 1.31444195e-02 -7.23152701e-03 -2.49016704e-03 7.74566783e-03 -1.18263001e-02 4.28155214e-02 -6.10817038e-03 1.08622909e-02 -1.62537973e-02 -6.33034622e-03 -4.60014818e-03 7.20801181e-04 1.20229591e-02 1.37083931e-02
2.96657643e-04 1.31810934e-03 1.31905312e-03 -7.21250428e-04 -2.36385866e-04 7.21435761e-04 -1.10399059e-03 3.98577098e-03 -5.66850591e-04 1.00535294e-03 -1.50406768e-03 -5.85180242e-04 -4.25343314e-04 6.64659456e-05 1.11045060e-03 1.26590300e-03
4.17178683e-03 -1.31817907e-02 -1.55017376e-02 8.48391932e-03 2.97991163e-03 -9.29447729e-03 1.41099021e-02 -5.12586869e-02 7.32041337e-03 -1.30333090e-02 1.94869861e-02 7.59917498e-03 5.51944971e-03 -8.66655086e-04 -1.44410534e-02 -1.64671913e-02
5.16030844e-03 -1.48755405e-02 -1.77384242e-02 9.68114194e-03 3.45458626e-03 -1.08114919e-02 1.64828673e-02 -5.99276312e-02 8.55148491e-03 -1.52213117e-02 2.27645729e-02 8.87555350e-03 6.44707866e-03 -1.01182016e-03 -1.68630425e-02 -1.92286316e-02
-8.27386975e-03 2.78906152e-02 3.40444706e-02 -1.79081578e-02 -6.44812314e-03 2.00761519e-02 -3.06922104e-02 1.11614943e-01 -1.58863962e-02 2.82509979e-02 -4.22403403e-02 -1.64798498e-02 -1.19690681e-02 1.87990745e-03 3.13178897e-02 3.57129760e-02
-7.76343746e-04 4.48613567e-03 4.84696263e-03 -2.34226347e-03 -8.25879863e-04 2.57094507e-03 -3.92010296e-03 1.42265717e-02 -2.02937657e-03 3.61780403e-03 -5.40889148e-03 -2.10997951e-03 -1.53205567e-03 2.40834808e-04 4.01055254e-03 4.57357848e-03
-6.22806896e-04 2.20300956e-03 2.66091549e-03 -1.45990693e-03 -5.35261817e-04 1.67777715e-03 -2.55150534e-03 9.30669252e-03 -1.32969080e-03 2.37082504e-03 -3.54467076e-03 -1.38285162e-03 -1.00425200e-03 1.57828312e-04 2.62858323e-03 2.99755926e-03
-5.73396217e-04 1.57062467e-02 1.77436024e-02 -1.13758389e-02 -3.17553617e-03 9.55942553e-03 -1.49423312e-02 5.39985672e-02 -7.48259388e-03 1.31145073e-02 -1.95454080e-02 -7.57789006e-03 -5.55597339e-03 8.41654371e-04 1.43599594e-02 1.63234342e-02
3.64702567e-03 -2.35458799e-02 -2.59478576e-02 1.64628625e-02 4.70240228e-03 -1.40421381e-02 2.21314002e-02 -7.82269165e-02 1.11383144e-02 -1.96531639e-02 2.95014884e-02 1.14571564e-02 8.33148882e-03 -1.27294729e-03 -2.16565821e-02 -2.46434230e-02
4.52557206e-03 -9.73815471e-03 -1.15101635e-02 6.44080434e-03 2.32754042e-03 -7.29029765e-03 1.10752620e-02 -4.04425152e-02 5.78072947e-03 -1.03040244e-02 1.54055385e-02 6.01071725e-03 4.36498038e-03 -6.86055573e-04 -1.14255734e-02 -1.30294524e-02
4.57267184e-03 -9.21941455e-03 -1.12402840e-02 6.16794731e-03 2.29071314e-03 -7.18243467e-03 1.09180640e-02 -3.99252623e-02 5.68233896e-03 -1.01340283e-02 1.51506169e-02 5.91018284e-03 4.29219380e-03 -6.74503797e-04 -1.12340646e-02 -1.28109539e-02
-2.22190656e-03 2.30392581e-03 3.07965744e-03 -1.67137943e-03 -6.58420438e-04 2.07937555e-03 -3.15622543e-03 1.15539944e-02 -1.65345939e-03 2.95048789e-03 -4.41162987e-03 -1.72162917e-03 -1.25019311e-03 1.96572830e-04 3.27315810e-03 3.73270432e-03
1.26332520e-02 -2.97094416e-02 -3.64260226e-02 1.97556894e-02 7.12821120e-03 -2.23522577e-02 3.39830108e-02 -1.24042884e-01 1.77163426e-02 -3.15718353e-02 4.72096726e-02 1.84153374e-02 1.33734616e-02 -2.10156827e-03 -3.50026973e-02 -3.99158075e-02
-3.41058965e-03 1.44568319e-02 1.67625993e-02 -9.40329209e-03 -3.05535924e-03 9.42546315e-03 -1.45284422e-02 5.23335263e-02 -7.43049011e-03 1.31431427e-02 -1.96771957e-02 -7.65274093e-03 -5.57535607e-03 8.64493137e-04 1.45040816e-02 1.65280122e-02
3.32514429e-03 -8.20399448e-03 -9.82449390e-03 5.33726485e-03 1.93331693e-03 -6.06517680e-03 9.22798738e-03 -3.36519256e-02 4.80185216e-03 -8.56038183e-03 1.27996346e-02 4.99305036e-03 3.62595846e-03 -5.69897646e-04 -9.49105993e-03 -1.08233811e-02
-5.20983897e-03 9.73075069e-03 1.20865842e-02 -6.48808479e-03 -2.45216140e-03 7.71049596e-03 -1.17047513e-02 4.27606441e-02 -6.11601770e-03 1.09090544e-02 -1.63112246e-02 -6.36449829e-03 -4.62176790e-03 7.26602681e-04 1.20994402e-02 1.37980944e-02
1.22857525e-03 -2.43117847e-03 -2.89054587e-03 1.54420466e-03 5.67762123e-04 -1.78523164e-03 2.70239403e-03 -9.85936262e-03 1.41033309e-03 -2.51561101e-03 3.76121351e-03 1.46743678e-03 1.06561545e-03 -1.67522856e-04 -2.78963847e-03 -3.18127382e-03
1.51316831e-02 -3.13618556e-02 -3.86309661e-02 2.11929008e-02 7.71237304e-03 -2.41604559e-02 3.66062298e-02 -1.33626461e-01 1.90979149e-02 -3.40445042e-02 5.08873761e-02 1.98517106e-02 1.44169349e-02 -2.26550666e-03 -3.77345532e-02 -4.30309437e-02
3.87587026e-03 -7.66864000e-03 -9.44615155e-03 5.67187788e-03 1.87315373e-03 -5.86521765e-03 8.91928934e-03 -3.25655565e-02 4.65027522e-03 -8.28809198e-03 1.23910122e-02 4.83456394e-03 3.51074548e-03 -5.51836507e-04 -9.18994844e-03 -1.04800379e-02
-1.90777937e-04 -4.44250088e-03 -4.58557811e-03 2.57065194e-03 8.61658657e-04 -2.66867783e-03 4.09622816e-03 -1.47909299e-02 2.11308571e-03 -3.76005471e-03 5.62169543e-03 2.19313381e-03 1.59272284e-03 -2.50337034e-04 -4.16898308e-03 -4.75421874e-03
6.57939631e-03 -1.36079006e-02 -1.66886635e-02 9.32957232e-03 3.35908495e-03 -1.05260443e-02 1.59945842e-02 -5.83930761e-02 8.35167430e-03 -1.48954149e-02 2.22721174e-02 8.69002007e-03 6.31055189e-03 -9.92054469e-04 -1.65200848e-02 -1.88393164e-02
5.17735677e-03 -1.23673081e-02 -1.47552863e-02 8.24537221e-03 2.92771542e-03 -9.14952997e-03 1.39259305e-02 -5.07630669e-02 7.22207688e-03 -1.28836827e-02 1.92537643e-02 7.50940712e-03 5.45381196e-03 -8.56992905e-04 -1.42735932e-02 -1.62771493e-02
-5.47602680e-03 1.30679030e-02 1.57847758e-02 -8.42942297e-03 -3.04075470e-03 9.53759905e-03 -1.45081356e-02 5.28030507e-02 -7.53599079e-03 1.34321721e-02 -2.00812835e-02 -7.83367269e-03 -5.68897137e-03 8.94046796e-04 1.48901399e-02 1.69802643e-02
6.79362100e-03 -1.84448007e-02 -2.20680814e-02 1.21108619e-02 4.26285435e-03 -1.32534225e-02 2.01632716e-02 -7.33852014e-02 1.04896668e-02 -1.86839849e-02 2.79306117e-02 1.08936895e-02 7.91204534e-03 -1.24271540e-03 -2.07034573e-02 -2.36087181e-02
1.58141449e-03 -3.16120405e-03 -3.66857368e-03 1.91710121e-03 7.06950203e-04 -2.21454096e-03 3.36031336e-03 -1.22806141e-02 1.75082462e-03 -3.12235206e-03 4.66852961e-03 1.82143541e-03 1.32268621e-03 -2.07930381e-04 -3.46257142e-03 -3.94867361e-03
-3.86899267e-03 8.63566715e-03 1.04618175e-02 -6.32518064e-03 -2.07901606e-03 6.50628423e-03 -9.89009161e-03 3.59911844e-02 -5.13701467e-03 9.15455539e-03 -1.36774043e-02 -5.33615332e-03 -3.87547351e-03 6.08831295e-04 1.01421447e-02 1.15654925e-02
-3.42859537e-03 8.38715862e-03 9.62191820e-03 -5.41220605e-03 -1.90368330e-03 5.97339310e-03 -9.09962971e-03 3.30633000e-02 -4.72590607e-03 8.42274167e-03 -1.25930924e-02 -4.91205603e-03 -3.56711703e-03 5.60614397e-04 9.33680311e-03 1.06474236e-02
-5.74007444e-03 1.32865990e-02 1.60801113e-02 -8.64960253e-03 -3.20337643e-03 1.00603439e-02 -1.52711673e-02 5.57688884e-02 -7.97336828e-03 1.42224515e-02 -2.12649126e-02 -8.29742290e-03 -6.02540281e-03 9.47266468e-04 1.57739818e-02 1.79885030e-02
2.12822668e-02 -4.41039279e-02 -5.41507490e-02 2.94285789e-02 1.08889667e-02 -3.40560414e-02 5.17018549e-02 -1.88596800e-01 2.69192830e-02 -4.80037853e-02 7.17720613e-02 2.80004442e-02 2.03338284e-02 -3.19632725e-03 -5.32285348e-02 -6.07009120e-02
-4.39775875e-04 3.16517008e-03 3.67964059e-03 -2.11789552e-03 -7.18756113e-04 2.18406273e-03 -3.37003171e-03 1.22351684e-02 -1.72895438e-03 3.06196325e-03 -4.57050046e-03 -1.78100751e-03 -1.29901490e-03 2.01090486e-04 3.37735075e-03 3.84843489e-03
1.03680720e-03 -1.70944468e-03 -2.40230258e-03 1.21131830e-03 5.34086314e-04 -1.69753621e-03 2.57563894e-03 -9.44325794e-03 1.35771569e-03 -2.42380123e-03 3.62448231e-03 1.41480542e-03 1.02737895e-03 -1.61580698e-04 -2.69020838e-03 -3.06794816e-03
-1.12577800e-04 1.19193828e-06 1.09946322e-05 -5.92632568e-06 -3.28264696e-06 1.07312308e-05 -1.61908647e-05 5.95066886e-05 -8.53237270e-06 1.52508101e-05 -2.28033550e-05 -8.90296178e-06 -6.46393119e-06 1.01725016e-06 1.69309096e-05 1.93089709e-05
-5.62739297e-06 -4.61382035e-04 -4.14150563e-04 2.66957155e-04 5.88669645e-05 -1.70694257e-04 2.61112378e-04 -9.21221566e-04 1.29905224e-04 -2.28842546e-04 3.41754669e-04 1.32758651e-04 9.65065774e-05 -1.50645219e-05 -2.51689606e-04 -2.86915718e-04
-1.73902959e-02 3.61049771e-02 4.43877876e-02 -2.40575448e-02 -8.81993212e-03 2.77000032e-02 -4.20613177e-02 1.53684646e-01 -2.19576191e-02 3.91589068e-02 -5.85479178e-02 -2.28435174e-02 -1.65886655e-02 2.60776817e-03 4.34260331e-02 4.95224930e-02
4.32316912e-04 -2.48750322e-03 -2.79361545e-03 1.64575130e-03 5.38643857e-04 -1.66633702e-03 2.53952830e-03 -9.20673460e-03 1.31085585e-03 -2.33441824e-03 3.48839560e-03 1.35991513e-03 9.87964682e-04 -1.54976442e-04 -2.58360291e-03 -2.94597284e-03
5.33634238e-03 -2.05555055e-02 -2.43343618e-02 1.34901488e-02 4.62223217e-03 -1.44386394e-02 2.19475254e-02 -7.99971223e-02 1.14152944e-02 -2.03260630e-02 3.03865578e-02 1.18485913e-02 8.60555563e-03 -1.35128200e-03 -2.25152820e-02 -2.56744456e-02
-1.98985473e-03 9.58993845e-03 1.07750287e-02 -5.69154695e-03 -2.03150557e-03 6.28793845e-03 -9.55307018e-03 3.48038077e-02 -4.94164228e-03 8.80306121e-03 -1.31600676e-02 -5.13141695e-03 -3.72674991e-03 5.85413363e-04 9.75185819e-03 1.11204693e-02
-2.95585487e-03 6.58783363e-03 8.10781494e-03 -4.38535213e-03 -1.54194573e-03 4.77275485e-03 -7.27007026e-03 2.64546145e-02 -3.77861760e-03 6.73153065e-03 -1.00650406e-02 -3.92637821e-03 -2.85140285e-03 4.48100182e-04 7.46301981e-03 8.51059053e-03
-1.87886099e-03 6.02410221e-03 6.93092588e-03 -3.81889241e-03 -1.35984027e-03 4.24381346e-03 -6.48279581e-03 2.35825721e-02 -3.36271571e-03 5.98892430e-03 -8.95439275e-03 -3.49341822e-03 -2.53692409e-03 3.98677221e-04 6.63997699e-03 7.57204089e-03
-4.46596090e-03 1.45974234e-02 1.64264273e-02 -9.49099287e-03 -3.32020270e-03 1.03309229e-02 -1.56913344e-02 5.71952611e-02 -8.15704279e-03 1.45487115e-02 -2.17448398e-02 -8.48269556e-03 -6.15994399e-03 9.68139793e-04 1.61237884e-02 1.83871221e-02
