8.72137025e-03 4.57573272e-02 9.32828430e-03 4.13973164e-03 -1.06645632e-03 6.71688281e-03 1.65112689e-02 1.62486695e-02 -6.11870782e-03 -3.97432083e-03 -9.79997031e-03 -7.15863984e-03 -2.49148011e-02 -8.74677789e-04 -1.72120612e-02 1.98013918e-03
-1.11853117e-02 -5.47442921e-02 -1.03589986e-02 -4.56756540e-03 1.19203236e-03 -7.44321849e-03 -1.83100458e-02 -1.80654861e-02 6.79562287e-03 4.42308933e-03 1.09014483e-02 7.96511862e-03 2.77252886e-02 9.73210030e-04 1.91561319e-02 -2.20377161e-03
-4.60349908e-03 -2.61000693e-02 -5.22980839e-03 -2.45534815e-03 6.26221125e-04 -3.91662121e-03 -9.61084012e-03 -9.49096493e-03 3.56336194e-03 2.31872196e-03 5.71577391e-03 4.17575566e-03 1.45347724e-02 5.10265643e-04 1.00411195e-02 -1.15517259e-03
-7.61065306e-03 -3.84776220e-02 -7.85235316e-03 -3.47199943e-03 8.97887687e-04 -5.62339742e-03 -1.37818195e-02 -1.36096748e-02 5.10783354e-03 3.32693825e-03 8.20772629e-03 5.99654997e-03 2.08734274e-02 7.32660061e-04 1.44225946e-02 -1.65920984e-03
-1.86478291e-02 -1.03427850e-01 -2.04684492e-02 -9.26622376e-03 2.27136863e-03 -1.49841672e-02 -3.61470133e-02 -3.57831083e-02 1.33878123e-02 8.73975363e-03 2.14521699e-02 1.56743973e-02 5.45599312e-02 1.91656058e-03 3.76857370e-02 -4.33568656e-03
6.61074463e-03 3.74149568e-02 7.08292052e-03 3.13799107e-03 -7.70064711e-04 5.01063932e-03 1.22095514e-02 1.20055573e-02 -4.49968316e-03 -2.92752404e-03 -7.20402738e-03 -5.26031479e-03 -1.83084495e-02 -6.43055828e-04 -1.26431640e-02 1.45458709e-03
-7.43979542e-03 -3.90642397e-02 -7.42493290e-03 -3.13594751e-03 7.26468104e-04 -5.03625488e-03 -1.21228546e-02 -1.18971094e-02 4.47970955e-03 2.92183645e-03 7.16622081e-03 5.22518065e-03 1.81829277e-02 6.39119593e-04 1.25545850e-02 -1.44434872e-03
-6.10096799e-03 -3.24340463e-02 -6.24485314e-03 -2.80644046e-03 6.58332487e-04 -4.34883870e-03 -1.06242346e-02 -1.04166754e-02 3.92110972e-03 2.55414285e-03 6.27514673e-03 4.57918085e-03 1.59366392e-02 5.59954962e-04 1.10025397e-02 -1.26586773e-03
-1.62032642e-03 -5.95797785e-03 -1.00347260e-03 -4.17209580e-04 1.02922793e-04 -6.58684876e-04 -1.59858610e-03 -1.57308439e-03 5.93398465e-04 3.86304862e-04 9.49994195e-04 6.92598289e-04 2.41049519e-03 8.46848707e-05 1.66423339e-03 -1.91476836e-04
1.03409681e-02 5.42595610e-02 1.07843131e-02 4.51019499e-03 -1.11205352e-03 7.39283767e-03 1.82145797e-02 1.79890580e-02 -6.65933220e-03 -4.32926742e-03 -1.06673585e-02 -7.79039413e-03 -2.71137301e-02 -9.52195493e-04 -1.87241975e-02 2.15417542e-03
5.04860934e-03 2.98152305e-02 5.76255331e-03 2.61340500e-03 -6.68310793e-04 4.23839176e-03 1.03759142e-02 1.02619855e-02 -3.84648005e-03 -2.50595971e-03 -6.17894949e-03 -4.51435475e-03 -1.57139227e-02 -5.51582780e-04 -1.08568165e-02 1.24900555e-03
7.76915532e-03 3.83106023e-02 7.72180827e-03 3.44149792e-03 -8.96606361e-04 5.59081696e-03 1.37508651e-02 1.35781886e-02 -5.10104094e-03 -3.31908488e-03 -8.19169823e-03 -5.98619087e-03 -2.08358262e-02 -7.31408596e-04 -1.43959364e-02 1.65616011e-03
-6.91907108e-03 -3.35646309e-02 -6.63517416e-03 -2.83355662e-03 7.24537065e-04 -4.62976005e-03 -1.13269109e-02 -1.11730006e-02 4.20324784e-03 2.73590791e-03 6.74338546e-03 4.92608268e-03 1.71446782e-02 6.01929147e-04 1.18436962e-02 -1.36255275e-03
-7.26710632e-03 -3.78645249e-02 -7.39773177e-03 -3.15428851e-03 7.71923224e-04 -5.10485098e-03 -1.25089884e-02 -1.23030953e-02 4.61698649e-03 2.99218460e-03 7.37129524e-03 5.38436882e-03 1.87393837e-02 6.58190984e-04 1.29415030e-02 -1.48889364e-03
-4.36747558e-02 -2.16252044e-01 -4.47132029e-02 -1.90191194e-02 5.09501016e-03 -3.12698036e-02 -7.67345130e-02 -7.58079961e-02 2.85167843e-02 1.85260307e-02 4.57492135e-02 3.34405974e-02 1.16404109e-01 4.08528140e-03 8.04389119e-02 -9.25382413e-03
1.48787852e-02 8.79267082e-02 1.77201554e-02 7.82572292e-03 -2.15881155e-03 1.30949942e-02 3.21515687e-02 3.18098478e-02 -1.19634978e-02 -7.78894313e-03 -1.92354620e-02 -1.40615571e-02 -4.89468873e-02 -1.71780051e-03 -3.38261984e-02 3.89143080e-03
1.53334113e-03 1.05167609e-02 2.19345582e-03 1.03614817e-03 -2.77178944e-04 1.70038361e-03 4.17111581e-03 4.13377583e-03 -1.55009457e-03 -1.00926799e-03 -2.49221083e-03 -1.82171375e-03 -6.34141266e-03 -2.22554663e-04 -4.38225735e-03 5.04143187e-04
6.76508434e-03 3.34377699e-02 6.31168485e-03 2.79807788e-03 -6.85448875e-04 4.47313022e-03 1.09772105e-02 1.08234901e-02 -4.05842625e-03 -2.63652834e-03 -6.48922194e-03 -4.73797182e-03 -1.64916199e-02 -5.79463318e-04 -1.13881454e-02 1.31022010e-03
-7.91323092e-03 -4.28273082e-02 -8.43898207e-03 -3.76279792e-03 9.76917800e-04 -6.11920049e-03 -1.50472075e-02 -1.48272431e-02 5.56498067e-03 3.62169766e-03 8.93342216e-03 6.52742386e-03 2.27206368e-02 7.97500485e-04 1.56986788e-02 -1.80601748e-03
-3.78912576e-02 -2.05176115e-01 -4.21990044e-02 -1.93187166e-02 5.28370077e-03 -3.24378088e-02 -7.92478621e-02 -7.85882771e-02 2.95339283e-02 1.92409419e-02 4.75113355e-02 3.47274654e-02 1.20883688e-01 4.24247375e-03 8.35394934e-02 -9.61054303e-03
-3.28670768e-03 -1.65019352e-02 -3.40349716e-03 -1.50595873e-03 3.95049807e-04 -2.46926816e-03 -6.06004614e-03 -5.98981464e-03 2.24392908e-03 1.46057934e-03 3.60410125e-03 2.63356837e-03 9.16666444e-03 3.21745378e-04 6.33373251e-03 -7.28647516e-04
-1.07913520e-02 -5.92527241e-02 -1.16575388e-02 -5.31639624e-03 1.40210858e-03 -8.66533909e-03 -2.12706290e-02 -2.10160334e-02 7.89623242e-03 5.14076510e-03 1.26919542e-02 9.27602220e-03 3.22887525e-02 1.13330700e-03 2.23115329e-02 -2.56677438e-03
-6.34912308e-03 -3.38992178e-02 -5.95545676e-03 -2.61851633e-03 6.18597725e-04 -4.11497010e-03 -1.01495292e-02 -9.91523266e-03 3.70857515e-03 2.41672317e-03 5.93304681e-03 4.32781037e-03 1.50610590e-02 5.29767945e-04 1.03946347e-02 -1.19606405e-03
-5.04819723e-03 -1.88241471e-02 -3.32373893e-03 -1.51900167e-03 3.73846095e-04 -2.36874865e-03 -5.75503241e-03 -5.68985241e-03 2.13829544e-03 1.39358966e-03 3.43247456e-03 2.50649103e-03 8.72142147e-03 3.06393806e-04 6.02534786e-03 -6.93153241e-04
2.30076001e-03 1.17067480e-02 2.19311938e-03 1.05547882e-03 -2.54199142e-04 1.63166795e-03 3.98410112e-03 3.93191539e-03 -1.47516897e-03 -9.60297941e-04 -2.36862013e-03 -1.73052819e-03 -6.02362165e-03 -2.11431572e-04 -4.16192366e-03 4.78798029e-04
-1.44927790e-02 -9.03800726e-02 -1.84566639e-02 -8.26389343e-03 2.22502346e-03 -1.36801228e-02 -3.36196274e-02 -3.32902372e-02 1.24930860e-02 8.13306961e-03 2.00822484e-02 1.46794356e-02 5.10986447e-02 1.79334544e-03 3.53105851e-02 -4.06219671e-03
-3.38325347e-03 -1.51089448e-02 -2.83703185e-03 -1.20519544e-03 2.64558679e-04 -1.85876153e-03 -4.50502615e-03 -4.40764753e-03 1.65681343e-03 1.07907027e-03 2.64945021e-03 1.92890817e-03 6.71341596e-03 2.36008753e-04 4.63267555e-03 -5.33014594e-04
3.15415836e-03 1.51213529e-02 2.48745852e-03 1.03638729e-03 -2.45031726e-04 1.63511129e-03 3.92334955e-03 3.86306061e-03 -1.45360734e-03 -9.47021006e-04 -2.32948340e-03 -1.69929711e-03 -5.91434585e-03 -2.07675970e-04 -4.08449722e-03 4.69899358e-04
-2.37728544e-02 -1.15716919e-01 -2.15995684e-02 -9.29717813e-03 2.31164345e-03 -1.48109999e-02 -3.63771431e-02 -3.57675888e-02 1.34060215e-02 8.71292874e-03 2.15191040e-02 1.57122966e-02 5.46512194e-02 1.91927329e-03 3.77439223e-02 -4.34220675e-03
6.25347532e-03 3.20493951e-02 6.33860286e-03 2.77293706e-03 -6.62798120e-04 4.35710652e-03 1.06395883e-02 1.05134593e-02 -3.94035084e-03 -2.56596762e-03 -6.31081779e-03 -4.60651284e-03 -1.60313789e-02 -5.63170353e-04 -1.10704564e-02 1.27365615e-03
7.22085033e-03 4.19299230e-02 7.90483877e-03 3.49245965e-03 -8.96991463e-04 5.68276597e-03 1.39570190e-02 1.38164703e-02 -5.16572595e-03 -3.35972197e-03 -8.26405734e-03 -6.03790674e-03 -2.10192781e-02 -7.38875708e-04 -1.45193674e-02 1.67042762e-03
-1.23979449e-02 -8.16985965e-02 -1.71053205e-02 -7.52082700e-03 2.08429154e-03 -1.26864426e-02 -3.10246982e-02 -3.07722017e-02 1.15547283e-02 7.52444100e-03 1.85835045e-02 1.35822324e-02 4.72785830e-02 1.65920891e-03 3.26721929e-02 -3.75867542e-03
-4.45322413e-03 -2.63538510e-02 -5.33570489e-03 -2.51203543e-03 6.53095020e-04 -4.03650478e-03 -9.88954492e-03 -9.80174914e-03 3.68067762e-03 2.39543268e-03 5.91429463e-03 4.32342151e-03 1.50498860e-02 5.28191857e-04 1.03999618e-02 -1.19643135e-03
5.76991215e-03 3.14250998e-02 6.26410684e-03 2.72715231e-03 -7.38371105e-04 4.53709159e-03 1.11948503e-02 1.10597014e-02 -4.15531220e-03 -2.70386203e-03 -6.68018637e-03 -4.88173869e-03 -1.69931687e-02 -5.96375787e-04 -1.17434403e-02 1.35098759e-03
-1.09018302e-02 -5.48696145e-02 -1.08675286e-02 -4.83887037e-03 1.28462992e-03 -8.12660623e-03 -2.00318824e-02 -1.96678936e-02 7.37521565e-03 4.79652314e-03 1.18480241e-02 8.65535811e-03 3.01300194e-02 1.05740863e-03 2.08216235e-02 -2.39535584e-03
4.90180124e-03 2.84761880e-02 5.40675828e-03 2.42887321e-03 -6.30031514e-04 3.98403034e-03 9.73752607e-03 9.60577372e-03 -3.60557227e-03 -2.34889123e-03 -5.78774884e-03 -4.22819285e-03 -1.47176506e-02 -5.16686356e-04 -1.01674227e-02 1.16970157e-03
1.63822062e-03 6.49201777e-03 1.26147934e-03 5.73352096e-04 -1.50712032e-04 9.34265670e-04 2.28791824e-03 2.27489229e-03 -8.50078475e-04 -5.53158636e-04 -1.36529363e-03 -9.97702708e-04 -3.47293052e-03 -1.21890225e-04 -2.39972514e-03 2.76066392e-04
6.73808390e-04 -1.49135594e-03 -6.14049786e-04 -3.47916561e-04 1.19557735e-04 -6.71056157e-04 -1.65774929e-03 -1.65524345e-03 6.29255432e-04 4.09231026e-04 1.01385254e-03 7.41315365e-04 2.58054188e-03 9.05533307e-05 1.78363558e-03 -2.05191842e-04
-6.63446682e-03 -3.66883762e-02 -7.75595242e-03 -3.44991148e-03 9.28476977e-04 -5.72655257e-03 -1.40598295e-02 -1.39250169e-02 5.23657026e-03 3.40883387e-03 8.41918401e-03 6.15395373e-03 2.14219783e-02 7.51809159e-04 1.48038324e-02 -1.70306058e-03
-9.39155172e-04 -6.23233104e-03 -1.30030361e-03 -6.03930501e-04 1.65273785e-04 -1.00267609e-03 -2.46363319e-03 -2.43966794e-03 9.17763915e-04 5.97434468e-04 1.47559389e-03 1.07869308e-03 3.75501858e-03 1.31781286e-04 2.59500975e-03 -2.98534724e-04
9.47725261e-04 4.48125508e-03 8.91036820e-04 3.88629094e-04 -9.31116083e-05 6.17997255e-04 1.50948088e-03 1.48824684e-03 -5.57524676e-04 -3.62838822e-04 -8.93749006e-04 -6.52555493e-04 -2.27125618e-03 -7.97490138e-05 -1.56870554e-03 1.80472416e-04
-6.79130724e-04 -2.89232680e-03 -5.47822739e-04 -2.46547890e-04 6.02362634e-05 -3.94332106e-04 -9.73882677e-04 -9.57247277e-04 3.58412595e-04 2.33135725e-04 5.74385806e-04 4.19746269e-04 1.46088912e-03 5.12946244e-05 1.00925902e-03 -1.16109171e-04
4.07771766e-03 2.09626686e-02 3.87177290e-03 1.70980964e-03 -4.09886416e-04 2.74520367e-03 6.65446417e-03 6.54867105e-03 -2.45043403e-03 -1.59714872e-03 -3.93343810e-03 -2.87161022e-03 -9.99431219e-03 -3.50873801e-04 -6.90427097e-03 7.94299354e-04
-6.49773609e-03 -3.65844443e-02 -7.86369946e-03 -3.54884425e-03 9.55226191e-04 -5.83779486e-03 -1.43246418e-02 -1.42050395e-02 5.33752283e-03 3.47433263e-03 8.58005788e-03 6.27163751e-03 2.18320340e-02 7.66194426e-04 1.50872627e-02 -1.73566665e-03
5.55695128e-03 2.84414776e-02 5.14303893e-03 2.26262631e-03 -5.54946251e-04 3.62094888e-03 8.84907413e-03 8.78730975e-03 -3.28428205e-03 -2.12731212e-03 -5.23152296e-03 -3.82305868e-03 -1.33051919e-02 -4.68881393e-04 -9.18410067e-03 1.05688570e-03
-9.76256747e-03 -4.81760576e-02 -9.71734151e-03 -4.25374974e-03 1.08631852e-03 -7.00273179e-03 -1.70715321e-02 -1.68624651e-02 6.31020032e-03 4.10629623e-03 1.01195239e-02 7.38953752e-03 2.57218741e-02 9.03067586e-04 1.77707057e-02 -2.04439461e-03
2.22266233e-03 1.32497363e-02 2.46244040e-03 1.11257168e-03 -2.83948961e-04 1.82294881e-03 4.45889495e-03 4.38770326e-03 -1.64529844e-03 -1.07507606e-03 -2.64007109e-03 -1.92819792e-03 -6.71191979e-03 -2.35671963e-04 -4.63715289e-03 5.33465995e-04
-3.28892237e-03 -1.99806206e-02 -4.14108858e-03 -1.96713977e-03 5.35674335e-04 -3.26512568e-03 -7.99656473e-03 -7.93087017e-03 2.98096729e-03 1.94153411e-03 4.79400065e-03 3.50448187e-03 1.21992491e-02 4.28135216e-04 8.43060110e-03 -9.69871646e-04
-1.31774426e-03 -6.12572115e-03 -1.19396497e-03 -5.70943695e-04 1.47766725e-04 -9.16460995e-04 -2.23311386e-03 -2.21048365e-03 8.31217971e-04 5.41399233e-04 1.33605464e-03 9.76523268e-04 3.39923101e-03 1.19302022e-04 2.34900159e-03 -2.70233897e-04
8.51651561e-03 5.30680642e-02 1.01936143e-02 4.29826463e-03 -1.18611194e-03 7.22853234e-03 1.77776609e-02 1.76089853e-02 -6.61494816e-03 -4.30765795e-03 -1.06393704e-02 -7.77777471e-03 -2.70751286e-02 -9.50181042e-04 -1.87111590e-02 2.15256261e-03
6.59835804e-03 4.01048772e-02 8.15418083e-03 3.68652213e-03 -1.03166164e-03 6.23418717e-03 1.53326700e-02 1.51885860e-02 -5.71115082e-03 -3.71812982e-03 -9.18461476e-03 -6.71419408e-03 -2.33727619e-02 -8.20257235e-04 -1.61525272e-02 1.85821636e-03
-5.08050108e-03 -2.72501335e-02 -5.00318408e-03 -2.16335221e-03 5.08379715e-04 -3.42154223e-03 -8.30382574e-03 -8.14613327e-03 3.06438911e-03 1.99395767e-03 4.90079029e-03 3.57439532e-03 1.24403788e-02 4.37100069e-04 8.58856365e-03 -9.88118700e-04
3.51616554e-03 1.81732811e-02 3.62684065e-03 1.60774624e-03 -4.16410534e-04 2.60718353e-03 6.36776444e-03 6.29142625e-03 -2.36081518e-03 -1.53542194e-03 -3.78800184e-03 -2.76683155e-03 -9.63081885e-03 -3.38057638e-04 -6.65394776e-03 7.65490055e-04
1.70270447e-03 8.61482136e-03 1.67297560e-03 7.31013191e-04 -1.82981486e-04 1.18046359e-03 2.88892095e-03 2.85337190e-03 -1.06963981e-03 -6.96550531e-04 -1.71665428e-03 -1.25343353e-03 -4.36263997e-03 -1.53168672e-04 -3.01355869e-03 3.46695131e-04
3.99088115e-03 1.44275771e-02 2.68212100e-03 1.30121596e-03 -3.08512157e-04 2.00408767e-03 4.90329787e-03 4.83778818e-03 -1.81116501e-03 -1.17883051e-03 -2.90586287e-03 -2.12304667e-03 -7.38900993e-03 -2.59391847e-04 -5.10547310e-03 5.87344635e-04
-6.16905338e-04 -2.02598306e-03 -3.25889763e-04 -1.20982440e-04 1.99460719e-05 -1.75450201e-04 -4.08670836e-04 -4.04706894e-04 1.47167928e-04 9.59622121e-05 2.34054023e-04 1.69262785e-04 5.88392897e-04 2.07391495e-05 4.05420549e-04 -4.66619676e-05
2.58156285e-03 1.13123311e-02 2.19005300e-03 9.97510273e-04 -2.41515649e-04 1.55961968e-03 3.81931011e-03 3.76653927e-03 -1.41119247e-03 -9.19277314e-04 -2.26230500e-03 -1.65160396e-03 -5.74808754e-03 -2.01880845e-04 -3.96960555e-03 4.56697249e-04
-2.02166941e-03 -1.25341220e-02 -2.46743532e-03 -1.12952408e-03 2.97180406e-04 -1.84518297e-03 -4.53954935e-03 -4.49094363e-03 1.68745173e-03 1.09837484e-03 2.71144416e-03 1.98170403e-03 6.89815078e-03 2.42102629e-04 4.76679858e-03 -5.48381999e-04
-1.46096526e-03 -8.69703107e-03 -1.71303516e-03 -7.24830781e-04 1.94547858e-04 -1.20239134e-03 -2.95361946e-03 -2.91979196e-03 1.09692838e-03 7.13593210e-04 1.76290271e-03 1.28829037e-03 4.48452448e-03 1.57383576e-04 3.09909531e-03 -3.56525677e-04
1.31858233e-03 8.82187672e-03 1.90886832e-03 8.09849764e-04 -2.19731723e-04 1.35533663e-03 3.31954099e-03 3.28236492e-03 -1.23349682e-03 -8.03179457e-04 -1.98345352e-03 -1.44975120e-03 -5.04646823e-03 -1.77105452e-04 -3.48743773e-03 4.01201367e-04
5.74476039e-03 3.39898728e-02 7.01730605e-03 3.03688180e-03 -7.85783632e-04 4.95638186e-03 1.21398354e-02 1.19837821e-02 -4.50030249e-03 -2.92917644e-03 -7.22586457e-03 -5.27948514e-03 -1.83767956e-02 -6.45019463e-04 -1.26974471e-02 1.46074430e-03
1.26660448e-02 7.22570792e-02 1.39207169e-02 5.89447375e-03 -1.55385758e-03 9.87763051e-03 2.40897220e-02 2.37515960e-02 -8.91774800e-03 -5.80252707e-03 -1.43186888e-02 -1.04535827e-02 -3.63858007e-02 -1.27706747e-03 -2.51387935e-02 2.89205625e-03
1.04809012e-02 5.69403544e-02 1.08796442e-02 4.62228153e-03 -1.15725456e-03 7.55947921e-03 1.84504148e-02 1.81604102e-02 -6.80233585e-03 -4.42507630e-03 -1.08928652e-02 -7.95286708e-03 -2.76782438e-02 -9.72463284e-04 -1.91090312e-02 2.19854806e-03
8.83395597e-03 4.81651984e-02 9.41772480e-03 4.30476898e-03 -1.15228118e-03 7.06774183e-03 1.73889361e-02 1.71954278e-02 -6.45407289e-03 -4.20235656e-03 -1.03777070e-02 -7.58487778e-03 -2.64029019e-02 -9.26615437e-04 -1.82458367e-02 2.09903624e-03
-8.61275592e-04 -2.71007465e-03 -4.59540635e-04 -1.85750774e-04 3.89575907e-05 -2.82102177e-04 -6.82326732e-04 -6.64632593e-04 2.48495198e-04 1.61911143e-04 3.97461816e-04 2.89760821e-04 1.00834295e-03 3.54232106e-05 6.96050411e-04 -8.00799753e-05
3.46815609e-03 1.73411928e-02 3.47587187e-03 1.53603579e-03 -3.73129471e-04 2.47501349e-03 6.06644154e-03 5.98256709e-03 -2.23443657e-03 -1.45372364e-03 -3.58329900e-03 -2.61512119e-03 -9.10376105e-03 -3.19606712e-04 -6.28684880e-03 7.23284495e-04
1.03007760e-02 5.98193444e-02 1.23535264e-02 5.50322514e-03 -1.47213158e-03 9.04804468e-03 2.22380478e-02 2.19852738e-02 -8.25644378e-03 -5.37697924e-03 -1.32759828e-02 -9.70228482e-03 -3.37738320e-02 -1.18530006e-03 -2.33392362e-02 2.68498878e-03
3.51414387e-03 1.83396004e-02 3.29068908e-03 1.50222855e-03 -3.93278169e-04 2.42768880e-03 5.92329912e-03 5.85637335e-03 -2.20091641e-03 -1.43319648e-03 -3.53847654e-03 -2.58517731e-03 -8.99833441e-03 -3.15800717e-04 -6.21704757e-03 7.15246482e-04
1.28059252e-03 6.56855060e-03 1.22578419e-03 5.34308201e-04 -1.22808968e-04 8.40350636e-04 2.04645819e-03 2.00668676e-03 -7.52039254e-04 -4.89951286e-04 -1.20403734e-03 -8.78316467e-04 -3.05647659e-03 -1.07387488e-04 -2.11015367e-03 2.42776921e-04
1.23505341e-03 5.33711864e-03 9.70659545e-04 3.93651600e-04 -8.66818955e-05 6.20842271e-04 1.52861024e-03 1.48193736e-03 -5.54379774e-04 -3.61908576e-04 -8.85945105e-04 -6.44827087e-04 -2.24314933e-03 -7.89668702e-05 -1.54677569e-03 1.78001646e-04
-6.04968611e-03 -3.25093977e-02 -6.47810940e-03 -2.52025155e-03 6.20102161e-04 -4.04862221e-03 -9.88677423e-03 -9.72287729e-03 3.65379057e-03 2.37707444e-03 5.84790809e-03 4.26986162e-03 1.48617830e-02 5.21917420e-04 1.02607254e-02 -1.18046091e-03
-1.97181702e-02 -1.04913481e-01 -2.06537563e-02 -9.45040304e-03 2.52151373e-03 -1.55513631e-02 -3.81649807e-02 -3.78035717e-02 1.42206075e-02 9.25834663e-03 2.28577312e-02 1.67072359e-02 5.81573881e-02 2.04108562e-03 4.01893891e-02 -4.62346338e-03
-5.32331271e-03 -2.53880378e-02 -4.72287089e-03 -2.16380530e-03 5.70324366e-04 -3.54571291e-03 -8.71366728e-03 -8.59669037e-03 3.22779012e-03 2.10174732e-03 5.18597988e-03 3.78898601e-03 1.31888948e-02 4.62932832e-04 9.11341235e-03 -1.04843220e-03
-4.47584607e-04 5.62847650e-04 2.31585160e-04 1.33143709e-04 -4.59664698e-05 2.41450878e-04 5.93135133e-04 5.96921076e-04 -2.26598277e-04 -1.47658531e-04 -3.65390471e-04 -2.67340016e-04 -9.30738868e-04 -3.26600129e-05 -6.43351930e-04 7.40123505e-05
5.48563944e-03 2.34388635e-02 4.39975178e-03 1.84184616e-03 -4.64038021e-04 3.00526666e-03 7.35463155e-03 7.23796524e-03 -2.72468710e-03 -1.77060126e-03 -4.36350331e-03 -3.18713533e-03 -1.10921022e-02 -3.89494409e-04 -7.66145857e-03 8.81416141e-04
1.64088234e-03 6.81367796e-03 1.22653809e-03 5.43630973e-04 -1.24976199e-04 8.59798223e-04 2.08720542e-03 2.06102012e-03 -7.72789761e-04 -5.02323965e-04 -1.23233115e-03 -8.99819366e-04 -3.13085737e-03 -1.10162146e-04 -2.16025976e-03 2.48567259e-04
8.85913335e-03 4.19428237e-02 8.04854650e-03 3.68672796e-03 -9.28269292e-04 5.87421143e-03 1.43078454e-02 1.41548319e-02 -5.30958502e-03 -3.46021121e-03 -8.53014830e-03 -6.22912263e-03 -2.16814894e-02 -7.61245086e-04 -1.49782775e-02 1.72317564e-03
-1.18590351e-02 -7.30177835e-02 -1.51061723e-02 -6.63480069e-03 1.82331039e-03 -1.11524574e-02 -2.73851603e-02 -2.71488894e-02 1.02038793e-02 6.64362218e-03 1.64108537e-02 1.19961975e-02 4.17596549e-02 1.46553968e-03 2.88592000e-02 -3.32001667e-03
1.67619181e-03 8.87670275e-03 1.71584880e-03 7.41905067e-04 -1.86225327e-04 1.19655614e-03 2.92246672e-03 2.88260705e-03 -1.08176365e-03 -7.03799305e-04 -1.73302379e-03 -1.26552139e-03 -4.40456951e-03 -1.54677109e-04 -3.04201199e-03 3.49974376e-04
4.28033154e-03 2.01953165e-02 4.14842181e-03 1.83041207e-03 -4.68968268e-04 2.94278865e-03 7.19770743e-03 7.11646350e-03 -2.67670746e-03 -1.74190302e-03 -4.29764111e-03 -3.14039458e-03 -1.09309359e-02 -3.83687555e-04 -7.55271502e-03 8.68881820e-04
-1.96987850e-04 1.25435099e-03 3.34138342e-04 1.61874996e-04 -4.66641359e-05 2.75104539e-04 6.76252472e-04 6.71436137e-04 -2.52608937e-04 -1.64489509e-04 -4.06369276e-04 -2.97074090e-04 -1.03414385e-03 -3.62930368e-05 -7.14681344e-04 8.22183429e-05
2.47503136e-04 1.54220988e-03 3.17468570e-04 1.40197997e-04 -3.60483646e-05 2.29174548e-04 5.62059460e-04 5.53264341e-04 -2.07450852e-04 -1.34960501e-04 -3.32762254e-04 -2.43138391e-04 -8.46317271e-04 -2.97073821e-05 -5.84719412e-04 6.72676833e-05
-2.24905345e-03 -1.27290487e-02 -2.64810678e-03 -1.18977670e-03 3.09216935e-04 -1.92685577e-03 -4.69783647e-03 -4.64758929e-03 1.74946070e-03 1.13840809e-03 2.81008356e-03 2.05401448e-03 7.14984210e-03 2.50932120e-04 4.94067371e-03 -5.68384305e-04
4.12119227e-03 2.24391297e-02 4.61006165e-03 2.06923881e-03 -5.53061545e-04 3.41132912e-03 8.37622024e-03 8.29508342e-03 -3.11589404e-03 -2.02889671e-03 -5.00891171e-03 -3.66111938e-03 -1.27443373e-02 -4.47276747e-04 -8.80682468e-03 1.01315381e-03
1.02668190e-02 6.55617863e-02 1.27914641e-02 5.85482270e-03 -1.57203176e-03 9.62219667e-03 2.36713812e-02 2.33829282e-02 -8.78700055e-03 -5.72160445e-03 -1.41292028e-02 -1.03277117e-02 -3.59508358e-02 -1.26167038e-03 -2.48440709e-02 2.85810651e-03
7.53815100e-03 3.61872725e-02 6.95404550e-03 3.16039566e-03 -8.36986292e-04 5.19153802e-03 1.26976650e-02 1.25590507e-02 -4.72159078e-03 -3.07453028e-03 -7.58850714e-03 -5.54443151e-03 -1.92997921e-02 -6.77375938e-04 -1.33359255e-02 1.53419375e-03
-1.56547427e-02 -8.87789875e-02 -1.55306039e-02 -6.71659596e-03 1.63962063e-03 -1.07235713e-02 -2.62741409e-02 -2.58836336e-02 9.68223065e-03 6.31248206e-03 1.55676873e-02 1.13523519e-02 3.95149924e-02 1.38781685e-03 2.72920709e-02 -3.13985930e-03
3.31790932e-03 1.80248655e-02 3.35845398e-03 1.52753189e-03 -3.41819745e-04 2.37803278e-03 5.80440369e-03 5.70259709e-03 -2.12710747e-03 -1.38169155e-03 -3.39582725e-03 -2.47876951e-03 -8.62564985e-03 -3.03244655e-04 -5.95533010e-03 6.85196603e-04
-1.08258594e-02 -4.98483852e-02 -9.41602699e-03 -4.14148998e-03 1.08778384e-03 -6.78125490e-03 -1.66029427e-02 -1.63969435e-02 6.16538106e-03 4.01242543e-03 9.90493689e-03 7.23527884e-03 2.51843967e-02 8.83982459e-04 1.74006671e-02 -2.00181943e-03
8.32638587e-04 4.92515974e-03 9.33516771e-04 4.13460482e-04 -1.10454741e-04 6.83756778e-04 1.67440576e-03 1.65763509e-03 -6.23284257e-04 -4.05695348e-04 -1.00158551e-03 -7.31914886e-04 -2.54765386e-03 -8.94176992e-05 -1.76047185e-03 2.02528390e-04
-6.26765192e-03 -3.31311151e-02 -6.40402036e-03 -2.80324556e-03 7.21583201e-04 -4.58504679e-03 -1.11644287e-02 -1.10204266e-02 4.14320454e-03 2.69570784e-03 6.65169302e-03 4.85988008e-03 1.69159304e-02 5.93810051e-04 1.16878487e-02 -1.34460873e-03
-7.25089293e-03 -3.95531282e-02 -7.98954442e-03 -3.60470498e-03 9.76432930e-04 -5.97428996e-03 -1.46590266e-02 -1.45074995e-02 5.45397215e-03 3.54937953e-03 8.76423158e-03 6.40486367e-03 2.22942419e-02 7.82467250e-04 1.54053438e-02 -1.77226332e-03
2.44185166e-03 7.84621760e-03 1.58655760e-03 6.80198544e-04 -1.83601136e-04 1.13124377e-03 2.78086727e-03 2.75232177e-03 -1.03351881e-03 -6.72112685e-04 -1.66007970e-03 -1.21354079e-03 -4.22428269e-03 -1.48253952e-04 -2.91916262e-03 3.35826044e-04
5.03911451e-03 3.14448774e-02 6.41146209e-03 2.79023778e-03 -7.66720215e-04 4.66872752e-03 1.14717539e-02 1.13559896e-02 -4.26809117e-03 -2.77913478e-03 -6.86369278e-03 -5.01700630e-03 -1.74635854e-02 -6.12880161e-04 -1.20686786e-02 1.38840347e-03
4.23975242e-03 2.22616270e-02 4.25837236e-03 1.90180517e-03 -4.75118781e-04 3.03676864e-03 7.44869094e-03 7.34248897e-03 -2.75425962e-03 -1.79321540e-03 -4.42038756e-03 -3.22858850e-03 -1.12374341e-02 -3.94513481e-04 -7.76299089e-03 8.93086893e-04
2.73673632e-03 1.24043878e-02 2.30095815e-03 9.81006655e-04 -2.13523977e-04 1.49612711e-03 3.59839201e-03 3.54876462e-03 -1.32161635e-03 -8.59508873e-04 -2.10534269e-03 -1.53627514e-03 -5.34731243e-03 -1.88003032e-04 -3.69175547e-03 4.24706290e-04
1.26626790e-02 6.43592626e-02 1.12655666e-02 4.89708222e-03 -1.10218779e-03 7.39380950e-03 1.82746407e-02 1.78277381e-02 -6.71060057e-03 -4.36757365e-03 -1.07494649e-02 -7.84133654e-03 -2.72490252e-02 -9.60383855e-04 -1.88180897e-02 2.16537225e-03
-1.07893010e-03 -7.13203615e-03 -1.32582092e-03 -6.21283776e-04 1.60137308e-04 -9.93472990e-04 -2.43571331e-03 -2.41309148e-03 9.07123089e-04 5.90114214e-04 1.45675242e-03 1.06477120e-03 3.70630226e-03 1.30081840e-04 2.56106933e-03 -2.94630503e-04
-2.46217009e-04 -1.09302055e-03 -2.03430493e-04 -9.50594767e-05 2.58275413e-05 -1.59802628e-04 -3.91986367e-04 -3.89161287e-04 1.45764658e-04 9.49552996e-05 2.34393170e-04 1.71299878e-04 5.96290920e-04 2.09287100e-05 4.12037974e-04 -4.74019216e-05
-3.05463187e-03 -1.73851401e-02 -3.62717244e-03 -1.61264837e-03 4.30444139e-04 -2.65747891e-03 -6.50688587e-03 -6.43341849e-03 2.41835508e-03 1.57411408e-03 3.88651527e-03 2.84004398e-03 9.88585874e-03 3.46960558e-04 6.83134235e-03 -7.85891083e-04
-1.54213868e-02 -8.05004835e-02 -1.63371023e-02 -7.14690750e-03 1.86117564e-03 -1.15589751e-02 -2.83524375e-02 -2.80671995e-02 1.05390232e-02 6.85551390e-03 1.69188976e-02 1.23592401e-02 4.30177450e-02 1.51007017e-03 2.97212563e-02 -3.41922068e-03
6.97424263e-03 3.86033170e-02 7.20565021e-03 2.95522204e-03 -6.95093244e-04 4.68087196e-03 1.14234807e-02 1.11953225e-02 -4.20018332e-03 -2.72979634e-03 -6.71024807e-03 -4.89156786e-03 -1.70213412e-02 -5.98586223e-04 -1.17409993e-02 1.35104358e-03
-4.58947942e-03 -2.56508347e-02 -5.07848477e-03 -2.26534810e-03 5.98039827e-04 -3.70315323e-03 -9.08840727e-03 -8.98807961e-03 3.37078073e-03 2.19410914e-03 5.41575346e-03 3.95697402e-03 1.37735410e-02 4.83427924e-04 9.51722823e-03 -1.09488331e-03
3.67157208e-03 2.09720824e-02 4.33391100e-03 1.96068408e-03 -5.31700440e-04 3.26777017e-03 8.00557155e-03 7.92642962e-03 -2.98068486e-03 -1.94021000e-03 -4.79079597e-03 -3.50162038e-03 -1.21894386e-02 -4.27794672e-04 -8.42353888e-03 9.69059940e-04
9.51492111e-05 1.11344212e-04 9.74118593e-05 7.04440245e-05 -2.54485876e-05 1.33576075e-04 3.41027830e-04 3.42476618e-04 -1.28785090e-04 -8.37842672e-05 -2.07465811e-04 -1.51831671e-04 -5.28616481e-04 -1.85505451e-05 -3.65375425e-04 4.20336692e-05
-7.38233980e-03 -4.35432978e-02 -8.92266817e-03 -4.03684657e-03 1.06180017e-03 -6.63583120e-03 -1.61662474e-02 -1.60193034e-02 6.02319278e-03 3.92214907e-03 9.67607088e-03 7.07169482e-03 2.46161018e-02 8.64013040e-04 1.70101207e-02 -1.95688172e-03
-7.19704758e-03 -4.04441543e-02 -8.54764506e-03 -4.11333563e-03 1.05000648e-03 -6.43159449e-03 -1.58005375e-02 -1.56620722e-02 5.88346040e-03 3.82826943e-03 9.45173018e-03 6.90880837e-03 2.40486506e-02 8.44019174e-04 1.66185535e-02 -1.91182969e-03
-2.61964090e-02 -1.51746809e-01 -2.79618576e-02 -1.24456566e-02 3.11979279e-03 -1.98054519e-02 -4.90024872e-02 -4.80155721e-02 1.80526450e-02 1.17192110e-02 2.89271604e-02 2.11385600e-02 7.35855550e-02 2.58258125e-03 5.08453436e-02 -5.84933767e-03
7.81570841e-03 4.39630598e-02 8.99638422e-03 4.20339452e-03 -1.10436464e-03 6.76287943e-03 1.66232884e-02 1.64647326e-02 -6.19310141e-03 -4.03176295e-03 -9.95863788e-03 -7.27923540e-03 -2.53393482e-02 -8.89291056e-04 -1.75110381e-02 2.01450312e-03
-4.74792905e-03 -2.50473823e-02 -4.78400290e-03 -2.17001000e-03 5.49038290e-04 -3.50132794e-03 -8.56682751e-03 -8.46729614e-03 3.16397683e-03 2.06461758e-03 5.08528063e-03 3.71463760e-03 1.29305404e-02 4.53848334e-04 8.93399492e-03 -1.02779374e-03
-7.31515815e-04 -5.63580031e-03 -1.19053398e-03 -5.30067715e-04 1.44262289e-04 -8.81056476e-04 -2.15998548e-03 -2.13793130e-03 8.03415722e-04 5.23052237e-04 1.29165023e-03 9.44128726e-04 3.28652491e-03 1.15341150e-04 2.27117958e-03 -2.61280744e-04
-1.31698158e-02 -7.68273324e-02 -1.53375398e-02 -6.76923012e-03 1.76028151e-03 -1.09893428e-02 -2.69407667e-02 -2.66492739e-02 1.00250700e-02 6.52490323e-03 1.61029138e-02 1.17680496e-02 4.09631915e-02 1.43775996e-03 2.83053480e-02 -3.25630419e-03
-2.01625079e-02 -1.25853792e-01 -2.44539939e-02 -1.08102318e-02 2.94704037e-03 -1.80921033e-02 -4.43082154e-02 -4.39651683e-02 1.64917260e-02 1.07376100e-02 2.65201144e-02 1.93843096e-02 6.74771219e-02 2.36813910e-03 4.66312692e-02 -5.36455028e-03
3.36079928e-03 2.05729529e-02 4.10243915e-03 1.96969975e-03 -4.72097745e-04 3.01936339e-03 7.36629078e-03 7.26249069e-03 -2.72593671e-03 -1.77593227e-03 -4.37066425e-03 -3.19410837e-03 -1.11177731e-02 -3.90332134e-04 -7.68094603e-03 8.83646833e-04
-4.52470630e-02 -2.84109026e-01 -5.39513864e-02 -2.50325445e-02 6.65728049e-03 -4.08042781e-02 -1.00204960e-01 -9.89267305e-02 3.72043103e-02 2.42179446e-02 5.97890615e-02 4.36931923e-02 1.52091652e-01 5.33789629e-03 1.05100721e-01 -1.20909968e-02
-6.48083817e-03 -3.79059687e-02 -7.88538624e-03 -3.59914801e-03 9.84882237e-04 -5.99030498e-03 -1.46919023e-02 -1.45632429e-02 5.47466939e-03 3.56488046e-03 8.80504679e-03 6.43671351e-03 2.24066209e-02 7.86352728e-04 1.54847382e-02 -1.78139342e-03
-1.99216907e-03 -1.07721295e-02 -2.18651188e-03 -9.87207401e-04 2.56350846e-04 -1.63304468e-03 -3.98676749e-03 -3.94158624e-03 1.47745421e-03 9.62014776e-04 2.37423531e-03 1.73480145e-03 6.03882642e-03 2.11950144e-04 4.17284807e-03 -4.80052287e-04
4.41563968e-03 2.11780462e-02 4.04668227e-03 1.78178423e-03 -4.14405135e-04 2.83868727e-03 6.95384527e-03 6.85700495e-03 -2.56180111e-03 -1.66754192e-03 -4.08622809e-03 -2.98361643e-03 -1.03871031e-02 -3.65366839e-04 -7.16398889e-03 8.24369839e-04
2.25816853e-03 1.32904220e-02 2.51139258e-03 1.14215387e-03 -2.88758456e-04 1.82115240e-03 4.44911048e-03 4.40277951e-03 -1.64931337e-03 -1.07393239e-03 -2.65075522e-03 -1.93700730e-03 -6.74234889e-03 -2.36633306e-04 -4.65906365e-03 5.35987609e-04
3.29641020e-03 1.58583801e-02 3.27594229e-03 1.45218847e-03 -3.63345724e-04 2.29728129e-03 5.65138552e-03 5.57939708e-03 -2.09496263e-03 -1.36250525e-03 -3.36059043e-03 -2.45444709e-03 -8.54310114e-03 -2.99915555e-04 -5.90192992e-03 6.78980490e-04
1.74690224e-03 8.96408968e-03 1.71202153e-03 7.68422673e-04 -1.97775516e-04 1.24158699e-03 3.03545990e-03 3.00175208e-03 -1.12838158e-03 -7.34412635e-04 -1.81247888e-03 -1.32445188e-03 -4.61018831e-03 -1.61806514e-04 -3.18561960e-03 3.66480293e-04
1.23135149e-02 7.73321167e-02 1.62515491e-02 7.40365312e-03 -2.02455162e-03 1.22664180e-02 3.01032048e-02 2.98670176e-02 -1.12248594e-02 -7.30838813e-03 -1.80510767e-02 -1.31952204e-02 -4.59334813e-02 -1.61202694e-03 -3.17434669e-02 3.65182804e-03
-3.24878446e-03 -1.70209631e-02 -3.14370706e-03 -1.42137136e-03 3.45761015e-04 -2.24577496e-03 -5.47094410e-03 -5.39035304e-03 2.02203402e-03 1.31743890e-03 3.24535789e-03 2.37052469e-03 8.25090427e-03 2.89670250e-04 5.69996331e-03 -6.55750104e-04
-7.63251027e-03 -3.76447849e-02 -7.48658134e-03 -3.29746678e-03 8.44349212e-04 -5.29811438e-03 -1.29564945e-02 -1.28206061e-02 4.81583085e-03 3.13453679e-03 7.72777479e-03 5.64431446e-03 1.96450632e-02 6.89697103e-04 1.35719236e-02 -1.56136649e-03
2.02119397e-03 1.03981150e-02 1.97902392e-03 8.55047256e-04 -2.23263050e-04 1.41780998e-03 3.45990062e-03 3.42605310e-03 -1.28381373e-03 -8.35887156e-04 -2.06294865e-03 -1.50743511e-03 -5.24717709e-03 -1.84158678e-04 -3.62583203e-03 4.17122734e-04
-8.01039673e-03 -4.68681008e-02 -9.85934027e-03 -4.32307879e-03 1.14085944e-03 -7.07453676e-03 -1.73804574e-02 -1.72062498e-02 6.46961993e-03 4.21040878e-03 1.03992075e-02 7.60136498e-03 2.64603365e-02 9.28625057e-04 1.82855930e-02 -2.10360857e-03
1.27207581e-02 7.83692747e-02 1.50728794e-02 6.82783639e-03 -1.80382188e-03 1.11478744e-02 2.74670292e-02 2.71378048e-02 -1.01863202e-02 -6.62449421e-03 -1.63577069e-02 -1.19561981e-02 -4.16176952e-02 -1.46064418e-03 -2.87586506e-02 3.30846081e-03
5.31107420e-03 2.69238092e-02 4.33764700e-03 2.03739200e-03 -4.56497713e-04 3.13658640e-03 7.62178376e-03 7.50482455e-03 -2.80252984e-03 -1.82994630e-03 -4.49820748e-03 -3.28458403e-03 -1.14304405e-02 -4.01313970e-04 -7.89638329e-03 9.08428920e-04
