-3.45886759e-02 1.86855197e-02 1.85220421e-03 1.10154357e-02 -1.21029336e-02 1.66109018e-02 -1.92553829e-02 4.29485403e-02 -2.12253071e-02 1.16580101e-02 -5.51947355e-02 -1.20357526e-02 -9.15299077e-03 -6.78205304e-03 1.06838737e-02 4.38520452e-03
1.85473002e-02 -1.26515049e-02 -3.13491654e-03 -3.26665351e-04 1.39747956e-03 -1.42452563e-03 1.67235662e-03 -2.96915742e-03 1.40695146e-03 -7.35535985e-04 3.21022654e-03 6.96615549e-04 5.21810725e-04 3.83506384e-04 -6.05361245e-04 -2.49482138e-04
-9.96467937e-03 5.69742359e-03 5.33128274e-04 3.16830026e-03 -3.58987134e-03 4.92699491e-03 -5.69007779e-03 1.26816025e-02 -6.22928981e-03 3.42265237e-03 -1.61738321e-02 -3.52674420e-03 -2.68109422e-03 -1.98610406e-03 3.12892976e-03 1.28445064e-03
4.87400889e-02 -2.53398120e-02 -1.96128408e-03 -1.67465322e-02 1.80172026e-02 -2.48722304e-02 2.87699476e-02 -6.46535158e-02 3.18955369e-02 -1.75763220e-02 8.32936317e-02 1.81629770e-02 1.38179585e-02 1.02400631e-02 -1.61308441e-02 -6.62053702e-03
8.34928546e-03 -4.29941807e-03 2.02688971e-03 -1.10977795e-02 1.07615087e-02 -1.51112359e-02 1.80153567e-02 -4.08354700e-02 2.03103758e-02 -1.11953663e-02 5.32609858e-02 1.16144288e-02 8.83972552e-03 6.55222777e-03 -1.03210388e-02 -4.23561269e-03
-1.70019642e-02 1.02857957e-02 6.62894221e-04 7.36328680e-03 -8.00513569e-03 1.11249182e-02 -1.28159560e-02 2.86831204e-02 -1.41168572e-02 7.76641164e-03 -3.67394537e-02 -8.01202096e-03 -6.09198073e-03 -4.51317849e-03 7.11006159e-03 2.91874632e-03
4.83927727e-02 -3.34758833e-02 -6.13795314e-03 -1.35267023e-02 1.69110540e-02 -2.30012890e-02 2.53903139e-02 -5.57357259e-02 2.74608098e-02 -1.50857512e-02 7.07050860e-02 1.54037988e-02 1.16877714e-02 8.65006354e-03 -1.36340819e-02 -5.60089294e-03
7.51905236e-03 -4.72295284e-03 -8.28119752e-04 -1.49898289e-03 1.92464760e-03 -2.57096626e-03 2.91570416e-03 -6.36456627e-03 3.13849933e-03 -1.72149518e-03 8.09771754e-03 1.76528888e-03 1.34060939e-03 9.92620480e-04 -1.56398257e-03 -6.42172119e-04
8.54508728e-02 -5.32422215e-02 -5.79384994e-03 -2.57562995e-02 2.81847324e-02 -3.93857174e-02 4.50625606e-02 -1.00846961e-01 4.98904809e-02 -2.74407491e-02 1.29767239e-01 2.82846522e-02 2.15059277e-02 1.59326028e-02 -2.50996221e-02 -1.03032729e-02
-2.75243316e-02 1.62735619e-02 2.00400595e-03 9.49964207e-03 -1.06013054e-02 1.43972803e-02 -1.67082567e-02 3.74376439e-02 -1.81933120e-02 1.00045158e-02 -4.73706909e-02 -1.03305634e-02 -7.85622094e-03 -5.82095934e-03 9.16992128e-03 3.76384240e-03
-2.52022296e-02 1.50300656e-02 1.12493976e-03 9.03563481e-03 -9.95505136e-03 1.36022158e-02 -1.56841241e-02 3.52118723e-02 -1.73166059e-02 9.54082794e-03 -4.51717414e-02 -9.84973460e-03 -7.49217859e-03 -5.55171678e-03 8.74558557e-03 3.58956004e-03
-3.95513885e-02 2.14794949e-02 2.27660430e-03 1.19640753e-02 -1.32670254e-02 1.80615149e-02 -2.09709667e-02 4.68432307e-02 -2.30724439e-02 1.26917595e-02 -6.00977354e-02 -1.31064262e-02 -9.96643770e-03 -7.38443108e-03 1.16330236e-02 4.77501191e-03
1.83144100e-02 -1.04414616e-02 -1.52717717e-03 -4.82730661e-03 5.48219401e-03 -7.40099605e-03 8.49341787e-03 -1.89320277e-02 9.34463646e-03 -5.13900165e-03 2.43047234e-02 5.30000031e-03 4.02959436e-03 2.98548699e-03 -4.70317341e-03 -1.93050923e-03
3.85968350e-02 -2.28174068e-02 -2.74748215e-03 -1.22445635e-02 1.37575231e-02 -1.87093206e-02 2.15772577e-02 -4.81416099e-02 2.36876942e-02 -1.29868584e-02 6.14663921e-02 1.34059079e-02 1.01935249e-02 7.55227637e-03 -1.18975919e-02 -4.88367304e-03
-5.66432159e-03 2.66440050e-03 6.09689705e-05 1.71444472e-03 -1.77618535e-03 2.47843890e-03 -2.87959562e-03 6.52349647e-03 -3.22594773e-03 1.78059505e-03 -8.44493695e-03 -1.84168469e-03 -1.40133989e-03 -1.03856146e-03 1.63599756e-03 6.71448419e-04
7.21634552e-03 -2.35229079e-03 -1.68983208e-03 5.18878037e-03 -5.23579773e-03 7.32762367e-03 -8.54967441e-03 1.94624662e-02 -9.62797552e-03 5.30986954e-03 -2.51885746e-02 -5.49309002e-03 -4.17977013e-03 -3.09764920e-03 4.87960083e-03 2.00269930e-03
-3.18571217e-02 1.85558647e-02 1.80631643e-03 9.75355133e-03 -1.11171603e-02 1.52037721e-02 -1.74693242e-02 3.90931591e-02 -1.90440062e-02 1.04840193e-02 -4.96310964e-02 -1.08225262e-02 -8.23176559e-03 -6.09975215e-03 9.60886665e-03 3.94383771e-03
-2.25287098e-02 1.21092480e-02 2.01734528e-03 2.37934617e-03 -3.17584001e-03 4.05908143e-03 -4.63168463e-03 1.01811150e-02 -4.96285502e-03 2.70790723e-03 -1.27723040e-02 -2.78459280e-03 -2.11638282e-03 -1.56765559e-03 2.46966654e-03 1.01378770e-03
3.56781743e-02 -1.95097066e-02 -1.32718787e-03 -1.23187490e-02 1.32288849e-02 -1.82493310e-02 2.11690422e-02 -4.75013107e-02 2.34374460e-02 -1.29104638e-02 6.11875281e-02 1.33432243e-02 1.01513378e-02 7.52293179e-03 -1.18506048e-02 -4.86379163e-03
-3.30296867e-02 1.26310959e-02 2.41271616e-03 8.92905751e-04 -1.63969898e-03 2.03651632e-03 -1.91995210e-03 4.17175656e-03 -1.99416699e-03 1.10567966e-03 -5.19129960e-03 -1.13061955e-03 -8.58776213e-04 -6.36268524e-04 1.00231357e-03 4.11398185e-04
2.19670869e-02 -1.15801636e-02 -1.21942407e-03 -6.90629426e-03 7.57991010e-03 -1.04194460e-02 1.20482026e-02 -2.69833580e-02 1.32408924e-02 -7.28867343e-03 3.45167071e-02 7.52671668e-03 5.72461309e-03 4.24191961e-03 -6.68228557e-03 -2.74268514e-03
1.01739503e-01 -5.57518005e-02 -4.26621223e-03 -3.13522406e-02 3.40499505e-02 -4.68546525e-02 5.42160124e-02 -1.21578678e-01 5.99916317e-02 -3.30506973e-02 1.56646416e-01 3.41605730e-02 2.59877797e-02 1.92586761e-02 -3.03376038e-02 -1.24514150e-02
2.12884489e-02 -1.26030371e-02 -5.63314010e-04 -9.10590962e-03 9.75550245e-03 -1.34843979e-02 1.56576745e-02 -3.51155065e-02 1.73158944e-02 -9.53791570e-03 4.51768562e-02 9.85179935e-03 7.49371015e-03 5.55293541e-03 -8.74754041e-03 -3.59040708e-03
-2.89995084e-03 9.67300031e-04 -1.11537427e-03 4.82493173e-03 -4.64512175e-03 6.49392791e-03 -7.71067757e-03 1.75536722e-02 -8.70507862e-03 4.80320444e-03 -2.28537284e-02 -4.98501910e-03 -3.79708735e-03 -2.81474320e-03 4.43364261e-03 1.81946764e-03
1.10713812e-03 -1.71425403e-04 5.72067744e-04 -2.15604412e-03 1.92784728e-03 -2.80163484e-03 3.32863466e-03 -7.65920943e-03 3.82033526e-03 -2.11111293e-03 1.00395475e-02 2.19021132e-03 1.66741386e-03 1.23605342e-03 -1.94701983e-03 -7.99034373e-04
-5.25754690e-02 2.83480920e-02 1.98868732e-03 1.78804491e-02 -1.90743413e-02 2.62861028e-02 -3.04884743e-02 6.86612055e-02 -3.38734873e-02 1.86665971e-02 -8.84964168e-02 -1.92994308e-02 -1.46833910e-02 -1.08817192e-02 1.71415471e-02 7.03529967e-03
4.44166809e-02 -2.67327428e-02 -3.71650816e-03 -1.40711050e-02 1.62162092e-02 -2.20800452e-02 2.51597688e-02 -5.59650622e-02 2.75940225e-02 -1.51689118e-02 7.16904998e-02 1.56226652e-02 1.18767302e-02 8.79796688e-03 -1.38606792e-02 -5.68979373e-03
6.67206720e-02 -4.30295914e-02 -3.70140141e-03 -2.29419060e-02 2.50321534e-02 -3.48707177e-02 3.97421122e-02 -8.92466158e-02 4.40884456e-02 -2.42806394e-02 1.14956945e-01 2.50627492e-02 1.90633815e-02 1.41258957e-02 -2.22524907e-02 -9.13332403e-03
1.02510373e-03 -3.18582403e-04 5.37828193e-04 -2.33999779e-03 2.31558923e-03 -3.25590302e-03 3.79154203e-03 -8.63008201e-03 4.28101933e-03 -2.36373837e-03 1.12127196e-02 2.44510546e-03 1.86178100e-03 1.38003821e-03 -2.17383541e-03 -8.92128097e-04
-1.46188214e-02 8.84641148e-03 1.82678015e-03 2.94923224e-03 -3.77247157e-03 4.94748075e-03 -5.59815671e-03 1.24377301e-02 -6.06415002e-03 3.32584046e-03 -1.56546775e-02 -3.41263483e-03 -2.59183371e-03 -1.91929471e-03 3.02394875e-03 1.24156370e-03
-3.30125093e-02 2.06644703e-02 1.96571485e-03 1.09030651e-02 -1.20308753e-02 1.65456627e-02 -1.91468447e-02 4.29966189e-02 -2.10444201e-02 1.15627479e-02 -5.46420515e-02 -1.19172316e-02 -9.06297658e-03 -6.71468349e-03 1.05786296e-02 4.34268778e-03
-2.01595668e-02 1.11790672e-02 2.78631807e-03 1.17722806e-03 -1.61360670e-03 2.30825925e-03 -2.37474614e-03 5.21985069e-03 -2.45478423e-03 1.34813506e-03 -6.34729071e-03 -1.38154859e-03 -1.04862230e-03 -7.76591711e-04 1.22335763e-03 5.02157432e-04
1.21816203e-01 -6.83205500e-02 -5.99471200e-03 -3.73655856e-02 4.20624018e-02 -5.73747195e-02 6.59734681e-02 -1.48210317e-01 7.28688240e-02 -4.00963239e-02 1.89911038e-01 4.14192788e-02 3.15067656e-02 2.33471021e-02 -3.67783122e-02 -1.50950896e-02
-9.05119330e-02 5.01526594e-02 4.34519257e-03 3.00565846e-02 -3.23117487e-02 4.41454202e-02 -5.15156686e-02 1.15464345e-01 -5.69602326e-02 3.13679874e-02 -1.48727879e-01 -3.24289277e-02 -2.46717520e-02 -1.82839278e-02 2.88019627e-02 1.18210260e-02
1.75401326e-02 -8.11184011e-03 -1.36197347e-03 -1.56979961e-03 2.07619718e-03 -2.59514316e-03 3.03097581e-03 -6.34884601e-03 3.08272196e-03 -1.69037865e-03 8.01100396e-03 1.74552028e-03 1.32800208e-03 9.84156155e-04 -1.55030133e-03 -6.36279874e-04
-3.71122584e-02 2.12284140e-02 1.08969980e-03 1.35650737e-02 -1.45516871e-02 2.01438144e-02 -2.32440364e-02 5.22180274e-02 -2.57653743e-02 1.41964173e-02 -6.72557652e-02 -1.46664465e-02 -1.11574177e-02 -8.26822873e-03 1.30247269e-02 5.34574548e-03
-3.47648188e-02 2.00127400e-02 1.60353165e-03 1.23449853e-02 -1.34606212e-02 1.85869597e-02 -2.14197300e-02 4.84280698e-02 -2.36716922e-02 1.30275209e-02 -6.17087334e-02 -1.34557365e-02 -1.02353953e-02 -7.58460490e-03 1.19479150e-02 4.90375981e-03
1.91799719e-02 -9.71048605e-03 -1.24706293e-03 -4.27320460e-03 4.74669086e-03 -6.58936007e-03 7.59392511e-03 -1.70095079e-02 8.31071939e-03 -4.58208797e-03 2.16924176e-02 4.73060831e-03 3.59906862e-03 2.66714231e-03 -4.20145225e-03 -1.72439381e-03
-6.95887953e-04 9.37752891e-04 -9.69721121e-04 3.88061441e-03 -3.79298418e-03 5.45044011e-03 -6.35528425e-03 1.44486828e-02 -7.15406146e-03 3.94799234e-03 -1.87344030e-02 -4.08610282e-03 -3.10955732e-03 -2.30470370e-03 3.63045628e-03 1.48998422e-03
-2.15576892e-03 1.02944835e-03 6.64350868e-04 -1.73977658e-03 1.62090419e-03 -2.34459480e-03 2.73965672e-03 -6.31687790e-03 3.12683545e-03 -1.72838522e-03 8.20829812e-03 1.79022097e-03 1.36231387e-03 1.00969104e-03 -1.59051106e-03 -6.52774936e-04
-1.21377110e-02 6.45712903e-03 5.65535855e-04 4.02160361e-03 -4.42875316e-03 6.04726840e-03 -6.97363261e-03 1.56592280e-02 -7.71451415e-03 4.24759835e-03 -2.01190263e-02 -4.38707462e-03 -3.33704706e-03 -2.47279345e-03 3.89536633e-03 1.59880717e-03
2.77442336e-02 -1.49558187e-02 -2.30890978e-03 -4.24290448e-03 5.58029348e-03 -7.05771521e-03 8.28491151e-03 -1.80127192e-02 8.73564929e-03 -4.78525506e-03 2.25641392e-02 4.92240628e-03 3.74034513e-03 2.77062575e-03 -4.36502043e-03 -1.79190875e-03
-9.15483013e-03 5.60697820e-03 9.48426488e-04 9.96873016e-04 -1.42172305e-03 1.86508370e-03 -2.00898759e-03 4.36949357e-03 -2.11426406e-03 1.16303167e-03 -5.48103452e-03 -1.19408278e-03 -9.07538866e-04 -6.72320894e-04 1.05913880e-03 4.34746762e-04
2.45713629e-02 -1.24804825e-02 -1.80453714e-03 -6.60274783e-03 7.42621301e-03 -1.00930938e-02 1.16247954e-02 -2.60996837e-02 1.28213726e-02 -7.05194194e-03 3.33872214e-02 7.27955904e-03 5.53730037e-03 4.10310924e-03 -6.46359148e-03 -2.65290448e-03
-3.59563977e-02 2.20218562e-02 2.15292815e-03 1.03375698e-02 -1.15699554e-02 1.58497207e-02 -1.82149448e-02 4.10793833e-02 -2.01201532e-02 1.10216029e-02 -5.21276258e-02 -1.13740675e-02 -8.64634477e-03 -6.40555099e-03 1.00909062e-02 4.14292514e-03
3.63590382e-02 -1.88939460e-02 -2.19018012e-03 -1.01371296e-02 1.13167334e-02 -1.55487461e-02 1.77598167e-02 -3.97579595e-02 1.94934998e-02 -1.07230823e-02 5.07504977e-02 1.10637108e-02 8.41549691e-03 6.23592734e-03 -9.82344896e-03 -4.03194129e-03
5.12246564e-02 -3.10103409e-02 -2.57413182e-03 -1.30709466e-02 1.47395041e-02 -2.01614667e-02 2.31167600e-02 -5.13884351e-02 2.52533201e-02 -1.39370766e-02 6.57628477e-02 1.43376207e-02 1.09051485e-02 8.08042660e-03 -1.27296196e-02 -5.22487611e-03
8.62478465e-03 -2.01943610e-03 -5.88766357e-04 1.97891961e-03 -1.80668058e-03 2.60378351e-03 -3.12547991e-03 7.10969372e-03 -3.53515567e-03 1.94862229e-03 -9.25735198e-03 -2.01894902e-03 -1.53633126e-03 -1.13862182e-03 1.79361668e-03 7.36138027e-04
-1.70152485e-02 9.19157825e-03 -6.47441950e-04 1.06525384e-02 -1.08959926e-02 1.51930572e-02 -1.77410301e-02 4.01192121e-02 -1.98370162e-02 1.09353224e-02 -5.18663228e-02 -1.13112833e-02 -8.60638171e-03 -6.37824507e-03 1.00473789e-02 4.12367051e-03
-9.43123549e-02 5.66929877e-02 4.69668629e-03 3.30246501e-02 -3.49397361e-02 4.82139550e-02 -5.59912883e-02 1.26114279e-01 -6.22569658e-02 3.43155488e-02 -1.62693158e-01 -3.54802944e-02 -2.69948207e-02 -2.00057812e-02 3.15143205e-02 1.29342051e-02
-3.57580110e-02 1.91093497e-02 1.10874593e-03 1.20657459e-02 -1.27641680e-02 1.76388454e-02 -2.04896666e-02 4.60767038e-02 -2.27553528e-02 1.25384592e-02 -5.94452582e-02 -1.29636778e-02 -9.86323413e-03 -7.30959140e-03 1.15145119e-02 4.72582597e-03
4.97880429e-02 -3.13602164e-02 -3.83440987e-03 -1.48789259e-02 1.68648697e-02 -2.31215190e-02 2.63288636e-02 -5.87177388e-02 2.89862510e-02 -1.59374475e-02 7.53991753e-02 1.64382737e-02 1.25012165e-02 9.26263817e-03 -1.45917237e-02 -5.98918786e-03
-2.71902550e-02 1.45064704e-02 6.60146819e-04 1.07283462e-02 -1.13468394e-02 1.57967377e-02 -1.82658117e-02 4.11535054e-02 -2.03206763e-02 1.11951577e-02 -5.30724749e-02 -1.15735112e-02 -8.80529080e-03 -6.52548810e-03 1.02793556e-02 4.21889964e-03
-5.29096229e-03 3.34307645e-03 7.10588472e-04 4.71264852e-04 -7.21440651e-04 9.10049654e-04 -1.01298699e-03 2.20704358e-03 -1.06236432e-03 5.81760018e-04 -2.73222616e-03 -5.94998652e-04 -4.51607717e-04 -3.34314129e-04 5.26742835e-04 2.16282060e-04
-3.79905663e-02 1.70788001e-02 3.65518674e-04 1.20421452e-02 -1.29768802e-02 1.78652462e-02 -2.06772108e-02 4.65550609e-02 -2.29693744e-02 1.26561774e-02 -5.99912032e-02 -1.30826635e-02 -9.95331164e-03 -7.37630250e-03 1.16196088e-02 4.76897042e-03
-3.41646634e-02 1.96046196e-02 3.60226049e-03 6.20560348e-03 -7.69650843e-03 1.06421020e-02 -1.16854478e-02 2.62380578e-02 -1.26062259e-02 6.91679958e-03 -3.25993523e-02 -7.09695183e-03 -5.38905244e-03 -3.99073679e-03 6.28779829e-03 2.58188113e-03
-1.35097578e-02 6.67308085e-03 7.36198039e-04 3.10721574e-03 -3.53049906e-03 4.81189741e-03 -5.53905731e-03 1.23968674e-02 -6.09672628e-03 3.35609750e-03 -1.58826597e-02 -3.46321124e-03 -2.63391272e-03 -1.95167912e-03 3.07447161e-03 1.26189401e-03
1.34349801e-02 -7.98480585e-03 -8.17747205e-04 -3.48410360e-03 3.98585480e-03 -5.29535022e-03 6.15569437e-03 -1.37418741e-02 6.76271087e-03 -3.72072589e-03 1.76157616e-02 3.84112820e-03 2.92159431e-03 2.16493080e-03 -3.41039058e-03 -1.39975001e-03
-4.16657627e-02 2.53618788e-02 3.25289881e-03 1.32474257e-02 -1.45611363e-02 1.98735110e-02 -2.30253674e-02 5.14251180e-02 -2.53136363e-02 1.39186243e-02 -6.59772679e-02 -1.43822310e-02 -1.09405797e-02 -8.10752902e-03 1.27715440e-02 5.24180615e-03
6.53866958e-03 -1.45607605e-03 -1.86625752e-03 3.78677715e-03 -3.71974986e-03 5.27864508e-03 -6.20430196e-03 1.41501883e-02 -7.01232720e-03 3.86702735e-03 -1.83461756e-02 -4.00130451e-03 -3.04471818e-03 -2.25649052e-03 3.55455489e-03 1.45886932e-03
-1.69365779e-02 9.94168874e-03 1.22997805e-03 5.78970462e-03 -6.39896654e-03 8.75716005e-03 -1.00946827e-02 2.25745253e-02 -1.11195892e-02 6.12028921e-03 -2.89778952e-02 -6.31841365e-03 -4.80585359e-03 -3.56114306e-03 5.60985040e-03 2.30250810e-03
1.94085062e-01 -1.13602184e-01 -7.11992988e-03 -7.84571394e-02 8.34747180e-02 -1.15809992e-01 1.33573532e-01 -3.00302476e-01 1.48251906e-01 -8.16646889e-02 3.87098134e-01 8.44041184e-02 6.42133728e-02 4.75870669e-02 -7.49620274e-02 -3.07663251e-02
3.80079374e-02 -2.26837173e-02 -1.63880864e-03 -1.64466482e-02 1.76753365e-02 -2.44602151e-02 2.82122735e-02 -6.33500889e-02 3.12296003e-02 -1.71938632e-02 8.14559013e-02 1.77639257e-02 1.35120079e-02 1.00125726e-02 -1.57726966e-02 -6.47373125e-03
1.58252530e-02 -9.40351933e-03 -3.47004575e-03 7.21408054e-03 -6.42980682e-03 9.42338910e-03 -1.09058022e-02 2.53702700e-02 -1.27658062e-02 7.05084438e-03 -3.35193016e-02 -7.31423730e-03 -5.56830131e-03 -4.12766263e-03 6.50194101e-03 2.66837073e-03
1.62333492e-02 -9.46600363e-03 -3.64414649e-04 -7.75319571e-03 8.25538207e-03 -1.14323338e-02 1.32157197e-02 -2.97260620e-02 1.46757960e-02 -8.08655843e-03 3.83239500e-02 8.35715793e-03 6.35784445e-03 4.71158745e-03 -7.42201880e-03 -3.04620410e-03
2.23939009e-02 -1.22440346e-02 -2.85744260e-04 -9.81677882e-03 1.04218768e-02 -1.44133102e-02 1.67123470e-02 -3.76617312e-02 1.85791738e-02 -1.02364626e-02 4.85208184e-02 1.05805509e-02 8.04943126e-03 5.96503029e-03 -9.39658191e-03 -3.85666988e-03
-3.94771397e-02 2.24516876e-02 2.18053162e-03 1.35957040e-02 -1.48201622e-02 2.03714427e-02 -2.36307960e-02 5.28684072e-02 -2.60216072e-02 1.43378703e-02 -6.79126903e-02 -1.48064243e-02 -1.12632345e-02 -8.34636670e-03 1.31479176e-02 5.39636053e-03
-8.32270533e-02 4.89660278e-02 3.09523009e-03 2.57284530e-02 -2.76540779e-02 3.86184268e-02 -4.43777405e-02 9.97557044e-02 -4.92533632e-02 2.71390621e-02 -1.28637388e-01 -2.80506033e-02 -2.13387646e-02 -1.58131104e-02 2.49099322e-02 1.02238702e-02
-1.25180781e-02 7.48934317e-03 5.85024361e-04 5.08361217e-03 -5.61129116e-03 7.69780530e-03 -8.86298437e-03 1.98174398e-02 -9.75948293e-03 5.37239434e-03 -2.54147574e-02 -5.54142566e-03 -4.21350682e-03 -3.12171504e-03 4.91783628e-03 2.01868662e-03
-1.64049342e-02 9.72160324e-03 1.51139451e-03 4.41212161e-03 -5.14909718e-03 6.90390030e-03 -7.98277277e-03 1.75538473e-02 -8.61542299e-03 4.73811431e-03 -2.23634932e-02 -4.87497495e-03 -3.70412366e-03 -2.74360087e-03 4.32240497e-03 1.77448487e-03
5.10909855e-02 -3.18451375e-02 -5.64995175e-03 -1.55717470e-02 1.72016416e-02 -2.36135628e-02 2.71545462e-02 -6.07429333e-02 2.99685374e-02 -1.64858494e-02 7.80301541e-02 1.70167647e-02 1.29415654e-02 9.58879758e-03 -1.51055539e-02 -6.20004348e-03
4.85358015e-02 -2.73482017e-02 -2.44367379e-03 -1.39141139e-02 1.55771393e-02 -2.09914967e-02 2.42318865e-02 -5.42893857e-02 2.68063396e-02 -1.47566106e-02 6.98574781e-02 1.52327912e-02 1.15861008e-02 8.58531892e-03 -1.35243945e-02 -5.55095170e-03
4.91899028e-02 -2.61068754e-02 -2.19860324e-03 -8.40569194e-03 9.57573764e-03 -1.30179916e-02 1.50587931e-02 -3.33848335e-02 1.64033063e-02 -9.02851857e-03 4.27249894e-02 9.31381434e-03 7.08386069e-03 5.24913473e-03 -8.26893095e-03 -3.39393481e-03
3.95679213e-02 -2.00397056e-02 -1.82434556e-03 -1.16184177e-02 1.28583284e-02 -1.73863098e-02 2.01576594e-02 -4.50515263e-02 2.21445374e-02 -1.21981995e-02 5.78146316e-02 1.26070622e-02 9.59135965e-03 7.10798567e-03 -1.11969439e-02 -4.59550181e-03
-1.86947342e-02 1.10186758e-02 2.06055283e-03 3.02088936e-03 -3.72482254e-03 4.91438666e-03 -5.59572037e-03 1.22609809e-02 -6.04875525e-03 3.30571970e-03 -1.55941835e-02 -3.40072089e-03 -2.58291932e-03 -1.91276171e-03 3.01362108e-03 1.23727880e-03
-4.75415541e-03 3.03609390e-03 -8.87444185e-06 3.13110347e-03 -3.29949823e-03 4.57328046e-03 -5.29460376e-03 1.19390441e-02 -5.89631405e-03 3.24764568e-03 -1.53897544e-02 -3.35646537e-03 -2.55325995e-03 -1.89206970e-03 2.98055960e-03 1.22333353e-03
-4.88709509e-02 2.69680358e-02 2.61853635e-03 1.36515554e-02 -1.53467599e-02 2.11769808e-02 -2.41497364e-02 5.41606992e-02 -2.66226269e-02 1.46666132e-02 -6.93866536e-02 -1.51261026e-02 -1.15023647e-02 -8.52228235e-03 1.34254852e-02 5.51077351e-03
9.79004502e-02 -5.57828248e-02 -6.02679839e-03 -3.20653729e-02 3.48820575e-02 -4.74418774e-02 5.48859574e-02 -1.23384394e-01 6.08069710e-02 -3.34987044e-02 1.58775479e-01 3.46225053e-02 2.63404045e-02 1.95202306e-02 -3.07495054e-02 -1.26203774e-02
-1.62113421e-02 9.75419208e-03 1.23091904e-03 4.78126341e-03 -5.36244176e-03 7.37071084e-03 -8.45179707e-03 1.88852511e-02 -9.28879064e-03 5.10564493e-03 -2.41423175e-02 -5.26435394e-03 -4.00251523e-03 -2.96527077e-03 4.67137946e-03 1.91751542e-03
-9.42367129e-03 4.82637063e-03 6.42833125e-04 2.27938406e-03 -2.59188213e-03 3.53705441e-03 -4.05897107e-03 9.07636527e-03 -4.47742455e-03 2.46222992e-03 -1.16465306e-02 -2.53960909e-03 -1.93089631e-03 -1.43051555e-03 2.25361297e-03 9.25086322e-04
7.56886229e-03 -3.26104905e-03 -1.12042995e-03 2.98625953e-03 -2.50621419e-03 3.77822667e-03 -4.41249134e-03 1.02504082e-02 -5.16921142e-03 2.85747135e-03 -1.35967890e-02 -2.96601071e-03 -2.25795736e-03 -1.67376664e-03 2.63652951e-03 1.08202430e-03
-1.87796019e-02 1.17247067e-02 1.60987570e-03 5.65199694e-03 -6.43082103e-03 8.78628809e-03 -1.01200091e-02 2.24195533e-02 -1.09929480e-02 6.04134891e-03 -2.85747610e-02 -6.23088609e-03 -4.73841419e-03 -3.51080019e-03 5.53068519e-03 2.27010413e-03
1.54884923e-02 -8.74852855e-03 -1.01392879e-03 -5.44904126e-03 6.02708152e-03 -8.28843005e-03 9.45608411e-03 -2.11935341e-02 1.04807187e-02 -5.76744229e-03 2.73185726e-02 5.95772825e-03 4.53192880e-03 3.35831963e-03 -5.29028056e-03 -2.17129313e-03
-2.14293227e-02 1.17869489e-02 1.76204368e-03 5.11353277e-03 -5.95464092e-03 7.94187281e-03 -9.16397572e-03 2.04071123e-02 -9.99203697e-03 5.49854711e-03 -2.59902962e-02 -5.66685805e-03 -4.30890173e-03 -3.19234189e-03 5.02903713e-03 2.06425996e-03
3.95267308e-02 -2.34272368e-02 -1.20353512e-03 -1.59663931e-02 1.70538537e-02 -2.35555954e-02 2.73603611e-02 -6.13881908e-02 3.03039458e-02 -1.67001728e-02 7.91637823e-02 1.72635820e-02 1.31342728e-02 9.73362383e-03 -1.53330052e-02 -6.29303185e-03
9.49988980e-03 -4.75700153e-03 -3.62235383e-04 -2.30038818e-03 2.52243271e-03 -3.47431633e-03 3.99056775e-03 -8.94691516e-03 4.41506132e-03 -2.43176077e-03 1.15182772e-02 2.51123658e-03 1.91025564e-03 1.41554861e-03 -2.22988660e-03 -9.15220648e-04
2.97798589e-02 -2.18118131e-02 -3.00991419e-03 -7.79488077e-03 9.30938311e-03 -1.24682449e-02 1.43279396e-02 -3.17515880e-02 1.54701527e-02 -8.52136966e-03 4.02649418e-02 8.76627117e-03 6.66148355e-03 4.93325712e-03 -7.77286571e-03 -3.19153094e-03
-2.27362867e-02 1.33855594e-02 6.08841423e-04 1.13735953e-02 -1.24178641e-02 1.70436129e-02 -1.96970366e-02 4.40882407e-02 -2.16430910e-02 1.18948817e-02 -5.62635362e-02 -1.22706592e-02 -9.32882354e-03 -6.91116974e-03 1.08880941e-02 4.46985662e-03
-1.99518986e-02 1.12768374e-02 1.68685568e-03 3.14121204e-03 -3.72551987e-03 5.04649291e-03 -5.74503513e-03 1.26769440e-02 -6.23986358e-03 3.42593389e-03 -1.62021536e-02 -3.53040243e-03 -2.68346933e-03 -1.98783772e-03 3.13159870e-03 1.28548185e-03
1.53756153e-03 -8.55717808e-04 7.95093292e-05 -1.05688884e-03 1.08627032e-03 -1.51921040e-03 1.76777923e-03 -3.99825582e-03 1.97738013e-03 -1.09037734e-03 5.17194951e-03 1.12797273e-03 8.58305546e-04 6.36114797e-04 -1.00203766e-03 -4.11252549e-04
3.68307754e-02 -2.13858373e-02 -1.95074524e-03 -1.22104837e-02 1.33188097e-02 -1.83946975e-02 2.10792068e-02 -4.72855717e-02 2.33467538e-02 -1.28537975e-02 6.09056167e-02 1.32811554e-02 1.01030152e-02 7.48680392e-03 -1.17938342e-02 -4.84059285e-03
4.12103459e-02 -2.23376583e-02 -1.85926002e-03 -1.29841287e-02 1.40263606e-02 -1.93872843e-02 2.24061310e-02 -5.02525009e-02 2.47909538e-02 -1.36447884e-02 6.46493286e-02 1.40970759e-02 1.07225170e-02 7.94555154e-03 -1.25165274e-02 -5.13724238e-03
-4.26121764e-02 2.24913992e-02 4.70374944e-03 7.90409651e-03 -9.28267650e-03 1.23952543e-02 -1.43645164e-02 3.18144299e-02 -1.55210150e-02 8.48925393e-03 -4.01945822e-02 -8.76763184e-03 -6.66626962e-03 -4.93899826e-03 7.78048486e-03 3.19353677e-03
1.65899545e-02 -1.08604357e-02 -3.22750700e-03 -5.09849400e-04 1.03879848e-03 -1.18999986e-03 1.33458537e-03 -2.62760767e-03 1.23449962e-03 -6.74241921e-04 3.15934257e-03 6.87897089e-04 5.21493843e-04 3.86305095e-04 -6.08554401e-04 -2.49781326e-04
3.16897756e-03 -2.12581852e-03 -2.27703538e-04 -1.69703318e-03 1.87042810e-03 -2.55059614e-03 2.94802082e-03 -6.59069326e-03 3.24452482e-03 -1.78618485e-03 8.45717546e-03 1.84405583e-03 1.40257401e-03 1.03930163e-03 -1.63720502e-03 -6.71975431e-04
7.08891675e-02 -4.22702841e-02 -3.18903150e-03 -3.08277942e-02 3.37559469e-02 -4.68452573e-02 5.36679961e-02 -1.20569594e-01 5.91936186e-02 -3.25541981e-02 1.53902933e-01 3.35615352e-02 2.55216453e-02 1.89082362e-02 -2.97894720e-02 -1.22283287e-02
3.42138484e-02 -2.25181766e-02 -2.72658211e-03 -9.82208457e-03 1.12949042e-02 -1.52662192e-02 1.77726150e-02 -3.95019725e-02 1.95077155e-02 -1.07295169e-02 5.07752448e-02 1.10755321e-02 8.41404125e-03 6.23408612e-03 -9.82183032e-03 -4.03234828e-03
3.40050869e-02 -1.90957114e-02 -4.46155522e-04 -1.31662963e-02 1.40384370e-02 -1.93781462e-02 2.24528518e-02 -5.06155826e-02 2.50003878e-02 -1.37705952e-02 6.52740151e-02 1.42351529e-02 1.08297467e-02 8.02564062e-03 -1.26425233e-02 -5.18883159e-03
4.03557718e-02 -2.24503689e-02 -1.11556693e-03 -1.35145402e-02 1.47425868e-02 -2.02505086e-02 2.33114697e-02 -5.25830053e-02 2.57381219e-02 -1.41857583e-02 6.71990961e-02 1.46531379e-02 1.11470092e-02 8.26048199e-03 -1.30125079e-02 -5.34072146e-03
1.98029401e-03 -1.04598689e-03 2.27639066e-05 -9.12364107e-04 9.45500622e-04 -1.31909945e-03 1.53308373e-03 -3.46700032e-03 1.71448372e-03 -9.45287116e-04 4.48317314e-03 9.77747841e-04 7.43960263e-04 5.51361940e-04 -8.68534727e-04 -3.56464006e-04
8.47319737e-02 -4.63478267e-02 -5.66664757e-03 -2.51284353e-02 2.75657270e-02 -3.78614590e-02 4.37491387e-02 -9.82783660e-02 4.84035872e-02 -2.66258381e-02 1.26121208e-01 2.74990313e-02 2.09146906e-02 1.54976631e-02 -2.44134441e-02 -1.00203147e-02
-3.30718234e-02 2.22969055e-02 3.80659266e-03 9.14983451e-03 -1.05404248e-02 1.44541292e-02 -1.65158063e-02 3.66532095e-02 -1.80246923e-02 9.88892931e-03 -4.67450917e-02 -1.01925647e-02 -7.74539169e-03 -5.73675893e-03 9.03794449e-03 3.71032394e-03
2.92424671e-02 -1.65586062e-02 -1.45356986e-03 -9.68342274e-03 1.05165876e-02 -1.45164728e-02 1.67946629e-02 -3.76741663e-02 1.85280573e-02 -1.02016674e-02 4.83293608e-02 1.05375694e-02 8.01553950e-03 5.93973324e-03 -9.35675111e-03 -3.84033448e-03
3.57753225e-03 -2.68840883e-03 2.99630192e-04 -3.67478118e-03 3.78269819e-03 -5.28995320e-03 6.15628622e-03 -1.39159076e-02 6.88010268e-03 -3.79299885e-03 1.79867968e-02 3.92264733e-03 2.98454566e-03 2.21185153e-03 -3.48424027e-03 -1.43001333e-03
-4.32727206e-03 2.23836000e-03 -2.43485905e-04 2.68732151e-03 -2.75089219e-03 3.83661455e-03 -4.48989496e-03 1.01637542e-02 -5.02424128e-03 2.76953704e-03 -1.31363319e-02 -2.86500994e-03 -2.17992766e-03 -1.61556504e-03 2.54493090e-03 1.04449736e-03
7.25341886e-02 -4.05793115e-02 -5.25013357e-03 -1.88555457e-02 2.15852186e-02 -2.94541903e-02 3.31890583e-02 -7.44570568e-02 3.67048346e-02 -2.02034526e-02 9.55473557e-02 2.08338406e-02 1.58458017e-02 1.17416112e-02 -1.84966493e-02 -7.59189576e-03
-2.52903923e-02 1.38797443e-02 1.12780137e-03 9.21862666e-03 -1.02060996e-02 1.39858145e-02 -1.62073635e-02 3.64537910e-02 -1.79526657e-02 9.87794064e-03 -4.67937216e-02 -1.02049718e-02 -7.76248705e-03 -5.75232459e-03 9.06151254e-03 3.71913612e-03
6.17990121e-02 -3.78010944e-02 -2.55130068e-03 -2.30801459e-02 2.50252653e-02 -3.42787951e-02 3.99778150e-02 -8.93033296e-02 4.41015624e-02 -2.42638756e-02 1.15015723e-01 2.50813905e-02 1.90821663e-02 1.41413342e-02 -2.22763419e-02 -9.14276671e-03
-4.30819020e-02 2.47278549e-02 1.97713356e-03 1.61426868e-02 -1.77671555e-02 2.41375566e-02 -2.80082300e-02 6.28433228e-02 -3.10400967e-02 1.70950592e-02 -8.10210481e-02 -1.76671222e-02 -1.34401144e-02 -9.95982718e-03 1.56894308e-02 6.43941248e-03
3.61267254e-02 -2.11535655e-02 -1.97935780e-03 -1.11942226e-02 1.25760017e-02 -1.71917602e-02 1.97620653e-02 -4.42404673e-02 2.16262527e-02 -1.19324196e-02 5.64181842e-02 1.22994557e-02 9.35549755e-03 6.93231774e-03 -1.09203905e-02 -4.48217802e-03
-2.81770639e-02 1.73928849e-02 2.71979976e-03 7.35491049e-03 -8.16865172e-03 1.12674572e-02 -1.29204672e-02 2.88260579e-02 -1.41854715e-02 7.80963199e-03 -3.69926393e-02 -8.06644652e-03 -6.13623811e-03 -4.54725605e-03 7.16315862e-03 2.93996185e-03
6.18874654e-02 -3.70382890e-02 -4.46322141e-03 -1.93826612e-02 2.16194447e-02 -2.92816088e-02 3.37744467e-02 -7.56724700e-02 3.73725779e-02 -2.05682106e-02 9.73986089e-02 2.12384388e-02 1.61546953e-02 1.19708488e-02 -1.88575778e-02 -7.73985777e-03
-3.40934768e-02 2.02570166e-02 1.24805351e-03 1.29311550e-02 -1.37645872e-02 1.90433785e-02 -2.19956730e-02 4.96198535e-02 -2.44472250e-02 1.34722581e-02 -6.38684183e-02 -1.39277978e-02 -1.05964793e-02 -7.85294734e-03 1.23704467e-02 5.07713296e-03
-1.91472135e-02 1.02904262e-02 -5.22115093e-04 1.05739897e-02 -1.08750183e-02 1.51852360e-02 -1.76745784e-02 3.99823897e-02 -1.97772272e-02 1.09034898e-02 -5.17260358e-02 -1.12803653e-02 -8.58312473e-03 -6.36111293e-03 1.00203464e-02 4.11254028e-03
3.86804566e-02 -2.43923664e-02 -2.07216549e-03 -1.09464219e-02 1.21211270e-02 -1.67299192e-02 1.93376206e-02 -4.29934710e-02 2.12192070e-02 -1.16788652e-02 5.53135164e-02 1.20598879e-02 9.17356927e-03 6.79800520e-03 -1.07087325e-02 -4.39519808e-03
-4.33036033e-03 1.82381237e-03 5.82565190e-06 1.41164719e-03 -1.47470308e-03 2.05286057e-03 -2.38263677e-03 5.37843676e-03 -2.65827659e-03 1.46525598e-03 -6.94763754e-03 -1.51515147e-03 -1.15279178e-03 -8.54332058e-04 1.34579500e-03 5.52345824e-04
1.21215105e-01 -6.04493394e-02 -5.93640003e-03 -3.22236568e-02 3.60209793e-02 -4.88828123e-02 5.58805205e-02 -1.25314623e-01 6.16473407e-02 -3.39622162e-02 1.60944268e-01 3.50943729e-02 2.66996566e-02 1.97865460e-02 -3.11690308e-02 -1.27925416e-02
-8.23978242e-03 4.48901998e-03 3.62627208e-04 2.55771587e-03 -2.85003730e-03 3.87685490e-03 -4.47593816e-03 1.00493813e-02 -4.93832165e-03 2.71627284e-03 -1.28437495e-02 -2.80166697e-03 -2.13033915e-03 -1.57815404e-03 2.48620566e-03 1.02059578e-03
4.22057807e-02 -2.42239684e-02 -9.99324722e-04 -1.67618841e-02 1.79301258e-02 -2.48119161e-02 2.86764838e-02 -6.46052957e-02 3.18555050e-02 -1.75550450e-02 8.32156762e-02 1.81468222e-02 1.38060534e-02 1.02314577e-02 -1.61172356e-02 -6.61491277e-03
7.95637816e-03 -4.05931193e-03 -6.64366118e-04 -1.89555099e-03 2.19764421e-03 -2.94380286e-03 3.41642578e-03 -7.61382887e-03 3.74316121e-03 -2.05593184e-03 9.72805265e-03 2.12075049e-03 1.61259552e-03 1.19477382e-03 -1.88217498e-03 -7.72562460e-04
-2.87095252e-02 1.65909901e-02 1.19067228e-03 1.05601214e-02 -1.14839515e-02 1.57851223e-02 -1.81926675e-02 4.08721343e-02 -2.01757308e-02 1.11105535e-02 -5.26414588e-02 -1.14789102e-02 -8.73218011e-03 -6.47099130e-03 1.01935854e-02 4.18375619e-03
-7.25005865e-02 3.84270735e-02 3.19929374e-03 2.39720177e-02 -2.57257912e-02 3.55343111e-02 -4.10765782e-02 9.25975740e-02 -4.56646979e-02 2.51598023e-02 -1.19253725e-01 -2.60056593e-02 -1.97852459e-02 -1.46625061e-02 2.30972990e-02 9.47970618e-03
3.71902133e-03 -2.30654795e-03 -4.22280747e-04 6.37628618e-05 8.83698376e-05 -8.03397852e-05 4.82150826e-05 -5.20147951e-05 1.57186769e-05 -7.61379351e-06 2.52287537e-05 5.31335809e-06 3.77072183e-06 2.71655722e-06 -4.29440161e-06 -1.77590789e-06
3.53198610e-02 -1.89531427e-02 -1.34472048e-03 -1.27844429e-02 1.37054259e-02 -1.89629551e-02 2.19107941e-02 -4.93455753e-02 2.43582875e-02 -1.34159327e-02 6.35673776e-02 1.38616087e-02 1.05447378e-02 7.81421643e-03 -1.23095503e-02 -5.05222566e-03
2.03911997e-02 -1.33507997e-02 -2.48227688e-03 -4.25308617e-03 5.32236323e-03 -7.00979959e-03 7.82938953e-03 -1.73868854e-02 8.39666277e-03 -4.61423025e-03 2.17831712e-02 4.74692974e-03 3.60822235e-03 2.67298403e-03 -4.21089912e-03 -1.72845158e-03
-3.69328856e-02 2.06246432e-02 2.65391252e-04 1.83475967e-02 -1.92947201e-02 2.67260764e-02 -3.10245287e-02 6.99720010e-02 -3.45787406e-02 1.90560855e-02 -9.03519914e-02 -1.97039302e-02 -1.49913337e-02 -1.11099826e-02 1.75011232e-02 7.18287891e-03
-3.42781805e-02 2.01129429e-02 7.76273082e-04 1.45900073e-02 -1.55256083e-02 2.14339495e-02 -2.49233786e-02 5.60480580e-02 -2.76525300e-02 1.52288340e-02 -7.21941069e-02 -1.57441515e-02 -1.19779324e-02 -8.87661427e-03 1.39830066e-02 5.73898945e-03
-7.45004937e-02 4.53468673e-02 2.23685359e-03 2.33639088e-02 -2.60995273e-02 3.54478098e-02 -4.07128036e-02 9.14190486e-02 -4.50093113e-02 2.48136725e-02 -1.17519833e-01 -2.56268624e-02 -1.94953457e-02 -1.44474609e-02 2.27586124e-02 9.34073981e-03
