9.49869491e-03 4.79342677e-02 1.00130960e-02 5.55246277e-03 -1.98937580e-03 7.84244016e-03 1.42641347e-02 1.23158190e-02 -5.44751761e-03 -3.55659751e-04 -1.55847641e-02 -4.79833130e-03 -2.33555567e-02 -2.56422022e-03 -1.91402938e-02 5.23604627e-04
-1.09785125e-02 -5.45976944e-02 -1.06850192e-02 -5.92721812e-03 2.13436969e-03 -8.36812053e-03 -1.52426204e-02 -1.31943692e-02 5.83763048e-03 3.81568098e-04 1.67099759e-02 5.14581008e-03 2.50490028e-02 2.75027473e-03 2.05295850e-02 -5.61547582e-04
-5.82988746e-03 -3.15528587e-02 -6.49279729e-03 -3.74187413e-03 1.32596935e-03 -5.22748055e-03 -9.48674884e-03 -8.22548848e-03 3.62730748e-03 2.37060100e-04 1.03835911e-02 3.19729256e-03 1.55637674e-02 1.70874153e-03 1.27546340e-02 -3.48922971e-04
-8.44545010e-03 -4.24918011e-02 -8.95461440e-03 -4.97529656e-03 1.78669777e-03 -7.02166883e-03 -1.27333999e-02 -1.10410685e-02 4.88071935e-03 3.18834645e-04 1.39829917e-02 4.30640019e-03 2.09631827e-02 2.30177538e-03 1.71821788e-02 -4.69930179e-04
-1.94778424e-02 -1.04984611e-01 -2.13837549e-02 -1.20174792e-02 4.26113885e-03 -1.72050837e-02 -3.05876248e-02 -2.66429260e-02 1.16824573e-02 7.66742800e-04 3.34304273e-02 1.02947513e-02 5.01148440e-02 5.50205354e-03 4.10649478e-02 -1.12396793e-03
7.38625973e-03 4.08899039e-02 7.86627177e-03 4.31841891e-03 -1.51907920e-03 6.12697657e-03 1.10077504e-02 9.51140001e-03 -4.16842708e-03 -2.72993668e-04 -1.19268009e-02 -3.66990478e-03 -1.78640094e-02 -1.96085195e-03 -1.46343661e-02 4.00645280e-04
-9.19296779e-03 -4.88504954e-02 -9.41944961e-03 -4.98698512e-03 1.74733368e-03 -7.15385471e-03 -1.26624024e-02 -1.09172659e-02 4.81105642e-03 3.16238526e-04 1.37718711e-02 4.23309905e-03 2.06033047e-02 2.26160232e-03 1.68791730e-02 -4.62213706e-04
-6.80583296e-03 -3.65152135e-02 -7.23051792e-03 -4.01411671e-03 1.39786128e-03 -5.59457112e-03 -1.00942859e-02 -8.69620405e-03 3.83690791e-03 2.51568650e-04 1.09823002e-02 3.37839173e-03 1.64445657e-02 1.80501421e-03 1.34714879e-02 -3.68834269e-04
-7.76624656e-04 -2.22981442e-03 -2.93125689e-04 -1.32754110e-04 4.35323564e-05 -1.83085765e-04 -3.20266932e-04 -2.73863465e-04 1.20305107e-04 7.94148673e-06 3.44169937e-04 1.05400293e-04 5.12997154e-04 5.62745736e-05 4.19823424e-04 -1.15123312e-05
1.14909746e-02 5.99223748e-02 1.21295983e-02 6.44596107e-03 -2.30630604e-03 9.23852716e-03 1.68244336e-02 1.46675473e-02 -6.33048126e-03 -4.13839589e-04 -1.81185845e-02 -5.57698170e-03 -2.71466319e-02 -2.97988160e-03 -2.22413670e-02 6.08735718e-04
5.96376602e-03 3.42509039e-02 6.88234810e-03 3.89878848e-03 -1.39958388e-03 5.51203173e-03 9.98264551e-03 8.67407583e-03 -3.82610224e-03 -2.50062381e-04 -1.09604467e-02 -3.37545271e-03 -1.64313987e-02 -1.80411129e-03 -1.34670530e-02 3.68351379e-04
8.49311240e-03 4.11860421e-02 8.55858065e-03 4.77793394e-03 -1.71815662e-03 6.73194509e-03 1.22603625e-02 1.06236171e-02 -4.69659595e-03 -3.06648028e-04 -1.34506514e-02 -4.14271140e-03 -2.01652404e-02 -2.21406692e-03 -1.65269673e-02 4.52090404e-04
-7.85613991e-03 -3.81708965e-02 -7.73170078e-03 -4.17922810e-03 1.50190352e-03 -5.93387662e-03 -1.07336557e-02 -9.29229241e-03 4.11122711e-03 2.68756354e-04 1.17718913e-02 3.62455356e-03 1.76423918e-02 1.93694537e-03 1.44578908e-02 -3.95534822e-04
-7.76050379e-03 -3.94850634e-02 -7.79760163e-03 -4.17170255e-03 1.48099277e-03 -5.93753299e-03 -1.07459612e-02 -9.29305051e-03 4.07314673e-03 2.65902519e-04 1.16362404e-02 3.58202192e-03 1.74355488e-02 1.91392703e-03 1.42847588e-02 -3.91025125e-04
-4.41680253e-02 -2.12979004e-01 -4.50029783e-02 -2.43159831e-02 8.80307797e-03 -3.44948098e-02 -6.26524389e-02 -5.43085635e-02 2.40491722e-02 1.56785583e-03 6.88248724e-02 2.12041289e-02 1.03218935e-01 1.13338856e-02 8.46066475e-02 -2.31378153e-03
1.66897923e-02 9.49304402e-02 1.99596826e-02 1.12092076e-02 -4.10559773e-03 1.59884710e-02 2.90744826e-02 2.52340250e-02 -1.11988783e-02 -7.30759522e-04 -3.20833102e-02 -9.88555513e-03 -4.81213778e-02 -5.28417621e-03 -3.94464955e-02 1.07872637e-03
2.75353971e-03 1.62806772e-02 3.45206051e-03 2.00603530e-03 -7.20671145e-04 2.82817800e-03 5.12952404e-03 4.46302909e-03 -1.96758378e-03 -1.28432934e-04 -5.63640799e-03 -1.73646491e-03 -8.45298730e-03 -9.28183668e-04 -6.92882808e-03 1.89486367e-04
7.38118589e-03 3.66971865e-02 7.08629610e-03 3.91701516e-03 -1.38926483e-03 5.51646622e-03 1.00067500e-02 8.68048985e-03 -3.81150655e-03 -2.49166391e-04 -1.09014027e-02 -3.35542462e-03 -1.63339507e-02 -1.79317221e-03 -1.33832749e-02 3.66295310e-04
-9.00842529e-03 -4.90767322e-02 -1.00852959e-02 -5.65780513e-03 2.03738385e-03 -8.00472405e-03 -1.45695666e-02 -1.26081742e-02 5.56832878e-03 3.63665982e-04 1.59456134e-02 4.91107581e-03 2.39062123e-02 2.62488588e-03 1.95939764e-02 -5.35907166e-04
-4.44932543e-02 -2.33342722e-01 -5.05136140e-02 -2.90766153e-02 1.06404535e-02 -4.16388363e-02 -7.52503723e-02 -6.54740930e-02 2.90300045e-02 1.89534284e-03 8.31925571e-02 2.56298948e-02 1.24762148e-01 1.36999609e-02 1.02270037e-01 -2.79676984e-03
-3.62062268e-03 -1.82678476e-02 -3.92663106e-03 -2.19741836e-03 7.94923049e-04 -3.12088267e-03 -5.66885946e-03 -4.92389314e-03 2.17144517e-03 1.41779252e-04 6.21974608e-03 1.91578164e-03 9.32554156e-03 1.02395169e-03 7.64358183e-03 -2.09049133e-04
-1.33259483e-02 -7.49130845e-02 -1.54883172e-02 -8.82366952e-03 3.18174087e-03 -1.24488296e-02 -2.26207189e-02 -1.96112581e-02 8.68604798e-03 5.66979696e-04 2.48841643e-02 7.66577758e-03 3.73159908e-02 4.09744354e-03 3.05866729e-02 -8.36521969e-04
-6.62863534e-03 -3.53497341e-02 -6.42034644e-03 -3.53180151e-03 1.24268897e-03 -4.97006299e-03 -9.05664079e-03 -7.79650360e-03 3.41175124e-03 2.23822164e-04 9.76801291e-03 3.00425151e-03 1.46234045e-02 1.60514319e-03 1.19782072e-02 -3.28156340e-04
-6.24303520e-03 -2.89586373e-02 -5.43439062e-03 -3.06786341e-03 1.07557012e-03 -4.27333545e-03 -7.66712893e-03 -6.65738015e-03 2.94146407e-03 1.92529100e-04 8.42668861e-03 2.59370659e-03 1.26226237e-02 1.38607738e-03 1.03450082e-02 -2.82998750e-04
2.73544574e-03 1.52047426e-02 3.06232553e-03 1.79380621e-03 -6.30367023e-04 2.49334751e-03 4.50385781e-03 3.90482089e-03 -1.72386435e-03 -1.12612586e-04 -4.93728230e-03 -1.52048178e-03 -7.40143936e-03 -8.12662242e-04 -6.06624642e-03 1.65919162e-04
-1.62367579e-02 -9.55153555e-02 -2.03417521e-02 -1.15092183e-02 4.19443194e-03 -1.63453221e-02 -2.97511034e-02 -2.58663781e-02 1.14468792e-02 7.46989797e-04 3.27930413e-02 1.01037035e-02 4.91842739e-02 5.40071679e-03 4.03161682e-02 -1.10253610e-03
-3.55202984e-03 -1.77762788e-02 -3.56190233e-03 -1.93770404e-03 6.78293756e-04 -2.73277075e-03 -4.90333373e-03 -4.23294678e-03 1.86375214e-03 1.22210447e-04 5.33877732e-03 1.64066057e-03 7.98660982e-03 8.76582868e-04 6.54235808e-03 -1.79147013e-04
3.33712832e-03 1.78159326e-02 3.19744344e-03 1.71873532e-03 -6.06518646e-04 2.44004792e-03 4.33578342e-03 3.75551381e-03 -1.66066200e-03 -1.08693435e-04 -4.75625833e-03 -1.46346365e-03 -7.12374272e-03 -7.82072661e-04 -5.83761185e-03 1.59698553e-04
-2.76301242e-02 -1.36869699e-01 -2.60123052e-02 -1.39969550e-02 4.94557433e-03 -1.96829382e-02 -3.57437991e-02 -3.08593810e-02 1.35517921e-02 8.85180430e-04 3.88384089e-02 1.19488304e-02 5.81315532e-02 6.38116850e-03 4.76250350e-02 -1.30336499e-03
6.84963353e-03 3.58504206e-02 7.35310139e-03 4.04332764e-03 -1.42768712e-03 5.66804130e-03 1.02361580e-02 8.90003610e-03 -3.91343376e-03 -2.56198691e-04 -1.12039186e-02 -3.44806979e-03 -1.67834107e-02 -1.84248260e-03 -1.37519697e-02 3.76360724e-04
8.12000595e-03 4.64496538e-02 9.04391985e-03 5.01987757e-03 -1.80179335e-03 7.12031825e-03 1.29342964e-02 1.12726549e-02 -4.93478356e-03 -3.22760781e-04 -1.41116828e-02 -4.34577838e-03 -2.11567115e-02 -2.32311594e-03 -1.73380598e-02 4.74603934e-04
-1.47480741e-02 -9.41038728e-02 -2.11441349e-02 -1.20513439e-02 4.43212828e-03 -1.72868017e-02 -3.13376337e-02 -2.72849258e-02 1.20884962e-02 7.88940582e-04 3.46396416e-02 1.06715495e-02 5.19477986e-02 5.70422364e-03 4.25820686e-02 -1.16448104e-03
-4.71128756e-03 -2.70385444e-02 -5.69809740e-03 -3.30457091e-03 1.17994542e-03 -4.61913459e-03 -8.37242138e-03 -7.28415372e-03 3.22195631e-03 2.10248225e-04 9.22740344e-03 2.84307310e-03 1.38399759e-02 1.51969388e-03 1.13443825e-02 -3.10243224e-04
6.14259858e-03 3.34460288e-02 6.94919424e-03 3.85968154e-03 -1.41068758e-03 5.48282964e-03 1.00242570e-02 8.69094301e-03 -3.85046122e-03 -2.51179910e-04 -1.10317450e-02 -3.39824124e-03 -1.65423676e-02 -1.81648985e-03 -1.35601228e-02 3.70823662e-04
-1.22714750e-02 -6.29297122e-02 -1.30163813e-02 -7.33763864e-03 2.67757918e-03 -1.05462978e-02 -1.92428231e-02 -1.65831521e-02 7.31899170e-03 4.77463007e-04 2.09646393e-02 6.45602122e-03 3.14280763e-02 3.45103163e-03 2.57619396e-02 -7.04500882e-04
5.51605504e-03 3.18493284e-02 6.40856987e-03 3.63691617e-03 -1.31528219e-03 5.18607348e-03 9.38162301e-03 8.13373365e-03 -3.59445345e-03 -2.34954889e-04 -1.02950968e-02 -3.17056314e-03 -1.54340509e-02 -1.69457996e-03 -1.26492428e-02 3.46003071e-04
2.88749812e-03 1.52463792e-02 3.08609381e-03 1.73814991e-03 -6.21690473e-04 2.45199446e-03 4.43604449e-03 3.88660026e-03 -1.69928605e-03 -1.10963498e-04 -4.86571481e-03 -1.49842864e-03 -7.29415612e-03 -8.00864247e-04 -5.97819826e-03 1.63500503e-04
2.46520829e-03 1.69742741e-02 3.88447172e-03 2.26221280e-03 -8.25188064e-04 3.21185193e-03 5.84246917e-03 5.08457841e-03 -2.25036871e-03 -1.46888138e-04 -6.44754991e-03 -1.98664959e-03 -9.67112742e-03 -1.06197130e-03 -7.92761799e-03 2.16795088e-04
-6.49082148e-03 -3.36946249e-02 -7.34284427e-03 -4.10272693e-03 1.49282021e-03 -5.82044013e-03 -1.05809737e-02 -9.19013284e-03 4.07604175e-03 2.65974668e-04 1.16770137e-02 3.59746884e-03 1.75122581e-02 1.92295958e-03 1.43548334e-02 -3.92563816e-04
-1.29970768e-03 -8.27147346e-03 -1.83811958e-03 -1.06968952e-03 3.90771544e-04 -1.51865743e-03 -2.76436168e-03 -2.40122224e-03 1.06599426e-03 6.95493509e-05 3.05381301e-03 9.40948317e-04 4.58055083e-03 5.02984331e-04 3.75479669e-03 -1.02680708e-04
1.15232659e-03 5.69191808e-03 1.16848422e-03 6.39951963e-04 -2.26324119e-04 9.01812047e-04 1.62770832e-03 1.41132355e-03 -6.20446634e-04 -4.05742103e-05 -1.77646987e-03 -5.46792871e-04 -2.66163494e-03 -2.92199227e-04 -2.18102196e-03 5.96716854e-05
-4.32137254e-04 -1.38576352e-03 -2.29417317e-04 -1.22005600e-04 4.20033939e-05 -1.69249397e-04 -3.10103438e-04 -2.66370305e-04 1.16127027e-04 7.59783006e-06 3.31978052e-04 1.02220838e-04 4.97521425e-04 5.46201009e-05 4.07675892e-04 -1.11565323e-05
5.09957597e-03 2.63612419e-02 5.03877271e-03 2.78176437e-03 -9.83263832e-04 3.96471238e-03 7.08922185e-03 6.13366487e-03 -2.69476743e-03 -1.76377507e-04 -7.71996286e-03 -2.37590494e-03 -1.15647027e-02 -1.26970443e-03 -9.47754551e-03 2.59267807e-04
-7.78333377e-03 -4.30911556e-02 -9.72491596e-03 -5.53188799e-03 2.00969237e-03 -7.82883167e-03 -1.42264357e-02 -1.23816850e-02 5.48465922e-03 3.57895740e-04 1.57111064e-02 4.84041683e-03 2.35632304e-02 2.58739921e-03 1.93148963e-02 -5.28205244e-04
4.87336190e-03 2.38274895e-02 4.30687563e-03 2.35368148e-03 -8.31906626e-04 3.32637341e-03 6.00143941e-03 5.25815971e-03 -2.28770124e-03 -1.49450701e-04 -6.53014285e-03 -2.01093568e-03 -9.78849735e-03 -1.07492867e-03 -8.01762752e-03 2.19783018e-04
-1.09231696e-02 -5.51446006e-02 -1.16374604e-02 -6.47882372e-03 2.33838148e-03 -9.28517524e-03 -1.67413447e-02 -1.45469829e-02 6.39757188e-03 4.18058538e-04 1.83184389e-02 5.63976634e-03 2.74539031e-02 3.01441550e-03 2.25011539e-02 -6.15475758e-04
3.55506293e-03 2.15034597e-02 4.32285015e-03 2.47018994e-03 -8.93206161e-04 3.52755818e-03 6.38674898e-03 5.52983070e-03 -2.44160183e-03 -1.59966250e-04 -6.99293474e-03 -2.15344201e-03 -1.04829362e-02 -1.15102367e-03 -8.59211385e-03 2.35033527e-04
-3.53792030e-03 -1.95899103e-02 -4.26572375e-03 -2.51438003e-03 9.15933517e-04 -3.57197877e-03 -6.47496153e-03 -5.63448481e-03 2.49872683e-03 1.63097298e-04 7.15909898e-03 2.20584916e-03 1.07380217e-02 1.17912912e-03 8.80221836e-03 -2.40711437e-04
-2.76679825e-03 -1.41161587e-02 -2.76279869e-03 -1.60777243e-03 5.58696571e-04 -2.22853338e-03 -3.97916744e-03 -3.44824488e-03 1.52682734e-03 9.97876778e-05 4.37281467e-03 1.34690735e-03 6.55647554e-03 7.19919393e-04 5.37404651e-03 -1.46976134e-04
1.15352822e-02 7.55592808e-02 1.61290970e-02 9.08117462e-03 -3.34551814e-03 1.29780229e-02 2.36477796e-02 2.05670260e-02 -9.12350230e-03 -5.95292076e-04 -2.61415932e-02 -8.05504713e-03 -3.92121710e-02 -4.30585956e-03 -3.21435407e-02 8.79007508e-04
7.62418658e-03 4.51217405e-02 9.81857069e-03 5.65346563e-03 -2.08417512e-03 8.08641315e-03 1.47363087e-02 1.28078153e-02 -5.68407774e-03 -3.70833062e-04 -1.62853301e-02 -5.01791760e-03 -2.44273692e-02 -2.68235058e-03 -2.00238880e-02 5.47581585e-04
-5.99143701e-03 -3.27869281e-02 -6.19013421e-03 -3.34966485e-03 1.17437181e-03 -4.73786192e-03 -8.48138705e-03 -7.31752766e-03 3.22495843e-03 2.11235063e-04 9.22961161e-03 2.83870939e-03 1.38180330e-02 1.51676417e-03 1.13207055e-02 -3.09878204e-04
3.86837497e-03 2.06601955e-02 4.36311727e-03 2.45577935e-03 -8.85673682e-04 3.48491012e-03 6.30330620e-03 5.47492364e-03 -2.41931831e-03 -1.57931630e-04 -6.92857755e-03 -2.13376503e-03 -1.03869298e-02 -1.14048785e-03 -8.51347391e-03 2.32842693e-04
1.75017933e-03 8.20445921e-03 1.51106436e-03 7.89118465e-04 -2.74530554e-04 1.10719155e-03 1.99341401e-03 1.72661629e-03 -7.54985318e-04 -4.94823980e-05 -2.16206536e-03 -6.64832245e-04 -3.23599763e-03 -3.55202297e-04 -2.65106955e-03 7.25593927e-05
4.34626825e-03 2.06867419e-02 4.50058980e-03 2.66918587e-03 -9.60631878e-04 3.75851220e-03 6.82489388e-03 5.93176391e-03 -2.62296805e-03 -1.71240754e-04 -7.51318596e-03 -2.31449772e-03 -1.12664187e-02 -1.23712944e-03 -9.23497975e-03 2.52561440e-04
-1.12061668e-03 -6.76008966e-03 -1.49006757e-03 -8.44754046e-04 3.04047775e-04 -1.20865076e-03 -2.17211270e-03 -1.89696916e-03 8.31527170e-04 5.44111135e-05 2.38306820e-03 7.32993416e-04 3.56775848e-03 3.91689508e-04 2.92358780e-03 -8.00175767e-05
2.76617613e-03 1.21917557e-02 2.39351369e-03 1.33790553e-03 -4.67189006e-04 1.86082569e-03 3.36620281e-03 2.91811419e-03 -1.28063653e-03 -8.38903215e-05 -3.66694992e-03 -1.12830708e-03 -5.49200224e-03 -6.02873391e-04 -4.49961331e-03 1.23151418e-04
-2.36209575e-03 -1.42624350e-02 -2.97351391e-03 -1.70843292e-03 6.19385566e-04 -2.41217483e-03 -4.39578854e-03 -3.81786283e-03 1.69132941e-03 1.10387678e-04 4.84477403e-03 1.49254024e-03 7.26554357e-03 7.97797984e-04 5.95550751e-03 -1.62869415e-04
-8.47775256e-04 -4.73894970e-03 -1.00781315e-03 -5.68697811e-04 2.08676633e-04 -8.11590755e-04 -1.47745304e-03 -1.28393690e-03 5.69364754e-04 3.71417409e-05 1.63123850e-03 5.02552080e-04 2.44641257e-03 2.68637261e-04 2.00538663e-03 -5.48403768e-05
4.07407584e-04 4.47866367e-03 1.20904029e-03 7.66493962e-04 -2.85936258e-04 1.09809521e-03 2.00683926e-03 1.75123347e-03 -7.78948481e-04 -5.08069061e-05 -2.23221094e-03 -6.87893364e-04 -3.34875635e-03 -3.67730623e-04 -2.74514686e-03 7.50691470e-05
6.62356429e-03 3.79584059e-02 8.06599017e-03 4.41745948e-03 -1.59097300e-03 6.26299251e-03 1.13487812e-02 9.83697642e-03 -4.34875628e-03 -2.84010428e-04 -1.24545787e-02 -3.83579917e-03 -1.86719485e-02 -2.05018045e-03 -1.53040951e-02 4.18566196e-04
1.29429922e-02 7.18715936e-02 1.42304264e-02 7.72600994e-03 -2.81147915e-03 1.11397328e-02 2.00859457e-02 1.73984282e-02 -7.68677238e-03 -5.02023729e-04 -2.20212694e-02 -6.77850656e-03 -3.29961777e-02 -3.62288207e-03 -2.70436835e-02 7.39629031e-04
1.11763794e-02 5.91966920e-02 1.14232134e-02 6.10717619e-03 -2.17995350e-03 8.75470787e-03 1.57655030e-02 1.36461072e-02 -5.98079991e-03 -3.91482958e-04 -1.71188079e-02 -5.26761962e-03 -2.56405417e-02 -2.81431945e-03 -2.10035238e-02 5.75083017e-04
1.02863340e-02 5.42657971e-02 1.10496273e-02 6.32024556e-03 -2.29160278e-03 8.93741567e-03 1.62873063e-02 1.41354334e-02 -6.25392096e-03 -4.08168184e-04 -1.79183669e-02 -5.52006764e-03 -2.68713441e-02 -2.95065576e-03 -2.20265873e-02 6.02362154e-04
-1.13191479e-03 -7.06540328e-03 -1.56858715e-03 -8.98405618e-04 3.25304980e-04 -1.27918448e-03 -2.31662672e-03 -2.00921460e-03 8.88504670e-04 5.80558408e-05 2.54536606e-03 7.83815049e-04 3.81548842e-03 4.18923300e-04 3.12708830e-03 -8.55363178e-05
3.34699405e-03 1.62668377e-02 3.31852306e-03 1.83392887e-03 -6.52604038e-04 2.60180724e-03 4.71431809e-03 4.09217644e-03 -1.79093541e-03 -1.17111798e-04 -5.12955897e-03 -1.57816464e-03 -7.68311229e-03 -8.43348913e-04 -6.29487820e-03 1.72254353e-04
1.13340169e-02 6.28737211e-02 1.34178335e-02 7.51131633e-03 -2.72054574e-03 1.06308982e-02 1.93486251e-02 1.67800169e-02 -7.42620835e-03 -4.84854914e-04 -2.12781001e-02 -6.55423896e-03 -3.19057778e-02 -3.50341224e-03 -2.61528362e-02 7.15216156e-04
2.94426363e-03 1.39255673e-02 2.42530485e-03 1.35882001e-03 -4.82999865e-04 1.91044714e-03 3.43779032e-03 2.98013026e-03 -1.31902064e-03 -8.61534936e-05 -3.78007325e-03 -1.16392085e-03 -5.66561753e-03 -6.22024236e-04 -4.64326981e-03 1.27013889e-04
1.49126514e-03 8.26819614e-03 1.66726275e-03 9.28639143e-04 -3.29638773e-04 1.31577533e-03 2.37302831e-03 2.05255300e-03 -9.03718756e-04 -5.91670578e-05 -2.58811866e-03 -7.96411885e-04 -3.87653103e-03 -4.25559614e-04 -3.17630661e-03 8.69231662e-05
1.61668926e-03 8.71587917e-03 1.83576928e-03 1.01534324e-03 -3.64166684e-04 1.44818390e-03 2.63402378e-03 2.27114814e-03 -9.98298288e-04 -6.54774703e-05 -2.86051468e-03 -8.79592437e-04 -4.28120559e-03 -4.69910738e-04 -3.50691704e-03 9.60556135e-05
-6.28066994e-03 -3.45930383e-02 -7.04836147e-03 -3.59223085e-03 1.28255365e-03 -5.09980880e-03 -9.21110436e-03 -7.96948653e-03 3.51454807e-03 2.29945043e-04 1.00590521e-02 3.09633184e-03 1.50727127e-02 1.65440899e-03 1.23487450e-02 -3.37965961e-04
-2.15309039e-02 -1.11131385e-01 -2.26821359e-02 -1.29587417e-02 4.69699502e-03 -1.83146521e-02 -3.32783237e-02 -2.89114416e-02 1.28258914e-02 8.37222207e-04 3.67401242e-02 1.13186380e-02 5.50980568e-02 6.05007587e-03 4.51633781e-02 -1.23511045e-03
-4.08324320e-03 -1.72872953e-02 -3.07124946e-03 -1.72796356e-03 6.18900929e-04 -2.43942300e-03 -4.43487708e-03 -3.83285247e-03 1.69200520e-03 1.10554240e-04 4.84653004e-03 1.49232592e-03 7.26430211e-03 7.97631626e-04 5.95404441e-03 -1.62849028e-04
-8.61049513e-04 -4.48999507e-03 -9.25034983e-04 -5.09861566e-04 1.82635573e-04 -7.25027639e-04 -1.31919899e-03 -1.13926118e-03 4.99712420e-04 3.26336303e-05 1.43118890e-03 4.40727046e-04 2.14536651e-03 2.35563071e-04 1.75842876e-03 -4.80914132e-05
5.16733527e-03 2.16705613e-02 4.07674490e-03 2.15056119e-03 -7.69590028e-04 3.05763283e-03 5.52847330e-03 4.77499794e-03 -2.11035553e-03 -1.37879251e-04 -6.03812700e-03 -1.85888330e-03 -9.04792361e-03 -9.93305701e-04 -7.41410954e-03 2.02862488e-04
1.96307735e-03 9.31842625e-03 1.76896632e-03 9.77869611e-04 -3.42346437e-04 1.38398900e-03 2.47791666e-03 2.15571374e-03 -9.42760787e-04 -6.18197228e-05 -2.69458839e-03 -8.29184253e-04 -4.03566333e-03 -4.42895805e-04 -3.30487033e-03 9.05888373e-05
9.83391888e-03 4.59986888e-02 9.08652786e-03 5.14474884e-03 -1.82381703e-03 7.23381480e-03 1.30141797e-02 1.13099394e-02 -4.98732273e-03 -3.26276320e-04 -1.42916450e-02 -4.39886097e-03 -2.14124694e-02 -2.35090847e-03 -1.75475776e-02 4.80084302e-04
-1.45217199e-02 -8.63979608e-02 -1.87269375e-02 -1.04978019e-02 3.85423820e-03 -1.49855148e-02 -2.72580348e-02 -2.37101912e-02 1.05153685e-02 6.86088693e-04 3.01287398e-02 9.28301737e-03 4.51898016e-02 4.96223941e-03 3.70433107e-02 -1.01300422e-03
1.53173786e-03 7.93207157e-03 1.55510614e-03 8.41291738e-04 -2.99012783e-04 1.19191408e-03 2.14952300e-03 1.86314643e-03 -8.19487264e-04 -5.36165098e-05 -2.34536827e-03 -7.21841294e-04 -3.51362536e-03 -3.85712978e-04 -2.87887291e-03 7.87836325e-05
4.58001159e-03 2.33026985e-02 5.09089604e-03 2.86921719e-03 -1.03430857e-03 4.05196892e-03 7.34274648e-03 6.37574121e-03 -2.82545434e-03 -1.84482953e-04 -8.09223298e-03 -2.49255006e-03 -1.21332537e-02 -1.33224076e-03 -9.94478446e-03 2.71995552e-04
-4.40796459e-04 -1.76402321e-03 -2.86232855e-04 -1.60364260e-04 5.31265650e-05 -2.16790329e-04 -3.93614639e-04 -3.38788261e-04 1.46094259e-04 9.57766042e-06 4.17892414e-04 1.28550178e-04 6.25707093e-04 6.86841886e-05 5.12623345e-04 -1.40288894e-05
6.42582658e-04 3.95901687e-03 8.16106971e-04 4.45518905e-04 -1.58875351e-04 6.33291667e-04 1.14716450e-03 9.89952590e-04 -4.35040449e-04 -2.84292455e-05 -1.24498340e-03 -3.83356819e-04 -1.86609814e-03 -2.04877870e-04 -1.52930373e-03 4.18345735e-05
-2.37973873e-03 -1.54412147e-02 -3.63023998e-03 -2.12910841e-03 7.80912873e-04 -3.03532695e-03 -5.51319309e-03 -4.79581160e-03 2.12988956e-03 1.38967443e-04 6.10204320e-03 1.88017171e-03 9.15265176e-03 1.00503501e-03 7.50260428e-03 -2.05172066e-04
4.04522847e-03 2.12425757e-02 4.53333464e-03 2.55924347e-03 -9.29044501e-04 3.62556078e-03 6.59207348e-03 5.72891673e-03 -2.53641210e-03 -1.65578516e-04 -7.26615731e-03 -2.23852322e-03 -1.08970022e-02 -1.19654823e-03 -8.93212669e-03 2.44273222e-04
1.17089767e-02 6.98412880e-02 1.40669718e-02 8.03215429e-03 -2.90924986e-03 1.13527579e-02 2.06876118e-02 1.79167613e-02 -7.93926511e-03 -5.18178567e-04 -2.27460712e-02 -7.00774742e-03 -3.41132842e-02 -3.74584179e-03 -2.79627498e-02 7.64692086e-04
8.56923778e-03 4.06084210e-02 8.09263811e-03 4.59624780e-03 -1.66043034e-03 6.52478822e-03 1.18014878e-02 1.02396486e-02 -4.53540916e-03 -2.96235230e-04 -1.29941637e-02 -4.00149962e-03 -1.94789078e-02 -2.13878439e-03 -1.59655251e-02 4.36652685e-04
-1.62774473e-02 -9.06239450e-02 -1.60651784e-02 -8.67997669e-03 3.06779938e-03 -1.22297667e-02 -2.21420284e-02 -1.91698708e-02 8.40843190e-03 5.50723576e-04 2.41228044e-02 7.41444761e-03 3.60932089e-02 3.96223413e-03 2.95731742e-02 -8.09432880e-04
5.55949192e-03 3.14524397e-02 6.17100112e-03 3.46888090e-03 -1.20644609e-03 4.89101652e-03 8.81208386e-03 7.63492286e-03 -3.32166743e-03 -2.17492983e-04 -9.49731190e-03 -2.92202202e-03 -1.42221311e-02 -1.56121736e-03 -1.16508976e-02 3.19123908e-04
-1.19230654e-02 -5.47036380e-02 -1.06247626e-02 -5.88501478e-03 2.12342152e-03 -8.34545493e-03 -1.51155731e-02 -1.30998250e-02 5.80158876e-03 3.78806901e-04 1.66210122e-02 5.11781685e-03 2.49124784e-02 2.73533841e-03 2.04184130e-02 -5.58462169e-04
6.48293761e-04 3.21577280e-03 6.03966764e-04 3.34901648e-04 -1.21439123e-04 4.75756999e-04 8.61844281e-04 7.48572056e-04 -3.31706222e-04 -2.16531753e-05 -9.50199086e-04 -2.92671495e-04 -1.42465485e-03 -1.56433482e-04 -1.16774999e-03 3.19363535e-05
-7.33112264e-03 -3.80369201e-02 -7.41816917e-03 -4.04064311e-03 1.44489284e-03 -5.74924471e-03 -1.03217242e-02 -8.93568434e-03 3.95287946e-03 2.58127984e-04 1.13193011e-02 3.48570989e-03 1.69674382e-02 1.86299614e-03 1.39065105e-02 -3.80391517e-04
-8.15456174e-03 -4.34350260e-02 -9.13846865e-03 -5.18269837e-03 1.88612367e-03 -7.36561278e-03 -1.33800982e-02 -1.16197132e-02 5.14859753e-03 3.36011959e-04 1.47486432e-02 4.54305485e-03 2.21147183e-02 2.42825900e-03 1.81266069e-02 -4.95737419e-04
9.94638773e-04 -8.13327031e-04 -5.53143735e-04 -4.37696697e-04 1.68841623e-04 -6.36881683e-04 -1.16325752e-03 -1.01893954e-03 4.57957591e-04 2.99059939e-05 1.31468824e-03 4.05184488e-04 1.97259383e-03 2.16631990e-04 1.61724782e-03 -4.42214114e-05
4.37808270e-03 2.52501760e-02 5.35386847e-03 2.98962346e-03 -1.09614723e-03 4.26393189e-03 7.76153989e-03 6.74263621e-03 -2.99022160e-03 -1.95135392e-04 -8.56770389e-03 -2.63968622e-03 -1.28495600e-02 -1.41099514e-03 -1.05331298e-02 2.88044597e-04
4.54564346e-03 2.31717881e-02 4.48359875e-03 2.47926707e-03 -8.77647486e-04 3.47593473e-03 6.30315859e-03 5.45474235e-03 -2.40279618e-03 -1.57109491e-04 -6.88125612e-03 -2.11834488e-03 -1.03113642e-02 -1.13206403e-03 -8.45004898e-03 2.31169106e-04
-2.20860471e-04 -4.97035822e-03 -1.24199700e-03 -7.28325802e-04 2.63410824e-04 -1.03782024e-03 -1.87438878e-03 -1.63221487e-03 7.19245581e-04 4.70041632e-05 2.05891836e-03 6.34081778e-04 3.08673107e-03 3.38909536e-04 2.52982276e-03 -6.92132598e-05
1.37321688e-02 7.04233199e-02 1.25660403e-02 6.76497305e-03 -2.32699723e-03 9.25828423e-03 1.69208813e-02 1.45084681e-02 -6.39654789e-03 -4.19213175e-04 -1.83292925e-02 -5.63596189e-03 -2.74076257e-02 -3.01004061e-03 -2.24590767e-02 6.15782104e-04
-1.41336548e-03 -9.91819333e-03 -2.25092028e-03 -1.33378746e-03 4.89029277e-04 -1.89665332e-03 -3.45225027e-03 -3.00500100e-03 1.33377977e-03 8.70203221e-05 3.82119534e-03 1.17738638e-03 5.73148718e-03 6.29363465e-04 4.69820015e-03 -1.28481217e-04
-7.40264135e-04 -3.87470052e-03 -7.20599317e-04 -4.07334621e-04 1.45207567e-04 -5.80600114e-04 -1.04556594e-03 -9.15333861e-04 3.97391821e-04 2.60091856e-05 1.13860448e-03 3.50490998e-04 1.70609704e-03 1.87308833e-04 1.39813509e-03 -3.82467879e-05
-3.43121821e-03 -1.98748242e-02 -4.41740034e-03 -2.51097162e-03 9.14062606e-04 -3.57502955e-03 -6.48476649e-03 -5.62939700e-03 2.49498780e-03 1.62849959e-04 7.14785466e-03 2.20171665e-03 1.07176667e-02 1.17685064e-03 8.78506713e-03 -2.40254361e-04
-1.66662894e-02 -8.40687752e-02 -1.74776688e-02 -9.61777940e-03 3.45360953e-03 -1.35439932e-02 -2.45877840e-02 -2.13788822e-02 9.44025256e-03 6.16420701e-04 2.70367451e-02 8.32461100e-03 4.05211523e-02 4.44904855e-03 3.32099833e-02 -9.08410526e-04
7.62990862e-03 4.21103463e-02 7.89073389e-03 4.05836711e-03 -1.41743256e-03 5.74828964e-03 1.03390180e-02 8.91730003e-03 -3.90149280e-03 -2.55809893e-04 -1.11666834e-02 -3.43146757e-03 -1.67019889e-02 -1.83252129e-03 -1.36743886e-02 3.74827185e-04
-5.21394331e-03 -2.85327230e-02 -5.90649992e-03 -3.32222693e-03 1.20044407e-03 -4.70770895e-03 -8.55278037e-03 -7.42907403e-03 3.27874324e-03 2.14093176e-04 9.39258467e-03 2.89255939e-03 1.40804229e-02 1.54603564e-03 1.15407677e-02 -3.15638841e-04
3.94880399e-03 2.03140266e-02 4.18418366e-03 2.33202614e-03 -8.45065224e-04 3.31812561e-03 6.00356981e-03 5.20913536e-03 -2.30821804e-03 -1.50653839e-04 -6.61090529e-03 -2.03648652e-03 -9.91367921e-03 -1.08857383e-03 -8.12612381e-03 2.22229777e-04
1.18212949e-04 -3.25978082e-03 -1.00653188e-03 -6.33747550e-04 2.37823740e-04 -9.08244168e-04 -1.66986999e-03 -1.45759282e-03 6.47803012e-04 4.22395351e-05 1.85628887e-03 5.72111981e-04 2.78511527e-03 3.05838650e-04 2.28312239e-03 -6.24341992e-05
-8.68573971e-03 -4.68255021e-02 -9.72350314e-03 -5.45180775e-03 1.96024287e-03 -7.74299912e-03 -1.39129972e-02 -1.20967906e-02 5.35733020e-03 3.49968876e-04 1.53423045e-02 4.72593214e-03 2.30052639e-02 2.52607721e-03 1.88565496e-02 -5.15722495e-04
-5.31433057e-03 -2.34293640e-02 -4.94476641e-03 -2.88039190e-03 1.00407377e-03 -3.92402243e-03 -7.13642221e-03 -6.20860420e-03 2.74350680e-03 1.79043680e-04 7.85521325e-03 2.41995067e-03 1.17796455e-02 1.29344803e-03 9.65539366e-03 -2.64060276e-04
-2.77022962e-02 -1.59089372e-01 -3.03075686e-02 -1.68704540e-02 6.00829022e-03 -2.36090701e-02 -4.32593711e-02 -3.72045636e-02 1.64446607e-02 1.07222842e-03 4.70468029e-02 1.44912852e-02 7.05449060e-02 7.74578098e-03 5.78210279e-02 -1.58132974e-03
1.03663951e-02 5.78408353e-02 1.24740750e-02 7.22762709e-03 -2.59986660e-03 1.01053342e-02 1.84024218e-02 1.59861818e-02 -7.09508918e-03 -4.62953234e-04 -2.03279015e-02 -6.26276759e-03 -3.04870475e-02 -3.34769487e-03 -2.49904580e-02 6.83415390e-04
-5.42193092e-03 -2.85683963e-02 -5.64311212e-03 -3.18147917e-03 1.13424903e-03 -4.49932041e-03 -8.13627336e-03 -7.06945825e-03 3.10155656e-03 2.03107600e-04 8.88754800e-03 2.73627928e-03 1.33201675e-02 1.46247598e-03 1.09167956e-02 -2.98594619e-04
-8.82775872e-04 -6.09772652e-03 -1.38042553e-03 -7.95915781e-04 2.92294280e-04 -1.13622088e-03 -2.06605787e-03 -1.79661252e-03 7.97189306e-04 5.20153808e-05 2.28407281e-03 7.03759084e-04 3.42589710e-03 3.76192998e-04 2.80829309e-03 -7.67972742e-05
-1.47801116e-02 -8.36472362e-02 -1.72473807e-02 -9.58654005e-03 3.45403212e-03 -1.35066640e-02 -2.45147273e-02 -2.12813094e-02 9.43626929e-03 6.16005738e-04 2.70266272e-02 8.32540076e-03 4.05270308e-02 4.45001805e-03 3.32186520e-02 -9.08487942e-04
-2.21392997e-02 -1.29873008e-01 -2.59752534e-02 -1.45243080e-02 5.30749001e-03 -2.07502227e-02 -3.76064628e-02 -3.27676758e-02 1.44834816e-02 9.45154636e-04 4.14973497e-02 1.27846086e-02 6.22348413e-02 6.83389045e-03 5.10149151e-02 -1.39510154e-03
3.78713175e-03 2.12416109e-02 4.28747945e-03 2.48450576e-03 -8.55810009e-04 3.41643067e-03 6.14953833e-03 5.32101607e-03 -2.34397175e-03 -1.53461107e-04 -6.70697726e-03 -2.06571701e-03 -1.00553595e-02 -1.10399816e-03 -8.24051350e-03 2.25455646e-04
-5.23823313e-02 -3.16780806e-01 -6.31799027e-02 -3.64934765e-02 1.31824138e-02 -5.15219159e-02 -9.36803147e-02 -8.11425596e-02 3.59804928e-02 2.34853337e-03 1.03071384e-01 3.17499675e-02 1.54554680e-01 1.69710331e-02 1.26687557e-01 -3.46460775e-03
-9.17294621e-03 -5.04772216e-02 -1.09804934e-02 -6.29139692e-03 2.29644286e-03 -8.94432701e-03 -1.62420385e-02 -1.41228288e-02 6.26428705e-03 4.08767897e-04 1.79480705e-02 5.53018041e-03 2.69208737e-02 2.95614405e-03 2.20677145e-02 -6.03475899e-04
-2.56942934e-03 -1.26134679e-02 -2.55873450e-03 -1.42444205e-03 5.11244347e-04 -2.03500921e-03 -3.66107933e-03 -3.17621906e-03 1.39892579e-03 9.13709373e-05 4.00728500e-03 1.23408856e-03 6.00747345e-03 6.59633195e-04 4.92403097e-03 -1.34666683e-04
4.82586212e-03 2.25188993e-02 4.38774191e-03 2.40470632e-03 -8.45190545e-04 3.40391044e-03 6.15508994e-03 5.35106752e-03 -2.32890993e-03 -1.52911933e-04 -6.65644463e-03 -2.04834621e-03 -9.97319352e-03 -1.09423825e-03 -8.16467777e-03 2.23815950e-04
1.91041594e-03 1.11759622e-02 2.28994852e-03 1.31574541e-03 -4.74374741e-04 1.85813289e-03 3.36666987e-03 2.92842486e-03 -1.29487284e-03 -8.45198083e-05 -3.70993186e-03 -1.14289264e-03 -5.56346588e-03 -6.10904361e-04 -4.56037885e-03 1.24713581e-04
3.51466890e-03 1.64154675e-02 3.48176272e-03 1.92846078e-03 -6.85361563e-04 2.68919999e-03 4.89731878e-03 4.24786564e-03 -1.87510031e-03 -1.22466779e-04 -5.36918454e-03 -1.65307324e-03 -8.04674532e-03 -8.83476518e-04 -6.59469888e-03 1.80396411e-04
2.45388993e-03 1.40984142e-02 2.95654754e-03 1.68883917e-03 -6.10817631e-04 2.39005312e-03 4.33140108e-03 3.76271736e-03 -1.66780432e-03 -1.08863314e-04 -4.77745710e-03 -1.47169281e-03 -7.16401823e-03 -7.86643359e-04 -5.87221934e-03 1.60593161e-04
1.33775100e-02 7.79031068e-02 1.71201304e-02 9.79323592e-03 -3.57103185e-03 1.38812326e-02 2.52318941e-02 2.19675452e-02 -9.74044576e-03 -6.35567645e-04 -2.79071033e-02 -8.59851018e-03 -4.18575890e-02 -4.59632184e-03 -3.43116708e-02 9.38307319e-04
-3.68904648e-03 -1.96314156e-02 -3.72468261e-03 -2.08108919e-03 7.31069711e-04 -2.91372417e-03 -5.23971580e-03 -4.53487597e-03 2.00082501e-03 1.30835702e-04 5.73026622e-03 1.76450366e-03 8.58910661e-03 9.43042513e-04 7.03933043e-03 -1.92549458e-04
-7.48409890e-03 -3.72457877e-02 -7.67307915e-03 -4.25095903e-03 1.52107165e-03 -5.98437991e-03 -1.08279437e-02 -9.41243302e-03 4.15860303e-03 2.71755562e-04 1.19094979e-02 3.66686960e-03 1.78488772e-02 1.95972715e-03 1.46282976e-02 -4.00151563e-04
8.11840291e-04 3.22353072e-03 6.06887625e-04 3.35740915e-04 -1.22133395e-04 4.80644696e-04 8.68883159e-04 7.56010355e-04 -3.33870703e-04 -2.17986562e-05 -9.56483127e-04 -2.94621277e-04 -1.43417902e-03 -1.57478600e-04 -1.17556099e-03 3.21492735e-05
-9.39193182e-03 -5.20646237e-02 -1.11216176e-02 -6.06854353e-03 2.18547694e-03 -8.52943864e-03 -1.55157745e-02 -1.34683242e-02 5.97044220e-03 3.89516645e-04 1.71015207e-02 5.26876096e-03 2.56479252e-02 2.81630317e-03 2.10236609e-02 -5.74935053e-04
1.42227011e-02 8.40997323e-02 1.68062299e-02 9.53254476e-03 -3.44443880e-03 1.34491958e-02 2.45470200e-02 2.12916397e-02 -9.40853637e-03 -6.13751821e-04 -2.69406326e-02 -8.29979498e-03 -4.04018201e-02 -4.43629408e-03 -3.31163779e-02 9.05672903e-04
7.98940845e-03 4.65114899e-02 8.75552651e-03 5.08353254e-03 -1.79736316e-03 7.14433705e-03 1.28764147e-02 1.11728786e-02 -4.91816131e-03 -3.21909902e-04 -1.40898470e-02 -4.33860393e-03 -2.11180076e-02 -2.31872778e-03 -1.73083898e-02 4.73423046e-04
