4.61447164e-02 -5.06441444e-02 2.69627245e-03 2.45943367e-02 5.46953082e-03 -7.37548899e-03 7.36506004e-03 1.41270515e-02 5.37187979e-03 4.09369997e-04 1.39584132e-02 1.23212417e-03 1.19711077e-02 7.20520213e-04 2.32807472e-02 8.51812772e-03
8.77728015e-02 -9.47314799e-02 5.29729389e-03 4.42127213e-02 9.89502389e-03 -1.33005613e-02 1.33405970e-02 2.56437548e-02 9.72239859e-03 7.41122640e-04 2.53611598e-02 2.23882846e-03 2.17496268e-02 1.30986888e-03 4.23011370e-02 1.54776797e-02
-2.99128480e-02 1.14670638e-02 4.74571483e-04 -1.27053121e-03 -1.74548230e-04 2.52177502e-04 -2.04944256e-04 -3.65040993e-04 -1.46724953e-04 -1.34801512e-05 -3.33440257e-04 -2.93329231e-05 -2.86775321e-04 -1.67014732e-05 -5.55012375e-04 -2.02918905e-04
-5.79772629e-02 6.51604459e-02 -2.77190097e-03 -3.03317010e-02 -6.69746101e-03 9.06541757e-03 -8.98424350e-03 -1.72260161e-02 -6.52713189e-03 -5.03079209e-04 -1.69823430e-02 -1.49885926e-03 -1.45652760e-02 -8.75814527e-04 -2.83223502e-02 -1.03625702e-02
-9.71293077e-04 -4.31939550e-02 5.15004434e-03 3.13382261e-02 7.08157336e-03 -9.53307003e-03 9.58806090e-03 1.84746515e-02 6.99030468e-03 5.30753343e-04 1.82860289e-02 1.61433720e-03 1.56818312e-02 9.44734202e-04 3.05014700e-02 1.11603644e-02
9.32929665e-03 -1.21344114e-03 -7.79572176e-04 -2.69724801e-03 -6.45341875e-04 8.53816455e-04 -8.89001298e-04 -1.72393501e-03 -6.50383707e-04 -4.87543293e-05 -1.71551434e-03 -1.51475018e-04 -1.47102925e-03 -8.87461429e-05 -2.86183576e-03 -1.04716816e-03
5.57263428e-03 -4.03272454e-03 1.54868205e-04 1.76538341e-03 3.84465675e-04 -5.30036632e-04 5.05927252e-04 9.67130531e-04 3.69449321e-04 2.90246644e-05 9.53517156e-04 8.41404035e-05 8.17821478e-04 4.90921884e-05 1.59010303e-03 5.81730797e-04
-3.00605390e-02 3.13067436e-02 -7.40600866e-04 -1.24787074e-02 -2.70314282e-03 3.67934071e-03 -3.60673061e-03 -6.88565616e-03 -2.63182446e-03 -2.06619836e-04 -6.78456808e-03 -5.98677783e-04 -5.82122104e-03 -3.48754955e-04 -1.13147898e-02 -4.13950067e-03
8.26580301e-02 -1.01979554e-01 4.76608705e-03 4.54764701e-02 1.00388508e-02 -1.36693856e-02 1.35585386e-02 2.60533541e-02 9.90841351e-03 7.61539093e-04 2.57582720e-02 2.27341149e-03 2.20913999e-02 1.32856646e-03 4.29574475e-02 1.57175101e-02
-4.73069474e-02 4.86316234e-02 -1.93480507e-03 -2.13863049e-02 -4.81723389e-03 6.48382353e-03 -6.44332496e-03 -1.23812612e-02 -4.66739247e-03 -3.56013770e-04 -1.21467719e-02 -1.07222097e-03 -1.04179652e-02 -6.26966008e-04 -2.02595871e-02 -7.41269207e-03
5.59735894e-02 -6.56116456e-02 3.14116757e-03 2.92366594e-02 6.49400475e-03 -8.75066128e-03 8.68291594e-03 1.66849662e-02 6.31495658e-03 4.85210738e-04 1.64511483e-02 1.45211362e-03 1.41095668e-02 8.48958618e-04 2.74379682e-02 1.00391777e-02
5.65874726e-02 -6.42491505e-02 3.70731461e-03 3.16977203e-02 7.06697535e-03 -9.49400011e-03 9.51430108e-03 1.82844605e-02 6.92673167e-03 5.27021126e-04 1.80737376e-02 1.59549003e-03 1.55004850e-02 9.33251518e-04 3.01461332e-02 1.10301906e-02
1.00617297e-02 -1.01190964e-02 5.51064848e-04 4.91184974e-03 1.10111909e-03 -1.48180418e-03 1.47461239e-03 2.83213286e-03 1.07515755e-03 8.23209848e-05 2.79898336e-03 2.47065909e-04 2.40059383e-03 1.44437654e-04 4.66835359e-03 1.70808169e-03
-5.12678027e-02 6.63388520e-02 -3.74616636e-03 -3.26021090e-02 -7.31680496e-03 9.85283591e-03 -9.82509181e-03 -1.88800972e-02 -7.16385012e-03 -5.43997216e-04 -1.86431594e-02 -1.64576876e-03 -1.59891080e-02 -9.62647260e-04 -3.10961846e-02 -1.13777751e-02
1.25138089e-01 -1.26597658e-01 5.91438171e-03 5.98745272e-02 1.33327814e-02 -1.80455744e-02 1.80402603e-02 3.46689261e-02 1.31501229e-02 9.95945535e-04 3.42749804e-02 3.02581885e-03 2.93939542e-02 1.77061651e-03 5.71701191e-02 2.09182315e-02
-3.94370884e-01 3.82468700e-01 -1.19248908e-02 -1.51135236e-01 -3.38023417e-02 4.58234511e-02 -4.57170308e-02 -8.77043903e-02 -3.32338028e-02 -2.53237784e-03 -8.67169499e-02 -7.65525969e-03 -7.43658692e-02 -4.47896495e-03 -1.44638568e-01 -5.29224277e-02
-4.45643850e-02 6.07760288e-02 -4.39476920e-03 -3.27028297e-02 -7.29603646e-03 9.85124055e-03 -9.85796656e-03 -1.89761128e-02 -7.17278011e-03 -5.45011368e-04 -1.87489185e-02 -1.65517046e-03 -1.60788111e-02 -9.68574255e-04 -3.12729552e-02 -1.14426231e-02
5.76768145e-02 -6.42177463e-02 2.28650263e-03 2.73854844e-02 6.01464929e-03 -8.13197996e-03 7.99888279e-03 1.53050525e-02 5.85577311e-03 4.58356255e-04 1.49904275e-02 1.32265827e-03 1.28662605e-02 7.68326863e-04 2.50031464e-02 9.14704241e-03
-7.79398810e-03 1.34655256e-02 -8.77826940e-04 -6.97704777e-03 -1.56753394e-03 2.11435347e-03 -2.11994490e-03 -4.07547969e-03 -1.54323236e-03 -1.17456402e-04 -4.02914546e-03 -3.55684548e-04 -3.45539185e-03 -2.08096564e-04 -6.72042416e-03 -2.45895726e-03
1.24785066e-01 -1.31893247e-01 9.50670894e-03 6.96571171e-02 1.57268401e-02 -2.12366395e-02 2.12234911e-02 4.08731662e-02 1.54621108e-02 1.17500604e-03 4.04515453e-02 3.57111171e-03 3.46898958e-02 2.08990695e-03 6.74726143e-02 2.46879701e-02
-4.37775292e-02 3.59288454e-02 -1.43195130e-03 -1.60849467e-02 -3.58507130e-03 4.85107163e-03 -4.82778670e-03 -9.27069597e-03 -3.50788422e-03 -2.68156466e-04 -9.13740601e-03 -8.06564989e-04 -7.83657376e-03 -4.71641164e-04 -1.52399139e-02 -5.57608297e-03
1.26611684e-02 -8.15907493e-03 3.92212241e-04 3.62820784e-03 8.08251789e-04 -1.09459681e-03 1.09691976e-03 2.10767589e-03 7.98048801e-04 6.06789436e-05 2.08542682e-03 1.84102042e-04 1.78847916e-03 1.07701133e-04 3.47844185e-03 1.27273670e-03
-6.31561130e-02 6.94377646e-02 -1.96398539e-03 -2.57118549e-02 -5.61820343e-03 7.61890924e-03 -7.53980223e-03 -1.43811051e-02 -5.46931336e-03 -4.27331310e-04 -1.41307423e-02 -1.24697061e-03 -1.21238446e-02 -7.26336264e-04 -2.35674027e-02 -8.62228591e-03
-1.26563817e-01 7.68526196e-02 -1.60942576e-03 -2.51092259e-02 -5.19464724e-03 7.12260930e-03 -6.92486903e-03 -1.32965073e-02 -5.05238678e-03 -3.91700712e-04 -1.31164435e-02 -1.15759892e-03 -1.12479357e-02 -6.75919116e-04 -2.18736231e-02 -8.00284371e-03
1.31068770e-02 -8.25128891e-03 8.01911665e-05 2.46579223e-03 4.66097874e-04 -6.28619571e-04 5.96269849e-04 1.13544613e-03 4.30646905e-04 3.33406897e-05 1.11325935e-03 9.82494603e-05 9.54750809e-04 5.74205951e-05 1.85643905e-03 6.79234567e-04
8.68326724e-02 -1.01803571e-01 5.50029706e-03 4.94302586e-02 1.10307373e-02 -1.48450779e-02 1.48096345e-02 2.84467824e-02 1.07592586e-02 8.22146249e-04 2.80313361e-02 2.47441628e-03 2.40426157e-02 1.44677598e-03 4.67541590e-02 1.71066802e-02
-7.29713812e-02 8.04099515e-02 -2.77320319e-03 -3.58668566e-02 -7.83005357e-03 1.06632710e-02 -1.03983143e-02 -1.98900253e-02 -7.59325316e-03 -5.94314071e-04 -1.95883270e-02 -1.72817963e-03 -1.68036893e-02 -1.00716762e-03 -3.26631330e-02 -1.19495690e-02
1.10672340e-02 1.80071127e-03 -2.50924844e-03 -9.60142817e-03 -2.21914239e-03 2.93337973e-03 -3.03732068e-03 -5.87158557e-03 -2.21157167e-03 -1.64677796e-04 -5.82702365e-03 -5.14575746e-04 -4.99656750e-03 -3.01702006e-04 -9.72153433e-03 -3.55726969e-03
4.20478312e-03 -3.78057500e-03 5.79739106e-04 3.24445218e-03 7.21062708e-04 -9.71491158e-04 9.73367831e-04 1.87205314e-03 7.08629144e-04 5.37842207e-05 1.85126055e-03 1.63423552e-04 1.58759428e-03 9.56181102e-05 3.08774738e-03 1.12978625e-03
3.51833031e-02 -3.47868316e-02 8.14793981e-04 1.43427076e-02 3.13878316e-03 -4.24506376e-03 4.17455472e-03 8.01393669e-03 3.05056735e-03 2.38382127e-04 7.87752029e-03 6.95148832e-04 6.75830198e-03 4.05160681e-04 1.31376358e-02 4.80648736e-03
5.51092997e-02 -6.74868897e-02 3.39356670e-03 3.03137880e-02 6.74993405e-03 -9.12420172e-03 9.09401383e-03 1.74981542e-02 6.63336180e-03 5.08848985e-04 1.72238033e-02 1.52040680e-03 1.47739761e-02 8.87806702e-04 2.87317839e-02 1.05120800e-02
1.52937695e-02 -1.77251287e-02 1.39460119e-03 9.78225376e-03 2.20381818e-03 -2.98829190e-03 2.98157916e-03 5.74219879e-03 2.17154762e-03 1.64972502e-04 5.67825604e-03 5.01274888e-04 4.86945594e-03 2.93359801e-04 9.47106723e-03 3.46542988e-03
-2.31910199e-02 4.40232679e-02 -3.43845156e-03 -2.52272766e-02 -5.58403414e-03 7.51835154e-03 -7.51662999e-03 -1.44711304e-02 -5.47696184e-03 -4.16237570e-04 -1.43007990e-02 -1.26248633e-03 -1.22646755e-02 -7.38670235e-04 -2.38537882e-02 -8.72794259e-03
1.01477608e-01 -1.28013164e-01 7.08928937e-03 6.16302155e-02 1.38972821e-02 -1.85945425e-02 1.87105052e-02 3.59074920e-02 1.35968626e-02 1.03232497e-03 3.54745276e-02 3.13139055e-03 3.04198582e-02 1.83225144e-03 5.91648370e-02 2.16480829e-02
-1.01107448e-01 5.19094244e-02 1.44093879e-04 -1.22896899e-02 -2.74150376e-03 3.78936413e-03 -3.82544263e-03 -7.32646324e-03 -2.77554104e-03 -2.10358470e-04 -7.26918550e-03 -6.41762686e-04 -6.23396691e-03 -3.75607284e-04 -1.21254269e-02 -4.43665870e-03
3.12661976e-02 -4.14918512e-02 2.24691886e-03 1.93651300e-02 4.32496425e-03 -5.87317254e-03 5.81450574e-03 1.11566409e-02 4.23195632e-03 3.26532958e-04 1.10047990e-02 9.71327943e-04 9.43955313e-03 5.67404088e-04 1.83546059e-02 6.71554776e-03
-1.60812959e-01 2.08033338e-01 -1.46006495e-02 -1.09805986e-01 -2.45279688e-02 3.31100076e-02 -3.31552625e-02 -6.39183670e-02 -2.41570491e-02 -1.83446577e-03 -6.31233156e-02 -5.57255279e-03 -5.41334413e-02 -3.26099293e-03 -1.05288304e-01 -3.85244302e-02
-9.70157683e-02 1.22273631e-01 -7.92356022e-03 -6.38168082e-02 -1.41559066e-02 1.91928372e-02 -1.91713497e-02 -3.68781276e-02 -1.39269913e-02 -1.06465688e-03 -3.63789238e-02 -3.21153179e-03 -3.11997924e-02 -1.87878276e-03 -6.06800616e-02 -2.22024731e-02
5.77603206e-02 -6.58681765e-02 3.84887541e-03 3.31771262e-02 7.47084711e-03 -1.00047961e-02 1.00223739e-02 1.92769803e-02 7.29995267e-03 5.54595841e-04 1.90702565e-02 1.68350677e-03 1.63543131e-02 9.85105638e-04 3.18084024e-02 1.16385231e-02
3.73901874e-02 -6.47483543e-02 5.38759120e-03 3.77065316e-02 8.47114436e-03 -1.14133777e-02 1.14639364e-02 2.20588315e-02 8.35225824e-03 6.33915653e-04 2.18333863e-02 1.92749640e-03 1.87239498e-02 1.12800428e-03 3.64182256e-02 1.33252759e-02
2.47065835e-02 -3.05768885e-02 1.50766131e-03 1.48778046e-02 3.30298697e-03 -4.45011538e-03 4.39483486e-03 8.43412988e-03 3.20113776e-03 2.46965123e-04 8.30373354e-03 7.32854009e-04 7.12276343e-03 4.27948515e-04 1.38485702e-02 5.06682554e-03
-1.04441464e-01 1.13407582e-01 -6.10896805e-03 -5.41412421e-02 -1.20483972e-02 1.60936490e-02 -1.61023382e-02 -3.08666918e-02 -1.16920443e-02 -8.92962271e-04 -3.04307900e-02 -2.68631405e-03 -2.60992199e-02 -1.57086109e-03 -5.07579148e-02 -1.85716040e-02
9.17822868e-02 -9.04269964e-02 2.80413404e-03 3.55348513e-02 7.82795530e-03 -1.07073383e-02 1.03721218e-02 1.98552720e-02 7.51920464e-03 5.82317822e-04 1.95364263e-02 1.72419101e-03 1.67541932e-02 1.00767473e-03 3.25792171e-02 1.19201858e-02
-1.45731270e-01 1.87339514e-01 -1.36410529e-02 -1.03381701e-01 -2.31901128e-02 3.12242489e-02 -3.13518085e-02 -6.03832193e-02 -2.28504334e-02 -1.73391623e-03 -5.97479977e-02 -5.27467066e-03 -5.12385964e-02 -3.08689731e-03 -9.96597707e-02 -3.64651270e-02
6.43372163e-02 -8.04150775e-02 4.36098874e-03 3.77813578e-02 8.39723740e-03 -1.13546178e-02 1.12799536e-02 2.17370708e-02 8.26081447e-03 6.30639435e-04 2.13831365e-02 1.88754790e-03 1.83452647e-02 1.09993271e-03 3.56703848e-02 1.30511895e-02
-6.03317022e-02 6.32096231e-02 -2.82895612e-03 -2.91075222e-02 -6.52106572e-03 8.88531283e-03 -8.74518231e-03 -1.67915430e-02 -6.36553811e-03 -4.90091159e-04 -1.65215824e-02 -1.45817664e-03 -1.41694723e-02 -8.51981633e-04 -2.75539663e-02 -1.00813694e-02
-2.47705519e-01 2.82619447e-01 -1.25803277e-02 -1.18587181e-01 -2.64297593e-02 3.59793715e-02 -3.53984796e-02 -6.77150935e-02 -2.56982781e-02 -2.03492143e-03 -6.66616708e-02 -5.88327181e-03 -5.71791530e-02 -3.43435677e-03 -1.11188881e-01 -4.06784490e-02
-7.47446865e-02 7.63513371e-02 -5.04196342e-03 -3.82921696e-02 -8.54706112e-03 1.15574887e-02 -1.15076760e-02 -2.21485179e-02 -8.38074926e-03 -6.39598351e-04 -2.18944810e-02 -1.93283695e-03 -1.87765732e-02 -1.13089045e-03 -3.65195461e-02 -1.33622484e-02
1.14020975e-02 -3.76902893e-02 3.90953477e-03 2.46151369e-02 5.63762104e-03 -7.58317346e-03 7.66797876e-03 1.47802876e-02 5.59153594e-03 4.23420395e-04 1.46389389e-02 1.29238633e-03 1.25539964e-02 7.56421592e-04 2.44182851e-02 8.93458631e-03
-5.36193475e-02 4.86554280e-02 -7.63243646e-04 -1.55857811e-02 -3.51333129e-03 4.67648264e-03 -4.64337692e-03 -8.87438003e-03 -3.34624667e-03 -2.57172942e-04 -8.71717744e-03 -7.69513892e-04 -7.47616822e-03 -4.50245338e-04 -1.45397950e-02 -5.31978812e-03
-8.91074762e-02 1.04176655e-01 -6.43222686e-03 -5.04414216e-02 -1.14130136e-02 1.53602147e-02 -1.54228099e-02 -2.96483748e-02 -1.12219267e-02 -8.51765100e-04 -2.93259192e-02 -2.58893264e-03 -2.51493212e-02 -1.51507719e-03 -4.89154980e-02 -1.78979486e-02
-2.84496881e-02 3.58118936e-02 -1.02511921e-03 -1.47853578e-02 -3.23489099e-03 4.43967432e-03 -4.30414127e-03 -8.22043885e-03 -3.14772525e-03 -2.47848104e-04 -8.08538869e-03 -7.13320274e-04 -6.93787541e-03 -4.15068760e-04 -1.34835625e-02 -4.93269088e-03
3.69860455e-02 -3.95695418e-02 1.42635079e-03 1.73633005e-02 3.80275538e-03 -5.22143068e-03 5.11620147e-03 9.80544090e-03 3.73035832e-03 2.88325187e-04 9.63730551e-03 8.50422482e-04 8.26655701e-03 4.96269087e-04 1.60709210e-02 5.87984640e-03
8.03548750e-03 -8.08507018e-03 2.67908850e-04 3.36517650e-03 7.37224065e-04 -9.89804859e-04 9.76458890e-04 1.87433534e-03 7.10273744e-04 5.45516850e-05 1.84686284e-03 1.63010205e-04 1.58387178e-03 9.53121053e-05 3.08005465e-03 1.12694921e-03
-8.30180012e-03 -7.47015048e-03 1.13366405e-03 6.44549774e-03 1.49382954e-03 -2.01286864e-03 2.04863283e-03 3.95712256e-03 1.49636052e-03 1.12596666e-04 3.93109955e-03 3.47085617e-04 3.37115047e-03 2.03279647e-04 6.55761082e-03 2.39945995e-03
4.73929793e-02 -4.79133949e-02 2.06314540e-03 2.18725093e-02 4.82848193e-03 -6.63393317e-03 6.46185456e-03 1.24412039e-02 4.71434696e-03 3.66178661e-04 1.22117074e-02 1.07750145e-03 1.04730623e-02 6.28721202e-04 2.03625187e-02 7.45004555e-03
1.80074591e-02 -1.91664193e-02 9.69068264e-04 9.09022242e-03 1.98753620e-03 -2.68416223e-03 2.66580237e-03 5.12001896e-03 1.94156379e-03 1.49454310e-04 5.04817627e-03 4.45571699e-04 4.32983041e-03 2.60367116e-04 8.41938332e-03 3.08049563e-03
-4.21165936e-02 4.76762056e-02 -2.04594946e-03 -2.03851368e-02 -4.52304492e-03 6.03108900e-03 -6.02688082e-03 -1.15585970e-02 -4.38478636e-03 -3.36249534e-04 -1.13972444e-02 -1.00599648e-03 -9.77494661e-03 -5.88066177e-04 -1.90085918e-02 -6.95493165e-03
-1.33206785e-01 1.42467111e-01 -6.05347520e-03 -6.21377118e-02 -1.39685068e-02 1.88079178e-02 -1.88038517e-02 -3.61160822e-02 -1.36790425e-02 -1.03806215e-03 -3.56819443e-02 -3.14976810e-03 -3.05982493e-02 -1.84309483e-03 -5.95119894e-02 -2.17751246e-02
9.58433449e-02 -1.06479526e-01 5.68738859e-03 5.31813093e-02 1.20029915e-02 -1.62115842e-02 1.61924809e-02 3.11282594e-02 1.17802182e-02 8.95647157e-04 3.07893753e-02 2.71806237e-03 2.64039468e-02 1.59057102e-03 5.13551198e-02 1.87906045e-02
3.37774213e-03 -3.18979076e-03 -9.94112852e-05 8.65813345e-04 1.87047452e-04 -2.54363316e-04 2.44405033e-04 4.64382349e-04 1.77097900e-04 1.39175590e-05 4.54450579e-04 4.00954887e-05 3.89826600e-04 2.33818919e-05 7.57722708e-04 2.77217798e-04
-1.30158551e-02 1.04263593e-02 8.98160215e-05 -2.65283976e-03 -5.86376991e-04 8.57548439e-04 -7.25452672e-04 -1.33804546e-03 -5.23100840e-04 -4.48528845e-05 -1.27208885e-03 -1.11860012e-04 -1.09072670e-03 -6.45671971e-05 -2.11439771e-03 -7.73536449e-04
-2.41401140e-04 -1.14341229e-02 1.33233366e-03 8.05057399e-03 1.79656479e-03 -2.43541365e-03 2.40284810e-03 4.61209565e-03 1.75028108e-03 1.34539834e-04 4.54200059e-03 4.00880090e-04 3.89625272e-03 2.34086736e-04 7.57540856e-03 2.77164811e-03
9.31261852e-03 2.75658071e-02 -3.95868579e-03 -2.30919942e-02 -5.24514914e-03 7.06736045e-03 -7.12258881e-03 -1.37337884e-02 -5.19684423e-03 -3.93819617e-04 -1.36033092e-02 -1.20095618e-03 -1.16659123e-02 -7.02892954e-04 -2.26908587e-02 -8.30251817e-03
3.87677997e-02 -4.26160768e-02 1.70928077e-03 1.89453103e-02 4.12175525e-03 -5.61005482e-03 5.45873493e-03 1.04307970e-02 3.96213681e-03 3.07741517e-04 1.02631496e-02 9.05708584e-04 8.80294852e-03 5.28875564e-04 1.71146914e-02 6.26179343e-03
-5.85387349e-02 8.61350670e-02 -5.39429020e-03 -4.43418734e-02 -9.94334463e-03 1.33283893e-02 -1.32675255e-02 -2.55031940e-02 -9.64963064e-03 -7.36210786e-04 -2.51467749e-02 -2.21969862e-03 -2.15666220e-02 -1.29828881e-03 -4.19406034e-02 -1.53456340e-02
-1.12720923e-02 -1.44566325e-02 2.78546545e-03 1.38089312e-02 3.19079403e-03 -4.30864934e-03 4.36645979e-03 8.43788963e-03 3.19373142e-03 2.41203874e-04 8.37005582e-03 7.38983159e-04 7.17809889e-03 4.32556582e-04 1.39622558e-02 5.10877091e-03
-2.57816315e-01 3.02520990e-01 -1.42101934e-02 -1.28353670e-01 -2.82593127e-02 3.85243855e-02 -3.81817706e-02 -7.33647943e-02 -2.77953744e-02 -2.12319172e-03 -7.25182444e-02 -6.40101125e-03 -6.21952340e-02 -3.74336727e-03 -1.20945446e-01 -4.42535318e-02
-1.16056146e-03 -1.96101237e-03 3.54152027e-04 1.79393287e-03 4.08706546e-04 -5.47024480e-04 5.53740305e-04 1.06910523e-03 4.04112041e-04 3.05294052e-05 1.05908909e-03 9.35014759e-05 9.08222049e-04 5.47501222e-05 1.76665420e-03 6.46420405e-04
-4.88158241e-02 5.05398363e-02 -1.76172773e-03 -2.16561500e-02 -4.81008692e-03 6.50230516e-03 -6.40009670e-03 -1.21898949e-02 -4.64598695e-03 -3.66693450e-04 -1.19767077e-02 -1.05663761e-03 -1.02758138e-02 -6.14999852e-04 -1.99710112e-02 -7.30635924e-03
-4.23607565e-02 5.13313860e-02 -2.61784298e-04 -2.04339828e-02 -4.55174968e-03 6.16516778e-03 -6.11362187e-03 -1.17330346e-02 -4.45861183e-03 -3.42439278e-04 -1.15815792e-02 -1.02226413e-03 -9.93481558e-03 -5.97298727e-04 -1.93170644e-02 -7.06757093e-03
2.16942467e-02 -2.81420220e-02 2.01557367e-03 1.50053659e-02 3.37051414e-03 -4.52420348e-03 4.53672837e-03 8.73051211e-03 3.30706872e-03 2.51572579e-04 8.63891561e-03 7.62637297e-04 7.40864361e-03 4.46238002e-04 1.44094229e-02 5.27232280e-03
-4.18549299e-01 4.12706912e-01 -2.03039963e-02 -1.76116213e-01 -3.91864069e-02 5.29312529e-02 -5.27872965e-02 -1.01212896e-01 -3.83475609e-02 -2.93696322e-03 -9.99087095e-02 -8.81873816e-03 -8.56800154e-02 -5.15683321e-03 -1.66629061e-01 -6.09677471e-02
-4.57920656e-02 5.17135561e-02 -3.28213489e-03 -2.64901724e-02 -5.97682875e-03 8.03620275e-03 -8.03528260e-03 -1.54283792e-02 -5.83276339e-03 -4.43748751e-04 -1.52309695e-02 -1.34454819e-03 -1.30616426e-02 -7.86731485e-04 -2.54041310e-02 -9.29522142e-03
-5.09044565e-02 4.87533882e-02 -1.79946702e-03 -2.05525383e-02 -4.60621715e-03 6.20835228e-03 -6.16549980e-03 -1.18269445e-02 -4.49824985e-03 -3.43914784e-04 -1.16816433e-02 -1.03111647e-03 -1.00194067e-02 -6.02625951e-04 -1.94835160e-02 -7.12864520e-03
-7.88295045e-02 9.66135114e-02 -5.48899267e-03 -4.74741384e-02 -1.05540575e-02 1.42709510e-02 -1.40737323e-02 -2.70621311e-02 -1.03035197e-02 -7.96512060e-04 -2.66478974e-02 -2.35198601e-03 -2.28653941e-02 -1.37087121e-03 -4.44517806e-02 -1.62627511e-02
6.31991327e-02 -6.52755648e-02 3.54374666e-03 3.06696966e-02 6.75033545e-03 -9.14768502e-03 9.08024888e-03 1.74701139e-02 6.61418866e-03 5.05731034e-04 1.72612332e-02 1.52367330e-03 1.48031469e-02 8.91123898e-04 2.87893433e-02 1.05337305e-02
-1.07178360e-01 1.31380141e-01 -6.95785228e-03 -6.27177134e-02 -1.41999973e-02 1.90504882e-02 -1.90765243e-02 -3.67052332e-02 -1.38866501e-02 -1.05516973e-03 -3.62889841e-02 -3.20356456e-03 -3.11205052e-02 -1.87465094e-03 -6.05284274e-02 -2.21470613e-02
2.92745903e-02 -3.75118554e-02 1.94904464e-03 1.79550163e-02 3.99026787e-03 -5.40484907e-03 5.36471233e-03 1.03078475e-02 3.91179649e-03 2.99747189e-04 1.01720933e-02 8.97872378e-04 8.72453023e-03 5.24812727e-04 1.69656575e-02 6.20745821e-03
7.35764951e-02 -7.53764510e-02 4.45166230e-03 3.81881185e-02 8.50404799e-03 -1.14535876e-02 1.14492830e-02 2.20275745e-02 8.34666193e-03 6.34937489e-04 2.17913426e-02 1.92370452e-03 1.86881721e-02 1.12550752e-03 3.63470167e-02 1.32991178e-02
-4.79454100e-02 5.61050065e-02 -3.41213797e-03 -2.78672986e-02 -6.10838924e-03 8.21490772e-03 -8.18055216e-03 -1.56975016e-02 -5.93790691e-03 -4.55313042e-04 -1.54558951e-02 -1.36428676e-03 -1.32558383e-02 -7.97628891e-04 -2.57784370e-02 -9.43196192e-03
7.00990260e-02 -8.10121447e-02 3.44733079e-03 3.61804292e-02 8.04845523e-03 -1.08897360e-02 1.08106239e-02 2.07250323e-02 7.85037223e-03 5.98575280e-04 2.04500332e-02 1.80524692e-03 1.75382551e-02 1.05605356e-03 3.41091752e-02 1.24802263e-02
-5.18391049e-03 2.05021584e-03 -3.49283044e-04 -1.69441814e-03 -4.74843138e-04 6.26371941e-04 -7.03113386e-04 -1.37605204e-03 -5.11208782e-04 -3.75965246e-05 -1.37150590e-03 -1.21131437e-04 -1.17568043e-03 -7.11077373e-05 -2.28830311e-03 -8.37365398e-04
2.20125187e-02 -2.98972633e-02 1.99280307e-03 1.56230265e-02 3.50555824e-03 -4.70839860e-03 4.71838610e-03 9.07893851e-03 3.43569182e-03 2.61391135e-04 8.97666533e-03 7.92456034e-04 7.69831426e-03 4.63690405e-04 1.49728097e-02 5.47846500e-03
-1.48735857e-02 2.93189455e-02 -2.57753138e-03 -1.78833082e-02 -3.99872987e-03 5.38527640e-03 -5.40410075e-03 -1.03860451e-02 -3.93017195e-03 -2.98731466e-04 -1.02732386e-02 -9.06922389e-04 -8.81014857e-03 -5.30729420e-04 -1.71354543e-02 -6.26978045e-03
-7.03247413e-02 6.33703694e-02 -3.57370032e-03 -2.90695131e-02 -6.48771273e-03 8.76013935e-03 -8.74045119e-03 -1.68120153e-02 -6.36667293e-03 -4.84508608e-04 -1.66320018e-02 -1.46822585e-03 -1.42630832e-02 -8.59118707e-04 -2.77408808e-02 -1.01502324e-02
-3.62885818e-02 5.21177128e-02 -2.91750301e-03 -2.44415943e-02 -5.46414405e-03 7.35213142e-03 -7.34975655e-03 -1.41341574e-02 -5.34719136e-03 -4.07655520e-04 -1.39696309e-02 -1.23311277e-03 -1.19797559e-02 -7.21337739e-04 -2.32991781e-02 -8.52494594e-03
8.31161439e-02 -8.81011635e-02 4.00223397e-03 3.87541465e-02 8.49912222e-03 -1.14670284e-02 1.13165667e-02 2.17200592e-02 8.23092926e-03 6.28472946e-04 2.13925727e-02 1.88838074e-03 1.83472484e-02 1.10407267e-03 3.56810763e-02 1.30551904e-02
9.20608938e-02 -9.36352313e-02 4.05779015e-03 4.07597460e-02 9.03637335e-03 -1.22412881e-02 1.21222390e-02 2.32428275e-02 8.82850867e-03 6.77152886e-04 2.29474306e-02 2.02523335e-03 1.96807850e-02 1.18333986e-03 3.82683948e-02 1.40016433e-02
-5.28448895e-02 6.20288067e-02 -2.82884948e-03 -2.67628375e-02 -5.98009443e-03 8.06360133e-03 -8.01118743e-03 -1.53945349e-02 -5.83977625e-03 -4.46262216e-04 -1.52087705e-02 -1.34244701e-03 -1.30428737e-02 -7.85003940e-04 -2.53653172e-02 -9.28085577e-03
-1.27128214e-01 1.31949395e-01 -4.22139699e-03 -5.32499515e-02 -1.17624430e-02 1.60176344e-02 -1.56747550e-02 -3.00526991e-02 -1.14114163e-02 -8.72608158e-04 -2.96699367e-02 -2.61887745e-03 -2.54459493e-02 -1.53098337e-03 -4.94846888e-02 -1.81056429e-02
-7.18032792e-02 8.92276019e-02 -5.25048049e-03 -4.39604037e-02 -9.81632899e-03 1.32748056e-02 -1.32453088e-02 -2.54503917e-02 -9.65183042e-03 -7.36425165e-04 -2.51416340e-02 -2.21922621e-03 -2.15624589e-02 -1.29759568e-03 -4.19322811e-02 -1.53424526e-02
1.25965655e-01 -1.25778228e-01 6.93275779e-03 6.19226135e-02 1.39299370e-02 -1.87421367e-02 1.87900141e-02 3.61437090e-02 1.36822546e-02 1.03684049e-03 3.57207358e-02 3.15348641e-03 3.06339469e-02 1.84535177e-03 5.95821813e-02 2.18008365e-02
7.10104257e-02 -7.73560479e-02 3.08379973e-03 3.35309394e-02 7.52757024e-03 -1.01487041e-02 1.01475976e-02 1.94871817e-02 7.37578887e-03 5.62193687e-04 1.92568861e-02 1.69990724e-03 1.65134985e-02 9.94682545e-04 3.21179740e-02 1.17517896e-02
-9.03834961e-03 1.53874708e-02 -1.11274165e-03 -8.57282802e-03 -1.89065118e-03 2.54358631e-03 -2.53033265e-03 -4.85666702e-03 -1.84101751e-03 -1.41272438e-04 -4.79053054e-03 -4.22837242e-04 -4.10869252e-03 -2.47154792e-04 -7.98972324e-03 -2.92330794e-03
-1.79554976e-03 4.50927578e-03 -6.73687959e-04 -3.50475777e-03 -8.26230389e-04 1.09836995e-03 -1.14292675e-03 -2.20564939e-03 -8.31704936e-04 -6.16056204e-05 -2.20369035e-03 -1.94602311e-04 -1.88922021e-03 -1.14219198e-04 -3.67567292e-03 -1.34512247e-03
-3.40653867e-01 3.80643725e-01 -1.26466556e-02 -1.55847728e-01 -3.36252376e-02 4.49211821e-02 -4.48703989e-02 -8.58202428e-02 -3.26528549e-02 -2.51294021e-03 -8.47515762e-02 -7.47969886e-03 -7.26833120e-02 -4.36090631e-03 -1.41356140e-01 -5.17156944e-02
-3.74531709e-02 5.92007712e-02 -4.42084298e-03 -3.19163948e-02 -7.14872731e-03 9.62121226e-03 -9.64846928e-03 -1.85765084e-02 -7.03806616e-03 -5.35096275e-04 -1.83711704e-02 -1.62178313e-03 -1.57556105e-02 -9.48729750e-04 -3.06427553e-02 -1.12119392e-02
3.47131118e-02 -3.31673883e-02 1.52343884e-03 1.39604127e-02 3.11375200e-03 -4.23983810e-03 4.16334998e-03 8.01089220e-03 3.01775988e-03 2.34776235e-04 7.84179848e-03 6.92053989e-04 6.72653597e-03 4.03996877e-04 1.30776232e-02 4.78474749e-03
-1.60319917e-02 6.88670669e-03 1.08537133e-04 -1.70132704e-03 -3.59731377e-04 4.91693208e-04 -4.73618333e-04 -9.02865489e-04 -3.43022082e-04 -2.63352649e-05 -8.89161485e-04 -7.84737567e-05 -7.62468553e-04 -4.58869836e-05 -1.48272270e-03 -5.42508438e-04
-5.62092289e-02 6.53082952e-02 -3.68316122e-03 -3.24060842e-02 -7.22539285e-03 9.74034425e-03 -9.75736696e-03 -1.87811553e-02 -7.11399503e-03 -5.40997018e-04 -1.85665004e-02 -1.63897430e-03 -1.59223974e-02 -9.58839897e-04 -3.09673715e-02 -1.13307191e-02
5.54837734e-02 -6.50940016e-02 9.42179468e-04 2.47340687e-02 5.41533111e-03 -7.40408013e-03 7.24545913e-03 1.38552701e-02 5.28921699e-03 4.11172892e-04 1.36228520e-02 1.20202161e-03 1.16897104e-02 7.00001081e-04 2.27178298e-02 8.31138343e-03
-2.15887409e-02 3.09098810e-02 -2.10288633e-03 -1.61635261e-02 -3.61788669e-03 4.88237385e-03 -4.89245588e-03 -9.41464957e-03 -3.56220966e-03 -2.70744553e-04 -9.30747204e-03 -8.21649970e-04 -7.98184797e-03 -4.80789779e-04 -1.55243659e-02 -5.68028353e-03
3.07575222e-02 -3.23565602e-02 1.61904190e-03 1.49967568e-02 3.36362328e-03 -4.54299897e-03 4.52155480e-03 8.68972205e-03 3.29337828e-03 2.50800338e-04 8.59071407e-03 7.58357113e-04 7.36730453e-03 4.43688070e-04 1.43286576e-02 5.24275424e-03
-4.98665543e-03 1.42938215e-02 -1.56367640e-03 -9.62689333e-03 -2.19943910e-03 2.95180245e-03 -3.00505478e-03 -5.79710677e-03 -2.19244347e-03 -1.65805657e-04 -5.74169168e-03 -5.06914454e-04 -4.92403843e-03 -2.96695012e-04 -9.57762450e-03 -3.50442971e-03
-5.00949174e-02 6.10879511e-02 -3.30236461e-03 -2.97077037e-02 -6.62760483e-03 8.98365583e-03 -8.88137892e-03 -1.70876477e-02 -6.47982582e-03 -4.96150402e-04 -1.68867912e-02 -1.49066676e-03 -1.44825326e-02 -8.71729048e-04 -2.81660724e-02 -1.03056254e-02
-4.20632996e-02 5.90277612e-02 -4.49818419e-03 -3.37985605e-02 -7.38731679e-03 9.94064752e-03 -9.98344831e-03 -1.92248952e-02 -7.27728615e-03 -5.52386453e-04 -1.90149061e-02 -1.67866354e-03 -1.63068771e-02 -9.82344034e-04 -3.17167751e-02 -1.16050225e-02
9.16014314e-02 -1.12617008e-01 5.47053292e-03 5.08086458e-02 1.12161422e-02 -1.50373718e-02 1.50826992e-02 2.88421363e-02 1.09528713e-02 8.30522215e-04 2.84803361e-02 2.51414860e-03 2.44250242e-02 1.47094158e-03 4.75031734e-02 1.73810404e-02
-8.93814713e-02 1.23460270e-01 -9.61720105e-03 -6.93627074e-02 -1.55369248e-02 2.08934322e-02 -2.10168641e-02 -4.04679738e-02 -1.53167294e-02 -1.16197206e-03 -4.00633812e-02 -3.53687420e-03 -3.43574770e-02 -2.06987164e-03 -6.68258071e-02 -2.44513080e-02
2.57600397e-02 -1.99152045e-02 8.95600882e-04 8.56439862e-03 1.88773533e-03 -2.55302154e-03 2.52914615e-03 4.85912431e-03 1.83455891e-03 1.41114579e-04 4.78898920e-03 4.22735757e-04 4.10693744e-03 2.47308577e-04 7.98729807e-03 2.92249606e-03
-1.48006910e-02 1.00899274e-02 7.39998068e-04 -1.07212865e-03 -2.16155662e-04 3.12291028e-04 -2.81738088e-04 -5.24073665e-04 -2.00141003e-04 -1.60711788e-05 -5.06813929e-04 -4.47006751e-05 -4.34805028e-04 -2.60206780e-05 -8.44770635e-04 -3.09048657e-04
-6.66706935e-02 6.76323622e-02 -1.43385259e-03 -2.60868520e-02 -5.74491685e-03 7.71122053e-03 -7.64123444e-03 -1.46524049e-02 -5.57278143e-03 -4.28502972e-04 -1.44642871e-02 -1.27666385e-03 -1.24060530e-02 -7.45918893e-04 -2.41237171e-02 -8.82631540e-03
-1.48918219e-02 1.90723576e-02 -3.59269849e-04 -5.99956186e-03 -1.34744914e-03 1.82296755e-03 -1.81025732e-03 -3.48552223e-03 -1.31649768e-03 -1.00175479e-04 -3.43824900e-03 -3.03517532e-04 -2.94851954e-03 -1.77590802e-04 -5.73471561e-03 -2.09829840e-03
8.93770438e-03 -3.87074775e-03 -3.05765221e-04 -7.61833508e-05 -6.86979620e-05 8.33727536e-05 -1.10373483e-04 -2.22333008e-04 -8.25780371e-05 -5.50460572e-06 -2.27108452e-04 -2.00616396e-05 -1.94620909e-04 -1.18101279e-05 -3.78923054e-04 -1.38674019e-04
8.84068161e-02 -1.12490773e-01 6.03268668e-03 5.12643307e-02 1.12921987e-02 -1.53032858e-02 1.52501175e-02 2.92221773e-02 1.10869640e-02 8.47737479e-04 2.88748555e-02 2.54873466e-03 2.47624423e-02 1.49057293e-03 4.81576473e-02 1.76203493e-02
4.39565629e-03 -3.84735428e-02 4.11117636e-03 2.57075038e-02 5.81927039e-03 -7.84245506e-03 7.89465569e-03 1.52097857e-02 5.75517863e-03 4.36457252e-04 1.50594609e-02 1.32949499e-03 1.29146650e-02 7.78089685e-04 2.51194853e-02 9.19113494e-03
-8.14472958e-02 1.10816233e-01 -6.94719609e-03 -5.71310930e-02 -1.28446277e-02 1.73707474e-02 -1.71377491e-02 -3.29128876e-02 -1.24491965e-02 -9.53645038e-04 -3.24335918e-02 -2.86281924e-03 -2.78150626e-02 -1.67405396e-03 -5.40930629e-02 -1.97919086e-02
-2.08711810e-03 -2.95786839e-03 3.60599894e-04 2.15373747e-03 4.86991921e-04 -6.52362127e-04 6.53732219e-04 1.26005628e-03 4.77239955e-04 3.64834341e-05 1.24376267e-03 1.09787616e-04 1.06689113e-03 6.41685547e-05 2.07465631e-03 7.59085873e-04
-1.81295350e-02 2.96053290e-02 -2.23576929e-03 -1.65419504e-02 -3.69352987e-03 4.99026291e-03 -4.98112570e-03 -9.58613958e-03 -3.62568558e-03 -2.76442472e-04 -9.46658757e-03 -8.35657644e-04 -8.11846834e-03 -4.88845515e-04 -1.57893114e-02 -5.77717880e-03
-5.51143512e-02 6.54819906e-02 -3.64302308e-03 -3.34498361e-02 -7.37161469e-03 9.89337079e-03 -9.89185739e-03 -1.89994890e-02 -7.21114175e-03 -5.51815436e-04 -1.87460650e-02 -1.65460573e-03 -1.60778500e-02 -9.67064756e-04 -3.12648900e-02 -1.14392592e-02
-3.38017903e-02 3.51136997e-02 -1.40414177e-03 -1.51591133e-02 -3.33013921e-03 4.50399006e-03 -4.43864195e-03 -8.51330534e-03 -3.23451171e-03 -2.48762808e-04 -8.39717407e-03 -7.41138589e-04 -7.20193842e-03 -4.33106965e-04 -1.40042100e-02 -5.12387184e-03
-1.28627028e-02 1.87942237e-02 -1.48282386e-03 -1.06741237e-02 -2.40332494e-03 3.24100931e-03 -3.25533235e-03 -6.27053156e-03 -2.37278640e-03 -1.80176343e-04 -6.20429544e-03 -5.47722564e-04 -5.32069709e-03 -3.20523657e-04 -1.03487251e-02 -3.78655177e-03
-2.18453370e-02 1.74869578e-02 2.83315254e-04 -4.22194647e-03 -8.62956222e-04 1.21393334e-03 -1.12044613e-03 -2.11390434e-03 -8.08778219e-04 -6.63627288e-05 -2.05672416e-03 -1.81382973e-04 -1.76532730e-03 -1.05189341e-04 -3.42886522e-03 -1.25434727e-03
-1.05102867e-01 1.16832182e-01 -4.95294435e-03 -5.35009801e-02 -1.17681911e-02 1.59364119e-02 -1.57893524e-02 -3.03470138e-02 -1.15304478e-02 -8.88859446e-04 -2.99237184e-02 -2.64098775e-03 -2.56656110e-02 -1.54242886e-03 -4.99052778e-02 -1.82591099e-02
8.17797929e-02 -9.23873484e-02 4.97534219e-03 4.26821969e-02 9.63442866e-03 -1.29941320e-02 1.29347937e-02 2.48948559e-02 9.41503048e-03 7.16642127e-04 2.45911852e-02 2.17084982e-03 2.10887436e-02 1.27023866e-03 4.10163589e-02 1.50076495e-02
-4.25073504e-02 7.38934800e-03 3.23283253e-03 5.44063421e-03 1.23429648e-03 -1.64758204e-03 1.66260067e-03 3.20754433e-03 1.21319317e-03 9.19556624e-05 3.17695667e-03 2.80474778e-04 2.72448151e-03 1.64158875e-04 5.29929949e-03 1.93899951e-03
-2.42198348e-01 3.15035939e-01 -1.80650577e-02 -1.50132030e-01 -3.34314145e-02 4.49144244e-02 -4.50509228e-02 -8.65291432e-02 -3.27693932e-02 -2.48815701e-03 -8.54238719e-02 -7.54105253e-03 -7.32600987e-02 -4.41185758e-03 -1.42482504e-01 -5.21334372e-02
2.37074569e-02 -1.96288973e-02 -1.63201126e-04 2.06991052e-03 4.51445114e-04 -6.39192178e-04 5.98462939e-04 1.13425020e-03 4.29774256e-04 3.48316498e-05 1.10728573e-03 9.76948431e-05 9.49715672e-04 5.69488329e-05 1.84610649e-03 6.75405783e-04
