-9.53657087e-03 1.67384394e-03 3.35160061e-03 -6.22276682e-03 -5.23413019e-03 2.73583946e-03 -1.57653037e-02 5.50001524e-02 -1.29933814e-02 7.43540609e-03 -9.63599142e-03 1.91153516e-03 -1.20862052e-02 1.92813831e-03 1.17027862e-02 -4.33054054e-03
-1.83177227e-03 4.47766506e-05 7.22928613e-04 -9.51574068e-04 -7.62122683e-04 3.97776486e-04 -2.23619514e-03 7.76234502e-03 -1.82777084e-03 1.04720308e-03 -1.35317491e-03 2.67809955e-04 -1.69592816e-03 2.70632881e-04 1.64205395e-03 -6.07491529e-04
-4.58481722e-03 7.97770917e-04 1.50919263e-03 -3.22720013e-03 -2.60735629e-03 1.36841880e-03 -7.89338164e-03 2.76460797e-02 -6.51348988e-03 3.73234437e-03 -4.83576907e-03 9.59707831e-04 -6.06650673e-03 9.67819418e-04 5.87404240e-03 -2.17361865e-03
1.09627601e-02 -2.03803321e-03 -4.35427111e-03 8.03693384e-03 6.72509382e-03 -3.52070574e-03 2.02798340e-02 -7.09930509e-02 1.67302787e-02 -9.59352963e-03 1.24348402e-02 -2.46982952e-03 1.56003339e-02 -2.48850416e-03 -1.51056340e-02 5.59021998e-03
-4.87260101e-03 2.13038104e-04 1.25658279e-03 -1.71494891e-03 -1.27113028e-03 7.81915151e-04 -3.52695864e-03 1.23864496e-02 -2.86155683e-03 1.64859532e-03 -2.11422262e-03 4.16673662e-04 -2.64919759e-03 4.23332269e-04 2.56530545e-03 -9.48226603e-04
-7.04412407e-04 4.22154611e-04 4.07941203e-04 -1.06548716e-03 -9.38701734e-04 4.87329671e-04 -2.87031871e-03 1.00761792e-02 -2.38035154e-03 1.36440422e-03 -1.76928029e-03 3.51758208e-04 -2.22073053e-03 3.54219752e-04 2.15035165e-03 -7.95831729e-04
1.20122898e-02 -1.81478634e-03 -4.57331492e-03 7.48032611e-03 6.21123984e-03 -3.39783565e-03 1.82690155e-02 -6.37928173e-02 1.50614800e-02 -8.63987580e-03 1.11770183e-02 -2.21291231e-03 1.40076587e-02 -2.23542214e-03 -1.35645736e-02 5.01800515e-03
8.04759213e-04 -2.49801902e-04 -5.58969739e-04 1.15319539e-03 9.58989491e-04 -5.03037416e-04 2.89485557e-03 -1.01244459e-02 2.39170692e-03 -1.37127982e-03 1.77616277e-03 -3.52135889e-04 2.22761091e-03 -3.55441938e-04 -2.15699547e-03 7.98042049e-04
-5.33330953e-03 5.56539686e-04 2.73071392e-03 -4.59031016e-03 -3.77010345e-03 2.01592105e-03 -1.14701791e-02 4.01661508e-02 -9.49916057e-03 5.44495555e-03 -7.05477549e-03 1.39831344e-03 -8.84396862e-03 1.41108420e-03 8.56320187e-03 -3.16848210e-03
-1.00954100e-02 1.96467014e-03 3.83855542e-03 -6.98311022e-03 -6.08440302e-03 3.18966247e-03 -1.82714649e-02 6.42223582e-02 -1.49804056e-02 8.58164858e-03 -1.11238668e-02 2.20703939e-03 -1.39552830e-02 2.22638180e-03 1.35125685e-02 -4.99995518e-03
-7.65373837e-03 1.44894270e-03 2.91963946e-03 -5.89789497e-03 -4.99354908e-03 2.59617576e-03 -1.49818035e-02 5.25636561e-02 -1.23780528e-02 7.09835021e-03 -9.19953175e-03 1.82760565e-03 -1.15432674e-02 1.84129050e-03 1.11771645e-02 -4.13643382e-03
-1.16512645e-02 2.11855746e-03 4.08412423e-03 -7.87818246e-03 -6.67060167e-03 3.43381520e-03 -2.01213211e-02 7.04420805e-02 -1.66206304e-02 9.52345692e-03 -1.23484936e-02 2.45240983e-03 -1.54951205e-02 2.47182138e-03 1.50039308e-02 -5.55238733e-03
3.70875979e-03 -7.25513091e-04 -1.30221806e-03 2.49723950e-03 2.15939246e-03 -1.11916417e-03 6.49157260e-03 -2.27387585e-02 5.37303928e-03 -3.07965628e-03 3.99168674e-03 -7.92590552e-04 5.00833895e-03 -7.98943453e-04 -4.84952191e-03 1.79462973e-03
1.29764751e-02 -2.23802612e-03 -5.13477437e-03 8.93315487e-03 7.61529058e-03 -4.00880538e-03 2.27051917e-02 -7.94122145e-02 1.86877288e-02 -1.06859310e-02 1.38475662e-02 -2.74620159e-03 1.73717495e-02 -2.77175498e-03 -1.68208312e-02 6.22366136e-03
1.65111292e-02 -3.56674311e-03 -6.17872737e-03 1.23327468e-02 1.06127039e-02 -5.51478844e-03 3.24977487e-02 -1.13959588e-01 2.69356538e-02 -1.54253319e-02 2.00084001e-02 -3.97997443e-03 2.51172408e-02 -4.00600489e-03 -2.43213270e-02 9.00174864e-03
-2.03036703e-02 3.44801182e-03 5.99005725e-03 -1.10764103e-02 -9.53036733e-03 4.98093013e-03 -2.90882699e-02 1.01761706e-01 -2.40485296e-02 1.37841552e-02 -1.78736299e-02 3.55439959e-03 -2.24357694e-02 3.57838627e-03 2.17249952e-02 -8.04084912e-03
-2.35358207e-03 3.36521014e-04 5.98498387e-04 -1.25528686e-03 -1.02996558e-03 5.43232425e-04 -3.09710437e-03 1.08725633e-02 -2.54942104e-03 1.46136433e-03 -1.89449522e-03 3.76600394e-04 -2.37766956e-03 3.79238976e-04 2.30228296e-03 -8.52083263e-04
-9.83647164e-03 1.69719348e-03 3.81723326e-03 -7.23138172e-03 -6.07152004e-03 3.17254546e-03 -1.81367770e-02 6.35481849e-02 -1.49442153e-02 8.55577085e-03 -1.10813864e-02 2.19612126e-03 -1.38971917e-02 2.21792771e-03 1.34565644e-02 -4.97826748e-03
1.16079431e-02 -2.36349041e-03 -4.21079155e-03 8.45900457e-03 7.19679473e-03 -3.74605507e-03 2.18064450e-02 -7.62630925e-02 1.79794282e-02 -1.03039797e-02 1.33567117e-02 -2.65397737e-03 1.67605951e-02 -2.67346110e-03 -1.62291285e-02 6.00622315e-03
-1.14465561e-02 1.58789684e-03 2.95088254e-03 -5.69043215e-03 -4.93139261e-03 2.61370721e-03 -1.47337569e-02 5.17208725e-02 -1.22000473e-02 6.99982932e-03 -9.07419901e-03 1.80365518e-03 -1.13868136e-02 1.81619101e-03 1.10260230e-02 -4.08086320e-03
3.10487160e-03 -9.36862780e-04 -1.69378694e-03 3.62248882e-03 3.13366181e-03 -1.62340631e-03 9.56321973e-03 -3.35736200e-02 7.91874435e-03 -4.53905342e-03 5.88659244e-03 -1.17037527e-03 7.38837756e-03 -1.17844343e-03 -7.15422491e-03 2.64780573e-03
2.09582970e-02 -5.22366259e-03 -8.52573011e-03 1.87426116e-02 1.60311218e-02 -8.29232391e-03 4.88031171e-02 -1.71060130e-01 4.04059887e-02 -2.31618360e-02 3.00395023e-02 -5.97254466e-03 3.77040878e-02 -6.01396710e-03 -3.65093425e-02 1.35120489e-02
6.90313708e-03 -9.91967041e-04 -2.88857799e-03 5.24476031e-03 4.29818872e-03 -2.28179083e-03 1.28997229e-02 -4.49093655e-02 1.05399713e-02 -6.04388677e-03 7.82138295e-03 -1.54624542e-03 9.80227441e-03 -1.56496861e-03 -9.49168298e-03 3.51046119e-03
-1.75821129e-03 3.02836852e-05 -3.06511822e-04 7.86252611e-04 6.52059680e-04 -3.22124513e-04 2.05253484e-03 -7.23105390e-03 1.71475473e-03 -9.82536352e-04 1.27644523e-03 -2.54902348e-04 1.60438637e-03 -2.55736930e-04 -1.55354128e-03 5.75145415e-04
-5.01193106e-04 3.27739166e-04 5.41740970e-04 -1.41249911e-03 -1.21652253e-03 6.21504616e-04 -3.76761216e-03 1.32533386e-02 -3.13766138e-03 1.79877819e-03 -2.33397353e-03 4.64638666e-04 -2.93061812e-03 4.67385922e-04 2.83781788e-03 -1.05037459e-03
-2.34876084e-03 4.22703131e-04 1.33341923e-03 -2.65528355e-03 -2.29143375e-03 1.17761537e-03 -7.01890234e-03 2.46572644e-02 -5.82532631e-03 3.33928945e-03 -4.33159387e-03 8.61803826e-04 -5.43793384e-03 8.67299037e-04 5.26564429e-03 -1.94892543e-03
1.07036009e-02 -2.01042509e-03 -5.50910272e-03 9.60553624e-03 7.79324723e-03 -4.17837827e-03 2.31681820e-02 -8.09198022e-02 1.90800596e-02 -1.09380232e-02 1.41666839e-02 -2.80203344e-03 1.77465230e-02 -2.83217453e-03 -1.71839539e-02 6.35635154e-03
2.09449828e-02 -2.92681041e-03 -7.10826833e-03 1.22248996e-02 1.00050960e-02 -5.51288389e-03 2.98594236e-02 -1.04482323e-01 2.46694237e-02 -1.41462358e-02 1.83199905e-02 -3.63074616e-03 2.29637157e-02 -3.66362697e-03 -2.22345404e-02 8.22725613e-03
-2.07370846e-03 9.47378576e-05 4.44097415e-04 -3.71966220e-04 -2.35190266e-04 1.41020675e-04 -6.28456182e-04 2.11250875e-03 -4.80785704e-04 2.73419893e-04 -3.55395314e-04 6.77073185e-05 -4.41051321e-04 7.05511848e-05 4.26802522e-04 -1.57638569e-04
-4.40023560e-03 1.01090746e-03 2.16600066e-03 -4.21572383e-03 -3.53009673e-03 1.83734356e-03 -1.06139695e-02 3.72714400e-02 -8.78300425e-03 5.03512332e-03 -6.52352022e-03 1.29415328e-03 -8.18274170e-03 1.30553602e-03 7.92336743e-03 -2.93176528e-03
-1.07931998e-02 2.10747379e-03 4.13012132e-03 -8.20290763e-03 -6.99437130e-03 3.65270721e-03 -2.12311763e-02 7.46387094e-02 -1.75427645e-02 1.00509189e-02 -1.30182821e-02 2.58613029e-03 -1.63382888e-02 2.60735862e-03 1.58220734e-02 -5.85403387e-03
-2.15400159e-02 4.35038516e-03 7.98488595e-03 -1.51474075e-02 -1.31873209e-02 6.96495082e-03 -4.02375013e-02 1.41413569e-01 -3.33414115e-02 1.91155318e-02 -2.47928761e-02 4.92885988e-03 -3.11134905e-02 4.96227946e-03 3.01269442e-02 -1.11506069e-02
3.49717736e-02 -7.59196701e-03 -1.28511488e-02 2.83842497e-02 2.35085860e-02 -1.21813733e-02 7.09835738e-02 -2.49322906e-01 5.87966666e-02 -3.36926356e-02 4.36876081e-02 -8.68777931e-03 5.48420548e-02 -8.74727778e-03 -5.31035773e-02 1.96538866e-02
-2.01673843e-02 4.19340702e-03 7.97656924e-03 -1.55581255e-02 -1.36011513e-02 6.92192325e-03 -4.13101614e-02 1.44673556e-01 -3.41608860e-02 1.95741318e-02 -2.53967885e-02 5.05085057e-03 -3.18728685e-02 5.08343335e-03 3.08630168e-02 -1.14230905e-02
6.03467692e-04 -2.46422715e-03 -3.30626639e-03 9.82489157e-03 8.63311253e-03 -4.36985819e-03 2.69267783e-02 -9.52085704e-02 2.25957427e-02 -1.29606118e-02 1.68143064e-02 -3.34844948e-03 2.11202949e-02 -3.36837512e-03 -2.04516295e-02 7.56978942e-03
-7.59867579e-03 1.47708785e-03 2.85302801e-03 -5.80311893e-03 -4.96282149e-03 2.62315827e-03 -1.49955582e-02 5.24993800e-02 -1.23759685e-02 7.09723728e-03 -9.19441041e-03 1.82520179e-03 -1.15351556e-02 1.84024137e-03 1.11692669e-02 -4.13308712e-03
5.09343389e-03 -1.85388897e-04 -1.53434929e-03 1.86432060e-03 1.34197099e-03 -7.70775834e-04 3.78879253e-03 -1.35992672e-02 3.04892613e-03 -1.74311921e-03 2.25298922e-03 -4.44167177e-04 2.81973975e-03 -4.50013031e-04 -2.72971066e-03 1.00974820e-03
4.67733387e-03 -6.17665355e-05 -1.12019747e-03 1.70659367e-03 1.32701604e-03 -7.08509469e-04 4.03836370e-03 -1.41681526e-02 3.31810093e-03 -1.90365594e-03 2.46589095e-03 -4.90439590e-04 3.09543475e-03 -4.93730535e-04 -2.99728988e-03 1.10931578e-03
1.43341743e-03 -3.58977413e-04 -4.53302229e-04 1.08931097e-03 9.57137963e-04 -4.89093247e-04 2.91190459e-03 -1.02249412e-02 2.41784216e-03 -1.38591055e-03 1.79778156e-03 -3.57661658e-04 2.25683232e-03 -3.59944359e-04 -2.18533049e-03 8.08836892e-04
-5.03848959e-03 3.89148685e-04 1.15576165e-03 -1.74823403e-03 -1.36529573e-03 7.18047260e-04 -4.00772458e-03 1.38868932e-02 -3.27668129e-03 1.87576073e-03 -2.42959079e-03 4.82742937e-04 -3.04878736e-03 4.86298290e-04 2.95206392e-03 -1.09253591e-03
-3.22474213e-03 3.61729384e-04 1.04099605e-03 -1.52940664e-03 -1.22915243e-03 6.54444215e-04 -3.51165631e-03 1.22585576e-02 -2.86807492e-03 1.64320460e-03 -2.12660362e-03 4.20513214e-04 -2.66452623e-03 4.25202394e-04 2.57976586e-03 -9.54374846e-04
2.38785567e-03 -3.01810796e-04 -1.45952101e-03 2.36058584e-03 1.90291158e-03 -9.80153913e-04 5.51434653e-03 -1.91381499e-02 4.46890155e-03 -2.55879341e-03 3.31002660e-03 -6.55469543e-04 4.15130518e-03 -6.62523089e-04 -4.01979545e-03 1.48706988e-03
2.29684822e-02 -3.52650951e-03 -7.11922441e-03 1.34910336e-02 1.13246851e-02 -6.08988013e-03 3.36145610e-02 -1.17595538e-01 2.76603252e-02 -1.58640798e-02 2.05553211e-02 -4.08080174e-03 2.57820506e-02 -4.11264366e-03 -2.49643847e-02 9.23872460e-03
1.64618604e-02 -3.58903594e-03 -6.34961808e-03 1.27722723e-02 1.08785843e-02 -5.60847111e-03 3.29158641e-02 -1.15635484e-01 2.72827689e-02 -1.56350657e-02 2.02752296e-02 -4.03229333e-03 2.54488736e-02 -4.05895710e-03 -2.46422421e-02 9.12040938e-03
-1.43897478e-02 2.35787407e-03 5.37759438e-03 -1.02584548e-02 -8.60284269e-03 4.53456212e-03 -2.58632340e-02 9.11847427e-02 -2.13895850e-02 1.22313378e-02 -1.58426967e-02 3.13895126e-03 -1.98789258e-02 3.17565724e-03 1.92495827e-02 -7.12005282e-03
1.17888991e-02 -2.40304251e-03 -4.52109333e-03 8.74990411e-03 7.54570868e-03 -4.01912816e-03 2.26771720e-02 -7.95496851e-02 1.86949410e-02 -1.07136955e-02 1.38833448e-02 -2.75688968e-03 1.74147710e-02 -2.77815363e-03 -1.68628860e-02 6.24028128e-03
1.70332678e-02 -2.52150861e-03 -6.83033932e-03 1.35098901e-02 1.15031870e-02 -6.11016899e-03 3.45821977e-02 -1.20824844e-01 2.84500346e-02 -1.63443387e-02 2.11326890e-02 -4.19605291e-03 2.65105758e-02 -4.22945851e-03 -2.56722737e-02 9.49910190e-03
8.02335422e-03 -1.77727675e-03 -2.73290323e-03 6.39969390e-03 5.49034262e-03 -2.85583455e-03 1.66461561e-02 -5.84702492e-02 1.38065545e-02 -7.91733339e-03 1.02645559e-02 -2.04181578e-03 1.28852697e-02 -2.05513742e-03 -1.24770598e-02 4.61795833e-03
-6.70306943e-03 1.15614757e-03 2.10017664e-03 -4.73367376e-03 -3.76613019e-03 2.01375969e-03 -1.13626029e-02 3.98198813e-02 -9.40763112e-03 5.39469719e-03 -6.99165836e-03 1.39000465e-03 -8.77494272e-03 1.39961892e-03 8.49685073e-03 -3.14471195e-03
2.86855618e-03 2.72402260e-03 -1.13644404e-04 -4.99471603e-03 -4.44650417e-03 2.27213628e-03 -1.39239375e-02 4.90971282e-02 -1.16584729e-02 6.68260409e-03 -8.67403671e-03 1.72687857e-03 -1.08914115e-02 1.73705292e-03 1.05465278e-02 -3.90364975e-03
7.81071233e-03 -9.93729336e-04 -2.01103231e-03 3.53587116e-03 3.10351467e-03 -1.59801578e-03 9.40163713e-03 -3.28828879e-02 7.76183233e-03 -4.44771210e-03 5.76826232e-03 -1.14752853e-03 7.24089378e-03 -1.15485676e-03 -7.01147458e-03 2.59508542e-03
7.61999004e-03 -9.77994408e-04 -3.19787278e-03 5.41958725e-03 4.40808199e-03 -2.38382863e-03 1.31163839e-02 -4.57858406e-02 1.08006150e-02 -6.18870370e-03 8.01331457e-03 -1.58677646e-03 1.00442246e-02 -1.60276238e-03 -9.72565729e-03 3.59802367e-03
-6.82772323e-03 1.39413925e-03 2.76083034e-03 -5.38593577e-03 -4.52197902e-03 2.39937846e-03 -1.37510644e-02 4.82192636e-02 -1.13652758e-02 6.51120767e-03 -8.44226405e-03 1.67696911e-03 -1.05915703e-02 1.68947154e-03 1.02556776e-02 -3.79544287e-03
-2.90872296e-03 5.35141793e-04 1.22161605e-03 -2.22490751e-03 -1.86675508e-03 9.74722789e-04 -5.59116667e-03 1.96038298e-02 -4.61592618e-03 2.64623412e-03 -3.42951901e-03 6.80547033e-04 -4.30139853e-03 6.86187064e-04 4.16492065e-03 -1.54123793e-03
-6.95853401e-03 1.50171027e-03 2.07151589e-03 -4.91550379e-03 -4.14829422e-03 2.14848039e-03 -1.24800615e-02 4.37777340e-02 -1.03160441e-02 5.91305131e-03 -7.66557176e-03 1.52364187e-03 -9.62011423e-03 1.53448933e-03 9.31532774e-03 -3.44759040e-03
-4.89369791e-04 -3.95040028e-04 4.64539247e-04 -1.52905603e-04 -3.84489686e-05 5.96829705e-05 -3.76287862e-05 1.59301722e-04 -7.39920461e-06 4.44873103e-06 -3.48276967e-06 -1.57385534e-06 1.21571975e-06 3.64631489e-08 -1.18303274e-06 8.77092759e-07
-3.82825732e-03 6.82019629e-04 1.34764926e-03 -2.70254025e-03 -2.20499653e-03 1.15840149e-03 -6.61879964e-03 2.31910907e-02 -5.45589952e-03 3.12835351e-03 -4.05173842e-03 8.03097966e-04 -5.08091133e-03 8.10691563e-04 4.91965376e-03 -1.82027346e-03
-2.53431062e-06 2.19349677e-05 -1.12840622e-04 1.70016719e-04 1.38361152e-04 -6.97313735e-05 3.96797317e-04 -1.38224941e-03 3.24423716e-04 -1.85829515e-04 2.40616078e-04 -4.76931164e-05 3.01694905e-04 -4.81324751e-05 -2.92115379e-04 1.08091015e-04
-7.98786990e-04 -4.38296120e-05 -2.85251619e-04 7.42682721e-04 6.57165947e-04 -3.35813209e-04 2.03198986e-03 -7.14999996e-03 1.69276388e-03 -9.70600930e-04 1.25918863e-03 -2.50659767e-04 1.58112473e-03 -2.52167840e-04 -1.53105427e-03 5.66688832e-04
-3.84942861e-03 5.31690544e-04 1.62874756e-03 -2.27526575e-03 -1.97511585e-03 1.04230864e-03 -5.91785368e-03 2.06747670e-02 -4.87574702e-03 2.79516284e-03 -3.62422853e-03 7.20319338e-04 -4.54787817e-03 7.25365477e-04 4.40369546e-03 -1.62987038e-03
-5.89763839e-03 1.27756840e-03 2.45716749e-03 -4.60714614e-03 -3.93851334e-03 2.05288711e-03 -1.18753510e-02 4.15921248e-02 -9.81234852e-03 5.62391197e-03 -7.29061058e-03 1.44864479e-03 -9.14828572e-03 1.45921530e-03 8.85822996e-03 -3.27834254e-03
-5.08152135e-03 1.64429133e-03 3.01490026e-03 -6.86814124e-03 -6.03328040e-03 3.11089470e-03 -1.85380522e-02 6.51295185e-02 -1.54020023e-02 8.82908702e-03 -1.14537720e-02 2.27873563e-03 -1.43779796e-02 2.29314109e-03 1.39224371e-02 -5.15302224e-03
-1.29033364e-02 2.22091749e-03 4.81127948e-03 -8.38617422e-03 -7.15719908e-03 3.84304649e-03 -2.14740448e-02 7.51323923e-02 -1.76588651e-02 1.01174880e-02 -1.31060136e-02 2.59470101e-03 -1.64337941e-02 2.62266747e-03 1.59119647e-02 -5.88640990e-03
9.08885244e-03 -1.04482949e-03 -2.80127511e-03 5.33598941e-03 4.45621181e-03 -2.30968208e-03 1.34860501e-02 -4.71838228e-02 1.11045465e-02 -6.36573462e-03 8.25464539e-03 -1.64077303e-03 1.03583662e-02 -1.65213633e-03 -1.00299576e-02 3.71216447e-03
-9.61549813e-05 -5.52443613e-04 -3.27502348e-04 1.63713936e-03 1.51788082e-03 -7.43141980e-04 4.83623752e-03 -1.71116777e-02 4.06790525e-03 -2.33162590e-03 3.02927638e-03 -6.05000358e-04 3.80778965e-03 -6.07109454e-04 -3.68745578e-03 1.36517955e-03
2.86592520e-03 2.32781924e-04 -1.16826873e-03 5.33990329e-04 2.19463720e-04 -1.66551894e-04 1.83018637e-04 -4.93375584e-04 1.48271738e-05 -5.47803938e-06 -1.00638317e-07 6.23239885e-06 -1.40069733e-05 1.79033020e-06 1.47675191e-05 -6.61027752e-06
-1.90710649e-02 3.86244687e-03 7.05439877e-03 -1.39131173e-02 -1.18854959e-02 6.14215434e-03 -3.61041389e-02 1.26480550e-01 -2.98458189e-02 1.71119235e-02 -2.21911836e-02 4.41284059e-03 -2.78505497e-02 4.44196817e-03 2.69679110e-02 -9.98119824e-03
-2.25546621e-02 2.87459348e-03 5.08334860e-03 -1.02209235e-02 -8.38147197e-03 4.47971746e-03 -2.55103037e-02 8.93597305e-02 -2.10951380e-02 1.20941708e-02 -1.56853423e-02 3.11324256e-03 -1.96754877e-02 3.13829258e-03 1.90506596e-02 -7.04999361e-03
-2.46404298e-03 4.13167436e-04 9.78934811e-04 -1.77658373e-03 -1.45447045e-03 7.75838620e-04 -4.32630582e-03 1.51135316e-02 -3.55695956e-03 2.03950610e-03 -2.64103059e-03 5.23029827e-04 -3.31077701e-03 5.28298726e-04 3.20569007e-03 -1.18602440e-03
1.07750180e-03 2.10917438e-04 -6.90517831e-04 1.26441388e-04 1.22718484e-05 -5.40228866e-05 -2.16481480e-04 1.04558165e-03 -2.90547323e-04 1.63466699e-04 -2.23931813e-04 5.29645731e-05 -2.96707760e-04 4.62741955e-05 2.87559611e-04 -1.08366141e-04
2.73508602e-03 -5.04854717e-04 -1.69528264e-03 2.64711026e-03 2.26015365e-03 -1.18455756e-03 6.83474215e-03 -2.39410866e-02 5.65173617e-03 -3.23892757e-03 4.19721752e-03 -8.32873455e-04 5.26593253e-03 -8.40061635e-04 -5.09887468e-03 1.88667630e-03
3.43756704e-03 -8.80695297e-04 -1.20947347e-03 2.72925501e-03 2.36976636e-03 -1.21139176e-03 7.16973888e-03 -2.51639951e-02 5.95004531e-03 -3.41073447e-03 4.42295615e-03 -8.79616826e-04 5.55172982e-03 -8.85478919e-04 -5.37579926e-03 1.98964914e-03
1.77137144e-02 -3.99560388e-03 -8.31406750e-03 1.79300699e-02 1.53407892e-02 -7.95693975e-03 4.66481447e-02 -1.63343027e-01 3.85504626e-02 -2.20999587e-02 2.86553465e-02 -5.69637120e-03 3.59597206e-02 -5.73572004e-03 -3.48202027e-02 1.28870113e-02
7.82304816e-03 -2.05076183e-03 -3.53248278e-03 7.72275077e-03 6.74778037e-03 -3.47739528e-03 2.04861090e-02 -7.18220845e-02 1.69361029e-02 -9.70785599e-03 1.25912800e-02 -2.50440859e-03 1.58045143e-02 -2.52070837e-03 -1.53037356e-02 5.66417724e-03
-3.39171989e-03 5.90694952e-04 5.77682396e-04 -1.43851736e-03 -1.26394816e-03 6.51278766e-04 -3.85191920e-03 1.35163879e-02 -3.19617451e-03 1.83159858e-03 -2.37534218e-03 4.72178392e-04 -2.98133399e-03 4.75545123e-04 2.88686343e-03 -1.06839684e-03
5.56385331e-03 -6.74041978e-04 -2.34612147e-03 4.17984696e-03 3.42933275e-03 -1.83514378e-03 1.00463163e-02 -3.52635421e-02 8.28269031e-03 -4.74259909e-03 6.13405975e-03 -1.21099467e-03 7.69010512e-03 -1.22800609e-03 -7.44661922e-03 2.75345705e-03
-1.14345336e-02 1.99030875e-03 4.04418167e-03 -8.13208893e-03 -6.64163427e-03 3.53659759e-03 -1.99723337e-02 7.00786635e-02 -1.65031422e-02 9.46661457e-03 -1.22668818e-02 2.43303366e-03 -1.53824957e-02 2.45427247e-03 1.48946913e-02 -5.51137375e-03
1.58392135e-02 -3.12397117e-03 -6.17230032e-03 1.14589762e-02 1.00846142e-02 -5.15697850e-03 3.03986948e-02 -1.06707886e-01 2.51922701e-02 -1.44402804e-02 1.87303573e-02 -3.72601859e-03 2.35114470e-02 -3.74985510e-03 -2.27664504e-02 8.42636079e-03
-4.27703001e-03 6.82410726e-04 1.73335837e-03 -2.99388077e-03 -2.49300408e-03 1.32660626e-03 -7.49039836e-03 2.62321234e-02 -6.17597112e-03 3.53870541e-03 -4.58345888e-03 9.08481423e-04 -5.74799627e-03 9.17137833e-04 5.56553202e-03 -2.05923244e-03
-6.26680441e-04 5.83494722e-04 7.58623937e-04 -1.92159915e-03 -1.69241836e-03 8.69959709e-04 -5.16919000e-03 1.81561206e-02 -4.29371279e-03 2.46120058e-03 -3.19222268e-03 6.34924450e-04 -4.00712760e-03 6.39125414e-04 3.88017017e-03 -1.43609254e-03
9.82906297e-03 -1.82527071e-03 -3.20153171e-03 7.17470981e-03 5.92021504e-03 -3.07573238e-03 1.78161152e-02 -6.24017827e-02 1.46668954e-02 -8.40774365e-03 1.08963633e-02 -2.16456386e-03 1.36725260e-02 -2.18100753e-03 -1.32390065e-02 4.89942310e-03
-1.68641051e-03 2.78000429e-04 1.05905789e-03 -1.84620381e-03 -1.55412056e-03 8.19244888e-04 -4.71087638e-03 1.64736137e-02 -3.88054107e-03 2.22359248e-03 -2.88210087e-03 5.72632882e-04 -3.61673813e-03 5.76911494e-04 3.50207021e-03 -1.29603676e-03
-9.64906067e-05 -5.84347174e-04 -6.47001434e-04 2.15181545e-03 1.97489862e-03 -9.95834940e-04 6.15989882e-03 -2.16933358e-02 5.13300905e-03 -2.94338120e-03 3.81980161e-03 -7.60584255e-04 4.79639554e-03 -7.64940982e-04 -4.64455876e-03 1.71912590e-03
-5.32096159e-03 8.76805338e-04 1.79063447e-03 -3.34690092e-03 -2.85250996e-03 1.46787788e-03 -8.56645312e-03 3.00384276e-02 -7.08132051e-03 4.05968400e-03 -5.26263984e-03 1.04600948e-03 -6.60456996e-03 1.05346192e-03 6.39516162e-03 -2.36682780e-03
6.59355009e-03 -5.00608410e-04 -1.75183907e-03 2.79903924e-03 2.23946176e-03 -1.17762736e-03 6.67203637e-03 -2.31116842e-02 5.43502718e-03 -3.11585283e-03 4.03761165e-03 -8.01809132e-04 5.06536057e-03 -8.07898352e-04 -4.90453048e-03 1.81515317e-03
-8.15982744e-03 1.45675987e-03 2.28345511e-03 -4.88361204e-03 -4.18589823e-03 2.18393304e-03 -1.26834931e-02 4.44703586e-02 -1.05062043e-02 6.02316158e-03 -7.81019125e-03 1.55221811e-03 -9.80008021e-03 1.56313472e-03 9.48936492e-03 -3.51200416e-03
1.24233738e-02 -1.78505667e-03 -4.94549097e-03 8.92214850e-03 7.49786012e-03 -3.91568849e-03 2.23830827e-02 -7.83590972e-02 1.84226930e-02 -1.05680265e-02 1.37042766e-02 -2.71618832e-03 1.71744172e-02 -2.74027162e-03 -1.66301075e-02 6.15310669e-03
3.17298668e-03 -3.31341056e-04 -6.44383836e-04 1.27074728e-03 1.00987428e-03 -5.39624132e-04 3.00109410e-03 -1.05063878e-02 2.46310188e-03 -1.41040585e-03 1.82673335e-03 -3.62075574e-04 2.29108124e-03 -3.65622982e-04 -2.21851747e-03 8.20777612e-04
7.86391273e-03 -1.77414285e-03 -2.03499827e-03 5.06850379e-03 4.44524596e-03 -2.28566001e-03 1.36385411e-02 -4.79103811e-02 1.13317110e-02 -6.49574865e-03 8.42668582e-03 -1.67635281e-03 1.05780233e-02 -1.68711599e-03 -1.02428999e-02 3.79108149e-03
-1.04832207e-03 4.50690335e-04 2.75633938e-04 -9.49314854e-04 -8.51085875e-04 4.32723871e-04 -2.64659757e-03 9.31537803e-03 -2.20570224e-03 1.26464409e-03 -1.64104905e-03 3.26841109e-04 -2.06092349e-03 3.28672206e-04 1.99567177e-03 -7.38684088e-04
5.83628286e-03 -1.01881474e-03 -3.40311648e-03 6.05639163e-03 5.11809858e-03 -2.70819478e-03 1.54329259e-02 -5.40558659e-02 1.27687436e-02 -7.31686829e-03 9.48765315e-03 -1.88531040e-03 1.19057139e-02 -1.89910876e-03 -1.15284659e-02 4.26647533e-03
1.72855444e-02 -3.29364394e-03 -5.91946859e-03 1.19605707e-02 1.02520529e-02 -5.33036701e-03 3.12070865e-02 -1.09418660e-01 2.58425158e-02 -1.48085775e-02 1.92058645e-02 -3.81674874e-03 2.41012685e-02 -3.84421996e-03 -2.33371351e-02 8.63701198e-03
-1.86258573e-02 3.50415660e-03 7.22186081e-03 -1.29364813e-02 -1.12066427e-02 5.77953644e-03 -3.39709930e-02 1.19151346e-01 -2.80958433e-02 1.60899144e-02 -2.08704397e-02 4.15079808e-03 -2.61993501e-02 4.17866791e-03 2.53689196e-02 -9.38940141e-03
-3.93331889e-03 1.09142973e-03 1.98000879e-03 -4.09991061e-03 -3.58187221e-03 1.84490799e-03 -1.09467190e-02 3.84074375e-02 -9.07508843e-03 5.20253554e-03 -6.74803788e-03 1.34218065e-03 -8.47029127e-03 1.35092647e-03 8.20195209e-03 -3.03573185e-03
4.39618248e-03 -6.37992052e-04 -1.71351572e-03 3.13523412e-03 2.57698284e-03 -1.34966243e-03 7.71607645e-03 -2.69818790e-02 6.35019271e-03 -3.64030409e-03 4.71653603e-03 -9.35301650e-04 5.91495167e-03 -9.43695894e-04 -5.72724873e-03 2.11919844e-03
1.85518973e-02 -3.42015037e-03 -7.13165244e-03 1.34405037e-02 1.09827602e-02 -5.94277028e-03 3.29820476e-02 -1.15867712e-01 2.72102747e-02 -1.55918179e-02 2.01865062e-02 -4.00607660e-03 2.53249500e-02 -4.04081680e-03 -2.45244764e-02 9.07341018e-03
-1.51889715e-02 3.53120221e-03 2.35156575e-03 -6.15653675e-03 -5.39743248e-03 2.76368088e-03 -1.64570436e-02 5.77125698e-02 -1.36478031e-02 7.82314595e-03 -1.01469094e-02 2.01548240e-03 -1.27328951e-02 2.03147158e-03 1.23305330e-02 -4.56289202e-03
1.17082931e-02 -2.35911994e-03 -3.82592808e-03 8.64039361e-03 7.31492369e-03 -3.75834154e-03 2.21142936e-02 -7.76629150e-02 1.83432121e-02 -1.05098737e-02 1.36284092e-02 -2.70909560e-03 1.71055868e-02 -2.72842334e-03 -1.65633094e-02 6.13003643e-03
3.29076685e-03 -4.29479696e-04 -7.91076920e-04 1.64530904e-03 1.40047818e-03 -7.42708333e-04 4.20136377e-03 -1.48133431e-02 3.45765497e-03 -1.98369264e-03 2.57014600e-03 -5.10063546e-04 3.22378892e-03 -5.14286105e-04 -3.12149012e-03 1.15510635e-03
-1.13205274e-03 -1.52504290e-04 1.44050311e-04 2.06515397e-04 2.31259226e-04 -1.06182197e-04 7.50350417e-04 -2.67486367e-03 6.37535180e-04 -3.65831307e-04 4.75331413e-04 -9.51382608e-05 5.98141749e-04 -9.53595663e-05 -5.79264946e-04 2.14466534e-04
2.68618613e-02 -4.81794169e-03 -9.86587815e-03 1.80589966e-02 1.51257673e-02 -7.86896516e-03 4.57368866e-02 -1.60540834e-01 3.78348269e-02 -2.16745362e-02 2.81035975e-02 -5.57703944e-03 3.52497920e-02 -5.62340347e-03 -3.41319032e-02 1.26305334e-02
-5.42912493e-03 4.38892166e-04 2.90045748e-03 -4.05956199e-03 -3.29326652e-03 1.78361498e-03 -9.85775515e-03 3.44122835e-02 -8.09413753e-03 4.63485159e-03 -6.00366574e-03 1.18516479e-03 -7.52133504e-03 1.20057573e-03 7.28217233e-03 -2.69326358e-03
5.90461260e-03 -1.07076671e-03 -2.08870927e-03 4.01887717e-03 3.39389732e-03 -1.77725265e-03 1.02898786e-02 -3.60755436e-02 8.48971866e-03 -4.86574927e-03 6.30882988e-03 -1.25299580e-03 7.91458692e-03 -1.26246619e-03 -7.66356662e-03 2.83615896e-03
-5.14087593e-03 1.20319461e-03 2.09052092e-03 -4.48159780e-03 -3.89732001e-03 2.01646565e-03 -1.18560465e-02 4.16054837e-02 -9.83493682e-03 5.63698076e-03 -7.31090223e-03 1.45436428e-03 -9.17715859e-03 1.46368798e-03 8.88637453e-03 -3.28900968e-03
-3.68388556e-03 6.40736776e-04 1.16897840e-03 -2.44650664e-03 -2.11796630e-03 1.11002999e-03 -6.45136135e-03 2.26339567e-02 -5.35409153e-03 3.06987506e-03 -3.98152694e-03 7.91961094e-04 -4.99750255e-03 7.97055895e-04 4.83916467e-03 -1.79107767e-03
1.14104170e-02 -1.68446137e-03 -3.86377261e-03 7.11027393e-03 5.97604224e-03 -3.17844376e-03 1.77916009e-02 -6.24344461e-02 1.47360060e-02 -8.44879914e-03 1.09442351e-02 -2.17403960e-03 1.37323122e-02 -2.19066232e-03 -1.32971900e-02 4.92083747e-03
1.72237922e-02 -3.22910189e-03 -5.88172115e-03 1.30483666e-02 1.01415729e-02 -5.22116059e-03 3.06824222e-02 -1.07765399e-01 2.54071224e-02 -1.45553481e-02 1.88713074e-02 -3.75094614e-03 2.36850921e-02 -3.77784693e-03 -2.29343232e-02 8.48798547e-03
2.92852893e-02 -7.57069699e-03 -1.17752627e-02 2.51245536e-02 2.14109123e-02 -1.10065937e-02 6.49657845e-02 -2.26761028e-01 5.35540469e-02 -3.06597427e-02 3.97628695e-02 -7.90719222e-03 4.99083847e-02 -7.96015281e-03 -4.83260825e-02 1.78858768e-02
6.16896152e-03 -7.47092708e-04 -1.87949790e-03 3.61716934e-03 2.87098973e-03 -1.45673810e-03 8.55816901e-03 -2.99505275e-02 7.07718823e-03 -4.05567978e-03 5.25989151e-03 -1.04541273e-03 6.60051405e-03 -1.05280662e-03 -6.39121141e-03 2.36538542e-03
1.18216695e-02 -2.26148288e-03 -3.99792846e-03 8.16830061e-03 6.87812455e-03 -3.62570840e-03 2.06600390e-02 -7.24795982e-02 1.70060396e-02 -9.76351649e-03 1.26430290e-02 -2.51120445e-03 1.58606526e-02 -2.52992171e-03 -1.53573370e-02 5.68350917e-03
-5.36455028e-03 9.31604649e-04 2.12780852e-03 -3.77615262e-03 -3.21806828e-03 1.68704742e-03 -9.78390314e-03 3.42802294e-02 -8.09065625e-03 4.63735871e-03 -6.01362623e-03 1.19590771e-03 -7.54807005e-03 1.20387389e-03 7.30884122e-03 -2.70510651e-03
1.25674224e-02 -2.66035181e-03 -5.54134790e-03 1.06525626e-02 9.06330161e-03 -4.66153445e-03 2.72729080e-02 -9.56084877e-02 2.25967132e-02 -1.29505806e-02 1.67898946e-02 -3.33669246e-03 2.10702159e-02 -3.36091407e-03 -2.04023756e-02 7.55065866e-03
-3.74852773e-03 5.82071953e-04 1.18403579e-03 -2.00742297e-03 -1.73417502e-03 9.11529409e-04 -5.19769453e-03 1.82867851e-02 -4.29347483e-03 2.46101292e-03 -3.19153001e-03 6.34513330e-04 -4.00517648e-03 6.38822094e-04 3.87824862e-03 -1.43537915e-03
2.30715261e-03 -5.14177838e-04 -9.84131824e-04 2.21110252e-03 1.80930330e-03 -9.50039015e-04 5.47884265e-03 -1.92020629e-02 4.53117210e-03 -2.59819906e-03 3.36584914e-03 -6.68955967e-04 4.22461657e-03 -6.73899776e-04 -4.09076409e-03 1.51388708e-03
8.15727934e-03 -3.11746262e-03 -3.99440853e-03 9.88300145e-03 8.63334164e-03 -4.44375351e-03 2.65095513e-02 -9.30658504e-02 2.20114123e-02 -1.26178116e-02 1.63674839e-02 -3.25634447e-03 2.05466934e-02 -3.27701448e-03 -1.98958144e-02 7.36386515e-03
-1.11948466e-02 2.00893101e-03 3.76163470e-03 -7.58501096e-03 -6.50026137e-03 3.37111135e-03 -1.97081268e-02 6.91484362e-02 -1.63287688e-02 9.36104823e-03 -1.21398810e-02 2.41498556e-03 -1.52396373e-02 2.43059266e-03 1.47567410e-02 -5.46176545e-03
1.40858507e-02 -1.31647603e-03 -3.88257462e-03 6.23340253e-03 5.27365366e-03 -2.84791668e-03 1.52723473e-02 -5.33802211e-02 1.24965822e-02 -7.16376584e-03 9.28211771e-03 -1.84273685e-03 1.16411019e-02 -1.85695675e-03 -1.12717962e-02 4.17140173e-03
-3.74011602e-03 6.19800412e-04 1.19894766e-03 -2.23946874e-03 -1.89608790e-03 9.96163581e-04 -5.56581421e-03 1.95244998e-02 -4.57128091e-03 2.61952146e-03 -3.38600599e-03 6.68895023e-04 -4.24602674e-03 6.77951786e-04 4.11080942e-03 -1.52010913e-03
2.31283382e-02 -4.98135993e-03 -8.83140787e-03 1.87493041e-02 1.57822445e-02 -8.24522972e-03 4.77209315e-02 -1.67557463e-01 3.94674242e-02 -2.26261932e-02 2.93408204e-02 -5.83272986e-03 3.68215553e-02 -5.87296253e-03 -3.56544219e-02 1.31959915e-02
5.18772611e-03 -7.81377370e-04 -2.29248684e-03 3.68119730e-03 2.92104203e-03 -1.51073013e-03 8.66604038e-03 -3.02943960e-02 7.12220138e-03 -4.07831836e-03 5.28393360e-03 -1.04625383e-03 6.62280433e-03 -1.05679047e-03 -6.41259830e-03 2.37246347e-03
-3.08357266e-04 1.90552106e-04 5.82400426e-05 -2.71790777e-04 -2.51874997e-04 1.27201492e-04 -7.88576552e-04 2.77824281e-03 -6.58242498e-04 3.77426681e-04 -4.89883823e-04 9.76023439e-05 -6.15290948e-04 9.81235062e-05 5.95817517e-04 -2.20542584e-04
-1.28157362e-02 2.63254670e-03 4.68701078e-03 -9.65677761e-03 -8.24549980e-03 4.25354764e-03 -2.51173172e-02 8.82791355e-02 -2.08444018e-02 1.19483946e-02 -1.54968696e-02 3.08285584e-03 -1.94532201e-02 3.10262432e-03 1.88368428e-02 -6.97189756e-03
1.89475203e-03 -4.31858876e-04 -1.01186777e-03 2.03696871e-03 1.67900114e-03 -8.86468682e-04 5.04973251e-03 -1.76825840e-02 4.17010812e-03 -2.39122589e-03 3.09881079e-03 -6.15575525e-04 3.88825941e-03 -6.20238599e-04 -3.76496580e-03 1.39333133e-03
8.76549073e-03 -1.92502083e-03 -4.22933046e-03 8.03624559e-03 6.72480324e-03 -3.51515599e-03 2.03435142e-02 -7.14108273e-02 1.68459285e-02 -9.65543371e-03 1.25141274e-02 -2.48381961e-03 1.56976208e-02 -2.50427471e-03 -1.51999919e-02 5.62473061e-03
-2.57890997e-03 6.53532974e-04 1.35424128e-03 -2.60348781e-03 -2.27179332e-03 1.18903432e-03 -6.81493292e-03 2.39349902e-02 -5.63381705e-03 3.22969537e-03 -4.18741396e-03 8.32204416e-04 -5.25447028e-03 8.38094857e-04 5.08787623e-03 -1.88302761e-03
-3.76060209e-03 5.11549406e-05 8.06955446e-04 -1.40936099e-04 2.29076031e-05 -2.74781087e-05 3.81780264e-04 -1.45174086e-03 3.55778669e-04 -2.06437806e-04 2.69195414e-04 -5.43915012e-05 3.39750113e-04 -5.41511363e-05 -3.29144765e-04 1.21903431e-04
-1.10642295e-02 2.71499297e-03 3.83514515e-03 -8.34571104e-03 -7.16825482e-03 3.68030858e-03 -2.18069181e-02 7.64512271e-02 -1.80371292e-02 1.03332065e-02 -1.34025943e-02 2.66536907e-03 -1.68235768e-02 2.68328679e-03 1.62903797e-02 -6.02929061e-03
3.33080348e-03 9.23927291e-04 -1.61502219e-04 -3.27213143e-04 -6.04720903e-04 2.67810945e-04 -2.13400461e-03 7.59354187e-03 -1.83710561e-03 1.04888901e-03 -1.36957923e-03 2.74853577e-04 -1.72440859e-03 2.74829450e-04 1.66995428e-03 -6.18425955e-04
