-6.84136804e-03 2.38228813e-02 4.95965127e-03 6.33190502e-05 -1.50897373e-02 1.67997424e-02 -1.18297599e-02 7.02762380e-02 -1.34978760e-02 5.28639043e-03 -2.58423388e-02 -5.37719065e-03 -2.62200292e-02 -2.96773575e-03 5.80650056e-03 -1.40603827e-02
-1.91075844e-03 7.82969128e-03 1.52142288e-03 2.38343746e-05 -5.21249091e-03 5.90855721e-03 -4.11817851e-03 2.47441679e-02 -4.74004215e-03 1.86529220e-03 -9.12195444e-03 -1.89856999e-03 -9.25794244e-03 -1.04813173e-03 2.05057696e-03 -4.96543758e-03
-1.39288872e-03 2.44063069e-03 5.08556084e-04 -5.86862643e-06 -1.35428202e-03 1.45664380e-03 -1.04486186e-03 6.10438734e-03 -1.16844859e-03 4.55097703e-04 -2.22042599e-03 -4.61739663e-04 -2.25184741e-03 -2.54675688e-04 4.98389942e-04 -1.20687101e-03
8.05307925e-03 -2.65356991e-02 -5.48685389e-03 -6.37815538e-05 1.69207547e-02 -1.89295504e-02 1.32586434e-02 -7.92051107e-02 1.51491463e-02 -5.95831638e-03 2.91317310e-02 6.06199959e-03 2.95603517e-02 3.34627973e-03 -6.54688058e-03 1.58531703e-02
3.55248898e-03 -2.43634693e-02 -4.91908286e-03 -8.40556968e-05 1.61534622e-02 -1.80316791e-02 1.25803007e-02 -7.53717497e-02 1.44076645e-02 -5.66338422e-03 2.76570842e-02 5.75591391e-03 2.80691646e-02 3.17685283e-03 -6.21591927e-03 1.50519712e-02
-2.48352229e-03 1.22374296e-02 2.48458656e-03 3.40160332e-05 -7.77795492e-03 8.71040951e-03 -6.11187844e-03 3.64157297e-02 -6.97027380e-03 2.73584272e-03 -1.33719081e-02 -2.78255274e-03 -1.35689182e-02 -1.53574848e-03 3.00478982e-03 -7.27610756e-03
9.01746564e-03 -2.90038418e-02 -6.08015899e-03 -5.26422846e-05 1.82266384e-02 -2.00864039e-02 1.40335560e-02 -8.35906565e-02 1.60466339e-02 -6.29546214e-03 3.07501815e-02 6.39675790e-03 3.11925896e-02 3.53011559e-03 -6.90732524e-03 1.67258326e-02
1.67421612e-03 -7.40691600e-03 -1.53496687e-03 -1.15716075e-05 4.71927458e-03 -5.22208540e-03 3.67534417e-03 -2.18103398e-02 4.18793038e-03 -1.64145534e-03 8.01753160e-03 1.66786241e-03 8.13361630e-03 9.20252525e-04 -1.80074631e-03 4.36056778e-03
-5.04561467e-03 1.88802499e-02 3.82118835e-03 5.17662702e-05 -1.17297880e-02 1.32636204e-02 -9.25326254e-03 5.54028191e-02 -1.06349904e-02 4.17589862e-03 -2.04134639e-02 -4.24682628e-03 -2.07094233e-02 -2.34394451e-03 4.58605681e-03 -1.11052096e-02
-8.71998817e-03 3.16248387e-02 6.78229006e-03 8.54992322e-05 -2.00211462e-02 2.19253544e-02 -1.56164570e-02 9.25982520e-02 -1.75492149e-02 6.87780511e-03 -3.36177014e-02 -6.99478295e-03 -3.41104083e-02 -3.85979190e-03 7.55243190e-03 -1.82883162e-02
-5.78441005e-03 2.25737188e-02 4.47950326e-03 5.86060305e-05 -1.42407175e-02 1.58212576e-02 -1.10736415e-02 6.62451759e-02 -1.26594296e-02 4.97872988e-03 -2.43386123e-02 -5.06479526e-03 -2.46977545e-02 -2.79576122e-03 5.46982652e-03 -1.32451318e-02
-7.87582714e-03 2.50998065e-02 5.12705185e-03 6.98424992e-05 -1.58750266e-02 1.77222267e-02 -1.24227880e-02 7.42198005e-02 -1.42091401e-02 5.58458176e-03 -2.73094308e-02 -5.68350963e-03 -2.77139619e-02 -3.13720107e-03 6.13788469e-03 -1.48628345e-02
3.49782081e-03 -1.23353163e-02 -2.59381556e-03 -3.53882315e-05 7.72594893e-03 -8.56084563e-03 5.99210290e-03 -3.57736945e-02 6.85933838e-03 -2.69372249e-03 1.31674008e-02 2.74001691e-03 1.33608552e-02 1.51229405e-03 -2.95884744e-03 7.16482848e-03
8.80698022e-03 -2.77812183e-02 -5.87518886e-03 -6.38288620e-05 1.73658151e-02 -1.90592390e-02 1.34640820e-02 -7.98477978e-02 1.53082823e-02 -5.98097872e-03 2.92331520e-02 6.08312618e-03 2.96640322e-02 3.35686211e-03 -6.56829588e-03 1.59051847e-02
2.56968457e-02 -1.13774620e-01 -2.41118558e-02 -3.55666387e-04 7.22090304e-02 -8.15875232e-02 5.70883378e-02 -3.41391921e-01 6.54415041e-02 -2.56911311e-02 1.25653163e-01 2.61528641e-02 1.27526790e-01 1.44377965e-02 -2.82461680e-02 6.83974624e-02
-1.39557952e-02 5.30502610e-02 1.07168984e-02 1.60854222e-04 -3.30245942e-02 3.73623893e-02 -2.61036772e-02 1.56222939e-01 -2.99164150e-02 1.17728198e-02 -5.75750917e-02 -1.19837569e-02 -5.84331863e-02 -6.61577331e-03 1.29430117e-02 -3.13412659e-02
-3.31695145e-03 1.50224827e-02 2.93479883e-03 4.17436204e-05 -9.83034447e-03 1.10675190e-02 -7.73336319e-03 4.63798270e-02 -8.85646790e-03 3.48566775e-03 -1.70470104e-02 -3.54805938e-03 -1.73011683e-02 -1.95876858e-03 3.83212976e-03 -9.27942898e-03
-6.02654833e-03 1.71381664e-02 3.51262465e-03 2.95733607e-05 -1.04958313e-02 1.14911022e-02 -8.12529866e-03 4.82238904e-02 -9.23729874e-03 3.61021166e-03 -1.76364407e-02 -3.66900628e-03 -1.78933498e-02 -2.02439609e-03 3.96141317e-03 -9.59273800e-03
8.80952179e-03 -3.02338265e-02 -6.19145809e-03 -7.59747854e-05 1.85791887e-02 -2.06453688e-02 1.45664960e-02 -8.64420682e-02 1.65350530e-02 -6.49249228e-03 3.17369029e-02 6.60410710e-03 3.22034247e-02 3.64531693e-03 -7.13199330e-03 1.72700267e-02
5.04560396e-03 -4.13151607e-02 -8.02188832e-03 -1.40101081e-04 2.81473156e-02 -3.19853649e-02 2.22295206e-02 -1.33864567e-01 2.56253704e-02 -1.00935744e-02 4.93709669e-02 1.02761313e-02 5.01084104e-02 5.67333680e-03 -1.10991988e-02 2.68765036e-02
2.58264970e-03 -8.14418681e-03 -1.73479423e-03 -2.06921159e-05 5.05700894e-03 -5.60067315e-03 3.95290926e-03 -2.34911442e-02 4.48006159e-03 -1.75880326e-03 8.59755185e-03 1.78894622e-03 8.72323103e-03 9.87359323e-04 -1.93179352e-03 4.67781210e-03
1.70856770e-02 -6.65590912e-02 -1.33294482e-02 -1.75916313e-04 4.16924022e-02 -4.66167592e-02 3.26800048e-02 -1.94982648e-01 3.73101272e-02 -1.46726677e-02 7.17501789e-02 1.49320839e-02 7.28127062e-02 8.24249629e-03 -1.61262322e-02 3.90495062e-02
5.78417536e-03 -1.88232511e-02 -3.85373738e-03 -2.52308600e-05 1.10065443e-02 -1.20044779e-02 8.61170143e-03 -5.03626801e-02 9.63014644e-03 -3.76582332e-03 1.83814764e-02 3.82266147e-03 1.86430179e-02 2.10824958e-03 -4.12617950e-03 9.99206305e-03
-1.00049633e-03 1.96165103e-03 4.17780015e-04 1.54856571e-06 -8.40024848e-04 8.84902081e-04 -6.25736895e-04 3.64965154e-03 -7.00840377e-04 2.72701232e-04 -1.32791384e-03 -2.75826023e-04 -1.34426402e-03 -1.51974280e-04 2.97491410e-04 -7.20323762e-04
-4.54949797e-04 2.22530961e-03 4.47288854e-04 5.24626739e-06 -1.31587149e-03 1.41314825e-03 -9.98437870e-04 5.89352380e-03 -1.12582720e-03 4.41382756e-04 -2.15662294e-03 -4.48654406e-04 -2.18778360e-03 -2.47609743e-04 4.84462071e-04 -1.17311801e-03
1.53534883e-03 -1.09921489e-02 -2.13618414e-03 -3.79789089e-05 7.53367972e-03 -8.57302640e-03 5.96402027e-03 -3.59089300e-02 6.87384512e-03 -2.70708697e-03 1.32417995e-02 2.75622983e-03 1.34400306e-02 1.52168993e-03 -2.97700381e-03 7.20875850e-03
8.77796393e-03 -2.55858842e-02 -5.69705386e-03 4.14562237e-07 1.54647576e-02 -1.66371968e-02 1.17826350e-02 -6.92760348e-02 1.33137871e-02 -5.19726239e-03 2.53749304e-02 5.27284760e-03 2.57173590e-02 2.90809642e-03 -5.69155626e-03 1.37823131e-02
1.25617646e-02 -3.05396374e-02 -6.27145544e-03 -1.60477066e-05 1.73155442e-02 -1.92083213e-02 1.33943502e-02 -7.97663704e-02 1.53097361e-02 -6.00379752e-03 2.93311570e-02 6.10034307e-03 2.97483187e-02 3.36650386e-03 -6.58696471e-03 1.59502644e-02
3.57920281e-03 -2.17194892e-02 -4.32643481e-03 -6.97266878e-05 1.43477796e-02 -1.62159167e-02 1.13300458e-02 -6.79084063e-02 1.29979951e-02 -5.11250924e-03 2.50096750e-02 5.20490808e-03 2.53784023e-02 2.87293107e-03 -5.62076317e-03 1.36105716e-02
-4.19733487e-03 1.56202530e-02 3.32552264e-03 2.83080954e-05 -9.84145049e-03 1.08217392e-02 -7.59726251e-03 4.53402959e-02 -8.67793523e-03 3.40200472e-03 -1.66192949e-02 -3.45740560e-03 -1.68597866e-02 -1.90777576e-03 3.73298838e-03 -9.03951190e-03
-6.88662380e-03 2.61271242e-02 5.20021934e-03 7.14428606e-05 -1.62323304e-02 1.81791559e-02 -1.27675915e-02 7.63771906e-02 -1.45939793e-02 5.72456792e-03 -2.79715247e-02 -5.82132768e-03 -2.83887759e-02 -3.21307103e-03 6.28698617e-03 -1.52238952e-02
-1.01357764e-02 3.70800942e-02 7.64139974e-03 1.13899063e-04 -2.31246091e-02 2.61740014e-02 -1.82278827e-02 1.09464861e-01 -2.09196359e-02 8.23389459e-03 -4.02707346e-02 -8.38073809e-03 -4.08653617e-02 -4.62658098e-03 9.05138534e-03 -2.19177827e-02
1.79666281e-02 -6.91658631e-02 -1.37404166e-02 -1.39855139e-04 4.41352315e-02 -4.92699184e-02 3.44061852e-02 -2.06284225e-01 3.94456536e-02 -1.55077353e-02 7.58308843e-02 1.57834347e-02 7.69647434e-02 8.71306565e-03 -1.70464832e-02 4.12777252e-02
-1.40760280e-02 5.30588850e-02 1.07791079e-02 1.61160628e-04 -3.33840474e-02 3.73535380e-02 -2.62085125e-02 1.56574771e-01 -2.99599990e-02 1.17839603e-02 -5.76463565e-02 -1.19963381e-02 -5.84960803e-02 -6.62283227e-03 1.29568242e-02 -3.13746966e-02
1.39536592e-03 -3.22208041e-03 -7.58307695e-04 -5.88823514e-06 1.36323553e-03 -1.16033969e-03 9.89519409e-04 -4.84020589e-03 9.03667358e-04 -3.44317203e-04 1.68370199e-03 3.48583300e-04 1.69998209e-03 1.92352003e-04 -3.76350479e-04 9.11310664e-04
-5.13240322e-03 1.89192016e-02 3.71604250e-03 5.04095551e-05 -1.19068045e-02 1.33234719e-02 -9.33589134e-03 5.57090603e-02 -1.06618227e-02 4.19020094e-03 -2.04790980e-02 -4.26146854e-03 -2.07809936e-02 -2.35210638e-03 4.60200477e-03 -1.11437486e-02
8.18245695e-04 5.74800000e-03 1.05918804e-03 2.96027774e-05 -4.52046609e-03 5.25427330e-03 -3.62555683e-03 2.19124611e-02 -4.22011036e-03 1.66663795e-03 -8.15634150e-03 -1.69813260e-03 -8.28033406e-03 -9.37699166e-04 1.83441117e-03 -4.44202544e-03
-2.42517260e-03 1.41706988e-02 2.76574609e-03 4.54982146e-05 -9.49693657e-03 1.08035663e-02 -7.52514042e-03 4.52607200e-02 -8.65632202e-03 3.40923597e-03 -1.66742690e-02 -3.47067998e-03 -1.69239622e-02 -1.91613764e-03 3.74869560e-03 -9.07740090e-03
1.21729553e-03 -5.16571803e-03 -1.04848878e-03 -1.63974455e-05 3.40165221e-03 -3.81562626e-03 2.65907333e-03 -1.59693304e-02 3.05792014e-03 -1.20355585e-03 5.88681130e-03 1.22524227e-03 5.97455725e-03 6.76425057e-04 -1.32335187e-03 3.20447073e-03
-1.06950523e-04 -2.95380829e-03 -5.45985531e-04 -1.21965986e-05 2.26070383e-03 -2.62320810e-03 1.81158097e-03 -1.10021792e-02 2.10561021e-03 -8.30657431e-04 4.06448497e-03 8.46064067e-04 4.12559137e-03 4.67132777e-04 -9.13876982e-04 2.21293815e-03
-1.48503715e-03 3.36063327e-03 7.12058973e-04 4.45900378e-06 -2.09115096e-03 2.28161854e-03 -1.60403154e-03 9.54621751e-03 -1.82540354e-03 7.16166280e-04 -3.50022060e-03 -7.28237210e-04 -3.55119188e-03 -4.01912403e-04 7.86369725e-04 -1.90418900e-03
8.52528145e-04 5.57620195e-04 1.07158718e-04 1.21181383e-05 -4.99573362e-04 6.00095198e-04 -4.07961954e-04 2.50804261e-03 -4.81371448e-04 1.90418083e-04 -9.32439463e-04 -1.94116539e-04 -9.46561806e-04 -1.07209096e-04 2.09717255e-04 -5.07823774e-04
1.13020046e-02 -2.75772344e-02 -5.57189062e-03 -4.39486648e-05 1.68154519e-02 -1.84568726e-02 1.29448660e-02 -7.69454166e-02 1.46967378e-02 -5.77607192e-03 2.82305554e-02 5.87351015e-03 2.86401920e-02 3.24197835e-03 -6.34287624e-03 1.53592108e-02
1.04612838e-02 -3.78109142e-02 -7.99864437e-03 -1.12183094e-04 2.41246372e-02 -2.69569848e-02 1.88212283e-02 -1.12907469e-01 2.15958823e-02 -8.49101506e-03 4.15224135e-02 8.64163786e-03 4.21392508e-02 4.77069803e-03 -9.33342706e-03 2.26007067e-02
-9.34487395e-03 2.86581106e-02 5.76112280e-03 5.90271011e-05 -1.72925517e-02 1.91261340e-02 -1.34556461e-02 8.05171877e-02 -1.54019957e-02 6.00720104e-03 -2.93469541e-02 -6.10800833e-03 -2.97878236e-02 -3.36933415e-03 6.59414101e-03 -1.59690157e-02
8.38953443e-03 -2.70044357e-02 -5.56062395e-03 -7.40055548e-05 1.72524489e-02 -1.91895198e-02 1.34627223e-02 -8.03216249e-02 1.53437452e-02 -6.02335809e-03 2.94422805e-02 6.12574909e-03 2.98715271e-02 3.38131422e-03 -6.61559170e-03 1.60195436e-02
6.56602532e-03 -1.30927330e-02 -2.53539835e-03 -1.62477536e-05 7.10390136e-03 -7.63558922e-03 5.45248296e-03 -3.18355151e-02 6.08006446e-03 -2.38672341e-03 1.16188517e-02 2.41639884e-03 1.17843524e-02 1.33334578e-03 -2.60921963e-03 6.31808583e-03
3.69417528e-03 -1.26104578e-02 -2.40714895e-03 -3.50551745e-05 8.33130535e-03 -9.42199025e-03 6.55413326e-03 -3.94201390e-02 7.54395826e-03 -2.97058979e-03 1.45274391e-02 3.02376039e-03 1.47445137e-02 1.66936056e-03 -3.26591870e-03 7.90835731e-03
-2.68311659e-03 5.65098785e-03 1.11749768e-03 -9.60682519e-06 -3.29384627e-03 3.63460230e-03 -2.53358879e-03 1.50708025e-02 -2.88671232e-03 1.13423413e-03 -5.54130785e-03 -1.15308678e-03 -5.62267005e-03 -6.36481447e-04 1.24526047e-03 -3.01537686e-03
-4.36429726e-03 2.25310959e-02 4.63965070e-03 6.64706386e-05 -1.35257505e-02 1.51425190e-02 -1.06015606e-02 6.34532943e-02 -1.21250814e-02 4.77365870e-03 -2.33447310e-02 -4.85899812e-03 -2.36936864e-02 -2.68256781e-03 5.24814287e-03 -1.27082132e-02
3.77013395e-03 -1.71518680e-02 -3.32932733e-03 -5.55641673e-05 1.13532608e-02 -1.28928339e-02 8.97999760e-03 -5.39892241e-02 1.03362501e-02 -4.07005101e-03 1.99086275e-02 4.14387975e-03 2.02065576e-02 2.28781789e-03 -4.47583385e-03 1.08381435e-02
5.60145173e-03 -1.88215375e-02 -3.92441358e-03 -2.41110629e-05 1.15550710e-02 -1.27377743e-02 8.95089190e-03 -5.31001016e-02 1.01946779e-02 -3.99207696e-03 1.95026472e-02 4.05654265e-03 1.97824091e-02 2.23837234e-03 -4.37993137e-03 1.06060170e-02
-4.91768820e-03 1.65211540e-02 3.41532240e-03 4.00409917e-05 -1.02550061e-02 1.15114339e-02 -8.06812383e-03 4.81454097e-02 -9.21236072e-03 3.61533533e-03 -1.76764298e-02 -3.67782358e-03 -1.79343447e-02 -2.03006249e-03 3.97180300e-03 -9.61767416e-03
-2.26157694e-03 7.56021496e-03 1.57754344e-03 1.52817229e-05 -4.75340057e-03 5.25069283e-03 -3.68521409e-03 2.19853409e-02 -4.20423551e-03 1.65080954e-03 -8.06894060e-03 -1.67870231e-03 -8.18594079e-03 -9.26489593e-04 1.81273138e-03 -4.38952493e-03
-7.08070584e-03 2.18804032e-02 4.19509271e-03 5.22663831e-05 -1.42109180e-02 1.58385206e-02 -1.10862758e-02 6.63299710e-02 -1.26811229e-02 4.98600723e-03 -2.43784804e-02 -5.07354131e-03 -2.47390456e-02 -2.80070724e-03 5.47941262e-03 -1.32682910e-02
6.86499872e-04 -5.61252702e-03 -1.17498788e-03 -2.12541127e-05 3.62307322e-03 -4.03478229e-03 2.82622431e-03 -1.69150699e-02 3.22575890e-03 -1.26514537e-03 6.18372438e-03 1.28588569e-03 6.27029967e-03 7.09542888e-04 -1.38838368e-03 3.36204376e-03
-2.59229820e-03 6.13203319e-03 1.25768734e-03 1.24356848e-06 -3.77195282e-03 4.16090060e-03 -2.93331919e-03 1.74344406e-02 -3.33415484e-03 1.30741810e-03 -6.38668984e-03 -1.32859568e-03 -6.47888798e-03 -7.33086956e-04 1.43444643e-03 -3.47355101e-03
1.50524793e-05 3.08113609e-04 5.33318926e-05 1.95089456e-06 -2.80940003e-04 3.43905209e-04 -2.34123436e-04 1.43829302e-03 -2.75728380e-04 1.09135632e-04 -5.34407620e-04 -1.11283327e-04 -5.42645284e-04 -6.14603341e-05 1.20229386e-04 -2.91132746e-04
3.49657843e-03 -1.51409851e-02 -3.04880505e-03 -4.55266636e-05 9.59155615e-03 -1.08019514e-02 7.54588982e-03 -4.52272668e-02 8.65646545e-03 -3.40524502e-03 1.66576672e-02 3.46670370e-03 1.69043485e-02 1.91389071e-03 -3.74430651e-03 9.06676613e-03
1.78242335e-05 -4.79643978e-03 -5.68902702e-04 -1.85906265e-05 4.10064869e-03 -4.87080822e-03 3.34291952e-03 -2.04981975e-02 3.93167045e-03 -1.55157293e-03 7.59363361e-03 1.58103288e-03 7.70991482e-03 8.73033598e-04 -1.70794560e-03 4.13576188e-03
-4.68369294e-03 1.89252160e-02 3.99986794e-03 5.19609748e-05 -1.20417522e-02 1.34184454e-02 -9.39958263e-03 5.61219789e-02 -1.07419509e-02 4.22163447e-03 -2.06405167e-02 -4.29525692e-03 -2.09447406e-02 -2.37102085e-03 4.63878829e-03 -1.12327440e-02
-8.86309892e-03 3.96845192e-02 8.16735905e-03 1.18902230e-04 -2.48902515e-02 2.77947485e-02 -1.94862727e-02 1.16099231e-01 -2.22258773e-02 8.72687437e-03 -4.26744744e-02 -8.87702405e-03 -4.32867333e-02 -4.89987619e-03 9.58636589e-03 -2.32133754e-02
-9.70978290e-03 3.43607962e-02 7.16238702e-03 8.81274464e-05 -2.13114228e-02 2.36410070e-02 -1.66556034e-02 9.89291072e-02 -1.89278647e-02 7.41726253e-03 -3.62460054e-02 -7.54112937e-03 -3.67757417e-02 -4.16073017e-03 8.14168155e-03 -1.97154265e-02
1.32226199e-03 4.65688622e-03 9.13669763e-04 2.28930076e-05 -3.41750449e-03 3.91467568e-03 -2.71496479e-03 1.63935460e-02 -3.14048515e-03 1.23727880e-03 -6.05271710e-03 -1.25990598e-03 -6.14360254e-03 -6.95604889e-04 1.36085879e-03 -3.29529424e-03
-3.55484139e-04 9.38563608e-04 2.35324245e-04 1.57416991e-06 -4.29740467e-04 4.12591122e-04 -3.06613569e-04 1.70007942e-03 -3.24314780e-04 1.25250503e-04 -6.09169423e-04 -1.26401879e-04 -6.16511388e-04 -6.96230709e-05 1.36299612e-04 -3.30061594e-04
8.83004046e-04 8.31995625e-04 2.19252484e-04 1.08819349e-05 -5.41940390e-04 5.24830713e-04 -3.89703142e-04 2.22174241e-03 -4.19150485e-04 1.62006967e-04 -7.90219288e-04 -1.63982128e-04 -8.00188573e-04 -9.03656692e-05 1.76894740e-04 -4.28376865e-04
-1.13963103e-02 4.35577892e-02 8.91261082e-03 1.29018212e-04 -2.77519543e-02 3.11911330e-02 -2.18245219e-02 1.30579680e-01 -2.49746777e-02 9.83029418e-03 -4.80756462e-02 -1.00052413e-02 -4.87880558e-02 -5.52357314e-03 1.08063044e-02 -2.61672493e-02
-1.36005729e-02 3.96972559e-02 7.71938264e-03 7.85562879e-05 -2.35716775e-02 2.65755970e-02 -1.85614936e-02 1.10881567e-01 -2.12264750e-02 8.34597554e-03 -4.08151373e-02 -8.49213358e-03 -4.14103754e-02 -4.68705315e-03 9.17021930e-03 -2.22061388e-02
-1.63840945e-03 5.25246328e-03 1.09051238e-03 7.69461985e-06 -3.26183531e-03 3.56658804e-03 -2.51496630e-03 1.48982406e-02 -2.85245804e-03 1.11823564e-03 -5.46264788e-03 -1.13627815e-03 -5.54098329e-03 -6.26966881e-04 1.22679782e-03 -2.97071692e-03
-4.64446202e-04 4.21819696e-03 8.90647469e-04 1.42423269e-05 -2.72151851e-03 2.98539689e-03 -2.12394889e-03 1.25078596e-02 -2.39601708e-03 9.38347250e-04 -4.58227657e-03 -9.52787814e-04 -4.64651920e-03 -5.25467505e-04 1.02839980e-03 -2.49041081e-03
2.20633973e-03 -7.84656964e-03 -1.79117324e-03 -1.80691295e-05 4.77906177e-03 -5.29961707e-03 3.72464908e-03 -2.21529491e-02 4.24824003e-03 -1.66512292e-03 8.13602936e-03 1.69283978e-03 8.25562607e-03 9.34111362e-04 -1.82779250e-03 4.42598248e-03
2.36772723e-03 -8.36160872e-03 -1.64017465e-03 -2.45561696e-05 5.25859604e-03 -5.85906813e-03 4.08627512e-03 -2.45109070e-02 4.69590072e-03 -1.84719136e-03 9.03270114e-03 1.87992130e-03 9.16689914e-03 1.03781105e-03 -2.03038473e-03 4.91653662e-03
6.25490258e-03 -5.95023949e-03 -1.08227867e-03 4.28399289e-08 2.47048470e-03 -2.56647263e-03 1.87362975e-03 -1.07111093e-02 2.04203138e-03 -7.97481393e-04 3.89213325e-03 8.09048535e-04 3.94506240e-03 4.46383841e-04 -8.73442157e-04 2.11504730e-03
5.83403185e-03 -1.97777320e-02 -4.04722989e-03 -5.50769182e-05 1.26390830e-02 -1.38673466e-02 9.80163831e-03 -5.81287555e-02 1.10836476e-02 -4.35681920e-03 2.13040765e-02 4.43325192e-03 2.16174927e-02 2.44729081e-03 -4.78794239e-03 1.15939099e-02
-1.82591216e-03 3.42152058e-03 6.58065197e-04 7.49972241e-06 -2.23025889e-03 2.52821320e-03 -1.76039990e-03 1.05825942e-02 -2.02740193e-03 7.97796820e-04 -3.90202156e-03 -8.12147046e-04 -3.96023458e-03 -4.48348699e-04 8.77159589e-04 -2.12402944e-03
1.33066811e-03 3.25211231e-03 6.20413048e-04 2.72081743e-05 -2.51637027e-03 2.94200308e-03 -2.03427742e-03 1.23288939e-02 -2.35927617e-03 9.32924217e-04 -4.56765713e-03 -9.50892805e-04 -4.63659363e-03 -5.25229319e-04 1.02737313e-03 -2.48773303e-03
-9.42476653e-03 2.76533626e-02 5.54146757e-03 4.65215235e-05 -1.71685871e-02 1.91539228e-02 -1.33879185e-02 8.00549239e-02 -1.53086921e-02 6.01680065e-03 -2.94087641e-02 -6.11809734e-03 -2.98343580e-02 -3.37658892e-03 6.60662586e-03 -1.59980170e-02
1.04041956e-02 -4.33279909e-02 -8.82916152e-03 -1.35234208e-04 2.77825762e-02 -3.11497655e-02 2.17138715e-02 -1.30420297e-01 2.49522496e-02 -9.82291810e-03 4.80462611e-02 1.00000631e-02 4.87626493e-02 5.52087789e-03 -1.08009512e-02 2.61542946e-02
-2.03831773e-03 5.82502410e-03 1.24702812e-03 1.11378513e-05 -3.46706761e-03 3.81832221e-03 -2.69199931e-03 1.59691032e-02 -3.05863051e-03 1.19706860e-03 -5.84736420e-03 -1.21641427e-03 -5.93188405e-03 -6.71165588e-04 1.31329184e-03 -3.18016321e-03
-2.77363788e-03 1.06655406e-02 2.23539909e-03 2.92804380e-05 -6.75986288e-03 7.53299054e-03 -5.26088150e-03 3.14861313e-02 -6.03457727e-03 2.37102341e-03 -1.15924459e-02 -2.41243606e-03 -1.17636239e-02 -1.33163645e-03 2.60531600e-03 -6.30872929e-03
4.13090037e-03 -8.87352135e-03 -1.70822127e-03 -1.19277956e-05 5.17513230e-03 -5.57403918e-03 3.98182869e-03 -2.34190561e-02 4.45546070e-03 -1.74650433e-03 8.53121933e-03 1.77487882e-03 8.65501165e-03 9.79494187e-04 -1.91648572e-03 4.64075943e-03
-1.10576570e-03 3.69423046e-03 7.70217855e-04 6.67424774e-06 -2.32035946e-03 2.57526222e-03 -1.81759533e-03 1.07764015e-02 -2.06050230e-03 8.08555109e-04 -3.95196769e-03 -8.22377391e-04 -4.01022611e-03 -4.53914807e-04 8.88095296e-04 -2.15051044e-03
1.29278959e-03 -4.55135247e-03 -9.62624501e-04 -1.18809012e-05 2.76143802e-03 -3.06735770e-03 2.13494757e-03 -1.27752433e-02 2.45018443e-03 -9.62855702e-04 4.70801769e-03 9.79884760e-04 4.77811415e-03 5.40933223e-04 -1.05828920e-03 2.56262464e-03
-2.85626901e-03 9.25901905e-03 1.86859909e-03 2.62867543e-05 -5.93429711e-03 6.63901540e-03 -4.63840924e-03 2.78042071e-02 -5.31868078e-03 2.09270231e-03 -1.02332402e-02 -2.12978595e-03 -1.03853960e-02 -1.17574306e-03 2.30024522e-03 -5.57000050e-03
-2.50590220e-03 1.91745106e-02 3.71314702e-03 6.66231426e-05 -1.30985314e-02 1.49069410e-02 -1.03755193e-02 6.24231994e-02 -1.19512677e-02 4.70685400e-03 -2.30236240e-02 -4.79224185e-03 -2.33680848e-02 -2.64576217e-03 5.17610833e-03 -1.25338491e-02
-6.59171399e-03 2.11357567e-02 4.13874397e-03 6.07781403e-05 -1.32342260e-02 1.48430830e-02 -1.03599634e-02 6.20260946e-02 -1.18786348e-02 4.67171380e-03 -2.28441227e-02 -4.75354260e-03 -2.31796969e-02 -2.62406189e-03 5.13382349e-03 -1.24314651e-02
9.96881910e-03 -3.50784846e-02 -7.15045538e-03 -7.24032288e-05 2.08263472e-02 -2.28112731e-02 1.60911009e-02 -9.55405459e-02 1.82338003e-02 -7.16448342e-03 3.50306407e-02 7.28355255e-03 3.55196074e-02 4.01941128e-03 -7.86480401e-03 1.90446638e-02
9.64863400e-04 -8.26070085e-04 -1.64527955e-04 8.66039863e-06 4.51728061e-04 -4.72862885e-04 3.39417864e-04 -1.98103208e-03 3.77523073e-04 -1.46904815e-04 7.16974668e-04 1.49125262e-04 7.27202976e-04 8.22466245e-05 -1.60963929e-04 3.89785098e-04
9.38875787e-03 -3.49937938e-02 -6.99655339e-03 -1.03865539e-04 2.19214782e-02 -2.46265177e-02 1.72040164e-02 -1.02958396e-01 1.97233707e-02 -7.75463739e-03 3.79258618e-02 7.89183564e-03 3.84826697e-02 4.35637403e-03 -8.52303300e-03 2.06383951e-02
-2.38945778e-03 1.18358340e-02 2.35651247e-03 3.69100235e-05 -7.41359685e-03 8.31261277e-03 -5.79671003e-03 3.47643085e-02 -6.65842975e-03 2.61853868e-03 -1.28058959e-02 -2.66500609e-03 -1.29949795e-02 -1.47117174e-03 2.87823775e-03 -6.96960045e-03
6.27646083e-03 -2.34189909e-02 -4.70984355e-03 -5.97003127e-05 1.50036495e-02 -1.68475248e-02 1.17482617e-02 -7.03595057e-02 1.34779830e-02 -5.29935211e-03 2.59156283e-02 5.39335841e-03 2.62993276e-02 2.97725806e-03 -5.82487090e-03 1.41048515e-02
9.09457449e-03 -2.98336297e-02 -5.97489439e-03 -8.87130955e-05 1.84700713e-02 -2.07853597e-02 1.45265795e-02 -8.69611129e-02 1.66528933e-02 -6.54656300e-03 3.20168920e-02 6.66295644e-03 3.24897580e-02 3.67807643e-03 -7.19590671e-03 1.74247529e-02
-8.84583313e-03 2.08515059e-02 4.53139050e-03 5.93483237e-05 -1.26687931e-02 1.40903862e-02 -9.89578664e-03 5.90648279e-02 -1.12932101e-02 4.43401467e-03 -2.16866005e-02 -4.51384624e-03 -2.20103636e-02 -2.49182712e-03 4.87503549e-03 -1.18048005e-02
-5.90648549e-03 2.53617689e-02 5.22189029e-03 7.70199549e-05 -1.58322509e-02 1.78196020e-02 -1.24599440e-02 7.45896995e-02 -1.42712248e-02 5.61658619e-03 -2.74688341e-02 -5.71689149e-03 -2.78755091e-02 -3.15602031e-03 6.17439905e-03 -1.49511872e-02
9.94526548e-04 7.59488321e-05 -4.79681185e-05 9.43586929e-06 -3.90252331e-04 5.55483741e-04 -3.53938784e-04 2.32862611e-03 -4.48596897e-04 1.80417235e-04 -8.87176779e-04 -1.85174096e-04 -9.02755768e-04 -1.02476741e-04 2.00342940e-04 -4.85097669e-04
1.21981855e-02 -4.11098450e-02 -8.73648934e-03 -5.64259462e-05 2.54880637e-02 -2.82078460e-02 1.98031180e-02 -1.18007071e-01 2.25456711e-02 -8.82860646e-03 4.31156568e-02 8.97100940e-03 4.37489003e-02 4.95077204e-03 -9.68751591e-03 2.34577563e-02
-1.08130332e-02 3.32547277e-02 6.90413732e-03 2.03044256e-05 -1.99650191e-02 2.18678676e-02 -1.54866418e-02 9.15137976e-02 -1.75707545e-02 6.88542100e-03 -3.36570702e-02 -7.00165518e-03 -3.41286846e-02 -3.86152044e-03 7.55740609e-03 -1.83007084e-02
8.47113878e-03 -3.26234587e-02 -6.16290746e-03 -9.04148474e-05 2.10175440e-02 -2.37141307e-02 1.65154599e-02 -9.93035659e-02 1.90173984e-02 -7.48166488e-03 3.65916938e-02 7.61611154e-03 3.71378586e-02 4.20452561e-03 -8.22576787e-03 1.99185479e-02
1.18078908e-03 -3.12285218e-03 -5.99460793e-04 -8.12496182e-06 2.00402783e-03 -2.23657675e-03 1.56752043e-03 -9.39785503e-03 1.78809348e-03 -7.03389815e-04 3.43844458e-03 7.15477450e-04 3.48894298e-03 3.94920324e-04 -7.72664906e-04 1.87100423e-03
2.38704425e-03 -1.35376528e-02 -2.77009397e-03 -4.43192948e-05 8.83308705e-03 -9.94485430e-03 6.94671972e-03 -4.15831059e-02 7.96253420e-03 -3.13131162e-03 1.53137557e-02 3.18678445e-03 1.55394226e-02 1.75920408e-03 -3.44175589e-03 8.33415147e-03
1.85935870e-02 -5.74350841e-02 -1.22081488e-02 -1.34690868e-04 3.53599712e-02 -3.94308791e-02 2.76518539e-02 -1.65285766e-01 3.16372775e-02 -1.24107897e-02 6.06814325e-02 1.26246857e-02 6.15610145e-02 6.96755061e-03 -1.36324922e-02 3.30110081e-02
-3.82715138e-03 1.29872328e-02 2.85096234e-03 1.85431945e-05 -7.86800496e-03 8.68249126e-03 -6.14010729e-03 3.63100059e-02 -6.96472591e-03 2.72176857e-03 -1.32988160e-02 -2.76575936e-03 -1.34883672e-02 -1.52542384e-03 2.98527046e-03 -7.22913072e-03
4.09528241e-03 -1.45802274e-02 -2.95640575e-03 -4.02103287e-05 9.08972323e-03 -1.01891337e-02 7.14870635e-03 -4.27003317e-02 8.15920345e-03 -3.20674852e-03 1.56805050e-02 3.26280924e-03 1.59102511e-02 1.80105655e-03 -3.52369784e-03 8.53257999e-03
-2.51664082e-03 7.87069649e-03 1.58718869e-03 2.21501341e-05 -4.94862674e-03 5.53612458e-03 -3.86348739e-03 2.31337175e-02 -4.43051150e-03 1.74222805e-03 -8.51977244e-03 -1.77311304e-03 -8.64625443e-03 -9.78874741e-04 1.91507617e-03 -4.63731959e-03
-2.26004468e-03 9.94524918e-03 1.93844805e-03 3.26363697e-05 -6.61581196e-03 7.51332380e-03 -5.22177899e-03 3.14130001e-02 -6.01601787e-03 2.36920151e-03 -1.15883742e-02 -2.41195480e-03 -1.17612099e-02 -1.33161189e-03 2.60513858e-03 -6.30829250e-03
5.75146731e-03 -1.85561366e-02 -3.76024190e-03 -4.50479383e-05 1.18506923e-02 -1.32278129e-02 9.20193084e-03 -5.52138239e-02 1.05762044e-02 -4.15816344e-03 2.03264207e-02 4.23018401e-03 2.06275228e-02 2.33515468e-03 -4.56863968e-03 1.10628912e-02
9.61386226e-03 -2.60991622e-02 -5.44185331e-03 4.15478062e-05 1.62124522e-02 -1.79717615e-02 1.26101859e-02 -7.53970966e-02 1.44195287e-02 -5.65782888e-03 2.76595354e-02 5.75639959e-03 2.80685909e-02 3.17740603e-03 -6.21647248e-03 1.50530674e-02
2.75397189e-02 -1.09027371e-01 -2.20024288e-02 -2.31124315e-04 6.69559389e-02 -7.39891753e-02 5.25233373e-02 -3.09898704e-01 5.94198778e-02 -2.32807938e-02 1.13842450e-01 2.36910097e-02 1.15528390e-01 1.30781159e-02 -2.55865827e-02 6.19573519e-02
-2.85730744e-03 2.30701771e-02 4.58406657e-03 8.78644787e-05 -1.53525500e-02 1.72822420e-02 -1.20462319e-02 7.23495856e-02 -1.38561511e-02 5.45395771e-03 -2.66769025e-02 -5.55227324e-03 -2.70743016e-02 -3.06525477e-03 5.99685358e-03 -1.45212710e-02
7.04651652e-03 -2.23372728e-02 -4.47216118e-03 -4.85489072e-05 1.38579477e-02 -1.53282341e-02 1.07865138e-02 -6.42533526e-02 1.22344466e-02 -4.81486646e-03 2.35209726e-02 4.89372108e-03 2.38639954e-02 2.70125782e-03 -5.28495200e-03 1.27974767e-02
-3.11428821e-03 1.27897179e-02 2.63170549e-03 3.74115989e-05 -8.02946463e-03 9.05498955e-03 -6.32291054e-03 3.78658548e-02 -7.24542234e-03 2.85101449e-03 -1.39432251e-02 -2.90199765e-03 -1.41507834e-02 -1.60209951e-03 3.13433912e-03 -7.58974068e-03
1.00241639e-02 -3.80064137e-02 -7.95632601e-03 -9.32523981e-05 2.36005839e-02 -2.61074062e-02 1.82612669e-02 -1.09152690e-01 2.09248029e-02 -8.21949635e-03 4.01835330e-02 8.36209301e-03 4.07758951e-02 4.61575622e-03 -9.03066248e-03 2.18675863e-02
2.66724778e-03 -1.88884940e-02 -3.71415331e-03 -6.26803158e-05 1.25500029e-02 -1.42233782e-02 9.89872869e-03 -5.95764294e-02 1.13938972e-02 -4.48647700e-03 2.19451822e-02 4.56762360e-03 2.22727451e-02 2.52172677e-03 -4.93346201e-03 1.19462861e-02
-2.90354714e-04 4.20930097e-03 7.01919431e-04 3.42973472e-05 -3.36858793e-03 4.02318360e-03 -2.74948240e-03 1.69173963e-02 -3.24123795e-03 1.28323236e-03 -6.29260903e-03 -1.31010404e-03 -6.38810452e-03 -7.23648933e-04 1.41550461e-03 -3.42758442e-03
1.36211468e-02 -6.37382567e-02 -1.22661702e-02 -1.81259631e-04 4.01556715e-02 -4.53337021e-02 3.17239352e-02 -1.89579010e-01 3.63143906e-02 -1.42830648e-02 6.98493943e-02 1.45363444e-02 7.08819553e-02 8.02475773e-03 -1.56997442e-02 3.80166471e-02
-4.39944677e-03 1.10600097e-02 2.23700376e-03 3.05543144e-05 -6.81154290e-03 7.62248272e-03 -5.31902630e-03 3.18659395e-02 -6.09496376e-03 2.39893910e-03 -1.17315846e-02 -2.44176830e-03 -1.19065894e-02 -1.34802691e-03 2.63726874e-03 -6.38609426e-03
7.83662125e-03 -2.40794942e-02 -4.86182934e-03 -6.42321029e-05 1.54925119e-02 -1.71269607e-02 1.19883483e-02 -7.15897828e-02 1.36716161e-02 -5.37658203e-03 2.62897387e-02 5.47073502e-03 2.66769771e-02 3.02005908e-03 -5.90854045e-03 1.43074039e-02
-3.10707605e-03 9.64928977e-03 1.97445601e-03 1.95431712e-05 -6.16865698e-03 6.74701296e-03 -4.76155756e-03 2.83370856e-02 -5.42037794e-03 2.12118519e-03 -1.03559382e-02 -2.15494353e-03 -1.05110295e-02 -1.18875515e-03 2.32637068e-03 -5.63353067e-03
1.16212685e-02 -4.19816747e-02 -8.35222006e-03 -8.94336845e-05 2.57057082e-02 -2.85652727e-02 2.00049412e-02 -1.19567342e-01 2.28166599e-02 -8.97287019e-03 4.38742079e-02 9.12995730e-03 4.45189960e-02 5.03986748e-03 -9.86015890e-03 2.38761883e-02
1.73917704e-03 2.93220219e-04 -5.49519900e-05 2.05681317e-05 -5.50507102e-04 7.46564707e-04 -4.84869117e-04 3.10484972e-03 -5.94246725e-04 2.39399538e-04 -1.17485574e-03 -2.45154486e-04 -1.19519024e-03 -1.35605878e-04 2.65139766e-04 -6.42001454e-04
2.17355031e-04 -8.20121844e-04 -1.94956432e-04 -1.54115844e-06 3.25076602e-04 -3.05503519e-04 2.21526803e-04 -1.25574414e-03 2.40908179e-04 -9.31040340e-05 4.53679881e-04 9.42448023e-05 4.59533738e-04 5.19633359e-05 -1.01689577e-04 2.46239942e-04
-8.66943598e-03 3.68531309e-02 7.39570940e-03 1.13696537e-04 -2.37719212e-02 2.68801209e-02 -1.87127795e-02 1.12561591e-01 -2.15368159e-02 8.47806316e-03 -4.14664783e-02 -8.63069668e-03 -4.20853309e-02 -4.76486608e-03 9.32191126e-03 -2.25728266e-02
1.78330601e-03 -6.69124722e-03 -1.34283444e-03 -8.17039472e-06 4.23017005e-03 -4.71029803e-03 3.29741114e-03 -1.96756087e-02 3.76469875e-03 -1.47995690e-03 7.23386649e-03 1.50531053e-03 7.34034833e-03 8.30890785e-04 -1.62563624e-03 3.93646955e-03
6.13752194e-03 -1.96142830e-02 -4.22161166e-03 -4.26494225e-05 1.18071912e-02 -1.30671440e-02 9.16747469e-03 -5.46816215e-02 1.04745487e-02 -4.10527177e-03 2.00594198e-02 4.17277357e-03 2.03474741e-02 2.30265083e-03 -4.50548716e-03 1.09100556e-02
-1.15882419e-03 1.80619315e-03 3.88795801e-04 2.90048320e-06 -8.77293292e-04 9.05160734e-04 -6.42654719e-04 3.77958524e-03 -7.16274371e-04 2.80370645e-04 -1.36924419e-03 -2.84737616e-04 -1.38842920e-03 -1.57121351e-04 3.07422568e-04 -7.44417834e-04
-9.66996595e-04 3.09269060e-03 6.55859883e-04 9.24470805e-06 -1.98940397e-03 2.21391744e-03 -1.54535298e-03 9.26639047e-03 -1.77431456e-03 6.98044256e-04 -3.41425650e-03 -7.10622699e-04 -3.46514629e-03 -3.92314658e-04 7.67520454e-04 -1.85853569e-03
-1.01221465e-02 4.45237458e-02 8.73487722e-03 1.30697357e-04 -2.80104689e-02 3.14185768e-02 -2.20304038e-02 1.31719202e-01 -2.51967832e-02 9.90454480e-03 -4.84421365e-02 -1.00824190e-02 -4.91636433e-02 -5.56599861e-03 1.08893486e-02 -2.63683796e-02
8.29088152e-04 -1.06790347e-03 -2.09544291e-04 -2.24060750e-06 6.81061822e-04 -7.43758981e-04 5.22508984e-04 -3.11014359e-03 5.93486533e-04 -2.33387123e-04 1.14001718e-03 2.37198285e-04 1.15658890e-03 1.30914850e-04 -2.56138796e-04 6.20237668e-04
