-2.25528702e-03 3.14594060e-02 9.69783217e-03 2.40213540e-03 -1.56923793e-02 1.43999569e-02 -1.51865659e-02 6.31947368e-02 -1.38220070e-02 6.70359749e-03 -2.81537641e-02 -2.20217626e-03 -2.47198660e-02 -5.30744437e-03 2.79994751e-03 -1.86847690e-02
-6.10938063e-04 1.06978258e-02 3.17851850e-03 7.93130021e-04 -5.18225180e-03 4.73757787e-03 -5.00937272e-03 2.08671913e-02 -4.55984846e-03 2.21437961e-03 -9.29534435e-03 -7.26951228e-04 -8.16218928e-03 -1.75246224e-03 9.24514025e-04 -6.16951846e-03
-7.45282334e-04 -1.24536804e-03 -5.66402334e-04 -1.64139114e-04 9.99297947e-04 -9.38552257e-04 1.01684907e-03 -4.25847992e-03 9.33779171e-04 -4.55779984e-04 1.91682193e-03 1.49733052e-04 1.68492203e-03 3.61945800e-04 -1.90902661e-04 1.27438828e-03
3.04377661e-03 -3.04411016e-02 -9.18572396e-03 -2.23593018e-03 1.46878194e-02 -1.34705026e-02 1.41313737e-02 -5.88874146e-02 1.28327347e-02 -6.23848382e-03 2.61980537e-02 2.04841816e-03 2.30019018e-02 4.93871700e-03 -2.60537816e-03 1.73867736e-02
8.72751174e-04 -2.68234201e-02 -7.77564896e-03 -1.88255822e-03 1.28204226e-02 -1.18572898e-02 1.19357258e-02 -4.99962084e-02 1.08332643e-02 -5.26154228e-03 2.20183637e-02 1.72466401e-03 1.93327088e-02 4.14920598e-03 -2.18962063e-03 1.46049447e-02
-6.10318617e-04 1.71706304e-02 5.11052180e-03 1.26169552e-03 -8.27135798e-03 7.67261954e-03 -7.98486639e-03 3.32776792e-02 -7.25264149e-03 3.52042844e-03 -1.47793377e-02 -1.15628901e-03 -1.29766976e-02 -2.78586242e-03 1.46974775e-03 -9.80732776e-03
3.33754066e-03 -3.99235189e-02 -1.19182169e-02 -2.88351136e-03 1.92419477e-02 -1.76613126e-02 1.82185061e-02 -7.58778229e-02 1.65910330e-02 -8.05772934e-03 3.38159725e-02 2.64476030e-03 2.96820514e-02 6.37259101e-03 -3.36216949e-03 2.24340502e-02
4.71364998e-04 -1.07243024e-02 -3.23536596e-03 -7.93756742e-04 5.26095089e-03 -4.81743738e-03 5.02872700e-03 -2.09125858e-02 4.57184296e-03 -2.21851026e-03 9.30971652e-03 7.28659681e-04 8.17116816e-03 1.75388658e-03 -9.25434637e-04 6.17410941e-03
-1.73594977e-03 3.03051341e-02 9.06808581e-03 2.25309515e-03 -1.45098148e-02 1.35170128e-02 -1.41902054e-02 5.91811612e-02 -1.29491398e-02 6.29022671e-03 -2.64171846e-02 -2.06570886e-03 -2.31900271e-02 -4.97882022e-03 2.62659253e-03 -1.75277069e-02
-3.17914295e-03 4.10731472e-02 1.23577379e-02 2.95086205e-03 -1.98750906e-02 1.80214979e-02 -1.88453011e-02 7.90183395e-02 -1.69919971e-02 8.23960453e-03 -3.45980152e-02 -2.70842225e-03 -3.03729828e-02 -6.51932042e-03 3.43983527e-03 -2.29498558e-02
-1.66710000e-03 2.82508265e-02 8.33396800e-03 2.08237860e-03 -1.36950780e-02 1.25015276e-02 -1.31364586e-02 5.48515059e-02 -1.19485175e-02 5.81003912e-03 -2.43978053e-02 -1.90777821e-03 -2.14253757e-02 -4.60033864e-03 2.42683222e-03 -1.61956903e-02
-2.97097163e-03 3.04035712e-02 9.22551937e-03 2.28836597e-03 -1.49322078e-02 1.36419535e-02 -1.44364592e-02 6.01760447e-02 -1.31350476e-02 6.38279878e-03 -2.68119462e-02 -2.09707511e-03 -2.35469565e-02 -5.05587459e-03 2.66718701e-03 -1.77993365e-02
1.10381353e-03 -2.08820887e-02 -6.52354956e-03 -1.62700668e-03 1.05962101e-02 -9.71436035e-03 1.02500394e-02 -4.27473448e-02 9.34323110e-03 -4.54142876e-03 1.90740805e-02 1.49173650e-03 1.67511161e-02 3.59675335e-03 -1.89741456e-03 1.26625067e-02
3.65786441e-03 -3.12211383e-02 -9.07636341e-03 -2.14225263e-03 1.44971460e-02 -1.31192850e-02 1.36369877e-02 -5.68075143e-02 1.23767182e-02 -5.98039152e-03 2.51065455e-02 1.96580170e-03 2.20421646e-02 4.73122345e-03 -2.49639270e-03 1.66549925e-02
8.81793164e-03 -1.38181612e-01 -4.22072709e-02 -1.01532806e-02 6.56578615e-02 -6.08712658e-02 6.41038567e-02 -2.67071992e-01 5.83602861e-02 -2.83089168e-02 1.18922852e-01 9.29935835e-03 1.04455248e-01 2.24294718e-02 -1.18319746e-02 7.89650902e-02
-4.13588015e-03 6.46897480e-02 1.93840843e-02 4.80390573e-03 -3.09271906e-02 2.86645889e-02 -3.02871577e-02 1.26158476e-01 -2.75636204e-02 1.34044327e-02 -5.63051105e-02 -4.40271618e-03 -4.94565181e-02 -1.06203696e-02 5.60234068e-03 -3.73903625e-02
-7.17954536e-04 1.89156532e-02 5.76096307e-03 1.46273803e-03 -9.53090843e-03 8.77851062e-03 -9.22963675e-03 3.85766029e-02 -8.38571042e-03 4.07782756e-03 -1.71282347e-02 -1.33921031e-03 -1.50442850e-02 -3.23048094e-03 1.70413055e-03 -1.13732442e-02
-2.13792059e-03 2.87970025e-02 8.81233346e-03 2.20930646e-03 -1.44780977e-02 1.32439351e-02 -1.39624784e-02 5.82974404e-02 -1.27158258e-02 6.17064536e-03 -2.59112921e-02 -2.02694442e-03 -2.27530748e-02 -4.88488795e-03 2.57716072e-03 -1.71966162e-02
2.97792396e-03 -3.89763750e-02 -1.16661265e-02 -2.88452650e-03 1.88656133e-02 -1.73130874e-02 1.82538889e-02 -7.59977102e-02 1.65686104e-02 -8.04905593e-03 3.38011123e-02 2.64326436e-03 2.96816844e-02 6.37303991e-03 -3.36200371e-03 2.24364437e-02
-1.65730715e-04 -6.65716827e-02 -2.10019276e-02 -5.38820261e-03 3.48874703e-02 -3.22518125e-02 3.38947028e-02 -1.41569689e-01 3.09010819e-02 -1.50396470e-02 6.31745756e-02 4.93913377e-03 5.54841235e-02 1.19146211e-02 -6.28510909e-03 4.19468321e-02
1.01981754e-03 -9.14748572e-03 -2.77236081e-03 -6.74523122e-04 4.43007611e-03 -4.06653108e-03 4.26989188e-03 -1.78212821e-02 3.87393520e-03 -1.88207440e-03 7.90429115e-03 6.18212449e-04 6.94050174e-03 1.49017631e-03 -7.86131714e-04 5.24618058e-03
4.93013579e-03 -8.89530256e-02 -2.67503448e-02 -6.70292648e-03 4.36067060e-02 -4.00862694e-02 4.22878899e-02 -1.76185444e-01 3.84501889e-02 -1.86945889e-02 7.85293803e-02 6.14114897e-03 6.89682737e-02 1.48088736e-02 -7.81219453e-03 5.21352403e-02
2.35938770e-03 -2.51394287e-02 -7.09585845e-03 -1.72176282e-03 1.14299683e-02 -1.04511315e-02 1.09672882e-02 -4.55923937e-02 9.92164947e-03 -4.81444132e-03 2.02040859e-02 1.58178865e-03 1.77321862e-02 3.80595704e-03 -2.00830842e-03 1.33973109e-02
-5.32062608e-04 -1.36173912e-06 -1.19022254e-04 -4.18311138e-05 2.50876066e-04 -2.33297047e-04 2.60771514e-04 -1.09186175e-03 2.39208515e-04 -1.16714589e-04 4.91126033e-04 3.83395600e-05 4.32146393e-04 9.28241716e-05 -4.89572158e-05 3.26875830e-04
-4.93968691e-05 4.04269062e-03 1.26495503e-03 3.25065950e-04 -2.10815156e-03 1.93981722e-03 -2.04645423e-03 8.54032021e-03 -1.86419906e-03 9.06539732e-04 -3.80802248e-03 -2.97732622e-04 -3.34455888e-03 -7.18176248e-04 3.78852652e-04 -2.52840715e-03
-6.46810513e-04 -3.17023024e-02 -1.03877764e-02 -2.68816808e-03 1.72433965e-02 -1.59198251e-02 1.69127956e-02 -7.06412345e-02 1.54216979e-02 -7.50245899e-03 3.15196291e-02 2.46431958e-03 2.76880953e-02 5.94570208e-03 -3.13642481e-03 2.09326446e-02
4.15474316e-03 -2.55587921e-02 -7.24035595e-03 -1.63569779e-03 1.12891188e-02 -1.02278581e-02 1.04468986e-02 -4.33949903e-02 9.47396643e-03 -4.58768848e-03 1.92540437e-02 1.50651229e-03 1.68766361e-02 3.62131582e-03 -1.91118277e-03 1.27471201e-02
6.10657549e-03 -2.94091590e-02 -7.55688315e-03 -1.71793089e-03 1.15067558e-02 -1.07314931e-02 1.08817248e-02 -4.53123115e-02 9.90368519e-03 -4.80634905e-03 2.01723929e-02 1.57747057e-03 1.76984910e-02 3.79927130e-03 -2.00442108e-03 1.33748045e-02
7.43730343e-04 -3.60812470e-02 -1.08703524e-02 -2.68921116e-03 1.75569952e-02 -1.61545333e-02 1.70035344e-02 -7.08444864e-02 1.54422550e-02 -7.49825360e-03 3.15167792e-02 2.46747001e-03 2.76625473e-02 5.93875581e-03 -3.13306693e-03 2.09066384e-02
-1.29499147e-03 2.28871219e-02 7.05665443e-03 1.73450774e-03 -1.14277117e-02 1.04314145e-02 -1.09481290e-02 4.57464382e-02 -9.97408293e-03 4.84413886e-03 -2.03370433e-02 -1.59099256e-03 -1.78548526e-02 -3.83322057e-03 2.02233647e-03 -1.34944851e-02
-2.06990587e-03 3.00294701e-02 8.69951118e-03 2.15450441e-03 -1.40521983e-02 1.29338214e-02 -1.36192068e-02 5.69932088e-02 -1.23938629e-02 6.01495942e-03 -2.52445284e-02 -1.97463762e-03 -2.21729279e-02 -4.76078875e-03 2.51178769e-03 -1.67593136e-02
-2.94942199e-03 3.84675264e-02 1.16007850e-02 2.84178648e-03 -1.83471944e-02 1.71161499e-02 -1.79098472e-02 7.48678818e-02 -1.63079854e-02 7.93186668e-03 -3.33225131e-02 -2.60526454e-03 -2.92607863e-02 -6.28312258e-03 3.31440312e-03 -2.21204739e-02
5.00955712e-03 -6.41076788e-02 -1.88345201e-02 -4.68408922e-03 3.08285728e-02 -2.81528179e-02 2.95271296e-02 -1.23367295e-01 2.68743187e-02 -1.30566470e-02 5.48333488e-02 4.28839540e-03 4.81657162e-02 1.03421239e-02 -5.45574306e-03 3.64100486e-02
-4.15757997e-03 6.27731606e-02 1.89089924e-02 4.68713092e-03 -3.04897502e-02 2.77863871e-02 -2.95854677e-02 1.23253956e-01 -2.68998351e-02 1.30769685e-02 -5.49526513e-02 -4.29534633e-03 -4.82580699e-02 -1.03629399e-02 5.46654174e-03 -3.64841223e-02
6.80124387e-04 -1.93734514e-03 -4.85744677e-04 -1.05856278e-04 7.34590634e-04 -6.50109432e-04 6.82875165e-04 -2.80679553e-03 6.08917035e-04 -2.95238016e-04 1.24079699e-03 9.69115717e-05 1.08870678e-03 2.33774772e-04 -1.23319012e-04 8.23024486e-04
-1.69595482e-03 2.16139164e-02 6.18765270e-03 1.53183681e-03 -1.00977905e-02 9.30690300e-03 -9.69833415e-03 4.04017493e-02 -8.80527124e-03 4.27786866e-03 -1.79544501e-02 -1.40458706e-03 -1.57634411e-02 -3.38404020e-03 1.78536144e-03 -1.19130919e-02
8.71771423e-04 1.09094149e-02 3.37805180e-03 8.60565982e-04 -5.59275039e-03 5.16701397e-03 -5.42586623e-03 2.27867980e-02 -4.93845344e-03 2.39876425e-03 -1.00747887e-02 -7.87855592e-04 -8.84674396e-03 -1.89944846e-03 1.00203918e-03 -6.68700691e-03
8.72177188e-05 2.51827929e-02 8.14518519e-03 2.10082484e-03 -1.34359142e-02 1.24701764e-02 -1.32210189e-02 5.52401729e-02 -1.20458938e-02 5.86173264e-03 -2.46222708e-02 -1.92492176e-03 -2.16298942e-02 -4.64483676e-03 2.45018979e-03 -1.63527932e-02
2.76628969e-04 -7.22888717e-03 -2.29142606e-03 -5.76270395e-04 3.75176524e-03 -3.42230569e-03 3.62613308e-03 -1.51300700e-02 3.30578466e-03 -1.60772610e-03 6.75442442e-03 5.28065662e-04 5.93281863e-03 1.27399643e-03 -6.72048016e-04 4.48526489e-03
-8.09581834e-05 -1.38493814e-03 -3.28780035e-04 -7.50551553e-05 5.18553308e-04 -4.62675904e-04 4.77487105e-04 -1.96899590e-03 4.30048211e-04 -2.08250101e-04 8.73814570e-04 6.83373946e-05 7.67288264e-04 1.64738944e-04 -8.69056603e-05 5.79963147e-04
-5.32146776e-04 5.44557115e-03 1.72123197e-03 4.31234104e-04 -2.82499264e-03 2.58241338e-03 -2.72038649e-03 1.13562038e-02 -2.47742608e-03 1.20417157e-03 -5.05778752e-03 -3.95501702e-04 -4.44170041e-03 -9.53704992e-04 5.03111281e-04 -3.35756340e-03
6.28920854e-04 3.30468128e-03 1.10480038e-03 2.89410760e-04 -1.86204864e-03 1.71199243e-03 -1.81826646e-03 7.58861657e-03 -1.65611005e-03 8.05202813e-04 -3.38207115e-03 -2.64484290e-04 -2.97076348e-03 -6.37908583e-04 3.36518424e-04 -2.24580313e-03
5.06472867e-03 -3.22473720e-02 -9.16504394e-03 -2.22825143e-03 1.49298767e-02 -1.36736073e-02 1.41112888e-02 -5.88014610e-02 1.27976183e-02 -6.22106902e-03 2.61209663e-02 2.04234617e-03 2.29314249e-02 4.92369197e-03 -2.59741652e-03 1.73339956e-02
2.87202047e-03 -5.48783243e-02 -1.75497141e-02 -4.39635711e-03 2.84695458e-02 -2.61579212e-02 2.76646111e-02 -1.15591019e-01 2.52222009e-02 -1.22624338e-02 5.15107140e-02 4.02707933e-03 4.52438705e-02 9.71534755e-03 -5.12499176e-03 3.42039913e-02
-3.80069599e-03 3.32278199e-02 9.35905986e-03 2.28150352e-03 -1.50861787e-02 1.38277393e-02 -1.44400271e-02 6.06294200e-02 -1.31748207e-02 6.37097796e-03 -2.67399065e-02 -2.09508324e-03 -2.34864764e-02 -5.04192244e-03 2.66009686e-03 -1.77452415e-02
2.92557455e-03 -3.62799354e-02 -1.11951856e-02 -2.78512482e-03 1.82852279e-02 -1.68637335e-02 1.76079534e-02 -7.35490769e-02 1.60074830e-02 -7.77540030e-03 3.26514579e-02 2.55269231e-03 2.86680926e-02 6.15552533e-03 -3.24729970e-03 2.16705482e-02
3.05822911e-03 -6.41858298e-03 -1.25817885e-03 -2.66839779e-04 1.93618052e-03 -1.73398980e-03 1.72919291e-03 -7.13206269e-03 1.54209649e-03 -7.49929517e-04 3.12804850e-03 2.44733499e-04 2.74308934e-03 5.88705530e-04 -3.10727133e-04 2.07226560e-03
8.87540460e-04 -1.74270626e-02 -5.44205029e-03 -1.40663155e-03 9.10111889e-03 -8.40235502e-03 8.84881150e-03 -3.69608924e-02 8.06699414e-03 -3.92492302e-03 1.64837483e-02 1.28877594e-03 1.44792143e-02 3.10923927e-03 -1.64016767e-03 1.09464405e-02
-1.51531887e-03 -1.58098282e-03 -9.01319261e-04 -2.68129399e-04 1.59934803e-03 -1.48140371e-03 1.66194316e-03 -6.97221188e-03 1.52651453e-03 -7.43897166e-04 3.12977796e-03 2.44579656e-04 2.75090802e-03 5.90845535e-04 -3.11654643e-04 2.08026241e-03
-6.55367621e-04 3.97634991e-02 1.21379104e-02 3.02179647e-03 -1.95112284e-02 1.79306101e-02 -1.90401524e-02 7.94692785e-02 -1.73359681e-02 8.43479857e-03 -3.54320593e-02 -2.77006393e-03 -3.11251767e-02 -6.68381993e-03 3.52581195e-03 -2.35313885e-02
7.07157014e-04 -2.36274879e-02 -7.31237372e-03 -1.86928746e-03 1.20106973e-02 -1.10788457e-02 1.17723504e-02 -4.91088368e-02 1.07271345e-02 -5.21788606e-03 2.19217557e-02 1.71375182e-03 1.92569587e-02 4.13529109e-03 -2.18140287e-03 1.45589020e-02
2.11881869e-03 -2.42209602e-02 -7.00129243e-03 -1.68238475e-03 1.12100597e-02 -1.03012202e-02 1.06598279e-02 -4.43620160e-02 9.69385821e-03 -4.70194314e-03 1.97376180e-02 1.54402375e-03 1.73228756e-02 3.71860247e-03 -1.96198886e-03 1.30907558e-02
-1.76028127e-03 1.89916808e-02 5.68930199e-03 1.39616581e-03 -9.07806121e-03 8.43696855e-03 -8.81868601e-03 3.68004926e-02 -8.02239589e-03 3.89521150e-03 -1.63611509e-02 -1.27924653e-03 -1.43648637e-02 -3.08428099e-03 1.62707490e-03 -1.08582787e-02
-1.01405988e-03 6.82654465e-03 1.86929712e-03 4.24589001e-04 -2.92615569e-03 2.62255222e-03 -2.70205783e-03 1.12684295e-02 -2.44559976e-03 1.18575501e-03 -4.97623160e-03 -3.89388530e-04 -4.36466420e-03 -9.36775876e-04 4.94267500e-04 -3.29763675e-03
-3.10661760e-03 2.68383026e-02 8.08823481e-03 2.07391777e-03 -1.36135751e-02 1.24363219e-02 -1.30846836e-02 5.46183065e-02 -1.18998243e-02 5.78380143e-03 -2.42898092e-02 -1.89940573e-03 -2.13311426e-02 -4.58042184e-03 2.41629081e-03 -1.61255971e-02
-2.19838694e-06 -1.07069109e-02 -3.33950971e-03 -8.35379760e-04 5.45028970e-03 -5.06135449e-03 5.26980963e-03 -2.20782515e-02 4.79906797e-03 -2.33130343e-03 9.79248714e-03 7.65757344e-04 8.59332550e-03 1.84492092e-03 -9.73362243e-04 6.49492769e-03
-1.15043484e-03 9.39907134e-03 2.86574918e-03 7.12379697e-04 -4.68222424e-03 4.29580081e-03 -4.51115845e-03 1.88289899e-02 -4.10244148e-03 1.99266593e-03 -8.36548209e-03 -6.54534961e-04 -7.34379189e-03 -1.57651189e-03 8.31754995e-04 -5.54988114e-03
5.29593344e-05 1.10887352e-03 3.63192114e-04 9.47346271e-05 -6.11146737e-04 5.61022607e-04 -5.96048019e-04 2.48817168e-03 -5.43417991e-04 2.64275033e-04 -1.11018040e-03 -8.67993076e-05 -9.75127623e-04 -2.09393475e-04 1.10458604e-04 -7.37193273e-04
9.15648940e-04 -1.82372462e-02 -5.46760857e-03 -1.34839281e-03 8.75852536e-03 -8.03977437e-03 8.50471016e-03 -3.54641564e-02 7.74010457e-03 -3.76187265e-03 1.58077572e-02 1.23561802e-03 1.38821248e-02 2.98102386e-03 -1.57251931e-03 1.04950918e-02
-3.70127236e-05 -2.08145822e-03 -4.45165089e-04 -9.50028843e-05 7.04504608e-04 -6.30281691e-04 6.15158817e-04 -2.52510631e-03 5.45735646e-04 -2.64516857e-04 1.10976701e-03 8.68296702e-05 9.73047048e-04 2.08883284e-04 -1.10194334e-04 7.35345529e-04
-1.12714409e-03 2.51582116e-02 7.82574248e-03 1.92380848e-03 -1.25688557e-02 1.15307495e-02 -1.21364817e-02 5.06014563e-02 -1.10434117e-02 5.36762411e-03 -2.25444939e-02 -1.76272809e-03 -1.97985433e-02 -4.25122585e-03 2.24262616e-03 -1.49667561e-02
-2.58103060e-03 5.23726307e-02 1.54513558e-02 3.76319024e-03 -2.47665364e-02 2.28983201e-02 -2.38255747e-02 9.92465168e-02 -2.16430388e-02 1.05089284e-02 -4.41498756e-02 -3.45098646e-03 -3.87436040e-02 -8.31830688e-03 4.38807020e-03 -2.92847157e-02
-3.53528699e-03 4.44463193e-02 1.30492942e-02 3.14253336e-03 -2.08622571e-02 1.92258377e-02 -1.99544560e-02 8.31986219e-02 -1.81054901e-02 8.77946895e-03 -3.68564725e-02 -2.88631138e-03 -3.23516093e-02 -6.94324356e-03 3.66370450e-03 -2.44411156e-02
1.04462146e-03 9.04696528e-03 2.81625567e-03 7.21147400e-04 -4.65675909e-03 4.28660819e-03 -4.54474054e-03 1.89580861e-02 -4.13352763e-03 2.01056036e-03 -8.44649598e-03 -6.60327903e-04 -7.41849095e-03 -1.59301329e-03 8.40334513e-04 -5.60839800e-03
-3.55820579e-04 -3.39671038e-03 -1.23113452e-03 -3.35023011e-04 2.11058557e-03 -1.96467619e-03 2.10165977e-03 -8.78664572e-03 1.92170555e-03 -9.35475575e-04 3.93103110e-03 3.07282986e-04 3.45379789e-03 7.41725904e-04 -3.91257170e-04 2.61139474e-03
7.93024548e-04 6.68505020e-03 2.26680469e-03 5.90935291e-04 -3.78646655e-03 3.49444733e-03 -3.71284899e-03 1.55099863e-02 -3.38679878e-03 1.64746551e-03 -6.92170067e-03 -5.41142421e-04 -6.07976411e-03 -1.30551227e-03 6.88685046e-04 -4.59621055e-03
-3.12959403e-03 5.10145687e-02 1.56520586e-02 3.88435693e-03 -2.51938757e-02 2.31525060e-02 -2.44945157e-02 1.02106042e-01 -2.22731922e-02 1.08343549e-02 -4.55125719e-02 -3.55783198e-03 -3.99711244e-02 -8.58316198e-03 4.52774670e-03 -3.02180834e-02
-6.12063054e-03 4.50834893e-02 1.21607622e-02 2.96665705e-03 -1.93058886e-02 1.80568211e-02 -1.87339354e-02 7.80392587e-02 -1.70269404e-02 8.27514753e-03 -3.47666331e-02 -2.71968474e-03 -3.05161923e-02 -6.55083498e-03 3.45601630e-03 -2.30625831e-02
-6.48521003e-04 5.35983080e-03 1.51951727e-03 3.62051156e-04 -2.45207315e-03 2.22438388e-03 -2.30013649e-03 9.57061350e-03 -2.08501262e-03 1.01180305e-03 -4.24647704e-03 -3.32288037e-04 -3.72646144e-03 -7.99906091e-04 4.22033510e-04 -2.81589408e-03
-8.52167868e-05 5.73576801e-03 1.69140869e-03 4.03872022e-04 -2.73338612e-03 2.47679278e-03 -2.57976074e-03 1.07032675e-02 -2.32967478e-03 1.12950697e-03 -4.73890221e-03 -3.71368456e-04 -4.15470544e-03 -8.91368720e-04 4.70475235e-04 -3.13745369e-03
8.11982667e-04 -1.02254581e-02 -3.10363225e-03 -7.11584755e-04 4.70129540e-03 -4.31458652e-03 4.50412277e-03 -1.87620278e-02 4.09642886e-03 -1.98737951e-03 8.34226701e-03 6.52985880e-04 7.32430490e-03 1.57207099e-03 -8.29493045e-04 5.53423259e-03
7.78205227e-04 -1.08914524e-02 -3.26590636e-03 -8.26383475e-04 5.38423704e-03 -4.91027022e-03 5.19813411e-03 -2.16901042e-02 4.74063493e-03 -2.30527297e-03 9.68310423e-03 7.57077069e-04 8.50495882e-03 1.82629982e-03 -9.63401340e-04 6.42968714e-03
3.42446845e-03 2.50465330e-03 1.28438370e-03 3.63229279e-04 -2.25315196e-03 2.11225473e-03 -2.26799701e-03 9.50224791e-03 -2.08080723e-03 1.01342378e-03 -4.25931066e-03 -3.32961907e-04 -3.74296727e-03 -8.03840114e-04 4.24020400e-04 -2.83010374e-03
2.15453282e-03 -1.94235593e-02 -5.71869500e-03 -1.39363098e-03 9.40858200e-03 -8.45925882e-03 8.86713620e-03 -3.68965082e-02 8.00159574e-03 -3.88734438e-03 1.63268559e-02 1.27647910e-03 1.43349478e-02 3.07797338e-03 -1.62371597e-03 1.08361654e-02
-1.20315026e-03 -1.00917416e-03 -6.01016392e-04 -1.89151033e-04 1.10379281e-03 -1.06217747e-03 1.17153733e-03 -4.92948061e-03 1.07714767e-03 -5.27743017e-04 2.22001434e-03 1.73206165e-04 1.95254083e-03 4.19567194e-04 -2.21253664e-04 1.47739181e-03
8.27128184e-04 2.55056773e-03 6.48639689e-04 1.52595545e-04 -1.08391710e-03 9.66245658e-04 -9.64653562e-04 4.03923402e-03 -8.77106795e-04 4.22232231e-04 -1.76792569e-03 -1.39029013e-04 -1.55102124e-03 -3.32589523e-04 1.75611320e-04 -1.17042696e-03
-4.32619266e-03 3.27263698e-02 9.41772014e-03 2.30718753e-03 -1.52315581e-02 1.40622808e-02 -1.45817194e-02 6.08963333e-02 -1.32587375e-02 6.44352939e-03 -2.70534325e-02 -2.11609574e-03 -2.37413254e-02 -5.09660458e-03 2.68895226e-03 -1.79416072e-02
2.43518408e-03 -5.24729639e-02 -1.61175113e-02 -4.00582794e-03 2.60741748e-02 -2.38121469e-02 2.52177399e-02 -1.05287910e-01 2.29805373e-02 -1.11785447e-02 4.69642319e-02 3.67144076e-03 4.12523299e-02 8.85854382e-03 -4.67295712e-03 3.11877448e-02
-8.17260821e-04 5.75019233e-03 1.64220529e-03 3.86405503e-04 -2.56807939e-03 2.35859561e-03 -2.44968780e-03 1.02149593e-02 -2.22588331e-03 1.07930752e-03 -4.53004567e-03 -3.54531483e-04 -3.97627102e-03 -8.53521517e-04 4.50322084e-04 -3.00463103e-03
-8.48156924e-04 1.45657109e-02 4.57953382e-03 1.14325038e-03 -7.42915645e-03 6.82407664e-03 -7.19631184e-03 3.00254803e-02 -6.56168349e-03 3.18933092e-03 -1.33960824e-02 -1.04755058e-03 -1.17650572e-02 -2.52621807e-03 1.33265543e-03 -8.89367983e-03
1.60913030e-03 -1.50748082e-02 -4.64991201e-03 -1.19609176e-03 7.77003774e-03 -7.13211438e-03 7.54988147e-03 -3.15123945e-02 6.86732074e-03 -3.33919656e-03 1.40250903e-02 1.09664176e-03 1.23180971e-02 2.64501804e-03 -1.39531598e-03 9.31197591e-03
-4.87801008e-04 2.62686005e-03 6.70496549e-04 1.41978395e-04 -1.01350644e-03 9.13698168e-04 -9.21888044e-04 3.80676985e-03 -8.21711554e-04 3.96723888e-04 -1.66284316e-03 -1.30222252e-04 -1.45872927e-03 -3.13021883e-04 1.65177873e-04 -1.10185531e-03
6.99231168e-04 1.07537163e-03 5.54748869e-04 1.69996434e-04 -1.03398843e-03 9.72265087e-04 -1.06646295e-03 4.46934951e-03 -9.76286188e-04 4.75950539e-04 -2.00069440e-03 -1.56359354e-04 -1.75789231e-03 -3.77534539e-04 1.99147791e-04 -1.32919650e-03
-1.11156667e-03 6.39823545e-03 1.77959190e-03 4.20373515e-04 -2.81931669e-03 2.53457273e-03 -2.65793526e-03 1.10828979e-02 -2.41192989e-03 1.17199181e-03 -4.92050499e-03 -3.84806917e-04 -4.32069600e-03 -9.27685585e-04 4.89387196e-04 -3.26591684e-03
2.46815267e-04 3.54875028e-02 1.09880101e-02 2.80930265e-03 -1.81377959e-02 1.67134665e-02 -1.77164841e-02 7.37989992e-02 -1.61099322e-02 7.83617143e-03 -3.29181030e-02 -2.57364963e-03 -2.89132446e-02 -6.20863307e-03 3.27513646e-03 -2.18582954e-02
-2.65000109e-03 3.00331973e-02 8.93933885e-03 2.25272705e-03 -1.46543980e-02 1.35140670e-02 -1.41964871e-02 5.92016540e-02 -1.29296593e-02 6.28597056e-03 -2.64036823e-02 -2.06427043e-03 -2.31834147e-02 -4.97785863e-03 2.62597506e-03 -1.75247900e-02
3.78198782e-03 -4.74528000e-02 -1.33447144e-02 -3.22712585e-03 2.14586537e-02 -1.95000879e-02 2.04324573e-02 -8.51984769e-02 1.85315683e-02 -9.00913402e-03 3.78534570e-02 2.95901624e-03 3.32086645e-02 7.12916534e-03 -3.76138045e-03 2.50972006e-02
8.38740612e-04 6.55197026e-03 2.32951320e-03 6.23940898e-04 -3.92628834e-03 3.65437823e-03 -3.90599249e-03 1.63213741e-02 -3.57063650e-03 1.73847587e-03 -7.30534503e-03 -5.71017212e-04 -6.41815830e-03 -1.37833029e-03 7.27058854e-04 -4.85270005e-03
3.38170980e-03 -5.56155182e-02 -1.67976301e-02 -4.22175089e-03 2.73022633e-02 -2.51937639e-02 2.65893601e-02 -1.10885739e-01 2.42284555e-02 -1.17791006e-02 4.94887307e-02 3.86914448e-03 4.34585065e-02 9.33161750e-03 -4.92264656e-03 3.28526832e-02
-6.17732236e-04 1.66087523e-02 4.90107667e-03 1.22754544e-03 -7.96127971e-03 7.31917517e-03 -7.72513309e-03 3.22411321e-02 -7.04399310e-03 3.42486263e-03 -1.43878544e-02 -1.12489297e-03 -1.26359751e-02 -2.71336478e-03 1.43134629e-03 -9.55266878e-03
2.89076311e-03 -1.70860197e-02 -4.30473126e-03 -9.52134200e-04 6.58331625e-03 -6.01893105e-03 6.05152594e-03 -2.51075383e-02 5.47659583e-03 -2.65304069e-03 1.11379679e-02 8.71446857e-04 9.77369025e-03 2.09807791e-03 -1.10696768e-03 7.38586066e-03
2.56047538e-03 -4.05543968e-02 -1.25939092e-02 -3.20338435e-03 2.05750670e-02 -1.90305524e-02 2.01594532e-02 -8.41385350e-02 1.83820985e-02 -8.93879030e-03 3.75548974e-02 2.93622515e-03 3.29852514e-02 7.08305556e-03 -3.73641797e-03 2.49367133e-02
-3.99848865e-03 1.66843757e-02 4.87118168e-03 1.13270234e-03 -7.45801767e-03 6.79229945e-03 -7.16187153e-03 2.98733395e-02 -6.50625164e-03 3.15787364e-03 -1.32664535e-02 -1.03747658e-03 -1.16530946e-02 -2.50224164e-03 1.31997128e-03 -8.80936347e-03
-1.64784258e-03 2.91216858e-02 8.68351478e-03 2.11723032e-03 -1.37365777e-02 1.26329241e-02 -1.33575220e-02 5.56757636e-02 -1.21480245e-02 5.90804871e-03 -2.48183105e-02 -1.94053527e-03 -2.17953324e-02 -4.68028337e-03 2.46890169e-03 -1.64775383e-02
6.41318911e-04 2.41580978e-03 8.20709858e-04 2.19940150e-04 -1.40968978e-03 1.30414020e-03 -1.38072798e-03 5.76485367e-03 -1.25854847e-03 6.11983298e-04 -2.57063843e-03 -2.01019560e-04 -2.25758669e-03 -4.84743767e-04 2.55720981e-04 -1.70656177e-03
3.59129929e-03 -6.52750358e-02 -2.02767774e-02 -5.03666466e-03 3.28733698e-02 -3.04700062e-02 3.17980908e-02 -1.32949114e-01 2.89619733e-02 -1.40665481e-02 5.90542406e-02 4.61839978e-03 5.18638752e-02 1.11357840e-02 -5.87503891e-03 3.92034054e-02
-4.63970471e-03 4.58175205e-02 1.30916368e-02 3.13924742e-03 -2.08646394e-02 1.88403465e-02 -1.99088883e-02 8.26918110e-02 -1.80776212e-02 8.77469033e-03 -3.68593372e-02 -2.88753514e-03 -3.23407352e-02 -6.94389129e-03 3.66422464e-03 -2.44428031e-02
2.89355731e-03 -2.88364831e-02 -7.82130752e-03 -1.96765410e-03 1.29120341e-02 -1.17519014e-02 1.23857558e-02 -5.17233685e-02 1.12925032e-02 -5.48414281e-03 2.30335575e-02 1.80152641e-03 2.02297196e-02 4.34364751e-03 -2.29140348e-03 1.52919535e-02
3.85480875e-04 -5.63052949e-03 -1.72773912e-03 -4.43273922e-04 2.89480831e-03 -2.66502169e-03 2.79960805e-03 -1.17341317e-02 2.54480029e-03 -1.23775855e-03 5.19796181e-03 4.06477891e-04 4.56432067e-03 9.79997450e-04 -5.16990607e-04 3.45009263e-03
5.01337869e-04 -1.66724138e-02 -5.14740823e-03 -1.27378199e-03 8.30417871e-03 -7.66749121e-03 8.04030336e-03 -3.35012898e-02 7.31300237e-03 -3.55328200e-03 1.49262249e-02 1.16705638e-03 1.31047135e-02 2.81377346e-03 -1.48435950e-03 9.90597997e-03
7.39446515e-03 -7.36460313e-02 -2.22592168e-02 -5.38456021e-03 3.51973213e-02 -3.23085412e-02 3.39977592e-02 -1.42024115e-01 3.09612118e-02 -1.50266709e-02 6.31213710e-02 4.93747508e-03 5.54063767e-02 1.18950168e-02 -6.27551414e-03 4.18752134e-02
-1.38165697e-03 1.87256709e-02 5.57174347e-03 1.31711958e-03 -8.71828198e-03 8.03382229e-03 -8.36051535e-03 3.48251611e-02 -7.59668788e-03 3.68165504e-03 -1.54606039e-02 -1.21068489e-03 -1.35671990e-02 -2.91161984e-03 1.53637782e-03 -1.02494024e-02
1.42263458e-03 -1.77431852e-02 -5.25563071e-03 -1.29400915e-03 8.44530296e-03 -7.78095331e-03 8.18176288e-03 -3.41491401e-02 7.43102934e-03 -3.61020956e-03 1.51641797e-02 1.18576444e-03 1.33128865e-02 2.85835448e-03 -1.50790170e-03 1.00628361e-02
-8.46431591e-04 7.50367250e-03 2.21994729e-03 5.45929885e-04 -3.58336326e-03 3.28607345e-03 -3.44323833e-03 1.43513884e-02 -3.13413469e-03 1.52295991e-03 -6.39648410e-03 -5.00049267e-04 -5.61755756e-03 -1.20624260e-03 6.36316545e-04 -4.24668239e-03
-8.49737087e-04 6.44128490e-03 1.79944292e-03 4.40506643e-04 -2.88543594e-03 2.68296478e-03 -2.77473056e-03 1.15529997e-02 -2.52573052e-03 1.22857187e-03 -5.16009377e-03 -4.03369981e-04 -4.53086710e-03 -9.72917071e-04 5.13228879e-04 -3.42525379e-03
1.74506009e-03 -2.60465592e-02 -8.01831950e-03 -2.00427254e-03 1.31240087e-02 -1.20841712e-02 1.26164565e-02 -5.26855625e-02 1.15075773e-02 -5.59399184e-03 2.34880950e-02 1.83660898e-03 2.06281617e-02 4.42937855e-03 -2.33664503e-03 1.55938081e-02
3.89694073e-03 -2.44527012e-02 -7.30720535e-03 -1.77101186e-03 1.17213884e-02 -1.06676584e-02 1.12432186e-02 -4.69857901e-02 1.02332039e-02 -4.96616028e-03 2.08535958e-02 1.63125840e-03 1.83130410e-02 3.93202528e-03 -2.07429123e-03 1.38427448e-02
9.44371615e-03 -1.39918864e-01 -3.96967828e-02 -9.63168405e-03 6.40723333e-02 -5.79310283e-02 6.13229387e-02 -2.53931135e-01 5.54430224e-02 -2.68560015e-02 1.12800390e-01 8.81975144e-03 9.90572199e-02 2.12681815e-02 -1.12197241e-02 7.48754069e-02
-6.38267957e-05 3.46332490e-02 1.07506011e-02 2.72354111e-03 -1.77171342e-02 1.61422305e-02 -1.71212293e-02 7.13910982e-02 -1.56007577e-02 7.58582819e-03 -3.18701193e-02 -2.49170093e-03 -2.79907193e-02 -6.01042481e-03 3.17060901e-03 -2.11602449e-02
2.62471475e-03 -2.97816601e-02 -8.76752753e-03 -2.17570690e-03 1.43817626e-02 -1.31840846e-02 1.37781249e-02 -5.75636625e-02 1.24865370e-02 -6.07657200e-03 2.54991353e-02 1.99361332e-03 2.23862901e-02 4.80637327e-03 -2.53554317e-03 1.69208683e-02
-8.04469979e-04 1.28937420e-02 3.81816318e-03 9.27143556e-04 -6.01090770e-03 5.56008983e-03 -5.84553601e-03 2.43689734e-02 -5.31743560e-03 2.58565228e-03 -1.08613921e-02 -8.49160482e-04 -9.53990780e-03 -2.04855576e-03 1.08063815e-03 -7.21218996e-03
3.14174057e-03 -4.95187156e-02 -1.48373349e-02 -3.62166041e-03 2.38073450e-02 -2.16513257e-02 2.28185486e-02 -9.51370150e-02 2.07922719e-02 -1.01030543e-02 4.24306579e-02 3.31800897e-03 3.72620001e-02 8.00082553e-03 -4.22071619e-03 2.81671751e-02
-3.26920650e-04 -3.98341455e-02 -1.25008244e-02 -3.19532724e-03 2.05719322e-02 -1.90104898e-02 2.01063715e-02 -8.40682238e-02 1.83310490e-02 -8.91777221e-03 3.74666452e-02 2.92900158e-03 3.29097025e-02 7.06706522e-03 -3.72794759e-03 2.48805583e-02
-1.22087396e-04 1.40684471e-03 2.10737475e-04 3.71994938e-05 -3.48621223e-04 3.07339942e-04 -2.35060535e-04 9.43913474e-04 -1.96680514e-04 9.25933491e-05 -3.77076387e-04 -2.99734475e-05 -3.29434348e-04 -7.04084887e-05 3.72452741e-05 -2.47538701e-04
2.18494493e-03 -9.93095189e-02 -2.99889315e-02 -7.66918948e-03 4.93640117e-02 -4.56954390e-02 4.83365208e-02 -2.01359332e-01 4.39994261e-02 -2.13936344e-02 8.98708031e-02 7.02605629e-03 7.89281353e-02 1.69485398e-02 -8.94063525e-03 5.96691482e-02
-2.28145486e-03 -7.60410912e-04 -8.13564984e-04 -2.72668403e-04 1.60054769e-03 -1.53222505e-03 1.69896206e-03 -7.12894229e-03 1.56765920e-03 -7.64011987e-04 3.21311597e-03 2.51091260e-04 2.82368879e-03 6.06463989e-04 -3.19903222e-04 2.13522231e-03
3.28720966e-03 -1.85495038e-02 -5.14758192e-03 -1.22306088e-03 8.41922313e-03 -7.58747850e-03 7.76776439e-03 -3.23809572e-02 7.02093076e-03 -3.41045880e-03 1.43201426e-02 1.11947244e-03 1.25705879e-02 2.69900472e-03 -1.42382970e-03 9.50183719e-03
-1.23409717e-03 1.35569256e-02 4.08343226e-03 1.00967172e-03 -6.75600534e-03 6.11496577e-03 -6.40018890e-03 2.67576221e-02 -5.82078146e-03 2.82254396e-03 -1.18402001e-02 -9.27450659e-04 -1.03985155e-02 -2.23152176e-03 1.17749849e-03 -7.85516016e-03
2.87973881e-03 -5.77335469e-02 -1.74159762e-02 -4.39389935e-03 2.85785422e-02 -2.63202824e-02 2.76928712e-02 -1.15686394e-01 2.52035335e-02 -1.22576626e-02 5.14914729e-02 4.02577128e-03 4.52217683e-02 9.71055776e-03 -5.12247765e-03 3.41870412e-02
1.10509049e-03 3.06455698e-03 1.02651468e-03 2.75968952e-04 -1.76296046e-03 1.62658596e-03 -1.72611896e-03 7.20835896e-03 -1.57421955e-03 7.65215664e-04 -3.21462518e-03 -2.51364894e-04 -2.82309274e-03 -6.06171554e-04 3.19779385e-04 -2.13405769e-03
1.16749696e-04 -7.97779649e-07 4.71673266e-05 1.80466159e-05 -1.06142958e-04 1.02741549e-04 -1.12842907e-04 4.73311637e-04 -1.03666724e-04 5.05810822e-05 -2.12666855e-04 -1.66197315e-05 -1.86951118e-04 -4.01547295e-05 2.11805927e-05 -1.41377604e-04
-2.13815505e-03 3.44080999e-02 1.04399053e-02 2.60022702e-03 -1.67806447e-02 1.54625671e-02 -1.63483359e-02 6.83185235e-02 -1.49069419e-02 7.25037605e-03 -3.04580368e-02 -2.38113804e-03 -2.67536435e-02 -5.74504863e-03 3.03057069e-03 -2.02262066e-02
4.82914271e-04 -1.19935684e-02 -3.65507766e-03 -9.17703088e-04 6.00348879e-03 -5.52865490e-03 5.79286460e-03 -2.41546687e-02 5.27031114e-03 -2.56256480e-03 1.07609816e-02 8.41477595e-04 9.45020188e-03 2.02913652e-03 -1.07043283e-03 7.14366324e-03
2.31860392e-03 -2.43387334e-02 -7.35020405e-03 -1.79034378e-03 1.16876010e-02 -1.07550668e-02 1.12907747e-02 -4.71543856e-02 1.02900099e-02 -4.99744760e-03 2.09854636e-02 1.64139061e-03 1.84231568e-02 3.95541452e-03 -2.08673556e-03 1.39247915e-02
-6.83810737e-04 -1.64339948e-03 -6.82246988e-04 -1.93308064e-04 1.19662809e-03 -1.12264790e-03 1.21039851e-03 -5.05623315e-03 1.10844220e-03 -5.39762666e-04 2.26841797e-03 1.77319598e-04 1.99330016e-03 4.28083353e-04 -2.25811746e-04 1.50716002e-03
-4.47286759e-04 4.94429260e-05 -1.13243565e-04 -5.33545572e-05 2.82344117e-04 -3.02343076e-04 3.32183175e-04 -1.39989774e-03 3.07145936e-04 -1.50171851e-04 6.31268078e-04 4.93289881e-05 5.54923434e-04 1.19191856e-04 -6.28715643e-05 4.19650372e-04
-2.43617757e-03 5.52767813e-02 1.62692685e-02 4.08590771e-03 -2.65558604e-02 2.43094955e-02 -2.57885214e-02 1.07541263e-01 -2.34503858e-02 1.13935824e-02 -4.78648432e-02 -3.74272629e-03 -4.20418866e-02 -9.02773067e-03 4.76225885e-03 -3.17830667e-02
9.69290151e-04 1.10797528e-02 3.93358804e-03 1.04645279e-03 -6.60841772e-03 6.14870619e-03 -6.56867819e-03 2.74471175e-02 -6.00357354e-03 2.92175659e-03 -1.22779645e-02 -9.59781057e-04 -1.07868258e-02 -2.31647701e-03 1.22194388e-03 -8.15557502e-03
