1.24616325e-02 3.94157581e-02 2.55520409e-03 5.53605100e-03 -3.28637799e-03 6.95317797e-03 1.95166934e-02 4.88670170e-03 -2.11726502e-03 -1.22764905e-03 -1.65068638e-02 -4.57129348e-03 -2.05323305e-02 -1.01298199e-03 -2.28563268e-02 2.73755926e-04
-9.91939381e-03 -3.06364447e-02 -1.82004087e-03 -3.97735508e-03 2.38775834e-03 -5.05330833e-03 -1.42286690e-02 -3.56784929e-03 1.54303026e-03 8.97826452e-04 1.20676532e-02 3.34213674e-03 1.50146270e-02 7.40810588e-04 1.67151392e-02 -2.00241586e-04
-1.01567861e-02 -3.48358713e-02 -2.13112519e-03 -5.20561310e-03 2.99960794e-03 -6.39464008e-03 -1.79373007e-02 -4.50753374e-03 1.94404356e-03 1.13120861e-03 1.52050704e-02 4.21115011e-03 1.89176463e-02 9.33347328e-04 2.10594125e-02 -2.52259255e-04
-1.10465037e-02 -3.50195915e-02 -2.29341444e-03 -4.94985841e-03 2.92646373e-03 -6.21051434e-03 -1.73938591e-02 -4.36644815e-03 1.88098266e-03 1.09696959e-03 1.47442827e-02 4.08290792e-03 1.83429271e-02 9.05031920e-04 2.04204768e-02 -2.44638650e-04
-2.89244521e-02 -9.86259952e-02 -6.22340478e-03 -1.37851033e-02 8.14685039e-03 -1.71889793e-02 -4.68805283e-02 -1.18668163e-02 5.08173369e-03 2.94066593e-03 3.95911671e-02 1.09667014e-02 4.92516495e-02 2.42938311e-03 5.48166223e-02 -6.55630429e-04
1.04373861e-02 3.71101499e-02 2.29514507e-03 4.93613072e-03 -2.86121946e-03 6.09694282e-03 1.68819781e-02 4.24379669e-03 -1.82609668e-03 -1.05765171e-03 -1.42326113e-02 -3.94125981e-03 -1.77000649e-02 -8.73092446e-04 -1.97001398e-02 2.35795625e-04
-1.32168829e-02 -4.56326380e-02 -2.96399393e-03 -5.97466715e-03 3.58339562e-03 -7.51879020e-03 -2.06694137e-02 -5.18188905e-03 2.24381103e-03 1.30097172e-03 1.75109450e-02 4.84752608e-03 2.17713453e-02 1.07405183e-03 2.42351163e-02 -2.90153606e-04
-8.74969643e-03 -2.98292246e-02 -1.90449855e-03 -4.14674263e-03 2.34744931e-03 -4.91385721e-03 -1.36543112e-02 -3.41852964e-03 1.48030289e-03 8.55234859e-04 1.15215145e-02 3.18965432e-03 1.43213393e-02 7.06322200e-04 1.59377754e-02 -1.90628707e-04
1.69639534e-03 7.68024661e-03 4.94936830e-04 1.21155684e-03 -7.29208637e-04 1.58009049e-03 4.43899166e-03 1.11431140e-03 -4.82470641e-04 -2.81416287e-04 -3.78211308e-03 -1.04735047e-03 -4.70535923e-03 -2.32160281e-04 -5.23829227e-03 6.27493282e-05
1.52949356e-02 5.10349981e-02 3.45118041e-03 6.60743751e-03 -4.07750485e-03 8.44365545e-03 2.36023311e-02 6.01259107e-03 -2.53516180e-03 -1.46825984e-03 -1.97586808e-02 -5.47186658e-03 -2.45713275e-02 -1.21193926e-03 -2.73464341e-02 3.27234011e-04
8.81493092e-03 3.14389914e-02 1.87931187e-03 4.32276493e-03 -2.58772797e-03 5.45467297e-03 1.52710602e-02 3.84209096e-03 -1.65304460e-03 -9.64201172e-04 -1.29581364e-02 -3.58873094e-03 -1.61228534e-02 -7.95492437e-04 -1.79489069e-02 2.15029839e-04
1.11422166e-02 3.42662558e-02 2.17560073e-03 4.80539724e-03 -2.86623323e-03 6.05581608e-03 1.70477089e-02 4.27757343e-03 -1.84593874e-03 -1.07581459e-03 -1.44570069e-02 -4.00438951e-03 -1.79881100e-02 -8.87503207e-04 -2.00250950e-02 2.39860368e-04
-1.03715938e-02 -3.21593024e-02 -2.08945828e-03 -4.22397396e-03 2.56170565e-03 -5.37206233e-03 -1.50143588e-02 -3.76484846e-03 1.62847457e-03 9.46930435e-04 1.27329631e-02 3.52637377e-03 1.58387441e-02 7.81404029e-04 1.76311340e-02 -2.11152874e-04
-1.02597661e-02 -3.40656787e-02 -2.24190694e-03 -4.43729665e-03 2.68371520e-03 -5.57244290e-03 -1.55183151e-02 -3.90663650e-03 1.68385857e-03 9.70388704e-04 1.30562875e-02 3.61630321e-03 1.62388757e-02 8.00982933e-04 1.80734806e-02 -2.16262764e-04
-5.46232536e-02 -1.67829037e-01 -1.14450715e-02 -2.27456372e-02 1.35083860e-02 -2.90735327e-02 -8.16181228e-02 -2.04719938e-02 8.85368045e-03 5.15418593e-03 6.92224354e-02 1.91752408e-02 8.61530304e-02 4.25105076e-03 9.59172919e-02 -1.14937045e-03
2.18473058e-02 7.53312409e-02 4.67716902e-03 1.01374025e-02 -6.12945622e-03 1.32162562e-02 3.71694155e-02 9.31216776e-03 -4.02484182e-03 -2.35210103e-03 -3.15866880e-02 -8.75019748e-03 -3.93136479e-02 -1.93994597e-03 -4.37712446e-02 5.24539559e-04
4.60864045e-03 1.62877273e-02 9.90246539e-04 2.43277429e-03 -1.42957282e-03 3.05065676e-03 8.55181087e-03 2.15446926e-03 -9.24573280e-04 -5.40146662e-04 -7.25469738e-03 -2.00952496e-03 -9.02893767e-03 -4.45519661e-04 -1.00523345e-02 1.20456963e-04
9.55268554e-03 3.12230196e-02 1.90617039e-03 4.16212715e-03 -2.47516972e-03 5.16826008e-03 1.44570870e-02 3.64374905e-03 -1.56915258e-03 -9.07262438e-04 -1.22088529e-02 -3.38072446e-03 -1.51833696e-02 -7.48950581e-04 -1.68990679e-02 2.02210533e-04
-1.24700805e-02 -4.18063886e-02 -2.60370271e-03 -5.62240742e-03 3.33331944e-03 -7.04212766e-03 -1.97592061e-02 -4.95524053e-03 2.13307235e-03 1.24006369e-03 1.66733116e-02 4.61719884e-03 2.07406096e-02 1.02326670e-03 2.30882745e-02 -2.76546547e-04
-6.19124547e-02 -1.95079505e-01 -1.19381454e-02 -2.80636474e-02 1.71916224e-02 -3.67719159e-02 -1.02619275e-01 -2.57879794e-02 1.11229876e-02 6.50545163e-03 8.73891413e-02 2.42043622e-02 1.08746037e-01 5.36602968e-03 1.21074475e-01 -1.45084597e-03
-4.66385810e-03 -1.43270288e-02 -9.31789458e-04 -2.03389628e-03 1.22050068e-03 -2.59813340e-03 -7.28969928e-03 -1.83403445e-03 7.88237201e-04 4.59785660e-04 6.17776019e-03 1.71105692e-03 7.68698333e-03 3.79283680e-04 8.55786912e-03 -1.02534956e-04
-1.63514987e-02 -5.41770793e-02 -3.25032813e-03 -7.35715171e-03 4.32391046e-03 -9.17492062e-03 -2.57387795e-02 -6.45109406e-03 2.78237695e-03 1.62359083e-03 2.18148604e-02 6.04221644e-03 2.71446910e-02 1.33932708e-03 3.02195828e-02 -3.62027640e-04
-9.79260728e-03 -3.46586667e-02 -2.02055788e-03 -4.26297309e-03 2.47427565e-03 -5.17178560e-03 -1.44646084e-02 -3.63114662e-03 1.55853911e-03 8.99159932e-04 1.21214921e-02 3.35563300e-03 1.50632607e-02 7.42827251e-04 1.67615898e-02 -2.00260693e-04
-9.22620855e-03 -3.14627402e-02 -1.90161797e-03 -4.68633464e-03 2.74273753e-03 -5.91809908e-03 -1.65739041e-02 -4.16409597e-03 1.79970008e-03 1.05046586e-03 1.41159724e-02 3.90963443e-03 1.75628066e-02 8.66609218e-04 1.95532665e-02 -2.34267049e-04
3.78023833e-03 1.34084877e-02 7.97781860e-04 2.02978705e-03 -1.16448186e-03 2.46483344e-03 6.88848412e-03 1.73016638e-03 -7.45714467e-04 -4.34821704e-04 -5.84318954e-03 -1.61826028e-03 -7.27023743e-03 -3.58715508e-04 -8.09378456e-03 9.69687899e-05
-2.21045390e-02 -7.83178061e-02 -4.91013518e-03 -1.09370500e-02 6.61686435e-03 -1.40692638e-02 -3.96094322e-02 -9.95916221e-03 4.28715674e-03 2.50455365e-03 3.36377136e-02 9.31802113e-03 4.18655165e-02 2.06575356e-03 4.66099977e-02 -5.58510132e-04
-5.14315628e-03 -1.69954076e-02 -1.13101769e-03 -2.31832266e-03 1.34501525e-03 -2.80520180e-03 -7.74661498e-03 -1.94367021e-03 8.40279507e-04 4.85171186e-04 6.54132664e-03 1.80946803e-03 8.12489819e-03 4.00700548e-04 9.04182903e-03 -1.08135988e-04
3.06337490e-03 1.03996079e-02 6.00328960e-04 1.21366431e-03 -7.03177880e-04 1.50573533e-03 4.13768226e-03 1.03828532e-03 -4.49237064e-04 -2.61019770e-04 -3.51176946e-03 -9.72107111e-04 -4.36662138e-03 -2.15425403e-04 -4.86072805e-03 5.82197099e-05
-3.92385870e-02 -1.28170758e-01 -8.05644598e-03 -1.62365790e-02 9.45021585e-03 -1.99413840e-02 -5.57783432e-02 -1.40035646e-02 6.02166122e-03 3.49506899e-03 4.70516048e-02 1.30304499e-02 5.84722720e-02 2.88420310e-03 6.50774390e-02 -7.79008435e-04
8.43449682e-03 2.76272893e-02 1.82100805e-03 3.83817311e-03 -2.23901263e-03 4.68021398e-03 1.30515071e-02 3.29054473e-03 -1.41684350e-03 -8.21807014e-04 -1.10587357e-02 -3.06209922e-03 -1.37518011e-02 -6.78377692e-04 -1.53067587e-02 1.83229320e-04
1.10684801e-02 4.00262922e-02 2.38896580e-03 5.32955118e-03 -3.19072953e-03 6.80085411e-03 1.90875903e-02 4.82237013e-03 -2.07066676e-03 -1.20257831e-03 -1.61640085e-02 -4.47741617e-03 -2.01150961e-02 -9.92448884e-04 -2.23932508e-02 2.68071803e-04
-2.09886916e-02 -7.33055845e-02 -4.73992573e-03 -1.01149548e-02 6.16446789e-03 -1.33482208e-02 -3.73039618e-02 -9.39003658e-03 4.04282100e-03 2.36251415e-03 3.17388624e-02 8.79012514e-03 3.94918621e-02 1.94865011e-03 4.39675786e-02 -5.26880904e-04
-3.60043859e-03 -1.16895325e-02 -7.02038524e-04 -1.68988598e-03 9.66234540e-04 -2.04158435e-03 -5.71449287e-03 -1.43813645e-03 6.19335915e-04 3.61369166e-04 4.85339621e-03 1.34451501e-03 6.04086462e-03 2.98069703e-04 6.72540115e-03 -8.05862001e-05
6.42266497e-03 2.06162948e-02 1.27524463e-03 2.66105984e-03 -1.63221639e-03 3.44351330e-03 9.74662602e-03 2.44259834e-03 -1.05379242e-03 -6.15557306e-04 -8.26814026e-03 -2.28972407e-03 -1.02880737e-02 -5.07665100e-04 -1.14545180e-02 1.37268275e-04
-1.51283164e-02 -4.76369672e-02 -2.89597944e-03 -6.28293492e-03 3.94365890e-03 -8.23688041e-03 -2.31287926e-02 -5.77919139e-03 2.47993087e-03 1.44270796e-03 1.93966217e-02 5.36789931e-03 2.41189990e-02 1.19010324e-03 2.68524084e-02 -3.21781234e-04
6.98747486e-03 2.45644227e-02 1.43975788e-03 3.24240327e-03 -1.94874476e-03 4.14666347e-03 1.15623698e-02 2.90321303e-03 -1.25115796e-03 -7.27922365e-04 -9.78876837e-03 -2.71081063e-03 -1.21769942e-02 -6.00737578e-04 -1.35547295e-02 1.62319804e-04
2.95447838e-03 8.77155364e-03 5.24935080e-04 1.14776206e-03 -6.69695728e-04 1.42392691e-03 3.97303794e-03 1.01177895e-03 -4.30331653e-04 -2.50189507e-04 -3.36377113e-03 -9.31469898e-04 -4.18431219e-03 -2.06435128e-04 -4.65787761e-03 5.57985040e-05
2.90883938e-03 1.18052084e-02 7.62428972e-04 1.94337487e-03 -1.18082261e-03 2.56031263e-03 7.22646946e-03 1.81605725e-03 -7.83982279e-04 -4.58870374e-04 -6.16079802e-03 -1.70667330e-03 -7.66889425e-03 -3.78427183e-04 -8.53851158e-03 1.02325059e-04
-6.25694543e-03 -1.97454430e-02 -1.29396806e-03 -2.85734073e-03 1.74918072e-03 -3.69070773e-03 -1.03905387e-02 -2.60715978e-03 1.12675747e-03 6.58554083e-04 8.84405058e-03 2.44974950e-03 1.10071460e-02 5.43140224e-04 1.22549608e-02 -1.46856211e-04
-2.38188100e-03 -8.62532947e-03 -5.31838741e-04 -1.27616734e-03 7.64570665e-04 -1.63533119e-03 -4.60589724e-03 -1.15431391e-03 4.99188842e-04 2.91667704e-04 3.91655276e-03 1.08492642e-03 4.87492234e-03 2.40552370e-04 5.42762503e-03 -6.50428628e-05
1.68799807e-03 5.57062682e-03 3.65594169e-04 8.08700395e-04 -4.85186116e-04 1.01511646e-03 2.83573638e-03 7.13355024e-04 -3.07154725e-04 -1.78691567e-04 -2.40267441e-03 -6.65337720e-04 -2.98869750e-03 -1.47447456e-04 -3.32691823e-03 3.98463235e-05
3.45775479e-04 1.52442104e-03 9.67382512e-05 2.26312302e-04 -1.36230025e-04 2.80064764e-04 7.88512814e-04 1.98045760e-04 -8.49904027e-05 -4.93251464e-05 -6.63167506e-04 -1.83707933e-04 -8.25103140e-04 -4.07066073e-05 -9.18492151e-04 1.09979555e-05
7.11915642e-03 2.35385858e-02 1.41747692e-03 3.04042269e-03 -1.80979446e-03 3.78755503e-03 1.04283327e-02 2.62099644e-03 -1.12487900e-03 -6.54192350e-04 -8.80121905e-03 -2.43645720e-03 -1.09437946e-02 -5.39924367e-04 -1.21824918e-02 1.45912214e-04
-1.07799396e-02 -3.38772610e-02 -2.26589874e-03 -5.02469530e-03 2.99081416e-03 -6.36294158e-03 -1.78807788e-02 -4.49813716e-03 1.93964096e-03 1.13242434e-03 1.52099300e-02 4.21286700e-03 1.89292524e-02 9.34033829e-04 2.10747719e-02 -2.52539729e-04
4.75559803e-03 1.53144300e-02 8.85601854e-04 1.87588076e-03 -1.10509945e-03 2.32661539e-03 6.47700997e-03 1.64805027e-03 -7.06708292e-04 -4.06749488e-04 -5.47256693e-03 -1.51661737e-03 -6.80912053e-03 -3.35878955e-04 -7.57761113e-03 9.05409834e-05
-1.39107909e-02 -4.36424576e-02 -2.81382492e-03 -6.12345105e-03 3.72279645e-03 -7.90509209e-03 -2.19880510e-02 -5.54157002e-03 2.37987470e-03 1.38404802e-03 1.86090171e-02 5.15230093e-03 2.31468491e-02 1.14204409e-03 2.57683247e-02 -3.08666407e-04
6.06288202e-03 2.18285099e-02 1.24610786e-03 2.89237523e-03 -1.75067503e-03 3.71536496e-03 1.03747882e-02 2.60268105e-03 -1.12123520e-03 -6.52878312e-04 -8.77939444e-03 -2.43121269e-03 -1.09225949e-02 -5.38914057e-04 -1.21600637e-02 1.45643207e-04
-4.78086574e-03 -1.62069649e-02 -9.73312301e-04 -2.46905279e-03 1.48246111e-03 -3.17884795e-03 -8.91250744e-03 -2.23979331e-03 9.66654974e-04 5.65209368e-04 7.59040145e-03 2.10262556e-03 9.44755599e-03 4.66188532e-04 1.05186924e-02 -1.26049970e-04
-5.31969219e-03 -1.77669264e-02 -1.05870469e-03 -2.66361702e-03 1.48833299e-03 -3.18771857e-03 -8.81018862e-03 -2.20961706e-03 9.54506279e-04 5.56540268e-04 7.47905625e-03 2.07143114e-03 9.30619705e-03 4.59180999e-04 1.03606042e-02 -1.24131271e-04
1.36890709e-02 5.06533645e-02 3.09555419e-03 6.20166399e-03 -3.82521260e-03 8.15352704e-03 2.30038371e-02 5.77666005e-03 -2.48974096e-03 -1.45639468e-03 -1.95556059e-02 -5.41722449e-03 -2.43416168e-02 -1.20113906e-03 -2.71016471e-02 3.24786408e-04
8.39848444e-03 2.80269142e-02 1.67987309e-03 3.85633367e-03 -2.37570656e-03 5.09755407e-03 1.43878097e-02 3.60884541e-03 -1.55876321e-03 -9.11466544e-04 -1.22384112e-02 -3.39014386e-03 -1.52332988e-02 -7.51692278e-04 -1.69605762e-02 2.03253512e-04
-7.65773049e-03 -2.69087180e-02 -1.67397573e-03 -3.41670844e-03 1.98796601e-03 -4.18051472e-03 -1.15385484e-02 -2.89315940e-03 1.25168497e-03 7.23767153e-04 9.74612404e-03 2.69769295e-03 1.21148592e-02 5.97568229e-04 1.34836994e-02 -1.61366406e-04
5.42896520e-03 1.77773871e-02 1.13148731e-03 2.48645875e-03 -1.46034616e-03 3.14025697e-03 8.75865016e-03 2.20286543e-03 -9.49170615e-04 -5.52286918e-04 -7.42424279e-03 -2.05572555e-03 -9.23522376e-03 -4.55651752e-04 -1.02810012e-02 1.23161575e-04
2.05092295e-03 6.60370989e-03 4.27621009e-04 8.47938412e-04 -4.99801768e-04 1.03302265e-03 2.86975550e-03 7.23162899e-04 -3.10402655e-04 -1.79824201e-04 -2.42154300e-03 -6.70227630e-04 -3.00975842e-03 -1.48460880e-04 -3.34981713e-03 4.00985991e-05
4.42327233e-03 1.14563741e-02 6.73861825e-04 1.73673104e-03 -1.02018204e-03 2.16352893e-03 6.07290491e-03 1.52706716e-03 -6.57780387e-04 -3.83804232e-04 -5.15633449e-03 -1.42820715e-03 -6.41639670e-03 -3.16604855e-04 -7.14361109e-03 8.55919134e-05
-3.23154242e-03 -1.12848766e-02 -7.27741688e-04 -1.61349308e-03 9.61289450e-04 -2.05521099e-03 -5.68139320e-03 -1.44047081e-03 6.16290607e-04 3.57539888e-04 4.81512770e-03 1.33236405e-03 5.98312821e-03 2.95147678e-04 6.65975176e-03 -7.96971217e-05
3.48765915e-03 1.01218596e-02 6.32364710e-04 1.40112243e-03 -7.92996434e-04 1.66007678e-03 4.62347083e-03 1.16528256e-03 -5.00453869e-04 -2.89481541e-04 -3.89967929e-03 -1.07956817e-03 -4.84709349e-03 -2.39060420e-04 -5.39415423e-03 6.45272739e-05
-3.01531865e-03 -1.08079650e-02 -6.41824096e-04 -1.50130608e-03 9.04838496e-04 -1.90173858e-03 -5.36312256e-03 -1.34641980e-03 5.81102038e-04 3.39186634e-04 4.55626426e-03 1.26200472e-03 5.67007624e-03 2.79777916e-04 6.31268602e-03 -7.56410664e-05
-1.88147649e-03 -6.49085129e-03 -4.04801278e-04 -8.31034908e-04 5.07088727e-04 -1.07742264e-03 -3.03130201e-03 -7.60571449e-04 3.28172755e-04 1.91630956e-04 2.57390877e-03 7.12819572e-04 3.20283743e-03 1.58043433e-04 3.56595847e-03 -4.27335617e-05
1.85217825e-03 6.33668527e-03 4.42235731e-04 8.83607659e-04 -5.41919144e-04 1.15815329e-03 3.24694370e-03 8.14157363e-04 -3.51385737e-04 -2.05373857e-04 -2.75845407e-03 -7.64046097e-04 -3.43282055e-03 -1.69390245e-04 -3.82197532e-03 4.58006616e-05
9.13632382e-03 3.23023275e-02 2.16353172e-03 4.54553356e-03 -2.73205386e-03 5.78901917e-03 1.62171293e-02 4.06999094e-03 -1.75597752e-03 -1.02389127e-03 -1.37578761e-02 -3.81028908e-03 -1.71185005e-02 -8.44649214e-04 -1.90580133e-02 2.28344259e-04
1.50085948e-02 5.25133610e-02 3.27477837e-03 6.52462989e-03 -4.02585650e-03 8.57134536e-03 2.38097981e-02 5.97574329e-03 -2.57620704e-03 -1.49808556e-03 -2.01520938e-02 -5.57730673e-03 -2.50540227e-02 -1.23609311e-03 -2.78898515e-02 3.34136043e-04
1.42831737e-02 4.91827801e-02 3.14813340e-03 6.16454240e-03 -3.71564156e-03 7.83808250e-03 2.17005555e-02 5.46706095e-03 -2.34813895e-03 -1.35597296e-03 -1.82673484e-02 -5.05840732e-03 -2.27080639e-02 -1.11979467e-03 -2.52675116e-02 3.02054512e-04
1.68569442e-02 5.57966307e-02 3.28079658e-03 7.65329367e-03 -4.56838170e-03 9.74204484e-03 2.74605136e-02 6.89331396e-03 -2.96861120e-03 -1.73514127e-03 -2.33047623e-02 -6.45483658e-03 -2.90025026e-02 -1.43110601e-03 -3.22902687e-02 3.86947271e-04
-2.86805269e-04 -3.23611603e-04 -1.69754676e-05 2.58328400e-05 -1.93309752e-05 4.25470862e-05 1.21730838e-04 3.06048714e-05 -1.32188807e-05 -7.72440308e-06 -1.03786086e-04 -2.87447347e-05 -1.29141452e-04 -6.37185713e-06 -1.43770420e-04 1.72235582e-06
4.23523877e-03 1.27677228e-02 8.28540942e-04 1.65397383e-03 -9.98757430e-04 2.02502008e-03 5.62526565e-03 1.42210454e-03 -6.06418063e-04 -3.50736693e-04 -4.72466182e-03 -1.30729389e-03 -5.87145984e-03 -2.89564021e-04 -6.53375313e-03 7.81870040e-05
1.48332575e-02 5.05982339e-02 3.26111354e-03 7.24130590e-03 -4.33913385e-03 9.26196389e-03 2.60780565e-02 6.54239999e-03 -2.82101939e-03 -1.64873665e-03 -2.21466459e-02 -6.13368442e-03 -2.75596846e-02 -1.35989976e-03 -3.06837056e-02 3.67688073e-04
1.12422532e-03 1.71677652e-03 2.92999284e-05 -7.58968381e-05 8.11089267e-05 -1.80216390e-04 -5.52529236e-04 -1.39472279e-04 6.08791670e-05 3.63079344e-05 4.84102464e-04 1.34382833e-04 6.04862988e-04 2.98813520e-05 6.74170034e-04 -8.10361325e-06
2.01892457e-03 7.01021031e-03 4.38913325e-04 9.62841208e-04 -5.72160759e-04 1.20060518e-03 3.34177096e-03 8.39020766e-04 -3.61703103e-04 -2.10124010e-04 -2.82694562e-03 -7.82730756e-04 -3.51548754e-03 -1.73426626e-04 -3.91311152e-03 4.68547296e-05
9.14829841e-04 2.04850757e-03 1.35078764e-04 1.92478154e-04 -1.13912873e-04 2.30999663e-04 6.40004873e-04 1.60264055e-04 -6.88488872e-05 -3.94301605e-05 -5.33239625e-04 -1.47489831e-04 -6.61541824e-04 -3.26084919e-05 -7.35840469e-04 8.77686671e-06
-7.58624729e-03 -2.66046710e-02 -1.99529808e-03 -3.24055227e-03 1.92461198e-03 -4.05445136e-03 -1.12787364e-02 -2.83180852e-03 1.22326415e-03 7.07905099e-04 9.52903461e-03 2.63891090e-03 1.18501866e-02 5.84434601e-04 1.31877121e-02 -1.57788760e-04
-2.62471866e-02 -8.33779946e-02 -4.90663061e-03 -1.14246309e-02 6.89864205e-03 -1.45525746e-02 -4.09369953e-02 -1.02726761e-02 4.44229878e-03 2.59413500e-03 3.48445289e-02 9.65154357e-03 4.33643535e-02 2.13974342e-03 4.82794009e-02 -5.78522100e-04
-3.15735210e-03 -8.97797104e-03 -4.86657576e-04 -1.12375955e-03 6.69789093e-04 -1.42157159e-03 -3.99232842e-03 -1.00077619e-03 4.31327382e-04 2.51498452e-04 3.38000944e-03 9.35973774e-04 4.20503318e-03 2.07483579e-04 4.68148803e-03 -5.60889093e-05
-8.14608065e-04 -2.94664921e-03 -1.89660539e-04 -4.61451389e-04 2.84174457e-04 -6.05305831e-04 -1.70534221e-03 -4.28388244e-04 1.84451987e-04 1.07779226e-04 1.44763815e-03 4.00959165e-04 1.80155097e-03 8.88952927e-05 2.00576195e-03 -2.40347417e-05
4.49170498e-03 1.18795047e-02 7.43004726e-04 1.37853692e-03 -8.36449733e-04 1.74479908e-03 4.86754952e-03 1.21955248e-03 -5.28106175e-04 -3.06167902e-04 -4.11766442e-03 -1.14038214e-03 -5.12163574e-03 -2.52662227e-04 -5.70096308e-03 6.82643367e-05
1.93209271e-03 5.54762688e-03 3.28245340e-04 6.93594920e-04 -4.08738415e-04 8.41391098e-04 2.31628679e-03 5.86292997e-04 -2.52520433e-04 -1.44915612e-04 -1.95359415e-03 -5.41283342e-04 -2.42875493e-03 -1.19745811e-04 -2.70217843e-03 3.22580818e-05
1.29994387e-02 3.92144844e-02 2.35715066e-03 5.37686702e-03 -3.08959931e-03 6.57705963e-03 1.82606485e-02 4.59749904e-03 -1.97855337e-03 -1.15134241e-03 -1.54909072e-02 -4.28841077e-03 -1.92617513e-02 -9.50243615e-04 -2.14407630e-02 2.56710657e-04
-1.86820533e-02 -6.59346655e-02 -4.21163859e-03 -9.23731085e-03 5.71097713e-03 -1.21419812e-02 -3.42080444e-02 -8.59219022e-03 3.70927295e-03 2.16988963e-03 2.91359089e-02 8.07073526e-03 3.62648740e-02 1.78950594e-03 4.03769016e-02 -4.83875192e-04
1.43569743e-03 4.70448937e-03 2.99677427e-04 6.07238850e-04 -3.57939134e-04 7.57116999e-04 2.10528378e-03 5.29777317e-04 -2.28284465e-04 -1.32231580e-04 -1.77950726e-03 -4.92745428e-04 -2.21285527e-03 -1.09154826e-04 -2.46292632e-03 2.94816455e-05
6.12556376e-03 1.90653782e-02 1.25047832e-03 2.82009155e-03 -1.67932839e-03 3.57483444e-03 1.00290747e-02 2.51743360e-03 -1.08856766e-03 -6.35050761e-04 -8.53185821e-03 -2.36315466e-03 -1.06169051e-02 -5.23852825e-04 -1.18198097e-02 1.41614873e-04
-8.74281395e-04 -3.59282712e-03 -2.30471225e-04 -6.04536152e-04 3.67873115e-04 -7.89337733e-04 -2.22571637e-03 -5.59502805e-04 2.41159738e-04 1.40875927e-04 1.89229613e-03 5.24147472e-04 2.35498324e-03 1.16200834e-04 2.62186769e-03 -3.14138997e-05
1.64769252e-03 6.19223854e-03 4.05275932e-04 8.52612662e-04 -5.10398939e-04 1.07672659e-03 3.00454046e-03 7.53940200e-04 -3.24078632e-04 -1.88231003e-04 -2.53074174e-03 -7.00876291e-04 -3.14837601e-03 -1.55326576e-04 -3.50471446e-03 4.19766475e-05
-2.26671109e-03 -6.54660538e-03 -4.22741025e-04 -9.41827660e-04 5.59274922e-04 -1.19886897e-03 -3.35712451e-03 -8.42176436e-04 3.64477281e-04 2.12939121e-04 2.85955542e-03 7.92139675e-04 3.55918752e-03 1.75624649e-04 3.96264950e-03 -4.74855733e-05
4.02966887e-03 1.28932800e-02 8.14904983e-04 1.84874493e-03 -1.11920899e-03 2.37573055e-03 6.68730354e-03 1.67997472e-03 -7.24713667e-04 -4.23465885e-04 -5.68755250e-03 -1.57542329e-03 -7.07853679e-03 -3.49280250e-04 -7.88086746e-03 9.44358835e-05
1.50794853e-02 5.51765263e-02 3.23081668e-03 7.45368004e-03 -4.43311641e-03 9.44484770e-03 2.66047120e-02 6.66053826e-03 -2.87273293e-03 -1.67823257e-03 -2.25427244e-02 -6.24392740e-03 -2.80538201e-02 -1.38425385e-03 -3.12332157e-02 3.74272815e-04
1.14562549e-02 3.43885757e-02 2.00539920e-03 4.57218708e-03 -2.72962125e-03 5.81337232e-03 1.62370689e-02 4.07405943e-03 -1.75962818e-03 -1.02574273e-03 -1.37890289e-02 -3.81793152e-03 -1.71522014e-02 -8.46271520e-04 -1.90946404e-02 2.28755671e-04
-2.00848654e-02 -7.30997398e-02 -4.20761527e-03 -8.58233869e-03 5.08934027e-03 -1.05934599e-02 -2.95771528e-02 -7.43888365e-03 3.19120754e-03 1.85696443e-03 2.50046924e-02 6.91726105e-03 3.10695916e-02 1.53267710e-03 3.45831998e-02 -4.13977454e-04
1.05943754e-02 3.70099060e-02 2.25529494e-03 5.07498020e-03 -2.94701220e-03 6.07288070e-03 1.67979170e-02 4.24286490e-03 -1.81520986e-03 -1.04728236e-03 -1.40995048e-02 -3.90451634e-03 -1.75310411e-02 -8.64730158e-04 -1.95118207e-02 2.33392406e-04
-1.63553916e-02 -4.93870452e-02 -2.93662911e-03 -6.38524396e-03 3.82222165e-03 -8.15464742e-03 -2.28472855e-02 -5.72933303e-03 2.47618929e-03 1.44415535e-03 1.94086619e-02 5.37440414e-03 2.41447799e-02 1.19130604e-03 2.68797018e-02 -3.22040141e-04
3.84708546e-04 1.20599254e-03 6.95823910e-05 1.58104827e-04 -9.61031910e-05 2.05630771e-04 5.78019011e-04 1.45126614e-04 -6.27308618e-05 -3.66554086e-05 -4.92319174e-04 -1.36363218e-04 -6.12685282e-04 -3.02324897e-05 -6.82140701e-04 8.17414366e-06
-1.11697754e-02 -3.77194621e-02 -2.35427776e-03 -4.90472885e-03 2.92419293e-03 -6.19903812e-03 -1.71835721e-02 -4.30832757e-03 1.86140649e-03 1.08375156e-03 1.45665212e-02 4.03399114e-03 1.81217473e-02 8.94110592e-04 2.01741923e-02 -2.41655856e-04
-1.10396780e-02 -3.61058936e-02 -2.21479847e-03 -5.10248635e-03 3.07177077e-03 -6.59927679e-03 -1.85563434e-02 -4.65808995e-03 2.01245560e-03 1.17496122e-03 1.57834385e-02 4.37161373e-03 1.96407475e-02 9.69122106e-04 2.18664967e-02 -2.62010784e-04
-3.39135673e-04 -1.59140048e-03 -1.10662608e-04 -2.23733688e-04 1.36530274e-04 -2.93404330e-04 -8.27778655e-04 -2.07961464e-04 8.97981372e-05 5.24964598e-05 7.04839185e-04 1.95257700e-04 8.77349579e-04 4.32928719e-05 9.76823969e-04 -1.17059981e-05
7.55453296e-03 2.70050671e-02 1.72081660e-03 3.62883485e-03 -2.21100589e-03 4.73143812e-03 1.33242607e-02 3.34261521e-03 -1.44253508e-03 -8.43180867e-04 -1.13248546e-02 -3.13685159e-03 -1.40933581e-02 -6.95437368e-04 -1.56912692e-02 1.88040023e-04
5.05382475e-03 1.63412802e-02 1.00078026e-03 2.12297286e-03 -1.23790128e-03 2.58398382e-03 7.21926847e-03 1.81354373e-03 -7.80100469e-04 -4.52843320e-04 -6.09349646e-03 -1.68708875e-03 -7.57701416e-03 -3.73775110e-04 -8.43369868e-03 1.00972007e-04
-5.86450519e-03 -2.18874030e-02 -1.42105517e-03 -3.19502060e-03 1.85835501e-03 -3.96651542e-03 -1.09869791e-02 -2.77349958e-03 1.19178183e-03 6.91998459e-04 9.30370484e-03 2.57672928e-03 1.15753794e-02 5.71086246e-04 1.28861684e-02 -1.54306472e-04
1.78223103e-02 6.11066967e-02 3.69795319e-03 7.63808656e-03 -4.29483410e-03 8.88189394e-03 2.49934401e-02 6.24510087e-03 -2.70344876e-03 -1.56692218e-03 -2.11021565e-02 -5.84443193e-03 -2.62211356e-02 -1.29366107e-03 -2.91909240e-02 3.48949106e-04
-1.86744065e-03 -6.88657537e-03 -3.99116368e-04 -1.01143424e-03 6.09189156e-04 -1.30916410e-03 -3.69207095e-03 -9.27602639e-04 4.00980964e-04 2.34419131e-04 3.14776204e-03 8.71985627e-04 3.91799537e-03 1.93331376e-04 4.36216919e-03 -5.22730043e-05
-1.45902159e-05 3.62613937e-04 2.86266477e-05 7.88145480e-05 -4.86644894e-05 1.05337152e-04 2.97334482e-04 7.47979793e-05 -3.22650812e-05 -1.88770446e-05 -2.53494043e-04 -7.02185207e-05 -3.15509824e-04 -1.55686321e-05 -3.51278199e-04 4.20936612e-06
-4.60796012e-03 -1.51975220e-02 -9.92035144e-04 -2.18693027e-03 1.31078984e-03 -2.80476175e-03 -7.85240810e-03 -1.96974189e-03 8.50615499e-04 4.96178691e-04 6.66747848e-03 1.84639695e-03 8.29522870e-03 4.09299420e-04 9.23510175e-03 -1.10651788e-04
-2.16737725e-02 -6.87723309e-02 -4.53831302e-03 -9.36586037e-03 5.49588818e-03 -1.16707087e-02 -3.27265039e-02 -8.24145973e-03 3.55192251e-03 2.06466811e-03 2.77667288e-02 7.68809626e-03 3.45316865e-02 1.70361786e-03 3.84394787e-02 -4.60344338e-04
9.55752283e-03 3.44942436e-02 2.32683471e-03 4.17029951e-03 -2.41955649e-03 5.09051327e-03 1.40790334e-02 3.54004698e-03 -1.52647460e-03 -8.78303894e-04 -1.18451547e-02 -3.27872857e-03 -1.47147225e-02 -7.25491205e-04 -1.63706634e-02 1.95605069e-04
-6.53846562e-03 -2.16031410e-02 -1.33743032e-03 -2.90814461e-03 1.72370544e-03 -3.67397186e-03 -1.03003588e-02 -2.59226607e-03 1.11393491e-03 6.48812507e-04 8.72250181e-03 2.41518277e-03 1.08495569e-02 5.35297557e-04 1.20780580e-02 -1.44687336e-04
5.77775668e-03 1.98911913e-02 1.25882542e-03 2.83488911e-03 -1.72106770e-03 3.66030214e-03 1.02429967e-02 2.57007475e-03 -1.11034152e-03 -6.47629495e-04 -8.70062597e-03 -2.40965025e-03 -1.08268727e-02 -5.34222636e-04 -1.20537672e-02 1.44430000e-04
8.24140676e-04 2.02342519e-03 1.13639850e-04 2.16035754e-04 -1.26182771e-04 2.65319890e-04 7.09973450e-04 1.76855596e-04 -7.65563018e-05 -4.45044207e-05 -5.99012186e-04 -1.65762962e-04 -7.44555844e-04 -3.67347966e-05 -8.28852993e-04 9.93037702e-06
-1.06353574e-02 -3.52447778e-02 -2.22434429e-03 -4.92125005e-03 2.94100400e-03 -6.23562885e-03 -1.73118487e-02 -4.35142452e-03 1.87992316e-03 1.09570322e-03 1.47237042e-02 4.07798169e-03 1.83212329e-02 9.03998443e-04 2.03971397e-02 -2.44366558e-04
-7.28541054e-03 -2.23645680e-02 -1.43766776e-03 -3.57991131e-03 1.93892105e-03 -4.10481961e-03 -1.15440683e-02 -2.90689315e-03 1.25238940e-03 7.29457999e-04 9.80036706e-03 2.71471939e-03 1.21956225e-02 6.01747888e-04 1.35773662e-02 -1.62675555e-04
-3.32940146e-02 -1.20130464e-01 -7.06881564e-03 -1.48966881e-02 8.69351998e-03 -1.80607550e-02 -5.10024652e-02 -1.27199739e-02 5.49581740e-03 3.18562659e-03 4.28109281e-02 1.18557047e-02 5.32661229e-02 2.62803980e-03 5.92972450e-02 -7.10415712e-04
1.50282066e-02 5.01775518e-02 3.11895693e-03 7.51647353e-03 -4.38564876e-03 9.27614328e-03 2.61594690e-02 6.56062411e-03 -2.83646793e-03 -1.65769609e-03 -2.22637989e-02 -6.16667280e-03 -2.77077463e-02 -1.36720191e-03 -3.08483820e-02 3.69655638e-04
-6.60612341e-03 -2.19792053e-02 -1.31753925e-03 -2.98301526e-03 1.76646688e-03 -3.72596039e-03 -1.03904484e-02 -2.62110983e-03 1.12021703e-03 6.52840594e-04 8.78072903e-03 2.43104738e-03 1.09214736e-02 5.38829539e-04 1.21577187e-02 -1.45636979e-04
-3.55733791e-03 -1.39164422e-02 -8.97192047e-04 -2.01344071e-03 1.21454394e-03 -2.61558336e-03 -7.34840520e-03 -1.84421393e-03 7.96213688e-04 4.65484045e-04 6.25087414e-03 1.73149910e-03 7.78005784e-03 3.83905077e-04 8.66211485e-03 -1.03803584e-04
-2.00063735e-02 -6.97172880e-02 -4.42323554e-03 -9.44539625e-03 5.63111901e-03 -1.18580228e-02 -3.32915708e-02 -8.35200772e-03 3.61215067e-03 2.10686121e-03 2.83055175e-02 7.83988740e-03 3.52228694e-02 1.73796120e-03 3.92140038e-02 -4.69845720e-04
-2.94376649e-02 -1.07062228e-01 -6.36189012e-03 -1.38270622e-02 8.44921172e-03 -1.80490986e-02 -5.05711660e-02 -1.27469013e-02 5.47802355e-03 3.20191169e-03 4.30042669e-02 1.19111631e-02 5.35185561e-02 2.64084549e-03 5.95857985e-02 -7.14029651e-04
4.97817248e-03 1.73215400e-02 1.07699435e-03 2.62378296e-03 -1.40267948e-03 2.96071987e-03 8.20141472e-03 2.05995934e-03 -8.87083181e-04 -5.14417014e-04 -6.91913674e-03 -1.91665068e-03 -8.60869605e-03 -4.24691651e-04 -9.58263222e-03 1.14722447e-04
-6.82145208e-02 -2.50898957e-01 -1.42094102e-02 -3.41108590e-02 2.00488232e-02 -4.30665463e-02 -1.21053763e-01 -3.03093549e-02 1.31014120e-02 7.64656113e-03 1.02728777e-01 2.84508411e-02 1.27826303e-01 6.30735932e-03 1.42314106e-01 -1.70527946e-03
-1.56468395e-02 -5.15865386e-02 -3.22479662e-03 -7.46016065e-03 4.49679093e-03 -9.62459762e-03 -2.70294845e-02 -6.78660953e-03 2.92916573e-03 1.71295111e-03 2.30019297e-02 6.37180824e-03 2.86301840e-02 1.41275162e-03 3.18761431e-02 -3.81993101e-04
-1.79664581e-03 -4.93196445e-03 -3.05096619e-04 -6.37086632e-04 3.88801127e-04 -8.08187760e-04 -2.23697396e-03 -5.62915404e-04 2.41352915e-04 1.40628224e-04 1.89035852e-03 5.23411436e-04 2.35153898e-03 1.16025069e-04 2.61790119e-03 -3.13644014e-05
6.11444376e-03 1.86259933e-02 1.16574683e-03 2.49583903e-03 -1.50267221e-03 3.08701466e-03 8.59402493e-03 2.17504567e-03 -9.32789524e-04 -5.37279295e-04 -7.23747071e-03 -2.00509187e-03 -9.00236703e-03 -4.43850760e-04 -1.00152036e-02 1.19674572e-04
1.43779884e-03 5.27855149e-03 3.18275823e-04 7.68349215e-04 -4.59578034e-04 9.87207633e-04 2.77518597e-03 6.97704265e-04 -3.00856744e-04 -1.75940324e-04 -2.36276560e-03 -6.54470467e-04 -2.94065801e-03 -1.45105922e-04 -3.27404938e-03 3.92346083e-05
4.48376779e-03 1.34857763e-02 9.11187148e-04 1.95806450e-03 -1.13877829e-03 2.39009713e-03 6.72363304e-03 1.69004628e-03 -7.28867250e-04 -4.23610676e-04 -5.69645409e-03 -1.57727965e-03 -7.08496710e-03 -3.49537469e-04 -7.88679067e-03 9.44530329e-05
3.13981296e-03 1.04018059e-02 6.25132234e-04 1.41569274e-03 -8.41183355e-04 1.78514014e-03 4.99842642e-03 1.25472480e-03 -5.42074442e-04 -3.16291553e-04 -4.24929895e-03 -1.17690384e-03 -5.28760068e-03 -2.60902569e-04 -5.88679546e-03 7.05366838e-05
1.52981384e-02 5.23101017e-02 3.31813889e-03 7.67159602e-03 -4.58777416e-03 9.85620357e-03 2.77421549e-02 6.97519677e-03 -3.01025505e-03 -1.76030793e-03 -2.36376263e-02 -6.54768571e-03 -2.94209179e-02 -1.45177718e-03 -3.27566825e-02 3.92547925e-04
-5.13372757e-03 -1.77387949e-02 -1.05968956e-03 -2.37550936e-03 1.36352284e-03 -2.87482003e-03 -7.98082538e-03 -2.00267392e-03 8.62827001e-04 5.02515933e-04 6.75544841e-03 1.87082845e-03 8.40422139e-03 4.14650713e-04 9.35585517e-03 -1.12075417e-04
-8.96120537e-03 -2.80737691e-02 -1.81131507e-03 -3.82701261e-03 2.22991221e-03 -4.73364582e-03 -1.32183740e-02 -3.32732592e-03 1.43542991e-03 8.33834521e-04 1.12164114e-02 3.10561596e-03 1.39486669e-02 6.88148488e-04 1.55270332e-02 -1.85931742e-04
6.89977373e-04 2.17370130e-03 1.31459630e-04 2.81838613e-04 -1.73492706e-04 3.66690510e-04 1.02363131e-03 2.57789943e-04 -1.10827961e-04 -6.46840490e-05 -8.69096257e-04 -2.40693655e-04 -1.08138961e-03 -5.33580751e-05 -1.20392814e-03 1.44257328e-05
-1.35554597e-02 -4.76059914e-02 -3.21882544e-03 -6.83249207e-03 4.11709165e-03 -8.64458084e-03 -2.43517477e-02 -6.10986724e-03 2.64002639e-03 1.54263037e-03 2.07155943e-02 5.73825603e-03 2.57830545e-02 1.27225148e-03 2.87060346e-02 -3.44000728e-04
1.87663436e-02 6.82564676e-02 4.00571106e-03 9.15898196e-03 -5.46924537e-03 1.15934825e-02 3.27116512e-02 8.21527652e-03 -3.53900762e-03 -2.06357753e-03 -2.77174376e-02 -7.67781679e-03 -3.44945639e-02 -1.70205010e-03 -3.84035893e-02 4.60163952e-04
9.25606117e-03 3.22861001e-02 1.67609472e-03 4.04900964e-03 -2.36667786e-03 4.89631575e-03 1.35830436e-02 3.41957505e-03 -1.46608101e-03 -8.53259058e-04 -1.14783775e-02 -3.17837112e-03 -1.42755164e-02 -7.04309903e-04 -1.58916339e-02 1.90335195e-04
