3.42188030e-03 -4.24181819e-02 -2.46101841e-02 -2.23114863e-02 -5.22791222e-03 -8.23934563e-03 1.30628664e-02 3.38552371e-02 -6.56083226e-03 3.62588302e-03 -6.81286957e-03 1.22520560e-02 -1.55005874e-02 -1.97361107e-03 1.96994878e-02 1.90252066e-02
-1.11598764e-02 6.74830899e-02 3.18781510e-02 2.70466879e-02 6.32105768e-03 9.82502382e-03 -1.56431105e-02 -4.05592509e-02 7.85235874e-03 -4.34780773e-03 8.16038996e-03 -1.46708749e-02 1.85661595e-02 2.36374303e-03 -2.35966183e-02 -2.27890667e-02
-2.60422984e-03 3.60254059e-03 2.38234876e-04 -5.56877465e-04 -3.50047951e-04 -5.20837551e-04 1.09513185e-03 3.00620333e-03 -5.75850136e-04 3.21038679e-04 -6.15351135e-04 1.09868590e-03 -1.39772554e-03 -1.77208509e-04 1.78199110e-03 1.72150380e-03
-4.12059715e-03 5.04987165e-02 2.96199713e-02 2.71391012e-02 6.36895420e-03 1.00292442e-02 -1.60216782e-02 -4.17563133e-02 8.06074683e-03 -4.46814299e-03 8.40846356e-03 -1.51072918e-02 1.91276073e-02 2.43429770e-03 -2.43168622e-02 -2.34853085e-02
-2.93013342e-02 1.66983694e-01 8.69918540e-02 7.91081339e-02 1.80933457e-02 2.95142308e-02 -4.36746553e-02 -1.13676868e-01 2.19422672e-02 -1.21767800e-02 2.28307247e-02 -4.10434753e-02 5.19474559e-02 6.61468087e-03 -6.60261512e-02 -6.37665540e-02
6.05810899e-03 -3.69968712e-02 -1.69374682e-02 -1.31633794e-02 -2.73383129e-03 -4.69914824e-03 6.45793136e-03 1.63192637e-02 -3.17056244e-03 1.75122230e-03 -3.25279846e-03 5.87943243e-03 -7.41289835e-03 -9.47534980e-04 9.39837378e-03 9.07452404e-03
3.62234586e-03 3.18193482e-03 1.37663260e-03 2.03887909e-03 5.30083315e-04 7.76001194e-04 -1.67935411e-03 -4.55813436e-03 8.67012073e-04 -4.79325652e-04 9.27468936e-04 -1.64827809e-03 2.10362300e-03 2.64855596e-04 -2.68695992e-03 -2.59709824e-03
-1.68395345e-04 -1.48144574e-03 -9.36329423e-04 -9.37363482e-04 -2.18347108e-04 -3.45523935e-04 5.41791844e-04 1.40593352e-03 -2.72348028e-04 1.50927677e-04 -2.82894383e-04 5.09166217e-04 -6.43860549e-04 -8.20453861e-05 8.17909953e-04 7.89871498e-04
-3.04536950e-02 2.00307786e-01 9.39497054e-02 7.38814324e-02 1.60900988e-02 2.68085804e-02 -3.99390161e-02 -1.03129767e-01 2.00690534e-02 -1.11088939e-02 2.07379013e-02 -3.73760387e-02 4.72084321e-02 6.02328638e-03 -5.99204600e-02 -5.78633323e-02
-7.62043055e-05 5.94042381e-03 4.44856193e-03 4.62888880e-03 1.14736415e-03 1.79502205e-03 -2.89902883e-03 -7.56859127e-03 1.45897688e-03 -8.08213954e-04 1.52168679e-03 -2.73437565e-03 3.46180680e-03 4.40585602e-04 -4.40084608e-03 -4.25033504e-03
9.00716521e-04 -1.15237422e-02 -6.07757550e-03 -5.55801997e-03 -1.29078724e-03 -2.02118256e-03 3.12107336e-03 8.09312984e-03 -1.56174833e-03 8.66022834e-04 -1.62471202e-03 2.92189722e-03 -3.69684282e-03 -4.70747356e-04 4.69759014e-03 4.53677028e-03
5.17494278e-03 -4.57081571e-02 -2.54069865e-02 -2.26213597e-02 -5.27616916e-03 -8.21085274e-03 1.30884582e-02 3.39610241e-02 -6.56472379e-03 3.63390357e-03 -6.83110114e-03 1.22863417e-02 -1.55435503e-02 -1.97938760e-03 1.97531879e-02 1.90769453e-02
-1.12402276e-03 9.61140171e-03 4.94426209e-03 3.61706107e-03 8.44791415e-04 1.32515095e-03 -2.00035446e-03 -5.15533006e-03 1.00015034e-03 -5.53520105e-04 1.03584409e-03 -1.86604902e-03 2.35770922e-03 3.00515792e-04 -2.99428869e-03 -2.89160362e-03
-5.65215340e-03 5.85972518e-02 3.27894352e-02 2.76363716e-02 6.57045189e-03 1.03553003e-02 -1.60040371e-02 -4.13703658e-02 8.01532343e-03 -4.42133332e-03 8.30328185e-03 -1.49401566e-02 1.88964363e-02 2.40694126e-03 -2.40096729e-02 -2.31872182e-02
3.29574477e-03 -4.34723347e-02 -2.61942856e-02 -2.28077229e-02 -5.42586995e-03 -8.61072727e-03 1.38815017e-02 3.62186767e-02 -7.00059021e-03 3.87331750e-03 -7.29643367e-03 1.31077534e-02 -1.65979713e-02 -2.11208826e-03 2.11028550e-02 2.03813761e-02
-4.76131216e-04 1.49432987e-01 9.03294906e-02 8.82046521e-02 2.15731375e-02 3.40202972e-02 -5.56286201e-02 -1.45603567e-01 2.81111449e-02 -1.55810909e-02 2.93603595e-02 -5.27365431e-02 6.67869002e-02 8.49825516e-03 -8.49193856e-02 -8.20165202e-02
-1.10657243e-02 4.29201350e-02 2.00147256e-02 1.88388787e-02 4.02154401e-03 6.40365668e-03 -9.75435693e-03 -2.52449811e-02 4.85607330e-03 -2.69005494e-03 5.05793793e-03 -9.08977538e-03 1.15063768e-02 1.46442314e-03 -1.46268522e-02 -1.41266072e-02
4.32515517e-04 -3.99433151e-02 -2.23023482e-02 -2.17151456e-02 -5.19185327e-03 -8.15589260e-03 1.30860107e-02 3.41045298e-02 -6.59298478e-03 3.64931906e-03 -6.86247787e-03 1.23362644e-02 -1.56140896e-02 -1.98820443e-03 1.98454484e-02 1.91662684e-02
-5.85444551e-03 3.65903303e-02 1.93738695e-02 1.73615329e-02 4.05399175e-03 6.36242749e-03 -1.01628527e-02 -2.64080558e-02 5.09955734e-03 -2.82461336e-03 5.31551149e-03 -9.55048669e-03 1.20917829e-02 1.53881405e-03 -1.53724961e-02 -1.48468520e-02
7.67875463e-05 -8.46253708e-02 -5.20980358e-02 -5.39064854e-02 -1.32942675e-02 -2.09347922e-02 3.41287442e-02 8.94430205e-02 -1.72648877e-02 9.57136415e-03 -1.80361718e-02 3.23954299e-02 -4.10272889e-02 -5.22047887e-03 5.21661453e-02 5.03829122e-02
-3.64617072e-03 3.17008980e-02 1.85864158e-02 1.65057778e-02 3.89791792e-03 6.15943642e-03 -9.73362010e-03 -2.52941810e-02 4.87939175e-03 -2.70270486e-03 5.08333789e-03 -9.13676806e-03 1.15643283e-02 1.47192017e-03 -1.46999732e-02 -1.41971400e-02
-1.08925961e-02 4.97567728e-02 2.53554992e-02 2.23076213e-02 4.97439364e-03 7.78049463e-03 -1.22376271e-02 -3.17531638e-02 6.13076473e-03 -3.39637534e-03 6.39154017e-03 -1.14858896e-02 1.45400921e-02 1.85059535e-03 -1.84840113e-02 -1.78518593e-02
-1.26958154e-02 8.96199346e-02 3.86974961e-02 3.21233571e-02 7.00754160e-03 1.12343440e-02 -1.69426482e-02 -4.30990048e-02 8.34777951e-03 -4.62310296e-03 8.62420909e-03 -1.55575396e-02 1.96402334e-02 2.50827684e-03 -2.49256790e-02 -2.40686312e-02
-5.74367028e-03 2.30245329e-02 8.28278065e-03 7.24777626e-03 1.44371809e-03 2.38544377e-03 -3.52627831e-03 -9.13863908e-03 1.76994631e-03 -9.81585472e-04 1.83634763e-03 -3.30772181e-03 4.17786371e-03 5.33058948e-04 -5.30792307e-03 -5.12578851e-03
3.86115303e-03 -1.83855463e-03 1.35187001e-03 1.76584290e-03 6.46287808e-04 1.00945984e-03 -1.86080055e-03 -4.95615462e-03 9.56287666e-04 -5.30673133e-04 1.00394059e-03 -1.80140871e-03 2.28342321e-03 2.90412019e-04 -2.90467730e-03 -2.80548609e-03
-2.48439959e-03 -1.58784427e-02 -1.10139921e-02 -1.22191319e-02 -3.03635909e-03 -4.77952883e-03 7.89225288e-03 2.06999760e-02 -3.99624975e-03 2.21527461e-03 -4.17526020e-03 7.49909412e-03 -9.49760899e-03 -1.20850396e-03 1.20763062e-02 1.16634993e-02
-1.69101153e-02 7.19253048e-02 3.71303260e-02 2.75155865e-02 5.66033460e-03 9.38166678e-03 -1.26258666e-02 -3.18609849e-02 6.22364320e-03 -3.44160479e-03 6.36739703e-03 -1.15157580e-02 1.45076821e-02 1.85594265e-03 -1.83811784e-02 -1.77452546e-02
-6.30121585e-03 1.06484458e-01 5.50256707e-02 4.86625545e-02 1.11677181e-02 1.83361471e-02 -2.76751742e-02 -7.19231293e-02 1.39288008e-02 -7.71957170e-03 1.44748772e-02 -2.60370914e-02 3.29351574e-02 4.19475744e-03 -4.18453775e-02 -4.04120199e-02
3.12493672e-03 -2.32738256e-02 -1.47000765e-02 -1.40015827e-02 -3.30215343e-03 -5.22037689e-03 8.32806155e-03 2.16512922e-02 -4.18248959e-03 2.31518084e-03 -4.35694167e-03 7.83940125e-03 -9.91243124e-03 -1.26213348e-03 1.25976289e-02 1.21664470e-02
1.10862730e-03 5.81518980e-04 8.48585623e-04 1.31883321e-03 3.60796083e-04 5.61685767e-04 -9.72977374e-04 -2.57245637e-03 4.95672692e-04 -2.74985970e-04 5.20275440e-04 -9.32922005e-04 1.18302042e-03 1.50351683e-04 -1.50527002e-03 -1.45392737e-03
5.75962570e-03 -4.35802042e-02 -2.08884943e-02 -1.71570536e-02 -3.90260760e-03 -6.28625089e-03 9.48609877e-03 2.43852437e-02 -4.72116983e-03 2.60814512e-03 -4.85936133e-03 8.76143947e-03 -1.10712247e-02 -1.41737924e-03 1.40521396e-02 1.35672828e-02
4.09833668e-03 -5.43378405e-02 -3.25590149e-02 -3.01392525e-02 -7.38220057e-03 -1.17598688e-02 1.89514440e-02 4.96116988e-02 -9.57330875e-03 5.30658104e-03 -9.99720208e-03 1.79577786e-02 -2.27405615e-02 -2.89359223e-03 2.89137065e-02 2.79253144e-02
-7.06798490e-03 9.57843959e-02 5.48173487e-02 5.59237748e-02 1.27821080e-02 2.00050604e-02 -3.20608579e-02 -8.37712139e-02 1.61697008e-02 -8.95687193e-03 1.68671887e-02 -3.03029194e-02 3.83711047e-02 4.88290656e-03 -4.87838984e-02 -4.71159369e-02
6.96027186e-03 -1.00104094e-01 -5.67774586e-02 -5.14567643e-02 -1.26280896e-02 -1.95192117e-02 3.19988355e-02 8.34773704e-02 -1.61153562e-02 8.92718136e-03 -1.68203842e-02 3.02126873e-02 -3.82599197e-02 -4.86843660e-03 4.86461632e-02 4.69831824e-02
-3.68644111e-03 5.16073927e-02 2.83960477e-02 2.73344889e-02 6.81510614e-03 1.06500937e-02 -1.72552075e-02 -4.49487865e-02 8.67495593e-03 -4.80634999e-03 9.05692205e-03 -1.62667502e-02 2.06014141e-02 2.62139598e-03 -2.61946060e-02 -2.52991784e-02
2.34484300e-03 -3.14889140e-02 -1.62000284e-02 -1.54272486e-02 -3.69122531e-03 -5.86333871e-03 9.29729361e-03 2.42258031e-02 -4.67884494e-03 2.59342766e-03 -4.87806182e-03 8.76587071e-03 -1.10974889e-02 -1.41246046e-03 1.41071957e-02 1.36246942e-02
-9.92297940e-03 4.89093363e-02 2.42190305e-02 2.24640742e-02 5.18589141e-03 8.20388831e-03 -1.30738905e-02 -3.41879874e-02 6.58716448e-03 -3.64848808e-03 6.86943205e-03 -1.23411175e-02 1.56265106e-02 1.98851270e-03 -1.98669601e-02 -1.91876721e-02
7.29966722e-03 -4.47420105e-02 -2.60987692e-02 -2.51688436e-02 -5.83196618e-03 -9.28628817e-03 1.48980031e-02 3.88704650e-02 -7.49142375e-03 4.15438972e-03 -7.82018248e-03 1.40473787e-02 -1.77896973e-02 -2.26380583e-03 2.26180293e-02 2.18447745e-02
-1.22315914e-03 1.15429256e-02 6.51597977e-03 5.94568811e-03 1.44944445e-03 2.25978391e-03 -3.68244108e-03 -9.63167101e-03 1.85989728e-03 -1.03066536e-03 1.94162293e-03 -3.48782889e-03 4.41673910e-03 5.62030822e-04 -5.61556639e-03 -5.42358262e-03
-3.41579388e-03 3.02989185e-02 1.70189012e-02 1.65649168e-02 3.92064452e-03 6.12847647e-03 -9.94942337e-03 -2.59886067e-02 5.01932483e-03 -2.78100115e-03 5.23920776e-03 -9.41063743e-03 1.19178966e-02 1.51649409e-03 -1.51532916e-02 -1.46352760e-02
7.97143672e-04 -1.46445725e-02 -8.49756226e-03 -7.81262107e-03 -1.84353453e-03 -2.90877675e-03 4.56853397e-03 1.18715651e-02 -2.29427847e-03 1.27074390e-03 -2.38671852e-03 4.29260312e-03 -5.43093216e-03 -6.91629248e-04 6.90105045e-03 6.66475017e-03
1.10300153e-03 1.66323557e-02 1.12056714e-02 1.17694354e-02 2.87988409e-03 4.47809417e-03 -7.29512516e-03 -1.90436896e-02 3.67666804e-03 -2.03705905e-03 3.83533724e-03 -6.89111510e-03 8.72503500e-03 1.11042825e-03 -1.10925753e-02 -1.07132392e-02
-4.99308109e-04 2.78288312e-02 1.52145587e-02 1.40722524e-02 3.30610434e-03 5.32902684e-03 -8.03684350e-03 -2.08039153e-02 4.01614886e-03 -2.22714338e-03 4.17847838e-03 -7.51411170e-03 9.50601418e-03 1.21045508e-03 -1.20804738e-02 -1.16669657e-02
-1.04518253e-02 2.70675085e-02 1.54173523e-02 1.14361458e-02 2.47563142e-03 3.80405271e-03 -5.92007441e-03 -1.54028600e-02 2.97298515e-03 -1.64534606e-03 3.09523079e-03 -5.56092756e-03 7.04100356e-03 8.96007346e-04 -8.95119831e-03 -8.64512753e-03
7.72621809e-03 -6.54184073e-02 -3.24899480e-02 -2.86419317e-02 -6.57761237e-03 -1.05261179e-02 1.60626061e-02 4.16609198e-02 -8.07703473e-03 4.44771536e-03 -8.32599029e-03 1.50203276e-02 -1.89686976e-02 -2.42907112e-03 2.40765680e-02 2.32494138e-02
-7.07853492e-03 4.76459861e-02 2.63908338e-02 2.24891286e-02 5.35450503e-03 8.65322910e-03 -1.31036015e-02 -3.39247398e-02 6.55107480e-03 -3.62633960e-03 6.80461200e-03 -1.22333299e-02 1.54805183e-02 1.97147881e-03 -1.96736809e-02 -1.90000925e-02
-1.41261872e-02 1.97027937e-01 1.02294669e-01 9.74413455e-02 2.33083516e-02 3.72183993e-02 -5.77783361e-02 -1.49633750e-01 2.89094634e-02 -1.60672013e-02 3.00787725e-02 -5.40765524e-02 6.84365481e-02 8.71594530e-03 -8.69773179e-02 -8.39971229e-02
3.88466753e-04 6.38586059e-02 3.85495983e-02 4.12657186e-02 1.00176008e-02 1.57592352e-02 -2.57045235e-02 -6.73502758e-02 1.30005963e-02 -7.20695453e-03 1.35797402e-02 -2.43911091e-02 3.08903717e-02 3.93062504e-03 -3.92769650e-02 -3.79343182e-02
-1.64325302e-03 -1.69072915e-02 -1.06353946e-02 -1.16441529e-02 -2.89080129e-03 -4.54370445e-03 7.52854440e-03 1.97482929e-02 -3.81219736e-03 2.11318443e-03 -3.98323592e-03 7.15414714e-03 -9.06081311e-03 -1.15291832e-03 1.15209511e-02 1.11271320e-02
3.05604376e-03 -3.64856496e-02 -2.18067784e-02 -2.00449955e-02 -4.96363500e-03 -7.75868725e-03 1.27497632e-02 3.33957076e-02 -6.44579530e-03 3.57307005e-03 -6.73371460e-03 1.20944614e-02 -1.53174438e-02 -1.94903975e-03 1.94761697e-02 1.88104026e-02
4.33129445e-03 -2.85163373e-02 -1.44706247e-02 -1.32984864e-02 -3.28844273e-03 -5.14238747e-03 8.41521379e-03 2.20058057e-02 -4.24808031e-03 2.35426193e-03 -4.43637231e-03 7.96827301e-03 -1.00915786e-02 -1.28409034e-03 1.28313797e-02 1.23927500e-02
1.78765110e-03 1.38291996e-02 7.54228514e-03 7.35302502e-03 1.75718090e-03 2.80309445e-03 -4.47869953e-03 -1.16830049e-02 2.25902116e-03 -1.25153339e-03 2.35355436e-03 -4.23073955e-03 5.35483006e-03 6.81773119e-04 -6.80599641e-03 -6.57304190e-03
5.95247978e-03 -3.70792076e-02 -1.98833551e-02 -1.73666403e-02 -3.95207712e-03 -6.38397364e-03 9.93440952e-03 2.58362610e-02 -4.99163987e-03 2.76262243e-03 -5.19616203e-03 9.33771394e-03 -1.18203489e-02 -1.50445150e-03 1.50256762e-02 1.45117510e-02
8.65497976e-04 -1.17498171e-02 -7.11060502e-03 -6.36203634e-03 -1.48802681e-03 -2.32822821e-03 3.60568147e-03 9.35289450e-03 -1.80708652e-03 1.00113556e-03 -1.87840604e-03 3.37870629e-03 -4.27383464e-03 -5.44253620e-04 5.43058151e-03 5.24464203e-03
1.04875444e-02 -2.37841606e-02 -1.34418570e-02 -1.45033542e-02 -3.37678241e-03 -5.27448021e-03 8.48306622e-03 2.21496243e-02 -4.27509611e-03 2.36894726e-03 -4.46047401e-03 8.01325403e-03 -1.01464111e-02 -1.29121274e-03 1.29003525e-02 1.24592893e-02
-1.53584257e-02 4.28561866e-03 -3.07923229e-03 -8.33265483e-03 -2.39370693e-03 -3.41029838e-03 6.70870719e-03 1.78778209e-02 -3.44888354e-03 1.91374379e-03 -3.64091527e-03 6.51461398e-03 -8.27800669e-03 -1.05013372e-03 1.05428547e-02 1.01843663e-02
8.01682821e-04 -1.63140353e-02 -9.23730247e-03 -9.19292588e-03 -2.12748069e-03 -3.34969326e-03 5.37068816e-03 1.40107255e-02 -2.70586251e-03 1.49953808e-03 -2.82075931e-03 5.06940950e-03 -6.41713385e-03 -8.16789106e-04 8.15735105e-03 7.87833706e-03
2.77492160e-04 -7.75915757e-03 -3.96747887e-03 -3.85773694e-03 -9.23763087e-04 -1.42539910e-03 2.32004444e-03 6.05766242e-03 -1.16972928e-03 6.48101908e-04 -1.22037937e-03 2.19242042e-03 -2.77610030e-03 -3.53272742e-04 3.52949998e-03 3.40882456e-03
-3.19246226e-03 2.67007574e-02 1.54967476e-02 1.34145254e-02 3.26540903e-03 5.10097761e-03 -8.22501536e-03 -2.14466322e-02 4.14100289e-03 -2.29295529e-03 4.31963336e-03 -7.75912311e-03 9.82544105e-03 1.25026086e-03 -1.24924378e-02 -1.20653668e-02
6.70746900e-03 -2.71840952e-02 -1.54136028e-02 -1.10097304e-02 -2.68277968e-03 -4.22217371e-03 6.73088618e-03 1.75613873e-02 -3.38967913e-03 1.87873165e-03 -3.53917829e-03 6.35727774e-03 -8.05054978e-03 -1.02439034e-03 1.02360649e-02 9.88614932e-03
1.26082031e-03 -1.35249142e-02 -7.69697595e-03 -6.29277062e-03 -1.47414720e-03 -2.33299029e-03 3.63718718e-03 9.42821335e-03 -1.82241516e-03 1.00922422e-03 -1.89569150e-03 3.40833422e-03 -4.31290269e-03 -5.49091259e-04 5.48135675e-03 5.29376604e-03
-1.46710267e-02 6.98193163e-02 2.20140815e-02 1.05936257e-02 2.51935795e-03 4.22961172e-03 -5.93992602e-03 -1.51909404e-02 2.93945381e-03 -1.62479247e-03 3.04748327e-03 -5.47882356e-03 6.93075079e-03 8.82176100e-04 -8.80744029e-03 -8.50620028e-03
-6.58472581e-03 -2.96135340e-03 -7.77582126e-03 -1.19541977e-02 -3.06477980e-03 -4.74224053e-03 8.14300869e-03 2.14928836e-02 -4.14621085e-03 2.30026967e-03 -4.34286753e-03 7.79383397e-03 -9.87694040e-03 -1.25621003e-03 1.25628989e-02 1.21338256e-02
1.19436448e-02 -7.64064640e-02 -3.63280252e-02 -3.29413712e-02 -7.60857295e-03 -1.18779717e-02 1.90182235e-02 4.93907817e-02 -9.52454098e-03 5.27809374e-03 -9.93502233e-03 1.78490542e-02 -2.25992724e-02 -2.87587545e-03 2.87314914e-02 2.77491342e-02
2.51923455e-03 -4.02596109e-02 -2.23619845e-02 -2.09503062e-02 -4.97102365e-03 -7.88492244e-03 1.24779772e-02 3.24977860e-02 -6.27705129e-03 3.47872707e-03 -6.54363446e-03 1.17595661e-02 -1.48862610e-02 -1.89470663e-03 1.89231019e-02 1.82758532e-02
-2.89568189e-03 1.83529519e-02 9.46354680e-03 8.39423109e-03 1.99106452e-03 3.12382821e-03 -4.92499443e-03 -1.27940942e-02 2.46927445e-03 -1.36738911e-03 2.57112132e-03 -4.62145265e-03 5.84974512e-03 7.44592864e-04 -7.43447617e-03 -7.18009798e-03
4.62244498e-03 -6.14017285e-02 -3.56667563e-02 -3.21794935e-02 -7.60501483e-03 -1.19328937e-02 1.91570688e-02 4.98567782e-02 -9.62130539e-03 5.33352606e-03 -1.00373533e-02 1.80327017e-02 -2.28322204e-02 -2.90556578e-03 2.90269982e-02 2.80344319e-02
1.21100526e-03 -8.57995898e-02 -4.60904911e-02 -4.61895354e-02 -1.08104274e-02 -1.72509924e-02 2.77163107e-02 7.24812895e-02 -1.39945466e-02 7.75668724e-03 -1.46109667e-02 2.62487438e-02 -3.32366861e-02 -4.22924012e-03 4.22563590e-02 4.08117585e-02
2.87642935e-03 -7.20514311e-03 -2.48846225e-03 -9.21343279e-04 -8.59072024e-05 -2.06988159e-04 -8.37117914e-05 -4.36776492e-04 7.63743810e-05 -4.27450650e-05 1.00464662e-04 -1.64918369e-04 2.23609386e-04 2.66084826e-05 -2.95462960e-04 -2.86482420e-04
-4.89314925e-03 4.87665161e-02 2.55979076e-02 2.10916251e-02 4.99290088e-03 7.90034048e-03 -1.22159943e-02 -3.14221866e-02 6.08231127e-03 -3.37125058e-03 6.31096354e-03 -1.13673070e-02 1.43637694e-02 1.83110882e-03 -1.82419922e-02 -1.76163316e-02
-6.85144402e-03 7.36657381e-02 4.39360701e-02 3.18125598e-02 7.41823716e-03 1.18107097e-02 -1.82743017e-02 -4.73588668e-02 9.16998368e-03 -5.07536903e-03 9.52234492e-03 -1.71356071e-02 2.16728635e-02 2.75997911e-03 -2.75331307e-02 -2.65896060e-02
-1.36446208e-03 -1.23252962e-02 -8.31012242e-03 -8.71833228e-03 -2.13641068e-03 -3.33144050e-03 5.44220814e-03 1.42457057e-02 -2.75122607e-03 1.52482290e-03 -2.87206378e-03 5.15930075e-03 -6.53331634e-03 -8.31376994e-04 8.30661599e-03 8.02262593e-03
-3.86574268e-02 2.69064367e-01 1.24415070e-01 1.15949631e-01 2.70084366e-02 4.26434204e-02 -6.71207830e-02 -1.73675999e-01 3.35474014e-02 -1.85883436e-02 3.49204093e-02 -6.27683625e-02 7.94383064e-02 1.01136398e-02 -1.00970328e-01 -9.75156277e-02
-2.32378021e-03 3.66692469e-02 2.18912568e-02 2.13161558e-02 5.23894792e-03 8.14869720e-03 -1.31776342e-02 -3.43692228e-02 6.63016038e-03 -3.67426290e-03 6.92164246e-03 -1.24328947e-02 1.57447606e-02 2.00346601e-03 -2.00188272e-02 -1.93344709e-02
2.12776684e-03 -1.18665975e-02 -7.70468079e-03 -6.95626577e-03 -1.68629398e-03 -2.63969391e-03 4.15113335e-03 1.07799005e-02 -2.08777096e-03 1.15478993e-03 -2.16952525e-03 3.90236522e-03 -4.93661687e-03 -6.28650596e-04 6.27332600e-03 6.05853461e-03
-1.19630410e-03 7.71643780e-03 2.39262520e-03 1.50770310e-03 2.75053317e-04 4.78615635e-04 -5.60940534e-04 -1.38830557e-03 2.74072896e-04 -1.49902815e-04 2.73143698e-04 -5.00544498e-04 6.25166402e-04 8.07518154e-05 -7.88721314e-04 -7.60998111e-04
3.43967089e-03 -4.77257222e-02 -2.58271210e-02 -2.52857599e-02 -5.78946015e-03 -9.22779460e-03 1.45304613e-02 3.79191078e-02 -7.32131349e-03 4.05923277e-03 -7.63369491e-03 1.37191014e-02 -1.73658058e-02 -2.21058913e-03 2.20745374e-02 2.13194173e-02
-2.60954117e-03 6.21146113e-02 3.63431908e-02 3.36622186e-02 8.33825208e-03 1.29791144e-02 -2.11872477e-02 -5.54600805e-02 1.07045462e-02 -5.93298627e-03 1.11793708e-02 -2.00799443e-02 2.54300293e-02 3.23583419e-03 -3.23337987e-02 -3.12284883e-02
2.99524656e-03 -2.98504755e-02 -1.63538568e-02 -1.40547697e-02 -3.25263315e-03 -5.21609373e-03 8.03747308e-03 2.08293218e-02 -4.03126283e-03 2.23108754e-03 -4.18389821e-03 7.52960006e-03 -9.52176563e-03 -1.21306127e-03 1.20964414e-02 1.16819981e-02
9.08545405e-03 -5.97678535e-02 -3.57158668e-02 -3.21196653e-02 -7.43650738e-03 -1.16818864e-02 1.83871444e-02 4.78607714e-02 -9.25851520e-03 5.12669049e-03 -9.63499304e-03 1.73233543e-02 -2.19214167e-02 -2.79103755e-03 2.78611723e-02 2.69076619e-02
-5.93458954e-03 5.30718174e-03 4.06521780e-04 1.05968211e-05 -1.34732778e-04 -2.18262867e-04 4.89215192e-04 1.37533504e-03 -2.66609713e-04 1.48257459e-04 -2.83441594e-04 5.07130404e-04 -6.44316839e-04 -8.18051703e-05 8.20645015e-04 7.92711566e-04
1.60440430e-03 -2.39109229e-02 -1.34619568e-02 -1.19289821e-02 -2.82581709e-03 -4.48219711e-03 7.05914013e-03 1.83166824e-02 -3.53722414e-03 1.95859862e-03 -3.68428836e-03 6.62071817e-03 -8.38158187e-03 -1.06673583e-03 1.06548518e-02 1.02904309e-02
-1.25415367e-03 -5.51764155e-03 -3.91183421e-03 -4.59901150e-03 -1.17203034e-03 -1.83447846e-03 3.09262052e-03 8.12824909e-03 -1.56787003e-03 8.69502604e-04 -1.63994369e-03 2.94472883e-03 -3.73022724e-03 -4.74596454e-04 4.74350108e-03 4.58139041e-03
2.01743981e-03 -3.70905437e-02 -2.20762454e-02 -2.10810304e-02 -5.09031862e-03 -7.92466849e-03 1.28334239e-02 3.35270762e-02 -6.47169119e-03 3.58689646e-03 -6.75363466e-03 1.21329771e-02 -1.53632890e-02 -1.95507752e-03 1.95324942e-02 1.88646596e-02
-1.33048799e-02 6.10268340e-02 2.66018752e-02 2.35647615e-02 5.39100543e-03 8.40837602e-03 -1.35321487e-02 -3.51862311e-02 6.79100165e-03 -3.76376021e-03 7.08896061e-03 -1.27339074e-02 1.61254779e-02 2.05185940e-03 -2.05026716e-02 -1.98017787e-02
-9.54206567e-04 5.13629690e-02 2.95641199e-02 2.99193524e-02 7.23855477e-03 1.14062848e-02 -1.84824541e-02 -4.83566932e-02 9.33754072e-03 -5.17546199e-03 9.74853151e-03 -1.75111759e-02 2.21752487e-02 2.82178028e-03 -2.81943139e-02 -2.72304267e-02
-9.45279188e-03 9.45837349e-02 4.48824093e-02 3.74624245e-02 8.59620422e-03 1.35082211e-02 -2.06296965e-02 -5.31852432e-02 1.02631925e-02 -5.69448480e-03 1.06689874e-02 -1.92008484e-02 2.42755171e-02 3.09480517e-03 -3.08309868e-02 -2.97730844e-02
3.63379251e-03 4.38543968e-03 8.52428190e-03 1.04751391e-02 2.77939206e-03 4.25904291e-03 -7.07884785e-03 -1.86236575e-02 3.59379570e-03 -1.99274649e-03 3.75431892e-03 -6.74377987e-03 8.54033418e-03 1.08679617e-03 -1.08586084e-02 -1.04873711e-02
-2.40311492e-03 1.44458022e-02 4.80071129e-03 2.65440065e-03 5.30345947e-04 8.76943988e-04 -1.16928376e-03 -2.92827026e-03 5.70498523e-04 -3.14602017e-04 5.85136178e-04 -1.05673843e-03 1.33206067e-03 1.70059502e-04 -1.68922974e-03 -1.63110346e-03
-3.02198622e-03 1.56979859e-02 6.08500512e-03 4.13643382e-03 9.33172530e-04 1.47582218e-03 -2.15469766e-03 -5.53793367e-03 1.07389712e-03 -5.93709876e-04 1.11075828e-03 -2.00050347e-03 2.52731424e-03 3.22117936e-04 -3.21000768e-03 -3.09994863e-03
-6.79280981e-03 4.39164005e-02 2.13771984e-02 1.62892900e-02 3.67980869e-03 5.95992245e-03 -8.74689035e-03 -2.26024892e-02 4.37450130e-03 -2.41968082e-03 4.54455102e-03 -8.17207992e-03 1.03391809e-02 1.31650409e-03 -1.31400190e-02 -1.26902238e-02
-5.83620928e-03 3.95217873e-02 2.09783688e-02 1.83740184e-02 4.29407973e-03 6.83319336e-03 -1.07312351e-02 -2.78521329e-02 5.38661983e-03 -2.98095285e-03 5.60192904e-03 -1.00753373e-02 1.27455909e-02 1.62285392e-03 -1.61969457e-02 -1.56425051e-02
1.01493970e-02 -8.88270959e-02 -5.27146608e-02 -4.37825061e-02 -1.05612818e-02 -1.65077932e-02 2.64385287e-02 6.87929392e-02 -1.32846460e-02 7.34648155e-03 -1.38346544e-02 2.48609167e-02 -3.14736553e-02 -4.00550291e-03 4.00115997e-02 3.86433713e-02
5.84277045e-03 -8.42521787e-02 -4.90340963e-02 -4.44754548e-02 -1.08752986e-02 -1.70565061e-02 2.78239604e-02 7.27653503e-02 -1.40458718e-02 7.78534636e-03 -1.46682458e-02 2.63477620e-02 -3.33657600e-02 -4.24560206e-03 4.24241684e-02 4.09739353e-02
-4.92542330e-03 2.19412800e-03 -1.33287907e-03 -3.06020607e-03 -9.00144572e-04 -1.43422268e-03 2.53864704e-03 6.75143022e-03 -1.30245101e-03 7.22645666e-04 -1.36663031e-03 2.45218491e-03 -3.10835033e-03 -3.95337411e-04 3.95395607e-03 3.81892500e-03
7.83132948e-03 -4.83437181e-02 -3.02731171e-02 -2.68842131e-02 -5.90062281e-03 -9.97032877e-03 1.38517246e-02 3.54275480e-02 -6.87584002e-03 3.80206713e-03 -7.04158563e-03 1.27302818e-02 -1.60549544e-02 -2.05651135e-03 2.03536712e-02 1.96468383e-02
3.34204361e-03 -1.74466781e-02 -5.11495490e-03 -2.40001571e-03 -2.28171091e-04 -3.27163696e-04 2.50989979e-04 3.42220213e-04 -8.18300323e-05 4.30097098e-05 -5.95881720e-05 1.39007752e-04 -1.39827578e-04 -2.29851139e-05 1.66884638e-04 1.58658338e-04
-1.79462042e-03 2.09960248e-02 1.13144172e-02 1.17018810e-02 2.76423572e-03 4.30610077e-03 -6.98739430e-03 -1.82787236e-02 3.53061827e-03 -1.95564376e-03 3.68316984e-03 -6.61712140e-03 8.37863237e-03 1.06623210e-03 -1.06524201e-02 -1.02882078e-02
5.63443359e-03 -2.50452273e-02 -1.12652965e-02 -1.05242943e-02 -2.48805783e-03 -3.94489337e-03 6.02175388e-03 1.56510249e-02 -3.00671021e-03 1.66777871e-03 -3.13233864e-03 5.63072367e-03 -7.12603657e-03 -9.07104986e-04 9.05720703e-03 8.74733739e-03
-5.91235375e-03 3.75374444e-02 2.20680330e-02 1.97170116e-02 4.66145528e-03 7.38048600e-03 -1.17455162e-02 -3.06304414e-02 5.91604225e-03 -3.27749760e-03 6.17109518e-03 -1.10863922e-02 1.40373586e-02 1.78631325e-03 -1.78468060e-02 -1.72366221e-02
-3.86322942e-03 7.56596252e-02 4.45953123e-02 4.18205038e-02 9.94535349e-03 1.56194828e-02 -2.53652185e-02 -6.63414076e-02 1.28114773e-02 -7.09725823e-03 1.33664729e-02 -2.40136683e-02 3.04056145e-02 3.86936218e-03 -3.86569016e-02 -3.73351537e-02
-2.56214710e-03 -1.63688511e-02 -8.90306756e-03 -8.40302091e-03 -2.03255401e-03 -3.22914217e-03 5.25264302e-03 1.37309004e-02 -2.65267352e-03 1.46975834e-03 -2.76754517e-03 4.97362623e-03 -6.29644003e-03 -8.01472866e-04 8.00392777e-03 7.73013756e-03
-1.57494587e-03 1.47406599e-02 7.78839039e-03 7.15219043e-03 1.68773485e-03 2.66266195e-03 -4.28248616e-03 -1.11739989e-02 2.15641339e-03 -1.19480980e-03 2.24976148e-03 -4.04172018e-03 5.11760218e-03 6.51239883e-04 -6.50638342e-03 -6.28392771e-03
5.06143551e-04 -4.25920486e-02 -2.56918836e-02 -2.55467109e-02 -6.24850299e-03 -9.81540792e-03 1.59791224e-02 4.18337584e-02 -8.07725359e-03 4.47648158e-03 -8.43470357e-03 1.51499109e-02 -1.91867147e-02 -2.44140648e-03 2.43955925e-02 2.35616434e-02
3.75415222e-03 2.23091487e-02 1.52544780e-02 1.66938994e-02 4.13923198e-03 6.51150290e-03 -1.07375523e-02 -2.81550996e-02 5.43528702e-03 -3.01292539e-03 5.67842880e-03 -1.01990178e-02 1.29169403e-02 1.64359389e-03 -1.64239481e-02 -1.58625226e-02
9.49846022e-03 1.31775970e-02 1.06079541e-02 1.33077670e-02 3.41144530e-03 5.33609837e-03 -9.12051462e-03 -2.39719711e-02 4.62496188e-03 -2.56415945e-03 4.83883638e-03 -8.68892390e-03 1.10067176e-02 1.40029285e-03 -1.39965191e-02 -1.35182133e-02
-8.52686726e-03 6.88753277e-02 4.08107713e-02 4.31772433e-02 9.25950799e-03 1.44233303e-02 -2.34210845e-02 -6.12350367e-02 1.18229594e-02 -6.54848199e-03 1.23335375e-02 -2.21567377e-02 2.80560199e-02 3.57013824e-03 -3.56712043e-02 -3.44516821e-02
-1.36224302e-02 1.41334429e-01 7.14906007e-02 6.64112866e-02 1.54628390e-02 2.39355545e-02 -3.88193578e-02 -1.00785486e-01 1.94788054e-02 -1.07772416e-02 2.03001685e-02 -3.64651419e-02 4.61784787e-02 5.87607361e-03 -5.87119311e-02 -5.67047112e-02
-8.99361819e-03 4.75109518e-02 2.53474396e-02 2.50531994e-02 5.68842888e-03 8.76277965e-03 -1.43193500e-02 -3.74545828e-02 7.23228091e-03 -4.00796579e-03 7.55173014e-03 -1.35644963e-02 1.71781741e-02 2.18585506e-03 -2.18414553e-02 -2.10948009e-02
-1.65976305e-03 2.51575578e-02 1.42182931e-02 1.39961690e-02 3.31739103e-03 5.23138745e-03 -8.32888763e-03 -2.17187535e-02 4.18708194e-03 -2.32318812e-03 4.36960021e-03 -7.85002019e-03 9.93983634e-03 1.26490870e-03 -1.26368022e-02 -1.22047337e-02
-7.46431109e-03 4.11656871e-03 -1.27981743e-03 -5.45663387e-03 -1.51037972e-03 -2.31092446e-03 4.12830291e-03 1.09666595e-02 -2.11688620e-03 1.17454946e-03 -2.21870467e-03 3.98281636e-03 -5.04671410e-03 -6.42029976e-04 6.41846145e-03 6.19916338e-03
-5.04305633e-03 5.03713489e-02 2.75249071e-02 2.36908533e-02 5.51448949e-03 8.51911213e-03 -1.35607570e-02 -3.53351645e-02 6.83201943e-03 -3.78374150e-03 7.11732311e-03 -1.27903381e-02 1.61912888e-02 2.06081918e-03 -2.05825921e-02 -1.98785849e-02
6.33308757e-03 -1.80126410e-02 -6.52317563e-03 -3.92156327e-03 -9.16522811e-04 -1.44416641e-03 2.16773618e-03 5.63756749e-03 -1.08417962e-03 6.00584550e-04 -1.13029208e-03 2.03060498e-03 -2.57098954e-03 -3.27178248e-04 3.26868310e-03 3.15692462e-03
-4.45792917e-04 -2.43932158e-02 -1.43302279e-02 -1.53022073e-02 -3.47521901e-03 -5.50356321e-03 8.83159507e-03 2.30668113e-02 -4.45466116e-03 2.46914313e-03 -4.64728288e-03 8.34926218e-03 -1.05720228e-02 -1.34542142e-03 1.34409843e-02 1.29813887e-02
-5.18813869e-03 2.68195942e-02 7.53286341e-03 6.14257157e-03 1.22975267e-03 1.98298367e-03 -3.00862105e-03 -7.71165872e-03 1.49243523e-03 -8.25861760e-04 1.55087933e-03 -2.78769666e-03 3.52767436e-03 4.49031504e-04 -4.48399642e-03 -4.33060620e-03
-5.13187610e-04 -2.73216702e-02 -1.73485745e-02 -1.79879032e-02 -4.40746965e-03 -6.92597451e-03 1.13511970e-02 2.97427475e-02 -5.74142067e-03 3.18255532e-03 -5.99759305e-03 1.07724136e-02 -1.36429640e-02 -1.73597957e-03 1.73470080e-02 1.67540219e-02
1.16754249e-02 8.35995749e-03 9.10392869e-03 1.23813991e-02 3.14645073e-03 4.94369632e-03 -8.56450759e-03 -2.25881524e-02 4.36350424e-03 -2.41939607e-03 4.56458004e-03 -8.19716696e-03 1.03833005e-02 1.32108643e-03 -1.32036125e-02 -1.27523597e-02
8.31387122e-04 -1.17280753e-02 -6.58737635e-03 -6.05702028e-03 -1.43356493e-03 -2.26044818e-03 3.47032794e-03 8.96382798e-03 -1.73653848e-03 9.61152778e-04 -1.79459050e-03 3.23845749e-03 -4.09018388e-03 -5.22339600e-04 5.18854242e-03 5.01007773e-03
-2.66745733e-03 -1.96045768e-02 -1.27044450e-02 -1.35751115e-02 -3.32175754e-03 -5.22698229e-03 8.55751149e-03 2.24187821e-02 -4.32714401e-03 2.39856588e-03 -4.51970240e-03 8.11818521e-03 -1.02811214e-02 -1.30822218e-03 1.30722718e-02 1.26254009e-02
-2.82656681e-03 1.64064057e-02 9.66890436e-03 8.58818740e-03 1.94092828e-03 2.99935020e-03 -4.80630808e-03 -1.25017278e-02 2.41642212e-03 -1.33746606e-03 2.51523592e-03 -4.52085352e-03 5.72201470e-03 7.28360377e-04 -7.27322465e-03 -7.02439947e-03
1.76322134e-03 1.50308916e-02 1.08012287e-02 1.16014685e-02 2.84874113e-03 4.47445689e-03 -7.30505213e-03 -1.91275738e-02 3.69347865e-03 -2.04702420e-03 3.85618024e-03 -6.92701200e-03 8.77191778e-03 1.11623609e-03 -1.11528980e-02 -1.07716043e-02
5.12223411e-03 -8.72142166e-02 -5.14368415e-02 -4.92259860e-02 -1.17226848e-02 -1.84112899e-02 2.99064722e-02 7.82871768e-02 -1.51100457e-02 8.37411638e-03 -1.57751925e-02 2.83360574e-02 -3.58845405e-02 -4.56620613e-03 4.56255749e-02 4.40658219e-02
-2.57159676e-03 1.74227487e-02 7.96193630e-03 6.88531483e-03 1.44829787e-03 2.33866973e-03 -3.42334784e-03 -8.81068781e-03 1.70296105e-03 -9.44045605e-04 1.76810368e-03 -3.18113668e-03 4.02316917e-03 5.12426952e-04 -5.11164917e-03 -4.93660010e-03
-1.39929252e-02 8.69828910e-02 4.77863476e-02 4.13834043e-02 9.38333850e-03 1.48460930e-02 -2.33380552e-02 -6.07985593e-02 1.17547186e-02 -6.50959508e-03 1.22315427e-02 -2.19898522e-02 2.78264768e-02 3.54262791e-03 -3.53679955e-02 -3.41577455e-02
1.01152062e-02 -7.35248998e-02 -3.87938730e-02 -3.40730250e-02 -8.34254175e-03 -1.31109683e-02 2.06576530e-02 5.38983718e-02 -1.03967004e-02 5.76149533e-03 -1.08444281e-02 1.94830857e-02 -2.46682316e-02 -3.13919131e-03 3.13618742e-02 3.02895512e-02
-5.33316238e-03 1.81074422e-02 1.02797598e-02 5.83513733e-03 1.22294493e-03 1.67965028e-03 -2.48277117e-03 -6.33126078e-03 1.22589536e-03 -6.75977208e-04 1.26903236e-03 -2.28236848e-03 2.88705691e-03 3.67488916e-04 -3.66891921e-03 -3.54337227e-03
4.52203257e-03 -6.36753216e-02 -3.26463096e-02 -3.07479519e-02 -7.25819403e-03 -1.12955403e-02 1.82785280e-02 4.75684889e-02 -9.18449927e-03 5.08337701e-03 -9.57221445e-03 1.71993151e-02 -2.17753965e-02 -2.77114101e-03 2.76837517e-02 2.67371908e-02
-3.06255184e-03 1.32679082e-02 5.50873857e-03 5.31968195e-03 1.12986739e-03 1.72518205e-03 -2.47187633e-03 -6.35781465e-03 1.22462900e-03 -6.80395984e-04 1.27331901e-03 -2.28982349e-03 2.89647863e-03 3.68742127e-04 -3.68136587e-03 -3.55539471e-03
