3.58510483e-03 2.70293374e-02 2.93424744e-02 2.88695982e-03 -1.10250320e-02 1.81533266e-02 -3.99437621e-02 6.66482076e-02 -2.61413157e-02 2.10391693e-02 -2.85872631e-02 -1.85723957e-02 -3.15448232e-02 2.10852036e-03 1.82424095e-02 3.75208375e-03
-5.31643583e-03 9.79654025e-03 1.07880607e-02 1.45529595e-03 -3.95706668e-03 6.61233068e-03 -1.42165963e-02 2.39174031e-02 -9.40091908e-03 7.59147760e-03 -1.02998372e-02 -6.70353882e-03 -1.13768354e-02 7.63269956e-04 6.58198912e-03 1.35382847e-03
3.61311529e-03 1.17289554e-02 1.25561757e-02 -4.57579736e-05 -4.76015778e-03 7.52629200e-03 -1.77366883e-02 2.92330049e-02 -1.12714320e-02 8.98390077e-03 -1.22914799e-02 -7.91895669e-03 -1.35210417e-02 8.80701293e-04 7.80254137e-03 1.60509301e-03
-9.36374627e-03 -1.99810620e-02 -2.14905124e-02 -1.71932101e-03 8.05916265e-03 -1.32102808e-02 2.91369241e-02 -4.86377105e-02 1.90343205e-02 -1.53456358e-02 2.08394881e-02 1.35469623e-02 2.29998361e-02 -1.54052768e-03 -1.33030722e-02 -2.73617846e-03
-6.14126772e-03 -2.90062884e-03 -3.00725736e-03 7.74258515e-05 1.17114582e-03 -1.80829945e-03 4.22350550e-03 -7.05038989e-03 2.72920332e-03 -2.19364231e-03 2.97819823e-03 1.93484244e-03 3.28706717e-03 -2.19392023e-04 -1.90060528e-03 -3.90894682e-04
4.16645175e-03 -1.16206647e-03 -1.29410555e-03 -5.21340000e-04 4.06227191e-04 -7.67924474e-04 1.37258670e-03 -2.40444392e-03 9.79488017e-04 -8.04052863e-04 1.07989809e-03 7.11856817e-04 1.19932264e-03 -8.32752557e-05 -6.96222880e-04 -1.43200450e-04
2.03340407e-03 4.18234995e-04 -8.20312300e-04 4.09459695e-04 -9.68831591e-05 4.21251403e-04 3.90698260e-04 -4.38367715e-05 -8.68921052e-05 2.77978746e-04 -1.05452113e-04 -2.61256646e-04 -2.15585722e-04 1.00953141e-04 1.35387236e-04 2.36731321e-05
-1.63581222e-04 -5.80561301e-03 -6.26858557e-03 -3.01750319e-04 2.35813437e-03 -3.80177447e-03 8.61938670e-03 -1.42630152e-02 5.57660172e-03 -4.47210716e-03 6.09543407e-03 3.94478673e-03 6.71530422e-03 -4.43945697e-04 -3.87996226e-03 -7.98030233e-04
-3.91335692e-03 1.29737863e-02 1.26736648e-02 7.73365377e-04 -4.75011952e-03 7.62968231e-03 -1.74129382e-02 2.88323462e-02 -1.12921046e-02 9.03029088e-03 -1.23476982e-02 -7.96283502e-03 -1.35695515e-02 8.92470242e-04 7.83491600e-03 1.61181355e-03
-1.43030577e-03 -3.84234358e-03 -4.13142610e-03 -3.84885701e-04 1.56502740e-03 -2.54282751e-03 5.70864603e-03 -9.54464637e-03 3.68885743e-03 -2.96897953e-03 4.03407449e-03 2.62086140e-03 4.45186766e-03 -2.97550752e-04 -2.57424731e-03 -5.29456942e-04
2.47118901e-03 1.41839730e-02 1.52899269e-02 9.81699675e-04 -5.74991619e-03 9.28600319e-03 -2.09041089e-02 3.48464884e-02 -1.35389436e-02 1.08896326e-02 -1.48141095e-02 -9.60880984e-03 -1.63332559e-02 1.08813832e-03 9.44114197e-03 1.94185472e-03
8.83764215e-03 2.30172798e-02 2.48060115e-02 2.01097876e-03 -9.31242853e-03 1.52667528e-02 -3.37387957e-02 5.62266260e-02 -2.19996702e-02 1.77146718e-02 -2.40679234e-02 -1.56382285e-02 -2.65607778e-02 1.77551352e-03 1.53599074e-02 3.15920822e-03
-3.74983437e-03 -1.81378319e-03 -1.80225703e-03 6.11062569e-05 7.36423419e-04 -1.12476456e-03 2.71002948e-03 -4.41033905e-03 1.71382481e-03 -1.36555918e-03 1.86691561e-03 1.20367261e-03 2.05185823e-03 -1.34799047e-04 -1.18426059e-03 -2.43548173e-04
-8.08521453e-03 -2.50105280e-02 -2.69135833e-02 -2.07474595e-03 1.01768868e-02 -1.64700616e-02 3.70381251e-02 -6.15970492e-02 2.40292996e-02 -1.92838572e-02 2.62106266e-02 1.70211475e-02 2.89224293e-02 -1.92947907e-03 -1.67219136e-02 -3.43921338e-03
3.53582972e-03 5.09985443e-03 5.49105834e-03 5.24256844e-04 -2.06990470e-03 3.41093051e-03 -7.49306567e-03 1.25133535e-02 -4.90812631e-03 3.95296747e-03 -5.36543690e-03 -3.49018537e-03 -5.92461508e-03 3.97129392e-04 3.42712179e-03 7.04897684e-04
1.44339539e-03 -5.95895723e-02 -6.50205910e-02 -8.06475524e-03 2.40315348e-02 -4.00085635e-02 8.64607841e-02 -1.45164520e-01 5.70330247e-02 -4.60387021e-02 6.24714755e-02 4.06515673e-02 6.89964741e-02 -4.62737028e-03 -3.99157815e-02 -8.21011420e-03
-8.77548009e-03 -9.52174701e-03 -1.00876885e-02 -2.37121247e-04 3.81148327e-03 -6.15903921e-03 1.38525525e-02 -2.31237058e-02 8.96238256e-03 -7.22183241e-03 9.80551820e-03 6.37525320e-03 1.08236931e-02 -7.25056918e-04 -6.26030425e-03 -1.28762133e-03
4.63283528e-03 2.29910910e-02 2.49047130e-02 1.83495355e-03 -9.35056433e-03 1.51954936e-02 -3.40195671e-02 5.67216054e-02 -2.21073646e-02 1.77467298e-02 -2.41394620e-02 -1.56612210e-02 -2.66251247e-02 1.77083258e-03 1.53910881e-02 3.16559453e-03
2.52391258e-03 -5.30939363e-03 -5.88171324e-03 -8.14128260e-04 2.17453414e-03 -3.63650220e-03 7.81071233e-03 -1.31477155e-02 5.16872108e-03 -4.17346600e-03 5.66284871e-03 3.68521316e-03 6.25468977e-03 -4.19508142e-04 -3.61850695e-03 -7.44277029e-04
-5.87133877e-03 7.41256922e-02 8.11693668e-02 1.02663925e-02 -3.00001483e-02 4.99444529e-02 -1.07804462e-01 1.81182608e-01 -7.11842179e-02 5.74663877e-02 -7.79781342e-02 -5.07422090e-02 -8.61229375e-02 5.77601371e-03 4.98238057e-02 1.02480557e-02
-2.77388189e-03 -1.50998132e-02 -1.63144562e-02 -1.33148988e-03 6.12448156e-03 -9.95241012e-03 2.23680027e-02 -3.72704715e-02 1.44720357e-02 -1.16381468e-02 1.58300810e-02 1.02714095e-02 1.74556952e-02 -1.16387010e-03 -1.00913337e-02 -2.07552337e-03
-2.79715676e-02 -4.08060811e-02 -4.37036827e-02 -3.58410436e-03 1.63997468e-02 -2.69964505e-02 5.92032783e-02 -9.88765582e-02 3.87639813e-02 -3.12659703e-02 4.24424820e-02 2.76048724e-02 4.68610451e-02 -3.14033800e-03 -2.71067396e-02 -5.57538820e-03
-9.48876143e-03 -1.19917449e-02 -1.32363075e-02 -1.52703375e-04 5.08151669e-03 -8.06662813e-03 1.89145543e-02 -3.10010687e-02 1.19785517e-02 -9.58567020e-03 1.30853970e-02 8.45254958e-03 1.44034568e-02 -9.46018263e-04 -8.31891503e-03 -1.71113131e-03
-3.15667652e-02 2.60642283e-02 2.92316861e-02 5.68092987e-03 -1.05317207e-02 1.79112609e-02 -3.76215689e-02 6.35090172e-02 -2.50552595e-02 2.02830471e-02 -2.74492912e-02 -1.79197062e-02 -3.03756632e-02 2.05524289e-03 1.75786763e-02 3.61633673e-03
1.51359644e-02 -2.14968883e-02 -2.39334479e-02 -4.06992529e-03 8.79290979e-03 -1.48108145e-02 3.15600336e-02 -5.32106124e-02 2.09471658e-02 -1.69227291e-02 2.29559168e-02 1.49440588e-02 2.53608562e-02 -1.70176243e-03 -1.46730682e-02 -3.01807676e-03
1.63066294e-03 3.18053700e-02 3.44945416e-02 3.81361460e-03 -1.27929607e-02 2.11911108e-02 -4.60690334e-02 7.72551969e-02 -3.02868504e-02 2.44402215e-02 -3.31669152e-02 -2.15796772e-02 -3.66285071e-02 2.45607039e-03 2.11892854e-02 4.35831351e-03
-3.09239458e-02 -7.22478377e-03 -6.26127981e-03 4.64965357e-03 3.13825998e-03 -3.53556778e-03 1.28013398e-02 -1.93789639e-02 7.15886615e-03 -5.42854285e-03 7.80899310e-03 4.74371621e-03 8.32491554e-03 -4.70883213e-04 -4.75859363e-03 -9.78266238e-04
1.45368781e-02 -1.53674297e-02 -1.87125392e-02 -3.50698549e-03 6.61859196e-03 -1.14225894e-02 2.35502645e-02 -3.99260558e-02 1.57633964e-02 -1.27870291e-02 1.72725152e-02 1.13012092e-02 1.91320926e-02 -1.29856193e-03 -1.10805370e-02 -2.27912306e-03
5.44674043e-03 1.62743554e-02 1.77979171e-02 1.48694194e-03 -6.66264724e-03 1.09359622e-02 -2.41644364e-02 4.03033495e-02 -1.57641806e-02 1.26981214e-02 -1.72624700e-02 -1.12112481e-02 -1.90403759e-02 1.27307186e-03 1.10104941e-02 2.26455927e-03
7.92302378e-03 1.28208725e-02 1.34838605e-02 -5.73794125e-04 -5.25023555e-03 8.08213279e-03 -1.95083208e-02 3.22785825e-02 -1.23486146e-02 9.80571937e-03 -1.34735191e-02 -8.63597635e-03 -1.47822946e-02 9.49119974e-04 8.52521788e-03 1.75390474e-03
7.90445972e-03 1.37502486e-02 1.47382841e-02 3.09122959e-04 -5.70357777e-03 8.95213895e-03 -2.14037988e-02 3.56450714e-02 -1.35375522e-02 1.07537145e-02 -1.47036016e-02 -9.47215408e-03 -1.62105095e-02 1.03012507e-03 9.37183481e-03 1.92802167e-03
4.93806712e-02 -9.87202153e-02 -1.09013580e-01 -1.42659666e-02 4.02288213e-02 -6.71427995e-02 1.44627318e-01 -2.43125707e-01 9.55436677e-02 -7.71330371e-02 1.04662865e-01 6.81081191e-02 1.15597323e-01 -7.75282271e-03 -6.68754354e-02 -1.37553383e-02
-2.75259800e-02 -5.06292097e-02 -5.41441813e-02 -1.73560623e-03 2.03530341e-02 -3.31242047e-02 7.34517053e-02 -1.22880176e-01 4.79546487e-02 -3.86198051e-02 5.24263754e-02 3.40936147e-02 5.78900948e-02 -3.87594197e-03 -3.34806889e-02 -6.88625081e-03
9.61872190e-03 5.28971963e-02 5.72096817e-02 6.34595379e-03 -2.13189647e-02 3.52570899e-02 -7.70387501e-02 1.28633291e-01 -5.04158325e-02 4.06580083e-02 -5.52045032e-02 -3.58987190e-02 -6.09338060e-02 4.08545276e-03 3.52493040e-02 7.25023914e-03
-5.58186183e-03 6.19626790e-03 6.91362191e-03 9.38586716e-04 -2.55191163e-03 4.27781790e-03 -9.16125532e-03 1.54505083e-02 -6.07501809e-03 4.90493700e-03 -6.65542297e-03 -4.33104718e-03 -7.35092256e-03 4.93007596e-04 4.25265916e-03 8.74712248e-04
-1.91431493e-04 2.59836633e-02 2.81950813e-02 2.91607203e-03 -1.04647242e-02 1.72146037e-02 -3.77907380e-02 6.31940067e-02 -2.47639529e-02 1.99664105e-02 -2.71073747e-02 -1.76264662e-02 -2.99259815e-02 2.00443226e-03 1.73092168e-02 3.56017752e-03
1.73980871e-03 -8.20848811e-03 -9.03241429e-03 -1.16431410e-03 3.34209064e-03 -5.57387620e-03 1.20159630e-02 -2.01988071e-02 7.93595240e-03 -6.40659127e-03 8.69327877e-03 5.65697439e-03 9.60138347e-03 -6.43937383e-04 -5.55458898e-03 -1.14250067e-03
2.10651439e-02 -1.54163195e-02 -1.78017262e-02 -3.87195637e-03 6.52897079e-03 -1.11562600e-02 2.31324006e-02 -3.91805507e-02 1.56011432e-02 -1.26078892e-02 1.71073284e-02 1.11363465e-02 1.88972168e-02 -1.26850838e-03 -1.09342281e-02 -2.24903622e-03
-5.27848315e-04 1.07630820e-03 1.11186493e-03 -9.39861784e-05 -3.95567797e-04 5.86494571e-04 -1.43056165e-03 2.30606738e-03 -8.92685901e-04 7.13102578e-04 -9.71989997e-04 -6.29028014e-04 -1.06944225e-03 7.12307155e-05 6.17910933e-04 1.27076753e-04
-2.47684517e-03 -4.66391910e-03 -5.02472976e-03 -5.11600112e-04 1.87087141e-03 -3.10130091e-03 6.73251878e-03 -1.12797040e-02 4.43080394e-03 -3.57554178e-03 4.85185813e-03 3.15708923e-03 5.35849202e-03 -3.59361235e-04 -3.09995399e-03 -6.37615856e-04
4.76161670e-03 2.05973699e-03 2.02820031e-03 -4.47006751e-04 -8.41216475e-04 1.17748685e-03 -3.19117517e-03 5.13253361e-03 -1.92224944e-03 1.51369011e-03 -2.08733417e-03 -1.33204716e-03 -2.28215801e-03 1.46621242e-04 1.31368102e-03 2.70130055e-04
-8.30856804e-03 -3.09964437e-02 -3.33821997e-02 -1.95290358e-03 1.25733064e-02 -2.03217100e-02 4.60017957e-02 -7.61096179e-02 2.95657218e-02 -2.37517133e-02 3.22775505e-02 2.09611263e-02 3.56171057e-02 -2.37492798e-03 -2.05943938e-02 -4.23558336e-03
-1.04825653e-03 4.79819765e-03 5.07329497e-03 4.61621297e-04 -1.89424667e-03 3.07922671e-03 -6.85963407e-03 1.14430021e-02 -4.46850620e-03 3.60005954e-03 -4.89207264e-03 -3.17761931e-03 -5.39617008e-03 3.61018872e-04 3.12074809e-03 6.41878461e-04
8.90438166e-03 -6.08691610e-02 -6.66402206e-02 -7.98998587e-03 2.46645827e-02 -4.10434008e-02 8.86663869e-02 -1.48979336e-01 5.85088283e-02 -4.72261943e-02 6.40842319e-02 4.16998565e-02 7.07763806e-02 -4.74661635e-03 -4.09451798e-02 -8.42183921e-03
1.57973170e-02 2.47178990e-02 2.65469607e-02 4.24082158e-04 -1.02045350e-02 1.60370264e-02 -3.77956517e-02 6.34534955e-02 -2.42257360e-02 1.92140304e-02 -2.62523703e-02 -1.69414785e-02 -2.89758053e-02 1.84046058e-03 1.67237595e-02 3.44357896e-03
-9.89892520e-03 -2.51434427e-02 -2.68533211e-02 -1.60522957e-03 1.01373522e-02 -1.60617288e-02 3.72078344e-02 -6.17906228e-02 2.38557383e-02 -1.91248506e-02 2.60480102e-02 1.68709662e-02 2.86812223e-02 -1.90799811e-03 -1.65795106e-02 -3.40972026e-03
-4.02658209e-02 -6.37571290e-02 -6.87663928e-02 -2.29007471e-03 2.63128430e-02 -4.11380306e-02 9.79826078e-02 -1.60492197e-01 6.18758984e-02 -4.95355017e-02 6.75875917e-02 4.36203480e-02 7.43424073e-02 -4.87916032e-03 -4.29745540e-02 -8.83566029e-03
4.17657662e-03 -3.70294526e-02 -4.04866375e-02 -4.80960822e-03 1.49688721e-02 -2.48917136e-02 5.37919216e-02 -9.03834552e-02 3.55021432e-02 -2.86590420e-02 3.88882235e-02 2.53053643e-02 4.29500267e-02 -2.88049621e-03 -2.48473696e-02 -5.11075137e-03
-1.31898606e-02 3.89524251e-02 4.28505391e-02 5.29662147e-03 -1.58286262e-02 2.63640899e-02 -5.69083244e-02 9.56280977e-02 -3.75727378e-02 3.03307492e-02 -4.11569327e-02 -2.67815962e-02 -4.54556271e-02 3.04852938e-03 2.62968950e-02 5.40889893e-03
-2.49633659e-02 9.68993381e-02 1.05738752e-01 1.36150280e-02 -3.90304066e-02 6.50715455e-02 -1.40312210e-01 2.35810161e-01 -9.26508829e-02 7.47964606e-02 -1.01493075e-01 -6.60447627e-02 -1.12095363e-01 7.51793571e-03 6.48494065e-02 1.33386124e-02
-4.46387753e-03 3.95168317e-03 4.30884492e-03 5.50543074e-04 -1.58546318e-03 2.64222617e-03 -5.70103293e-03 9.57772695e-03 -3.76303820e-03 3.03779403e-03 -4.12206212e-03 -2.68234918e-03 -4.55265446e-03 3.05333990e-04 2.63380073e-03 5.41735732e-04
-3.93768959e-03 -9.62285232e-03 -1.06466617e-02 -1.43697252e-04 4.05343901e-03 -6.36558793e-03 1.49663473e-02 -2.46369950e-02 9.57782660e-03 -7.64343841e-03 1.04639586e-02 6.73753582e-03 1.15006892e-02 -7.50122475e-04 -6.63976930e-03 -1.36568258e-03
8.69665481e-03 9.68222693e-03 1.02503672e-02 4.80590446e-04 -3.86331906e-03 6.23885030e-03 -1.40713332e-02 2.34186947e-02 -9.12847370e-03 7.33893923e-03 -9.97622684e-03 -6.47768332e-03 -1.10013885e-02 7.35879526e-04 6.36169035e-03 1.30844605e-03
5.39903156e-03 2.64961738e-03 2.69378908e-03 -1.57729082e-05 -1.10418024e-03 1.75770873e-03 -4.01087571e-03 6.66736113e-03 -2.58833356e-03 2.07939302e-03 -2.83100037e-03 -1.83467532e-03 -3.11866566e-03 2.07763645e-04 1.80255808e-03 3.70732945e-04
1.32529065e-03 3.09492443e-02 3.35113779e-02 2.77522253e-03 -1.24330921e-02 2.04697307e-02 -4.47796360e-02 7.49924779e-02 -2.93729473e-02 2.36911587e-02 -3.21549885e-02 -2.09168755e-02 -3.55041102e-02 2.38019507e-03 2.05387287e-02 4.22447873e-03
-5.62381325e-03 2.14991830e-02 2.40472034e-02 2.40412191e-03 -8.81614909e-03 1.44245178e-02 -3.20015438e-02 5.37201129e-02 -2.09098738e-02 1.68154091e-02 -2.29065251e-02 -1.48395803e-02 -2.52317078e-02 1.67663663e-03 1.45880720e-02 3.00088036e-03
8.14225757e-04 9.67001729e-03 1.05563663e-02 1.05600990e-03 -3.92265990e-03 6.49441453e-03 -1.41323786e-02 2.36999057e-02 -9.29490011e-03 7.49761332e-03 -1.01774596e-02 -6.61956472e-03 -1.12370998e-02 7.53075874e-04 6.50010165e-03 1.33696210e-03
1.08607882e-03 -1.16679724e-02 -1.26673747e-02 -1.27829821e-03 4.70852153e-03 -7.77131272e-03 1.69731975e-02 -2.84015965e-02 1.11311134e-02 -8.97425413e-03 1.21835768e-02 7.92301726e-03 1.34504950e-02 -9.01204592e-04 -7.78019801e-03 -1.60024629e-03
-1.16066625e-02 -3.71435769e-02 -3.93581577e-02 -3.62937804e-03 1.47287613e-02 -2.40691230e-02 5.33811711e-02 -8.88549462e-02 3.47423553e-02 -2.79813092e-02 3.80136445e-02 2.47042086e-02 4.19367515e-02 -2.81072129e-03 -2.42577270e-02 -4.98940097e-03
-1.02001373e-02 3.50454412e-02 3.85332853e-02 4.94310120e-03 -1.42239258e-02 2.37049907e-02 -5.11391573e-02 8.59343335e-02 -3.37642990e-02 2.72573531e-02 -3.69863324e-02 -2.40680240e-02 -4.08497974e-02 2.73968093e-03 2.36324091e-02 4.86085424e-03
2.37449445e-03 4.76859789e-03 5.06099313e-03 1.69239182e-04 -1.93901220e-03 3.07219918e-03 -7.13052880e-03 1.17507037e-02 -4.55729663e-03 3.65121593e-03 -4.97687794e-03 -3.22064036e-03 -5.47915092e-03 3.63554282e-04 3.16574285e-03 6.51082606e-04
6.41530380e-03 5.09133078e-02 5.49099892e-02 6.04381040e-03 -2.04712581e-02 3.35178748e-02 -7.40068182e-02 1.23573370e-01 -4.84053567e-02 3.90087962e-02 -5.29921316e-02 -3.44378017e-02 -5.84643073e-02 3.91757023e-03 3.38152833e-02 6.95531862e-03
2.46886723e-03 3.25667746e-02 3.51820625e-02 3.64327198e-03 -1.31322900e-02 2.15540212e-02 -4.74848561e-02 7.93964341e-02 -3.10776271e-02 2.50400770e-02 -3.40063050e-02 -2.21058130e-02 -3.75382788e-02 2.51202355e-03 2.17095818e-02 4.46521025e-03
-8.96769390e-03 -6.28923178e-02 -6.77950680e-02 -5.97481988e-03 2.52424404e-02 -4.14813571e-02 9.15881842e-02 -1.52714252e-01 5.96430674e-02 -4.80877273e-02 6.53033182e-02 4.24533784e-02 7.20726848e-02 -4.82883118e-03 -4.16875966e-02 -8.57441220e-03
3.54458857e-03 7.51488796e-03 8.05112813e-03 5.94908954e-04 -3.05212056e-03 4.96022496e-03 -1.10603189e-02 1.84172764e-02 -7.20105320e-03 5.79890423e-03 -7.88053870e-03 -5.11842780e-03 -8.69336072e-03 5.81302273e-04 5.02705341e-03 1.03394722e-03
-2.98579205e-02 9.98551585e-03 1.20737916e-02 3.51483282e-03 -4.04094253e-03 7.37350294e-03 -1.41057232e-02 2.43003163e-02 -9.87243094e-03 8.05405620e-03 -1.08516430e-02 -7.12071452e-03 -1.20422412e-02 8.18610191e-04 6.98279776e-03 1.43642491e-03
1.50689855e-04 2.17749737e-02 2.37071924e-02 2.44725845e-03 -8.80798977e-03 1.45487180e-02 -3.18201594e-02 5.32078072e-02 -2.08469126e-02 1.68171637e-02 -2.28313915e-02 -1.48474444e-02 -2.52039507e-02 1.68937235e-03 1.45793566e-02 2.99872458e-03
9.04590264e-03 4.60359491e-02 4.99708652e-02 4.87883855e-03 -1.85093973e-02 3.06278579e-02 -6.66687042e-02 1.11777842e-01 -4.38833907e-02 3.54121961e-02 -4.80674654e-02 -3.12671512e-02 -5.30739687e-02 3.55844176e-03 3.07016205e-02 6.31492259e-03
4.81650839e-03 -4.04616538e-03 -4.59668087e-03 -1.43422303e-03 1.62658165e-03 -3.05145560e-03 5.40024880e-03 -9.52951238e-03 3.89872445e-03 -3.23241740e-03 4.27741418e-03 2.86617666e-03 4.78182035e-03 -3.48940521e-04 -2.78259628e-03 -5.71642071e-04
-3.93635361e-03 3.56645929e-03 3.82623705e-03 4.45216749e-04 -1.38162053e-03 2.26925197e-03 -5.03235217e-03 8.37522931e-03 -3.27515975e-03 2.63384893e-03 -3.58502544e-03 -2.32446520e-03 -3.95195838e-03 2.62825459e-04 2.28446978e-03 4.69888881e-04
-7.77744502e-03 -2.69821733e-02 -2.89243087e-02 -2.02978100e-03 1.09572392e-02 -1.77270658e-02 3.98514420e-02 -6.62114471e-02 2.58799158e-02 -2.07881182e-02 2.82743480e-02 1.83448736e-02 3.11888624e-02 -2.07766937e-03 -1.80262271e-02 -3.70718585e-03
6.40710990e-04 -2.05574255e-03 -2.29195133e-03 -3.90099827e-04 8.49325210e-04 -1.43929338e-03 3.05423536e-03 -5.16110193e-03 2.03075632e-03 -1.64198398e-03 2.22686538e-03 1.45015202e-03 2.46071699e-03 -1.65195146e-04 -1.42381736e-03 -2.92865763e-04
-2.99499985e-02 -6.32944629e-02 -6.88012913e-02 -5.48222847e-03 2.57597398e-02 -4.20247093e-02 9.38344002e-02 -1.55834332e-01 6.08480200e-02 -4.89856005e-02 6.65879920e-02 4.32351418e-02 7.34308437e-02 -4.90855658e-03 -4.24651429e-02 -8.73426907e-03
-2.30375063e-02 5.31305047e-03 6.48704637e-03 1.51724601e-03 -2.32791039e-03 4.09811176e-03 -8.31399113e-03 1.43006733e-02 -5.68822585e-03 4.59872419e-03 -6.23779977e-03 -4.06120298e-03 -6.89248741e-03 4.62368043e-04 3.98768857e-03 8.20216897e-04
8.82968120e-03 8.36466067e-03 8.70602950e-03 1.39200361e-04 -3.43902851e-03 5.32625569e-03 -1.27884764e-02 2.08490472e-02 -8.09681881e-03 6.43019332e-03 -8.81210528e-03 -5.66795422e-03 -9.68558155e-03 6.28009206e-04 5.58769517e-03 1.14933576e-03
1.80293468e-03 -5.73333027e-03 -6.37383899e-03 -7.95129978e-04 2.34574312e-03 -3.90243880e-03 8.44351109e-03 -1.41846752e-02 5.56929084e-03 -4.49271966e-03 6.09838823e-03 3.96675663e-03 6.73465012e-03 -4.50978958e-04 -3.89567693e-03 -8.01279384e-04
2.81331874e-03 2.64329687e-02 2.86940653e-02 2.28437455e-03 -1.06531316e-02 1.74638033e-02 -3.84300649e-02 6.43651858e-02 -2.51921304e-02 2.03079917e-02 -2.75873374e-02 -1.79269593e-02 -3.04401871e-02 2.03730981e-03 1.76054705e-02 3.62110091e-03
-2.53727380e-03 -4.08302285e-02 -4.43231240e-02 -5.28082345e-03 1.64877065e-02 -2.73089297e-02 5.92595451e-02 -9.94290709e-02 3.90124805e-02 -3.14842276e-02 4.27272134e-02 2.77993791e-02 4.71844487e-02 -3.16414982e-03 -2.72963475e-02 -5.61445858e-03
6.74454588e-03 1.34628974e-02 1.43399704e-02 7.14289723e-04 -5.47213992e-03 8.77779722e-03 -2.00012121e-02 3.32244411e-02 -1.29245743e-02 1.03640361e-02 -1.41140800e-02 -9.14358161e-03 -1.55537771e-02 1.03235769e-03 8.98735225e-03 1.84845726e-03
9.02833324e-03 2.94670295e-02 3.15241143e-02 1.84890372e-03 -1.18597969e-02 1.92201529e-02 -4.29329164e-02 7.14714006e-02 -2.79740449e-02 2.24866699e-02 -3.05772219e-02 -1.98455565e-02 -3.37220021e-02 2.24945531e-03 1.94961280e-02 4.00977209e-03
-2.18869634e-02 9.51891206e-03 1.09371319e-02 2.65688868e-03 -3.95801291e-03 6.81298226e-03 -1.40506439e-02 2.39181146e-02 -9.50701535e-03 7.69564090e-03 -1.04324268e-02 -6.79771416e-03 -1.15321642e-02 7.74992572e-04 6.67372532e-03 1.37274771e-03
4.01810557e-03 1.64784994e-02 1.77076627e-02 1.38380821e-03 -6.67217141e-03 1.08393263e-02 -2.42979266e-02 4.03450429e-02 -1.57436803e-02 1.26717892e-02 -1.72106046e-02 -1.11854356e-02 -1.89946629e-02 1.27111771e-03 1.09850699e-02 2.25936179e-03
1.50827663e-02 -2.47361511e-02 -2.73257904e-02 -3.28348461e-03 1.00037381e-02 -1.65904351e-02 3.59946191e-02 -6.03808202e-02 2.37222575e-02 -1.91373695e-02 2.59726476e-02 1.68970656e-02 2.86821052e-02 -1.92272337e-03 -1.65917892e-02 -3.41266277e-03
6.44749217e-03 2.00355332e-02 2.15359069e-02 1.76846620e-03 -8.05683248e-03 1.31684495e-02 -2.91082617e-02 4.86024171e-02 -1.89883802e-02 1.52997775e-02 -2.07779910e-02 -1.35056470e-02 -2.29327902e-02 1.53513916e-03 1.32630588e-02 2.72792671e-03
-1.05363606e-02 2.99563948e-02 3.29411514e-02 4.23557032e-03 -1.21692279e-02 2.02935617e-02 -4.37564850e-02 7.35363960e-02 -2.88940798e-02 2.33258996e-02 -3.16515341e-02 -2.05966048e-02 -3.49578783e-02 2.34452891e-03 2.02238224e-02 4.15975554e-03
-9.07974970e-03 -1.16245430e-02 -1.26281185e-02 -1.34559569e-03 4.69198870e-03 -7.76563771e-03 1.68744270e-02 -2.82993559e-02 1.11124013e-02 -8.96722451e-03 1.21703530e-02 7.91753642e-03 1.34388115e-02 -9.01140098e-04 -7.77429622e-03 -1.59905571e-03
-1.47643136e-02 -2.90253330e-02 -3.14873382e-02 -9.09897499e-04 1.21524613e-02 -1.92930792e-02 4.46903072e-02 -7.39194378e-02 2.85237916e-02 -2.28910074e-02 3.13322619e-02 2.01889835e-02 3.43935229e-02 -2.26454600e-03 -1.98685750e-02 -4.08636313e-03
-1.33428834e-02 -2.07193885e-02 -2.19752043e-02 1.43622118e-03 8.60931631e-03 -1.30273104e-02 3.24511752e-02 -5.32862917e-02 2.01942567e-02 -1.60161052e-02 2.19634287e-02 1.41109060e-02 2.41362508e-02 -1.55035197e-03 -1.39303487e-02 -2.86599016e-03
7.65324757e-03 1.48389209e-02 1.58370230e-02 9.95798968e-04 -5.98661369e-03 9.65219084e-03 -2.18443926e-02 3.61809656e-02 -1.41326487e-02 1.13489805e-02 -1.54672507e-02 -1.00148628e-02 -1.70299783e-02 1.13242248e-03 9.84179787e-03 2.02419655e-03
2.67680804e-03 6.07875781e-03 6.40341965e-03 3.19114130e-04 -2.44343653e-03 3.88514088e-03 -8.94020218e-03 1.47990575e-02 -5.75630227e-03 4.60836943e-03 -6.29360043e-03 -4.06482955e-03 -6.91998843e-03 4.57024580e-04 3.99780646e-03 8.22259637e-04
-1.24521069e-02 -1.13697182e-02 -1.21527677e-02 -1.06054195e-03 4.73518390e-03 -7.75885256e-03 1.70650817e-02 -2.85520367e-02 1.11991744e-02 -9.02871229e-03 1.22599248e-02 7.97106139e-03 1.35334302e-02 -9.06223082e-04 -7.82804098e-03 -1.61008502e-03
-7.58260954e-03 -2.04982143e-02 -2.20832359e-02 -1.98956439e-03 8.28894600e-03 -1.35796303e-02 3.00656557e-02 -5.01527563e-02 1.96248032e-02 -1.57957673e-02 2.14728583e-02 1.39435073e-02 2.36852057e-02 -1.58279564e-03 -1.36954868e-02 -2.81683612e-03
2.41772179e-02 1.97632723e-02 2.07400415e-02 1.50119769e-03 -7.94956367e-03 1.28830206e-02 -2.89545376e-02 4.81317937e-02 -1.87248662e-02 1.50493365e-02 -2.04366948e-02 -1.32864621e-02 -2.25620847e-02 1.50999764e-03 1.30476113e-02 2.68360251e-03
9.83009115e-04 4.21907715e-02 4.57298793e-02 5.46811102e-03 -1.69292204e-02 2.81194262e-02 -6.09321408e-02 1.02203622e-01 -4.01293822e-02 3.23901847e-02 -4.39544283e-02 -2.85996385e-02 -4.85413857e-02 3.25544202e-03 2.80819442e-02 5.77605609e-03
-8.67943745e-04 7.85900839e-03 8.62534251e-03 1.04090862e-03 -3.20362370e-03 5.33071952e-03 -1.15250368e-02 1.93547048e-02 -7.60117266e-03 6.13503717e-03 -8.32565501e-03 -5.41703822e-03 -9.19455290e-03 6.16537058e-04 5.31906588e-03 1.09405315e-03
2.01722756e-02 1.79726593e-02 1.84661821e-02 -4.46210708e-03 -7.72411888e-03 1.03109786e-02 -3.11203841e-02 5.10824434e-02 -1.83867849e-02 1.41674560e-02 -1.99714433e-02 -1.24010704e-02 -2.18148250e-02 1.18020165e-03 1.25994403e-02 2.59413733e-03
-1.85996182e-02 -2.25589406e-02 -2.28276383e-02 3.59767396e-03 9.30985902e-03 -1.39653543e-02 3.61056142e-02 -5.72895594e-02 2.19535809e-02 -1.72424167e-02 2.41673756e-02 1.51689276e-02 2.62379665e-02 -1.51694089e-03 -1.52149163e-02 -3.13667255e-03
1.21019557e-02 -4.44714688e-02 -4.84238528e-02 -5.37017779e-03 1.79028716e-02 -2.97120325e-02 6.43681437e-02 -1.08076096e-01 4.24313918e-02 -3.42331044e-02 4.64582071e-02 3.02262399e-02 5.13057820e-02 -3.43984552e-03 -2.96796933e-02 -6.10465184e-03
-4.95353015e-04 -1.05510536e-03 -1.24991685e-03 -2.60716828e-04 4.60411364e-04 -8.10610072e-04 1.62085739e-03 -2.73163267e-03 1.11096422e-03 -9.00639920e-04 1.21830020e-03 7.95960892e-04 1.34897185e-03 -9.10390954e-05 -7.81162293e-04 -1.60688156e-04
1.82597246e-03 -2.95046698e-02 -3.20927128e-02 -3.56623041e-03 1.18854390e-02 -1.96795091e-02 4.28008772e-02 -7.17371330e-02 2.81627346e-02 -2.27234103e-02 3.08412984e-02 2.00635362e-02 3.40549648e-02 -2.28347443e-03 -1.97005849e-02 -4.05211095e-03
5.08003123e-03 -5.39670251e-02 -5.89511916e-02 -6.54002698e-03 2.17931326e-02 -3.61706764e-02 7.84394890e-02 -1.31675795e-01 5.16751409e-02 -4.16892692e-02 5.65849617e-02 3.68093848e-02 6.24804683e-02 -4.18887800e-03 -3.61439437e-02 -7.43423495e-03
4.96902410e-03 1.43916411e-02 1.59580167e-02 8.49946751e-04 -6.11022674e-03 9.84724425e-03 -2.23668031e-02 3.71914245e-02 -1.44749843e-02 1.16105443e-02 -1.58456806e-02 -1.02427732e-02 -1.74557231e-02 1.14798953e-03 1.00823278e-02 2.07423349e-03
1.48671027e-03 -2.30165217e-02 -2.50687022e-02 -2.87399278e-03 9.27559659e-03 -1.54023711e-02 3.33987400e-02 -5.60492128e-02 2.19939519e-02 -1.77498441e-02 2.40883920e-02 1.56724676e-02 2.66011506e-02 -1.78384897e-03 -1.53888799e-02 -3.16526624e-03
1.39903007e-02 -3.06853559e-02 -3.37731130e-02 -4.36633267e-03 1.24689396e-02 -2.07937881e-02 4.48273681e-02 -7.53470361e-02 2.96062585e-02 -2.39008069e-02 3.24316099e-02 2.11042482e-02 3.58194746e-02 -2.40231468e-03 -2.07222812e-02 -4.26228158e-03
2.96457335e-02 -8.19549784e-02 -8.99205804e-02 -1.14669539e-02 3.32046263e-02 -5.53266481e-02 1.19363621e-01 -2.00603187e-01 7.88240731e-02 -6.36335239e-02 8.63464326e-02 5.61878420e-02 9.53656286e-02 -6.39590295e-03 -5.51708862e-02 -1.13478750e-02
1.68296359e-02 -3.93819585e-02 -4.36636209e-02 -5.90859121e-03 1.60797741e-02 -2.68945564e-02 5.78160137e-02 -9.72239599e-02 3.82133611e-02 -3.08558121e-02 4.18664142e-02 2.72463784e-02 4.62427549e-02 -3.10188532e-03 -2.67528705e-02 -5.50270872e-03
2.51851603e-03 -3.28130946e-02 -3.59498560e-02 -3.67425848e-03 1.33044329e-02 -2.21445672e-02 4.78405133e-02 -8.03765878e-02 3.15645896e-02 -2.54760906e-02 3.45701613e-02 2.24948879e-02 3.81802097e-02 -2.56051496e-03 -2.20877789e-02 -4.54313913e-03
-6.46435842e-03 -3.00595295e-02 -3.24983709e-02 -2.96549685e-03 1.20955594e-02 -1.99878458e-02 4.37197760e-02 -7.28895590e-02 2.86092851e-02 -2.30691712e-02 3.13067734e-02 2.03691255e-02 3.45733948e-02 -2.31841067e-03 -2.00005900e-02 -4.11382085e-03
6.71257032e-03 -1.81973781e-02 -2.02063881e-02 -2.94679310e-03 7.46899098e-03 -1.24866748e-02 2.68674120e-02 -4.51976247e-02 1.77617148e-02 -1.43403076e-02 1.94581244e-02 1.26624927e-02 2.14914307e-02 -1.44141132e-03 -1.24333063e-02 -2.55735777e-03
-2.06662575e-03 -1.70445256e-02 -1.84225664e-02 -1.67249725e-03 6.84924144e-03 -1.12528214e-02 2.47166809e-02 -4.13907766e-02 1.61768198e-02 -1.30525520e-02 1.77170765e-02 1.15228547e-02 1.95598900e-02 -1.31120742e-03 -1.13145616e-02 -2.32722866e-03
2.03927280e-03 2.00683959e-02 2.16778666e-02 2.08189734e-03 -8.09784979e-03 1.32944919e-02 -2.93105226e-02 4.89379540e-02 -1.91584397e-02 1.54446242e-02 -2.09691469e-02 -1.36351269e-02 -2.31480394e-02 1.55094976e-03 1.33892279e-02 2.75391922e-03
-1.84196979e-04 -3.26460861e-02 -3.55893523e-02 -3.63300298e-03 1.33005213e-02 -2.19595358e-02 4.79020700e-02 -8.02190676e-02 3.14836875e-02 -2.53807101e-02 3.44617590e-02 2.24071573e-02 3.80435474e-02 -2.54754187e-03 -2.20047440e-02 -4.52593947e-03
2.03528050e-02 -5.49263917e-02 -6.02638721e-02 -7.68595142e-03 2.22446714e-02 -3.70594338e-02 7.99739510e-02 -1.34420350e-01 5.27975038e-02 -4.26217690e-02 5.78352213e-02 3.76346111e-02 6.38759807e-02 -4.28395392e-03 -3.69534679e-02 -7.60080665e-03
-7.08931359e-03 1.79821663e-02 1.98740214e-02 2.68130098e-03 -7.33259320e-03 1.22450562e-02 -2.63569634e-02 4.43200842e-02 -1.74179543e-02 1.40626244e-02 -1.90817267e-02 -1.24173863e-02 -2.10753214e-02 1.41354359e-03 1.21925883e-02 2.50784750e-03
9.40038823e-04 3.12340874e-02 3.38449441e-02 3.25557217e-03 -1.25490157e-02 2.07350459e-02 -4.53587659e-02 7.57549629e-02 -2.97333095e-02 2.39794441e-02 -3.25525701e-02 -2.11712345e-02 -3.59373726e-02 2.40899087e-03 2.07886901e-02 4.27589286e-03
-3.49403638e-03 4.55522649e-02 4.99100499e-02 6.25002384e-03 -1.84532218e-02 3.07440460e-02 -6.63336590e-02 1.11471213e-01 -4.37959470e-02 3.53556387e-02 -4.79749925e-02 -3.12187281e-02 -5.29864505e-02 3.55364988e-03 3.06536965e-02 6.30503334e-03
6.96849264e-03 -5.20757027e-02 -5.70267439e-02 -6.62727701e-03 2.11175047e-02 -3.49243991e-02 7.59690180e-02 -1.27440125e-01 4.99847941e-02 -4.03382406e-02 5.47442958e-02 3.56166251e-02 6.04533702e-02 -4.05375799e-03 -3.49723510e-02 -7.19328318e-03
1.74296973e-03 7.85102323e-03 8.43999814e-03 3.24454741e-04 -3.22800362e-03 5.08148829e-03 -1.19728837e-02 1.98913403e-02 -7.62958825e-03 6.07368210e-03 -8.31438508e-03 -5.35190012e-03 -9.17336438e-03 5.85944392e-04 5.28701721e-03 1.08823052e-03
-4.87674121e-03 7.94428866e-03 8.50196183e-03 4.09486936e-04 -3.10596661e-03 4.99819918e-03 -1.12704849e-02 1.87891070e-02 -7.29388651e-03 5.87418023e-03 -7.98177999e-03 -5.18505601e-03 -8.80408660e-03 5.89437725e-04 5.09171700e-03 1.04725431e-03
-2.88789067e-03 -3.33585590e-03 -3.55907343e-03 -1.67935650e-04 1.35586062e-03 -2.21457984e-03 4.91456734e-03 -8.19192547e-03 3.20054800e-03 -2.57425359e-03 3.49970255e-03 2.27219681e-03 3.85975698e-03 -2.57897220e-04 -2.23183678e-03 -4.59031697e-04
1.12405280e-03 -1.48690669e-02 -1.61693189e-02 -1.57131394e-03 6.00724388e-03 -9.88624524e-03 2.16512661e-02 -3.62390988e-02 1.42108640e-02 -1.14551922e-02 1.55546442e-02 1.01130623e-02 1.71693657e-02 -1.15011039e-03 -9.93093289e-03 -2.04260857e-03
-9.92415473e-04 6.14042133e-02 6.68777451e-02 7.49754254e-03 -2.47693677e-02 4.11384553e-02 -8.90705809e-02 1.49625480e-01 -5.87246232e-02 4.73949499e-02 -6.43161312e-02 -4.18480895e-02 -7.10290223e-02 4.76327585e-03 4.10908349e-02 8.45178682e-03
-7.57884607e-03 1.25764124e-03 1.59543357e-03 8.71038123e-04 -4.36138420e-04 8.50642216e-04 -1.49728102e-03 2.63399631e-03 -1.07151794e-03 8.76868260e-04 -1.17756904e-03 -7.76545668e-04 -1.30934105e-03 9.06184869e-05 7.59833783e-04 1.56277223e-04
-2.12830734e-02 -4.56464291e-02 -4.90236804e-02 -4.03507333e-03 1.84423774e-02 -3.03170085e-02 6.65214211e-02 -1.11434236e-01 4.36523668e-02 -3.51685546e-02 4.77685928e-02 3.10456995e-02 5.27140275e-02 -3.52873746e-03 -3.04884780e-02 -6.27083657e-03
9.97242704e-03 3.17615122e-02 3.41578163e-02 3.51335132e-03 -1.27713401e-02 2.08968520e-02 -4.59925383e-02 7.70666078e-02 -3.01238969e-02 2.42919344e-02 -3.29798646e-02 -2.14462709e-02 -3.64059918e-02 2.44005094e-03 2.10588742e-02 4.33144672e-03
-6.71630492e-03 3.17571051e-02 3.46446596e-02 3.68370861e-03 -1.28363026e-02 2.12269742e-02 -4.61724550e-02 7.73552731e-02 -3.03579532e-02 2.44871825e-02 -3.32361795e-02 -2.16207802e-02 -3.67000140e-02 2.46038754e-03 2.12299693e-02 4.36666375e-03
3.36767780e-03 9.19694453e-03 9.96455364e-03 8.97537626e-04 -3.71893472e-03 6.13184506e-03 -1.34531753e-02 2.24690214e-02 -8.79414380e-03 7.08844373e-03 -9.62157920e-03 -6.25856360e-03 -1.06238872e-02 7.12110254e-04 6.14544190e-03 1.26402068e-03
2.58422876e-03 2.05570199e-02 2.18105968e-02 1.00679521e-03 -8.15576408e-03 1.31574301e-02 -2.93866713e-02 4.90087084e-02 -1.91152524e-02 1.54095693e-02 -2.09243204e-02 -1.36010414e-02 -2.30905507e-02 1.54676812e-03 1.33558400e-02 2.74702790e-03
