8.93498212e-03 1.01513499e-02 1.19130919e-03 -1.16911950e-02 2.91269436e-03 1.56347465e-03 -2.90841702e-02 5.80910407e-02 2.36013276e-03 1.32184550e-02 -2.62491945e-02 -7.39142066e-03 -1.28122438e-02 -8.26978416e-04 2.22881436e-02 1.09266527e-02
5.64027950e-03 6.52867835e-03 4.38708812e-04 -7.36956298e-03 1.88567571e-03 9.71667876e-04 -1.86960772e-02 3.75482701e-02 1.54001778e-03 8.56413413e-03 -1.70023143e-02 -4.78343759e-03 -8.30419548e-03 -5.36564039e-04 1.44495638e-02 7.08433893e-03
3.86978826e-03 4.41235909e-03 4.43837693e-04 -5.20442193e-03 1.22557126e-03 6.82303624e-04 -1.22859133e-02 2.46065315e-02 9.88320913e-04 5.56940539e-03 -1.10342884e-02 -3.11035267e-03 -5.38365263e-03 -3.46621615e-04 9.36041772e-03 4.58817417e-03
-1.16911661e-02 -1.32672256e-02 -6.23906846e-04 1.62989702e-02 -4.19996260e-03 -2.14401633e-03 4.14164029e-02 -8.34898800e-02 -3.45326634e-03 -1.90398693e-02 3.78740057e-02 1.06492396e-02 1.85058322e-02 1.19699852e-03 -3.22086960e-02 -1.57924928e-02
4.06911736e-03 4.79259202e-03 1.64907746e-04 -5.79758640e-03 1.47654372e-03 7.94888474e-04 -1.45373885e-02 2.93905903e-02 1.21067965e-03 6.69524632e-03 -1.32949054e-02 -3.73980403e-03 -6.49771979e-03 -4.20153898e-04 1.13086179e-02 5.54469274e-03
-1.56331237e-03 -2.00797990e-03 -3.04945483e-04 2.16587074e-03 -5.17818436e-04 -3.06966685e-04 5.21777617e-03 -1.04197105e-02 -4.15960501e-04 -2.35394598e-03 4.65992140e-03 1.31478591e-03 2.27303104e-03 1.46114558e-04 -3.95088224e-03 -1.93641987e-03
-1.19136809e-03 -1.60038285e-03 -6.99698983e-04 1.46130845e-03 -3.17902915e-04 -2.50606623e-04 3.16529255e-03 -6.17156830e-03 -2.23484487e-04 -1.40437111e-03 2.72481958e-03 7.79169262e-04 1.31458114e-03 8.13573934e-05 -2.27633934e-03 -1.11197156e-03
-4.28894022e-03 -5.21422271e-03 -8.03193427e-04 5.96488547e-03 -1.39398267e-03 -7.94224616e-04 1.39495498e-02 -2.77797785e-02 -1.11892831e-03 -6.33303821e-03 1.25303436e-02 3.53455776e-03 6.10980997e-03 3.92786198e-04 -1.06205400e-02 -5.20516234e-03
1.26518421e-02 1.44837331e-02 1.99053437e-03 -1.51559711e-02 3.73728061e-03 2.07924657e-03 -3.71968970e-02 7.46019781e-02 3.02675203e-03 1.70515645e-02 -3.38071249e-02 -9.51994304e-03 -1.64755806e-02 -1.06034987e-03 2.86436230e-02 1.40405558e-02
-4.52248566e-03 -5.35210501e-03 -5.38325752e-04 6.14015386e-03 -1.59302051e-03 -8.42500478e-04 1.58588700e-02 -3.20113599e-02 -1.30141154e-03 -7.20724184e-03 1.43312886e-02 4.03280742e-03 7.00147729e-03 4.52503446e-04 -1.21831419e-02 -5.97325712e-03
5.93135366e-03 7.25438818e-03 5.60539891e-04 -8.18049721e-03 2.04426260e-03 1.09862909e-03 -2.02716775e-02 4.08206396e-02 1.66641583e-03 9.26221535e-03 -1.83870103e-02 -5.17397234e-03 -8.97791423e-03 -5.79765765e-04 1.56192249e-02 7.65760755e-03
9.63261910e-03 1.06110768e-02 8.50397046e-04 -1.24359382e-02 3.15286475e-03 1.62607257e-03 -3.12464572e-02 6.27897084e-02 2.57852394e-03 1.42892702e-02 -2.84117591e-02 -7.99737033e-03 -1.38782924e-02 -8.96571146e-04 2.41483003e-02 1.18393404e-02
-1.72477495e-03 -1.85623742e-03 -2.05688091e-04 2.08202004e-03 -5.31800790e-04 -2.82692665e-04 5.26740402e-03 -1.05775502e-02 -4.33248293e-04 -2.41258624e-03 4.79058037e-03 1.34901924e-03 2.33898405e-03 1.50977066e-04 -4.06901026e-03 -1.99483149e-03
-9.94168688e-03 -1.17174294e-02 -1.37221476e-03 1.32009629e-02 -3.34787299e-03 -1.80508208e-03 3.32972147e-02 -6.68559894e-02 -2.71386583e-03 -1.51479589e-02 3.00992522e-02 8.47568829e-03 1.47026693e-02 9.49349313e-04 -2.55795084e-02 -1.25404885e-02
9.10867937e-03 1.02300616e-02 6.02518325e-04 -1.24695776e-02 3.27085680e-03 1.64934481e-03 -3.22358832e-02 6.50101304e-02 2.68908404e-03 1.48284305e-02 -2.95139495e-02 -8.29947554e-03 -1.44256810e-02 -9.33344534e-04 2.51090992e-02 1.23116514e-02
-2.92814188e-02 -3.42243835e-02 1.49522442e-04 4.12484817e-02 -1.10429432e-02 -5.44474740e-03 1.08402714e-01 -2.19044060e-01 -9.11184493e-03 -5.00695296e-02 9.96728316e-02 2.80248821e-02 4.87225577e-02 3.15291877e-03 -8.48109722e-02 -4.15855758e-02
-4.85370588e-03 -5.62154036e-03 1.42176432e-04 7.25111458e-03 -1.87419017e-03 -9.51946888e-04 1.84714925e-02 -3.73325832e-02 -1.54286344e-03 -8.49374384e-03 1.69013906e-02 4.75251721e-03 8.26057047e-03 5.34442137e-04 -1.43781127e-02 -7.04996148e-03
8.19297228e-03 9.47718229e-03 8.11072765e-04 -1.06530096e-02 2.66964338e-03 1.42012315e-03 -2.65094414e-02 5.33419698e-02 2.16492196e-03 1.20952651e-02 -2.40132734e-02 -6.76109595e-03 -1.17259640e-02 -7.56478868e-04 2.03980710e-02 9.99981444e-03
2.83772999e-04 3.29071132e-04 -1.30472035e-04 -6.56154938e-04 1.87158745e-04 8.71247757e-05 -1.81931711e-03 3.70227383e-03 1.54995214e-04 8.48610478e-04 -1.69053255e-03 -4.75270877e-04 -8.26580450e-04 -5.35005165e-05 1.43892155e-03 7.05558516e-04
2.39164531e-02 2.63642613e-02 -1.73205847e-03 -3.44092622e-02 9.26658325e-03 4.56580566e-03 -9.07907933e-02 1.83771238e-01 7.64853694e-03 4.20109183e-02 -8.36348236e-02 -2.35144757e-02 -4.08827774e-02 -2.64561037e-03 7.11644515e-02 3.48942541e-02
-5.33798430e-03 -5.84728923e-03 -5.54510567e-04 6.86279591e-03 -1.74460793e-03 -9.26957349e-04 1.73507556e-02 -3.49178053e-02 -1.42621517e-03 -7.90912658e-03 1.57195572e-02 4.42334916e-03 7.67708523e-03 4.96090855e-04 -1.33583136e-02 -6.54937606e-03
-2.31367722e-02 -2.65192296e-02 8.44756840e-04 3.38929817e-02 -8.92405119e-03 -4.43710200e-03 8.77363309e-02 -1.77153364e-01 -7.35693425e-03 -4.04619463e-02 8.05366188e-02 2.26459187e-02 3.93642187e-02 2.54688179e-03 -6.85176626e-02 -3.35960574e-02
-3.27538094e-03 -4.15700488e-03 -6.45282911e-04 4.06736089e-03 -9.64060368e-04 -5.49053715e-04 9.75863636e-03 -1.93791818e-02 -7.74449320e-04 -4.37937910e-03 8.66742339e-03 2.44535599e-03 4.22638748e-03 2.71573401e-04 -7.34691462e-03 -3.60077061e-03
-7.89947808e-03 -8.37325677e-03 9.88918473e-05 1.10044191e-02 -2.83128279e-03 -1.45161292e-03 2.78521460e-02 -5.62665574e-02 -2.32304120e-03 -1.28502659e-02 2.55446862e-02 7.18839699e-03 1.24752941e-02 8.05925054e-04 -2.17109676e-02 -1.06441099e-02
3.12865945e-03 3.64229176e-03 -1.78475879e-04 -4.87797428e-03 1.25837175e-03 6.33159361e-04 -1.23693822e-02 2.49834955e-02 1.03566225e-03 5.70231630e-03 -1.13471877e-02 -3.19064339e-03 -5.54562639e-03 -3.58773657e-04 9.65247583e-03 4.73284302e-03
1.28201051e-02 1.51885301e-02 -1.26170577e-04 -1.88900940e-02 5.01287449e-03 2.47890409e-03 -4.92491983e-02 9.95598435e-02 4.13256232e-03 2.27200631e-02 -4.52247933e-02 -1.27163418e-02 -2.21063253e-02 -1.43042603e-03 3.84791084e-02 1.88674666e-02
-8.68767779e-03 -9.32322443e-03 -1.49055629e-03 1.06567591e-02 -2.55914871e-03 -1.48052978e-03 2.55636647e-02 -5.10681719e-02 -2.05108267e-03 -1.16178477e-02 2.30188482e-02 6.48472505e-03 1.12094367e-02 7.20168056e-04 -1.94838196e-02 -9.54809878e-03
9.60150734e-03 1.17425499e-02 2.00662413e-03 -1.17870886e-02 2.83232378e-03 1.69600639e-03 -2.81794071e-02 5.64535148e-02 2.28016218e-03 1.28746890e-02 -2.54983995e-02 -7.18001183e-03 -1.24228289e-02 -7.99518020e-04 2.15964634e-02 1.05853779e-02
1.35742291e-03 1.30436383e-03 6.12582313e-04 -8.14264407e-04 1.37848547e-04 1.10152563e-04 -1.50319096e-03 2.86696199e-03 1.05795269e-04 6.23623375e-04 -1.24067930e-03 -3.54375108e-04 -5.99497231e-04 -3.82118378e-05 1.03943725e-03 5.09148464e-04
7.20768888e-03 8.19286052e-03 1.59346452e-03 -9.16442648e-03 2.16144975e-03 1.23726611e-03 -2.15807185e-02 4.34077419e-02 1.72592187e-03 9.81094129e-03 -1.94004364e-02 -5.47675416e-03 -9.45452787e-03 -6.06855436e-04 1.64313093e-02 8.05226061e-03
8.00768193e-03 1.00339074e-02 1.45241886e-03 -1.04029477e-02 2.54700077e-03 1.45160581e-03 -2.57211570e-02 5.18777296e-02 2.03301874e-03 1.16146160e-02 -2.29168702e-02 -6.47159526e-03 -1.11892940e-02 -7.15873495e-04 1.94559973e-02 9.53117386e-03
9.93089098e-03 1.15509890e-02 -4.74191096e-04 -1.50914555e-02 4.07008175e-03 2.01159390e-03 -3.99124101e-02 8.07868987e-02 3.35899228e-03 1.84555687e-02 -3.67410779e-02 -1.03299636e-02 -1.79590099e-02 -1.16214657e-03 3.12608369e-02 1.53282043e-02
-2.54434273e-02 -2.97716595e-02 4.79803886e-04 3.85790765e-02 -9.87709314e-03 -4.98391828e-03 9.71345752e-02 -1.96378693e-01 -8.12707096e-03 -4.47641052e-02 8.90713558e-02 2.50496268e-02 4.35382463e-02 2.81664240e-03 -7.57798851e-02 -3.71566638e-02
1.83672383e-02 2.16305889e-02 6.61799219e-04 -2.55502928e-02 6.78108260e-03 3.34634166e-03 -6.68354779e-02 1.34675428e-01 5.58153028e-03 3.07183061e-02 -6.11605756e-02 -1.71927623e-02 -2.98860390e-02 -1.93380646e-03 5.20207584e-02 2.55073439e-02
-9.49015375e-03 -1.06456345e-02 5.60583721e-04 1.35476207e-02 -3.65395448e-03 -1.80407043e-03 3.59210223e-02 -7.24929199e-02 -3.01372958e-03 -1.65586490e-02 3.29673290e-02 9.26848128e-03 1.61147825e-02 1.04282610e-03 -2.80509423e-02 -1.37542952e-02
6.71553239e-03 8.13252106e-03 1.15941744e-04 -9.46564507e-03 2.46550725e-03 1.27408165e-03 -2.43251696e-02 4.90233302e-02 2.02538422e-03 1.11823250e-02 -2.22332906e-02 -6.25300454e-03 -1.08641032e-02 -7.02564837e-04 1.89074632e-02 9.27054044e-03
4.76243236e-04 3.91596026e-04 -2.49785720e-04 -9.54233459e-04 2.81953369e-04 1.28292188e-04 -2.74429726e-03 5.54243103e-03 2.33791739e-04 1.27925107e-03 -2.54838821e-03 -7.16458831e-04 -1.24608527e-03 -8.06543394e-05 2.16923351e-03 1.06366281e-03
4.14156262e-03 4.83357580e-03 -1.66344037e-03 -8.63106921e-03 2.48252181e-03 1.14696368e-03 -2.41296664e-02 4.89651673e-02 2.05374137e-03 1.12518119e-02 -2.24243719e-02 -6.30432740e-03 -1.09626073e-02 -7.09559710e-04 1.90837923e-02 9.35749523e-03
5.57859708e-03 6.40550908e-03 6.09809067e-05 -8.19098577e-03 2.16536201e-03 1.07860344e-03 -2.12674364e-02 4.29407656e-02 1.78117119e-03 9.80616920e-03 -1.95165146e-02 -5.48774889e-03 -9.53812711e-03 -6.17078389e-04 1.66016538e-02 8.14020541e-03
-1.26861653e-03 -1.43643748e-03 2.32658087e-04 2.19003111e-03 -6.00212079e-04 -2.90114054e-04 5.87743986e-03 -1.19062671e-02 -4.95907268e-04 -2.72273528e-03 5.42106573e-03 1.52416772e-03 2.65005883e-03 1.71493404e-04 -4.61296784e-03 -2.26189033e-03
3.53280129e-03 4.04007966e-03 4.46325692e-04 -4.84061427e-03 1.20846054e-03 6.55189855e-04 -1.19760465e-02 2.40831617e-02 9.78777534e-04 5.46250353e-03 -1.08444914e-02 -3.05330195e-03 -5.29309548e-03 -3.41460924e-04 9.20658465e-03 4.51334612e-03
-1.82631183e-02 -2.03270670e-02 -1.48141768e-03 2.36431845e-02 -5.91151416e-03 -3.09123355e-03 5.88370524e-02 -1.17869057e-01 -4.80891485e-03 -2.67159007e-02 5.30603081e-02 1.49369566e-02 2.59241182e-02 1.67500565e-03 -4.51113246e-02 -2.21168734e-02
5.91641618e-03 7.26678781e-03 8.56067694e-04 -7.85747916e-03 1.92934892e-03 1.11108855e-03 -1.91925317e-02 3.84684317e-02 1.56626070e-03 8.72215256e-03 -1.73110329e-02 -4.86955699e-03 -8.44719354e-03 -5.45591989e-04 1.46967703e-02 7.20543787e-03
-6.62881089e-03 -6.99904840e-03 -8.90432857e-05 8.91378708e-03 -2.33102287e-03 -1.15817646e-03 2.28893179e-02 -4.63005789e-02 -1.92097551e-03 -1.05672972e-02 2.10329574e-02 5.91355888e-03 1.02806641e-02 6.65232481e-04 -1.78949609e-02 -8.77444446e-03
1.21073071e-02 1.44027220e-02 1.75862131e-03 -1.51403528e-02 3.71236447e-03 2.08545779e-03 -3.71030718e-02 7.52628297e-02 2.96579441e-03 1.68588143e-02 -3.33882533e-02 -9.44644026e-03 -1.63118858e-02 -1.04342320e-03 2.83510890e-02 1.38946855e-02
-9.32778232e-03 -1.01049412e-02 -8.31540558e-04 1.18552092e-02 -3.04036424e-03 -1.66337076e-03 3.01935747e-02 -6.08243160e-02 -2.47671735e-03 -1.37781557e-02 2.73661148e-02 7.69544765e-03 1.33600244e-02 8.63085443e-04 -2.32472494e-02 -1.13974418e-02
-3.48392986e-02 -4.26512212e-02 -3.07780900e-03 4.59409989e-02 -1.15610464e-02 -6.47702115e-03 1.15617350e-01 -2.31115311e-01 -9.37694497e-03 -5.26468158e-02 1.03964575e-01 2.92581283e-02 5.07383645e-02 3.27202980e-03 -8.82755667e-02 -4.32684682e-02
-1.07422881e-02 -1.20004155e-02 8.58931220e-04 1.57197192e-02 -4.17440804e-03 -2.06298800e-03 4.09200788e-02 -8.28086883e-02 -3.44437174e-03 -1.89250354e-02 3.76712903e-02 1.05916942e-02 1.84148252e-02 1.19164807e-03 -3.20544764e-02 -1.57173406e-02
7.50038133e-04 8.39923334e-04 2.97960883e-04 -5.28610777e-04 4.28952699e-05 5.41264599e-05 -4.48078674e-04 8.51813878e-04 3.30393850e-05 1.91849715e-04 -3.75637115e-04 -1.05738771e-04 -1.82953037e-04 -1.18027292e-05 3.18158709e-04 1.55973132e-04
1.22050298e-02 1.45445764e-02 -9.16029268e-04 -1.88617669e-02 5.11642871e-03 2.48621614e-03 -5.01285307e-02 1.01469755e-01 4.22418257e-03 2.31983047e-02 -4.61863056e-02 -1.29856197e-02 -2.25777458e-02 -1.46106479e-03 3.93010601e-02 1.92705989e-02
-8.22790992e-03 -9.41405911e-03 6.27753849e-04 1.22119524e-02 -3.30793648e-03 -1.61166454e-03 3.24293226e-02 -6.56082854e-02 -2.73057190e-03 -1.49980588e-02 2.98597235e-02 8.39526020e-03 1.45965526e-02 9.44577798e-04 -2.54081693e-02 -1.24584567e-02
-5.48088085e-03 -6.80286996e-03 -1.30216696e-03 7.01471372e-03 -1.65749621e-03 -9.96243791e-04 1.66041777e-02 -3.30653451e-02 -1.31903612e-03 -7.51372380e-03 1.48646124e-02 4.19227220e-03 7.24104326e-03 4.64894314e-04 -1.25841424e-02 -6.16666116e-03
4.64490382e-03 5.25730290e-03 1.63071847e-04 -6.43657055e-03 1.66347157e-03 8.58359970e-04 -1.64114647e-02 3.31189893e-02 1.36677141e-03 7.54524767e-03 -1.50116095e-02 -4.22088942e-03 -7.33444281e-03 -4.74396482e-04 1.27651421e-02 6.25897245e-03
3.78188770e-03 4.35330998e-03 3.51943687e-04 -5.14271716e-03 1.30227511e-03 6.87430555e-04 -1.28925694e-02 2.59754062e-02 1.06409111e-03 5.90563333e-03 -1.17349243e-02 -3.30129359e-03 -5.72953466e-03 -3.70167836e-04 9.96902026e-03 4.88761952e-03
5.79467625e-04 1.23022823e-04 -1.54069116e-04 -4.51275264e-04 1.58791969e-04 6.54310934e-05 -1.52576983e-03 3.11907358e-03 1.32596426e-04 7.20796757e-04 -1.43822981e-03 -4.04203398e-04 -7.03633064e-04 -4.55659792e-05 1.22502225e-03 6.00697706e-04
1.00637348e-02 1.13577470e-02 2.31566466e-03 -1.18818693e-02 2.82328785e-03 1.76896201e-03 -2.83701271e-02 5.74752279e-02 2.25058454e-03 1.28381252e-02 -2.54248157e-02 -7.16554234e-03 -1.23558724e-02 -7.92604580e-04 2.14736797e-02 1.05230734e-02
2.68927962e-03 2.92412564e-03 1.15495699e-04 -3.55282915e-03 8.90193158e-04 4.58022143e-04 -8.78622383e-03 1.77208260e-02 7.30311789e-04 4.03720094e-03 -8.02631397e-03 -2.25763652e-03 -3.92125873e-03 -2.53542239e-04 6.82410970e-03 3.34590906e-03
-5.38344122e-03 -6.59767771e-03 -2.04940327e-04 7.65480194e-03 -1.96458120e-03 -9.87834064e-04 1.93673521e-02 -3.90293896e-02 -1.61168608e-03 -8.89576506e-03 1.76943373e-02 4.97601787e-03 8.64614733e-03 5.59246517e-04 -1.50482226e-02 -7.37840403e-03
-9.35014803e-03 -1.10301543e-02 2.78382271e-04 1.41562233e-02 -3.79162328e-03 -1.87528261e-03 3.72629166e-02 -7.52858892e-02 -3.12496047e-03 -1.71876755e-02 3.42193916e-02 9.62010399e-03 1.67239364e-02 1.08216761e-03 -2.91105285e-02 -1.42737888e-02
-2.91725108e-03 -3.57704540e-03 1.07304112e-03 6.06965041e-03 -1.66889408e-03 -7.95388536e-04 1.63206086e-02 -3.30921076e-02 -1.37902144e-03 -7.57013354e-03 1.50730135e-02 4.23788279e-03 7.36860838e-03 4.76847606e-04 -1.28265973e-02 -6.28930517e-03
1.57318648e-03 1.91342784e-03 3.39552586e-04 -2.14159605e-03 5.31314348e-04 2.92672310e-04 -5.29509457e-03 1.06035396e-02 4.31095948e-04 2.40657083e-03 -4.77674790e-03 -1.34435110e-03 -2.33135605e-03 -1.50500317e-04 4.05565230e-03 1.98828848e-03
1.85779184e-02 2.27394812e-02 1.34541350e-03 -2.55297851e-02 6.75590755e-03 3.53123806e-03 -6.66833669e-02 1.34318173e-01 5.54625690e-03 3.06201335e-02 -6.09281696e-02 -1.71265397e-02 -2.97592152e-02 -1.92501955e-03 5.17934784e-02 2.53957082e-02
1.21509768e-02 1.46260634e-02 8.29056255e-04 -1.69735942e-02 4.42234194e-03 2.31406838e-03 -4.37178127e-02 8.80947784e-02 3.62450304e-03 2.00536996e-02 -3.98752391e-02 -1.12203993e-02 -1.94818825e-02 -1.25914405e-03 3.39006744e-02 1.66212805e-02
-3.95500287e-02 -4.48418185e-02 -1.17338402e-03 5.20107187e-02 -1.34009356e-02 -6.79551158e-03 1.32510275e-01 -2.66824543e-01 -1.10208718e-02 -6.07303567e-02 1.20837234e-01 3.39749865e-02 5.90440258e-02 3.81966378e-03 -1.02766797e-01 -5.03890105e-02
3.93236376e-04 6.09196723e-04 -1.68961560e-04 -1.04665721e-03 2.95026693e-04 1.36019196e-04 -2.87210522e-03 5.83667308e-03 2.44490162e-04 1.33714266e-03 -2.66444776e-03 -7.48976483e-04 -1.30306080e-03 -8.43713933e-05 2.26859725e-03 1.11240824e-03
-1.47898858e-02 -1.66538823e-02 -5.90286450e-04 2.07190700e-02 -5.35874860e-03 -2.77853338e-03 5.29065393e-02 -1.06696025e-01 -4.37811809e-03 -2.42278259e-02 4.81858961e-02 1.35509167e-02 2.35351995e-02 1.52116059e-03 -4.09515314e-02 -2.00783554e-02
1.49364676e-03 1.67960755e-03 1.55565795e-04 -1.94303819e-03 4.96504945e-04 2.55084509e-04 -4.91329469e-03 9.87906940e-03 4.07731161e-04 2.24978849e-03 -4.47476609e-03 -1.25800341e-03 -2.18598568e-03 -1.41394077e-04 3.80455446e-03 1.86543714e-03
1.45101137e-02 1.74477715e-02 -9.31241084e-06 -2.01116540e-02 5.20410901e-03 2.63542938e-03 -5.11435829e-02 1.03304788e-01 4.28998144e-03 2.35998817e-02 -4.69761379e-02 -1.32088782e-02 -2.29574572e-02 -1.48532982e-03 3.99584323e-02 1.95928048e-02
8.63928930e-04 8.79983127e-04 5.20123649e-05 -1.12748542e-03 2.88604904e-04 1.53755114e-04 -2.83910218e-03 5.70607465e-03 2.32420512e-04 1.29853294e-03 -2.57700984e-03 -7.26117461e-04 -1.25754985e-03 -8.09997073e-05 2.18701363e-03 1.07203820e-03
1.07732345e-03 9.31256625e-04 1.02715007e-04 -9.73533490e-04 2.42991620e-04 1.35933326e-04 -2.45669275e-03 4.89224354e-03 1.97426212e-04 1.11109507e-03 -2.20175926e-03 -6.20700186e-04 -1.07327558e-03 -6.90739616e-05 1.86600850e-03 9.14635428e-04
-1.13311447e-02 -1.40980575e-02 -3.04131280e-03 1.50379967e-02 -3.80845251e-03 -2.03535124e-03 3.77495699e-02 -7.58441910e-02 -3.10361572e-03 -1.72755178e-02 3.43064703e-02 9.65993851e-03 1.67560615e-02 1.08182582e-03 -2.91485135e-02 -1.42897870e-02
-2.41604386e-04 -2.20980088e-04 -2.42185721e-04 -1.98374270e-04 8.36014515e-05 2.94906131e-05 -7.95446918e-04 1.65181735e-03 7.14993948e-05 3.80536920e-04 -7.62844400e-04 -2.14159605e-04 -3.73854942e-04 -2.42668993e-05 6.51359675e-04 3.19446030e-04
-3.30456868e-02 -3.75689492e-02 -1.46966265e-03 4.14996035e-02 -1.05663398e-02 -5.53930877e-03 1.04991034e-01 -2.10595772e-01 -8.64677411e-03 -4.79183383e-02 9.52339247e-02 2.67804824e-02 4.65028472e-02 3.00570484e-03 -8.09246302e-02 -3.96770239e-02
-1.05337789e-02 -1.20549332e-02 7.83697295e-04 1.62212141e-02 -4.35731653e-03 -2.14459910e-03 4.27812599e-02 -8.64727348e-02 -3.59390560e-03 -1.97472889e-02 3.93123999e-02 1.10528562e-02 1.92164909e-02 1.24352064e-03 -3.34498361e-02 -1.64015330e-02
6.05972297e-03 6.38195220e-03 1.01158815e-03 -6.63701398e-03 1.67371647e-03 9.18457401e-04 -1.66623965e-02 3.33213173e-02 1.35101425e-03 7.58241862e-03 -1.50473733e-02 -4.24154056e-03 -7.34385569e-03 -4.73279710e-04 1.27716381e-02 6.26052450e-03
-2.27302592e-03 -2.86975293e-03 -6.76805212e-04 2.68200296e-03 -5.94074780e-04 -3.86177620e-04 5.97611722e-03 -1.19883819e-02 -4.60170268e-04 -2.68703909e-03 5.28790988e-03 1.50315033e-03 2.57779914e-03 1.64218727e-04 -4.47435165e-03 -2.19133170e-03
8.88039730e-03 9.77266766e-03 3.93817725e-04 -1.15618706e-02 2.90109334e-03 1.52093801e-03 -2.85963230e-02 5.77366874e-02 2.38153967e-03 1.31596774e-02 -2.61652321e-02 -7.35822553e-03 -1.27800805e-02 -8.26220203e-04 2.22408008e-02 1.09047201e-02
-1.75704435e-02 -2.08565146e-02 -5.02839684e-04 2.51291562e-02 -6.71505462e-03 -3.32894269e-03 6.59163296e-02 -1.33250415e-01 -5.53295063e-03 -3.04195825e-02 6.05529547e-02 1.70246009e-02 2.95972154e-02 1.91518408e-03 -5.15185110e-02 -2.52611265e-02
6.42046705e-03 7.76914787e-03 8.93644406e-04 -8.78424011e-03 2.20246031e-03 1.19843346e-03 -2.18962599e-02 4.40267958e-02 1.79009570e-03 1.00001162e-02 -1.98470019e-02 -5.58940927e-03 -9.68880765e-03 -6.25049404e-04 1.68526731e-02 8.26175697e-03
1.09124482e-02 1.19045181e-02 6.72028051e-04 -1.48174809e-02 3.78643465e-03 1.95548614e-03 -3.73310223e-02 7.52404854e-02 3.10087949e-03 1.71685498e-02 -3.41315381e-02 -9.60301142e-03 -1.66733861e-02 -1.07757759e-03 2.90141646e-02 1.42253218e-02
-6.70583081e-03 -7.15692062e-03 3.16906400e-04 9.23791621e-03 -2.39757285e-03 -1.20522734e-03 2.36354563e-02 -4.77045737e-02 -1.97227648e-03 -1.08680120e-02 2.16212943e-02 6.08003046e-03 1.05665382e-02 6.83524704e-04 -1.83912069e-02 -9.01758764e-03
7.81532750e-03 9.61319916e-03 9.00241372e-04 -1.10506192e-02 2.81577092e-03 1.49626611e-03 -2.79704593e-02 5.61191887e-02 2.30356609e-03 1.27533702e-02 -2.53516864e-02 -7.13084731e-03 -1.23866983e-02 -8.00940732e-04 2.15565395e-02 1.05692782e-02
2.08580028e-03 2.45368993e-03 -4.83410666e-04 -3.78397712e-03 1.04898261e-03 4.97982255e-04 -1.02641545e-02 2.08098609e-02 8.68111616e-04 4.75941971e-03 -9.47880186e-03 -2.66465219e-03 -4.63403156e-03 -2.99935637e-04 8.06690566e-03 3.95551696e-03
1.01995086e-02 1.17557477e-02 3.72059527e-04 -1.43558327e-02 3.73843452e-03 1.88673264e-03 -3.68169881e-02 7.43098557e-02 3.07264877e-03 1.69403758e-02 -3.36963944e-02 -9.47597530e-03 -1.64669622e-02 -1.06513756e-03 2.86601596e-02 1.40526155e-02
8.23034346e-03 9.87285655e-03 -4.63276519e-04 -1.24314521e-02 3.30961985e-03 1.62374473e-03 -3.24898213e-02 6.56498596e-02 2.73105525e-03 1.50040127e-02 -2.98696160e-02 -8.39808956e-03 -1.46009997e-02 -9.44854575e-04 2.54157446e-02 1.24621652e-02
-9.08281747e-03 -1.00548211e-02 1.75790512e-04 1.21597005e-02 -3.20192147e-03 -1.60455774e-03 3.14466543e-02 -6.35348111e-02 -2.63862032e-03 -1.45171843e-02 2.88931131e-02 8.12320784e-03 1.41208265e-02 9.13666387e-04 -2.45788880e-02 -1.20517341e-02
-1.28396861e-02 -1.66366622e-02 -2.33305758e-03 1.64929014e-02 -4.03607311e-03 -2.23903568e-03 4.03192900e-02 -8.08035731e-02 -3.27070244e-03 -1.82873178e-02 3.63313928e-02 1.02165490e-02 1.76945515e-02 1.13946886e-03 -3.07707619e-02 -1.50823770e-02
-1.20703150e-02 -1.36189088e-02 -2.19545746e-03 1.48473494e-02 -3.40496586e-03 -2.10012542e-03 3.44741382e-02 -6.88435957e-02 -2.68154661e-03 -1.53683098e-02 3.03751342e-02 8.58703535e-03 1.48054427e-02 9.48485453e-04 -2.57289894e-02 -1.26069235e-02
1.11100432e-02 1.20436409e-02 1.36143400e-03 -1.27148656e-02 3.19718197e-03 1.72838836e-03 -3.17710079e-02 6.36874959e-02 2.60397349e-03 1.45013435e-02 -2.88266670e-02 -8.11082777e-03 -1.40636247e-02 -9.07646841e-04 2.44638026e-02 1.19933058e-02
9.19853803e-04 1.10659469e-03 1.72930464e-04 -1.06532138e-03 2.63918220e-04 1.47072758e-04 -2.62522814e-03 5.26417140e-03 2.13462888e-04 1.19607849e-03 -2.37432588e-03 -6.68530702e-04 -1.15776504e-03 -7.46539445e-05 2.01373361e-03 9.87160951e-04
-1.36213740e-02 -1.62681825e-02 -1.47024309e-03 1.82759874e-02 -4.64710314e-03 -2.50039436e-03 4.59160767e-02 -9.23373327e-02 -3.80383013e-03 -2.10507866e-02 4.18623872e-02 1.17750661e-02 2.04491541e-02 1.32196094e-03 -3.55872810e-02 -1.74483191e-02
-9.77269560e-03 -1.10480692e-02 -6.81664911e-04 1.27660641e-02 -3.27809481e-03 -1.71360176e-03 3.24836187e-02 -6.53501078e-02 -2.68236571e-03 -1.48771349e-02 2.95839477e-02 8.32478236e-03 1.44457556e-02 9.33287258e-04 -2.51346398e-02 -1.23229865e-02
1.77456364e-02 1.94380097e-02 1.92481012e-03 -2.26811692e-02 5.91035374e-03 3.02341185e-03 -5.84634170e-02 1.17823780e-01 4.84452257e-03 2.67615989e-02 -5.32560535e-02 -1.49812857e-02 -2.60286387e-02 -1.68348651e-03 4.53003980e-02 2.22115740e-02
1.11711649e-02 1.32695958e-02 -1.43235317e-04 -1.65564511e-02 4.44282359e-03 2.18432257e-03 -4.36094701e-02 8.81529674e-02 3.66544165e-03 2.01427825e-02 -4.00981084e-02 -1.12741040e-02 -1.95998922e-02 -1.26833492e-03 3.41172554e-02 1.67287905e-02
3.11254850e-03 3.68830003e-03 3.77713004e-05 -4.54175193e-03 1.17622060e-03 5.93834731e-04 -1.15852673e-02 2.33707856e-02 9.67107364e-04 5.33132302e-03 -1.06064985e-02 -2.98265205e-03 -5.18297544e-03 -3.35256744e-04 9.02082864e-03 4.42308513e-03
1.31958798e-02 1.50366100e-02 3.89427273e-03 -1.61622111e-02 3.60587379e-03 2.45078187e-03 -3.68365124e-02 7.40195140e-02 2.78057647e-03 1.64516531e-02 -3.22497524e-02 -9.15286504e-03 -1.56994015e-02 -9.93666239e-04 2.72592939e-02 1.33371223e-02
-2.37341672e-02 -2.92146150e-02 -6.52054884e-03 2.90423390e-02 -6.50474150e-03 -3.69924540e-03 6.58353269e-02 -1.29686832e-01 -5.12533961e-03 -2.94858590e-02 5.83807006e-02 1.66121162e-02 2.83511970e-02 1.80092372e-03 -4.93068397e-02 -2.41408199e-02
-1.56982103e-03 -1.82999938e-03 -1.05273881e-04 1.74975139e-03 -4.25272970e-04 -2.19296649e-04 4.18990944e-03 -8.45531654e-03 -3.48074478e-04 -1.92541943e-03 3.82917188e-03 1.07720762e-03 1.87113718e-03 1.21005061e-04 -3.25641315e-03 -1.59666035e-03
-3.53542459e-03 -4.16704454e-03 -1.12879497e-05 4.82992129e-03 -1.25038519e-03 -6.57027878e-04 1.23597337e-02 -2.50427127e-02 -1.02592434e-03 -5.66566922e-03 1.12636266e-02 3.16770864e-03 5.50256018e-03 3.55800235e-04 -9.57603753e-03 -4.69521154e-03
1.29925716e-03 1.59080606e-03 1.41006429e-04 -1.82976795e-03 4.70760802e-04 2.42775757e-04 -4.64037806e-03 9.34892613e-03 3.87026987e-04 2.13329028e-03 -4.24508378e-03 -1.19352329e-03 -2.07424653e-03 -1.34194124e-04 3.61031736e-03 1.77022873e-03
-7.49823824e-03 -8.45328905e-03 -8.88794253e-04 9.51362588e-03 -2.41864962e-03 -1.22722599e-03 2.38272808e-02 -4.81266864e-02 -1.98667333e-03 -1.09655075e-02 2.18189992e-02 6.13559596e-03 1.06602414e-02 6.89516426e-04 -1.85536090e-02 -9.09715425e-03
9.32058971e-03 1.21098822e-02 3.16262152e-03 -1.20065184e-02 2.82865553e-03 1.71425252e-03 -2.86273751e-02 5.69826812e-02 2.24023336e-03 1.28594255e-02 -2.54541915e-02 -7.20491027e-03 -1.23925107e-02 -7.92026054e-04 2.15134695e-02 1.05404267e-02
-4.86950902e-03 -5.64221013e-03 -1.16977026e-05 6.87422464e-03 -1.80640433e-03 -9.02614382e-04 1.77713316e-02 -3.59058231e-02 -1.48840377e-03 -8.19024537e-03 1.63013972e-02 4.58328286e-03 7.96694402e-03 5.15483436e-04 -1.38673345e-02 -6.79954793e-03
7.66624324e-03 8.83881003e-03 -5.17819310e-04 -1.16738323e-02 3.13793053e-03 1.53975934e-03 -3.07582188e-02 6.22308888e-02 2.58936780e-03 1.42258927e-02 -2.83210874e-02 -7.96260312e-03 -1.38441566e-02 -8.95880337e-04 2.40983907e-02 1.18162250e-02
5.49462112e-03 6.22626906e-03 -5.67221839e-04 -8.57225154e-03 2.31734384e-03 1.13457185e-03 -2.27049552e-02 4.59535941e-02 1.91309920e-03 1.05078071e-02 -2.09196545e-02 -5.88165410e-03 -1.02261249e-02 -6.61755214e-04 1.78005621e-02 8.72819778e-03
-7.85606727e-03 -9.46619920e-03 -9.56422475e-04 1.06552364e-02 -2.67271954e-03 -1.44537946e-03 2.62904614e-02 -5.30607700e-02 -2.18618801e-03 -1.21042849e-02 2.40479782e-02 6.76340610e-03 1.17491102e-02 7.59692804e-04 -2.04478279e-02 -1.00256577e-02
-6.94476068e-03 -7.61904335e-03 -2.03095318e-04 1.00107333e-02 -2.40679737e-03 -1.19998003e-03 2.36673765e-02 -4.78483588e-02 -1.98075850e-03 -1.09094325e-02 2.17102505e-02 6.10493449e-03 1.06113823e-02 6.86590560e-04 -1.84703283e-02 -9.05652624e-03
6.07118849e-03 7.92159326e-03 2.75349710e-04 -9.03005805e-03 2.32089264e-03 1.15958520e-03 -2.29258295e-02 4.60627824e-02 1.90733781e-03 1.05091492e-02 -2.09178813e-02 -5.88122243e-03 -1.02242930e-02 -6.61568658e-04 1.77966114e-02 8.72620568e-03
-1.23724376e-03 -1.23665144e-03 -4.23398451e-04 8.29082215e-04 -1.30256303e-04 -7.23753474e-05 1.30013109e-03 -2.57552043e-03 -1.05620260e-04 -5.85997070e-04 1.16523856e-03 3.27602698e-04 5.69040712e-04 3.68005167e-05 -9.90290660e-04 -4.85555764e-04
-6.69418927e-03 -7.76268169e-03 -5.67422830e-05 9.36466362e-03 -2.41991505e-03 -1.23985833e-03 2.38601062e-02 -4.81840000e-02 -1.99122541e-03 -1.09722838e-02 2.18167435e-02 6.13370631e-03 1.06610162e-02 6.89706823e-04 -1.85557380e-02 -9.09835473e-03
8.24297965e-03 1.02324104e-02 7.76452420e-04 -1.19359195e-02 3.09599191e-03 1.60060870e-03 -3.05753443e-02 6.15848787e-02 2.54481239e-03 1.40350657e-02 -2.79200040e-02 -7.85116944e-03 -1.36433654e-02 -8.82545370e-04 2.37459559e-02 1.16431285e-02
-7.32949376e-03 -8.88347533e-03 -1.18946703e-03 9.63952392e-03 -2.39672442e-03 -1.25266903e-03 2.36650687e-02 -4.75860164e-02 -1.95764191e-03 -1.08552035e-02 2.15729550e-02 6.06873119e-03 1.05374539e-02 6.81093486e-04 -1.83368884e-02 -8.99041723e-03
-1.35020223e-02 -1.66155957e-02 5.62524656e-05 1.94666814e-02 -5.20418398e-03 -2.58611469e-03 5.10641411e-02 -1.03374816e-01 -4.29224409e-03 -2.35874038e-02 4.69562002e-02 1.32018831e-02 2.29523070e-02 1.48525054e-03 -3.99525985e-02 -1.95900314e-02
3.69906239e-03 4.46409686e-03 -2.76425271e-06 -5.87405544e-03 1.45200733e-03 7.45711790e-04 -1.43009881e-02 2.88451370e-02 1.19338010e-03 6.58303406e-03 -1.30884079e-02 -3.68103012e-03 -6.39720121e-03 -4.13817441e-04 1.11345015e-02 5.45945810e-03
1.38736973e-02 1.71584692e-02 -1.16588199e-04 -2.03464758e-02 5.25853271e-03 2.65866611e-03 -5.18701747e-02 1.04423515e-01 4.32763342e-03 2.38480940e-02 -4.74529117e-02 -1.33419717e-02 -2.31880117e-02 -1.50015845e-03 4.03601788e-02 1.97895858e-02
1.49827618e-02 1.68044176e-02 -7.12007983e-04 -2.16078367e-02 5.77355130e-03 2.83683138e-03 -5.66020198e-02 1.14516266e-01 4.76477342e-03 2.61738133e-02 -5.21069318e-02 -1.46503467e-02 -2.54716296e-02 -1.64831895e-03 4.43382524e-02 2.17404906e-02
-2.01535709e-02 -2.31873896e-02 -5.34377526e-04 2.80068759e-02 -7.30499625e-03 -3.79463774e-03 7.19200522e-02 -1.45115197e-01 -6.00140728e-03 -3.30522954e-02 6.57676682e-02 1.84898991e-02 3.21397483e-02 2.07940559e-03 -5.59418648e-02 -2.74297427e-02
2.60474067e-03 2.88151531e-03 4.57110407e-04 -3.13768350e-03 7.57576548e-04 4.42760240e-04 -7.61478394e-03 1.52972629e-02 5.96708909e-04 3.43596796e-03 -6.77071000e-03 -1.92015222e-03 -3.30564729e-03 -2.10762519e-04 5.73620340e-03 2.81013711e-03
3.97852575e-03 5.03590796e-03 -6.08319533e-05 -6.27863221e-03 1.63537730e-03 8.22985603e-04 -1.60661004e-02 3.24809402e-02 1.34605635e-03 7.40637351e-03 -1.47401774e-02 -4.14448883e-03 -7.20388582e-03 -4.66103258e-04 1.25391036e-02 6.14827033e-03
-1.90346269e-03 -1.99138583e-03 -1.51194879e-04 2.46001757e-03 -6.18319900e-04 -3.14767065e-04 6.11109613e-03 -1.23125343e-02 -5.06375160e-04 -2.80337874e-03 5.57515677e-03 1.56806631e-03 2.72317813e-03 1.76042318e-04 -4.73892456e-03 -2.32348568e-03
-5.11030620e-03 -6.02316158e-03 -2.15528707e-04 7.16794189e-03 -1.83597009e-03 -9.47543187e-04 1.80892833e-02 -3.64722759e-02 -1.50591950e-03 -8.31977744e-03 1.65466592e-02 4.65344824e-03 8.08391999e-03 5.22782328e-04 -1.40689733e-02 -6.89817918e-03
2.04520207e-02 2.38036476e-02 -8.04278534e-05 -3.00755743e-02 7.91259576e-03 3.92241823e-03 -7.76593611e-02 1.57147869e-01 6.52336981e-03 3.58732156e-02 -7.14022070e-02 -2.00754274e-02 -3.49005014e-02 -2.25830753e-03 6.07494265e-02 2.97872908e-02
-2.62874621e-03 -3.06067546e-03 -2.71395518e-04 3.52348201e-03 -8.56901286e-04 -4.75653680e-04 8.52487050e-03 -1.70979090e-02 -6.97974698e-04 -3.88752436e-03 7.71374535e-03 2.17119744e-03 3.76587431e-03 2.43109884e-04 -6.55140774e-03 -3.21188266e-03
-2.15170439e-02 -2.44910978e-02 -1.26455375e-03 2.96373367e-02 -7.59377657e-03 -3.88471456e-03 7.48030990e-02 -1.51092291e-01 -6.23248564e-03 -3.44546475e-02 6.85147494e-02 1.92701705e-02 3.34703624e-02 2.16415618e-03 -5.82496040e-02 -2.85600703e-02
1.28989117e-02 1.51553107e-02 4.13908274e-04 -1.76629871e-02 4.66126343e-03 2.39111250e-03 -4.58673015e-02 9.27086920e-02 3.83281475e-03 2.11148635e-02 -4.20123599e-02 -1.18125565e-02 -2.05301344e-02 -1.32820557e-03 3.57336402e-02 1.75210889e-02
1.56274927e-03 1.94468373e-03 1.26586849e-04 -2.37790705e-03 6.20847393e-04 3.08011658e-04 -6.09022332e-03 1.22959865e-02 5.10010577e-04 2.80725188e-03 -5.58763184e-03 -1.57115562e-03 -2.73097958e-03 -1.76697416e-04 4.75351792e-03 2.33077956e-03
-8.23292532e-04 -1.19181979e-03 -2.15431297e-04 1.00632943e-03 -2.36275155e-04 -1.27090883e-04 2.37440807e-03 -4.73668426e-03 -1.92039981e-04 -1.06813072e-03 2.12374050e-03 5.97593084e-04 1.03742955e-03 6.70704467e-05 -1.80529174e-03 -8.85149231e-04
8.87855329e-03 1.04523255e-02 -3.95950454e-04 -1.26558682e-02 3.28257796e-03 1.66056980e-03 -3.22440639e-02 6.51411191e-02 2.70004314e-03 1.48651041e-02 -2.95698475e-02 -8.31458531e-03 -1.44513519e-02 -9.34996642e-04 2.51540281e-02 1.23336772e-02
