9.15424433e-03 1.57642411e-04 9.40643158e-03 -1.22200567e-02 -8.50836659e-05 1.43195200e-03 -2.44300030e-02 5.39042093e-02 4.81607253e-03 1.64001957e-02 -2.24345066e-02 -5.75962337e-03 -9.54426301e-04 -5.26382169e-03 2.25800481e-02 1.26428884e-02
2.67846230e-03 5.31595084e-04 3.14790616e-03 -3.60565702e-03 3.14511999e-06 4.36911534e-04 -7.10600382e-03 1.56620517e-02 1.39521284e-03 4.76677716e-03 -6.49703806e-03 -1.66747835e-03 -2.76405597e-04 -1.52332254e-03 6.53506955e-03 3.65899201e-03
3.83088784e-03 1.52682245e-04 3.74396262e-03 -5.22875600e-03 -2.45466581e-05 6.40485901e-04 -1.01163071e-02 2.24120021e-02 1.98858418e-03 6.79020071e-03 -9.27008130e-03 -2.38078227e-03 -3.94639821e-04 -2.17272411e-03 9.32243746e-03 5.21972403e-03
-1.08714094e-02 3.12094344e-04 -1.08507397e-02 1.49813900e-02 2.08290963e-04 -1.57322199e-03 3.01423166e-02 -6.68754205e-02 -5.97550208e-03 -2.03728788e-02 2.79127527e-02 7.16044893e-03 1.18766900e-03 6.56375755e-03 -2.81490888e-02 -1.57618485e-02
4.86924173e-03 2.09562713e-04 5.40570309e-03 -7.29545252e-03 -2.67454161e-05 1.00063439e-03 -1.43509489e-02 3.19525413e-02 2.84062512e-03 9.70893353e-03 -1.32493395e-02 -3.40133416e-03 -5.64087590e-04 -3.11504747e-03 1.33605041e-02 7.48092635e-03
-8.32503254e-04 -3.84384242e-04 -1.23994634e-03 1.12496410e-03 -3.36383055e-05 -2.48738826e-04 2.03768839e-03 -4.46888991e-03 -3.86277708e-04 -1.32947240e-03 1.79441564e-03 4.63029108e-04 7.66206358e-05 4.15293907e-04 -1.78599509e-03 -9.99952434e-04
-8.56740866e-04 -9.69934394e-04 -2.68265745e-03 1.65013503e-03 -2.13513267e-04 -7.48034916e-04 2.74160900e-03 -5.84311876e-03 -4.89328580e-04 -1.80272316e-03 2.30734609e-03 6.04862522e-04 9.94892325e-05 4.92027088e-04 -2.16527074e-03 -1.21058908e-03
-3.52422078e-03 -4.35146037e-04 -3.91017692e-03 4.77032270e-03 -2.16671251e-05 -6.53651077e-04 9.03072581e-03 -1.98675636e-02 -1.76956540e-03 -6.06004009e-03 8.25156365e-03 2.12050206e-03 3.51302646e-04 1.92888803e-03 -8.27997550e-03 -4.63579083e-03
9.15752817e-03 1.94150966e-03 9.58459266e-03 -1.04702376e-02 -5.50165569e-05 1.50011363e-03 -2.02454943e-02 4.47030067e-02 3.99263902e-03 1.36758965e-02 -1.86451506e-02 -4.78270603e-03 -7.92502658e-04 -4.34718281e-03 1.86612681e-02 1.04493815e-02
-5.40096452e-03 -1.14988070e-04 -5.95721602e-03 7.43135577e-03 3.07294104e-05 -9.04179411e-04 1.51746105e-02 -3.38265821e-02 -2.97685014e-03 -1.01436693e-02 1.38893612e-02 3.56570585e-03 5.91190590e-04 3.26305116e-03 -1.39958970e-02 -7.83662405e-03
4.57922509e-03 4.34974965e-04 4.79013845e-03 -6.25011977e-03 -1.63694494e-06 7.78919319e-04 -1.23114176e-02 2.73408052e-02 2.42312904e-03 8.28072336e-03 -1.13144545e-02 -2.90343026e-03 -4.81417694e-04 -2.65490939e-03 1.13885002e-02 6.37671398e-03
9.00337845e-03 2.21889815e-04 9.04138293e-03 -1.17939282e-02 -7.98580149e-05 1.30380481e-03 -2.35303957e-02 5.20784073e-02 4.64032590e-03 1.58187822e-02 -2.16560178e-02 -5.56155527e-03 -9.21788858e-04 -5.08428225e-03 2.18102615e-02 1.22121163e-02
-1.69691048e-03 9.45437932e-07 -1.51616160e-03 2.02363846e-03 1.87960813e-05 -2.27878889e-04 4.10318514e-03 -9.09244176e-03 -8.12862185e-04 -2.77331565e-03 3.79448547e-03 9.74242052e-04 1.61490127e-04 8.90927273e-04 -3.82168661e-03 -2.13986472e-03
-8.09666049e-03 -8.18988541e-04 -9.38711781e-03 1.08685223e-02 -4.16604162e-05 -1.46643561e-03 2.16357205e-02 -4.78818119e-02 -4.24660463e-03 -1.44397961e-02 1.97402053e-02 5.07278694e-03 8.40655179e-04 4.63099265e-03 -1.98688954e-02 -1.11245625e-02
1.36370901e-02 -3.88891902e-04 1.43217482e-02 -1.87932905e-02 -3.34003882e-04 1.95812201e-03 -3.82250585e-02 8.47714692e-02 7.58588267e-03 2.58090366e-02 -3.53806950e-02 -9.07903165e-03 -1.50585955e-03 -8.32372624e-03 3.56961526e-02 1.99878272e-02
-5.91601357e-02 6.16074540e-03 -5.12214564e-02 8.11075419e-02 1.84728112e-03 -7.55408686e-03 1.67911336e-01 -3.73219848e-01 -3.34564969e-02 -1.13983199e-01 1.56308934e-01 4.01059277e-02 6.65303832e-03 3.67873088e-02 -1.57757774e-01 -8.83366019e-02
-6.11199904e-03 5.34681720e-04 -5.05930278e-03 8.16086587e-03 1.36810326e-04 -8.31509009e-04 1.65163148e-02 -3.67465019e-02 -3.27751227e-03 -1.11690443e-02 1.53085683e-02 3.92791210e-03 6.51536335e-04 3.60161439e-03 -1.54454038e-02 -8.64859670e-03
8.81387200e-03 4.05315892e-04 8.59690830e-03 -1.16213094e-02 -6.79770310e-05 1.33392541e-03 -2.31887009e-02 5.14895283e-02 4.58131405e-03 1.56119410e-02 -2.13526543e-02 -5.48139634e-03 -9.08934977e-04 -5.01347659e-03 2.15060916e-02 1.20416814e-02
3.84941261e-04 6.47239649e-05 5.08017372e-04 -6.10259303e-04 -4.92286108e-06 6.75157498e-05 -1.20723352e-03 2.66794278e-03 2.37983098e-04 8.10935919e-04 -1.11062825e-03 -2.84942507e-04 -4.72567335e-05 -2.61168141e-04 1.12002611e-03 6.27150119e-04
2.48446818e-02 -2.94747506e-03 2.08035056e-02 -3.44026126e-02 -7.29204563e-04 3.29686492e-03 -7.11350590e-02 1.58250734e-01 1.41828014e-02 4.83268388e-02 -6.62705004e-02 -1.70031078e-02 -2.82061147e-03 -1.55962305e-02 6.68825135e-02 3.74509096e-02
-5.76137146e-03 1.36517745e-04 -5.42232115e-03 7.40000186e-03 8.79681029e-05 -8.23044684e-04 1.49827600e-02 -3.32775079e-02 -2.96003092e-03 -1.00908075e-02 1.38203502e-02 3.54661001e-03 5.88057505e-04 3.24810669e-03 -1.39305955e-02 -7.80020747e-03
-2.73085311e-02 3.49093881e-03 -2.10662186e-02 3.54241170e-02 7.67696532e-04 -3.30104632e-03 7.29906783e-02 -1.62250757e-01 -1.45390276e-02 -4.95353304e-02 6.79270923e-02 1.74287446e-02 2.89116963e-03 1.59850754e-02 -6.85505196e-02 -3.83848213e-02
-3.45031661e-03 -3.53053736e-04 -3.29073751e-03 4.35453141e-03 2.18918067e-05 -5.28123230e-04 8.65132920e-03 -1.91057213e-02 -1.69555040e-03 -5.79493865e-03 7.91370124e-03 2.03278265e-03 3.36907076e-04 1.85470330e-03 -7.95866549e-03 -4.45621833e-03
-8.75418354e-03 8.35711369e-04 -7.08696060e-03 1.12848915e-02 1.98068068e-04 -1.17913424e-03 2.27077901e-02 -5.04823960e-02 -4.51583695e-03 -1.54089769e-02 2.10992638e-02 5.41549874e-03 8.97557416e-04 4.95711993e-03 -2.12619733e-02 -1.19047016e-02
3.50414426e-03 -7.19647331e-04 2.17579305e-03 -4.11911821e-03 -1.16121169e-04 3.43359978e-04 -8.66797846e-03 1.93024278e-02 1.73291401e-03 5.90278720e-03 -8.09859019e-03 -2.07794108e-03 -3.44745291e-04 -1.90668204e-03 8.17639846e-03 4.57841111e-03
1.31592872e-02 -1.00946473e-03 1.19664362e-02 -1.82361808e-02 -3.53232550e-04 1.72542012e-03 -3.74625660e-02 8.32973123e-02 7.45485397e-03 2.53981669e-02 -3.48258056e-02 -8.93579051e-03 -1.48231129e-03 -8.19560606e-03 3.51459906e-02 1.96799804e-02
-8.10965057e-03 1.25012128e-04 -6.70248363e-03 9.36920755e-03 7.76169909e-05 -1.10311736e-03 1.86900813e-02 -4.14186865e-02 -3.69795319e-03 -1.26286820e-02 1.72774568e-02 4.43210592e-03 7.34963396e-04 4.04911814e-03 -1.73738506e-02 -9.72765032e-03
8.00143462e-03 9.51604801e-04 6.94794627e-03 -8.82551074e-03 -7.78419053e-05 1.13251910e-03 -1.74134225e-02 3.86089981e-02 3.45028774e-03 1.17859580e-02 -1.61157381e-02 -4.13361005e-03 -6.85377338e-04 -3.77895893e-03 1.62111521e-02 9.07684956e-03
1.72300299e-03 4.10621346e-04 2.26540072e-03 -2.44066957e-03 7.06169158e-06 3.35498189e-04 -4.72542457e-03 1.04136234e-02 9.20212013e-04 3.13496729e-03 -4.30157734e-03 -1.10737409e-03 -1.82759424e-04 -1.00489834e-03 4.31201188e-03 2.41410499e-03
6.69554481e-03 5.14176558e-04 7.01574143e-03 -8.48688092e-03 2.28819845e-05 1.09840010e-03 -1.64230932e-02 3.65376882e-02 3.23409820e-03 1.10672163e-02 -1.50887780e-02 -3.87717457e-03 -6.42299769e-04 -3.52952490e-03 1.51497675e-02 8.48238915e-03
7.71040190e-03 1.09887705e-03 8.50899890e-03 -1.02288220e-02 1.10381079e-05 1.42381317e-03 -2.03133114e-02 4.53996062e-02 3.97135923e-03 1.35890981e-02 -1.84465814e-02 -4.74651298e-03 -7.87710887e-04 -4.31822147e-03 1.85531806e-02 1.03865676e-02
1.22591276e-02 -1.44337118e-03 1.12185450e-02 -1.73307322e-02 -3.78714991e-04 1.71165541e-03 -3.58739980e-02 7.98260868e-02 7.14553567e-03 2.43477598e-02 -3.33870798e-02 -8.56576581e-03 -1.42086251e-03 -7.85594620e-03 3.36892866e-02 1.88643411e-02
-2.93413103e-02 3.03418259e-03 -2.49155071e-02 4.04844768e-02 7.10458728e-04 -3.94323468e-03 8.17350298e-02 -1.81822002e-01 -1.62637029e-02 -5.54057658e-02 7.59490058e-02 1.94894467e-02 3.23291612e-03 1.78716537e-02 -7.66418353e-02 -4.29153256e-02
2.18530037e-02 -8.87784874e-04 2.09906604e-02 -2.99379937e-02 -5.02032868e-04 2.81993113e-03 -6.16817921e-02 1.36812717e-01 1.22417901e-02 4.16936725e-02 -5.71871810e-02 -1.46685243e-02 -2.43312563e-03 -1.34524843e-02 5.76895736e-02 3.23032439e-02
-1.53752798e-02 2.05948949e-03 -1.22821927e-02 2.06688624e-02 4.37541690e-04 -1.94365194e-03 4.29813601e-02 -9.54688340e-02 -8.55388865e-03 -2.91397721e-02 3.99646200e-02 1.02533959e-02 1.70097128e-03 9.40540060e-03 -4.03338708e-02 -2.25849915e-02
6.35861186e-03 8.18030676e-05 6.14321558e-03 -8.90897401e-03 -1.21282232e-04 9.89188091e-04 -1.80774294e-02 4.00978550e-02 3.58287548e-03 1.22186486e-02 -1.67298447e-02 -4.29274421e-03 -7.11983535e-04 -3.93378874e-03 1.68707427e-02 9.44657810e-03
2.34305230e-03 -2.42123526e-04 2.09617428e-03 -3.36688501e-03 -6.67727581e-05 3.28068534e-04 -6.88684685e-03 1.53559614e-02 1.37072231e-03 4.66975803e-03 -6.40236260e-03 -1.64264161e-03 -2.72484642e-04 -1.50643918e-03 6.46024337e-03 3.61738983e-03
-9.00584622e-04 -9.40297963e-04 -3.05173313e-03 2.77921371e-03 -3.64366497e-06 -3.95642128e-04 5.01526240e-03 -1.11362971e-02 -9.70655179e-04 -3.31989769e-03 4.52726008e-03 1.16169453e-03 1.92734544e-04 1.06463116e-03 -4.56580287e-03 -2.55658547e-03
4.02898947e-03 4.03315062e-05 4.59083030e-03 -5.75712230e-03 -2.84516645e-05 6.15465746e-04 -1.15778046e-02 2.56569479e-02 2.29370780e-03 7.81545416e-03 -1.07089505e-02 -2.74751452e-03 -4.55647125e-04 -2.51759449e-03 1.07970377e-02 6.04568329e-03
6.79053483e-05 5.60072367e-04 1.19179056e-03 -9.61358077e-04 1.61106236e-05 1.23610400e-04 -1.68107625e-03 3.66603374e-03 3.27414862e-04 1.11433980e-03 -1.52445002e-03 -3.91119829e-04 -6.48695568e-05 -3.58514022e-04 1.53748353e-03 8.60899920e-04
3.25906137e-03 2.12544925e-04 3.74534843e-03 -4.52709710e-03 3.34483993e-05 6.20279694e-04 -8.84374045e-03 1.96081791e-02 1.73426943e-03 5.92537923e-03 -8.09101481e-03 -2.07726122e-03 -3.44274798e-04 -1.89440616e-03 8.12862348e-03 4.55120858e-03
-1.58824362e-02 -8.47064657e-04 -1.54764131e-02 2.06135716e-02 -3.29783652e-05 -2.35204073e-03 4.08251211e-02 -9.02092084e-02 -8.00233707e-03 -2.72816028e-02 3.72959375e-02 9.57874488e-03 1.58770068e-03 8.76354519e-03 -3.75903174e-02 -2.10473537e-02
4.66569234e-03 6.49921189e-04 4.77955490e-03 -5.88086760e-03 3.61147540e-05 8.90202122e-04 -1.14954039e-02 2.54280791e-02 2.25017569e-03 7.69518875e-03 -1.05103124e-02 -2.69552157e-03 -4.46681806e-04 -2.46334216e-03 1.05668372e-02 5.91662899e-03
-7.05096405e-03 6.76834607e-04 -6.18210342e-03 9.32875462e-03 1.74112924e-04 -8.90760683e-04 1.90144479e-02 -4.23006006e-02 -3.78597551e-03 -1.28979133e-02 1.76831856e-02 4.53684619e-03 7.52609631e-04 4.16097231e-03 -1.78439468e-02 -9.99169517e-03
1.13128405e-02 1.55171053e-03 1.17661338e-02 -1.46107581e-02 9.45676584e-06 1.98737183e-03 -2.87430678e-02 6.45072162e-02 5.66707598e-03 1.92893744e-02 -2.62933988e-02 -6.78177550e-03 -1.12359319e-03 -6.16072072e-03 2.64510792e-02 1.48138870e-02
-9.83913708e-03 -1.45055819e-05 -9.69129242e-03 1.28713287e-02 8.14169616e-05 -1.66338379e-03 2.60471590e-02 -5.78904524e-02 -5.13566611e-03 -1.75184906e-02 2.39631683e-02 6.14505867e-03 1.01907516e-03 5.62568055e-03 -2.41299681e-02 -1.35108065e-02
-3.31043452e-02 -2.90208403e-03 -3.20026278e-02 4.37149927e-02 1.38155010e-04 -5.79087716e-03 8.79111812e-02 -1.94232523e-01 -1.72514878e-02 -5.92048876e-02 8.05108249e-02 2.06544977e-02 3.42533505e-03 1.88895240e-02 -8.10480863e-02 -4.53756228e-02
-1.44127458e-02 1.96689717e-03 -1.14801954e-02 1.99030135e-02 4.30926681e-04 -1.86414085e-03 4.09599096e-02 -9.11230296e-02 -8.16634018e-03 -2.78249718e-02 3.81546915e-02 9.78960749e-03 1.62400899e-03 8.97974242e-03 -3.85085195e-02 -2.15628725e-02
1.54794834e-03 5.16971690e-04 2.21104361e-03 -2.92370073e-03 -4.42587771e-06 3.94136325e-04 -5.17211063e-03 1.14410650e-02 1.02267624e-03 3.48920352e-03 -4.77302726e-03 -1.22456136e-03 -2.03080112e-04 -1.12237339e-03 4.81333164e-03 2.69518443e-03
1.95553135e-02 -2.63760332e-03 1.51193347e-02 -2.55545117e-02 -6.08214119e-04 2.30606622e-03 -5.31775281e-02 1.18311368e-01 1.06069120e-02 3.61368619e-02 -4.95605133e-02 -1.27160680e-02 -2.10951478e-03 -1.16644558e-02 5.00215441e-02 2.80096103e-02
-5.07846987e-03 6.05388195e-04 -4.21149191e-03 6.96502952e-03 1.58950497e-04 -6.37360732e-04 1.44784441e-02 -3.21935304e-02 -2.88571836e-03 -9.83102433e-03 1.34825055e-02 3.45927151e-03 5.73869853e-04 3.17316316e-03 -1.36077143e-02 -7.61964964e-03
-6.12848438e-03 -1.16270722e-03 -7.50461407e-03 8.50049406e-03 -7.31816253e-05 -1.34126260e-03 1.63127035e-02 -3.59309055e-02 -3.19234165e-03 -1.09241614e-02 1.48813417e-02 3.82062863e-03 6.33068499e-04 3.47410515e-03 -1.49147268e-02 -8.34993180e-03
5.35955233e-03 -5.18172048e-04 4.45767865e-03 -6.98275678e-03 -1.40928591e-04 6.97608979e-04 -1.42897386e-02 3.17676105e-02 2.84288009e-03 9.68500506e-03 -1.32776769e-02 -3.40636633e-03 -5.65037306e-04 -3.12351342e-03 1.33950757e-02 7.50052929e-03
2.64634378e-03 2.23761366e-04 2.98273144e-03 -3.56597127e-03 5.64951915e-06 4.55271453e-04 -6.99225254e-03 1.55143347e-02 1.37561024e-03 4.69886884e-03 -6.42242003e-03 -1.64775655e-03 -2.73092563e-04 -1.50521542e-03 6.45717513e-03 3.61546013e-03
-3.88857181e-04 -4.15793766e-05 -8.10766127e-04 1.24281307e-03 5.03306728e-06 -1.34907372e-04 2.36947299e-03 -5.25820255e-03 -4.68461541e-04 -1.59659039e-03 2.18664738e-03 5.61049266e-04 9.30362294e-05 5.14250540e-04 -2.20537069e-03 -1.23487879e-03
9.38546006e-03 1.63537788e-03 1.07119763e-02 -1.16113573e-02 1.21625082e-04 2.09068181e-03 -2.23504528e-02 5.02282046e-02 4.36026836e-03 1.49633950e-02 -2.04054359e-02 -5.23105962e-03 -8.65331618e-04 -4.73954901e-03 2.03562044e-02 1.13981711e-02
2.99440324e-03 -4.59019211e-05 2.82186293e-03 -4.10133740e-03 -5.01862633e-05 4.33333829e-04 -8.12069234e-03 1.80354118e-02 1.60955533e-03 5.48906205e-03 -7.51517992e-03 -1.92844449e-03 -3.19780083e-04 -1.76639704e-03 7.57568516e-03 4.24190145e-03
-4.28093411e-03 6.87863212e-06 -3.98941291e-03 5.86400041e-03 6.86713829e-05 -5.71675890e-04 1.18324552e-02 -2.62632016e-02 -2.34815245e-03 -8.00128002e-03 1.09641952e-02 2.81313877e-03 4.66581347e-04 2.57889112e-03 -1.10596241e-02 -6.19276753e-03
-3.39037157e-04 1.56240159e-04 6.86122628e-04 -4.49411280e-04 1.12681910e-05 7.00082455e-05 -8.57549894e-04 1.87644293e-03 1.65398538e-04 5.61754685e-04 -7.70616054e-04 -1.97249392e-04 -3.26932677e-05 -1.80564137e-04 7.74377026e-04 4.33599664e-04
1.26050226e-03 -2.08809201e-04 4.67210717e-04 -1.04189490e-03 -3.06062429e-05 8.49578937e-05 -2.18895776e-03 4.87860246e-03 4.37760464e-04 1.49132917e-03 -2.04561697e-03 -5.24870469e-04 -8.70770527e-05 -4.81501309e-04 2.06485577e-03 1.15621882e-03
3.76228709e-04 1.27278880e-04 5.45759627e-04 -4.58965515e-04 9.39455003e-06 7.45458310e-05 -8.66015384e-04 1.90275628e-03 1.67650927e-04 5.73170895e-04 -7.80944421e-04 -2.00393959e-04 -3.31919546e-05 -1.82598495e-04 7.83489144e-04 4.38659015e-04
1.72198880e-02 4.11005924e-04 1.75998416e-02 -2.33451501e-02 -3.21876490e-04 2.68293172e-03 -4.80217896e-02 1.06498070e-01 9.51939262e-03 3.24371494e-02 -4.44636345e-02 -1.14017194e-02 -1.89101300e-03 -1.04514351e-02 4.48203646e-02 2.50971448e-02
3.47758387e-03 1.24235288e-03 5.02381753e-03 -4.76529356e-03 3.88669068e-05 7.54490145e-04 -9.32893157e-03 2.06088331e-02 1.82069908e-03 6.21183310e-03 -8.48239940e-03 -2.17952789e-03 -3.61065177e-04 -1.98766706e-03 8.52768961e-03 4.77459049e-03
-3.29795070e-02 -8.07713717e-04 -2.99350936e-02 4.28750329e-02 5.87730785e-04 -4.39824397e-03 8.64927769e-02 -1.91779047e-01 -1.71017591e-02 -5.82890660e-02 7.98868164e-02 2.04929616e-02 3.39893857e-03 1.87867396e-02 -8.05667713e-02 -4.51130085e-02
-1.67424663e-03 1.72885309e-04 -1.34800957e-03 2.16140156e-03 4.14690621e-05 -2.13821011e-04 4.43892227e-03 -9.86286066e-03 -8.83019879e-04 -3.00950953e-03 4.12511639e-03 1.05838315e-03 1.75555790e-04 9.70353431e-04 -4.16138768e-03 -2.33014929e-03
-1.24443956e-02 -3.65612796e-04 -1.30620971e-02 1.68304984e-02 -5.44817012e-05 -2.12139986e-03 3.35006602e-02 -7.43956864e-02 -6.58010133e-03 -2.24426948e-02 3.07190306e-02 7.87802786e-03 1.30680925e-03 7.20464112e-03 -3.09047513e-02 -1.73042882e-02
2.02706410e-03 2.00057373e-04 2.67912215e-03 -3.15470994e-03 -1.59617302e-05 3.70184280e-04 -6.24862825e-03 1.38026942e-02 1.22672354e-03 4.18694038e-03 -5.73082222e-03 -1.46933133e-03 -2.43667688e-04 -1.34571362e-03 5.77156106e-03 3.23167234e-03
1.36524038e-02 -2.40942463e-04 1.20450556e-02 -1.86801590e-02 -3.80266458e-04 1.87497644e-03 -3.78064141e-02 8.39997754e-02 7.52441492e-03 2.56396215e-02 -3.51578146e-02 -9.02025308e-03 -1.49618671e-03 -8.27088766e-03 3.54692079e-02 1.98610760e-02
6.57021534e-04 4.30248328e-05 7.81029230e-04 -9.38893470e-04 1.59348165e-05 1.54114125e-04 -1.81417551e-03 3.99993267e-03 3.52002302e-04 1.20948674e-03 -1.64394523e-03 -4.22852521e-04 -7.00009987e-05 -3.82379250e-04 1.64274895e-03 9.19792568e-04
1.72368402e-03 -1.07296117e-04 1.16748689e-03 -1.88174623e-03 -3.73815128e-05 1.84442746e-04 -3.89329949e-03 8.64690263e-03 7.73885869e-04 2.63872836e-03 -3.61579494e-03 -9.27875750e-04 -1.53881541e-04 -8.50072829e-04 3.64587689e-03 2.04148376e-03
-1.38846831e-02 -1.09966262e-03 -1.74197964e-02 1.88375302e-02 1.45617989e-04 -2.25920789e-03 3.77306789e-02 -8.35654214e-02 -7.45727215e-03 -2.54379325e-02 3.47843021e-02 8.93273111e-03 1.48112210e-03 8.16590711e-03 -3.50306779e-02 -1.96135174e-02
8.62001558e-04 -1.08745531e-04 6.52872608e-04 -1.10779691e-03 -2.29332218e-05 1.03137660e-04 -2.28664186e-03 5.08447830e-03 4.55697125e-04 1.55275350e-03 -2.12881016e-03 -5.46208117e-04 -9.06054120e-05 -5.00911847e-04 2.14812974e-03 1.20284117e-03
-3.92235257e-02 -1.85755407e-03 -3.66486385e-02 5.24820462e-02 5.19929628e-04 -5.93900587e-03 1.05718985e-01 -2.33814865e-01 -2.08350476e-02 -7.10824654e-02 9.72951204e-02 2.49540284e-02 4.13775304e-03 2.28509922e-02 -9.80071127e-02 -5.48778102e-02
-8.54662713e-03 1.21353974e-03 -6.77682552e-03 1.13213109e-02 2.26677133e-04 -1.06973457e-03 2.34364327e-02 -5.20909391e-02 -4.66394844e-03 -1.58897359e-02 2.17899624e-02 5.59059205e-03 9.27419460e-04 5.12793753e-03 -2.19905544e-02 -1.23136183e-02
4.43339814e-03 5.25282405e-04 4.47497098e-03 -5.04740886e-03 6.20113860e-06 6.54471747e-04 -1.00872200e-02 2.22615022e-02 1.98657066e-03 6.77173119e-03 -9.25544649e-03 -2.37791496e-03 -3.93964758e-04 -2.16970546e-03 9.30923130e-03 5.21222595e-03
-2.44591665e-03 -5.01523027e-04 -2.68167770e-03 3.08506796e-03 -5.39924004e-05 -4.88077523e-04 5.84964966e-03 -1.30274780e-02 -1.14793447e-03 -3.92701197e-03 5.33470046e-03 1.37717207e-03 2.27856959e-04 1.24571892e-03 -5.35175949e-03 -2.99599115e-03
7.59823434e-03 5.07196062e-04 7.61898793e-03 -1.03651686e-02 -8.87338247e-05 1.24235929e-03 -2.01768205e-02 4.48332764e-02 3.99425114e-03 1.36365164e-02 -1.86621752e-02 -4.78697522e-03 -7.93701212e-04 -4.38178563e-03 1.87938605e-02 1.05232522e-02
-2.56641973e-02 1.81501871e-03 -2.43145414e-02 3.53886373e-02 6.17099868e-04 -3.39818373e-03 7.30414018e-02 -1.62395313e-01 -1.45384837e-02 -4.95323688e-02 6.79204389e-02 1.74256656e-02 2.89069698e-03 1.59827601e-02 -6.85402825e-02 -3.83791216e-02
6.26024092e-03 3.47256195e-04 6.69955509e-03 -8.40524770e-03 -4.79534501e-05 1.06673408e-03 -1.67250223e-02 3.70988697e-02 3.29812779e-03 1.12578031e-02 -1.53814303e-02 -3.94997792e-03 -6.54689851e-04 -3.60667310e-03 1.54735753e-02 8.66387784e-03
9.25274938e-03 -1.15905888e-04 8.75256304e-03 -1.17122289e-02 -1.03225801e-04 1.32149574e-03 -2.33087540e-02 5.16864322e-02 4.61884076e-03 1.57519691e-02 -2.15558466e-02 -5.53311687e-03 -9.17328463e-04 -5.06207068e-03 2.17132438e-02 1.21577131e-02
-8.62728246e-03 1.28458010e-03 -5.89117315e-03 1.04567474e-02 2.34933133e-04 -9.60280187e-04 2.16217190e-02 -4.80948314e-02 -4.30842163e-03 -1.46797067e-02 2.01290827e-02 5.16468380e-03 8.56758910e-04 4.73694084e-03 -2.03139614e-02 -1.13747912e-02
7.52741192e-03 2.50160461e-04 8.07347242e-03 -1.03394482e-02 -7.81926647e-05 1.24153146e-03 -2.07879022e-02 4.59721163e-02 4.09267005e-03 1.39479861e-02 -1.90909337e-02 -4.89905756e-03 -8.12436861e-04 -4.48746234e-03 1.92459766e-02 1.07764127e-02
2.28277146e-04 -7.82378556e-05 3.43938067e-04 -5.36651409e-04 -5.65831215e-06 6.39221544e-05 -1.07932102e-03 2.39104871e-03 2.14172847e-04 7.29858119e-04 -9.99117619e-04 -2.56471452e-04 -4.25280195e-05 -2.34872510e-04 1.00733247e-03 5.64037531e-04
9.02891159e-03 -2.17605964e-04 8.88637733e-03 -1.23621421e-02 -1.44771024e-04 1.27581542e-03 -2.50030886e-02 5.55298142e-02 4.95780213e-03 1.69024877e-02 -2.31519751e-02 -5.94049180e-03 -9.85276070e-04 -5.44456532e-03 2.33495794e-02 1.30743757e-02
1.24534871e-03 8.68293573e-04 2.38046097e-03 -2.59728008e-03 -1.49161860e-05 2.78300373e-04 -5.00323297e-03 1.10174352e-02 9.84148239e-04 3.35378386e-03 -4.59616538e-03 -1.17917277e-03 -1.95587883e-04 -1.08128926e-03 4.63700388e-03 2.59648240e-03
-1.02931261e-02 3.53737036e-04 -9.13803093e-03 1.39684388e-02 2.43005154e-04 -1.41732604e-03 2.84377616e-02 -6.31622747e-02 -5.65659581e-03 -1.92775913e-02 2.64253262e-02 6.77883066e-03 1.12444197e-03 6.21588528e-03 -2.66565252e-02 -1.49262305e-02
-1.05242124e-02 -2.39376305e-03 -1.12096444e-02 1.29883699e-02 -7.13342743e-05 -1.74288405e-03 2.54101157e-02 -5.62623031e-02 -4.96391905e-03 -1.70015208e-02 2.32695062e-02 5.95882023e-03 9.87922656e-04 5.43014100e-03 -2.33076103e-02 -1.30494656e-02
-7.26946071e-03 -2.02900777e-03 -8.18251446e-03 8.95167887e-03 -3.22174863e-04 -1.72633538e-03 1.63413920e-02 -3.61904129e-02 -3.11684934e-03 -1.06783761e-02 1.44655323e-02 3.73233273e-03 6.17154234e-04 3.35989008e-03 -1.44468900e-02 -8.08854122e-03
1.02565186e-02 1.10933976e-03 9.78829898e-03 -1.20898373e-02 -7.13698682e-05 1.50162040e-03 -2.40898728e-02 5.32450192e-02 4.74905642e-03 1.62009075e-02 -2.21856497e-02 -5.69019979e-03 -9.43200837e-04 -5.19942679e-03 2.23046765e-02 1.24887675e-02
3.45003675e-04 5.28245400e-05 1.91893298e-04 -2.46212119e-04 -3.29916884e-06 2.53692670e-05 -4.97995468e-04 1.10596069e-03 9.89348409e-05 3.37234960e-04 -4.62110504e-04 -1.18567943e-04 -1.96610345e-05 -1.08608147e-04 4.65808407e-04 2.60824221e-04
-1.30072767e-02 -4.14653914e-04 -1.30645931e-02 1.71297546e-02 1.64977071e-04 -2.04766542e-03 3.43387574e-02 -7.60894567e-02 -6.80346182e-03 -2.31834073e-02 3.17594931e-02 8.14895611e-03 1.35131401e-03 7.46499188e-03 -3.20162550e-02 -1.79270245e-02
-9.65322275e-03 -1.99392671e-05 -9.27606970e-03 1.27789974e-02 1.65389574e-04 -1.42858422e-03 2.58558858e-02 -5.73267974e-02 -5.11660427e-03 -1.74392611e-02 2.38889307e-02 6.13069348e-03 1.01630401e-03 5.60924364e-03 -2.40592547e-02 -1.34714153e-02
1.73881967e-02 8.69818032e-05 1.85009744e-02 -2.29039583e-02 -2.35943851e-04 2.50652758e-03 -4.65893969e-02 1.03411831e-01 9.20599047e-03 3.13160270e-02 -4.29199338e-02 -1.10181589e-02 -1.82709331e-03 -1.00937793e-02 4.32889387e-02 2.42391210e-02
3.66759649e-03 -2.48965080e-04 3.12243961e-03 -4.68234159e-03 -9.96189628e-05 4.39193915e-04 -9.68144182e-03 2.15174165e-02 1.92781538e-03 6.56832615e-03 -9.00700875e-03 -2.31095427e-03 -3.83338862e-04 -2.11960031e-03 9.08964872e-03 5.08975377e-03
9.94877075e-04 3.97354946e-04 1.62295392e-03 -1.72008935e-03 1.27702478e-05 2.20477596e-04 -3.23291845e-03 7.13296095e-03 6.33028918e-04 2.15990981e-03 -2.95297662e-03 -7.57624512e-04 -1.25580773e-04 -6.93097012e-04 2.97273020e-03 1.66449428e-03
1.11344829e-02 2.32882192e-03 1.31042302e-02 -1.38042476e-02 2.76753504e-04 2.70610908e-03 -2.56406143e-02 5.73455952e-02 4.94995527e-03 1.70531422e-02 -2.29906719e-02 -5.92959579e-03 -9.83558246e-04 -5.33459196e-03 2.29774658e-02 1.28571661e-02
-2.67043356e-02 -6.54433109e-03 -3.11525762e-02 3.44488621e-02 -4.79129783e-04 -4.55726078e-03 6.41632304e-02 -1.40112311e-01 -1.24332253e-02 -4.26527746e-02 5.81997596e-02 1.50556918e-02 2.47215130e-03 1.35019645e-02 -5.80980144e-02 -3.25268172e-02
4.61702701e-04 -7.36706657e-04 -3.12957854e-04 -1.38766627e-04 -4.48388710e-05 -2.01761886e-05 -6.27653324e-04 1.41088804e-03 1.29802167e-04 4.43508470e-04 -6.13418815e-04 -1.57051778e-04 -2.61290097e-05 -1.45206635e-04 6.22467720e-04 3.48604721e-04
-4.79698414e-03 2.04058422e-04 -4.21018992e-03 6.63969433e-03 9.01648018e-05 -7.22761790e-04 1.35503905e-02 -3.02323643e-02 -2.68583652e-03 -9.15971305e-03 1.25479745e-02 3.21927597e-03 5.33945393e-04 2.95071444e-03 -1.26543632e-02 -7.08571589e-03
1.41330645e-03 1.53866567e-04 2.12842110e-03 -2.49313517e-03 -2.19657231e-05 2.95238890e-04 -4.94596874e-03 1.09446682e-02 9.77778109e-04 3.33189755e-03 -4.56523243e-03 -1.17091101e-03 -1.94170469e-04 -1.07299944e-03 4.60162200e-03 2.57663499e-03
-7.15681585e-03 -3.28146853e-04 -8.19613226e-03 1.03314314e-02 1.42255361e-04 -1.05983228e-03 2.05947496e-02 -4.57819328e-02 -4.08891682e-03 -1.39289228e-02 1.90898199e-02 4.89749108e-03 8.12141341e-04 4.48770914e-03 -1.92460716e-02 -1.07766204e-02
9.31789260e-03 2.04468984e-03 1.21945348e-02 -1.23904869e-02 9.28333611e-05 1.95005722e-03 -2.39955839e-02 5.29538244e-02 4.67489148e-03 1.59910880e-02 -2.18086336e-02 -5.61528187e-03 -9.29593167e-04 -5.07640000e-03 2.18071360e-02 1.22102434e-02
-4.62978380e-03 1.39297976e-04 -4.38572839e-03 6.38846494e-03 1.12113819e-04 -6.42626605e-04 1.29915392e-02 -2.88691148e-02 -2.57950160e-03 -8.78935587e-03 1.20487437e-02 3.09100305e-03 5.12693368e-04 2.83408724e-03 -1.21538714e-02 -6.80551399e-03
7.53254769e-03 -8.48035386e-04 6.67594047e-03 -1.06546870e-02 -2.20986884e-04 1.00989046e-03 -2.19704192e-02 4.88483831e-02 4.37829643e-03 1.49159236e-02 -2.04541925e-02 -5.24789747e-03 -8.70586548e-04 -4.81373258e-03 2.06431095e-02 1.15591194e-02
4.28368663e-03 -8.26238189e-04 3.21741402e-03 -5.76498499e-03 -1.39170967e-04 5.22841234e-04 -1.19956937e-02 2.66895704e-02 2.39305827e-03 8.15303717e-03 -1.11815464e-02 -2.86890403e-03 -4.75931447e-04 -2.63163145e-03 1.12854196e-02 6.31928118e-03
-1.03315525e-02 -9.75976000e-04 -1.29887350e-02 1.61117632e-02 4.50439693e-05 -2.08693347e-03 3.15665416e-02 -7.01172277e-02 -6.26238342e-03 -2.13662963e-02 2.92159617e-02 7.49621587e-03 1.24309049e-03 6.86689746e-03 -2.94510182e-02 -1.64905302e-02
2.60655489e-03 -6.27022469e-04 1.98843936e-03 -3.71581386e-03 -9.56081058e-05 3.37280158e-04 -7.88754970e-03 1.75516494e-02 1.57409185e-03 5.36288274e-03 -7.35541759e-03 -1.88721437e-03 -3.13081662e-04 -1.73119700e-03 7.42401136e-03 4.15708497e-03
5.31577133e-03 5.39836590e-04 5.94143756e-03 -7.90411793e-03 -8.18224798e-05 7.89865968e-04 -1.57419406e-02 3.47314365e-02 3.10727977e-03 1.05733024e-02 -1.44947795e-02 -3.71868070e-03 -6.16888457e-04 -3.41024669e-03 1.46245975e-02 8.18899740e-03
-5.38373459e-03 1.38996635e-04 -5.62758092e-03 8.41258373e-03 1.29884836e-04 -7.63968972e-04 1.66768003e-02 -3.70407812e-02 -3.31956428e-03 -1.13088787e-02 1.55075863e-02 3.97865940e-03 6.60002173e-04 3.64910066e-03 -1.56487804e-02 -8.76252633e-03
-6.19767094e-03 1.43976882e-04 -5.62502770e-03 8.38600378e-03 1.08829394e-04 -9.06429312e-04 1.69182830e-02 -3.76129597e-02 -3.35031375e-03 -1.14348205e-02 1.56533699e-02 4.01524594e-03 6.66030566e-04 3.68099613e-03 -1.57859828e-02 -8.83929804e-03
8.37156549e-03 1.23021775e-04 9.10350867e-03 -1.17766494e-02 -1.70598156e-04 1.30301132e-03 -2.38399189e-02 5.28558046e-02 4.72083222e-03 1.60883944e-02 -2.20434293e-02 -5.65557322e-03 -9.38018318e-04 -5.18426718e-03 2.22328659e-02 1.24491416e-02
-7.84701388e-03 -1.17903925e-04 -7.88969360e-03 1.05435196e-02 1.15099610e-04 -1.08426134e-03 2.11168751e-02 -4.68503907e-02 -4.19393228e-03 -1.42932758e-02 1.95788611e-02 5.02368389e-03 8.33159662e-04 4.60363459e-03 -1.97435040e-02 -1.10551137e-02
-3.15464893e-03 -1.29824621e-03 -4.42971103e-03 4.65075765e-03 3.60570120e-05 -5.42848196e-04 9.34427511e-03 -2.08240990e-02 -1.85130804e-03 -6.30801823e-03 8.64711031e-03 2.21823202e-03 3.67937726e-04 2.03415519e-03 -8.72330368e-03 -4.88459598e-03
2.96584261e-03 6.19420898e-04 4.38451674e-03 -5.71019109e-03 1.79705021e-05 7.49923172e-04 -1.00595625e-02 2.22118832e-02 1.97403017e-03 6.74409699e-03 -9.19460785e-03 -2.36098492e-03 -3.91418202e-04 -2.16076779e-03 9.26786009e-03 5.18924650e-03
1.38806030e-02 -5.91932330e-05 1.27569502e-02 -1.95529498e-02 -3.42295883e-04 1.98466028e-03 -3.94604541e-02 8.74072537e-02 7.82637112e-03 2.66687702e-02 -3.65514569e-02 -9.37666558e-03 -1.55520765e-03 -8.59683566e-03 3.68673503e-02 2.06437130e-02
1.52615085e-02 -1.59668026e-03 1.31249465e-02 -2.09888648e-02 -4.44601639e-04 1.96806807e-03 -4.31928448e-02 9.60535109e-02 8.60767998e-03 2.93265991e-02 -4.02163900e-02 -1.03185885e-02 -1.71176228e-03 -9.46493354e-03 4.05891985e-02 2.27279495e-02
-1.98949128e-02 2.53985636e-05 -2.07066946e-02 2.88512390e-02 2.05880817e-04 -3.37672420e-03 5.83134443e-02 -1.29465014e-01 -1.15458854e-02 -3.93505208e-02 5.39258383e-02 1.38325384e-02 2.29448988e-03 1.26835359e-02 -5.43929152e-02 -3.04570198e-02
1.38297805e-03 4.40448232e-04 1.68658956e-03 -1.62220793e-03 7.25313439e-05 3.18351173e-04 -3.02823121e-03 6.75174920e-03 5.79235377e-04 1.99959823e-03 -2.68233661e-03 -6.96633419e-04 -1.15614152e-04 -6.21041923e-04 2.67403480e-03 1.49730931e-03
-2.09518694e-05 6.77323551e-04 7.90762191e-04 -3.16250051e-04 4.15987561e-05 9.87537933e-05 -2.62689573e-04 5.69198164e-04 4.25977560e-05 1.47230443e-04 -1.96912733e-04 -5.02913317e-05 -8.27091935e-06 -4.52206623e-05 1.94070511e-04 1.08632055e-04
-2.35898141e-03 1.08550506e-04 -2.27642339e-03 3.18889436e-03 4.09216336e-05 -3.17237689e-04 6.37007086e-03 -1.41427526e-02 -1.26358075e-03 -4.30529239e-03 5.89897810e-03 1.51342701e-03 2.50986835e-04 1.38660567e-03 -5.94680570e-03 -3.32983374e-03
-1.54404866e-03 -3.88385786e-04 -1.59320282e-03 1.78541732e-03 -6.59534271e-06 -2.31422862e-04 3.40504013e-03 -7.53117492e-03 -6.71030779e-04 -2.28843256e-03 3.12994374e-03 8.02974158e-04 1.33100766e-04 7.34702509e-04 -3.15117231e-03 -1.76441623e-03
2.11435221e-02 -1.68108265e-03 1.96640119e-02 -2.96262559e-02 -5.77989733e-04 2.83227884e-03 -6.03644885e-02 1.34318843e-01 1.20209698e-02 4.09573317e-02 -5.61536103e-02 -1.44070340e-02 -2.38991948e-03 -1.32134873e-02 5.66647388e-02 3.17293741e-02
-3.34796868e-03 1.91737461e-04 -2.74428213e-03 4.24476806e-03 6.31140574e-05 -4.49584506e-04 8.54980946e-03 -1.89807229e-02 -1.69682421e-03 -5.78647573e-03 7.92526361e-03 2.03358056e-03 3.37271485e-04 1.86348881e-03 -7.99197145e-03 -4.47504222e-03
-2.22631618e-02 1.15702068e-03 -2.01055929e-02 2.92187948e-02 4.88231395e-04 -2.96657137e-03 5.90335727e-02 -1.31264374e-01 -1.17401369e-02 -4.00161631e-02 5.48237003e-02 1.40663497e-02 2.33272789e-03 1.28899533e-02 -5.52808382e-02 -3.09539158e-02
1.07172458e-02 -1.37243303e-04 9.80219897e-03 -1.39319217e-02 -1.80221832e-04 1.51502807e-03 -2.85287388e-02 6.34638742e-02 5.66330459e-03 1.93026215e-02 -2.64527835e-02 -6.78624073e-03 -1.12557225e-03 -6.22145133e-03 2.66806595e-02 1.49396947e-02
-1.69553666e-03 9.76226642e-04 2.43705348e-04 1.66619557e-03 1.21170662e-04 -9.70122419e-05 3.87432985e-03 -8.69311672e-03 -7.84166041e-04 -2.67382991e-03 3.67178046e-03 9.42071434e-04 1.56369279e-04 8.65514448e-04 -3.71137774e-03 -2.07825308e-03
-4.50728135e-03 4.35603462e-04 -3.63772037e-03 5.90777118e-03 1.17370495e-04 -5.56032232e-04 1.21466331e-02 -2.69923210e-02 -2.41550873e-03 -8.22721235e-03 1.12808524e-02 2.89460388e-03 4.80137387e-04 2.65440298e-03 -1.13832196e-02 -6.37402292e-03
1.42973168e-02 -2.83346511e-04 1.19450521e-02 -1.94439143e-02 -2.52663333e-04 2.01399741e-03 -3.91423628e-02 8.69842395e-02 7.77444663e-03 2.65119262e-02 -3.63189839e-02 -9.31833684e-03 -1.54551957e-03 -8.54387321e-03 3.66400555e-02 2.05164626e-02
