-5.09853289e-03 -4.09202930e-03 1.25426305e-02 -1.32220867e-03 3.94167053e-03 2.52189301e-03 -1.48277059e-02 5.33337556e-02 5.84422611e-03 8.75945482e-03 -2.18607672e-02 -1.16193462e-02 -4.00636904e-03 -1.73469272e-03 2.06841882e-02 2.25129947e-02
4.13282774e-03 1.23581162e-03 -5.53926686e-03 5.69896598e-04 -1.95131777e-03 -1.30538957e-03 7.14702113e-03 -2.60283258e-02 -2.86623649e-03 -4.29467810e-03 1.07084159e-02 5.69009967e-03 1.96276885e-03 8.50814453e-04 -1.01431375e-02 -1.10411169e-02
-1.44013460e-03 -1.82028743e-03 4.61234245e-03 -5.88394585e-04 1.42837281e-03 8.71171069e-04 -5.48370136e-03 1.96691398e-02 2.13210983e-03 3.19842482e-03 -7.98859075e-03 -4.24782606e-03 -1.46513141e-03 -6.32883341e-04 7.54960300e-03 8.21531378e-03
7.52175646e-03 4.54922765e-03 -1.65635869e-02 1.70841580e-03 -5.58552053e-03 -3.70700285e-03 2.04683673e-02 -7.46284947e-02 -8.21878202e-03 -1.23131406e-02 3.07011046e-02 1.63113158e-02 5.62665844e-03 2.43981951e-03 -2.90850773e-02 -3.16610523e-02
-6.11461047e-03 -2.81552738e-03 1.08747333e-02 -1.15613616e-03 3.80392978e-03 2.45973701e-03 -1.39091266e-02 5.09135686e-02 5.60201611e-03 8.39381758e-03 -2.09204908e-02 -1.11177322e-02 -3.83516960e-03 -1.66299718e-03 1.98247936e-02 2.15804875e-02
4.02379024e-04 2.16178858e-04 -8.91964883e-04 9.72686248e-05 -3.07050243e-04 -1.95515255e-04 1.13867689e-03 -4.13092691e-03 -4.52373584e-04 -6.78019074e-04 1.69166492e-03 8.99259874e-04 3.10188771e-04 1.34280868e-04 -1.60123466e-03 -1.74278440e-03
8.32645863e-04 1.20016222e-03 -3.18097114e-03 3.98210948e-04 -8.75848345e-04 -4.47147642e-04 3.55484453e-03 -1.25328572e-02 -1.34221290e-03 -2.02242075e-03 5.08113438e-03 2.70571490e-03 9.34011652e-04 3.98726377e-04 -4.77336440e-03 -5.18467929e-03
6.17469370e-04 9.41422419e-04 -2.60368129e-03 3.21921310e-04 -8.08791257e-04 -5.00988623e-04 3.07356566e-03 -1.10354833e-02 -1.20665203e-03 -1.81006477e-03 4.52041673e-03 2.40347604e-03 8.28944787e-04 3.58191988e-04 -4.27282182e-03 -4.64959163e-03
-3.20177060e-04 -3.61577165e-03 7.25297770e-03 -7.85577053e-04 2.04648380e-03 1.19938725e-03 -7.73883471e-03 2.77994443e-02 3.03571578e-03 4.55593783e-03 -1.13984868e-02 -6.05405448e-03 -2.08810018e-03 -9.01071937e-04 1.07502984e-02 1.16977710e-02
1.91115297e-03 1.99930463e-03 -5.66495070e-03 5.45116782e-04 -1.73944293e-03 -1.11307122e-03 6.57883380e-03 -2.38608960e-02 -2.58738012e-03 -3.87687492e-03 9.66981892e-03 5.13956044e-03 1.77263538e-03 7.68042519e-04 -9.15689021e-03 -9.96719114e-03
-2.09475472e-03 -2.23944033e-03 5.67702018e-03 -6.24452019e-04 1.79798878e-03 1.14050275e-03 -6.77107228e-03 2.45487038e-02 2.67959130e-03 4.01683245e-03 -1.00217657e-02 -5.32525592e-03 -1.83688104e-03 -7.95419561e-04 9.48414020e-03 1.03229648e-02
-4.99608787e-03 -4.20329720e-03 1.29909040e-02 -1.35459914e-03 4.21182066e-03 2.78490409e-03 -1.56145571e-02 5.66548035e-02 6.22351654e-03 9.32481047e-03 -2.32582390e-02 -1.23621905e-02 -4.26342944e-03 -1.84742990e-03 2.20258478e-02 2.39750184e-02
1.04311132e-03 1.06565398e-03 -2.89619970e-03 2.88260664e-04 -8.62600282e-04 -5.45201299e-04 3.24822171e-03 -1.17273275e-02 -1.28556089e-03 -1.92723691e-03 4.80996352e-03 2.55708839e-03 8.81678367e-04 3.81594728e-04 -4.55038669e-03 -4.95254342e-03
6.95517007e-03 5.42255864e-03 -1.63462237e-02 1.66046433e-03 -5.15336776e-03 -3.29355150e-03 1.93397459e-02 -6.99870586e-02 -7.65349716e-03 -1.14680612e-02 2.86047757e-02 1.52066955e-02 5.24458010e-03 2.27175071e-03 -2.70863902e-02 -2.94822324e-02
-1.11492630e-03 -2.58630514e-03 7.84669630e-03 -7.43107696e-04 2.50063627e-03 1.66533643e-03 -9.13178548e-03 3.32950950e-02 3.66992317e-03 5.49710123e-03 -1.37036080e-02 -7.28190690e-03 -2.51189503e-03 -1.08942133e-03 1.29866078e-02 1.41370408e-02
2.52886750e-02 1.51861310e-02 -5.11478260e-02 4.90151951e-03 -1.78561229e-02 -1.21351844e-02 6.45770207e-02 -2.36466199e-01 -2.61333417e-02 -3.91442962e-02 9.75716412e-02 5.18463999e-02 1.78851206e-02 7.75816338e-03 -9.24808010e-02 -1.00674570e-01
4.71645407e-03 2.63671996e-03 -8.99035204e-03 1.00316282e-03 -3.13111115e-03 -2.05876539e-03 1.15071498e-02 -4.20056507e-02 -4.61043837e-03 -6.90666260e-03 1.72176920e-02 9.14877653e-03 3.15588992e-03 1.36865291e-03 -1.63153242e-02 -1.77605804e-02
-4.70689079e-03 -4.95286426e-03 1.27922259e-02 -1.39672728e-03 3.96458758e-03 2.50154524e-03 -1.50524369e-02 5.43655232e-02 5.91412652e-03 8.86682328e-03 -2.21319515e-02 -1.17654465e-02 -4.05851100e-03 -1.75547868e-03 2.09364090e-02 2.27850191e-02
-3.11907148e-04 -2.56432337e-04 6.89670909e-04 -7.10415770e-05 2.22316157e-04 1.46642968e-04 -8.19382374e-04 2.97434139e-03 3.27357469e-04 4.90404025e-04 -1.22256938e-03 -6.49593014e-04 -2.24073330e-04 -9.71767950e-05 1.15841464e-03 1.26103149e-03
-2.10808739e-02 -7.15673715e-03 3.52767110e-02 -3.53904977e-03 1.32230874e-02 9.01818182e-03 -4.76755053e-02 1.75048053e-01 1.93503052e-02 2.89840046e-02 -7.22462833e-02 -3.83884013e-02 -1.32429851e-02 -5.74454432e-03 6.84775263e-02 7.45446384e-02
2.22687284e-03 2.50142114e-03 -7.11422414e-03 7.32858316e-04 -2.17486522e-03 -1.36963767e-03 8.21038801e-03 -2.96644773e-02 -3.22930724e-03 -4.83995071e-03 1.20764086e-02 6.41811313e-03 2.21319264e-03 9.58576216e-04 -1.14291543e-02 -1.24401189e-02
6.83771353e-03 6.18660636e-03 -1.72572359e-02 1.82361493e-03 -5.77618973e-03 -3.84116941e-03 2.11784355e-02 -7.71260783e-02 -8.50163680e-03 -1.27356946e-02 3.17516327e-02 1.68720111e-02 5.81985665e-03 2.52380129e-03 -3.00859325e-02 -3.27507630e-02
1.95898069e-03 3.25754099e-03 -6.30462123e-03 7.24786310e-04 -1.77954254e-03 -1.05313445e-03 7.02391565e-03 -2.48132721e-02 -2.67664785e-03 -4.01717098e-03 1.00408411e-02 5.34085557e-03 1.84166292e-03 7.94526888e-04 -9.48083121e-03 -1.03151770e-02
-1.68074528e-03 7.22745433e-04 -1.54356216e-03 2.20034097e-04 -5.14981919e-04 -3.10555624e-04 1.91052386e-03 -6.92763273e-03 -7.57027883e-04 -1.13519630e-03 2.83609075e-03 1.50790834e-03 5.19398833e-04 2.24674368e-04 -2.67990096e-03 -2.91609881e-03
8.16205516e-04 -5.15254971e-04 -1.98260386e-04 -3.77505457e-05 -1.92771535e-04 -1.67337392e-04 6.15556259e-04 -2.36915657e-03 -2.68919044e-04 -4.02337930e-04 1.00138166e-03 5.32277045e-04 1.83724987e-04 7.98604306e-05 -9.51749389e-04 -1.03623688e-03
-1.15155075e-02 -5.64894173e-03 2.11591739e-02 -2.10545561e-03 7.41311396e-03 5.02784410e-03 -2.69475672e-02 9.86377075e-02 1.08778160e-02 1.62940007e-02 -4.06164862e-02 -2.15826109e-02 -7.44521664e-03 -3.22924950e-03 3.84944417e-02 4.19047773e-02
6.34761993e-04 5.63669065e-03 -1.04402434e-02 1.33633194e-03 -2.41369847e-03 -1.16479478e-03 1.00519378e-02 -3.50918770e-02 -3.75098200e-03 -5.64158522e-03 1.41733186e-02 7.52498955e-03 2.59640045e-03 1.11346156e-03 -1.33031132e-02 -1.44635318e-02
2.37014680e-03 -1.45881553e-03 1.02494017e-03 -1.79390539e-04 4.44401085e-05 -1.23697071e-04 -3.87369306e-04 1.07744162e-03 9.30820970e-05 1.44129022e-04 -3.82276892e-04 -2.01808711e-04 -6.94433184e-05 -2.74683898e-05 3.32897791e-04 3.59105528e-04
2.76920939e-04 -6.36070559e-04 6.20869978e-04 -6.78895958e-05 6.90141751e-05 1.92289299e-05 -3.36029450e-04 1.09546841e-03 1.12579612e-04 1.69045976e-04 -4.26830637e-04 -2.28079734e-04 -7.78888862e-05 -3.33968092e-05 3.98706034e-04 4.33592591e-04
-7.26066064e-05 -2.30276375e-03 4.66489652e-03 -5.83338900e-04 1.15515839e-03 6.38756203e-04 -4.65560611e-03 1.66269913e-02 1.77301059e-03 2.66460795e-03 -6.67274138e-03 -3.55129782e-03 -1.22428697e-03 -5.26314310e-04 6.28488371e-03 6.83541223e-03
-3.96056566e-03 -4.82702069e-03 1.15026738e-02 -1.25019543e-03 3.43998498e-03 2.06183502e-03 -1.33447992e-02 4.80912589e-02 5.14045591e-03 7.71694956e-03 -1.92655958e-02 -1.02543579e-02 -3.54072452e-03 -1.52603199e-03 1.82234813e-02 1.98187456e-02
-6.70908904e-03 -1.59971835e-03 1.08658364e-02 -1.09003473e-03 4.14788676e-03 2.84194737e-03 -1.49356797e-02 5.48484139e-02 6.06267946e-03 9.08096135e-03 -2.26356275e-02 -1.20275412e-02 -4.14919155e-03 -1.79983198e-03 2.14547962e-02 2.33556982e-02
1.43762147e-02 8.26726761e-03 -2.83970125e-02 3.22746974e-03 -9.82419960e-03 -6.52614469e-03 3.59565876e-02 -1.31485566e-01 -1.44694690e-02 -2.16755141e-02 5.40314689e-02 2.87140850e-02 9.90517531e-03 4.29535098e-03 -5.12042083e-02 -5.57396337e-02
-1.50503088e-02 -9.27296095e-03 3.10666747e-02 -2.98369979e-03 1.05156675e-02 7.16558471e-03 -3.84951718e-02 1.40252709e-01 1.54613825e-02 2.31595300e-02 -5.77471778e-02 -3.06772627e-02 -1.05820661e-02 -4.58986405e-03 5.47136478e-02 5.95609434e-02
2.04657507e-03 1.55950407e-03 -5.68983098e-03 5.57162100e-04 -2.05879845e-03 -1.39605009e-03 7.49500096e-03 -2.73595490e-02 -3.02109052e-03 -4.52511152e-03 1.12799164e-02 5.99331781e-03 2.06755614e-03 8.96864512e-04 -1.06910216e-02 -1.16382483e-02
-5.71690500e-03 -3.45633738e-03 1.10830916e-02 -1.14066037e-03 3.85555532e-03 2.53645470e-03 -1.41316112e-02 5.15144467e-02 5.67260478e-03 8.49907659e-03 -2.11898554e-02 -1.12596583e-02 -3.88405495e-03 -1.68394705e-03 2.00747363e-02 2.18524337e-02
4.56918171e-03 2.12505134e-03 -6.79584779e-03 7.05941755e-04 -2.35138019e-03 -1.57680549e-03 8.54395609e-03 -3.13769914e-02 -3.44978808e-03 -5.16749360e-03 1.28815025e-02 6.84447587e-03 2.36110925e-03 1.02411222e-03 -1.22079570e-02 -1.32895019e-02
1.00381738e-02 3.18503799e-03 -1.46459648e-02 1.52905611e-03 -5.24684740e-03 -3.51804704e-03 1.90811343e-02 -6.98169693e-02 -7.68616935e-03 -1.15141207e-02 2.86985245e-02 1.52493194e-02 5.26077347e-03 2.28176336e-03 -2.71999110e-02 -2.96096373e-02
8.11664795e-04 4.91119863e-05 -1.02080725e-04 1.03399716e-05 8.13248107e-07 7.58840906e-06 1.43954485e-05 -2.28671015e-05 -1.14424176e-06 -1.80140091e-06 4.96352050e-06 2.59164881e-06 8.61826891e-07 3.31271082e-07 -4.00200406e-06 -4.31702665e-06
-5.98819647e-03 -1.63309160e-03 9.14001185e-03 -9.34869226e-04 3.44018592e-03 2.35633296e-03 -1.24148540e-02 4.55307253e-02 5.03303669e-03 7.53873587e-03 -1.87911224e-02 -9.98481549e-03 -3.44452052e-03 -1.49415294e-03 1.78109780e-02 1.93890240e-02
-1.96116162e-03 -1.72595342e-03 5.38655184e-03 -5.88162919e-04 1.68362656e-03 1.06172985e-03 -6.37798989e-03 2.30752379e-02 2.51672324e-03 3.77305923e-03 -9.41868313e-03 -5.00563858e-03 -1.72651932e-03 -7.47069076e-04 8.90886318e-03 9.69604217e-03
7.34768389e-03 7.50412699e-03 -2.12962385e-02 2.35722726e-03 -6.82871230e-03 -4.45523486e-03 2.59064641e-02 -9.32797641e-02 -1.01868408e-02 -1.52661139e-02 3.80662344e-02 2.02373937e-02 6.97887735e-03 3.02381651e-03 -3.60525921e-02 -3.92418876e-02
-7.34376023e-04 -1.31138577e-03 3.56290885e-03 -3.90483590e-04 1.15326513e-03 7.18502502e-04 -4.32662340e-03 1.56754386e-02 1.71671668e-03 2.57294322e-03 -6.41868962e-03 -3.40982643e-03 -1.17597228e-03 -5.09605510e-04 6.07558526e-03 6.61333464e-03
1.13789819e-03 1.12493034e-03 -3.56251281e-03 3.55232158e-04 -1.14735065e-03 -7.73908745e-04 4.17680945e-03 -1.52997654e-02 -1.68712030e-03 -2.52717081e-03 6.29958557e-03 3.34718917e-03 1.15468737e-03 5.00842230e-04 -5.97029598e-03 -6.49923645e-03
-4.80689062e-03 -7.03707803e-03 1.60928033e-02 -1.78886601e-03 4.83617745e-03 2.91465851e-03 -1.85617674e-02 6.74957260e-02 7.23410910e-03 1.08524272e-02 -2.71006562e-02 -1.44480048e-02 -4.98349825e-03 -2.14773580e-03 2.56349742e-02 2.78894547e-02
3.74380965e-03 4.00553271e-03 -1.17530134e-02 1.20151509e-03 -3.69254639e-03 -2.27135606e-03 1.39294015e-02 -5.04464470e-02 -5.49313705e-03 -8.23403336e-03 2.05466654e-02 1.09128235e-02 3.76427313e-03 1.63055409e-03 -1.94416158e-02 -2.11609695e-02
1.35611948e-02 1.80556402e-02 -4.06660065e-02 4.44838684e-03 -1.26631930e-02 -7.53757171e-03 4.88592535e-02 -1.74525991e-01 -1.89567506e-02 -2.84604598e-02 7.09937736e-02 3.77185978e-02 1.30128404e-02 5.62703237e-03 -6.71302453e-02 -7.30426982e-02
8.03145766e-03 3.28559894e-03 -1.36120850e-02 1.44064531e-03 -5.06724510e-03 -3.43326596e-03 1.83180086e-02 -6.72063306e-02 -7.42475968e-03 -1.11215245e-02 2.77211666e-02 1.47298910e-02 5.08140540e-03 2.20418279e-03 -2.62748729e-02 -2.86027994e-02
-5.23736980e-03 -2.40676757e-03 9.17557254e-03 -1.04732963e-03 3.32326349e-03 2.20944476e-03 -1.20493956e-02 4.41313870e-02 4.87498194e-03 7.30254082e-03 -1.82025786e-02 -9.67196468e-03 -3.33649176e-03 -1.44721626e-03 1.72515698e-02 1.87799763e-02
-1.98597624e-03 -3.98285501e-03 6.88973255e-03 -5.71611105e-04 2.10198504e-03 1.43950863e-03 -7.61035318e-03 2.78914962e-02 3.08142882e-03 4.61551733e-03 -1.15045980e-02 -6.11306913e-03 -2.10886635e-03 -9.14785487e-04 1.09046493e-02 1.18708024e-02
-4.01191553e-03 -8.42168927e-04 5.79949562e-03 -5.84175519e-04 2.23632599e-03 1.53893430e-03 -8.04945827e-03 2.95596104e-02 3.26829590e-03 4.89537045e-03 -1.22022461e-02 -6.48377044e-03 -2.23675300e-03 -9.70262627e-04 1.15659600e-02 1.25907073e-02
2.21436750e-03 3.41047766e-03 -8.26783851e-03 9.65039420e-04 -2.41120439e-03 -1.39374682e-03 9.35884193e-03 -3.34202610e-02 -3.62961693e-03 -5.44834323e-03 1.36263557e-02 7.24329008e-03 2.49873055e-03 1.07750739e-03 -1.28593687e-02 -1.39897382e-02
-2.27447227e-03 -2.23802077e-03 6.16802182e-03 -6.45018124e-04 1.95088109e-03 1.23895973e-03 -7.21629662e-03 2.62255501e-02 2.87588825e-03 4.30901907e-03 -1.07480530e-02 -5.70970774e-03 -1.96944014e-03 -8.53677629e-04 1.01771224e-02 1.10781863e-02
-1.99049059e-03 -1.19512936e-03 4.31910343e-03 -4.53705492e-04 1.44659309e-03 9.46422631e-04 -5.34047978e-03 1.94547232e-02 2.13552359e-03 3.20003717e-03 -7.98240956e-03 -4.24113311e-03 -1.46281475e-03 -6.33922056e-04 7.55764311e-03 8.22658930e-03
5.26820403e-03 9.90875764e-04 -6.15810091e-03 6.57204713e-04 -2.32885010e-03 -1.57772424e-03 8.43305327e-03 -3.08966581e-02 -3.40959663e-03 -5.10732736e-03 1.27312755e-02 6.76486967e-03 2.33357772e-03 1.01218780e-03 -1.20658437e-02 -1.31347887e-02
-3.64769297e-03 -5.57784969e-03 1.44279823e-02 -1.59794581e-03 4.22179746e-03 2.36023124e-03 -1.62920263e-02 5.91037124e-02 6.32993924e-03 9.50097851e-03 -2.37933323e-02 -1.26346964e-02 -4.35507903e-03 -1.87900197e-03 2.24234909e-02 2.43967995e-02
-1.86131219e-03 -1.24204205e-03 4.23792470e-03 -4.68795304e-04 1.44913886e-03 9.60027217e-04 -5.31691033e-03 1.93985365e-02 2.13386607e-03 3.19714914e-03 -7.97206163e-03 -4.23614960e-03 -1.46113825e-03 -6.33444812e-04 7.55149266e-03 8.22017808e-03
2.52161222e-03 1.66684028e-03 -5.18111419e-03 5.46014053e-04 -1.77352736e-03 -1.19724695e-03 6.52176887e-03 -2.37762928e-02 -2.61788815e-03 -3.92192416e-03 9.77822114e-03 5.19568752e-03 1.79217849e-03 7.77131296e-04 -9.26416367e-03 -1.00846738e-02
-2.28656759e-03 3.71140923e-04 2.18582293e-03 -2.42995506e-04 1.00754830e-03 7.05021608e-04 -3.57807800e-03 1.32081909e-02 1.46385515e-03 2.19253497e-03 -5.46388282e-03 -2.90374854e-03 -1.00177538e-03 -4.34588263e-04 5.18044876e-03 5.63946646e-03
-2.49274843e-03 -2.51944084e-03 5.98094193e-03 -4.83799085e-04 1.63498218e-03 1.07633532e-03 -5.98590681e-03 2.18223091e-02 2.40847236e-03 3.60768940e-03 -8.99309292e-03 -4.77838051e-03 -1.64833595e-03 -7.14993395e-04 8.52304976e-03 9.27818287e-03
-9.15167388e-04 -5.15075400e-04 1.73059059e-03 -1.77153881e-04 5.35991916e-04 3.37748381e-04 -2.01454433e-03 7.27322977e-03 7.95379281e-04 1.19219464e-03 -2.97499611e-03 -1.58076454e-03 -5.45182091e-04 -2.36091655e-04 2.81502772e-03 3.06398096e-03
-1.07020661e-02 -8.29536654e-03 2.40010805e-02 -2.26118811e-03 7.82059971e-03 5.03802486e-03 -2.88257990e-02 1.04821146e-01 1.15302792e-02 1.72748491e-02 -4.30908427e-02 -2.28861477e-02 -7.89404195e-03 -3.42274178e-03 4.08017561e-02 4.44160625e-02
-6.77064899e-03 -2.67194305e-03 1.13996444e-02 -1.14320894e-03 4.00628895e-03 2.65126070e-03 -1.46431886e-02 5.34583367e-02 5.88480989e-03 8.81632976e-03 -2.19833441e-02 -1.16829621e-02 -4.02985513e-03 -1.74693158e-03 2.08260417e-02 2.26700101e-02
9.65226814e-03 9.42847040e-03 -2.79344171e-02 2.92606279e-03 -9.57762357e-03 -6.40207110e-03 3.51972282e-02 -1.28112823e-01 -1.40915820e-02 -2.11101305e-02 5.26337475e-02 2.79639177e-02 9.64603852e-03 4.18322673e-03 -4.98671308e-02 -5.42844944e-02
-3.33490269e-03 -1.13766245e-03 4.63511422e-03 -4.80914256e-04 1.58432394e-03 1.03129528e-03 -5.83264744e-03 2.12200209e-02 2.33428786e-03 3.49757890e-03 -8.72258469e-03 -4.63454425e-03 -1.59858970e-03 -6.92934496e-04 8.26087222e-03 8.99225567e-03
7.31155835e-03 5.17080538e-03 -1.86626464e-02 1.96489226e-03 -6.31949864e-03 -4.14521899e-03 2.34765187e-02 -8.54484662e-02 -9.36228689e-03 -1.40280304e-02 3.49942371e-02 1.85905118e-02 6.41374709e-03 2.77918158e-03 -3.31333764e-02 -3.60662751e-02
-3.24211060e-03 -1.74750586e-03 6.26439648e-03 -6.34463795e-04 2.10632756e-03 1.40597520e-03 -7.72471540e-03 2.81301960e-02 3.09767830e-03 4.64068912e-03 -1.15708318e-02 -6.14705635e-03 -2.12047808e-03 -9.19577316e-04 1.09620942e-02 1.19330995e-02
-8.55363533e-03 -6.97793253e-03 1.89981982e-02 -2.01833481e-03 6.62546093e-03 4.39856574e-03 -2.40428504e-02 8.79517868e-02 9.70967114e-03 1.45448027e-02 -3.62635888e-02 -1.92681123e-02 -6.64648507e-03 -2.88245641e-03 3.43607999e-02 3.74048911e-02
7.75474473e-05 -3.85232939e-04 7.82249146e-04 -1.07195126e-04 2.41131303e-04 1.43323501e-04 -9.34298267e-04 3.34195164e-03 3.61991464e-04 5.43396571e-04 -1.35921536e-03 -7.22932804e-04 -2.49347446e-04 -1.07464286e-04 1.28263654e-03 1.39539316e-03
3.47133772e-03 1.54121895e-03 -5.18449023e-03 5.33313432e-04 -1.63264200e-03 -1.01845327e-03 6.21458003e-03 -2.22622678e-02 -2.42742756e-03 -3.64054623e-03 9.09548625e-03 4.83500818e-03 1.66698848e-03 7.20519980e-04 -8.59431829e-03 -9.35262442e-03
6.85342681e-03 7.84859248e-03 -2.11915839e-02 1.97853032e-03 -6.00036513e-03 -3.81492474e-03 2.24092174e-02 -8.11292082e-02 -8.89489800e-03 -1.33323446e-02 3.32623161e-02 1.76828504e-02 6.09945413e-03 2.64033559e-03 -3.14840190e-02 -3.42667215e-02
2.65503419e-03 3.96805757e-04 -3.29058873e-03 3.36789613e-04 -1.26057677e-03 -8.62918387e-04 4.54482390e-03 -1.66757423e-02 -1.84301275e-03 -2.76062870e-03 6.88143587e-03 3.65650607e-03 1.26138306e-03 5.47130010e-04 -6.52207900e-03 -7.09990272e-03
1.68806911e-02 1.76158287e-02 -4.72698249e-02 5.05255256e-03 -1.60171837e-02 -1.04423733e-02 5.95240109e-02 -2.15443552e-01 -2.36467775e-02 -3.54350172e-02 8.83884877e-02 4.69538905e-02 1.61949880e-02 7.01948302e-03 -8.36853832e-02 -9.10935476e-02
4.78293048e-03 2.41147680e-03 -9.70901083e-03 9.73231450e-04 -3.46222194e-03 -2.34358967e-03 1.26261124e-02 -4.61381450e-02 -5.08901803e-03 -7.62275653e-03 1.90014355e-02 1.00961979e-02 3.48288636e-03 1.51076191e-03 -1.80089939e-02 -1.96045600e-02
-2.22830195e-03 -2.21160986e-03 6.83005620e-03 -6.88098371e-04 2.17585126e-03 1.38836354e-03 -8.15034565e-03 2.94451043e-02 3.22738104e-03 4.83768620e-03 -1.20752500e-02 -6.42061699e-03 -2.21411069e-03 -9.57979762e-04 1.14246951e-02 1.24337887e-02
3.41380131e-03 3.74936312e-03 -8.51984229e-03 9.91263078e-04 -2.43999436e-03 -1.38491765e-03 9.54378303e-03 -3.43657434e-02 -3.69746517e-03 -5.55040920e-03 1.38718933e-02 7.39585329e-03 2.54932279e-03 1.09749299e-03 -1.31026907e-02 -1.42514063e-02
-5.29237185e-03 -3.93669633e-03 1.26428567e-02 -1.38917041e-03 4.34020208e-03 2.84149731e-03 -1.58760976e-02 5.80242351e-02 6.38673455e-03 9.56921745e-03 -2.38637086e-02 -1.26784816e-02 -4.37322725e-03 -1.89595157e-03 2.26023383e-02 2.46037338e-02
1.15862349e-02 6.10912032e-03 -2.31628697e-02 2.20683776e-03 -8.02348461e-03 -5.45943482e-03 2.91321836e-02 -1.06735505e-01 -1.17826033e-02 -1.76490322e-02 4.39948589e-02 2.33760737e-02 8.06406792e-03 3.49786715e-03 -4.16962691e-02 -4.53904495e-02
-3.86161683e-03 -3.56089603e-03 9.83794127e-03 -1.03216781e-03 3.03614582e-03 1.89510477e-03 -1.14001622e-02 4.12504300e-02 4.50433092e-03 6.75270567e-03 -1.68532580e-02 -8.95866565e-03 -3.08961025e-03 -1.33702322e-03 1.59437507e-02 1.73527338e-02
-3.09001165e-03 -3.65597289e-03 1.07619166e-02 -1.14104804e-03 3.33819538e-03 2.15645903e-03 -1.23873148e-02 4.50071469e-02 4.94684326e-03 7.41313165e-03 -1.84911247e-02 -9.82687715e-03 -3.38915968e-03 -1.46842422e-03 1.75072774e-02 1.90563835e-02
1.05199870e-03 2.89164577e-03 -5.48680034e-03 7.01283454e-04 -1.71085482e-03 -1.07075414e-03 6.53543044e-03 -2.34899875e-02 -2.55450723e-03 -3.82845057e-03 9.54814721e-03 5.07345796e-03 1.74980820e-03 7.58254493e-04 -9.03990306e-03 -9.84000973e-03
-4.70904494e-03 -3.77179519e-03 1.08937901e-02 -1.11090217e-03 3.43360496e-03 2.19386327e-03 -1.28317978e-02 4.63649854e-02 5.08281728e-03 7.61572830e-03 -1.89889986e-02 -1.00904796e-02 -3.48051428e-03 -1.50879065e-03 1.79869700e-02 1.95795279e-02
-2.92481878e-03 -2.05181917e-04 3.48071102e-03 -3.54053947e-04 1.40566297e-03 9.68612439e-04 -5.04106097e-03 1.85236596e-02 2.04839674e-03 3.06809088e-03 -7.64753157e-03 -4.06357227e-03 -1.40184467e-03 -6.08102826e-04 7.24884355e-03 7.89110269e-03
-7.25578424e-03 -3.97640886e-03 1.46139916e-02 -1.48442201e-03 5.00106020e-03 3.35728563e-03 -1.82977300e-02 6.68384284e-02 7.36147445e-03 1.10282684e-02 -2.74936855e-02 -1.46090016e-02 -5.03942091e-03 -2.18532095e-03 2.60509159e-02 2.83583570e-02
-3.26507841e-03 1.84671022e-04 4.39618155e-03 -4.45031095e-04 1.83509407e-03 1.27324357e-03 -6.56546792e-03 2.41880063e-02 2.67608301e-03 4.00826568e-03 -9.99092590e-03 -5.30881248e-03 -1.83143804e-03 -7.94456631e-04 9.47026629e-03 1.03093423e-02
4.66545019e-03 3.47184949e-03 -1.11920927e-02 1.14631816e-03 -3.97435902e-03 -2.67323665e-03 1.44194840e-02 -5.27914874e-02 -5.83016826e-03 -8.73332378e-03 2.17715595e-02 1.15674641e-02 3.99037637e-03 1.73077162e-03 -2.06317473e-02 -2.24595815e-02
5.53704938e-03 8.01881962e-03 -1.68937743e-02 1.83490431e-03 -4.87909373e-03 -2.98531912e-03 1.87962335e-02 -6.74831793e-02 -7.32243527e-03 -1.09820012e-02 2.74749678e-02 1.45787243e-02 5.02915541e-03 2.17361120e-03 -2.59281844e-02 -2.82144248e-02
3.57405446e-03 4.22933884e-03 -1.10207535e-02 1.39758666e-03 -3.31253465e-03 -1.90112181e-03 1.30795967e-02 -4.67143767e-02 -5.01114689e-03 -7.51894200e-03 1.87893584e-02 9.99869592e-03 3.44727188e-03 1.48744381e-03 -1.77507531e-02 -1.93120874e-02
-2.54567713e-03 -5.29505918e-03 1.25394315e-02 -1.29722722e-03 3.84333520e-03 2.41646660e-03 -1.44221894e-02 5.20362221e-02 5.70262969e-03 8.54760595e-03 -2.13470142e-02 -1.13392249e-02 -3.91064957e-03 -1.69275037e-03 2.01846994e-02 2.19690576e-02
-5.99377963e-04 -3.78112396e-04 1.14964612e-03 -1.18165277e-04 3.69893038e-04 2.34768595e-04 -1.37820269e-03 4.99682780e-03 5.47466043e-04 8.20575922e-04 -2.04860140e-03 -1.08850631e-03 -3.75319592e-04 -1.62502532e-04 1.93771103e-03 2.10901396e-03
7.94743374e-03 6.58374839e-03 -1.93477124e-02 1.99185591e-03 -6.22168649e-03 -3.94480443e-03 2.30226964e-02 -8.36174414e-02 -9.19807889e-03 -1.37815140e-02 3.43725942e-02 1.82641093e-02 6.29941095e-03 2.73040100e-03 -3.25517841e-02 -3.54331248e-02
4.12859581e-03 3.86140682e-03 -1.10492483e-02 1.12980837e-03 -3.58519144e-03 -2.32166843e-03 1.32820643e-02 -4.81929556e-02 -5.28911827e-03 -7.92562403e-03 1.97765119e-02 1.05091771e-02 3.62419127e-03 1.57002988e-03 -1.87189095e-02 -2.03751363e-02
-9.78709012e-03 -7.24602025e-03 2.49083173e-02 -2.38411035e-03 8.08256306e-03 5.38262259e-03 -2.97303926e-02 1.08326912e-01 1.19033502e-02 1.78300552e-02 -4.44508232e-02 -2.36235000e-02 -8.14855471e-03 -3.53348884e-03 4.21221890e-02 4.58531566e-02
-3.18142236e-03 -2.64242780e-03 7.02036452e-03 -6.38150959e-04 2.24254513e-03 1.51422026e-03 -8.16198252e-03 2.98212003e-02 3.29138921e-03 4.93026059e-03 -1.22902468e-02 -6.53037569e-03 -2.25259364e-03 -9.77100455e-04 1.16474973e-02 1.26794456e-02
-1.37839769e-03 3.66475200e-04 1.57149206e-03 -1.46863065e-04 7.66280689e-04 5.52483951e-04 -2.68045533e-03 9.95585416e-03 1.10751006e-03 1.65836001e-03 -4.13185637e-03 -2.19558645e-03 -7.57557631e-04 -3.28812894e-04 3.91931320e-03 4.26676590e-03
-2.76120426e-03 -7.60635454e-03 1.67083703e-02 -2.29540281e-03 4.15400695e-03 1.82280748e-03 -1.75544601e-02 6.20150380e-02 6.42253505e-03 9.68180690e-03 -2.42916178e-02 -1.29569704e-02 -4.47901990e-03 -1.90780568e-03 2.28587426e-02 2.48139501e-02
3.42705194e-03 1.96371190e-02 -3.71461213e-02 5.17763756e-03 -9.36150178e-03 -5.49229095e-03 3.85657959e-02 -1.33869588e-01 -1.43945292e-02 -2.16443855e-02 5.44248298e-02 2.90888418e-02 9.97193065e-03 4.27546585e-03 -5.11655323e-02 -5.55869192e-02
2.07289518e-03 1.30238861e-03 -4.09248937e-03 4.36691393e-04 -1.49589381e-03 -1.01835467e-03 5.42594306e-03 -1.98911037e-02 -2.19579227e-03 -3.28913704e-03 8.19915347e-03 4.35691699e-03 1.50294509e-03 6.51850656e-04 -7.77047314e-03 -8.45884532e-03
1.66949385e-03 1.16145937e-03 -3.86590557e-03 4.08793101e-04 -1.37305434e-03 -8.97697755e-04 5.05680451e-03 -1.85080692e-02 -2.02430016e-03 -3.03308875e-03 7.56332930e-03 4.01859637e-03 1.38617586e-03 6.00929605e-04 -7.16389343e-03 -7.79824611e-03
-3.83269391e-03 -9.74327617e-04 5.84105728e-03 -5.91873424e-04 2.17914511e-03 1.48357509e-03 -7.87084270e-03 2.88568344e-02 3.18855117e-03 4.77606384e-03 -1.19056432e-02 -6.32595178e-03 -2.18225317e-03 -9.46577289e-04 1.12836687e-02 1.22833680e-02
6.78580627e-03 4.00327751e-03 -1.39698414e-02 1.40422978e-03 -4.70316270e-03 -3.17068654e-03 1.71038024e-02 -6.26145899e-02 -6.90254522e-03 -1.03399083e-02 2.57799961e-02 1.36976689e-02 4.72486764e-03 2.04907684e-03 -2.44265590e-02 -2.65902635e-02
-3.25370114e-03 -5.38797118e-03 1.27430325e-02 -1.39605708e-03 3.43473139e-03 1.93930231e-03 -1.35289123e-02 4.80568483e-02 5.17187128e-03 7.76609546e-03 -1.94593705e-02 -1.03612524e-02 -3.57347704e-03 -1.53538981e-03 1.83344837e-02 1.99415889e-02
4.39557154e-03 2.24247389e-03 -8.20253883e-03 8.29149096e-04 -2.89155869e-03 -1.95361394e-03 1.04984185e-02 -3.84276658e-02 -4.23853192e-03 -6.34901458e-03 1.58275068e-02 8.40958115e-03 2.90097878e-03 1.25826965e-03 -1.49992583e-02 -1.63280964e-02
-6.43270370e-03 -1.79885398e-03 1.03166774e-02 -1.03779742e-03 3.88668128e-03 2.66201026e-03 -1.40107786e-02 5.14271781e-02 5.68519952e-03 8.51554982e-03 -2.12260429e-02 -1.12785557e-02 -3.89084127e-03 -1.68776535e-03 2.01189145e-02 2.19014511e-02
-3.56975594e-03 -3.37356614e-04 4.61188098e-03 -4.72115848e-04 1.83092349e-03 1.26472802e-03 -6.58174744e-03 2.41827965e-02 2.67405156e-03 4.00527101e-03 -9.98353306e-03 -5.30486787e-03 -1.83006260e-03 -7.93849875e-04 9.46303830e-03 1.03014698e-02
1.06012179e-02 4.48388513e-03 -1.92201026e-02 1.98408705e-03 -6.81585353e-03 -4.52916278e-03 2.47850679e-02 -9.07955319e-02 -1.00179510e-02 -1.50079019e-02 3.74121927e-02 1.98791251e-02 6.85743336e-03 2.97392975e-03 -3.54518145e-02 -3.85919623e-02
9.49726906e-03 3.54570476e-03 -1.47415111e-02 1.74470409e-03 -5.20109991e-03 -3.53576825e-03 1.88699458e-02 -6.91509992e-02 -7.62849441e-03 -1.14267161e-02 2.84833536e-02 1.51352864e-02 5.22100227e-03 2.26460979e-03 -2.69953273e-02 -2.93869767e-02
-6.87856413e-03 -3.72340903e-03 1.23520009e-02 -1.28684205e-03 4.30224976e-03 2.91629951e-03 -1.57378986e-02 5.72780296e-02 6.32054498e-03 9.46724787e-03 -2.35995501e-02 -1.25394035e-02 -4.32580244e-03 -1.87629985e-03 2.23664586e-02 2.43480206e-02
6.40220707e-03 2.14945432e-03 -1.03027690e-02 1.08903681e-03 -3.79852974e-03 -2.60808575e-03 1.37181906e-02 -5.03235608e-02 -5.56289591e-03 -8.33238754e-03 2.07699072e-02 1.10361278e-02 3.80718266e-03 1.65145425e-03 -1.96860880e-02 -2.14302614e-02
4.12207935e-03 2.83746445e-03 -8.81022867e-03 9.35303746e-04 -3.03155114e-03 -2.00116471e-03 1.11241397e-02 -4.06158455e-02 -4.46494762e-03 -6.68963930e-03 1.66763198e-02 8.85980856e-03 3.05633410e-03 1.32547633e-03 -1.58005692e-02 -1.72002856e-02
-5.09376917e-03 -3.09770298e-03 1.05838962e-02 -1.04719098e-03 3.52981430e-03 2.32739514e-03 -1.29264351e-02 4.71094325e-02 5.18801343e-03 7.77209084e-03 -1.93768628e-02 -1.02957264e-02 -3.55148152e-03 -1.54010113e-03 1.83592923e-02 1.99854895e-02
4.22779750e-03 3.95764224e-03 -1.05259232e-02 1.09028025e-03 -3.21301143e-03 -2.10297108e-03 1.19358711e-02 -4.33564074e-02 -4.76934528e-03 -7.14672543e-03 1.78239960e-02 9.47124232e-03 3.26671288e-03 1.41573825e-03 -1.68784540e-02 -1.83723234e-02
7.41303666e-03 2.84072757e-03 -1.20214010e-02 1.18431426e-03 -4.38367622e-03 -2.98435171e-03 1.58358961e-02 -5.81282638e-02 -6.41813735e-03 -9.61346366e-03 2.39632502e-02 1.27328336e-02 4.39248560e-03 1.90534908e-03 -2.27126349e-02 -2.47249585e-02
-3.82044213e-03 -3.89344379e-04 5.94111998e-03 -5.66680043e-04 2.42633186e-03 1.70238176e-03 -8.66899919e-03 3.19362506e-02 3.53658805e-03 5.29669691e-03 -1.32028125e-02 -7.01510953e-03 -2.42013740e-03 -1.04993640e-03 1.25154983e-02 1.36245284e-02
-7.62881106e-03 -5.47059253e-03 1.54483588e-02 -1.66410068e-03 5.38966712e-03 3.58389877e-03 -1.97219700e-02 7.17493296e-02 7.91414641e-03 1.18559534e-02 -2.95600779e-02 -1.57050472e-02 -5.41726686e-03 -2.34936830e-03 2.80062519e-02 3.04870680e-02
-1.28757674e-02 -4.83820774e-03 2.22593099e-02 -2.23594857e-03 8.18808470e-03 5.59685985e-03 -2.95428280e-02 1.08411685e-01 1.19827129e-02 1.79482941e-02 -4.47380543e-02 -2.37719603e-02 -8.20074603e-03 -3.55731323e-03 4.24047559e-02 4.61618230e-02
1.81023087e-02 8.60954076e-03 -3.46174799e-02 3.53656919e-03 -1.22168548e-02 -8.09500925e-03 4.46901955e-02 -1.63332462e-01 -1.79942679e-02 -2.69553084e-02 6.71987012e-02 3.57027203e-02 1.23162763e-02 5.34183159e-03 -6.36779368e-02 -6.93190768e-02
-1.59163692e-03 -1.12070551e-03 3.58337304e-03 -3.96672753e-04 1.12163730e-03 6.85810694e-04 -4.34849411e-03 1.56711545e-02 1.68745476e-03 2.53340928e-03 -6.32950058e-03 -3.37314839e-03 -1.16485788e-03 -5.00982103e-04 5.98122878e-03 6.50619064e-03
-4.79850452e-03 -2.19170516e-03 8.29065405e-03 -8.83797999e-04 2.94511230e-03 1.96238328e-03 -1.07399886e-02 3.92911136e-02 4.32671141e-03 6.48149103e-03 -1.61589440e-02 -8.58566537e-03 -2.96157575e-03 -1.28443842e-03 1.53113706e-02 1.66677404e-02
7.04399252e-04 7.56538124e-04 -2.35046959e-03 2.54486396e-04 -7.36608636e-04 -4.88316524e-04 2.73441919e-03 -9.93557554e-03 -1.09038700e-03 -1.63383980e-03 4.07569902e-03 2.16546236e-03 7.46888749e-04 3.23672837e-04 -3.85885080e-03 -4.20038961e-03
8.35176616e-04 9.43241699e-04 -2.20627547e-03 2.38459819e-04 -6.75285934e-04 -4.29362379e-04 2.52023991e-03 -9.14153736e-03 -1.00367132e-03 -1.50402018e-03 3.75156151e-03 1.99324032e-03 6.87433931e-04 2.97927938e-04 -3.55183356e-03 -3.86624830e-03
-1.70829501e-02 -7.50297401e-03 3.07296570e-02 -3.11516644e-03 1.08626690e-02 7.37248966e-03 -3.93220410e-02 1.44225970e-01 1.59177892e-02 2.38434002e-02 -5.94350770e-02 -3.15804482e-02 -1.08943200e-02 -4.72545251e-03 5.63297905e-02 6.13203831e-02
1.30292436e-04 1.04751310e-03 -1.81533291e-03 2.43266390e-04 -4.47456754e-04 -2.19897338e-04 1.81912817e-03 -6.38751080e-03 -6.84852188e-04 -1.02842925e-03 2.57132296e-03 1.36704615e-03 4.71285515e-04 2.03253163e-04 -2.42513395e-03 -2.63865106e-03
1.00118332e-02 8.42978433e-03 -2.56028287e-02 2.67812540e-03 -8.26334395e-03 -5.41596254e-03 3.03524379e-02 -1.10780247e-01 -1.21776285e-02 -1.82470810e-02 4.55098674e-02 2.41811331e-02 8.33983906e-03 3.61487619e-03 -4.30957079e-02 -4.69107181e-02
-6.65573590e-03 -5.19035663e-03 1.50091108e-02 -1.46107003e-03 4.98867454e-03 3.27656209e-03 -1.83077957e-02 6.69230148e-02 7.35970773e-03 1.10254232e-02 -2.74882615e-02 -1.46046113e-02 -5.03778225e-03 -2.18479242e-03 2.60442831e-02 2.83513628e-02
-6.18100725e-03 -2.44570291e-03 1.04696713e-02 -1.04857213e-03 3.57668335e-03 2.43157148e-03 -1.30440090e-02 4.77040336e-02 5.26492810e-03 7.88641721e-03 -1.96602102e-02 -1.04465736e-02 -3.60362441e-03 -1.56295684e-03 1.86314061e-02 2.02819519e-02
2.14648247e-03 3.38113587e-03 -5.75339375e-03 6.10490155e-04 -1.63803133e-03 -1.06068328e-03 6.20919699e-03 -2.23192945e-02 -2.43661972e-03 -3.65031138e-03 9.10266768e-03 4.83759586e-03 1.66832726e-03 7.23250501e-04 -8.62196740e-03 -9.38552339e-03
1.62867876e-03 -2.15883180e-03 3.02136969e-03 -3.70017777e-04 1.01398141e-03 6.72448368e-04 -3.78574873e-03 1.38071729e-02 1.51906256e-03 2.27604248e-03 -5.67393191e-03 -3.01478896e-03 -1.03985728e-03 -4.50954714e-04 5.37575269e-03 5.85191790e-03
