8.19868408e-03 -2.10348293e-02 -2.16351245e-02 -1.56931933e-02 -1.11876139e-02 4.28580726e-03 -6.07203692e-03 3.19091901e-02 3.92485876e-03 1.60808079e-02 -9.15345363e-03 1.09795453e-02 -1.50051340e-02 -1.36258360e-02 1.65755525e-02 1.13342144e-03
1.62489042e-02 -3.13835442e-02 -3.04332860e-02 -2.22227350e-02 -1.60529371e-02 6.18059142e-03 -8.75442196e-03 4.59028408e-02 5.65156154e-03 2.31387541e-02 -1.31735783e-02 1.57945249e-02 -2.15890277e-02 -1.96046010e-02 2.38487720e-02 1.63070054e-03
3.53741110e-03 -3.23837204e-03 -5.68234362e-03 -4.80788574e-03 -3.87867494e-03 1.58184557e-03 -2.24478333e-03 1.15873385e-02 1.43565494e-03 5.85271744e-03 -3.34112742e-03 3.99529282e-03 -5.46473218e-03 -4.96258074e-03 6.03741594e-03 4.12641763e-04
-1.13980919e-02 3.07414029e-02 3.16656157e-02 2.27187518e-02 1.60472672e-02 -6.12169271e-03 8.69057234e-03 -4.56713438e-02 -5.62240463e-03 -2.30060108e-02 1.30940834e-02 -1.57051384e-02 2.14661341e-02 1.94929522e-02 -2.37128101e-02 -1.62144983e-03
-2.59018019e-02 6.41987026e-02 5.79231903e-02 4.23801541e-02 2.94227973e-02 -1.08414358e-02 1.55865410e-02 -8.20897296e-02 -1.00798672e-02 -4.13096696e-02 2.35043280e-02 -2.81898361e-02 3.85241173e-02 3.49836424e-02 -4.25549857e-02 -2.91055953e-03
4.73463349e-03 -1.59125216e-02 -1.29161132e-02 -8.92732199e-03 -5.95956435e-03 2.20456696e-03 -3.14509473e-03 1.66890323e-02 2.04584631e-03 8.39366671e-03 -4.77171503e-03 5.73095586e-03 -7.82938953e-03 -7.10956426e-03 8.64814594e-03 5.91531803e-04
1.64656201e-03 8.40519462e-03 5.16844587e-03 2.11793929e-03 1.15703011e-03 -2.41673726e-04 3.82306578e-04 -2.23076739e-03 -2.62306537e-04 -1.11627870e-03 6.15063065e-04 -7.61367555e-04 1.03295944e-03 9.37929610e-04 -1.13997655e-03 -7.83655632e-05
-2.51150643e-03 5.12605207e-03 5.44590037e-03 4.20276076e-03 2.93921633e-03 -1.12159038e-03 1.59290235e-03 -8.36659875e-03 -1.02922937e-03 -4.21753526e-03 2.39818217e-03 -2.87970668e-03 3.93443182e-03 3.57274199e-03 -4.34594136e-03 -2.97294435e-04
2.91945972e-03 3.02670132e-02 1.97960287e-02 1.17520830e-02 7.53753260e-03 -2.80324672e-03 4.01626807e-03 -2.12323908e-02 -2.60030804e-03 -1.07005266e-02 6.05961401e-03 -7.30605982e-03 9.97501798e-03 9.05772205e-03 -1.10168895e-02 -7.53968954e-04
-5.41210221e-03 4.25150897e-03 6.18702127e-03 5.45367086e-03 4.11363225e-03 -1.65839109e-03 2.35459348e-03 -1.21881971e-02 -1.50810194e-03 -6.15613721e-03 3.51128029e-03 -4.20241524e-03 5.74675016e-03 5.21863438e-03 -6.34874264e-03 -4.33987181e-04
9.01115872e-03 -2.34131701e-02 -2.14601848e-02 -1.57898013e-02 -1.11523336e-02 4.18201927e-03 -5.94419893e-03 3.12904641e-02 3.84747377e-03 1.57496855e-02 -8.96236487e-03 1.07513396e-02 -1.46939410e-02 -1.33431377e-02 1.62315611e-02 1.10995024e-03
8.96475930e-03 -2.59090848e-02 -2.54383143e-02 -1.82293430e-02 -1.29416045e-02 4.94613545e-03 -7.00489106e-03 3.67866457e-02 4.52876883e-03 1.85332298e-02 -1.05523141e-02 1.26551874e-02 -1.72952097e-02 -1.57054607e-02 1.91052668e-02 1.30648480e-03
2.01745052e-03 7.08982581e-04 8.43814341e-05 -2.55731022e-04 -2.28485733e-04 1.08849788e-04 -1.53459434e-04 7.75100372e-04 9.68530949e-05 3.92172864e-04 -2.25049080e-04 2.67578900e-04 -3.66603083e-04 -3.32934898e-04 4.05113358e-04 2.76635565e-05
-1.16037074e-02 3.33007462e-02 3.20062637e-02 2.16225404e-02 1.55069595e-02 -5.76302130e-03 8.17836728e-03 -4.32482511e-02 -5.30235516e-03 -2.17535757e-02 1.23804649e-02 -1.48548866e-02 2.02978868e-02 1.84319504e-02 -2.24214569e-02 -1.53342832e-03
1.64994355e-02 -3.73792574e-02 -4.01252732e-02 -2.77785566e-02 -2.00131442e-02 7.80086406e-03 -1.10683450e-02 5.79439886e-02 7.13812746e-03 2.92035881e-02 -1.66441724e-02 1.99375227e-02 -2.72572599e-02 -2.47519724e-02 3.01113799e-02 2.05857330e-03
-3.27719040e-02 7.43101239e-02 7.43380040e-02 5.06174937e-02 3.65573093e-02 -1.41273020e-02 2.00438872e-02 -1.05149895e-01 -1.29620656e-02 -5.30099832e-02 3.02034430e-02 -3.61898281e-02 4.94694449e-02 4.49230187e-02 -5.46497367e-02 -3.73616768e-03
-7.46021792e-03 1.11311395e-02 1.16568133e-02 9.34784114e-03 6.77149091e-03 -2.65393010e-03 3.76749132e-03 -1.96709223e-02 -2.42647016e-03 -9.91426501e-03 5.65133663e-03 -6.76812744e-03 9.25364997e-03 8.40316713e-03 -1.02227069e-02 -6.98868302e-04
8.06664675e-03 -2.45972220e-02 -2.17356123e-02 -1.53522370e-02 -1.06538320e-02 3.91695928e-03 -5.55023132e-03 2.94892788e-02 3.60498205e-03 1.48179494e-02 -8.41560867e-03 1.01191169e-02 -1.38203111e-02 -1.25500066e-02 1.52646350e-02 1.04464393e-03
-1.76244229e-02 4.55181152e-02 4.33794186e-02 3.13279852e-02 2.22614836e-02 -8.51502083e-03 1.20580904e-02 -6.34632409e-02 -7.81056983e-03 -3.19648124e-02 1.82015542e-02 -2.18211897e-02 2.98272148e-02 2.70855352e-02 -3.29494588e-02 -2.25286093e-03
1.70230865e-02 -3.90362367e-02 -4.01510000e-02 -3.02030612e-02 -2.23074071e-02 8.61301646e-03 -1.22790914e-02 6.40466213e-02 7.90414773e-03 3.22952494e-02 -1.84030291e-02 2.20460463e-02 -3.01403832e-02 -2.73703355e-02 3.32967788e-02 2.27631326e-03
-4.29105712e-03 1.26169976e-02 1.31039722e-02 9.23404284e-03 6.58093952e-03 -2.49344693e-03 3.53517244e-03 -1.86618418e-02 -2.29275762e-03 -9.38613806e-03 5.34223113e-03 -6.40846370e-03 8.75801779e-03 7.95292668e-03 -9.67457518e-03 -6.61536527e-04
-1.14979837e-02 2.56830528e-02 2.94427238e-02 2.31005065e-02 1.68134961e-02 -6.56124577e-03 9.30789392e-03 -4.86297011e-02 -5.99909574e-03 -2.45192684e-02 1.39720347e-02 -1.67396646e-02 2.28845514e-02 2.07812563e-02 -2.52806488e-02 -1.72843947e-03
-1.22196693e-02 4.38483655e-02 3.31870764e-02 2.34225336e-02 1.59412920e-02 -5.93197718e-03 8.37789569e-03 -4.46128882e-02 -5.46673639e-03 -2.24366523e-02 1.27405496e-02 -1.53221199e-02 2.09247675e-02 1.90015379e-02 -2.31118631e-02 -1.58168992e-03
-1.23074995e-02 2.52325851e-02 2.08719037e-02 1.59812700e-02 1.07036112e-02 -4.11051791e-03 5.86432265e-03 -3.06877084e-02 -3.77953192e-03 -1.54696172e-02 8.80253315e-03 -1.05617512e-02 1.44327674e-02 1.31067941e-02 -1.59435999e-02 -1.09017314e-03
-5.77083032e-04 3.07160662e-04 1.58372405e-03 1.27784978e-03 1.14680466e-03 -4.81671857e-04 6.81302336e-04 -3.50778899e-03 -4.34720656e-04 -1.77240430e-03 1.01185520e-03 -1.20999385e-03 1.65493984e-03 1.50286767e-03 -1.82835106e-03 -1.24973667e-04
1.30735794e-02 -2.07368433e-02 -2.60100104e-02 -2.10674312e-02 -1.57436561e-02 6.23373454e-03 -8.84354766e-03 4.60378341e-02 5.68459183e-03 2.32204515e-02 -1.32385120e-02 1.58520695e-02 -2.16743648e-02 -1.96823590e-02 2.39442736e-02 1.63690897e-03
-1.28385713e-02 4.16891836e-02 3.95146385e-02 2.73038968e-02 1.83506999e-02 -6.64907182e-03 9.49245133e-03 -5.03427312e-02 -6.16608141e-03 -2.53439769e-02 1.43612297e-02 -1.73057411e-02 2.36307755e-02 2.14576013e-02 -2.60995906e-02 -1.78627472e-03
-1.56426020e-02 8.75380188e-02 6.69284090e-02 4.19836566e-02 2.69879699e-02 -9.52782948e-03 1.38198845e-02 -7.33535513e-02 -8.97550955e-03 -3.69355418e-02 2.09131073e-02 -2.52128914e-02 3.44249904e-02 3.12585868e-02 -3.80210392e-02 -2.60148663e-03
9.77189559e-03 -1.04178507e-02 -1.36265410e-02 -1.08039984e-02 -7.92822707e-03 3.10774799e-03 -4.40769317e-03 2.30171159e-02 2.83920253e-03 1.16042634e-02 -6.61145663e-03 7.92415719e-03 -1.08311623e-02 -9.83565487e-03 1.19651826e-02 8.18039058e-04
1.59626314e-03 -1.85429025e-03 -3.04290582e-03 -2.79676099e-03 -2.22120387e-03 9.19676328e-04 -1.30325474e-03 6.71978109e-03 8.33615253e-04 3.39555135e-03 -1.94024306e-03 2.31772545e-03 -3.17107025e-03 -2.87968456e-03 3.50351585e-03 2.39395522e-04
1.30796805e-02 -3.26221921e-02 -2.95918379e-02 -2.11752094e-02 -1.50789376e-02 5.75090665e-03 -8.15154891e-03 4.30177152e-02 5.27457893e-03 2.16247253e-02 -1.23086479e-02 1.47608565e-02 -2.01735999e-02 -1.83205493e-02 2.22847145e-02 1.52445072e-03
2.95585133e-02 -5.26003465e-02 -5.46199307e-02 -3.83711271e-02 -2.83170547e-02 1.10411029e-02 -1.57220978e-02 8.21447074e-02 1.01282140e-02 4.13940959e-02 -2.35834289e-02 2.82593016e-02 -3.86329889e-02 -3.50820124e-02 4.26782593e-02 2.91766832e-03
-3.68616618e-02 7.20507801e-02 7.65881091e-02 6.09341599e-02 4.27790359e-02 -1.65041965e-02 2.34516580e-02 -1.22657910e-01 -1.51138948e-02 -6.17996417e-02 3.52196246e-02 -4.21900190e-02 5.76776154e-02 5.23762070e-02 -6.37163818e-02 -4.35619056e-03
2.23304089e-02 -5.79845682e-02 -5.68442792e-02 -3.92062292e-02 -2.89202221e-02 1.11293877e-02 -1.57144237e-02 8.25008377e-02 1.01656346e-02 4.15668972e-02 -2.36763731e-02 2.83775851e-02 -3.87958363e-02 -3.52301337e-02 4.28583696e-02 2.92999763e-03
-1.28963720e-02 3.55507433e-02 3.23434100e-02 2.13747155e-02 1.60518140e-02 -5.74013777e-03 8.05693399e-03 -4.34980467e-02 -5.32702683e-03 -2.18363665e-02 1.24155078e-02 -1.49033787e-02 2.03747656e-02 1.85019448e-02 -2.25079246e-02 -1.53875083e-03
6.55623665e-03 -1.74673796e-02 -1.69652719e-02 -1.28081935e-02 -9.30354465e-03 3.57478112e-03 -5.08056954e-03 2.66532656e-02 3.28186457e-03 1.34306848e-02 -7.64541421e-03 9.16878786e-03 -1.25315189e-02 -1.13795931e-02 1.38429338e-02 9.46632761e-04
-7.05194101e-03 1.48097500e-02 1.17734056e-02 8.12690891e-03 5.41240908e-03 -2.01129634e-03 2.86387047e-03 -1.52125126e-02 -1.85843545e-03 -7.61737023e-03 4.33333358e-03 -5.20034414e-03 7.10674841e-03 6.45334739e-03 -7.85032287e-03 -5.36762062e-04
7.55726499e-03 -6.84553385e-03 -9.70484223e-03 -8.34209844e-03 -6.46990538e-03 2.60706618e-03 -3.69981444e-03 1.91375539e-02 2.36805412e-03 9.66668501e-03 -5.51341753e-03 6.59985514e-03 -9.02464055e-03 -8.19526799e-03 9.96996276e-03 6.81541802e-04
6.16787979e-03 -8.35513603e-03 -1.02837989e-02 -8.03106464e-03 -5.97129390e-03 2.33001169e-03 -3.30630783e-03 1.72375627e-02 2.12743529e-03 8.69352464e-03 -4.95499372e-03 5.93491178e-03 -8.11425596e-03 -7.36848311e-03 8.96396395e-03 6.12820673e-04
-1.10975411e-02 1.86440069e-02 2.05271356e-02 1.60781890e-02 1.17478464e-02 -4.60050534e-03 6.52567251e-03 -3.40524018e-02 -4.20227973e-03 -1.71744730e-02 9.78985056e-03 -1.17241247e-02 1.60298366e-02 1.45565681e-02 -1.77085102e-02 -1.21062621e-03
3.95819079e-03 -9.64289717e-03 -9.80786979e-03 -7.13281473e-03 -5.09165693e-03 1.92269660e-03 -2.73255794e-03 1.43588856e-02 1.76613824e-03 7.23074982e-03 -4.11488023e-03 4.93674446e-03 -6.74676755e-03 -6.12654211e-03 7.45273707e-03 5.09649632e-04
-6.64635422e-03 1.83255747e-02 1.86730418e-02 1.40134525e-02 9.97449923e-03 -3.71537963e-03 5.24225179e-03 -2.77572069e-02 -3.40828858e-03 -1.39625035e-02 7.94888660e-03 -9.53274593e-03 1.30271586e-02 1.18298149e-02 -1.43905235e-02 -9.84109705e-04
5.82478056e-03 -6.92453142e-03 -1.02463719e-02 -8.59022979e-03 -6.49790885e-03 2.59146281e-03 -3.67404008e-03 1.90976579e-02 2.35917349e-03 9.63509455e-03 -5.49380062e-03 6.57760445e-03 -8.99380911e-03 -8.16724356e-03 9.93576832e-03 6.79231889e-04
-1.74542256e-02 3.46812569e-02 3.88781168e-02 2.84719318e-02 2.03294028e-02 -7.83975516e-03 1.11343451e-02 -5.82360066e-02 -7.17519131e-03 -2.93416791e-02 1.67184081e-02 -2.00296883e-02 2.73837298e-02 2.48667672e-02 -3.02509349e-02 -2.06814846e-03
1.50131267e-02 -4.03804705e-02 -3.56267802e-02 -2.58022174e-02 -1.81973279e-02 6.88382750e-03 -9.78484005e-03 5.16197830e-02 6.31643040e-03 2.59307995e-02 -1.47550199e-02 1.77127849e-02 -2.41943914e-02 -2.19738279e-02 2.67240833e-02 1.82901637e-03
-9.06653889e-03 2.61270553e-02 2.57823560e-02 1.78857166e-02 1.28852753e-02 -4.78656311e-03 6.82142749e-03 -3.61131839e-02 -4.42762254e-03 -1.81519054e-02 1.03208972e-02 -1.23899020e-02 1.69325154e-02 1.53762074e-02 -1.87043175e-02 -1.27915561e-03
-3.84256989e-02 8.25837404e-02 7.93706924e-02 6.02178201e-02 4.37601916e-02 -1.66440513e-02 2.36391556e-02 -1.24391124e-01 -1.53063312e-02 -6.26811460e-02 3.56614329e-02 -4.27681692e-02 5.84573261e-02 5.30845858e-02 -6.45762682e-02 -4.41621058e-03
-7.52238836e-03 2.23434921e-02 1.84661299e-02 1.42614041e-02 9.56825633e-03 -3.49724269e-03 5.01065282e-03 -2.64007691e-02 -3.24545754e-03 -1.32879335e-02 7.56370183e-03 -9.06827021e-03 1.23946406e-02 1.12554263e-02 -1.36921024e-02 -9.36172612e-04
3.76666337e-03 -1.18622929e-02 -1.17717776e-02 -9.63200256e-03 -6.54620351e-03 2.51711253e-03 -3.59355588e-03 1.87767539e-02 2.31576455e-03 9.46864206e-03 -5.39461803e-03 6.46327063e-03 -8.83597974e-03 -8.02386925e-03 9.76117793e-03 6.67347806e-04
-3.04963849e-02 6.56699762e-02 5.08409664e-02 2.95492075e-02 2.19083056e-02 -8.35164823e-03 1.18191773e-02 -6.21343404e-02 -7.65378028e-03 -3.12875472e-02 1.78301297e-02 -2.13566236e-02 2.91984957e-02 2.65145916e-02 -3.22559774e-02 -2.20511039e-03
-2.25439332e-02 3.52144167e-02 3.74147445e-02 2.83422526e-02 2.11887527e-02 -8.32919776e-03 1.18077695e-02 -6.15979284e-02 -7.60294264e-03 -3.10638174e-02 1.77089851e-02 -2.12058946e-02 2.89947633e-02 2.63299588e-02 -3.20313163e-02 -2.18975754e-03
-2.28969380e-03 1.27379354e-02 1.14440573e-02 7.96535611e-03 5.43757714e-03 -1.99224660e-03 2.84531387e-03 -1.50594683e-02 -1.84610812e-03 -7.58315576e-03 4.30435920e-03 -5.17765014e-03 7.07175676e-03 6.42150594e-03 -7.81096751e-03 -5.34426887e-04
7.25319469e-03 -2.03587897e-02 -1.97908357e-02 -1.41630406e-02 -9.89615172e-03 3.78441485e-03 -5.38570108e-03 2.83378214e-02 3.48311127e-03 1.42655428e-02 -8.11740570e-03 9.73916240e-03 -1.33108571e-02 -1.20872380e-02 1.47038521e-02 1.00545026e-03
4.06064512e-03 -9.09852050e-03 -9.15084686e-03 -6.37591630e-03 -4.46513481e-03 1.65779726e-03 -2.35689501e-03 1.24307154e-02 1.52679707e-03 6.25552749e-03 -3.55699076e-03 4.27069515e-03 -5.83572406e-03 -5.29921940e-03 6.44627260e-03 4.40829346e-04
3.91097460e-03 -1.10743362e-02 -1.31361559e-02 -1.07767703e-02 -7.91427027e-03 3.10869957e-03 -4.41170856e-03 2.30010357e-02 2.83843256e-03 1.15981819e-02 -6.61095977e-03 7.91771244e-03 -1.08252391e-02 -9.83035751e-03 1.19589036e-02 8.17567576e-04
-8.12680088e-03 9.76788253e-03 7.68197235e-03 5.10241650e-03 3.52171133e-03 -1.31779641e-03 1.88969437e-03 -9.97374579e-03 -1.22277602e-03 -5.01245447e-03 2.84639769e-03 -3.42259486e-03 4.67556110e-03 4.24578460e-03 -5.16462745e-03 -3.53326817e-04
3.24698421e-03 -9.96217411e-03 -9.88734979e-03 -7.56700477e-03 -5.20337187e-03 1.98207749e-03 -2.81405193e-03 1.47939026e-02 1.81920954e-03 7.44982483e-03 -4.23841365e-03 5.08627901e-03 -6.95043057e-03 -6.31150091e-03 7.67764496e-03 5.25057490e-04
-5.35374880e-03 1.22070592e-02 1.20113557e-02 9.02827829e-03 6.48122653e-03 -2.45980616e-03 3.48168379e-03 -1.82845611e-02 -2.25048279e-03 -9.21056978e-03 5.24419826e-03 -6.28799666e-03 8.59460328e-03 7.80459540e-03 -9.49422084e-03 -6.49176014e-04
-7.69864209e-03 1.16083091e-02 1.41060278e-02 1.14855487e-02 8.61338712e-03 -3.42479302e-03 4.85933153e-03 -2.52695829e-02 -3.12135252e-03 -1.27483970e-02 7.26873148e-03 -8.70296452e-03 1.18998345e-02 1.08061908e-02 -1.31461425e-02 -8.98702128e-04
2.71142041e-03 -1.55073954e-02 -1.48464758e-02 -8.19115620e-03 -5.96458884e-03 2.23337580e-03 -3.17949173e-03 1.67416558e-02 2.06198730e-03 8.43393244e-03 -4.80279978e-03 5.75763965e-03 -7.87017867e-03 -7.14678457e-03 8.69417749e-03 5.94389450e-04
3.49674327e-03 -9.91491415e-03 -9.86511074e-03 -6.47205766e-03 -4.56487015e-03 1.70367293e-03 -2.42047710e-03 1.27740754e-02 1.56970171e-03 6.43097423e-03 -3.65839829e-03 4.39029839e-03 -5.99971600e-03 -5.44816582e-03 6.62751961e-03 4.53205226e-04
7.52554368e-03 5.11271767e-02 3.38380449e-02 1.65113322e-02 1.18951481e-02 -4.07058187e-03 5.84690133e-03 -3.16109844e-02 -3.85066355e-03 -1.58608519e-02 8.96694046e-03 -1.08287372e-02 1.47847589e-02 1.34245008e-02 -1.63290519e-02 -1.11695565e-03
1.51909618e-02 -1.94688383e-02 -2.14965288e-02 -1.59462579e-02 -1.16914222e-02 4.49768314e-03 -6.39019487e-03 3.35302465e-02 4.12648870e-03 1.68897919e-02 -9.61469859e-03 1.15329782e-02 -1.57607999e-02 -1.43119963e-02 1.74099095e-02 1.19063095e-03
-3.62207554e-03 -1.44000761e-02 -3.61288851e-03 -2.03755801e-04 8.71544587e-04 -5.92612952e-04 8.67494324e-04 -3.92782874e-03 -5.04972879e-04 -2.03115144e-03 1.17415457e-03 -1.38679438e-03 1.90152810e-03 1.72706472e-03 -2.10157456e-03 -1.43510697e-04
6.97654858e-03 -1.71273574e-02 -1.50319114e-02 -1.03375753e-02 -7.17966817e-03 2.66178371e-03 -3.79192922e-03 2.00257804e-02 2.46101059e-03 1.00827552e-02 -5.73345553e-03 6.88345637e-03 -9.40593425e-03 -8.54119100e-03 1.03899604e-02 7.10533874e-04
-7.79518019e-03 1.48989428e-02 1.64372120e-02 1.30371246e-02 9.70819965e-03 -3.84253939e-03 5.45325736e-03 -2.83828788e-02 -3.50493635e-03 -1.43168075e-02 8.16207658e-03 -9.77371633e-03 1.33635839e-02 1.21353790e-02 -1.47631085e-02 -1.00926042e-03
5.40434849e-03 -2.06696205e-02 -1.87255275e-02 -1.17460936e-02 -7.96641037e-03 2.94877193e-03 -4.17215750e-03 2.21299268e-02 2.71985424e-03 1.11341616e-02 -6.33408967e-03 7.59968441e-03 -1.03876116e-02 -9.43267252e-03 1.14748497e-02 7.84564647e-04
5.22221811e-03 -3.53607088e-02 -3.01702693e-02 -2.26229578e-02 -1.55314393e-02 5.98281110e-03 -8.52967147e-03 4.46994156e-02 5.50763356e-03 2.25297008e-02 -1.28211910e-02 1.53845744e-02 -2.10245233e-02 -1.90912746e-02 2.32244004e-02 1.58825249e-03
-1.33230948e-04 -2.94924201e-03 -1.60126667e-03 -7.73218577e-04 -3.82061058e-04 7.95559899e-05 -1.16959585e-04 7.28223880e-04 8.42390655e-05 3.59264552e-04 -1.97123052e-04 2.45836593e-04 -3.32681608e-04 -3.01994616e-04 3.66928289e-04 2.52676764e-05
-6.37219287e-03 2.01981701e-02 1.58164259e-02 9.20543727e-03 6.32527471e-03 -2.17989902e-03 3.07396380e-03 -1.67121384e-02 -2.03327578e-03 -8.39016121e-03 4.73423628e-03 -5.73358824e-03 7.81613775e-03 7.09724799e-03 -8.63089133e-03 -5.91421209e-04
-5.12524182e-03 2.25473233e-02 2.26774514e-02 1.31101608e-02 9.20345448e-03 -3.43909999e-03 4.89208521e-03 -2.58142296e-02 -3.16911982e-03 -1.29993306e-02 7.38980202e-03 -8.87704361e-03 1.21263135e-02 1.10109849e-02 -1.33940289e-02 -9.16227116e-04
-8.41105636e-03 2.80161705e-02 2.46212371e-02 1.78079009e-02 1.26549639e-02 -4.75648791e-03 6.75594714e-03 -3.54018137e-02 -4.35990002e-03 -1.78462733e-02 1.01601733e-02 -1.21828131e-02 1.66516751e-02 1.51210455e-02 -1.83946211e-02 -1.25771994e-03
-5.20828441e-02 1.33163482e-01 1.13282688e-01 8.46619084e-02 6.01647198e-02 -2.29164753e-02 3.24591063e-02 -1.70974344e-01 -2.10406017e-02 -8.61146003e-02 4.90129329e-02 -5.87837510e-02 8.03491473e-02 7.29641542e-02 -8.87599364e-02 -6.06908416e-03
-1.08854789e-02 2.18161941e-02 2.44022459e-02 1.86232906e-02 1.38094071e-02 -5.30512957e-03 7.51520274e-03 -3.94333974e-02 -4.85901814e-03 -1.98621992e-02 1.13178091e-02 -1.35590266e-02 1.85374673e-02 1.68336835e-02 -2.04785988e-02 -1.40002905e-03
3.08700092e-03 -8.44115205e-03 -9.16480552e-03 -6.30300492e-03 -4.57264995e-03 1.70887890e-03 -2.42716842e-03 1.27845220e-02 1.57055329e-03 6.44074753e-03 -3.66314384e-03 4.39838273e-03 -6.00901619e-03 -5.45659242e-03 6.63755415e-03 4.53987537e-04
-2.26563774e-03 1.02126580e-02 7.42866192e-03 5.02799591e-03 3.30903498e-03 -1.13179779e-03 1.62428687e-03 -8.70467909e-03 -1.05694472e-03 -4.36595641e-03 2.47189752e-03 -2.98480783e-03 4.06902935e-03 3.69491032e-03 -4.49324958e-03 -3.07911367e-04
6.96300203e-03 -2.95951162e-02 -2.66272202e-02 -1.99805647e-02 -1.34939216e-02 5.09188371e-03 -7.26767816e-03 3.81929092e-02 4.69714170e-03 1.92329604e-02 -1.09360814e-02 1.31304329e-02 -1.79425161e-02 -1.62932687e-02 1.98197514e-02 1.35550660e-03
-1.54408999e-02 3.67948115e-02 3.85075174e-02 2.74671279e-02 2.05078088e-02 -7.94916321e-03 1.12821236e-02 -5.88997789e-02 -7.26630539e-03 -2.96927392e-02 1.69233810e-02 -2.02700514e-02 2.77139265e-02 2.51667704e-02 -3.06161307e-02 -2.09304085e-03
4.25342424e-03 -1.09111127e-02 -1.07785091e-02 -7.73646589e-03 -5.52396849e-03 2.11384171e-03 -3.00499890e-03 1.57800969e-02 1.94072630e-03 7.94835389e-03 -4.52303421e-03 5.42687112e-03 -7.41606578e-03 -6.73433580e-03 8.19200743e-03 5.60236396e-04
8.59032106e-03 -1.81944482e-02 -2.02019084e-02 -1.52440425e-02 -1.09999208e-02 4.26601805e-03 -6.06135372e-03 3.16522643e-02 3.90278548e-03 1.59605201e-02 -9.09213256e-03 1.08963652e-02 -1.48951393e-02 -1.35260904e-02 1.64545272e-02 1.12503057e-03
-8.95894133e-03 1.78037286e-02 1.60763673e-02 1.29119232e-02 8.90887994e-03 -3.36647895e-03 4.76576528e-03 -2.51546912e-02 -3.09172878e-03 -1.26550524e-02 7.20435567e-03 -8.63906648e-03 1.18078785e-02 1.07225170e-02 -1.30437389e-02 -8.91906151e-04
9.70760453e-03 -2.31474228e-02 -2.33272426e-02 -1.65132172e-02 -1.18234111e-02 4.47770348e-03 -6.35134755e-03 3.35040055e-02 4.11988469e-03 1.68665275e-02 -9.60410573e-03 1.15141580e-02 -1.57382227e-02 -1.42915174e-02 1.73855461e-02 1.18873967e-03
6.31188182e-03 -6.16425648e-03 -6.70468248e-03 -5.27112419e-03 -3.89652676e-03 1.54132710e-03 -2.18903786e-03 1.13892183e-02 1.40654854e-03 5.74571174e-03 -3.27576697e-03 3.92244337e-03 -5.36312535e-03 -4.87022335e-03 5.92479715e-03 4.05038125e-04
4.81407740e-04 -3.31368134e-03 -3.26879206e-03 -2.37392634e-03 -1.72288227e-03 6.63678220e-04 -9.41596460e-04 4.92747966e-03 6.07320224e-04 2.48320471e-03 -1.41469995e-03 1.69517891e-03 -2.31740437e-03 -2.10440299e-03 2.56002718e-03 1.75027249e-04
-2.64236634e-03 1.87502876e-02 1.29339760e-02 8.95140879e-03 6.13226695e-03 -2.32294272e-03 3.28389462e-03 -1.73368510e-02 -2.13514338e-03 -8.73320457e-03 4.97377990e-03 -5.96176088e-03 8.14952608e-03 7.40035577e-03 -9.00267158e-03 -6.15485886e-04
-1.96505128e-03 1.81817217e-04 2.46880949e-03 2.31484929e-03 1.82071421e-03 -7.44143617e-04 1.05321466e-03 -5.45095140e-03 -6.74370502e-04 -2.75145308e-03 1.57029030e-03 -1.87838695e-03 2.56882375e-03 2.33276514e-03 -2.83794920e-03 -1.93993750e-04
-2.44212686e-03 1.26772579e-02 1.05675291e-02 7.42732268e-03 5.25345001e-03 -1.97712635e-03 2.80620926e-03 -1.47762746e-02 -1.81780476e-03 -7.43921567e-03 4.22871904e-03 -5.07894484e-03 6.94098370e-03 6.30296487e-03 -7.66724581e-03 -5.24367613e-04
3.21042840e-03 -1.76862553e-02 -1.26770139e-02 -9.18437727e-03 -5.86231193e-03 2.03440129e-03 -2.89941486e-03 1.55885629e-02 1.89996173e-03 7.81363994e-03 -4.43772459e-03 5.33587160e-03 -7.28671765e-03 -6.61701849e-03 8.04851204e-03 5.50703960e-04
6.71281130e-04 -8.98824306e-04 -3.91815742e-03 -3.59679479e-03 -2.74868379e-03 1.09938276e-03 -1.55874575e-03 8.09617899e-03 1.00037060e-03 4.08495218e-03 -2.32956395e-03 2.78864056e-03 -3.81315988e-03 -3.46272253e-03 4.21255454e-03 2.87973380e-04
-1.90147548e-03 8.19491223e-03 6.28824672e-03 4.10431670e-03 2.91101565e-03 -1.08458230e-03 1.54461106e-03 -8.12585466e-03 -9.98964650e-04 -4.09290846e-03 2.32759863e-03 -2.79450743e-03 3.81853501e-03 3.46753863e-03 -4.21811454e-03 -2.88451294e-04
-1.18970554e-02 3.60645838e-02 3.30938883e-02 2.26388648e-02 1.59831792e-02 -5.98545279e-03 8.55036266e-03 -4.49160263e-02 -5.52858273e-03 -2.26328708e-02 1.28840394e-02 -1.54521540e-02 2.11193897e-02 1.91782024e-02 -2.33299397e-02 -1.59529562e-03
-1.85241401e-02 4.20596749e-02 4.17350531e-02 3.05337235e-02 2.20312737e-02 -8.52488820e-03 1.21008512e-02 -6.33952320e-02 -7.80843664e-03 -3.19482684e-02 1.81903336e-02 -2.18138732e-02 2.98147108e-02 2.70740669e-02 -3.29353772e-02 -2.25197850e-03
2.38796230e-02 -5.32081462e-02 -5.53351715e-02 -3.71957868e-02 -2.71730777e-02 1.04505159e-02 -1.48081658e-02 7.77079463e-02 9.56603326e-03 3.91300134e-02 -2.23014839e-02 2.67159771e-02 -3.65225673e-02 -3.31656337e-02 4.03465666e-02 2.75836000e-03
1.48093589e-02 -3.54447104e-02 -3.45668532e-02 -2.31806412e-02 -1.69734247e-02 6.55724993e-03 -9.29559860e-03 4.87206392e-02 6.00541802e-03 2.45537534e-02 -1.39863184e-02 1.67630240e-02 -2.29141265e-02 -2.08080858e-02 2.53135655e-02 1.73056626e-03
-1.54157076e-03 1.12375431e-02 7.28328014e-03 4.28358279e-03 2.50571268e-03 -8.12079757e-04 1.15065533e-03 -6.31801737e-03 -7.65747856e-04 -3.16235051e-03 1.78640964e-03 -2.15986324e-03 2.94604455e-03 2.67499639e-03 -3.25332116e-03 -2.22740200e-04
-8.20594002e-03 2.90995669e-02 2.63916738e-02 1.82363614e-02 1.19083496e-02 -4.30677226e-03 6.17551105e-03 -3.29042897e-02 -4.01555328e-03 -1.65107641e-02 9.37784836e-03 -1.12698711e-02 1.53944260e-02 1.39794126e-02 -1.70041509e-02 -1.16354832e-03
-2.53142547e-02 6.29033446e-02 5.91868237e-02 4.39863876e-02 3.01883649e-02 -1.15245590e-02 1.63052548e-02 -8.56064186e-02 -1.05418712e-02 -4.31585014e-02 2.45497972e-02 -2.94830352e-02 4.02701087e-02 3.65719423e-02 -4.44857180e-02 -3.04320571e-03
-1.29105747e-02 3.09825167e-02 2.92027481e-02 2.30855513e-02 1.63825601e-02 -6.30864548e-03 8.95778276e-03 -4.68483567e-02 -5.77004161e-03 -2.36090925e-02 1.34479646e-02 -1.61194131e-02 2.20327936e-02 2.00075880e-02 -2.43390668e-02 -1.66418089e-03
3.50132445e-03 -6.95045386e-03 -4.54043970e-03 -3.14396201e-03 -2.14421772e-03 7.25333462e-04 -1.03588472e-03 5.65565005e-03 6.84314757e-04 2.81291432e-03 -1.59308279e-03 1.92034198e-03 -2.62157270e-03 -2.38043792e-03 2.89534684e-03 1.98129826e-04
-5.79930935e-03 1.16206193e-02 1.27883041e-02 9.43574030e-03 6.83148112e-03 -2.64148670e-03 3.75359785e-03 -1.96459461e-02 -2.42155511e-03 -9.90331639e-03 5.64031117e-03 -6.76089153e-03 9.24216211e-03 8.39267299e-03 -1.02097746e-02 -6.98035350e-04
-1.64621361e-02 5.43072075e-02 5.30189425e-02 3.61260548e-02 2.51104720e-02 -9.59951337e-03 1.36270607e-02 -7.15701804e-02 -8.79905652e-03 -3.60351913e-02 2.05027126e-02 -2.46052854e-02 3.36245596e-02 3.05337012e-02 -3.71431895e-02 -2.53995205e-03
2.86777806e-03 -1.01171378e-02 -9.89269558e-03 -6.84779510e-03 -4.85913176e-03 1.85186940e-03 -2.63146707e-03 1.38480207e-02 1.70166034e-03 6.97418721e-03 -3.96504486e-03 4.76344256e-03 -6.50706748e-03 -5.90875465e-03 7.18746008e-03 4.91686340e-04
-1.53589481e-03 7.17775617e-03 7.42129423e-03 5.64553589e-03 4.11905348e-03 -1.61246210e-03 2.28773360e-03 -1.19540729e-02 -1.47406512e-03 -6.02519140e-03 3.43308249e-03 -4.11329884e-03 5.62340021e-03 5.10654645e-03 -6.21221587e-03 -4.24711034e-04
1.20944027e-02 -2.42512580e-02 -2.37786658e-02 -1.67624392e-02 -1.21199638e-02 4.60952939e-03 -6.56042108e-03 3.43740024e-02 4.23505902e-03 1.73253249e-02 -9.86911356e-03 1.18262218e-02 -1.61680300e-02 -1.46819483e-02 1.78608093e-02 1.22110336e-03
1.17166620e-02 -1.28813544e-02 -1.53219914e-02 -1.24293696e-02 -9.30761825e-03 3.69724189e-03 -5.24776895e-03 2.72901338e-02 3.37098236e-03 1.37680955e-02 -7.84996431e-03 9.39904246e-03 -1.28515549e-02 -1.16704423e-02 1.41975349e-02 9.70578694e-04
-9.69687477e-04 1.25062419e-02 1.19023928e-02 8.24236963e-03 5.71447611e-03 -2.08462914e-03 2.99440348e-03 -1.57490876e-02 -1.93444069e-03 -7.93210045e-03 4.51072771e-03 -5.41386288e-03 7.39803305e-03 6.71808748e-03 -8.17210600e-03 -5.58912172e-04
-1.40844192e-02 2.86322981e-02 2.87552159e-02 2.36183442e-02 1.45552708e-02 -5.55107743e-03 7.87184108e-03 -4.13367189e-02 -5.08292951e-03 -2.08088905e-02 1.18516991e-02 -1.42066739e-02 1.94180179e-02 1.76331755e-02 -2.14507710e-02 -1.46661897e-03
-1.02419648e-02 4.14497927e-02 3.35028693e-02 2.31955014e-02 1.56760439e-02 -5.80132287e-03 8.14507157e-03 -4.34073843e-02 -5.32604102e-03 -2.18428373e-02 1.24374302e-02 -1.49111478e-02 2.03830730e-02 1.85091831e-02 -2.25164294e-02 -1.53948180e-03
-1.55302593e-02 2.72654295e-02 2.77698357e-02 2.16493700e-02 1.50968162e-02 -5.83525328e-03 8.27449095e-03 -4.32028808e-02 -5.33041125e-03 -2.17875428e-02 1.24151651e-02 -1.48741500e-02 2.03351360e-02 1.84661057e-02 -2.24643722e-02 -1.53581495e-03
-8.00981559e-03 2.07048617e-02 1.98400840e-02 1.48918349e-02 1.05154384e-02 -3.97378299e-03 5.64607093e-03 -2.97569335e-02 -3.65937338e-03 -1.49720712e-02 8.52067210e-03 -1.02177029e-02 1.39669608e-02 1.26830377e-02 -1.54288728e-02 -1.05492154e-03
-2.97074742e-03 1.13447607e-02 8.29526223e-03 4.05322108e-03 2.59274826e-03 -9.07822861e-04 1.29638438e-03 -6.98193768e-03 -8.53529025e-04 -3.50461178e-03 1.99105730e-03 -2.39235349e-03 3.26838484e-03 2.96785170e-03 -3.61021771e-03 -2.46888085e-04
-1.38638532e-02 4.53486294e-02 4.23831306e-02 2.83131152e-02 1.95667502e-02 -7.23867305e-03 1.02872811e-02 -5.41311838e-02 -6.65434450e-03 -2.72743367e-02 1.55134043e-02 -1.86206661e-02 2.54443921e-02 2.31054164e-02 -2.81064864e-02 -1.92215631e-03
8.20546970e-03 -2.13466343e-02 -1.97998974e-02 -1.40206935e-02 -1.03224935e-02 3.98526574e-03 -5.66770788e-03 2.96563562e-02 3.65407346e-03 1.49345305e-02 -8.51027668e-03 1.01952329e-02 -1.39386831e-02 -1.26576182e-02 1.53982965e-02 1.05271209e-03
6.93992525e-03 -1.46489106e-02 -1.48537103e-02 -1.22134564e-02 -8.25435948e-03 3.19109461e-03 -4.53786319e-03 2.37408411e-02 2.92627211e-03 1.19678602e-02 -6.81892782e-03 8.16928316e-03 -1.11678960e-02 -1.01414677e-02 1.23371789e-02 8.43507005e-04
1.38822980e-02 -1.54216653e-02 -1.97212528e-02 -1.59974173e-02 -1.18465442e-02 4.68129711e-03 -6.64065732e-03 3.46031338e-02 4.27185884e-03 1.74542777e-02 -9.94877703e-03 1.19155021e-02 -1.62913352e-02 -1.47940582e-02 1.79974176e-02 1.23038632e-03
3.47962696e-03 -4.33673756e-03 -6.47218153e-03 -5.55661879e-03 -4.21927311e-03 1.68983138e-03 -2.39643385e-03 1.24457069e-02 1.53788773e-03 6.28006132e-03 -3.58108594e-03 4.28724475e-03 -5.86223183e-03 -5.32347756e-03 6.47622813e-03 4.42727032e-04
8.69584642e-03 -3.89517564e-03 -3.29180388e-03 -2.33939034e-03 -1.69636740e-03 6.41589577e-04 -9.14817501e-04 4.79946658e-03 5.91233955e-04 2.41744216e-03 -1.37706276e-03 1.65020919e-03 -2.25603022e-03 -2.04867381e-03 2.49224249e-03 1.70389540e-04
2.00881367e-03 -5.27180545e-03 -5.41019626e-03 -4.09901142e-03 -2.97975144e-03 1.13412191e-03 -1.60933984e-03 8.45833402e-03 1.03926007e-03 4.25809110e-03 -2.42305966e-03 2.90762773e-03 -3.97277577e-03 -3.60751036e-03 4.38816845e-03 3.00190353e-04
-3.22672166e-02 7.11644813e-02 6.86953813e-02 5.22132032e-02 3.65911014e-02 -1.39238881e-02 1.98028013e-02 -1.04045190e-01 -1.28038982e-02 -5.23714274e-02 2.98203714e-02 -3.57531905e-02 4.88709696e-02 4.43788581e-02 -5.39870821e-02 -3.69114662e-03
-5.12392353e-03 1.26540540e-02 1.35400500e-02 9.86539759e-03 6.84788404e-03 -2.60498654e-03 3.68801504e-03 -1.94008891e-02 -2.38462258e-03 -9.76904016e-03 5.55705279e-03 -6.67023612e-03 9.11495741e-03 8.27704184e-03 -1.00686261e-02 -6.88597618e-04
-3.94236762e-03 2.39315559e-03 3.43031599e-03 2.79588578e-03 2.07531662e-03 -8.13699269e-04 1.15517608e-03 -6.02284959e-03 -7.43142446e-04 -3.03738425e-03 1.73088477e-03 -2.07356480e-03 2.83486419e-03 2.57431203e-03 -3.13170510e-03 -2.14105894e-04
-4.65113390e-03 4.44324128e-03 4.97540645e-03 3.46741267e-03 2.36954493e-03 -8.92417564e-04 1.26971013e-03 -6.67799404e-03 -8.20824760e-04 -3.35990824e-03 1.91288895e-03 -2.29350734e-03 3.13504389e-03 2.84686615e-03 -3.46320844e-03 -2.36784283e-04
-1.24176091e-03 5.71055710e-03 4.21006186e-03 2.89271330e-03 1.75192871e-03 -6.00603234e-04 8.61671695e-04 -4.62441752e-03 -5.65264432e-04 -2.32322537e-03 1.31795474e-03 -1.58583431e-03 2.16565514e-03 1.96652394e-03 -2.39200168e-03 -1.63643766e-04
-2.04342678e-02 4.50293832e-02 4.69527841e-02 3.46926898e-02 2.46808138e-02 -9.53684840e-03 1.35537023e-02 -7.09426031e-02 -8.73437151e-03 -3.57498676e-02 2.03479994e-02 -2.44076792e-02 3.33579332e-02 3.02918404e-02 -3.68491970e-02 -2.51984689e-03
1.62989814e-02 -3.35627012e-02 -3.22275199e-02 -2.29294579e-02 -1.69340726e-02 6.44012215e-03 -9.16709006e-03 4.80725393e-02 5.91867557e-03 2.42061615e-02 -1.37859387e-02 1.65244695e-02 -2.25889459e-02 -2.05126442e-02 2.49538515e-02 1.70607574e-03
2.12376192e-03 5.96580701e-03 2.61971261e-03 -2.55044317e-03 -2.79887393e-03 1.45574263e-03 -2.06963066e-03 1.04265315e-02 1.30101549e-03 5.28321229e-03 -3.02113220e-03 3.60606308e-03 -4.93451348e-03 -4.48125554e-03 5.45193302e-03 3.72621202e-04
-5.26854303e-03 6.76843617e-03 8.60442501e-03 6.72988174e-03 4.90932167e-03 -1.90790766e-03 2.70073442e-03 -1.41463820e-02 -1.74301444e-03 -7.12729990e-03 4.06175805e-03 -4.86595090e-03 6.65220199e-03 6.04078872e-03 -7.34873768e-03 -5.02410519e-04
-1.33481110e-03 5.52714104e-03 -5.97875193e-03 -5.27703669e-03 -4.85180411e-03 2.19618506e-03 -3.09510296e-03 1.57457124e-02 1.95937837e-03 7.97298923e-03 -4.56175581e-03 5.44453412e-03 -7.45056197e-03 -6.76597189e-03 8.23167525e-03 5.62529312e-04
