2.48791669e-02 -1.62211955e-02 1.16916152e-03 -2.05960218e-03 3.69657739e-03 -7.29335751e-03 -8.94195959e-03 3.31198834e-02 6.82743685e-03 -3.48725100e-03 4.36968775e-03 -3.55592230e-03 -7.43791554e-03 6.07805792e-04 2.41681398e-03 -3.21415020e-03
3.07759140e-02 -1.82736628e-02 2.77005369e-04 -2.49918550e-03 4.20647021e-03 -8.06081574e-03 -1.00402348e-02 3.71736884e-02 7.69206509e-03 -3.91483540e-03 4.89417417e-03 -3.99333332e-03 -8.36703088e-03 6.83212245e-04 2.71767797e-03 -3.61506944e-03
7.24193919e-03 -9.51517746e-03 -3.67735513e-04 -1.79048372e-03 3.07087717e-03 -5.93188452e-03 -7.33445585e-03 2.71900333e-02 5.61440410e-03 -2.86109792e-03 3.58026684e-03 -2.91805272e-03 -6.10887306e-03 4.99071728e-04 1.98471127e-03 -2.63968925e-03
-4.48185280e-02 3.13177370e-02 -1.28323492e-03 4.60403878e-03 -8.41375533e-03 1.66552681e-02 2.03278605e-02 -7.54647627e-02 -1.55283669e-02 7.94675481e-03 -9.98064876e-03 8.09116010e-03 1.69019215e-02 -1.38310064e-03 -5.49610984e-03 7.30592525e-03
3.27221006e-02 -2.87853628e-02 1.23282894e-04 -4.45997622e-03 7.82002602e-03 -1.55589404e-02 -1.88452397e-02 6.99385032e-02 1.44315558e-02 -7.36392802e-03 9.18827485e-03 -7.49743870e-03 -1.56999491e-02 1.28266483e-03 5.10067306e-03 -6.78392872e-03
-1.22797582e-02 1.10644866e-02 6.96034229e-04 2.22984725e-03 -3.68669233e-03 7.00313691e-03 8.72313697e-03 -3.22971083e-02 -6.69045700e-03 3.39880842e-03 -4.24992386e-03 3.47051932e-03 7.27401488e-03 -5.93862496e-04 -2.36246455e-03 3.14270798e-03
-5.64485835e-03 4.67328681e-03 3.80759069e-04 9.89550608e-04 -1.64461404e-03 3.10980156e-03 3.88552248e-03 -1.43830245e-02 -2.98099034e-03 1.51449454e-03 -1.89385051e-03 1.54626928e-03 3.24086007e-03 -2.64594040e-04 -1.05258764e-03 1.40020251e-03
-1.01415832e-02 6.18163683e-03 -9.95462062e-04 1.27575826e-04 -7.03168334e-04 1.58988638e-03 1.81584118e-03 -6.74786372e-03 -1.37071661e-03 7.18339696e-04 -9.07735317e-04 7.25663092e-04 1.49944855e-03 -1.23534963e-04 -4.89389757e-04 6.49075955e-04
5.95309250e-02 -4.40850966e-02 8.24124087e-04 -6.33560726e-03 1.08884377e-02 -2.09528208e-02 -2.58487426e-02 9.57147032e-02 1.97986346e-02 -1.00933919e-02 1.26482230e-02 -1.02910213e-02 -2.15423666e-02 1.76003005e-03 6.99893385e-03 -9.30870790e-03
-2.39992049e-03 -2.69631506e-03 -2.51626218e-04 -8.18195927e-04 1.29128958e-03 -2.49432935e-03 -3.09088337e-03 1.14795743e-02 2.36712722e-03 -1.20393804e-03 1.50648772e-03 -1.22915243e-03 -2.57446431e-03 2.10256854e-04 8.36294959e-04 -1.11237436e-03
3.19340639e-02 -2.47770175e-02 2.12257728e-04 -3.53858084e-03 6.18518749e-03 -1.21539673e-02 -1.49282981e-02 5.53966053e-02 1.14261126e-02 -5.82631771e-03 7.29248347e-03 -5.93848852e-03 -1.24299489e-02 1.01558981e-03 4.03861096e-03 -5.37123345e-03
4.21039164e-02 -2.84613278e-02 -9.51016787e-04 -5.43616340e-03 9.02364496e-03 -1.71673298e-02 -2.14428697e-02 7.93963894e-02 1.64397806e-02 -8.35458562e-03 1.04509695e-02 -8.53132363e-03 -1.78756956e-02 1.45961088e-03 5.80611266e-03 -7.72334775e-03
-1.75325852e-03 2.71272520e-03 5.93426172e-04 8.85798072e-04 -1.40820164e-03 2.63347360e-03 3.31103662e-03 -1.22557245e-02 -2.54136883e-03 1.29010202e-03 -1.61313429e-03 1.31773553e-03 2.76241126e-03 -2.25510230e-04 -8.97148042e-04 1.19346799e-03
-5.12283891e-02 3.97450626e-02 1.90431392e-03 8.18702113e-03 -1.33881923e-02 2.55780518e-02 3.18440609e-02 -1.17954388e-01 -2.44053472e-02 1.24063091e-02 -1.55165354e-02 1.26682380e-02 2.65444685e-02 -2.16744817e-03 -8.62179324e-03 1.14687709e-02
-1.47457682e-02 2.85276342e-02 6.97728759e-03 9.79291182e-03 -1.54733611e-02 2.89426390e-02 3.63864750e-02 -1.34683937e-01 -2.79284827e-02 1.41779929e-02 -1.77282393e-02 1.44814886e-02 3.03575620e-02 -2.47826800e-03 -9.85926017e-03 1.31156556e-02
-6.69821948e-02 1.85936876e-02 -7.42604025e-03 -3.03890696e-03 4.08401154e-03 -6.97076973e-03 -9.25139990e-03 3.42158154e-02 7.16190273e-03 -3.59777082e-03 4.49283468e-03 -3.68629373e-03 -7.76497601e-03 6.32833457e-04 2.52006715e-03 -3.35381390e-03
-3.47805470e-02 2.68747024e-02 3.77293816e-03 6.83692936e-03 -1.11628594e-02 2.10560597e-02 2.63544675e-02 -9.76082981e-02 -2.02187579e-02 1.02679394e-02 -1.28394477e-02 1.04859769e-02 2.19795313e-02 -1.79439655e-03 -7.13846274e-03 9.49611142e-03
3.80551741e-02 -2.62400359e-02 2.19973386e-03 -2.26328173e-03 4.87524364e-03 -1.01658022e-02 -1.21247983e-02 4.53432612e-02 9.18044709e-03 -4.77374578e-03 6.03918452e-03 -4.85057943e-03 -1.00335246e-02 8.28550023e-04 3.27818980e-03 -4.34461888e-03
-2.41922177e-02 2.02877596e-02 1.25685183e-03 4.24330216e-03 -7.06669316e-03 1.35118524e-02 1.68040004e-02 -6.22563884e-02 -1.28706982e-02 6.55091647e-03 -8.19775369e-03 6.68445416e-03 1.39991585e-02 -1.14344514e-03 -4.54772776e-03 6.04886981e-03
7.02177808e-02 -4.43390757e-02 -2.34684628e-03 -8.62660166e-03 1.40529107e-02 -2.69949157e-02 -3.34250815e-02 1.23786852e-01 2.56401282e-02 -1.30306631e-02 1.62975527e-02 -1.33008007e-02 -2.78734118e-02 2.27570697e-03 9.05286428e-03 -1.20426277e-02
-1.94170270e-02 1.01783881e-02 6.39844220e-05 1.78630510e-03 -3.05363117e-03 5.90845197e-03 7.29904743e-03 -2.70872358e-02 -5.58644114e-03 2.84575764e-03 -3.56390350e-03 2.90362141e-03 6.07728213e-03 -4.96516121e-04 -1.97452959e-03 2.62607285e-03
-4.10147347e-02 3.33691351e-02 9.27466899e-03 1.17328204e-02 -1.86076537e-02 3.43883038e-02 4.35000621e-02 -1.60948977e-01 -3.34193632e-02 1.69434361e-02 -2.11696867e-02 1.73111949e-02 3.63170505e-02 -2.96328450e-03 -1.17916744e-02 1.56887937e-02
-4.12295833e-02 3.37918662e-02 -1.92833110e-03 3.58862802e-03 -6.70255627e-03 1.35461781e-02 1.63948871e-02 -6.09263144e-02 -1.24819474e-02 6.41758740e-03 -8.06361809e-03 6.52866252e-03 1.36009408e-02 -1.11528090e-03 -4.42699203e-03 5.88116748e-03
-4.44754884e-02 2.47118659e-02 3.11161159e-04 3.72517738e-03 -6.53182808e-03 1.25763370e-02 1.55266533e-02 -5.75098805e-02 -1.19020892e-02 6.05809409e-03 -7.58088240e-03 6.18083077e-03 1.29443016e-02 -1.05729187e-03 -4.20472492e-03 5.59280161e-03
1.57464910e-02 -1.31476466e-02 -1.24877342e-03 -2.81946291e-03 4.71806293e-03 -9.00052302e-03 -1.12065356e-02 4.14968729e-02 8.59433971e-03 -4.36672708e-03 5.46110049e-03 -4.45840647e-03 -9.34405439e-03 7.62884680e-04 3.03481775e-03 -4.03708499e-03
5.61526418e-02 -4.32761051e-02 1.46512454e-03 -6.22480363e-03 1.10712294e-02 -2.18077134e-02 -2.67554373e-02 9.95234400e-02 2.04319172e-02 -1.04442248e-02 1.30971624e-02 -1.06526744e-02 -2.22397689e-02 1.82008359e-03 7.23254867e-03 -9.61379055e-03
-6.96540549e-02 5.45693599e-02 -1.98826939e-03 8.22140463e-03 -1.48003418e-02 2.96101756e-02 3.59055661e-02 -1.33153841e-01 -2.74241343e-02 1.40524236e-02 -1.76836271e-02 1.43047115e-02 2.98669487e-02 -2.44451221e-03 -9.71424393e-03 1.29109276e-02
-5.64054633e-03 6.45486405e-03 1.02403155e-03 1.35241682e-03 -2.51028361e-03 4.54307441e-03 5.83684212e-03 -2.15892866e-02 -4.48703067e-03 2.26902729e-03 -2.83157546e-03 2.32146145e-03 4.87384433e-03 -3.97511409e-04 -1.58209854e-03 2.10526818e-03
8.45013186e-03 -6.89812843e-03 1.22713041e-04 -1.02142105e-03 1.73263717e-03 -3.30643239e-03 -4.11731517e-03 1.52448760e-02 3.15651996e-03 -1.60352816e-03 2.00717594e-03 -1.63820793e-03 -3.43204034e-03 2.80215259e-04 1.11469126e-03 -1.48281781e-03
2.05071140e-02 -1.49336364e-02 2.07532430e-03 -1.26285641e-03 2.68461090e-03 -5.66298049e-03 -6.72153709e-03 2.50776112e-02 5.11171995e-03 -2.64357310e-03 3.32765258e-03 -2.68318783e-03 -5.57750417e-03 4.57738352e-04 1.81645225e-03 -2.41231336e-03
3.69955227e-02 -3.07061933e-02 -3.05558089e-04 -4.97550704e-03 8.31980444e-03 -1.60062965e-02 -1.98372304e-02 7.36482665e-02 1.51864607e-02 -7.73816044e-03 9.66918562e-03 -7.89011735e-03 -1.65248346e-02 1.35042251e-03 5.36930189e-03 -7.14044087e-03
6.58683032e-02 -5.45795858e-02 -4.39802278e-03 -1.26674781e-02 2.03276873e-02 -3.83704975e-02 -4.79389913e-02 1.77515849e-01 3.67836095e-02 -1.86793823e-02 2.33615749e-02 -1.90765522e-02 -3.99861187e-02 3.26436572e-03 1.29864486e-02 -1.72756705e-02
-8.82466137e-02 7.41834491e-02 7.63585744e-03 1.69717353e-02 -2.84564104e-02 5.40764965e-02 6.74593151e-02 -2.49917597e-01 -5.17312996e-02 2.62891874e-02 -3.28706279e-02 2.68427189e-02 5.62488064e-02 -4.59287176e-03 -1.82698537e-02 2.43027881e-02
7.52871186e-02 -5.78323528e-02 1.04881776e-03 -9.50011984e-03 1.56879127e-02 -3.02181486e-02 -3.76574248e-02 1.39542401e-01 2.88105272e-02 -1.46608008e-02 1.84043553e-02 -1.49665261e-02 -3.13450582e-02 2.55983439e-03 1.01816822e-02 -1.35433450e-02
-2.51071807e-02 6.00535981e-03 7.22007942e-04 1.37784879e-03 -2.17397558e-03 4.16341890e-03 5.17349597e-03 -1.91702936e-02 -3.96295125e-03 2.01555877e-03 -2.52640364e-03 2.05695652e-03 4.31038905e-03 -3.51963041e-04 -1.40003546e-03 1.86234817e-03
2.52177473e-02 -2.08372623e-02 2.51757214e-04 -2.95182317e-03 5.18735033e-03 -1.03513598e-02 -1.25472564e-02 4.65954840e-02 9.57641192e-03 -4.91433777e-03 6.16599293e-03 -4.99947229e-03 -1.04279723e-02 8.54338345e-04 3.39312735e-03 -4.50867787e-03
-1.16216794e-01 8.44592154e-02 -3.01503763e-03 1.06334919e-02 -1.87667739e-02 3.65770198e-02 4.49787378e-02 -1.67436823e-01 -3.44445966e-02 1.75276473e-02 -2.19302978e-02 1.78856384e-02 3.74694206e-02 -3.05966800e-03 -1.21705998e-02 1.61892641e-02
-8.92406851e-02 6.98021725e-02 -8.20546784e-03 5.80236781e-03 -1.26272636e-02 2.59306878e-02 3.08570564e-02 -1.15440115e-01 -2.35003270e-02 1.20657319e-02 -1.50231486e-02 1.22319357e-02 2.55828518e-02 -2.09273188e-03 -8.31600372e-03 1.10572809e-02
1.38907181e-02 -6.70882221e-03 5.99529245e-04 -8.32222227e-04 1.42472074e-03 -2.79198657e-03 -3.45637230e-03 1.27981203e-02 2.64798733e-03 -1.34663191e-03 1.68502389e-03 -1.37456623e-03 -2.87994370e-03 2.35157262e-04 9.35416610e-04 -1.24430959e-03
3.58544588e-02 -2.94397920e-02 4.85814409e-04 -4.28272225e-03 7.53318565e-03 -1.46532161e-02 -1.80924907e-02 6.69691712e-02 1.38460202e-02 -7.04972167e-03 8.81363451e-03 -7.19100889e-03 -1.50648113e-02 1.23023451e-03 4.89341468e-03 -6.50906516e-03
1.59774255e-02 -1.13302376e-02 1.08887663e-03 -1.29597448e-03 2.44963076e-03 -5.05195744e-03 -6.06772909e-03 2.25683711e-02 4.62676212e-03 -2.37295334e-03 2.98097054e-03 -2.41541141e-03 -5.04080299e-03 4.12577123e-04 1.63930317e-03 -2.17905268e-03
-5.81247211e-02 3.52700204e-02 -5.88285737e-04 4.87082638e-03 -8.72041937e-03 1.71740558e-02 2.12011132e-02 -7.86509141e-02 -1.62029453e-02 8.26134719e-03 -1.03287920e-02 8.42518546e-03 1.76340882e-02 -1.44078804e-03 -5.72949043e-03 7.61985453e-03
-1.42998993e-03 1.28409211e-02 3.47777759e-03 5.14901523e-03 -7.96150696e-03 1.49175376e-02 1.87379364e-02 -6.93597421e-02 -1.43818101e-02 7.30135059e-03 -9.12971701e-03 7.45749986e-03 1.56329703e-02 -1.27621868e-03 -5.07715065e-03 6.75406260e-03
-8.98107439e-02 5.95320016e-02 4.12893575e-03 1.34009710e-02 -2.20203083e-02 4.15966175e-02 5.20749688e-02 -1.92830950e-01 -3.99523079e-02 2.02907100e-02 -2.53725238e-02 2.07209121e-02 4.34339978e-02 -3.54588754e-03 -1.41063221e-02 1.87653359e-02
5.67486435e-02 -4.55539413e-02 -2.32003164e-04 -7.07343221e-03 1.20763639e-02 -2.34724227e-02 -2.89238580e-02 1.07561678e-01 2.21183375e-02 -1.12873809e-02 1.41212540e-02 -1.15221711e-02 -2.40872409e-02 1.97227416e-03 7.83041306e-03 -1.04106609e-02
-3.37933600e-02 2.15730667e-02 -1.92279671e-03 2.58313981e-03 -4.61552665e-03 9.62165929e-03 1.13826739e-02 -4.24602404e-02 -8.66547041e-03 4.45447210e-03 -5.59841748e-03 4.52430407e-03 9.44728032e-03 -7.73431908e-04 -3.07258591e-03 4.08379827e-03
-1.38206571e-01 1.05357759e-01 -2.12383829e-03 1.29546523e-02 -2.28919201e-02 4.63193320e-02 5.58004156e-02 -2.07230598e-01 -4.25547361e-02 2.19429880e-02 -2.73742788e-02 2.21898183e-02 4.63461205e-02 -3.79458466e-03 -1.50800077e-02 2.00350843e-02
-2.34814864e-02 1.38605945e-02 -2.32376251e-03 -5.68762771e-05 -7.07526226e-04 2.25627935e-03 2.17209756e-03 -8.24906211e-03 -1.62194669e-03 8.72222998e-04 -1.08222209e-03 8.63060472e-04 1.77875697e-03 -1.46717110e-04 -5.80659427e-04 7.69998820e-04
1.53987473e-02 -1.29642487e-02 -3.76073294e-04 -1.92878826e-03 3.70863429e-03 -7.26930937e-03 -8.87170900e-03 3.28555927e-02 6.79670321e-03 -3.46183288e-03 4.32792259e-03 -3.52942548e-03 -7.39255315e-03 6.03757682e-04 2.40138685e-03 -3.19415214e-03
-1.17746606e-01 1.20004550e-01 -1.38218999e-02 1.43326260e-02 -2.39414852e-02 4.80211116e-02 5.86114898e-02 -2.18057454e-01 -4.47198600e-02 2.28747651e-02 -2.85824183e-02 2.32717674e-02 4.86712269e-02 -3.97688244e-03 -1.58212278e-02 2.10335851e-02
-4.59018126e-02 3.16256359e-02 8.67690425e-04 5.61841112e-03 -9.06538218e-03 1.72662754e-02 2.15394739e-02 -7.97555968e-02 -1.65072065e-02 8.38955026e-03 -1.04918256e-02 8.56471527e-03 1.79500356e-02 -1.46554969e-03 -5.83004253e-03 7.75533589e-03
-2.06028689e-02 1.73041970e-02 -2.28020130e-03 9.96415503e-04 -2.57480051e-03 5.65320626e-03 6.49844576e-03 -2.41942499e-02 -4.91542462e-03 2.56689428e-03 -3.25930794e-03 2.59933574e-03 5.37417177e-03 -4.42970922e-04 -1.75508042e-03 2.32666265e-03
2.92812604e-02 -2.20204387e-02 1.54407229e-03 -2.76343781e-03 5.27360756e-03 -1.08055025e-02 -1.28524406e-02 4.79393490e-02 9.76724364e-03 -5.04314713e-03 6.38785260e-03 -5.12872590e-03 -1.06573775e-02 8.75434722e-04 3.47292400e-03 -4.61054454e-03
1.33999772e-02 -9.96615551e-03 -2.09840201e-03 -3.04735568e-03 4.86615440e-03 -9.08116065e-03 -1.14280917e-02 4.22975272e-02 8.77231825e-03 -4.45270119e-03 5.56738907e-03 -4.54832567e-03 -9.53506213e-03 7.78389280e-04 3.09668574e-03 -4.11950331e-03
-1.35483146e-02 9.10765771e-03 4.89001686e-04 1.68275449e-03 -2.91510206e-03 5.74866682e-03 7.04497285e-03 -2.61670742e-02 -5.38561400e-03 2.75098463e-03 -3.44618503e-03 2.80356943e-03 5.86213917e-03 -4.79289214e-04 -1.90523476e-03 2.53335433e-03
2.41755117e-02 -1.29847471e-02 3.48715531e-03 2.48821627e-04 2.90758093e-04 -1.37191266e-03 -1.07113610e-03 4.32188855e-03 7.72523577e-04 -4.39330790e-04 5.99137624e-04 -4.31687280e-04 -8.60745437e-04 7.23228150e-05 2.83914735e-04 -3.74129799e-04
1.15744546e-02 -6.83866441e-03 2.00276671e-04 -8.28576391e-04 1.67441380e-03 -3.30761890e-03 -4.04472556e-03 1.50223747e-02 3.09022865e-03 -1.58171437e-03 1.98394409e-03 -1.61093159e-03 -3.36440513e-03 2.75266095e-04 1.09388912e-03 -1.45422958e-03
-1.98252462e-02 1.47127090e-02 -6.27382891e-04 1.64132926e-03 -3.07907537e-03 6.14184793e-03 7.54356803e-03 -2.80150101e-02 -5.75659703e-03 2.94736307e-03 -3.69767356e-03 3.00179026e-03 6.26984937e-03 -5.12924569e-04 -2.03850027e-03 2.71002646e-03
-4.00647521e-02 2.25668512e-02 1.72397378e-03 4.67786659e-03 -7.56139448e-03 1.42760780e-02 1.78707950e-02 -6.61686882e-02 -1.37066422e-02 6.96191052e-03 -8.71112943e-03 7.10994378e-03 1.49022555e-02 -1.21662894e-03 -4.83995257e-03 6.43844437e-03
5.11970930e-02 -3.37144807e-02 5.44598466e-03 -3.87845561e-03 6.62739342e-03 -1.34819234e-02 -1.62099581e-02 6.00865074e-02 1.23815844e-02 -6.31887792e-03 7.92121980e-03 -6.44088443e-03 -1.34740360e-02 1.10074587e-03 4.37739026e-03 -5.82221663e-03
7.58884754e-03 -6.85458537e-03 3.12666642e-04 -1.14600058e-03 1.94543658e-03 -3.83089669e-03 -4.69414843e-03 1.74055062e-02 3.59003013e-03 -1.83166261e-03 2.29441188e-03 -1.86713156e-03 -3.90702207e-03 3.19256797e-04 1.26950222e-03 -1.68833323e-03
2.58077867e-02 -2.43333690e-02 -3.02599836e-03 -6.57208590e-03 1.04512749e-02 -2.00462807e-02 -2.48287469e-02 9.20191556e-02 1.90176815e-02 -9.68998671e-03 1.21635702e-02 -9.88600869e-03 -2.06880514e-02 1.69055851e-03 6.72193617e-03 -8.94004945e-03
2.94652451e-02 -2.46968791e-02 -2.97884969e-03 -6.13930589e-03 9.95911285e-03 -1.88120697e-02 -2.35187206e-02 8.71005058e-02 1.80365499e-02 -9.16737039e-03 1.14694545e-02 -9.36128758e-03 -1.96108408e-02 1.60161196e-03 6.37037447e-03 -8.47338419e-03
-4.09992635e-02 3.76784131e-02 9.25276196e-04 6.37039123e-03 -1.08134663e-02 2.07550228e-02 2.57953107e-02 -9.56009701e-02 -1.97585262e-02 1.00482507e-02 -1.25760520e-02 1.02553116e-02 2.14859471e-02 -1.75445469e-03 -6.97883125e-03 9.28329024e-03
1.82919558e-02 -1.13570224e-02 1.81384967e-03 -5.32312901e-04 1.32874888e-03 -2.99856323e-03 -3.41456616e-03 1.27167488e-02 2.58669513e-03 -1.34074443e-03 1.69248425e-03 -1.35866564e-03 -2.82322266e-03 2.31644022e-04 9.19293787e-04 -1.22107775e-03
-5.10375947e-02 3.73126268e-02 2.85716425e-03 8.16273596e-03 -1.34126060e-02 2.56342888e-02 3.19306739e-02 -1.18325725e-01 -2.44773161e-02 1.24428570e-02 -1.55719556e-02 1.27027128e-02 2.66160164e-02 -2.17334856e-03 -8.64524581e-03 1.14998929e-02
3.09582278e-02 -2.73184143e-02 -1.28788385e-03 -5.72621543e-03 9.36852582e-03 -1.77526549e-02 -2.21917853e-02 8.21582526e-02 1.70207266e-02 -8.64552241e-03 1.08124008e-02 -8.82771891e-03 -1.85035393e-02 1.51061290e-03 6.00953773e-03 -7.99433514e-03
-7.32809082e-02 3.58142592e-02 -4.73636808e-03 -1.49508787e-03 -2.27077879e-04 1.20021799e-03 8.63254711e-04 -3.30799120e-03 -6.07590599e-04 3.53868410e-04 -5.07293851e-04 3.55645810e-04 6.76196534e-04 -5.78173676e-05 -2.25816329e-04 2.96171725e-04
8.10333528e-03 -7.92124216e-03 -3.18437640e-04 -1.60931423e-03 2.67301640e-03 -5.21168578e-03 -6.41344767e-03 2.37727799e-02 4.90876473e-03 -2.50393967e-03 3.13722831e-03 -2.55309814e-03 -5.34090446e-03 4.36532195e-04 1.73562451e-03 -2.30805692e-03
-3.46496850e-02 2.40573920e-02 -2.98446370e-03 2.33257934e-03 -4.33653081e-03 9.20467265e-03 1.08967926e-02 -4.05432098e-02 -8.25888757e-03 4.28914139e-03 -5.43669891e-03 4.35331371e-03 9.01229400e-03 -7.41612632e-04 -2.93925055e-03 3.90009652e-03
-2.14626193e-02 1.59748700e-02 -1.07941672e-03 2.37966096e-03 -4.07761615e-03 7.93212093e-03 9.76545736e-03 -3.61946374e-02 -7.47153256e-03 3.81310075e-03 -4.77590598e-03 3.88889760e-03 8.13123491e-03 -6.64741732e-04 -2.64304550e-03 3.51421721e-03
-7.20568327e-03 8.59464519e-03 1.23815169e-03 2.35876278e-03 -3.77173745e-03 7.11209932e-03 8.91524460e-03 -3.30022760e-02 -6.84029842e-03 3.47439293e-03 -4.34466451e-03 3.54789174e-03 7.43632764e-03 -6.07111841e-04 -2.41518067e-03 3.21283098e-03
-2.06118345e-01 1.25982553e-01 -1.07635744e-03 1.55183244e-02 -2.71964930e-02 5.33441454e-02 6.55262023e-02 -2.42893562e-01 -5.00974953e-02 2.55565289e-02 -3.20220590e-02 2.60439590e-02 5.45139052e-02 -4.45416337e-03 -1.77117493e-02 2.35561375e-02
-4.58951294e-02 3.53144668e-02 2.58617313e-03 7.87678361e-03 -1.28133101e-02 2.46650614e-02 3.06236781e-02 -1.13519780e-01 -2.34563146e-02 1.19285332e-02 -1.49281062e-02 1.21748932e-02 2.55080350e-02 -2.08293041e-03 -8.28536693e-03 1.10211149e-02
-1.00927837e-02 6.29181042e-04 -2.40706839e-03 -1.64892909e-03 2.47470476e-03 -4.43271035e-03 -5.69192925e-03 2.10522488e-02 4.38353466e-03 -2.21475889e-03 2.76412419e-03 -2.26469757e-03 -4.75812703e-03 3.87968728e-04 1.54434796e-03 -2.05518049e-03
-7.37215579e-02 5.65456524e-02 -3.13990377e-03 6.40548067e-03 -1.19442940e-02 2.46185083e-02 2.94620283e-02 -1.09706067e-01 -2.24489998e-02 1.15558142e-02 -1.44928405e-02 1.17722340e-02 2.44823415e-02 -2.00910424e-03 -7.97324255e-03 1.05882157e-02
3.96958105e-02 -2.41682157e-02 -2.21383292e-04 -3.58356605e-03 6.43745949e-03 -1.24780750e-02 -1.53661836e-02 5.69543540e-02 1.17748119e-02 -5.99525729e-03 7.50695169e-03 -6.11525588e-03 -1.28057813e-02 1.04604382e-03 4.16011689e-03 -5.53326076e-03
-4.39759493e-02 3.17200497e-02 -3.94012779e-03 3.33316042e-03 -5.59403608e-03 1.12156132e-02 1.37275029e-02 -5.09444959e-02 -1.05008781e-02 5.34891989e-03 -6.69948990e-03 5.45532722e-03 1.14245620e-02 -9.33087780e-04 -3.71116353e-03 4.93637798e-03
2.47487612e-02 -1.95827261e-02 -4.48403414e-04 -3.63520952e-03 6.09126035e-03 -1.17127206e-02 -1.45034995e-02 5.37479296e-02 1.11100702e-02 -5.65703819e-03 7.07942015e-03 -5.77201787e-03 -1.20857731e-02 9.87251871e-04 3.92631302e-03 -5.22221858e-03
1.18511822e-02 -3.08343070e-03 -8.74955324e-04 -1.00926589e-03 1.61070353e-03 -2.98414985e-03 -3.76789412e-03 1.39456009e-02 2.89307628e-03 -1.46796554e-03 1.83540536e-03 -1.49969454e-03 -3.14425840e-03 2.56668805e-04 1.02113595e-03 -1.35842548e-03
-5.37155047e-02 3.98938097e-02 2.42071413e-03 7.18843937e-03 -1.24422023e-02 2.40785200e-02 2.98076570e-02 -1.10582836e-01 -2.28163283e-02 1.16214389e-02 -1.45417564e-02 1.18534518e-02 2.48192195e-02 -2.02753302e-03 -8.06328841e-03 1.07243881e-02
3.03804241e-02 -2.17516050e-02 6.10654242e-05 -3.55210667e-03 6.04936993e-03 -1.17005454e-02 -1.44566959e-02 5.35613373e-02 1.10698137e-02 -5.63193811e-03 7.04332069e-03 -5.74718881e-03 -1.20405946e-02 9.83223319e-04 3.91100580e-03 -5.20234089e-03
1.04470290e-02 -8.26236978e-03 -4.44342941e-03 -4.19200677e-03 6.45773858e-03 -1.17669366e-02 -1.50144147e-02 5.55747896e-02 1.15359752e-02 -5.84806781e-03 7.31213391e-03 -5.97633561e-03 -1.25339013e-02 1.02301768e-03 4.07026289e-03 -5.41489525e-03
2.61362866e-02 -1.96361169e-02 -1.79155485e-03 -4.54492914e-03 7.38371536e-03 -1.39636556e-02 -1.74784455e-02 6.47196174e-02 1.34078348e-02 -6.81104930e-03 8.51700641e-03 -6.95462991e-03 -1.45763382e-02 1.19005458e-03 4.73416178e-03 -6.29766565e-03
-5.89206330e-02 5.73863648e-02 -9.31540504e-04 8.32097698e-03 -1.44278090e-02 2.81486753e-02 3.47038135e-02 -1.28519446e-01 -2.65438128e-02 1.35183893e-02 -1.69200711e-02 1.37887355e-02 2.88723987e-02 -2.35798745e-03 -9.37905442e-03 1.24754161e-02
-8.63351580e-03 -1.45863276e-03 -1.05901575e-03 -1.18142203e-03 1.81636831e-03 -3.35576851e-03 -4.24714293e-03 1.57186799e-02 3.26161087e-03 -1.65453518e-03 2.06808210e-03 -1.69059460e-03 -3.54470685e-03 2.89349438e-04 1.15116907e-03 -1.53142051e-03
-4.33125347e-02 3.83788273e-02 1.43499346e-03 6.81852130e-03 -1.12534491e-02 2.14530490e-02 2.67504025e-02 -9.90668684e-02 -2.05145683e-02 1.04242107e-02 -1.30484160e-02 1.06424512e-02 2.23028604e-02 -1.82101910e-03 -7.24392198e-03 9.63604264e-03
5.85709140e-03 1.11101381e-03 3.15459073e-03 2.88859196e-03 -4.17098869e-03 7.48855108e-03 9.60028823e-03 -3.54840197e-02 -7.38306995e-03 3.74148670e-03 -4.67796996e-03 3.82405613e-03 8.02023336e-03 -6.54584495e-04 -2.60447012e-03 3.46490578e-03
5.13203591e-02 -2.94388160e-02 2.20166123e-03 -2.91817146e-03 5.27891237e-03 -1.05410796e-02 -1.28008155e-02 4.74418178e-02 9.77991149e-03 -4.99677239e-03 6.28531678e-03 -5.09452494e-03 -1.06475251e-02 8.70623335e-04 3.46079934e-03 -4.60175239e-03
-2.00962350e-02 1.26668941e-02 -9.20388498e-04 1.08681514e-03 -1.92321313e-03 3.82381259e-03 4.66662459e-03 -1.72969811e-02 -3.57008073e-03 1.82086171e-03 -2.28279317e-03 1.85676489e-03 3.88555205e-03 -3.17456754e-04 -1.26239250e-03 1.67898054e-03
-7.98206180e-02 5.55061102e-02 3.32413241e-04 9.15966090e-03 -1.56278778e-02 3.03486548e-02 3.73388641e-02 -1.38290018e-01 -2.86011528e-02 1.45576820e-02 -1.82263814e-02 1.48571702e-02 3.11114471e-02 -2.54138187e-03 -1.01073300e-02 1.34430472e-02
-6.53003156e-02 4.82514091e-02 1.86456461e-03 9.22100618e-03 -1.52756609e-02 2.91937683e-02 3.62795852e-02 -1.34389400e-01 -2.77979206e-02 1.41430274e-02 -1.77122448e-02 1.44385025e-02 3.02346442e-02 -2.46949075e-03 -9.82187316e-03 1.30640175e-02
8.68350491e-02 -5.70760332e-02 -1.80652039e-03 -1.18468422e-02 1.91926099e-02 -3.63485739e-02 -4.54635322e-02 1.68368489e-01 3.48666348e-02 -1.77077185e-02 2.21433342e-02 -1.80860795e-02 -3.79090384e-02 3.09487386e-03 1.23119969e-02 -1.63783524e-02
3.57437432e-02 -2.44123712e-02 -2.68719159e-03 -5.83530357e-03 9.39686131e-03 -1.76958218e-02 -2.21731905e-02 8.20922256e-02 1.70094501e-02 -8.64055287e-03 1.08080218e-02 -8.82365461e-03 -1.84916761e-02 1.50969194e-03 6.00576820e-03 -7.98925105e-03
-2.40662992e-02 2.21206099e-02 -9.97544033e-04 2.99366727e-03 -5.45385480e-03 1.08995419e-02 1.32745737e-02 -4.92944941e-02 -1.01327896e-02 5.18896896e-03 -6.51605288e-03 5.28486073e-03 1.10336468e-02 -9.02948144e-04 -3.58793139e-03 4.76943469e-03
6.84148399e-03 -5.08777099e-03 -4.31878399e-03 -3.82165145e-03 5.55815641e-03 -9.99084767e-03 -1.28731336e-02 4.75278720e-02 9.90452897e-03 -5.00863884e-03 6.26355084e-03 -5.12511749e-03 -1.07553462e-02 8.77359707e-04 3.49142100e-03 -4.64604888e-03
-1.32843107e-01 8.61519277e-02 -5.65727660e-03 7.18396343e-03 -1.50641510e-02 2.94878557e-02 3.64834182e-02 -1.35038257e-01 -2.78975926e-02 1.42323533e-02 -1.78682432e-02 1.45367058e-02 3.03623546e-02 -2.48363847e-03 -9.86976735e-03 1.31211039e-02
-2.65352428e-02 2.17678063e-02 -6.42964500e-04 1.98200345e-03 -3.97617044e-03 7.95183238e-03 9.70496330e-03 -3.60598229e-02 -7.40942312e-03 3.79296159e-03 -4.75606974e-03 3.86735098e-03 8.07292201e-03 -6.60635473e-04 -2.62501184e-03 3.48956860e-03
1.50771327e-02 -8.48657638e-03 -2.42852606e-04 -1.24239922e-03 2.20194203e-03 -4.35672188e-03 -5.31197386e-03 1.98369510e-02 4.05751681e-03 -2.07840535e-03 2.61167274e-03 -2.11626804e-03 -4.41561267e-03 3.61635874e-04 1.43652770e-03 -1.90903200e-03
1.36518963e-02 -1.23502910e-02 -3.35199642e-04 -2.46729446e-03 4.06750292e-03 -7.77170062e-03 -9.65684932e-03 3.57531905e-02 7.40384450e-03 -3.76285124e-03 4.70804702e-03 -3.84162809e-03 -8.05054326e-03 6.57297962e-04 2.61473982e-03 -3.47824884e-03
-5.14440164e-02 3.77934352e-02 -2.59082532e-03 5.13102068e-03 -9.11034178e-03 1.77030098e-02 2.18470730e-02 -8.10580105e-02 -1.67183895e-02 8.52255430e-03 -1.06875096e-02 8.69547017e-03 1.81949604e-02 -1.48672285e-03 -5.91184339e-03 7.86242355e-03
2.89275609e-02 -2.40461025e-02 3.91921680e-03 -1.59097847e-03 3.42802727e-03 -7.28848856e-03 -8.53728969e-03 3.17869075e-02 6.47622440e-03 -3.34908254e-03 4.24182042e-03 -3.41099640e-03 -7.07082450e-03 5.80972061e-04 2.30432628e-03 -3.05927335e-03
-1.98363122e-02 1.50967445e-02 6.65816711e-04 2.90125888e-03 -4.81353188e-03 9.16067325e-03 1.14136953e-02 -4.22875769e-02 -8.74990970e-03 4.44747647e-03 -5.56490943e-03 4.54042153e-03 9.51420888e-03 -7.76838628e-04 -3.09019885e-03 4.11067205e-03
2.29019560e-02 -1.75292715e-02 -6.65258383e-04 -3.50634707e-03 5.79049205e-03 -1.11880973e-02 -1.38266282e-02 5.12207784e-02 1.05901184e-02 -5.39220311e-03 6.74874708e-03 -5.50001208e-03 -1.15203215e-02 9.40978294e-04 3.74247413e-03 -4.97780787e-03
4.01507095e-02 -3.25405970e-02 -6.33384567e-03 -9.76085849e-03 1.55644948e-02 -2.91192438e-02 -3.66043523e-02 1.35491103e-01 2.80946027e-02 -1.42626548e-02 1.78341698e-02 -1.45679219e-02 -3.05385701e-02 2.49304995e-03 9.91805736e-03 -1.31938644e-02
-2.14356482e-02 1.28986910e-02 -3.37519776e-03 -4.02941660e-04 -2.01460614e-04 1.09135604e-03 8.55790975e-04 -3.26812151e-03 -6.24740904e-04 3.51678726e-04 -4.41644399e-04 3.41684819e-04 6.94547431e-04 -5.78961917e-05 -2.27896657e-04 3.01253342e-04
-1.08978391e-01 8.44826549e-02 7.96942599e-03 1.87621806e-02 -3.25349160e-02 6.15038686e-02 7.69870505e-02 -2.85150349e-01 -5.90477325e-02 3.00000720e-02 -3.75143960e-02 3.06342002e-02 6.42025471e-02 -5.24171302e-03 -2.08520275e-02 2.77385563e-02
2.77309474e-02 -2.15213299e-02 4.74248547e-03 7.90717371e-04 5.93702134e-06 -7.57467118e-04 -5.86187700e-04 2.20019068e-03 3.61210929e-04 -2.16031025e-04 2.83050962e-04 -2.10959857e-04 -4.24508209e-04 3.54814292e-05 1.39605501e-04 -1.84473596e-04
-7.31870010e-02 5.13471439e-02 1.74709223e-03 8.80163535e-03 -1.57223307e-02 2.99597401e-02 3.74516174e-02 -1.38631433e-01 -2.87185181e-02 1.45927202e-02 -1.82573944e-02 1.49003612e-02 3.12252417e-02 -2.54951790e-03 -1.01418104e-02 1.34910056e-02
-5.16102742e-03 6.97115622e-03 1.26323570e-03 2.10118573e-03 -3.34190810e-03 6.28125155e-03 7.87714031e-03 -2.91647464e-02 -6.04457594e-03 3.06969555e-03 -3.83828138e-03 3.13462527e-03 6.57066330e-03 -5.36419975e-04 -2.13399529e-03 2.83880625e-03
6.55819429e-03 -7.47760758e-03 4.34798363e-04 -1.16079208e-03 2.01492291e-03 -3.96322785e-03 -4.84050112e-03 1.79522615e-02 3.70121328e-03 -1.88781729e-03 2.36444129e-03 -1.92471279e-03 -4.02762135e-03 3.29103757e-04 1.30867003e-03 -1.74044585e-03
-4.21636738e-02 3.17898169e-02 -2.30972515e-03 3.82310338e-03 -7.08783837e-03 1.41214076e-02 1.72643680e-02 -6.40064627e-02 -1.31892227e-02 6.74999924e-03 -8.46600812e-03 6.87559601e-03 1.43635059e-02 -1.17513724e-03 -4.67010681e-03 6.20834017e-03
8.29748809e-03 -1.03487801e-02 3.93784256e-04 -1.66174467e-03 2.73558963e-03 -5.36887860e-03 -6.57926314e-03 2.44495608e-02 5.03847376e-03 -2.56399764e-03 3.21041094e-03 -2.61618826e-03 -5.47998864e-03 4.47541941e-04 1.78006303e-03 -2.36775423e-03
-2.68646516e-02 2.61255093e-02 -8.64391681e-04 3.26410029e-03 -6.48568803e-03 1.29103577e-02 1.56852286e-02 -5.81348538e-02 -1.20007647e-02 6.12113578e-03 -7.64116272e-03 6.23544166e-03 1.30582312e-02 -1.06659404e-03 -4.24203742e-03 5.64226834e-03
4.11677808e-02 -3.28240469e-02 5.43673057e-04 -3.65298125e-03 6.95137493e-03 -1.36710340e-02 -1.67182479e-02 6.19140007e-02 1.27689121e-02 -6.52369345e-03 8.18603858e-03 -6.64699543e-03 -1.39009729e-02 1.13625324e-03 4.51748865e-03 -6.00733235e-03
4.33459766e-02 -3.66025865e-02 -2.04822025e-03 -7.62399426e-03 1.25415372e-02 -2.39291824e-02 -2.97776721e-02 1.10277578e-01 2.28347927e-02 -1.16036786e-02 1.45088751e-02 -1.18462890e-02 -2.48264484e-02 2.02697050e-03 8.06336664e-03 -1.07262861e-02
-5.90103753e-02 4.15295027e-02 -6.99102599e-03 2.03496916e-03 -5.03750471e-03 1.22713801e-02 1.34952329e-02 -5.07384948e-02 -1.01794163e-02 5.29701356e-03 -6.71343040e-03 5.35257161e-03 1.11193769e-02 -9.13328433e-04 -3.62276775e-03 4.81009902e-03
4.94310400e-03 -4.63087112e-03 -3.14587436e-04 -9.81623656e-04 1.62936735e-03 -3.13503551e-03 -3.89091019e-03 1.44326761e-02 2.97945878e-03 -1.51882938e-03 1.89959444e-03 -1.54939527e-03 -3.24150641e-03 2.64987728e-04 1.05347333e-03 -1.40087237e-03
-4.56846170e-02 4.23293412e-02 2.27289274e-05 6.53184298e-03 -1.18899047e-02 2.35364437e-02 2.86909156e-02 -1.06690764e-01 -2.19306648e-02 1.12040639e-02 -1.40663702e-02 1.14198197e-02 2.38665510e-02 -1.95159623e-03 -7.75779597e-03 1.03149265e-02
-4.26427871e-02 2.76137423e-02 -2.06452468e-03 3.44074145e-03 -6.85025798e-03 1.35542387e-02 1.66432187e-02 -6.18271120e-02 -1.26998974e-02 6.50511682e-03 -8.18199478e-03 6.62855804e-03 1.38356639e-02 -1.13251642e-03 -4.49982984e-03 5.98094193e-03
-1.30775115e-02 6.33072620e-03 1.90135266e-04 8.81852349e-04 -1.63468043e-03 3.12360260e-03 3.88297206e-03 -1.43832499e-02 -2.97552533e-03 1.51431013e-03 -1.89574179e-03 1.54539186e-03 3.23626376e-03 -2.64342350e-04 -1.05134316e-03 1.39835908e-03
2.53271312e-02 -2.17618998e-02 -2.16950662e-03 -5.30751329e-03 8.64778273e-03 -1.63705163e-02 -2.04543304e-02 7.57759288e-02 1.56878307e-02 -7.97276944e-03 9.97231249e-03 -8.13946873e-03 -1.70569364e-02 1.39271922e-03 5.54010412e-03 -7.36956205e-03
-1.22561138e-02 8.09592567e-03 -4.89821541e-04 7.72033003e-04 -1.66193128e-03 3.46384174e-03 4.10127779e-03 -1.52618308e-02 -3.12032620e-03 1.61137141e-03 -2.02834583e-03 1.63593178e-03 3.40112997e-03 -2.79264001e-04 -1.10794092e-03 1.47118408e-03
-7.60509223e-02 5.39197549e-02 -3.51051334e-04 8.99215136e-03 -1.57934744e-02 3.07371337e-02 3.78191993e-02 -1.40353784e-01 -2.89268382e-02 1.47874411e-02 -1.85595676e-02 1.50716230e-02 3.14894654e-02 -2.57607945e-03 -1.02380486e-02 1.36104440e-02
4.45278287e-02 -3.09406519e-02 -2.20096367e-03 -6.48105331e-03 1.04699135e-02 -1.99377425e-02 -2.48402432e-02 9.20214504e-02 1.90519542e-02 -9.67990048e-03 1.21071152e-02 -9.88318678e-03 -2.07133442e-02 1.69111066e-03 6.72739604e-03 -8.94916523e-03
1.19281011e-02 -1.15838591e-02 -5.71744237e-03 -5.28121879e-03 8.26613139e-03 -1.51681751e-02 -1.91840250e-02 7.09915236e-02 1.47377672e-02 -7.47589162e-03 9.34482925e-03 -7.63760181e-03 -1.60149671e-02 1.30726572e-03 5.20093599e-03 -6.91892346e-03
-7.59468898e-02 5.82154803e-02 -4.88166697e-03 4.37759329e-03 -8.50204192e-03 1.70344729e-02 2.08547488e-02 -7.74826631e-02 -1.59013309e-02 8.11285432e-03 -1.01615731e-02 8.27860646e-03 1.73201896e-02 -1.41512114e-03 -5.62722888e-03 7.48435408e-03
-8.36134255e-02 8.51403400e-02 4.13133949e-03 1.52468244e-02 -2.64356565e-02 5.24144396e-02 6.39865994e-02 -2.37647876e-01 -4.89306748e-02 2.50383355e-02 -3.13562602e-02 2.54775602e-02 5.32427281e-02 -4.35421942e-03 -1.73077639e-02 2.30111796e-02
