1.35822641e-03 2.74428688e-02 2.33393686e-04 -2.71987147e-03 -1.11618787e-02 1.61744654e-02 -9.40834545e-03 6.28822073e-02 -1.15746083e-02 5.13316970e-03 -1.41721517e-02 -2.91505526e-03 -2.94523481e-02 -5.62904822e-03 6.34265877e-03 -8.14125314e-03
2.93210079e-03 1.46265132e-02 6.27673871e-05 -1.39223295e-03 -5.94450487e-03 8.62948317e-03 -5.00669098e-03 3.35361212e-02 -6.16640877e-03 2.73915986e-03 -7.56132370e-03 -1.55492104e-03 -1.57154631e-02 -3.00373184e-03 3.38470074e-03 -4.34440421e-03
-4.51970409e-04 1.12764165e-03 -1.56744209e-04 -3.21416912e-04 -1.31307010e-04 1.79188391e-05 -5.04946656e-05 1.99831498e-04 -3.00568263e-05 2.22791709e-06 -1.61784119e-05 -3.92880065e-06 -3.08395902e-05 -5.41907411e-06 5.46332694e-06 -7.36012680e-06
-1.73111900e-03 -3.07845548e-02 -2.34867097e-04 3.10745789e-03 1.23265833e-02 -1.78407989e-02 1.03589939e-02 -6.93860799e-02 1.27276387e-02 -5.66181028e-03 1.56282224e-02 3.21341166e-03 3.24786007e-02 6.20770920e-03 -6.99507771e-03 8.97844322e-03
-1.06257834e-02 -3.53468321e-02 2.79401778e-04 3.94400861e-03 1.49878198e-02 -2.10554078e-02 1.22709414e-02 -8.23592618e-02 1.50608942e-02 -6.66502956e-03 1.84308067e-02 3.79288476e-03 3.83139513e-02 7.32263271e-03 -8.24863650e-03 1.05890185e-02
3.16029647e-03 1.42033864e-02 -1.13066926e-05 -1.49506773e-03 -5.87853091e-03 8.48141685e-03 -4.94295778e-03 3.30566578e-02 -6.06449088e-03 2.68994039e-03 -7.42940139e-03 -1.52834924e-03 -1.54409027e-02 -2.95095076e-03 3.32477968e-03 -4.26774751e-03
7.83445314e-04 -3.40370648e-02 -7.23777281e-04 3.32475151e-03 1.30694816e-02 -1.87052637e-02 1.08529106e-02 -7.26378635e-02 1.33660547e-02 -5.92255639e-03 1.63735617e-02 3.36802425e-03 3.40184383e-02 6.50156755e-03 -7.32456381e-03 9.40234773e-03
-1.07344310e-03 -1.20816659e-02 -2.35003827e-05 1.45218521e-03 4.75898618e-03 -6.72390545e-03 3.93786328e-03 -2.62000766e-02 4.82293265e-03 -2.12867814e-03 5.89294406e-03 1.21312402e-03 1.22437151e-02 2.33933376e-03 -2.63470574e-03 3.38265928e-03
2.15705694e-03 2.65907869e-02 2.21232069e-04 -2.51732301e-03 -1.02856150e-02 1.50971226e-02 -8.73765629e-03 5.86124398e-02 -1.07919564e-02 4.78945952e-03 -1.32318232e-02 -2.72101862e-03 -2.74922140e-02 -5.25419088e-03 5.91978850e-03 -7.59885740e-03
2.71589216e-03 3.63810249e-02 2.19130132e-04 -3.43325338e-03 -1.46637270e-02 2.08445527e-02 -1.22312754e-02 8.19753408e-02 -1.49013698e-02 6.61083264e-03 -1.82570089e-02 -3.75644444e-03 -3.79456542e-02 -7.25145964e-03 8.16992670e-03 -1.04872910e-02
2.71284138e-03 2.64992584e-02 1.98765018e-04 -2.62027886e-03 -1.06104864e-02 1.52453762e-02 -8.84730835e-03 5.93651347e-02 -1.08783655e-02 4.83781891e-03 -1.33548249e-02 -2.74630217e-03 -2.77559273e-02 -5.30489301e-03 5.97766880e-03 -7.67265819e-03
1.89967256e-03 3.10402531e-02 3.18921870e-04 -2.97995610e-03 -1.26289520e-02 1.84095837e-02 -1.06588006e-02 7.15034232e-02 -1.31336981e-02 5.84670482e-03 -1.61287580e-02 -3.31695285e-03 -3.35252583e-02 -6.40799385e-03 7.22097792e-03 -9.26835183e-03
-7.18407216e-04 -1.39626833e-02 -1.32728310e-04 1.29984145e-03 5.62001206e-03 -8.13293457e-03 4.70900303e-03 -3.15781794e-02 5.80648659e-03 -2.58145365e-03 7.12516531e-03 1.46549603e-03 1.48089305e-02 2.83042598e-03 -3.18933884e-03 4.09370195e-03
-2.07991363e-03 -3.29671316e-02 -1.51200395e-04 3.21486173e-03 1.30743068e-02 -1.85861811e-02 1.08546754e-02 -7.25462660e-02 1.33214928e-02 -5.89505490e-03 1.62783284e-02 3.34951142e-03 3.38352844e-02 6.46628905e-03 -7.28524383e-03 9.35162790e-03
-1.77630186e-02 -1.46032453e-01 -7.35889655e-04 1.36713898e-02 5.94973117e-02 -8.76135752e-02 5.07022515e-02 -3.40170830e-01 6.25437796e-02 -2.78289784e-02 7.67392367e-02 1.57790817e-02 1.59521073e-01 3.04919165e-02 -3.43629085e-02 4.41043787e-02
5.08875726e-03 6.48436844e-02 8.63070425e-04 -5.68298995e-03 -2.59848498e-02 3.84253934e-02 -2.21854020e-02 1.48976162e-01 -2.73805130e-02 1.22066196e-02 -3.36572342e-02 -6.92039263e-03 -6.99646845e-02 -1.33740539e-02 1.50721837e-02 -1.93448979e-02
-1.13117625e-03 9.96467471e-03 3.07423354e-04 -9.21730127e-04 -4.02878644e-03 5.98753849e-03 -3.44760902e-03 2.32134741e-02 -4.26397985e-03 1.90213649e-03 -5.24395844e-03 -1.07814383e-03 -1.09012807e-02 -2.08382308e-03 2.34842789e-03 -3.01416544e-03
-5.95598365e-04 2.76075006e-02 5.35965431e-04 -2.64948444e-03 -1.10111600e-02 1.59940105e-02 -9.28026997e-03 6.22752272e-02 -1.14347367e-02 5.07505285e-03 -1.40122101e-02 -2.88236234e-03 -2.91248281e-02 -5.56652294e-03 6.27139909e-03 -8.05036258e-03
-2.98608327e-03 -3.79680283e-02 -2.73911748e-04 3.67748085e-03 1.49587784e-02 -2.16889530e-02 1.26142288e-02 -8.43628049e-02 1.54807437e-02 -6.88468851e-03 1.89978164e-02 3.90650053e-03 3.94854881e-02 7.54713546e-03 -8.50471016e-03 1.09159462e-02
-1.14914048e-02 -4.33299839e-02 -7.13293965e-04 3.95905413e-03 1.84179433e-02 -2.70825960e-02 1.56012634e-02 -1.05009556e-01 1.92881562e-02 -8.60280637e-03 2.37221811e-02 4.87722736e-03 4.93102185e-02 9.42584034e-03 -1.06226504e-02 1.36340018e-02
-8.37577565e-04 -9.03285109e-03 2.59268563e-06 9.05141933e-04 3.67222843e-03 -5.27558802e-03 3.07895802e-03 -2.06092168e-02 3.76881659e-03 -1.67377188e-03 4.62169293e-03 9.50626621e-04 9.60451458e-03 1.83560746e-03 -2.06831167e-03 2.65482021e-03
-8.31964612e-03 -7.58499056e-02 -9.99771524e-04 7.37755280e-03 3.09768245e-02 -4.53146696e-02 2.62290109e-02 -1.75917253e-01 3.23063247e-02 -1.43906139e-02 3.96946967e-02 8.16257950e-03 8.25100765e-02 1.57712176e-02 -1.77723747e-02 2.28112359e-02
-3.06241633e-03 -1.94858853e-02 2.24592892e-04 2.17667851e-03 7.10048759e-03 -9.82755795e-03 5.86378435e-03 -3.86761650e-02 7.07128039e-03 -3.10699875e-03 8.61871522e-03 1.77584705e-03 1.79036800e-02 3.42055783e-03 -3.85022606e-03 4.94469004e-03
3.48919595e-04 -7.45583675e-04 1.30518500e-04 2.29479614e-04 -4.58589348e-04 8.00882175e-04 -4.43943602e-04 3.05424817e-03 -5.62886358e-04 2.57918873e-04 -7.02655234e-04 -1.43985962e-04 -1.46548974e-03 -2.80064472e-04 3.16283724e-04 -4.05805971e-04
8.47528223e-04 1.21859112e-03 -1.16336494e-04 -3.20980500e-04 -2.87371047e-04 2.67350551e-04 -1.74620465e-04 1.09172787e-03 -1.95099798e-04 8.31886282e-05 -2.32913371e-04 -4.79805749e-05 -4.82486532e-04 -9.20923994e-05 1.03638980e-04 -1.33074238e-04
-1.51679013e-03 -2.05488335e-02 -6.46489614e-04 1.82732148e-03 8.77756905e-03 -1.30828023e-02 7.52682099e-03 -5.06974496e-02 9.31794010e-03 -4.15733503e-03 1.14607001e-02 2.35628220e-03 2.38250792e-02 4.55427403e-03 -5.13259461e-03 6.58758963e-03
-5.44526707e-03 -2.48548575e-02 5.18707267e-04 3.33086541e-03 9.38685145e-03 -1.25084799e-02 7.43985875e-03 -4.90883850e-02 9.03021265e-03 -3.94280069e-03 1.09726638e-02 2.25867541e-03 2.27612276e-02 4.34639072e-03 -4.89222258e-03 6.28306344e-03
-3.21482611e-03 -3.83643545e-02 -3.19175306e-04 3.74038168e-03 1.57491826e-02 -2.29531955e-02 1.32801188e-02 -8.91306028e-02 1.63912904e-02 -7.28183566e-03 2.01115385e-02 4.13554674e-03 4.17900793e-02 7.98685476e-03 -8.99929740e-03 1.15513299e-02
-7.53068598e-04 -1.49662364e-02 -9.32984694e-05 1.45132910e-03 5.98488189e-03 -8.71230103e-03 5.05917147e-03 -3.38866822e-02 6.21882221e-03 -2.76632234e-03 7.63516501e-03 1.57100346e-03 1.58655681e-02 3.03233857e-03 -3.41678876e-03 4.38558962e-03
1.09682209e-03 1.87183656e-02 6.69278379e-05 -2.11283588e-03 -7.34220352e-03 1.03582283e-02 -6.04233006e-03 4.04945835e-02 -7.42335618e-03 3.28115793e-03 -9.07792803e-03 -1.86840328e-03 -1.88610628e-02 -3.60409473e-03 4.05955501e-03 -5.21170301e-03
2.16038339e-03 2.83478182e-02 1.87410740e-04 -2.67285295e-03 -1.09198894e-02 1.57907717e-02 -9.20265913e-03 6.18001707e-02 -1.13083925e-02 5.00788214e-03 -1.38325524e-02 -2.84583354e-03 -2.87567303e-02 -5.49720600e-03 6.19191583e-03 -7.94887915e-03
6.15551276e-03 5.40107787e-02 6.53205730e-04 -4.71646572e-03 -2.20526904e-02 3.26387212e-02 -1.88146215e-02 1.26653969e-01 -2.32502930e-02 1.03676803e-02 -2.85887793e-02 -5.87772485e-03 -5.94249815e-02 -1.13591095e-02 1.28014451e-02 -1.64304376e-02
-1.02984346e-02 -8.61380547e-02 -1.05566462e-03 9.21256375e-03 3.53785381e-02 -5.14599122e-02 2.97502987e-02 -2.00016290e-01 3.66996974e-02 -1.63417533e-02 4.50688079e-02 9.26783774e-03 9.36912671e-02 1.79083589e-02 -2.01812871e-02 2.59027034e-02
4.26558731e-03 5.83206005e-02 5.79296960e-04 -5.11560636e-03 -2.32754759e-02 3.39622498e-02 -1.96778383e-02 1.31893039e-01 -2.42172610e-02 1.07897697e-02 -2.97574848e-02 -6.11724891e-03 -6.18451461e-02 -1.18217533e-02 1.33226877e-02 -1.70994736e-02
-1.24083448e-03 -2.13129888e-03 4.88025864e-04 1.80067189e-04 2.34586973e-04 2.33515995e-04 8.71912926e-06 6.40740269e-04 -1.49027925e-04 7.88910911e-05 -2.07895282e-04 -4.36782466e-05 -4.43450146e-04 -8.49246426e-05 9.58205492e-05 -1.22973870e-04
4.25933918e-04 1.91583633e-02 2.84963171e-04 -1.75933144e-03 -7.41817243e-03 1.07859168e-02 -6.25718851e-03 4.19289693e-02 -7.69667374e-03 3.42154084e-03 -9.44575388e-03 -1.94266706e-03 -1.96326114e-02 -3.75227118e-03 4.22795862e-03 -5.42691303e-03
-3.63924541e-03 -3.40992631e-03 7.99817572e-05 3.85727966e-04 1.65201980e-03 -2.38883938e-03 1.38684956e-03 -9.35829338e-03 1.70627481e-03 -7.58565962e-04 2.09327997e-03 4.30427608e-04 4.35061753e-03 8.31541023e-04 -9.37052828e-04 1.20270101e-03
9.72103514e-03 2.30774283e-02 2.50928890e-04 -2.26765592e-03 -1.00919232e-02 1.49180777e-02 -8.62077158e-03 5.79785630e-02 -1.06287682e-02 4.73879697e-03 -1.30673246e-02 -2.68666027e-03 -2.71649696e-02 -5.19261742e-03 5.85186342e-03 -7.51080317e-03
-5.15081978e-04 -7.76529219e-03 -1.31186098e-05 7.32718327e-04 3.26722558e-03 -4.72883554e-03 2.73139868e-03 -1.83454510e-02 3.37116513e-03 -1.50215672e-03 4.14256845e-03 8.51728371e-04 8.61087069e-03 1.64594816e-03 -1.85490481e-03 2.38075084e-03
-2.20138230e-03 -2.02268013e-03 8.89547300e-05 2.43086630e-04 8.65447277e-04 -1.21706154e-03 7.11489585e-04 -4.73021297e-03 8.69722106e-04 -3.86288884e-04 1.06580381e-03 2.19147681e-04 2.21537007e-03 4.23446734e-04 -4.77192254e-04 6.12472941e-04
6.63916580e-06 5.06034214e-03 5.66204108e-05 -5.23664115e-04 -2.01671198e-03 2.86983652e-03 -1.66899897e-03 1.11818407e-02 -2.05037580e-03 9.10202449e-04 -2.51374696e-03 -5.17023960e-04 -5.22389915e-03 -9.98352421e-04 1.12487422e-03 -1.44388049e-03
1.95658486e-03 -1.02366144e-02 -2.81005574e-04 9.78195108e-04 3.93227534e-03 -5.71092172e-03 3.31461988e-03 -2.22079679e-02 4.07461636e-03 -1.81292894e-03 5.00145368e-03 1.02864776e-03 1.03967078e-02 1.98725332e-03 -2.23933673e-03 2.87428638e-03
3.99178546e-03 -1.27663286e-02 -1.21913254e-04 1.24991348e-03 4.25338093e-03 -5.93083631e-03 3.46584944e-03 -2.31160671e-02 4.22911812e-03 -1.87677413e-03 5.18600503e-03 1.06637867e-03 1.07738124e-02 2.05911207e-03 -2.32014619e-03 2.97806808e-03
-8.87645129e-03 -6.09879009e-02 -9.47322580e-04 5.75444801e-03 2.60827988e-02 -3.85054760e-02 2.21879035e-02 -1.49367347e-01 2.74390243e-02 -1.22339781e-02 3.37312780e-02 6.93499669e-03 7.01195821e-02 1.34034874e-02 -1.51053797e-02 1.93875041e-02
1.89316540e-03 3.72325890e-02 1.54523121e-04 -3.68439336e-03 -1.40958419e-02 2.01311726e-02 -1.17458664e-02 7.90806487e-02 -1.44756548e-02 6.38049887e-03 -1.76355541e-02 -3.63380439e-03 -3.66737992e-02 -7.01223407e-03 7.89159350e-03 -1.01341242e-02
-2.07515736e-03 -3.43673043e-02 -4.42622171e-04 3.25826788e-03 1.41886426e-02 -2.05698982e-02 1.19394176e-02 -8.01298618e-02 1.46849919e-02 -6.52594771e-03 1.80147961e-02 3.70387640e-03 3.74370478e-02 7.15567963e-03 -8.06313008e-03 1.03493994e-02
-1.31969620e-03 -2.43670531e-02 -2.15712353e-05 2.32306775e-03 8.90160166e-03 -1.25141060e-02 7.35708233e-03 -4.88962680e-02 8.95320345e-03 -3.95749323e-03 1.09577924e-02 2.25375709e-03 2.27670111e-02 4.35107807e-03 -4.90172161e-03 6.29241019e-03
-1.01033086e-03 -2.42996421e-02 -6.58299483e-04 2.22299597e-03 1.03696743e-02 -1.53891584e-02 8.85798968e-03 -5.96503690e-02 1.09613659e-02 -4.88948822e-03 1.34803075e-02 2.77152820e-03 2.80231908e-02 5.35675464e-03 -6.03694934e-03 7.74831744e-03
1.27051538e-03 1.08815311e-02 -2.10957951e-05 -1.42785429e-03 -4.20137774e-03 6.00255514e-03 -3.48084979e-03 2.32991669e-02 -4.28032596e-03 1.90299482e-03 -5.25277434e-03 -1.08011509e-03 -1.09172072e-02 -2.08671251e-03 2.35147844e-03 -3.01815453e-03
8.96346569e-03 1.58357173e-02 -1.86501944e-04 -1.76107185e-03 -8.51085130e-03 1.26123838e-02 -7.26675475e-03 4.89059091e-02 -8.98409355e-03 4.00784146e-03 -1.10490909e-02 -2.27165245e-03 -2.29693111e-02 -4.39067371e-03 4.94823186e-03 -6.35095127e-03
-6.34967443e-03 -4.69603315e-02 -9.67468251e-04 4.10361588e-03 1.97434705e-02 -2.92932559e-02 1.68774594e-02 -1.13548025e-01 2.08674762e-02 -9.30830464e-03 2.56613605e-02 5.27582783e-03 5.33456169e-02 1.01972586e-02 -1.14921518e-02 1.47499535e-02
1.67267118e-03 -2.04691980e-02 -4.05694096e-04 2.10841978e-03 7.31245335e-03 -1.04131652e-02 6.07394939e-03 -4.05243002e-02 7.45484233e-03 -3.29522532e-03 9.11562704e-03 1.87555351e-03 1.89381391e-02 3.61868832e-03 -4.07622708e-03 5.23300655e-03
2.34897202e-03 1.64862871e-02 -9.65668005e-06 -1.71578210e-03 -6.45533856e-03 9.33171157e-03 -5.43724699e-03 3.63937393e-02 -6.67301659e-03 2.95906048e-03 -8.17328691e-03 -1.68067543e-03 -1.69821177e-02 -3.24554765e-03 3.65692750e-03 -4.69395425e-03
4.70423925e-04 1.14352535e-02 1.73846711e-04 -1.11326796e-03 -4.58454434e-03 6.63815904e-03 -3.84648307e-03 2.58206706e-02 -4.73770592e-03 2.10672338e-03 -5.81554044e-03 -1.19589514e-03 -1.20856827e-02 -2.30991049e-03 2.60285055e-03 -3.34089622e-03
8.89964402e-03 3.30470577e-02 6.01452834e-04 -3.39836022e-03 -1.42222391e-02 2.07020137e-02 -1.19806342e-02 8.04747641e-02 -1.47650801e-02 6.57411944e-03 -1.81351006e-02 -3.72902351e-03 -3.76941636e-02 -7.20523484e-03 8.11962970e-03 -1.04215769e-02
-9.42053739e-03 -7.13351695e-03 6.09200448e-04 9.60766803e-04 3.58464383e-03 -4.89574065e-03 2.90117576e-03 -1.94949880e-02 3.53289512e-03 -1.54858432e-03 4.30537807e-03 8.85946036e-04 8.92742816e-03 1.70546654e-03 -1.92005187e-03 2.46581412e-03
-6.33920310e-04 7.21284794e-03 1.09783687e-04 -7.82861374e-04 -2.82068900e-03 4.08182852e-03 -2.37067696e-03 1.58946998e-02 -2.91569671e-03 1.29471160e-03 -3.57588055e-03 -7.35564507e-04 -7.43134413e-03 -1.42024772e-03 1.60018657e-03 -2.05402938e-03
-1.00796786e-03 -8.44678096e-03 -3.97704425e-05 8.34457926e-04 3.37963784e-03 -4.83364565e-03 2.80696806e-03 -1.88048333e-02 3.45142977e-03 -1.53460668e-03 4.23501525e-03 8.70879216e-04 8.80194828e-03 1.68236159e-03 -1.89579418e-03 2.43329979e-03
-5.70018450e-03 -2.28132922e-02 -1.00988604e-04 2.12618243e-03 9.86981206e-03 -1.45039801e-02 8.37924704e-03 -5.62911704e-02 1.03396950e-02 -4.60799690e-03 1.27067808e-02 2.61223922e-03 2.64110528e-02 5.04850876e-03 -5.68952505e-03 7.30241416e-03
2.79487087e-03 -5.89411519e-03 -8.24296905e-04 4.79958369e-04 2.81151524e-03 -4.42565884e-03 2.51216255e-03 -1.70895569e-02 3.14849615e-03 -1.40826218e-03 3.87866818e-03 7.97365385e-04 8.06558039e-03 1.54187076e-03 -1.73774350e-03 2.23034364e-03
2.19858461e-03 2.07324531e-02 1.21369143e-04 -2.03200732e-03 -8.36690608e-03 1.20641850e-02 -7.00624567e-03 4.69190553e-02 -8.61264579e-03 3.82856512e-03 -1.05674304e-02 -2.17301655e-03 -2.19618771e-02 -4.19760775e-03 4.73007001e-03 -6.07119966e-03
2.89582228e-03 5.49744070e-02 4.76801419e-04 -4.76627890e-03 -2.12784708e-02 3.07328980e-02 -1.78696066e-02 1.19555548e-01 -2.19456032e-02 9.74668190e-03 -2.69193090e-02 -5.53368684e-03 -5.59206605e-02 -1.06875561e-02 1.20430607e-02 -1.54577484e-02
2.39099842e-03 4.58591618e-02 4.08850377e-04 -4.28276230e-03 -1.79713015e-02 2.58958507e-02 -1.50853060e-02 1.00960866e-01 -1.85157824e-02 8.21041968e-03 -2.26828940e-02 -4.66796197e-03 -4.71441932e-02 -9.00910050e-03 1.01490729e-02 -1.30284438e-02
6.22880645e-03 -1.47382412e-02 -2.25766504e-04 1.28872646e-03 5.09439036e-03 -7.41474424e-03 4.30496456e-03 -2.88372505e-02 5.28542371e-03 -2.35442445e-03 6.49457006e-03 1.33526220e-03 1.34985130e-02 2.58016749e-03 -2.90768966e-03 3.73200560e-03
1.55298563e-03 3.42814252e-03 1.03921360e-04 -2.73745274e-04 -1.95933110e-03 3.00902827e-03 -1.71673112e-03 1.16343619e-02 -2.14138674e-03 9.58725868e-04 -2.63933046e-03 -5.42497844e-04 -5.48839197e-03 -1.04929414e-03 1.18272973e-03 -1.51791505e-03
3.47983441e-04 4.81358357e-03 1.80367657e-04 -3.66845343e-04 -2.45957752e-03 3.83835193e-03 -2.18194490e-03 1.47775328e-02 -2.72752135e-03 1.22240791e-03 -3.36412550e-03 -6.91523775e-04 -6.99600251e-03 -1.33770879e-03 1.50787446e-03 -1.93514838e-03
4.81806975e-03 5.07354550e-02 6.30972558e-04 -4.74699493e-03 -2.08515432e-02 3.06338854e-02 -1.77066717e-02 1.18891165e-01 -2.18289029e-02 9.73091647e-03 -2.68358570e-02 -5.51712094e-03 -5.57805821e-02 -1.06624076e-02 1.20161595e-02 -1.54225826e-02
-3.51362349e-03 3.74248028e-02 2.46964570e-04 -3.61916889e-03 -1.29157221e-02 1.88578479e-02 -1.09310560e-02 7.32307136e-02 -1.34474076e-02 5.98216709e-03 -1.65155269e-02 -3.39663983e-03 -3.43195684e-02 -6.55856682e-03 7.39046885e-03 -9.48652998e-03
5.21425623e-04 5.27705951e-03 -2.26532866e-05 -6.19524624e-04 -1.93209981e-03 2.62597320e-03 -1.55406236e-03 1.02943787e-02 -1.88584556e-03 8.29341647e-04 -2.29999726e-03 -4.73612599e-04 -4.77614533e-03 -9.12405492e-04 1.02738547e-03 -1.31914834e-03
-9.02373693e-04 7.02660158e-03 3.32923519e-05 -7.16091134e-04 -2.71508307e-03 3.79959284e-03 -2.24577426e-03 1.48721514e-02 -2.72718305e-03 1.20149145e-03 -3.33184004e-03 -6.86311978e-04 -6.91921590e-03 -1.32182986e-03 1.48818421e-03 -1.91111933e-03
-7.01103825e-04 -1.29974354e-02 -1.03193859e-04 1.23725994e-03 5.02974167e-03 -7.24232942e-03 4.21301415e-03 -2.81895790e-02 5.18107414e-03 -2.29671854e-03 6.34529907e-03 1.30572112e-03 1.31889265e-02 2.52010860e-03 -2.83926865e-03 3.64466524e-03
-6.86386018e-04 -2.69532148e-02 -3.49516311e-04 2.47914484e-03 1.06887715e-02 -1.55570498e-02 8.97680223e-03 -6.03344589e-02 1.10915471e-02 -4.94138571e-03 1.36282239e-02 2.80209142e-03 2.83282977e-02 5.41488593e-03 -6.10228023e-03 7.83222821e-03
9.39086080e-04 -1.96065474e-02 -1.26365980e-04 1.80357846e-03 7.37502426e-03 -1.06641958e-02 6.20669639e-03 -4.14872989e-02 7.61137297e-03 -3.38474708e-03 9.34273750e-03 1.92087993e-03 1.94149371e-02 3.71098379e-03 -4.18173755e-03 5.36739314e-03
-3.84661439e-03 -1.90761406e-02 1.90669089e-05 1.85949204e-03 7.84515496e-03 -1.10690957e-02 6.47442602e-03 -4.31938805e-02 7.89583288e-03 -3.51320440e-03 9.69359186e-03 1.99295860e-03 2.01458726e-02 3.85071361e-03 -4.33944538e-03 5.56967501e-03
-2.46199640e-03 1.33474413e-02 2.45323405e-04 -1.18445663e-03 -4.91162576e-03 7.04708369e-03 -4.09818627e-03 2.74007376e-02 -5.04225865e-03 2.23486894e-03 -6.17309846e-03 -1.27020781e-03 -1.28294239e-02 -2.45179911e-03 2.76224385e-03 -3.54579999e-03
1.22335856e-04 2.05959450e-03 4.62541502e-05 -1.95742265e-04 -1.02993147e-03 1.53992663e-03 -8.85511748e-04 5.96705452e-03 -1.09693187e-03 4.89593949e-04 -1.34955929e-03 -2.77447427e-04 -2.80554709e-03 -5.36300649e-04 6.04414265e-04 -7.75747641e-04
2.89196149e-04 3.50550972e-02 4.58675437e-04 -3.57719557e-03 -1.39829405e-02 2.03834996e-02 -1.17909433e-02 7.92252496e-02 -1.45387026e-02 6.46836031e-03 -1.78563315e-02 -3.67180305e-03 -3.71078663e-02 -7.09256995e-03 7.99182430e-03 -1.02580534e-02
-5.05112670e-03 -4.94985431e-02 -4.95401851e-04 4.31916071e-03 2.01640856e-02 -2.94591095e-02 1.69961751e-02 -1.14303693e-01 2.09896546e-02 -9.35903285e-03 2.58054193e-02 5.30540524e-03 5.36420047e-02 1.02537712e-02 -1.15557266e-02 1.48315784e-02
1.53712666e-04 6.62354520e-03 -4.94715350e-05 -6.85634324e-04 -2.39712815e-03 3.36829387e-03 -1.97600084e-03 1.31796906e-02 -2.41686846e-03 1.06641883e-03 -2.95077916e-03 -6.07357419e-04 -6.13082247e-03 -1.17142592e-03 1.31947361e-03 -1.69388624e-03
6.32552290e-03 1.90758873e-02 5.31208352e-05 -1.90368679e-03 -8.23874306e-03 1.20287035e-02 -6.94779633e-03 4.66782153e-02 -8.58114474e-03 3.82010336e-03 -1.05382456e-02 -2.16698879e-03 -2.19044816e-02 -4.18686587e-03 4.71815234e-03 -6.05580630e-03
-2.11742707e-03 -1.19298454e-02 -5.68563992e-05 1.35059888e-03 4.64989757e-03 -6.58685481e-03 3.85603891e-03 -2.57517416e-02 4.70572058e-03 -2.08924874e-03 5.76918200e-03 1.18651125e-03 1.19897053e-02 2.29153223e-03 -2.58203107e-03 3.31419986e-03
6.29363814e-04 4.36913688e-03 -3.01394102e-05 -4.49798361e-04 -1.70886843e-03 2.40860786e-03 -1.41700369e-03 9.41626262e-03 -1.72367180e-03 7.63453136e-04 -2.10899441e-03 -4.33819747e-04 -4.38294280e-03 -8.37618543e-04 9.43767955e-04 -1.21140771e-03
-1.30781904e-04 3.45386681e-03 2.91692850e-04 -2.28935227e-04 -1.67925272e-03 2.60925689e-03 -1.49217842e-03 1.01017514e-02 -1.85505173e-03 8.30244040e-04 -2.28717411e-03 -4.70128114e-04 -4.75512818e-03 -9.09043185e-04 1.02454191e-03 -1.31496182e-03
-1.82504591e-04 1.27269365e-02 2.13835388e-04 -1.16985361e-03 -5.13887824e-03 7.51652429e-03 -4.34114039e-03 2.91797742e-02 -5.35761239e-03 2.38743122e-03 -6.58434117e-03 -1.35381031e-03 -1.36867780e-02 -2.61618523e-03 2.94828205e-03 -3.78410378e-03
3.33691295e-03 3.73553038e-02 9.10373346e-04 -3.39969853e-03 -1.60418972e-02 2.38202773e-02 -1.37256626e-02 9.23324972e-02 -1.69680323e-02 7.56904110e-03 -2.08674427e-02 -4.29028040e-03 -4.33793701e-02 -8.29210225e-03 9.34505370e-03 -1.19942017e-02
-3.74032184e-04 2.35382151e-02 3.39607795e-04 -2.15640594e-03 -9.37171932e-03 1.37385046e-02 -7.93259311e-03 5.32935373e-02 -9.79349576e-03 4.36281879e-03 -1.20347599e-02 -2.47426238e-03 -2.50135120e-02 -4.78118425e-03 5.38806850e-03 -6.91557396e-03
-2.59151356e-03 -4.02006581e-02 -1.09007349e-04 3.85510828e-03 1.50945149e-02 -2.15042904e-02 1.25328945e-02 -8.38589072e-02 1.53527195e-02 -6.82078861e-03 1.88531522e-02 3.87563743e-03 3.91566008e-02 7.48336734e-03 -8.43101274e-03 1.08224787e-02
2.41216482e-03 -1.28678521e-02 -2.14446918e-04 1.33057567e-03 5.05057257e-03 -7.23592518e-03 4.21445863e-03 -2.82332804e-02 5.17307129e-03 -2.29468639e-03 6.33655675e-03 1.30363903e-03 1.31699499e-02 2.51718657e-03 -2.83593987e-03 3.64037696e-03
-1.52710138e-03 -2.34631617e-02 -3.88095505e-05 2.21415423e-03 9.21465363e-03 -1.33593287e-02 7.74801150e-03 -5.18956371e-02 9.53733921e-03 -4.24049003e-03 1.17059387e-02 2.40694894e-03 2.43242327e-02 4.64901375e-03 -5.23860473e-03 6.72398414e-03
1.98888057e-03 1.82811823e-02 1.21868565e-04 -1.66260882e-03 -7.26769678e-03 1.05758533e-02 -6.11368613e-03 4.10588719e-02 -7.54511682e-03 3.35810962e-03 -9.26541071e-03 -1.90513674e-03 -1.92562453e-02 -3.68069368e-03 4.14773123e-03 -5.32367453e-03
1.03016733e-04 -1.56837050e-02 -6.48988062e-05 1.50878076e-03 5.65061951e-03 -8.02674983e-03 4.67024511e-03 -3.11996248e-02 5.73279802e-03 -2.54424103e-03 7.02564744e-03 1.44496397e-03 1.45995524e-02 2.79035629e-03 -3.14400834e-03 4.03563399e-03
-3.62762110e-03 -3.95059288e-02 -4.51786153e-04 3.63127468e-03 1.59483235e-02 -2.34340951e-02 1.35458680e-02 -9.09685045e-02 1.67143866e-02 -7.44254421e-03 2.05300972e-02 4.22146963e-03 4.26713191e-02 8.15622509e-03 -9.19134822e-03 1.17971506e-02
1.52920373e-03 3.49498130e-02 1.50667096e-04 -3.15521401e-03 -1.39727583e-02 2.03605536e-02 -1.17927138e-02 7.91601688e-02 -1.45259667e-02 6.46758033e-03 -1.78333838e-02 -3.66702816e-03 -3.70720811e-02 -7.08621228e-03 7.98578840e-03 -1.02496771e-02
8.83389357e-03 4.04483750e-02 1.35139795e-04 -3.65429954e-03 -1.67081431e-02 2.45510843e-02 -1.41888577e-02 9.52719599e-02 -1.74962580e-02 7.79884961e-03 -2.15073545e-02 -4.42208024e-03 -4.47039418e-02 -8.54524691e-03 9.63025261e-03 -1.23602729e-02
7.72116706e-04 5.31202508e-03 1.34640024e-04 -4.80038521e-04 -2.41985824e-03 3.60632129e-03 -2.07508192e-03 1.39779709e-02 -2.56926822e-03 1.14616973e-03 -3.15990299e-03 -6.49671827e-04 -6.56888075e-03 -1.25566509e-03 1.41510298e-03 -1.81626482e-03
-1.52019400e-03 -1.76616367e-02 9.08297952e-05 2.17370084e-03 6.68010814e-03 -9.29980353e-03 5.47507918e-03 -3.66267785e-02 6.68482715e-03 -2.93819048e-03 8.13794136e-03 1.67535665e-03 1.69115718e-02 3.23147001e-03 -3.63919791e-03 4.67235735e-03
-9.21564177e-04 3.24003436e-02 1.86198158e-05 -3.77577124e-03 -1.22058820e-02 1.72017980e-02 -1.00959064e-02 6.70357794e-02 -1.23378998e-02 5.45177655e-03 -1.50944358e-02 -3.11187073e-03 -3.13405469e-02 -5.99298161e-03 6.74637221e-03 -8.66364315e-03
-4.37682541e-03 -3.69022638e-02 -7.07588508e-04 3.49474652e-03 1.53670991e-02 -2.26041395e-02 1.30322510e-02 -8.76984298e-02 1.61168650e-02 -7.18095945e-03 1.98022388e-02 4.07179911e-03 4.11641039e-02 7.86840450e-03 -8.86720326e-03 1.13810189e-02
4.76918695e-03 2.71911593e-03 2.40676236e-05 -3.26030800e-04 -1.89863087e-03 2.82041635e-03 -1.62602845e-03 1.09607857e-02 -2.01387843e-03 8.98024475e-04 -2.47646449e-03 -5.09177917e-04 -5.14795491e-03 -9.84025304e-04 1.10894069e-03 -1.42332597e-03
-5.04818279e-03 -2.47750394e-02 -3.86843603e-04 2.31888122e-03 1.07789095e-02 -1.59347523e-02 9.18994658e-03 -6.17957674e-02 1.13565400e-02 -5.06242970e-03 1.39601473e-02 2.87016365e-03 2.90178917e-02 5.54677052e-03 -6.25097798e-03 8.02306272e-03
-3.95157374e-03 -7.90589899e-02 -8.12478946e-04 7.66735803e-03 3.16647328e-02 -4.62988056e-02 2.67857797e-02 -1.80012763e-01 3.30526605e-02 -1.47006502e-02 4.05680984e-02 8.34228937e-03 8.43102038e-02 1.61146279e-02 -1.81586351e-02 2.33072806e-02
-2.28451355e-03 1.53698092e-02 5.36769396e-04 -1.50481402e-03 -4.94863000e-03 7.00789783e-03 -4.11701575e-03 2.73944624e-02 -5.03062969e-03 2.21554236e-03 -6.13779109e-03 -1.26453920e-03 -1.27512375e-02 -2.43557524e-03 2.74237036e-03 -3.52155743e-03
-5.30604389e-04 -1.45210717e-02 -1.88626174e-04 1.35189737e-03 5.78895630e-03 -8.49248935e-03 4.91478294e-03 -3.30097266e-02 6.05573505e-03 -2.69691693e-03 7.43960543e-03 1.52961409e-03 1.54626518e-02 2.95558013e-03 -3.33070522e-03 4.27496666e-03
1.67734269e-03 1.42804040e-02 1.33043592e-04 -1.31640641e-03 -5.81096904e-03 8.47849343e-03 -4.89757303e-03 3.28914635e-02 -6.04441296e-03 2.69264914e-03 -7.42587214e-03 -1.52668962e-03 -1.54357255e-02 -2.95051839e-03 3.32510378e-03 -4.26773261e-03
2.65525305e-04 4.77474276e-03 6.08943083e-06 -4.21629928e-04 -1.80201232e-03 2.62606284e-03 -1.51549315e-03 1.01734465e-02 -1.87047909e-03 8.33673228e-04 -2.29939143e-03 -4.72715765e-04 -4.77919588e-03 -9.13544325e-04 1.02953403e-03 -1.32138992e-03
4.83644661e-03 -2.45688856e-02 -7.98564695e-04 2.18096818e-03 9.85866413e-03 -1.46066071e-02 8.40630662e-03 -5.66026680e-02 1.04040336e-02 -4.63913940e-03 1.27914166e-02 2.62993551e-03 2.65905317e-02 5.08286059e-03 -5.72818331e-03 7.35206669e-03
-5.64490631e-03 -4.06838767e-02 -2.82821071e-04 5.10860747e-03 1.68183278e-02 -2.45057568e-02 1.41739240e-02 -9.52862576e-02 1.74885765e-02 -7.78297847e-03 2.14672461e-02 4.41444106e-03 4.46227938e-02 8.52942187e-03 -9.61203501e-03 1.23370197e-02
-1.44589730e-02 -1.27079859e-01 -9.52679897e-04 1.26311239e-02 5.02730794e-02 -7.26034939e-02 4.23474237e-02 -2.82254130e-01 5.18805720e-02 -2.30556484e-02 6.35952353e-02 1.30754532e-02 1.32189825e-01 2.52664536e-02 -2.84733884e-02 3.65455523e-02
3.31731327e-03 1.84352435e-02 2.96295213e-04 -1.85242342e-03 -7.74768461e-03 1.13752484e-02 -6.55850768e-03 4.40983437e-02 -8.10590945e-03 3.61419423e-03 -9.96545050e-03 -2.04887195e-03 -2.07153112e-02 -3.95974703e-03 4.46248893e-03 -5.72754489e-03
-3.14183417e-04 -2.42474675e-02 -2.06571713e-04 2.41390173e-03 9.37682763e-03 -1.34784821e-02 7.83921499e-03 -5.25691584e-02 9.60856769e-03 -4.27505141e-03 1.18034594e-02 2.42672744e-03 2.45297663e-02 4.68840403e-03 -5.28324768e-03 6.78116409e-03
-1.01437967e-03 1.00940401e-02 2.85081944e-04 -8.63361172e-04 -3.79201677e-03 5.59548708e-03 -3.23003810e-03 2.17038020e-02 -3.98654817e-03 1.77707034e-03 -4.90023429e-03 -1.00749638e-03 -1.01861777e-02 -1.94708782e-03 2.19429634e-03 -2.81635043e-03
-4.22090571e-03 -5.26977777e-02 -4.29367996e-04 5.14864735e-03 2.11558789e-02 -3.05853859e-02 1.76963918e-02 -1.18739054e-01 2.18316913e-02 -9.71032958e-03 2.67951526e-02 5.51012391e-03 5.56925237e-02 1.06449043e-02 -1.19952410e-02 1.53962495e-02
-1.59996527e-03 -3.33074592e-02 -7.78442773e-04 2.93278648e-03 1.40057756e-02 -2.07809694e-02 1.19652981e-02 -8.05943608e-02 1.48023115e-02 -6.60307053e-03 1.82042141e-02 3.74267926e-03 3.78427133e-02 7.23380037e-03 -8.15234985e-03 1.04633942e-02
1.89610699e-04 7.54236849e-03 2.34650724e-04 -6.38437457e-04 -3.30951903e-03 4.94500948e-03 -2.84314668e-03 1.91590954e-02 -3.52205755e-03 1.57176249e-03 -4.33267374e-03 -8.90762894e-04 -9.00702551e-03 -1.72174710e-03 1.94039650e-03 -2.49045598e-03
-5.41919004e-03 -5.63834012e-02 -9.16611985e-04 5.33587998e-03 2.25773007e-02 -3.32507454e-02 1.92361865e-02 -1.28985807e-01 2.37079691e-02 -1.05601978e-02 2.91279405e-02 5.98867750e-03 6.05417639e-02 1.15724131e-02 -1.30413938e-02 1.67385843e-02
-2.04192335e-03 -3.94485192e-04 -3.11621261e-04 4.44549369e-06 7.84806383e-04 -1.33210269e-03 7.49091967e-04 -5.12186531e-03 9.47332766e-04 -4.24616039e-04 1.16894022e-03 2.40272420e-04 2.43061176e-03 4.64679091e-04 -5.23728959e-04 6.72186608e-04
9.33768600e-03 -2.21553650e-02 -7.80692790e-04 1.92441791e-03 8.42687394e-03 -1.24003431e-02 7.14861602e-03 -4.80714813e-02 8.82649794e-03 -3.93538503e-03 1.08516468e-02 2.23102001e-03 2.25571357e-02 4.31182142e-03 -4.85925656e-03 6.23679673e-03
-3.59715777e-05 1.13810506e-02 1.09504981e-04 -1.17743295e-03 -4.55639604e-03 6.41985331e-03 -3.75691755e-03 2.51614712e-02 -4.60768957e-03 2.03290838e-03 -5.62507287e-03 -1.15898566e-03 -1.16978260e-02 -2.23458349e-03 2.51611578e-03 -3.23085790e-03
-6.96648657e-03 -5.47490343e-02 -4.39678435e-04 5.57889882e-03 2.18271650e-02 -3.15897502e-02 1.83135495e-02 -1.22976333e-01 2.25229077e-02 -1.00272615e-02 2.76667569e-02 5.68865845e-03 5.75000085e-02 1.09905852e-02 -1.23853842e-02 1.58967078e-02
1.09921989e-03 3.67591134e-03 3.64037915e-05 -3.24623048e-04 -1.72831176e-03 2.56990781e-03 -1.47971255e-03 9.96493082e-03 -1.83153991e-03 8.16713553e-04 -2.25194008e-03 -4.63008037e-04 -4.68123332e-03 -8.94820376e-04 1.00842072e-03 -1.29430473e-03
-1.54568441e-03 -6.44370355e-03 -7.49760511e-05 6.23622502e-04 2.90591735e-03 -4.27367724e-03 2.46547209e-03 -1.65796764e-02 3.04701016e-03 -1.35771546e-03 3.74445249e-03 7.69886828e-04 7.78330816e-03 1.48775906e-03 -1.67661940e-03 2.15193327e-03
7.48069142e-04 2.69499924e-02 4.07929445e-04 -2.50194827e-03 -1.08234407e-02 1.59588810e-02 -9.19879321e-03 6.19252138e-02 -1.13714887e-02 5.06989611e-03 -1.39793037e-02 -2.87409336e-03 -2.90593151e-02 -5.55473752e-03 6.26002485e-03 -8.03464185e-03
1.69040664e-04 -7.28140352e-03 -1.94663313e-04 7.44986814e-04 2.77127908e-03 -4.04261565e-03 2.33965088e-03 -1.56944655e-02 2.88153719e-03 -1.28220476e-03 3.53856944e-03 7.27696053e-04 7.35476986e-03 1.40575261e-03 -1.58403756e-03 2.03320500e-03
-3.69897857e-03 -2.46708356e-02 2.88332114e-04 2.70103104e-03 9.47622862e-03 -1.34895695e-02 7.85809103e-03 -5.26465885e-02 9.66220070e-03 -4.27573128e-03 1.18224295e-02 2.43214145e-03 2.45602112e-02 4.69359569e-03 -5.28765377e-03 6.78757112e-03
4.39049117e-03 1.10644214e-02 -1.55329966e-04 -1.06482417e-03 -4.60080197e-03 6.52577728e-03 -3.79160512e-03 2.54495163e-02 -4.65622963e-03 2.07088864e-03 -5.71563933e-03 -1.17518671e-03 -1.18779717e-02 -2.27030017e-03 2.55837874e-03 -3.28370300e-03
-1.16887188e-03 -9.29111557e-04 1.66253390e-04 1.31767229e-04 4.44944017e-04 -5.78016799e-04 3.39794467e-04 -2.25569448e-03 4.13829926e-04 -1.83406810e-04 5.06339769e-04 1.04129045e-04 1.05219323e-03 2.01096060e-04 -2.26607212e-04 2.90853292e-04
4.97355964e-03 5.12026288e-02 6.36732613e-04 -4.76415595e-03 -2.05133408e-02 3.00158523e-02 -1.73838455e-02 1.16646856e-01 -2.14101896e-02 9.53489821e-03 -2.62938011e-02 -5.40657761e-03 -5.46570159e-02 -1.04475329e-02 1.17737781e-02 -1.51115805e-02
-3.73081258e-03 -1.07011953e-02 -2.89407326e-05 1.15443033e-03 4.70204651e-03 -6.63617766e-03 3.86650139e-03 -2.58966442e-02 4.73895296e-03 -2.10509077e-03 5.81579795e-03 1.19614194e-03 1.20847719e-02 2.30975566e-03 -2.60258559e-03 3.34059121e-03
