-1.25583075e-03 3.06879170e-02 3.34649580e-03 1.65788904e-02 -2.13701390e-02 1.63535643e-02 8.90545547e-03 2.46230680e-02 3.87147535e-03 3.12851439e-03 -1.95737742e-02 -4.26588487e-03 -2.37528998e-02 -1.17159989e-02 -9.00922157e-03 -1.35099860e-02
-7.30738626e-04 2.97117010e-02 2.98606604e-03 1.49004376e-02 -1.92163549e-02 1.46803083e-02 8.02025944e-03 2.21367255e-02 3.48816207e-03 2.81453272e-03 -1.75977182e-02 -3.83510720e-03 -2.13564504e-02 -1.05340257e-02 -8.10031686e-03 -1.21470364e-02
1.35938026e-04 -1.31901186e-02 -1.34188309e-03 -7.56959664e-03 9.75690689e-03 -7.47913495e-03 -4.07368410e-03 -1.12719126e-02 -1.77331094e-03 -1.43034826e-03 8.94614216e-03 1.94971880e-03 1.08567700e-02 5.35502005e-03 4.11783298e-03 6.17499230e-03
1.32030272e-03 -3.15073431e-02 -3.51823773e-03 -1.62730776e-02 2.10708510e-02 -1.60973538e-02 -8.70834198e-03 -2.42141765e-02 -3.80649464e-03 -3.07152933e-03 1.91998594e-02 4.18356480e-03 2.32936889e-02 1.14891781e-02 8.83485284e-03 1.32483849e-02
3.85013351e-04 -4.07498851e-02 -4.39295825e-03 -2.31299624e-02 3.00325323e-02 -2.30337437e-02 -1.24123003e-02 -3.45237330e-02 -5.39738918e-03 -4.38038772e-03 2.72988360e-02 5.95070235e-03 3.31272967e-02 1.63390134e-02 1.25644999e-02 1.88407619e-02
-5.50091092e-04 2.75004767e-02 2.83679529e-03 1.44512570e-02 -1.85998473e-02 1.43002085e-02 7.76624726e-03 2.14812327e-02 3.38375103e-03 2.72607314e-03 -1.70541927e-02 -3.71688162e-03 -2.06975751e-02 -1.02089969e-02 -7.85036571e-03 -1.17722284e-02
9.63316183e-04 -4.99194078e-02 -5.12875151e-03 -2.31352746e-02 3.02088279e-02 -2.30206028e-02 -1.24585442e-02 -3.43228392e-02 -5.41509781e-03 -4.36831964e-03 2.73074489e-02 5.95066138e-03 3.31373140e-02 1.63451433e-02 1.25689087e-02 1.88479591e-02
5.97307226e-04 -1.83555074e-02 -1.97694497e-03 -9.15676728e-03 1.18798893e-02 -9.05558281e-03 -4.87726228e-03 -1.35741495e-02 -2.12270045e-03 -1.72730593e-03 1.07770674e-02 2.34864815e-03 1.30716497e-02 6.44684583e-03 4.95757442e-03 7.43394764e-03
-1.57777558e-03 5.48270941e-02 5.45575796e-03 2.51758229e-02 -3.22784223e-02 2.48967465e-02 1.35677215e-02 3.73482704e-02 5.87986503e-03 4.75544669e-03 -2.97252480e-02 -6.47649961e-03 -3.60593572e-02 -1.77855827e-02 -1.36765204e-02 -2.05088817e-02
-1.39570469e-03 4.69983667e-02 5.35403006e-03 2.21585557e-02 -2.92155594e-02 2.20848545e-02 1.16560096e-02 3.35953683e-02 5.14997868e-03 4.18911502e-03 -2.61690449e-02 -5.70393167e-03 -3.17434482e-02 -1.56552810e-02 -1.20388186e-02 -1.80523321e-02
-9.82383150e-04 3.79262269e-02 3.75322253e-03 1.93037838e-02 -2.50066034e-02 1.90631934e-02 1.03893569e-02 2.87153162e-02 4.52931644e-03 3.64244916e-03 -2.27853823e-02 -4.96560149e-03 -2.76525542e-02 -1.36395851e-02 -1.04883667e-02 -1.57281607e-02
-1.05102477e-03 3.08961421e-02 3.27338791e-03 1.60822086e-02 -2.07557064e-02 1.58394575e-02 8.65325145e-03 2.38892604e-02 3.77081987e-03 3.03292042e-03 -1.89846121e-02 -4.13777633e-03 -2.30405703e-02 -1.13647133e-02 -8.73909984e-03 -1.31049380e-02
6.07514230e-04 -2.25024652e-02 -2.42008362e-03 -1.08685698e-02 1.41436663e-02 -1.07527673e-02 -5.84463263e-03 -1.61476228e-02 -2.54227850e-03 -2.05306406e-03 1.28363883e-02 2.79762433e-03 1.55758178e-02 7.68254697e-03 5.90763846e-03 8.85888934e-03
1.15429459e-03 -3.60336602e-02 -3.92561406e-03 -1.78807005e-02 2.33504158e-02 -1.77396089e-02 -9.53796413e-03 -2.66986992e-02 -4.14878316e-03 -3.37619870e-03 2.11084578e-02 4.60111722e-03 2.56131701e-02 1.26328478e-02 9.71441530e-03 1.45671396e-02
3.42942891e-03 -1.38351992e-01 -1.58571117e-02 -7.04758018e-02 9.05229524e-02 -6.96297437e-02 -3.78682949e-02 -1.04797468e-01 -1.64674949e-02 -1.32903364e-02 8.32179636e-02 1.81376506e-02 1.01008944e-01 4.98232655e-02 3.83122899e-02 5.74525632e-02
-2.07517948e-03 6.60856143e-02 6.96875388e-03 3.07271965e-02 -3.96044701e-02 3.04321889e-02 1.64492037e-02 4.56805900e-02 7.19803572e-03 5.80304023e-03 -3.62908430e-02 -7.91050028e-03 -4.40419279e-02 -2.17241254e-02 -1.67050008e-02 -2.50505731e-02
-7.28441984e-04 2.10642572e-02 2.07136595e-03 1.05663827e-02 -1.36877950e-02 1.04565248e-02 5.64237032e-03 1.57671291e-02 2.47353013e-03 1.98920676e-03 -1.24469828e-02 -2.71269097e-03 -1.51068103e-02 -7.45148677e-03 -5.72992070e-03 -8.59250315e-03
-1.41435023e-03 3.04880012e-02 3.07076168e-03 1.44570880e-02 -1.88998971e-02 1.43316519e-02 7.69156544e-03 2.16212310e-02 3.34327831e-03 2.73373397e-03 -1.70603693e-02 -3.71814566e-03 -2.06930023e-02 -1.02055371e-02 -7.84795173e-03 -1.17679881e-02
9.25874279e-04 -3.06432489e-02 -3.29241483e-03 -1.62492003e-02 2.09894311e-02 -1.60540808e-02 -8.68365355e-03 -2.41987500e-02 -3.79604334e-03 -3.06801707e-03 1.91790741e-02 4.17963741e-03 2.32708678e-02 1.14779035e-02 8.82618129e-03 1.32354014e-02
2.75479048e-03 -1.15957953e-01 -1.21675385e-02 -6.59958348e-02 8.51918161e-02 -6.53537512e-02 -3.56787331e-02 -9.81064439e-02 -1.55358464e-02 -1.24675222e-02 7.79967383e-02 1.69973411e-02 9.46493223e-02 4.66867536e-02 3.59004028e-02 5.38357049e-02
2.82113557e-04 -1.08170817e-02 -1.17571931e-03 -5.58323367e-03 7.23178312e-03 -5.52675687e-03 -2.98832776e-03 -8.33415147e-03 -1.30749552e-03 -1.05387345e-03 6.59252889e-03 1.43674249e-03 7.99986534e-03 3.94587265e-03 3.03424685e-03 4.55007469e-03
9.70783294e-04 -6.99914396e-02 -6.62167836e-03 -2.70843040e-02 3.57368290e-02 -2.70030238e-02 -1.42239798e-02 -4.04008515e-02 -6.28138613e-03 -5.10970177e-03 3.19004953e-02 6.95230672e-03 3.86877060e-02 1.90802924e-02 1.46724992e-02 2.20015552e-02
5.54434489e-04 -2.62967981e-02 -2.66139046e-03 -1.32584041e-02 1.71098430e-02 -1.30891008e-02 -7.07890885e-03 -1.97357833e-02 -3.09353764e-03 -2.50369450e-03 1.56414937e-02 3.40897916e-03 1.89761501e-02 9.35935508e-03 7.19718309e-03 1.07924091e-02
-4.32716886e-04 -5.41680725e-03 -3.71387287e-04 -8.01509013e-04 1.09949405e-03 -8.30423320e-04 -4.03676124e-04 -1.18641730e-03 -1.76626476e-04 -1.50400301e-04 9.27037094e-04 2.01899951e-04 1.12080271e-03 5.52781101e-04 4.25048696e-04 6.37270918e-04
4.60632582e-04 5.15433354e-03 3.74957162e-04 9.50718357e-04 -1.41078979e-03 9.90211614e-04 4.45832324e-04 1.42145762e-03 2.04798533e-04 1.75968264e-04 -1.08564936e-03 -2.36340013e-04 -1.31314620e-03 -6.47419714e-04 -4.97866014e-04 -7.46493752e-04
2.90222641e-04 -3.81253026e-02 -3.91863566e-03 -1.60774700e-02 2.11480949e-02 -1.59654990e-02 -8.51544645e-03 -2.41088718e-02 -3.74779943e-03 -3.03547899e-03 1.89678706e-02 4.13441705e-03 2.30146293e-02 1.13509670e-02 8.72859266e-03 1.30889388e-02
-5.36856300e-04 -2.62525044e-02 -2.83058616e-03 -1.08397920e-02 1.44698033e-02 -1.08926045e-02 -5.69367828e-03 -1.61614604e-02 -2.48309760e-03 -2.05233297e-03 1.27711128e-02 2.78063980e-03 1.54678067e-02 7.62755610e-03 5.86580625e-03 8.79532844e-03
2.30536540e-03 -2.73372419e-02 -2.84453551e-03 -1.87208205e-02 2.38008201e-02 -1.83654018e-02 -1.01973498e-02 -2.77767591e-02 -4.42412123e-03 -3.53396521e-03 2.21477337e-02 4.82723210e-03 2.68884972e-02 1.32634193e-02 1.01990541e-02 1.52945220e-02
2.20342912e-03 -7.43871406e-02 -7.86274206e-03 -3.88060994e-02 4.99666631e-02 -3.82923707e-02 -2.08437182e-02 -5.77028953e-02 -9.09425225e-03 -7.31737725e-03 4.58248742e-02 9.98850260e-03 5.55970706e-02 2.74225716e-02 2.10870095e-02 3.16213444e-02
-5.98393439e-04 2.38174163e-02 2.63547199e-03 1.04957912e-02 -1.37609011e-02 1.03951460e-02 5.59065770e-03 1.56290215e-02 2.43065157e-03 1.97953801e-03 -1.23504223e-02 -2.69142841e-03 -1.49796484e-02 -7.38802971e-03 -5.68126189e-03 -8.51919968e-03
-9.71824571e-04 4.04270329e-02 3.98992375e-03 2.11130213e-02 -2.71196086e-02 2.08149422e-02 1.13883754e-02 3.14650163e-02 4.95054852e-03 3.98675539e-03 -2.49420200e-02 -5.43623604e-03 -3.02756634e-02 -1.49338478e-02 -1.14836451e-02 -1.72204562e-02
-9.27437213e-04 2.44243816e-02 2.68813665e-03 1.14633814e-02 -1.47648985e-02 1.13940388e-02 6.16991520e-03 1.71069410e-02 2.69134669e-03 2.16551614e-03 -1.35489237e-02 -2.95228022e-03 -1.64380632e-02 -8.10796209e-03 -6.23469474e-03 -9.34950355e-03
7.20186101e-04 -3.92944068e-02 -3.77449719e-03 -1.72364581e-02 2.25517247e-02 -1.70616172e-02 -9.17408988e-03 -2.56429296e-02 -4.00429172e-03 -3.23850312e-03 2.02483628e-02 4.41372627e-03 2.45757625e-02 1.21215656e-02 9.32108425e-03 1.39775835e-02
-1.63869909e-03 3.77356820e-02 3.95538658e-03 1.83147006e-02 -2.36889180e-02 1.80240963e-02 9.83843952e-03 2.72438247e-02 4.30173939e-03 3.45512782e-03 -2.16436014e-02 -4.71588690e-03 -2.62642093e-02 -1.29551934e-02 -9.96204279e-03 -1.49390195e-02
2.13415071e-04 -3.61370966e-02 -3.68320290e-03 -1.47619853e-02 2.01669540e-02 -1.50112491e-02 -7.36324582e-03 -2.25130711e-02 -3.36791994e-03 -2.79865367e-03 1.74685419e-02 3.79629596e-03 2.11335942e-02 1.04228910e-02 8.01481120e-03 1.20184878e-02
-6.72814494e-04 2.29083654e-02 2.21208250e-03 1.03047891e-02 -1.34522459e-02 1.02732107e-02 5.47306752e-03 1.53889479e-02 2.39452207e-03 1.95149984e-03 -1.21640703e-02 -2.65084603e-03 -1.47526637e-02 -7.27564888e-03 -5.59492456e-03 -8.38961080e-03
-9.69444343e-04 1.60448961e-02 1.49157306e-03 4.38383222e-03 -5.94824180e-03 4.46036831e-03 2.22096243e-03 6.85957959e-03 9.80978133e-04 8.28043383e-04 -5.13674458e-03 -1.11879013e-03 -6.21896610e-03 -3.06617096e-03 -2.35795579e-03 -3.53533588e-03
-2.81883404e-04 2.72255167e-02 2.88092229e-03 1.59198921e-02 -2.03865226e-02 1.57028716e-02 8.58124346e-03 2.37161685e-02 3.74689372e-03 3.00486456e-03 -1.88039821e-02 -4.09830641e-03 -2.28264742e-02 -1.12594524e-02 -8.65808129e-03 -1.29836025e-02
-2.53119913e-04 1.03818411e-02 1.12503325e-03 5.88532025e-03 -7.61646545e-03 5.79767395e-03 3.18289502e-03 8.73750541e-03 1.38460356e-03 1.11053756e-03 -6.95474865e-03 -1.51570688e-03 -8.44163727e-03 -4.16394416e-03 -3.20191612e-03 -4.80156951e-03
-6.71221933e-05 -8.94494168e-03 -8.87023460e-04 -4.24602302e-03 5.53629873e-03 -4.20658756e-03 -2.26225681e-03 -6.31005457e-03 -9.90096945e-04 -8.01196962e-04 5.00889076e-03 1.09162671e-03 6.07890962e-03 2.99838767e-03 2.30565853e-03 3.45750689e-03
-3.07870039e-04 5.10984240e-03 5.91332093e-04 3.44949565e-03 -4.38661827e-03 3.38284415e-03 1.87521789e-03 5.11064613e-03 8.13584425e-04 6.50267699e-04 -4.07469273e-03 -8.88084993e-04 -4.94669797e-03 -2.44007260e-03 -1.87632197e-03 -2.81373295e-03
1.57245333e-04 1.33649516e-03 1.93348125e-04 1.64909125e-03 -2.02671788e-03 1.60519255e-03 9.20560211e-04 2.42482265e-03 3.94611125e-04 3.10767529e-04 -1.95345166e-03 -4.25682665e-04 -2.37249024e-03 -1.17038831e-03 -8.99960112e-04 -1.34963775e-03
3.62650608e-04 -4.53736167e-04 7.59854156e-05 2.07814993e-03 -2.48904317e-03 1.97681808e-03 1.17443863e-03 3.06089316e-03 5.00349386e-04 3.92648129e-04 -2.47279415e-03 -5.39241533e-04 -3.00568226e-03 -1.48278638e-03 -1.14019343e-03 -1.70988694e-03
1.97836431e-03 -5.14113232e-02 -5.90192294e-03 -2.91924123e-02 3.75698209e-02 -2.87508760e-02 -1.57563500e-02 -4.33831550e-02 -6.84910407e-03 -5.50424540e-03 3.44556607e-02 7.50896707e-03 4.18201536e-02 2.06280667e-02 1.58622339e-02 2.37868074e-02
-1.14620407e-03 2.93762889e-02 2.82026269e-03 1.36374896e-02 -1.76317617e-02 1.34819429e-02 7.32311513e-03 2.03901753e-02 3.16702086e-03 2.57379562e-03 -1.60908829e-02 -3.50833428e-03 -1.95289552e-02 -9.63265076e-03 -7.40685454e-03 -1.11069437e-02
1.47456140e-03 -4.15227972e-02 -4.48755734e-03 -2.14253627e-02 2.78707482e-02 -2.13129818e-02 -1.14621567e-02 -3.20214517e-02 -5.00340899e-03 -4.04886343e-03 2.53056772e-02 5.51361637e-03 3.07015348e-02 1.51433069e-02 1.16447462e-02 1.74619965e-02
1.18868775e-06 1.30018704e-02 1.28311885e-03 7.00521562e-03 -9.07648075e-03 6.94508571e-03 3.75832338e-03 1.04324613e-02 1.64254918e-03 1.32685143e-03 -8.27795547e-03 -1.80389942e-03 -1.00454409e-02 -4.95490152e-03 -3.81023530e-03 -5.71363047e-03
5.36266074e-04 -1.19724385e-02 -1.09314767e-03 -5.59984567e-03 7.35294726e-03 -5.59282629e-03 -2.98945908e-03 -8.35984107e-03 -1.30682567e-03 -1.05922634e-03 6.60445355e-03 1.43940735e-03 8.01357534e-03 3.95257073e-03 3.03941756e-03 4.55775205e-03
1.00520032e-04 -1.84707367e-03 -6.28065100e-05 5.71726181e-04 -5.84231107e-04 4.73046966e-04 3.51759722e-04 8.31028563e-04 1.46784791e-04 1.06261345e-04 -6.86899002e-04 -1.49860090e-04 -8.37607891e-04 -4.13413130e-04 -3.17870174e-04 -4.76775225e-04
-7.89835583e-04 4.86874804e-02 5.32201538e-03 1.83832198e-02 -2.41646767e-02 1.82447899e-02 9.73341521e-03 2.75790244e-02 4.30098968e-03 3.47750448e-03 -2.17108615e-02 -4.73180600e-03 -2.63467375e-02 -1.29946442e-02 -9.99294128e-03 -1.49843693e-02
8.67679424e-04 -2.58534178e-02 -2.54372531e-03 -1.25289215e-02 1.61734447e-02 -1.23658469e-02 -6.73162565e-03 -1.86481774e-02 -2.94253347e-03 -2.36571836e-03 1.48091391e-02 3.22738616e-03 1.79747827e-02 8.86621606e-03 6.81781350e-03 1.02238823e-02
1.20783621e-03 -2.74189413e-02 -2.80040596e-03 -1.17287803e-02 1.53185204e-02 -1.16766170e-02 -6.24648901e-03 -1.74207948e-02 -2.71825725e-03 -2.21356074e-03 1.38174435e-02 3.01063387e-03 1.67583358e-02 8.26527551e-03 6.35589287e-03 9.53080133e-03
-2.82165769e-04 1.82049144e-02 1.95213105e-03 8.73029139e-03 -1.13021107e-02 8.68900027e-03 4.64843959e-03 1.30367223e-02 2.02708761e-03 1.64847996e-03 -1.02997227e-02 -2.24394375e-03 -1.24915792e-02 -6.16097543e-03 -4.73764446e-03 -7.10430974e-03
-2.30919657e-04 7.56070809e-03 7.44877500e-04 2.99910689e-03 -4.00215201e-03 2.99990014e-03 1.58418668e-03 4.49734367e-03 6.94124145e-04 5.67802461e-04 -3.53966933e-03 -7.71093648e-04 -4.29086108e-03 -2.11616349e-03 -1.62728759e-03 -2.44014943e-03
-9.95242153e-04 2.24131718e-02 2.25793617e-03 1.30604366e-02 -1.68175064e-02 1.28631704e-02 7.02571543e-03 1.94014870e-02 3.05984402e-03 2.46116146e-03 -1.53997531e-02 -3.35625117e-03 -1.86896212e-02 -9.21880826e-03 -7.08894338e-03 -1.06304232e-02
-1.23027898e-03 -2.65416000e-02 -2.81180139e-03 -1.42159900e-02 1.84404086e-02 -1.41651463e-02 -7.62641104e-03 -2.12953147e-02 -3.31788836e-03 -2.68912222e-03 1.68025866e-02 3.66019015e-03 2.03742553e-02 1.00490544e-02 7.72755127e-03 1.15878163e-02
-8.26698262e-04 9.40707326e-03 1.00822514e-03 4.93614841e-03 -6.36578491e-03 4.86682029e-03 2.63813045e-03 7.33648008e-03 1.14862493e-03 9.30623093e-04 -5.81199629e-03 -1.26663153e-03 -7.05023156e-03 -3.47720040e-03 -2.67391303e-03 -4.00962075e-03
1.51748274e-04 -7.24175014e-03 -7.32465764e-04 -3.74443643e-03 4.85258317e-03 -3.68500408e-03 -2.01319670e-03 -5.56402048e-03 -8.77094455e-04 -7.06198218e-04 4.41854820e-03 9.62955004e-04 5.36230812e-03 2.64495355e-03 2.03388114e-03 3.04996315e-03
1.65569611e-04 -1.13209579e-02 -1.18558167e-03 -5.62559720e-03 7.25733489e-03 -5.55020105e-03 -3.03049665e-03 -8.36729724e-03 -1.32134533e-03 -1.06138142e-03 6.64846925e-03 1.44869532e-03 8.06841534e-03 3.97985661e-03 3.06035765e-03 4.58929501e-03
1.62594090e-03 3.87674430e-03 5.75289072e-04 3.38319712e-03 -4.28619375e-03 3.31152859e-03 1.84542499e-03 5.00964373e-03 7.99159403e-04 6.37779827e-04 -3.99787072e-03 -8.71368218e-04 -4.85398388e-03 -2.39436328e-03 -1.84117293e-03 -2.76103010e-03
-6.69100555e-04 2.88718883e-02 3.24671250e-03 1.52199464e-02 -1.96881462e-02 1.50393592e-02 8.18828866e-03 2.26227045e-02 3.56933218e-03 2.87208101e-03 -1.79719441e-02 -3.91658023e-03 -2.18110364e-02 -1.07583711e-02 -8.27280525e-03 -1.24057624e-02
-1.58886379e-03 5.74155003e-02 6.03356771e-03 2.34465580e-02 -3.08980905e-02 2.35830229e-02 1.23837860e-02 3.51449661e-02 5.42757474e-03 4.44452651e-03 -2.77366750e-02 -6.03806973e-03 -3.36013809e-02 -1.65713597e-02 -1.27426479e-02 -1.91084519e-02
-1.73679064e-03 5.02287447e-02 5.38644474e-03 2.26973724e-02 -2.97052413e-02 2.26793494e-02 1.20186890e-02 3.40207629e-02 5.24978619e-03 4.29949025e-03 -2.68097743e-02 -5.84417582e-03 -3.25067379e-02 -1.60299912e-02 -1.23272697e-02 -1.84842143e-02
1.05130626e-03 1.37455873e-02 1.59682054e-03 1.10387374e-02 -1.40963336e-02 1.08621540e-02 6.00117585e-03 1.64101664e-02 2.60761078e-03 2.08631856e-03 -1.30703701e-02 -2.84862076e-03 -1.58664230e-02 -7.82642048e-03 -6.01821905e-03 -9.02490783e-03
-4.34636313e-04 -2.64833588e-03 -2.42537004e-04 1.94867665e-03 -2.21296307e-03 1.80848816e-03 1.15790125e-03 2.84420163e-03 4.86774050e-04 3.66736727e-04 -2.33172392e-03 -5.08744735e-04 -2.84135877e-03 -1.40234490e-03 -1.07825245e-03 -1.61721720e-03
-5.11997088e-04 8.84208642e-03 9.50280461e-04 3.51948896e-03 -4.75552632e-03 3.52234184e-03 1.83538662e-03 5.30311977e-03 8.09619145e-04 6.64558786e-04 -4.14426392e-03 -9.02564789e-04 -5.02238004e-03 -2.47660722e-03 -1.90451264e-03 -2.85580638e-03
-1.22234563e-03 4.53620628e-02 4.87699127e-03 2.42554843e-02 -3.12065538e-02 2.39000507e-02 1.30696949e-02 3.60317193e-02 5.70525695e-03 4.57532145e-03 -2.86456794e-02 -6.24248851e-03 -3.47677469e-02 -1.71496253e-02 -1.31874299e-02 -1.97757725e-02
-1.33311306e-03 1.19087901e-02 6.17905462e-04 -1.83907954e-03 2.15723971e-03 -1.65934744e-03 -1.14809885e-03 -2.73060473e-03 -4.78721951e-04 -3.52717121e-04 2.24775844e-03 4.90762934e-04 2.75097322e-03 1.35904783e-03 1.04476209e-03 1.56684883e-03
1.95826768e-04 6.07249234e-03 5.77162078e-04 1.98013242e-03 -2.70205201e-03 2.00324249e-03 1.02747418e-03 2.96266866e-03 4.53423883e-04 3.74401046e-04 -2.32843333e-03 -5.07259683e-04 -2.82169785e-03 -1.39153586e-03 -1.07006647e-03 -1.60455704e-03
-2.49488367e-04 5.67455217e-03 6.34979282e-04 -2.32190869e-04 -5.68810501e-05 -1.14285052e-04 -2.72123900e-04 -2.41526723e-04 -9.65777290e-05 -3.51716371e-05 2.85326852e-04 6.27121481e-05 3.69344169e-04 1.83983604e-04 1.41087716e-04 2.12292041e-04
5.46911266e-04 -1.21544786e-02 -1.55974342e-03 -5.54203195e-03 7.18308985e-03 -5.48968604e-03 -2.96737673e-03 -8.24539270e-03 -1.29056652e-03 -1.04716688e-03 6.54086657e-03 1.42567302e-03 7.93556217e-03 3.91370337e-03 3.00963549e-03 4.51298244e-03
1.14232046e-03 -3.97530049e-02 -3.93316848e-03 -2.06596255e-02 2.67044976e-02 -2.03393903e-02 -1.11662159e-02 -3.06461845e-02 -4.85178875e-03 -3.89749510e-03 2.43945848e-02 5.31654712e-03 2.96087302e-02 1.46047631e-02 1.12305256e-02 1.68411601e-02
6.55773852e-04 7.54087511e-03 7.21445365e-04 3.85482772e-03 -5.00398455e-03 3.81803839e-03 2.06158683e-03 5.74367354e-03 9.03416425e-04 7.28436455e-04 -4.55538323e-03 -9.92593472e-04 -5.52732777e-03 -2.72636325e-03 -2.09647510e-03 -3.14383139e-03
2.71786994e-04 -1.49130616e-02 -1.60661433e-03 -7.25733535e-03 9.62574780e-03 -7.23208720e-03 -3.81166930e-03 -1.09056113e-02 -1.69071625e-03 -1.37093419e-03 8.56569037e-03 1.86619116e-03 1.03893699e-02 5.12427557e-03 3.94042348e-03 5.90888504e-03
-5.79890388e-04 -1.00940873e-03 -1.73045264e-04 -1.72650220e-03 2.15015607e-03 -1.68107648e-03 -9.51071444e-04 -2.55451538e-03 -4.11941845e-04 -3.25438101e-04 2.04311311e-03 4.45293903e-04 2.48150062e-03 1.22415775e-03 9.41316772e-04 1.41163846e-03
-2.89309799e-04 -1.99687085e-04 -5.28516321e-05 -6.41854887e-04 8.02469847e-04 -6.27629692e-04 -3.54600139e-04 -9.52823204e-04 -1.54046487e-04 -1.21549274e-04 7.63685501e-04 1.66399885e-04 9.27495246e-04 4.57561371e-04 3.51834635e-04 5.27639466e-04
-1.89897767e-03 3.93306240e-02 3.92354606e-03 1.88072380e-02 -2.43568197e-02 1.86544117e-02 1.00619281e-02 2.79741157e-02 4.38371068e-03 3.54865124e-03 -2.21616235e-02 -4.82847635e-03 -2.68773939e-02 -1.32562695e-02 -1.01937838e-02 -1.52859539e-02
1.96388504e-03 -4.91244458e-02 -5.39750699e-03 -2.59417761e-02 3.34859155e-02 -2.55555566e-02 -1.40353907e-02 -3.85512672e-02 -6.10897178e-03 -4.89535835e-03 3.06601468e-02 6.68192469e-03 3.72161083e-02 1.83574241e-02 1.41161550e-02 2.11685225e-02
1.11208901e-05 -1.09716610e-04 -1.38271425e-05 -5.01051079e-04 6.23680418e-04 -4.86917590e-04 -2.79040483e-04 -7.41333060e-04 -1.20622841e-04 -9.47230874e-05 5.95740858e-04 1.29852167e-04 7.23808305e-04 3.57085402e-04 2.74579535e-04 4.11777146e-04
-2.20743997e-04 1.43912090e-02 1.57600094e-03 8.99665244e-03 -1.15211522e-02 8.85237660e-03 4.87838872e-03 1.33491913e-02 2.11788877e-03 1.69778673e-03 -1.06324274e-02 -2.31729960e-03 -1.29061183e-02 -6.36611786e-03 -4.89530899e-03 -7.34096207e-03
-5.66220842e-04 -1.71693340e-02 -1.44104043e-03 -6.49133651e-03 8.72617587e-03 -6.49703015e-03 -3.34512559e-03 -9.80358012e-03 -1.49128120e-03 -1.22620480e-03 7.63203064e-03 1.66298111e-03 9.25297942e-03 4.56327712e-03 3.50909727e-03 5.26187569e-03
-3.12510820e-04 1.14999451e-02 1.26578729e-03 6.06125128e-03 -7.86611624e-03 6.01198385e-03 3.23227933e-03 9.04017035e-03 1.41539064e-03 1.14460173e-03 -7.15532526e-03 -1.55942596e-03 -8.68278742e-03 -4.28263377e-03 -3.29323183e-03 -4.93839849e-03
-3.02340923e-05 -6.94050267e-03 -7.68280821e-04 -2.80692615e-03 3.64976539e-03 -2.78047333e-03 -1.50425418e-03 -4.14304202e-03 -6.53911964e-04 -5.26965538e-04 3.29724466e-03 7.18649128e-04 4.00202675e-03 1.97401084e-03 1.51794101e-03 2.27628252e-03
2.77434359e-04 -6.75789779e-03 -7.69055157e-04 -5.02236141e-03 6.37797965e-03 -4.92809899e-03 -2.73582502e-03 -7.44737033e-03 -1.18636363e-03 -9.47814900e-04 5.93987200e-03 1.29460811e-03 7.21115479e-03 3.55707691e-03 2.73525505e-03 4.10179188e-03
-1.83903496e-03 5.14052883e-02 5.04347123e-03 2.43588164e-02 -3.15285735e-02 2.40682736e-02 1.29676722e-02 3.62263061e-02 5.70089091e-03 4.59423754e-03 -2.87304576e-02 -6.26109634e-03 -3.48621085e-02 -1.71951205e-02 -1.32225119e-02 -1.98281277e-02
-1.40907918e-03 3.49460989e-02 3.38846003e-03 1.66676715e-02 -2.15943269e-02 1.65172350e-02 8.94485414e-03 2.47708373e-02 3.89707647e-03 3.14756762e-03 -1.96766481e-02 -4.28696582e-03 -2.38688719e-02 -1.17727984e-02 -9.05293040e-03 -1.35754338e-02
1.09690987e-03 -3.93061228e-02 -3.70712811e-03 -1.68030579e-02 2.18489803e-02 -1.66076496e-02 -9.00365971e-03 -2.50009131e-02 -3.93695431e-03 -3.16971680e-03 1.98301673e-02 4.31963289e-03 2.40522325e-02 1.18634356e-02 9.12267156e-03 1.36799598e-02
-9.11725219e-05 3.03798914e-02 3.17622209e-03 1.68751534e-02 -2.19067447e-02 1.66922137e-02 9.04203579e-03 2.51269825e-02 3.94247053e-03 3.18112574e-03 -1.98999494e-02 -4.33724793e-03 -2.41507739e-02 -1.19123487e-02 -9.16021597e-03 -1.37363691e-02
1.93968799e-03 -5.21998182e-02 -5.19245118e-03 -2.60029193e-02 3.34637016e-02 -2.56627556e-02 -1.40298447e-02 -3.86027619e-02 -6.10500202e-03 -4.90653329e-03 3.07178143e-02 6.69374596e-03 3.72762717e-02 1.83865894e-02 1.41386287e-02 2.12020483e-02
-3.95847019e-04 1.94704328e-02 1.79150351e-03 8.49236827e-03 -1.09752864e-02 8.38366244e-03 4.58723167e-03 1.26082059e-02 1.99437491e-03 1.60226587e-03 -1.00309467e-02 -2.18600640e-03 -1.21740494e-02 -6.00498542e-03 -4.61760769e-03 -6.92451419e-03
9.17108380e-04 -3.00227068e-02 -3.05582583e-03 -1.40922703e-02 1.83626097e-02 -1.40319578e-02 -7.55517697e-03 -2.09500566e-02 -3.29337479e-03 -2.65989359e-03 1.66369211e-02 3.62554844e-03 2.01865844e-02 9.95683391e-03 7.65653234e-03 1.14814471e-02
1.06709811e-03 -3.98118272e-02 -4.07658052e-03 -2.17273943e-02 2.78460458e-02 -2.14044861e-02 -1.17499297e-02 -3.22631896e-02 -5.10870665e-03 -4.09980584e-03 2.56741960e-02 5.59537997e-03 3.11615411e-02 1.53707182e-02 1.18195163e-02 1.77244190e-02
-1.04806130e-03 8.69122427e-03 1.03490951e-03 3.99693334e-03 -5.15134633e-03 3.93756432e-03 2.15309649e-03 5.94360288e-03 9.38003592e-04 7.53318134e-04 -4.71871346e-03 -1.02848443e-03 -5.72805619e-03 -2.82543828e-03 -2.17265333e-03 -3.25809675e-03
-2.08108686e-05 2.41595171e-02 2.52302177e-03 1.23244328e-02 -1.59339607e-02 1.21852346e-02 6.61429763e-03 1.83565263e-02 2.89299246e-03 2.32875580e-03 -1.45686604e-02 -3.17491777e-03 -1.76769830e-02 -8.71928968e-03 -6.70481473e-03 -1.00544523e-02
-7.72486499e-04 2.66540842e-03 3.29275761e-04 2.54828297e-03 -3.11456039e-03 2.45546107e-03 1.42729015e-03 3.72825237e-03 6.12688484e-04 4.77482274e-04 -3.00946971e-03 -6.56106218e-04 -3.65927326e-03 -1.80549291e-03 -1.38827844e-03 -2.08203774e-03
3.34003987e-03 -9.37401801e-02 -1.01827988e-02 -5.38158417e-02 6.89891800e-02 -5.30854166e-02 -2.90825088e-02 -7.99229294e-02 -1.26346648e-02 -1.01458179e-02 6.35112375e-02 1.38420714e-02 7.70934820e-02 3.80273610e-02 2.92418301e-02 4.38504741e-02
-1.50099501e-03 4.77836952e-02 4.68732789e-03 2.12921556e-02 -2.75647100e-02 2.09264196e-02 1.14005599e-02 3.15218829e-02 4.97142319e-03 4.00867453e-03 -2.50805076e-02 -5.46699623e-03 -3.04275379e-02 -1.50088994e-02 -1.15414886e-02 -1.73068363e-02
1.75879477e-03 -3.61437201e-02 -3.57319321e-03 -2.09535230e-02 2.68255528e-02 -2.05947924e-02 -1.13522382e-02 -3.10908109e-02 -4.92605148e-03 -3.95175721e-03 2.47470401e-02 5.39375003e-03 3.00390963e-02 1.48170730e-02 1.13937920e-02 1.70859937e-02
3.24610184e-04 -5.13187610e-03 -3.00318032e-04 -1.04183142e-04 3.78004246e-04 -1.97111745e-04 2.91176475e-05 -3.21348896e-04 -6.31739476e-06 -2.20609254e-05 1.06224477e-04 2.26982356e-05 1.19738193e-04 5.83481378e-05 4.49560648e-05 6.71763191e-05
5.18954883e-04 -1.44505715e-02 -1.59052410e-03 -8.30783881e-03 1.06798941e-02 -8.20439216e-03 -4.47931932e-03 -1.23447580e-02 -1.94993941e-03 -1.56834594e-03 9.81619302e-03 2.13906891e-03 1.19117033e-02 5.87545102e-03 4.51801950e-03 6.77513238e-03
3.18249874e-03 -7.93439597e-02 -9.04357713e-03 -3.72909158e-02 4.83056344e-02 -3.68578359e-02 -1.99168827e-02 -5.56067489e-02 -8.65485426e-03 -7.03788130e-03 4.39772643e-02 9.58228391e-03 5.33284768e-02 2.63015106e-02 2.02254783e-02 3.03285141e-02
-1.01880054e-03 2.14051660e-02 2.46455101e-03 8.43350217e-03 -1.09884609e-02 8.38667341e-03 4.46957909e-03 1.25595024e-02 1.94769993e-03 1.59111188e-03 -9.93321557e-03 -2.16480996e-03 -1.20441886e-02 -5.93966292e-03 -4.56756214e-03 -6.84907474e-03
5.70870820e-04 -1.81090683e-02 -1.88737898e-03 -8.11220892e-03 1.05382744e-02 -8.04783963e-03 -4.30629309e-03 -1.21333376e-02 -1.88710901e-03 -1.53154915e-03 9.56838019e-03 2.08462961e-03 1.16037047e-02 5.72304707e-03 4.40088101e-03 6.59931125e-03
-6.30477327e-04 1.40907187e-02 1.50915259e-03 8.61794129e-03 -1.10791866e-02 8.50499980e-03 4.65820404e-03 1.28081385e-02 2.02494068e-03 1.62778248e-03 -1.01882322e-02 -2.22024461e-03 -1.23651810e-02 -6.09917147e-03 -4.69005248e-03 -7.03312363e-03
1.94567663e-04 -1.66165736e-03 -2.71212863e-04 -2.38508312e-03 2.96159857e-03 -2.29535229e-03 -1.31489534e-03 -3.53419827e-03 -5.67091862e-04 -4.49098792e-04 2.82168412e-03 6.15260738e-04 3.42831854e-03 1.69119739e-03 1.30045926e-03 1.95020298e-03
2.40394822e-03 -2.79888883e-02 -3.03329295e-03 -1.43639091e-02 1.85628831e-02 -1.42086409e-02 -7.74740754e-03 -2.13068612e-02 -3.36250593e-03 -2.70880130e-03 1.69384517e-02 3.69149446e-03 2.05569249e-02 1.01397596e-02 7.79714854e-03 1.16923936e-02
-2.23943498e-05 -2.07847115e-02 -2.21250416e-03 -1.17523158e-02 1.51789458e-02 -1.15800509e-02 -6.30611274e-03 -1.75021775e-02 -2.74127326e-03 -2.21590279e-03 1.38580138e-02 3.02053196e-03 1.68172158e-02 8.29492882e-03 6.37853937e-03 9.56505165e-03
3.54947336e-03 -1.16695091e-01 -1.14262309e-02 -4.52444367e-02 5.96634187e-02 -4.48025465e-02 -2.34681815e-02 -6.74546957e-02 -1.03707621e-02 -8.51199776e-03 5.31905815e-02 1.15897013e-02 6.45256341e-02 3.18238735e-02 2.44718399e-02 3.66965123e-02
-1.14682619e-03 4.53755260e-02 4.75626905e-03 2.33132709e-02 -3.02416831e-02 2.29091104e-02 1.25003252e-02 3.45153436e-02 5.44736348e-03 4.38595284e-03 -2.74490193e-02 -5.98152773e-03 -3.33074816e-02 -1.64285973e-02 -1.26330303e-02 -1.89441554e-02
1.02256401e-03 -3.45600471e-02 -3.43000959e-03 -1.57218259e-02 2.06042938e-02 -1.56531855e-02 -8.31933692e-03 -2.35676765e-02 -3.66649986e-03 -2.97399494e-03 1.85271893e-02 4.03612759e-03 2.24702489e-02 1.10825207e-02 8.52212217e-03 1.27794221e-02
-1.38003787e-04 -6.73544267e-03 -7.20884360e-04 -5.40958857e-03 6.89594867e-03 -5.31826867e-03 -2.94270320e-03 -8.03245418e-03 -1.27744675e-03 -1.02171116e-03 6.40132977e-03 1.39516476e-03 7.77099421e-03 3.83320451e-03 2.94758799e-03 4.42019850e-03
1.84434350e-03 -6.34875372e-02 -6.82282029e-03 -3.01768314e-02 3.92373279e-02 -2.97756251e-02 -1.62207298e-02 -4.47737090e-02 -7.05238478e-03 -5.69140632e-03 3.55931818e-02 7.75685348e-03 4.31915596e-02 2.13038884e-02 1.63820256e-02 2.45659370e-02
2.01439182e-03 -6.17196187e-02 -6.25662738e-03 -3.10773458e-02 4.01008353e-02 -3.07293329e-02 -1.67631917e-02 -4.63615544e-02 -7.30674108e-03 -5.86595014e-03 3.67238633e-02 8.00291263e-03 4.45693582e-02 2.19842773e-02 1.69051010e-02 2.53506731e-02
-9.17949015e-04 9.24466830e-03 1.04566244e-03 6.21576747e-03 -7.82959256e-03 6.04932802e-03 3.37492116e-03 9.15046874e-03 1.46258448e-03 1.16487127e-03 -7.30707869e-03 -1.59252784e-03 -8.87158234e-03 -4.37621074e-03 -3.36511596e-03 -5.04637836e-03
2.73513491e-03 -9.93259475e-02 -9.45278257e-03 -5.05875088e-02 6.49833977e-02 -4.99250069e-02 -2.71555278e-02 -7.50851333e-02 -1.18533839e-02 -9.54311714e-03 5.97129911e-02 1.30120972e-02 7.24601224e-02 3.57411727e-02 2.74837147e-02 4.12140675e-02
6.36180281e-04 -2.72428375e-02 -2.88005685e-03 -1.56331602e-02 2.01461352e-02 -1.54412640e-02 -8.43558274e-03 -2.32443120e-02 -3.67641845e-03 -2.95114098e-03 1.84711274e-02 4.02574334e-03 2.24200375e-02 1.10588484e-02 8.50384962e-03 1.27522703e-02
1.54378836e-03 -3.04377964e-03 -2.47014512e-04 7.66810204e-04 -7.34301051e-04 6.69181289e-04 4.81065770e-04 1.08303654e-03 1.94837761e-04 1.45012513e-04 -9.24249063e-04 -2.01938339e-04 -1.12733059e-03 -5.56361047e-04 -4.27789782e-04 -6.41624676e-04
-7.19062460e-04 1.53561793e-02 1.60331442e-03 8.31345282e-03 -1.08038653e-02 8.21636058e-03 4.46423143e-03 1.24006802e-02 1.94024923e-03 1.57139543e-03 -9.81654320e-03 -2.13998230e-03 -1.19132921e-02 -5.87563822e-03 -4.51822160e-03 -6.77526370e-03
1.32558355e-03 -6.35509714e-02 -6.16059639e-03 -2.90884878e-02 3.78660448e-02 -2.88592055e-02 -1.55215850e-02 -4.33893800e-02 -6.79646851e-03 -5.48113743e-03 3.42748500e-02 7.46862078e-03 4.15843092e-02 2.05110870e-02 1.57723296e-02 2.36517675e-02
-3.14914098e-04 1.13041019e-02 1.29251857e-03 5.55691030e-03 -7.26136845e-03 5.48890838e-03 2.94999010e-03 8.28768127e-03 1.28557975e-03 1.04883837e-03 -6.54886989e-03 -1.42687291e-03 -7.94087444e-03 -3.91632877e-03 -3.01162503e-03 -4.51596314e-03
-1.11312256e-05 2.91231414e-03 2.78334017e-04 8.16726475e-04 -1.10040815e-03 8.17888242e-04 4.26297367e-04 1.21177605e-03 1.86810634e-04 1.53323388e-04 -9.55722469e-04 -2.08211015e-04 -1.15868379e-03 -5.71454293e-04 -4.39433352e-04 -6.58944016e-04
1.19453436e-03 -5.45443669e-02 -5.97716635e-03 -3.54010239e-02 4.52172272e-02 -3.48079614e-02 -1.92181617e-02 -5.25602400e-02 -8.34492408e-03 -6.68074377e-03 4.18480895e-02 9.12057795e-03 5.07999323e-02 2.50579882e-02 1.92686431e-02 2.88951881e-02
5.49051256e-05 -8.15010443e-03 -7.12898793e-04 -2.29532435e-03 3.13691772e-03 -2.33611022e-03 -1.17917755e-03 -3.42745380e-03 -5.24055387e-04 -4.32531611e-04 2.68703653e-03 5.85418718e-04 3.25688440e-03 1.60617544e-03 1.23511313e-03 1.85205787e-03
5.55500737e-04 -2.23953202e-02 -2.51732604e-03 -1.11558726e-02 1.43990815e-02 -1.10186376e-02 -5.98302856e-03 -1.65869072e-02 -2.59706890e-03 -2.10516993e-03 1.31518533e-02 2.86593172e-03 1.59531720e-02 7.86840450e-03 6.05064444e-03 9.07317642e-03
9.07900394e-04 -4.65757633e-03 -4.78979258e-04 -1.68490619e-03 2.20280676e-03 -1.67202158e-03 -9.02494823e-04 -2.51091248e-03 -3.94137460e-04 -3.17603553e-04 1.98644167e-03 4.32860135e-04 2.41033430e-03 1.18888577e-03 9.14212083e-04 1.37093198e-03
2.38965615e-04 -1.31670181e-02 -1.43057422e-03 -6.23607077e-03 8.18251166e-03 -6.15093810e-03 -3.35301482e-03 -9.26085282e-03 -1.46207784e-03 -1.17544818e-03 7.36009050e-03 1.60404632e-03 8.93321726e-03 4.40638652e-03 3.38834734e-03 5.08113299e-03
-1.47013995e-03 5.17408773e-02 5.00771264e-03 2.50360183e-02 -3.23260538e-02 2.46628541e-02 1.34223811e-02 3.72694209e-02 5.86209400e-03 4.71933559e-03 -2.95471530e-02 -6.43988419e-03 -3.58622707e-02 -1.76892318e-02 -1.36023546e-02 -2.03979276e-02
-1.53531530e-03 3.04669701e-02 2.44154665e-03 1.03108501e-02 -1.38892699e-02 1.03131672e-02 5.34635223e-03 1.53837996e-02 2.36409414e-03 1.94152480e-03 -1.20505225e-02 -2.62558530e-03 -1.46049233e-02 -7.20278919e-03 -5.53891761e-03 -8.30554031e-03
