3.00907856e-03 4.74072509e-02 1.36121074e-02 2.63536535e-02 -2.81572081e-02 2.89488025e-02 -2.22223927e-03 2.08148602e-02 -8.23255803e-04 1.61560047e-02 -2.63518598e-02 -1.02748862e-02 -1.75132137e-02 -1.43864211e-02 -1.67818703e-02 -2.96339635e-02
2.67673074e-03 4.19127755e-02 1.14825228e-02 2.21567694e-02 -2.37571076e-02 2.43802872e-02 -1.88040768e-03 1.75541379e-02 -6.96226081e-04 1.36253210e-02 -2.22217496e-02 -8.66461452e-03 -1.47688789e-02 -1.21320970e-02 -1.41521841e-02 -2.49903742e-02
-1.89786754e-03 -2.49730870e-02 -7.30352895e-03 -1.44091388e-02 1.52242025e-02 -1.57103036e-02 1.21686305e-03 -1.13108996e-02 4.49863466e-04 -8.77566636e-03 1.43126259e-02 5.58104413e-03 9.51280631e-03 7.81453773e-03 9.11577046e-03 1.60969533e-02
-2.03823857e-03 -3.86018157e-02 -1.04998685e-02 -2.04346403e-02 2.15596110e-02 -2.20055804e-02 1.64705585e-03 -1.57812927e-02 6.22475229e-04 -1.22030796e-02 1.99081134e-02 7.75990542e-03 1.32280411e-02 1.08649870e-02 1.26735736e-02 2.23791227e-02
-3.99789726e-03 -5.83273619e-02 -1.59794725e-02 -3.17786187e-02 3.37147750e-02 -3.43705416e-02 2.51475861e-03 -2.44449526e-02 9.44367494e-04 -1.87885109e-02 3.06351185e-02 1.19425394e-02 2.03636233e-02 1.67218819e-02 1.95022281e-02 3.44356075e-02
2.44441722e-03 3.73092405e-02 1.01934252e-02 1.99386608e-02 -2.10571047e-02 2.17182264e-02 -1.65270932e-03 1.55616757e-02 -6.16237638e-04 1.20575661e-02 -1.96657330e-02 -7.66806491e-03 -1.30703794e-02 -1.07365930e-02 -1.25242276e-02 -2.21156701e-02
-4.20549652e-03 -6.42572045e-02 -1.76417995e-02 -3.38976085e-02 3.64239365e-02 -3.74057591e-02 2.90503236e-03 -2.67676674e-02 1.06873293e-03 -2.08067447e-02 3.39333452e-02 1.32319350e-02 2.25526169e-02 1.85275003e-02 2.16129385e-02 3.81649807e-02
-1.75593630e-03 -2.82156654e-02 -7.80143263e-03 -1.54587915e-02 1.61855966e-02 -1.65444762e-02 1.24855735e-03 -1.18465498e-02 4.65373218e-04 -9.18385386e-03 1.49823567e-02 5.83997974e-03 9.95595194e-03 8.17647576e-03 9.53717809e-03 1.68405790e-02
3.99454171e-03 7.02492148e-02 1.84251834e-02 3.55043337e-02 -3.74864824e-02 3.88784595e-02 -3.01224599e-03 2.78747845e-02 -1.10574986e-03 2.16569435e-02 -3.53293270e-02 -1.37723275e-02 -2.34757718e-02 -1.92835145e-02 -2.24939398e-02 -3.97204459e-02
3.32117709e-03 5.85597306e-02 1.56950094e-02 2.97528561e-02 -3.23830992e-02 3.27182375e-02 -2.35398160e-03 2.37133931e-02 -9.14208067e-04 1.80785563e-02 -2.94956267e-02 -1.14977714e-02 -1.96019448e-02 -1.60973556e-02 -1.87761392e-02 -3.31544802e-02
3.20312125e-03 5.02703078e-02 1.37135591e-02 2.67607570e-02 -2.86054760e-02 2.92503014e-02 -2.25297268e-03 2.10339502e-02 -8.37221916e-04 1.63007546e-02 -2.65857968e-02 -1.03664026e-02 -1.76694058e-02 -1.45149631e-02 -1.69319548e-02 -2.98990849e-02
2.56727659e-03 4.16373610e-02 1.16975168e-02 2.26354133e-02 -2.41754260e-02 2.47943345e-02 -1.91656733e-03 1.78565942e-02 -7.11184985e-04 1.38583351e-02 -2.26031989e-02 -8.81397352e-03 -1.50231160e-02 -1.23411110e-02 -1.43960370e-02 -2.54210029e-02
-1.90200144e-03 -3.06565370e-02 -8.46331846e-03 -1.61534995e-02 1.74175557e-02 -1.78252943e-02 1.37844379e-03 -1.28007317e-02 5.09150035e-04 -9.94130317e-03 1.62145533e-02 6.32237643e-03 1.07763587e-02 8.85231700e-03 1.03262635e-02 1.82344429e-02
-2.24638544e-03 -4.17628437e-02 -1.09905321e-02 -2.11417507e-02 2.27187946e-02 -2.29676720e-02 1.68988470e-03 -1.64755527e-02 6.35480334e-04 -1.26986150e-02 2.07152460e-02 8.07613134e-03 1.37677183e-02 1.13071911e-02 1.31889591e-02 2.32888926e-02
-9.69401374e-03 -1.64253950e-01 -4.47212681e-02 -8.47382322e-02 8.97132829e-02 -9.26434770e-02 7.03948969e-03 -6.65205941e-02 2.61866581e-03 -5.15490174e-02 8.40736330e-02 3.27852331e-02 5.58805242e-02 4.59051728e-02 5.35496064e-02 9.45600271e-02
4.49323934e-03 8.05047005e-02 2.12382078e-02 4.02839743e-02 -4.30854186e-02 4.44641821e-02 -3.36502353e-03 3.18746008e-02 -1.26543839e-03 2.47291904e-02 -4.03311588e-02 -1.57270394e-02 -2.68035084e-02 -2.20194925e-02 -2.56860275e-02 -4.53574248e-02
1.57066609e-03 2.56141461e-02 7.07226759e-03 1.40241850e-02 -1.47597371e-02 1.51501130e-02 -1.15251041e-03 1.09057073e-02 -4.32836299e-04 8.42434913e-03 -1.37392068e-02 -5.35761891e-03 -9.13174171e-03 -7.50173675e-03 -8.75098538e-03 -1.54528618e-02
1.55015464e-03 3.43498811e-02 8.81145615e-03 1.72771327e-02 -1.83417611e-02 1.85474865e-02 -1.37113209e-03 1.33431293e-02 -5.14126150e-04 1.02750193e-02 -1.67641640e-02 -6.53395662e-03 -1.11404452e-02 -9.14844498e-03 -1.06700622e-02 -1.88407283e-02
-2.70941504e-03 -4.45935242e-02 -1.21496925e-02 -2.36934237e-02 2.51685735e-02 -2.57075448e-02 1.90203229e-03 -1.84748229e-02 7.23758421e-04 -1.42695038e-02 2.32780837e-02 9.07412078e-03 1.54684186e-02 1.27047701e-02 1.48194674e-02 2.61683222e-02
-1.12673733e-02 -1.69504225e-01 -4.77147363e-02 -9.22317058e-02 9.98177528e-02 -1.02440424e-01 7.86752440e-03 -7.32483268e-02 2.92279641e-03 -5.67922555e-02 9.26373005e-02 3.61157507e-02 6.15547635e-02 5.05668223e-02 5.89863807e-02 1.04160182e-01
-1.08412129e-03 -1.62600968e-02 -4.64351662e-03 -8.94771051e-03 9.58852470e-03 -9.86000989e-03 7.54385488e-04 -7.10009784e-03 2.81839340e-04 -5.49527816e-03 8.96301679e-03 3.49488109e-03 5.95688820e-03 4.89341747e-03 5.70824789e-03 1.00798281e-02
-7.17766955e-03 -1.05087854e-01 -2.88867280e-02 -5.60281426e-02 5.97510189e-02 -6.14707209e-02 4.72994940e-03 -4.41990606e-02 1.76117383e-03 -3.42954583e-02 5.59384562e-02 2.18117479e-02 3.71785499e-02 3.05404812e-02 3.56253125e-02 6.29081428e-02
-1.84271147e-03 -3.27270292e-02 -8.21163971e-03 -1.62269901e-02 1.70249380e-02 -1.73109248e-02 1.25243946e-03 -1.24325650e-02 4.82298230e-04 -9.57983546e-03 1.56313963e-02 6.09169574e-03 1.03863403e-02 8.52884259e-03 9.94720403e-03 1.75642241e-02
8.55166465e-04 1.11102490e-02 3.86597868e-03 7.43739167e-03 -8.11533444e-03 8.44246149e-03 -6.72574155e-04 6.09619683e-03 -2.45543953e-04 4.74508060e-03 -7.73806265e-03 -3.01796617e-03 -5.14373137e-03 -4.22593113e-03 -4.92979959e-03 -8.70531239e-03
3.12685181e-04 2.33442662e-03 4.29462816e-04 8.63895926e-04 -8.79588304e-04 8.85166111e-04 -6.61593149e-05 6.31811388e-04 -2.48927827e-05 4.88274498e-04 -7.96475448e-04 -3.10500065e-04 -5.29267825e-04 -4.34742717e-04 -5.07120974e-04 -8.95486097e-04
-4.60391305e-03 -6.30992353e-02 -1.78739354e-02 -3.42583209e-02 3.69206369e-02 -3.79690975e-02 2.93858466e-03 -2.73783244e-02 1.09117094e-03 -2.12199166e-02 3.46077979e-02 1.34957824e-02 2.30032019e-02 1.88966636e-02 2.20433772e-02 3.89250480e-02
-1.99390994e-03 -2.66409982e-02 -6.72290986e-03 -1.31226331e-02 1.37441372e-02 -1.39027722e-02 1.02769351e-03 -9.89876501e-03 3.85305146e-04 -7.65578542e-03 1.24955289e-02 4.86790575e-03 8.29945412e-03 6.81532267e-03 7.94939604e-03 1.40367076e-02
3.50809540e-04 -1.85164679e-02 -3.56397964e-03 -7.42787542e-03 7.18960073e-03 -7.26935826e-03 4.95429325e-04 -4.99095395e-03 1.88946928e-04 -3.84625909e-03 6.27957517e-03 2.44459696e-03 4.16813185e-03 3.42210522e-03 3.99136683e-03 7.04777613e-03
-5.82502130e-03 -1.01501867e-01 -2.69486178e-02 -5.23779318e-02 5.52356504e-02 -5.66252992e-02 4.27355664e-03 -4.06863876e-02 1.60787359e-03 -3.14914621e-02 5.13882414e-02 2.00326983e-02 3.41430344e-02 2.80441027e-02 3.27123180e-02 5.77638634e-02
2.45789159e-03 3.68477963e-02 1.04288170e-02 2.01992821e-02 -2.15115603e-02 2.20522638e-02 -1.70828239e-03 1.58693157e-02 -6.29591232e-04 1.23031121e-02 -2.00671200e-02 -7.82418065e-03 -1.33364862e-02 -1.09551419e-02 -1.27790989e-02 -2.25656461e-02
3.55778332e-03 5.36780171e-02 1.48433121e-02 2.86476426e-02 -3.07101924e-02 3.16919163e-02 -2.45763292e-03 2.28655711e-02 -9.07386537e-04 1.77104585e-02 -2.88812853e-02 -1.12629961e-02 -1.91976111e-02 -1.57712717e-02 -1.83971059e-02 -3.24860960e-02
-1.14862889e-03 -3.39523563e-03 -2.40356708e-03 -4.93385876e-03 5.47528360e-03 -5.73879294e-03 5.00736118e-04 -4.20929445e-03 1.75123205e-04 -3.32510099e-03 5.41789318e-03 2.11516186e-03 3.60474270e-03 2.96254223e-03 3.45618464e-03 6.10317057e-03
-2.79944181e-03 -4.26950157e-02 -1.16602862e-02 -2.31533814e-02 2.42530014e-02 -2.48383638e-02 1.91641692e-03 -1.78649072e-02 7.09638756e-04 -1.38400327e-02 2.25705225e-02 8.80201906e-03 1.50029054e-02 1.23245697e-02 1.43768406e-02 2.53871661e-02
1.04269758e-03 2.89191976e-02 7.04524945e-03 1.32255610e-02 -1.43101718e-02 1.44132767e-02 -1.07342273e-03 1.04008727e-02 -4.10804409e-04 8.04512482e-03 -1.31265726e-02 -5.11661824e-03 -8.72070622e-03 -7.16412999e-03 -8.35716166e-03 -1.47574488e-02
-1.74667465e-03 -3.17642018e-02 -7.40132807e-03 -1.40242698e-02 1.56636052e-02 -1.54435020e-02 9.59581172e-04 -1.10345893e-02 4.12014342e-04 -8.37378018e-03 1.36839598e-02 5.32343052e-03 9.07558110e-03 7.45347887e-03 8.69399309e-03 1.53519139e-02
1.82743941e-03 3.07657793e-02 8.15786887e-03 1.58352796e-02 -1.69671290e-02 1.74055248e-02 -1.30568002e-03 1.24695981e-02 -4.90281382e-04 9.64466203e-03 -1.57331266e-02 -6.13287883e-03 -1.04555655e-02 -8.58679879e-03 -1.00157605e-02 -1.76857058e-02
3.91269394e-04 1.51871834e-02 3.64323216e-03 6.99553406e-03 -7.39416201e-03 7.57858623e-03 -5.70407661e-04 5.48826065e-03 -2.13190506e-04 4.20062197e-03 -6.85303845e-03 -2.67132302e-03 -4.55390429e-03 -3.74012929e-03 -4.36268840e-03 -7.70360790e-03
1.62293308e-03 2.43913699e-02 6.60510967e-03 1.30245071e-02 -1.35460654e-02 1.39909498e-02 -1.05355273e-03 1.00770183e-02 -3.99505137e-04 7.77246058e-03 -1.26737207e-02 -4.94239293e-03 -8.42432491e-03 -6.92055002e-03 -8.07293691e-03 -1.42555377e-02
9.16965597e-04 1.36369988e-02 3.90451681e-03 7.48791127e-03 -8.10149778e-03 8.26172903e-03 -6.43496052e-04 5.94431674e-03 -2.37640867e-04 4.61850036e-03 -7.53244851e-03 -2.93733715e-03 -5.00643160e-03 -4.11289744e-03 -4.79784654e-03 -8.47225916e-03
-1.28363294e-03 -1.62916407e-02 -4.69838316e-03 -9.11873579e-03 9.76543035e-03 -1.00597944e-02 7.79618160e-04 -7.23635266e-03 2.88723124e-04 -5.62232127e-03 9.16899741e-03 3.57564492e-03 6.09445199e-03 5.00669936e-03 5.84048638e-03 1.03133870e-02
3.22470616e-04 6.41008187e-03 1.79355103e-03 3.53093864e-03 -3.75385489e-03 3.79601959e-03 -2.86409137e-04 2.72232946e-03 -1.07264939e-04 2.10536015e-03 -3.43432347e-03 -1.33887515e-03 -2.28222879e-03 -1.87460030e-03 -2.18669162e-03 -3.86130740e-03
6.76914933e-05 1.20027311e-04 -4.68781327e-05 2.72711623e-06 4.37824347e-05 -1.27990876e-04 2.57602678e-05 -9.42074694e-05 5.94167204e-06 -8.63064051e-05 1.40492528e-04 5.50051045e-05 9.35485878e-05 7.71427658e-05 9.01211315e-05 1.59221934e-04
1.72269135e-03 1.74775720e-02 5.64080477e-03 1.09773511e-02 -1.18594412e-02 1.22758141e-02 -9.62199178e-04 8.83486308e-03 -3.54186486e-04 6.86615752e-03 -1.11978212e-02 -4.36680345e-03 -7.44274398e-03 -6.11452293e-03 -7.13284872e-03 -1.25955306e-02
-6.24026591e-03 -9.22771096e-02 -2.71822773e-02 -5.26430979e-02 5.61939552e-02 -5.77549897e-02 4.48700925e-03 -4.16059569e-02 1.65543740e-03 -3.22606117e-02 5.26150353e-02 2.05167234e-02 3.49701419e-02 2.87278201e-02 3.35118026e-02 5.91765381e-02
1.41773198e-03 3.01578529e-02 7.56265409e-03 1.47377988e-02 -1.56150395e-02 1.59684885e-02 -1.21094531e-03 1.15216849e-02 -4.45388985e-04 8.86694714e-03 -1.44620612e-02 -5.63950418e-03 -9.61421710e-03 -7.89724756e-03 -9.20976419e-03 -1.62624884e-02
-3.61990463e-03 -5.84768429e-02 -1.65000595e-02 -3.17662917e-02 3.42664681e-02 -3.51726338e-02 2.66468851e-03 -2.52400599e-02 9.95412818e-04 -1.95075311e-02 3.18197347e-02 1.24050742e-02 2.11447645e-02 1.73696484e-02 2.02616081e-02 3.57784703e-02
1.62038079e-03 2.17692759e-02 6.06252579e-03 1.17695313e-02 -1.26798498e-02 1.30418735e-02 -9.98829375e-04 9.36253741e-03 -3.72556038e-04 7.26255216e-03 -1.18427612e-02 -4.61772829e-03 -7.87087809e-03 -6.46584807e-03 -7.54253287e-03 -1.33187668e-02
-1.02388463e-03 -1.68315973e-02 -4.73566120e-03 -9.31411609e-03 9.94144939e-03 -1.02187777e-02 7.87831028e-04 -7.33214850e-03 2.91836099e-04 -5.68387471e-03 9.26909130e-03 3.61442054e-03 6.16064249e-03 5.06089767e-03 5.90358395e-03 1.04247378e-02
-7.47340324e-04 -9.64618940e-03 -2.94792722e-03 -5.58457477e-03 6.12359773e-03 -6.37289835e-03 5.10016922e-04 -4.60588606e-03 1.85749959e-04 -3.58590181e-03 5.84774883e-03 2.28074985e-03 3.88719398e-03 3.19364993e-03 3.72558692e-03 6.57885196e-03
3.69936996e-03 6.47889525e-02 1.62530150e-02 2.99755763e-02 -3.26669998e-02 3.32360864e-02 -2.48831999e-03 2.39704307e-02 -9.47558321e-04 1.85004435e-02 -3.01705804e-02 -1.17643848e-02 -2.00532395e-02 -1.64717473e-02 -1.92150921e-02 -3.39299925e-02
-1.56761170e-03 -2.81900037e-02 -7.47224502e-03 -1.41592370e-02 1.53955547e-02 -1.58015750e-02 1.20711164e-03 -1.13759078e-02 4.52496490e-04 -8.82140454e-03 1.43867824e-02 5.61013119e-03 9.56219435e-03 7.85543770e-03 9.16363299e-03 1.61815155e-02
-1.51421118e-03 -3.19781043e-02 -8.16331990e-03 -1.58856120e-02 1.67614091e-02 -1.71304736e-02 1.29015942e-03 -1.22235212e-02 4.80339979e-04 -9.47287492e-03 1.54537829e-02 6.02381211e-03 1.02685886e-02 8.43405072e-03 9.83802229e-03 1.73719991e-02
1.45194982e-03 2.25635823e-02 6.10851916e-03 1.18640140e-02 -1.24979513e-02 1.28982989e-02 -9.70605761e-04 9.24554281e-03 -3.62725084e-04 7.14484090e-03 -1.16566960e-02 -4.54366161e-03 -7.74528319e-03 -6.36174157e-03 -7.42078805e-03 -1.31037449e-02
4.39623283e-04 8.40300974e-03 2.16195290e-03 4.17113025e-03 -4.44102241e-03 4.50833607e-03 -3.41016857e-04 3.23647237e-03 -1.27484338e-04 2.50229007e-03 -4.08225646e-03 -1.59125752e-03 -2.71246792e-03 -2.22793641e-03 -2.59882398e-03 -4.58904682e-03
1.51156029e-03 2.86042038e-02 7.86472019e-03 1.59842372e-02 -1.67022739e-02 1.69549976e-02 -1.27105298e-03 1.21826902e-02 -4.78882226e-04 9.40549932e-03 -1.53416498e-02 -5.98114682e-03 -1.01946509e-02 -8.37438647e-03 -9.76846740e-03 -1.72493309e-02
-3.38676316e-03 -3.76896821e-02 -1.02992924e-02 -2.00560614e-02 2.12959610e-02 -2.19146498e-02 1.65331620e-03 -1.57087408e-02 6.15104509e-04 -1.21011296e-02 1.97476074e-02 7.69529957e-03 1.31173292e-02 1.07741160e-02 1.25675034e-02 2.21917462e-02
2.43837480e-04 1.07217347e-02 2.78241746e-03 5.63001400e-03 -5.78297954e-03 5.85337495e-03 -4.24371567e-04 4.19961289e-03 -1.61440606e-04 3.22796707e-03 -5.26830228e-03 -2.05248920e-03 -3.49986111e-03 -2.87336460e-03 -3.35113774e-03 -5.91719756e-03
-1.02845673e-03 -1.43823279e-02 -4.11192188e-03 -7.99642038e-03 8.60185083e-03 -8.79566651e-03 6.81420090e-04 -6.34143315e-03 2.52436614e-04 -4.92019067e-03 8.02474096e-03 3.12910904e-03 5.33344923e-03 4.38135024e-03 5.11092506e-03 9.02505964e-03
-1.34776684e-03 -1.89472623e-02 -5.37201855e-03 -1.02250669e-02 1.10646002e-02 -1.13983713e-02 8.85178684e-04 -8.20945203e-03 3.27746966e-04 -6.37324713e-03 1.03952317e-02 4.05339850e-03 6.90856436e-03 5.67565532e-03 6.62089884e-03 1.16915088e-02
1.55255024e-03 8.85304529e-03 2.63072900e-03 5.00881206e-03 -5.42348437e-03 5.55683812e-03 -4.18041629e-04 3.97846103e-03 -1.57863746e-04 3.08216223e-03 -5.02770953e-03 -1.96012971e-03 -3.34088504e-03 -2.74439901e-03 -3.20136524e-03 -5.65308752e-03
2.52461759e-03 3.80267836e-02 1.07194157e-02 2.05582902e-02 -2.20165607e-02 2.25681495e-02 -1.73442438e-03 1.62092131e-02 -6.44875458e-04 1.25744212e-02 -2.05086414e-02 -7.99684040e-03 -1.36301834e-02 -1.11971106e-02 -1.30617041e-02 -2.30648834e-02
3.81833105e-03 7.00308681e-02 1.79662444e-02 3.37174386e-02 -3.67031060e-02 3.75998579e-02 -2.77934456e-03 2.68435720e-02 -1.04907062e-03 2.07350440e-02 -3.38451378e-02 -1.31853996e-02 -2.24769898e-02 -1.84602030e-02 -2.15328764e-02 -3.80233638e-02
3.08415084e-03 6.01862073e-02 1.54865552e-02 2.95953546e-02 -3.17544937e-02 3.24016213e-02 -2.35746149e-03 2.31825467e-02 -8.94335215e-04 1.78389363e-02 -2.91127749e-02 -1.13451937e-02 -1.93463489e-02 -1.58829466e-02 -1.85237750e-02 -3.27078439e-02
2.28612777e-03 2.33996622e-02 6.56024134e-03 1.29271699e-02 -1.36867808e-02 1.40054338e-02 -1.05799234e-03 1.00875916e-02 -4.00699995e-04 7.80459587e-03 -1.27300583e-02 -4.96342685e-03 -8.45987722e-03 -6.94971345e-03 -8.10701679e-03 -1.43157113e-02
-7.70576880e-04 -6.92663947e-03 -2.02113623e-03 -3.66887054e-03 4.06098692e-03 -4.26899036e-03 3.55073746e-04 -3.09855235e-03 1.26714571e-04 -2.42119096e-03 3.94726358e-03 1.54008681e-03 2.62451754e-03 2.15667416e-03 2.51603243e-03 4.44302941e-03
8.51773075e-04 1.53465653e-02 4.30909824e-03 8.30358453e-03 -8.98427889e-03 9.13614873e-03 -6.93556212e-04 6.57904521e-03 -2.59470515e-04 5.08264685e-03 -8.29210598e-03 -3.23235197e-03 -5.51033998e-03 -4.52577882e-03 -5.27923461e-03 -9.32215806e-03
3.39470478e-03 5.32752164e-02 1.48726655e-02 2.86519267e-02 -3.05525269e-02 3.14044878e-02 -2.42041610e-03 2.26002131e-02 -9.03115375e-04 1.75380670e-02 -2.86039971e-02 -1.11536384e-02 -1.90104451e-02 -1.56175168e-02 -1.82184596e-02 -3.21710035e-02
-2.94776261e-03 -2.11579204e-02 -7.96385575e-03 -1.56536046e-02 1.68596320e-02 -1.75171364e-02 1.37828488e-03 -1.26194647e-02 5.06046112e-04 -9.81251057e-03 1.60043053e-02 6.24090992e-03 1.06373783e-02 8.73850659e-03 1.01937624e-02 1.80006158e-02
4.90921724e-04 5.98164275e-03 1.53595081e-03 2.95979134e-03 -3.16305296e-03 3.23047373e-03 -2.47162330e-04 2.31603440e-03 -9.19165905e-05 1.79586885e-03 -2.92925257e-03 -1.14207307e-03 -1.94666942e-03 -1.59907946e-03 -1.86532456e-03 -3.29384534e-03
6.88887085e-04 1.12681407e-02 3.17979674e-03 5.88694541e-03 -6.41602045e-03 6.66418811e-03 -5.35073399e-04 4.80907504e-03 -1.94190026e-04 3.74383060e-03 -6.10491261e-03 -2.38112686e-03 -4.05818038e-03 -3.33421724e-03 -3.88960680e-03 -6.86851004e-03
-8.33878061e-04 -1.63806863e-02 -4.42764349e-03 -8.22871272e-03 8.77880491e-03 -8.98527354e-03 6.78281998e-04 -6.43958570e-03 2.52646394e-04 -4.98606171e-03 8.13388079e-03 3.17087467e-03 5.40595409e-03 4.43938002e-03 5.17829135e-03 9.14370269e-03
-3.65011673e-03 -5.71642593e-02 -1.58353765e-02 -3.07546463e-02 3.30412909e-02 -3.37869599e-02 2.63753720e-03 -2.43111867e-02 9.70900292e-04 -1.88926160e-02 3.08118425e-02 1.20151425e-02 2.04789285e-02 1.68236550e-02 1.96252950e-02 3.46551910e-02
1.18038373e-03 1.15066543e-02 3.17759998e-03 6.17292570e-03 -6.61853049e-03 6.81985589e-03 -5.27113851e-04 4.90813004e-03 -1.95954868e-04 3.81012866e-03 -6.21418701e-03 -2.42311647e-03 -4.13000025e-03 -3.39289079e-03 -3.95790813e-03 -6.98904879e-03
-1.76518923e-04 -7.06212316e-03 -1.35869801e-03 -2.66567385e-03 2.92182015e-03 -2.67083873e-03 1.35040114e-04 -1.90339400e-03 6.79076402e-05 -1.40777591e-03 2.29969760e-03 8.94791272e-04 1.52584293e-03 1.25246146e-03 1.46068062e-03 2.57914537e-03
-5.36965556e-04 -2.59220554e-03 -7.65773992e-04 -1.50785549e-03 1.61717017e-03 -1.63234444e-03 1.20917088e-04 -1.16624893e-03 4.53536595e-05 -9.02748608e-04 1.47280237e-03 5.74110018e-04 9.78686730e-04 8.03769450e-04 9.37535369e-04 1.65549014e-03
-2.10883285e-04 -6.71592774e-04 -2.04605618e-04 -4.29627864e-04 4.47834114e-04 -4.44480043e-04 3.16851729e-05 -3.16518068e-04 1.18399275e-05 -2.42513197e-04 3.95715295e-04 1.54222493e-04 2.63012829e-04 2.15881082e-04 2.51747522e-04 4.44494130e-04
2.23044259e-03 4.83052731e-02 1.26336040e-02 2.51363460e-02 -2.61598751e-02 2.68238299e-02 -2.02351133e-03 1.91900134e-02 -7.55269430e-04 1.48343910e-02 -2.42055077e-02 -9.43311304e-03 -1.60812791e-02 -1.32074533e-02 -1.54052014e-02 -2.72023436e-02
-4.32793936e-03 -6.95948079e-02 -1.96334794e-02 -3.71859632e-02 4.05174829e-02 -4.14529555e-02 3.22722550e-03 -2.98515242e-02 1.19369908e-03 -2.31714454e-02 3.77905667e-02 1.47367995e-02 2.51174700e-02 2.06348486e-02 2.40713991e-02 4.25064489e-02
-1.35603914e-04 -1.64417701e-03 -5.19477471e-04 -1.02576904e-03 1.09777041e-03 -1.13224040e-03 8.72834498e-05 -8.14080471e-04 3.22700253e-05 -6.31276867e-04 1.02966058e-03 4.01470403e-04 6.84326340e-04 5.62124071e-04 6.55711978e-04 1.15787296e-03
1.40254083e-03 1.98455527e-02 5.70736453e-03 1.11274440e-02 -1.18158823e-02 1.21246688e-02 -9.40896687e-04 8.70917924e-03 -3.46788351e-04 6.76411716e-03 -1.10321594e-02 -4.30180831e-03 -7.33227190e-03 -6.02333341e-03 -7.02630356e-03 -1.24072991e-02
-1.19228032e-03 -1.41050527e-02 -3.39435390e-03 -6.84049726e-03 7.14903418e-03 -7.22975191e-03 5.33212442e-04 -5.20572579e-03 2.03823482e-04 -4.00757836e-03 6.53706491e-03 2.54840590e-03 4.34411783e-03 3.56810936e-03 4.16204613e-03 7.34938495e-03
1.01228652e-03 1.65632945e-02 4.48820461e-03 8.70420691e-03 -9.28134285e-03 9.45555605e-03 -6.89123699e-04 6.77264435e-03 -2.64295639e-04 5.22229169e-03 -8.51840712e-03 -3.32087371e-03 -5.66101540e-03 -4.64959629e-03 -5.42358076e-03 -9.57698468e-03
-1.75459392e-03 -2.11305395e-02 -6.46506017e-03 -1.24312835e-02 1.34194605e-02 -1.39180897e-02 1.10117532e-03 -1.00262500e-02 4.02850594e-04 -7.80101353e-03 1.27218179e-02 4.96150972e-03 8.45628604e-03 6.94731530e-03 8.10438674e-03 1.43111441e-02
-8.49856064e-04 -1.24533512e-02 -3.65700433e-03 -7.10043358e-03 7.62990629e-03 -7.81809073e-03 6.05838897e-04 -5.63045358e-03 2.24554984e-04 -4.36809659e-03 7.12392665e-03 2.77796830e-03 4.73491475e-03 3.88972694e-03 4.53746086e-03 8.01243447e-03
3.60777578e-03 6.58021346e-02 1.70863084e-02 3.34548727e-02 -3.53881307e-02 3.61493789e-02 -2.67744064e-03 2.59576067e-02 -1.02689280e-03 2.00870018e-02 -3.27658728e-02 -1.27740819e-02 -2.17742883e-02 -1.78849827e-02 -2.08629631e-02 -3.68403941e-02
2.29172641e-03 4.46510091e-02 1.17418300e-02 2.28818450e-02 -2.43689194e-02 2.49941032e-02 -1.90367014e-03 1.78978443e-02 -7.08649633e-04 1.38773238e-02 -2.26403680e-02 -8.82489048e-03 -1.50430389e-02 -1.23561239e-02 -1.44131668e-02 -2.54510604e-02
-2.90995464e-03 -5.17840646e-02 -1.31910872e-02 -2.55145300e-02 2.72508543e-02 -2.78173219e-02 2.12710234e-03 -1.99988671e-02 7.95358384e-04 -1.54925734e-02 2.52776984e-02 9.85257141e-03 1.67943612e-02 1.37954522e-02 1.60922613e-02 2.84160413e-02
3.32044414e-03 4.64369990e-02 1.27316201e-02 2.53780819e-02 -2.68221591e-02 2.72385087e-02 -2.04309984e-03 1.95444748e-02 -7.67549034e-04 1.50918076e-02 -2.46153437e-02 -9.59772151e-03 -1.63595136e-02 -1.34383664e-02 -1.56754963e-02 -2.76800748e-02
-2.91383080e-03 -5.92535287e-02 -1.52886957e-02 -2.94563081e-02 3.13766263e-02 -3.22348624e-02 2.47717882e-03 -2.31215637e-02 9.19669343e-04 -1.79492664e-02 2.92805322e-02 1.14153894e-02 1.94573905e-02 1.59834661e-02 1.86448786e-02 3.29237804e-02
1.46159506e-03 2.36975607e-02 6.23985892e-03 1.19452020e-02 -1.28631415e-02 1.32445209e-02 -1.03624188e-03 9.52566508e-03 -3.81057558e-04 7.40298443e-03 -1.20738251e-02 -4.70823795e-03 -8.02467111e-03 -6.59254147e-03 -7.69044692e-03 -1.35801528e-02
-2.62637017e-03 -4.37426604e-02 -1.18285157e-02 -2.28113513e-02 2.43930835e-02 -2.50531454e-02 1.91815535e-03 -1.79136936e-02 7.11718516e-04 -1.39025273e-02 2.26764251e-02 8.84168688e-03 1.50705110e-02 1.23799713e-02 1.44413067e-02 2.55008843e-02
-3.78223835e-03 -5.57538904e-02 -1.59269869e-02 -3.06676738e-02 3.29251885e-02 -3.40536535e-02 2.66131503e-03 -2.45151035e-02 9.80243785e-04 -1.90480854e-02 3.10666878e-02 1.21146338e-02 2.06482802e-02 1.69629660e-02 1.97879057e-02 3.49423848e-02
-1.65462866e-03 -1.13674970e-02 -4.04637959e-03 -7.89811090e-03 8.61460529e-03 -9.02368408e-03 7.29293504e-04 -6.51630946e-03 2.63978291e-04 -5.08247688e-03 8.28821398e-03 3.23252287e-03 5.50935231e-03 4.52641770e-03 5.28034195e-03 9.32432245e-03
1.83497719e-03 2.74042487e-02 7.15532666e-03 1.35201309e-02 -1.45397959e-02 1.48708764e-02 -1.11884938e-03 1.06846429e-02 -4.23103775e-04 8.27055145e-03 -1.34917572e-02 -5.25976578e-03 -8.96414835e-03 -7.36391079e-03 -8.59014969e-03 -1.51688205e-02
1.19600882e-04 6.94546290e-03 2.02250760e-03 4.04430833e-03 -4.26513469e-03 4.33950406e-03 -3.20239691e-04 3.11677693e-03 -1.21556470e-04 2.40553031e-03 -3.92526947e-03 -1.52971456e-03 -2.60801753e-03 -2.14167451e-03 -2.49800156e-03 -4.41089831e-03
-8.32762010e-03 -1.30505562e-01 -3.69773582e-02 -7.24440590e-02 7.64011890e-02 -7.88452700e-02 6.08568219e-03 -5.65741844e-02 2.24717380e-03 -4.38413732e-02 7.14962780e-02 2.78808847e-02 4.75215465e-02 3.90394814e-02 4.55406830e-02 8.04171935e-02
3.17149237e-03 5.89465648e-02 1.51078608e-02 2.97372844e-02 -3.10088582e-02 3.16306055e-02 -2.43403134e-03 2.27584373e-02 -9.05381457e-04 1.76782273e-02 -2.88386215e-02 -1.12441136e-02 -1.91629678e-02 -1.57429967e-02 -1.83634702e-02 -3.24263200e-02
-2.68326700e-03 -4.87845726e-02 -1.31259011e-02 -2.60351468e-02 2.75147520e-02 -2.81297117e-02 2.17515975e-03 -2.02475414e-02 8.01338057e-04 -1.56970136e-02 2.56022718e-02 9.98313259e-03 1.70165319e-02 1.39778815e-02 1.63050704e-02 2.87919268e-02
1.37903771e-04 -1.61934865e-03 -1.28383239e-04 -2.01131916e-04 2.26979202e-04 -2.24767442e-04 1.78193568e-05 -1.62598764e-04 6.37089352e-06 -1.23557562e-04 2.01530260e-04 7.85673619e-05 1.33924623e-04 1.10006062e-04 1.28320185e-04 2.26590535e-04
-1.74462819e-03 -2.58312225e-02 -7.50923855e-03 -1.45228179e-02 1.55457780e-02 -1.60183087e-02 1.22655137e-03 -1.14955334e-02 4.56224225e-04 -8.91613122e-03 1.45450225e-02 5.67036821e-03 9.66518559e-03 7.93940295e-03 9.26130917e-03 1.63538940e-02
-4.82938346e-03 -9.59497243e-02 -2.55232714e-02 -4.92119491e-02 5.17258458e-02 -5.28555624e-02 3.97936162e-03 -3.80478576e-02 1.48165412e-03 -2.93602310e-02 4.79163192e-02 1.86723825e-02 3.18326093e-02 2.61420086e-02 3.04917712e-02 5.38416281e-02
1.53120421e-03 2.96165086e-02 7.89359212e-03 1.49876252e-02 -1.59343351e-02 1.63823795e-02 -1.24444219e-03 1.17518594e-02 -4.62662050e-04 9.10175126e-03 -1.48495957e-02 -5.78869600e-03 -9.86808445e-03 -8.10455717e-03 -9.45350993e-03 -1.66930277e-02
-1.47747819e-03 -2.49081664e-02 -6.74171234e-03 -1.30275246e-02 1.38578964e-02 -1.42420800e-02 1.07612170e-03 -1.02537666e-02 4.03983169e-04 -7.92081468e-03 1.29227405e-02 5.03725978e-03 8.58654454e-03 7.05279130e-03 8.22687335e-03 1.45271467e-02
1.93598447e-04 8.85770097e-03 1.99769717e-03 3.95020936e-03 -4.15735133e-03 4.09736717e-03 -2.75511615e-04 2.88349297e-03 -1.08503984e-04 2.21134839e-03 -3.60916113e-03 -1.40565413e-03 -2.39694747e-03 -1.96801615e-03 -2.29536719e-03 -4.05305717e-03
8.51093064e-05 -4.28278727e-04 -6.20686478e-05 -1.57822345e-04 1.35877373e-04 -1.22033925e-04 2.07474432e-06 -6.45947439e-05 1.96387487e-06 -4.85036908e-05 7.97231405e-05 3.07194423e-05 5.24243078e-05 4.29364336e-05 5.00452916e-05 8.83497923e-05
-1.33890717e-03 -3.47297341e-02 -9.46516916e-03 -1.84408762e-02 1.96414199e-02 -2.00627577e-02 1.53336138e-03 -1.43183935e-02 5.65679802e-04 -1.10988896e-02 1.81017518e-02 7.05753546e-03 1.20299654e-02 9.88186337e-03 1.15269367e-02 2.03544628e-02
-1.26929174e-03 -1.85958873e-02 -4.87592071e-03 -1.05304345e-02 1.00932848e-02 -1.01768970e-02 7.52411084e-04 -7.33775459e-03 2.82941677e-04 -5.64099755e-03 9.20203421e-03 3.58728878e-03 6.11492805e-03 5.02220215e-03 5.85805997e-03 1.03441477e-02
-5.42824762e-03 -1.22339949e-01 -2.86342278e-02 -5.61505891e-02 5.88765852e-02 -5.90202957e-02 4.14089300e-03 -4.23975661e-02 1.62527128e-03 -3.26650031e-02 5.32907061e-02 2.07723789e-02 3.54136080e-02 2.90841982e-02 3.39255370e-02 5.99058494e-02
3.35096056e-03 5.55502400e-02 1.49903502e-02 3.00645530e-02 -3.12072448e-02 3.15535255e-02 -2.41061416e-03 2.26862282e-02 -8.99587700e-04 1.76013410e-02 -2.87140999e-02 -1.11940634e-02 -1.90814324e-02 -1.56735070e-02 -1.82828084e-02 -3.22842076e-02
-1.81371742e-03 -3.62381414e-02 -9.04771779e-03 -1.78907905e-02 1.88622475e-02 -1.91054028e-02 1.38618273e-03 -1.37145864e-02 5.35859901e-04 -1.05230585e-02 1.71655659e-02 6.68936688e-03 1.14039788e-02 9.36585665e-03 1.09247332e-02 1.92910098e-02
-1.21282192e-03 -1.47504080e-02 -4.34144167e-03 -8.39764718e-03 8.99443496e-03 -9.29672271e-03 7.20236334e-04 -6.68121176e-03 2.67063995e-04 -5.18766697e-03 8.46041087e-03 3.29927844e-03 5.62330335e-03 4.61971294e-03 5.38907945e-03 9.51629411e-03
-5.34272753e-03 -8.79267603e-02 -2.38844678e-02 -4.61204574e-02 4.91614975e-02 -5.01050130e-02 3.86600313e-03 -3.59937027e-02 1.42891193e-03 -2.79423669e-02 4.55754139e-02 1.77700929e-02 3.02893352e-02 2.48812586e-02 2.90239807e-02 5.12513481e-02
-5.21301804e-03 -8.81181881e-02 -2.35036742e-02 -4.48748022e-02 4.84882221e-02 -4.97771837e-02 3.81692522e-03 -3.58286463e-02 1.42206904e-03 -2.76834276e-02 4.51541394e-02 1.76058896e-02 3.00081149e-02 2.46517714e-02 2.87567712e-02 5.07798567e-02
7.16109760e-04 1.53604681e-02 4.32605250e-03 9.01331287e-03 -9.08009522e-03 9.27883666e-03 -6.85676758e-04 6.62934873e-03 -2.59001652e-04 5.12145786e-03 -8.35149363e-03 -3.25622293e-03 -5.55097172e-03 -4.55914391e-03 -5.31788589e-03 -9.39025544e-03
-7.28946971e-03 -1.22413777e-01 -3.20514031e-02 -6.32748529e-02 6.64088130e-02 -6.84225932e-02 5.17711043e-03 -4.90712337e-02 1.94575801e-03 -3.80716845e-02 6.21031858e-02 2.42114104e-02 4.12675627e-02 3.38998958e-02 3.95444706e-02 6.98289424e-02
-3.27413576e-03 -4.76158895e-02 -1.35856560e-02 -2.63595041e-02 2.82168053e-02 -2.89922729e-02 2.23067962e-03 -2.08221991e-02 8.30001896e-04 -1.61480568e-02 2.63353381e-02 1.02695776e-02 1.75040085e-02 1.43794063e-02 1.67739205e-02 2.96200737e-02
1.06387341e-03 2.56916764e-03 1.01367058e-03 2.05169735e-03 -2.21230998e-03 2.28121737e-03 -1.75024121e-04 1.64020131e-03 -6.53186944e-05 1.27145858e-03 -2.07379367e-03 -8.08599812e-04 -1.37823331e-03 -1.13221433e-03 -1.32075313e-03 -2.33223662e-03
1.12247374e-03 2.05485858e-02 5.65836579e-03 1.10592777e-02 -1.18823526e-02 1.20425671e-02 -9.10199014e-04 8.66913516e-03 -3.38869722e-04 6.69226283e-03 -1.09148920e-02 -4.25578980e-03 -7.25591788e-03 -5.95859811e-03 -6.95008645e-03 -1.22723877e-02
-5.48034068e-03 -8.48736241e-02 -2.29253694e-02 -4.49999794e-02 4.76433076e-02 -4.88779023e-02 3.73480376e-03 -3.51268426e-02 1.39469898e-03 -2.71746889e-02 4.43251655e-02 1.72821097e-02 2.94564739e-02 2.41978224e-02 2.82271691e-02 4.98445928e-02
8.45984323e-04 1.44066475e-02 3.95319890e-03 7.75503181e-03 -8.11729487e-03 8.22415482e-03 -6.15685305e-04 5.92537969e-03 -2.30795456e-04 4.57476079e-03 -7.46522192e-03 -2.90927640e-03 -4.95981937e-03 -4.07319097e-03 -4.75098938e-03 -8.38919729e-03
5.18853718e-04 6.72463514e-03 1.95780024e-03 3.75790847e-03 -4.05562297e-03 4.19612555e-03 -3.30511830e-04 3.02259577e-03 -1.21193261e-04 2.35020695e-03 -3.83286737e-03 -1.49472803e-03 -2.54760939e-03 -2.09296076e-03 -2.44152616e-03 -4.31136461e-03
-7.09360512e-03 -9.66139883e-02 -2.84154378e-02 -5.50978594e-02 5.88214621e-02 -6.07350767e-02 4.75527719e-03 -4.37588282e-02 1.74957421e-03 -3.39697860e-02 5.54001480e-02 2.16042586e-02 3.68225127e-02 3.02508697e-02 3.52888331e-02 6.23146966e-02
-1.08662469e-03 -1.50273023e-02 -4.18463023e-03 -8.09164345e-03 8.66125617e-03 -8.94084107e-03 6.97808631e-04 -6.42793858e-03 2.57215899e-04 -4.99384431e-03 8.14430509e-03 3.17596924e-03 5.41319884e-03 4.44704806e-03 5.18762041e-03 9.16053168e-03
-1.74935465e-03 -2.89059691e-02 -7.84714613e-03 -1.52634718e-02 1.60521809e-02 -1.64513122e-02 1.25088845e-03 -1.18142478e-02 4.63160453e-04 -9.13849566e-03 1.49100423e-02 5.81135042e-03 9.90654342e-03 8.13638233e-03 9.49046481e-03 1.67581830e-02
3.96986346e-04 -1.89370709e-03 -2.82927125e-04 -5.01644216e-04 5.46125346e-04 -5.17927809e-04 3.23871609e-05 -3.63913918e-04 1.34358988e-05 -2.73552694e-04 4.46639810e-04 1.73881650e-04 2.96467042e-04 2.43397357e-04 2.83881556e-04 5.01265167e-04
-1.40072161e-03 -1.98506713e-02 -5.70835685e-03 -1.09317359e-02 1.17542027e-02 -1.20263156e-02 9.41633421e-04 -8.66295956e-03 3.46886984e-04 -6.73302682e-03 1.09806154e-02 4.28223843e-03 7.29859900e-03 5.99610386e-03 6.99472707e-03 1.23516368e-02
3.85257322e-03 6.38729036e-02 1.69861279e-02 3.30170430e-02 -3.51872481e-02 3.60377133e-02 -2.75324215e-03 2.59933714e-02 -1.03032694e-03 2.01288294e-02 -3.28292511e-02 -1.28020011e-02 -2.18200553e-02 -1.79251246e-02 -2.09100917e-02 -3.69239412e-02
1.77647453e-03 4.07620743e-02 9.97373275e-03 1.98792461e-02 -2.11438723e-02 2.13743281e-02 -1.59683020e-03 1.53143462e-02 -6.02932298e-04 1.18204867e-02 -1.92811340e-02 -7.51572987e-03 -1.28110517e-02 -1.05225984e-02 -1.22741153e-02 -2.16736905e-02
