6.05745381e-03 4.94854599e-02 1.38740353e-02 2.97793746e-02 -2.34184247e-02 3.34450230e-02 8.06605909e-03 -1.10860607e-02 5.72193833e-03 1.83647815e-02 -3.33895050e-02 -1.14424871e-02 -8.75398517e-03 -1.11369630e-02 -3.35240029e-02 -2.08851323e-02
5.45738451e-03 4.03226987e-02 1.05824657e-02 2.26062424e-02 -1.78147964e-02 2.53451522e-02 6.11721398e-03 -8.40578880e-03 4.33774060e-03 1.39270565e-02 -2.53162086e-02 -8.67549330e-03 -6.63746335e-03 -8.44399910e-03 -2.54174527e-02 -1.58347767e-02
-5.30901551e-03 -4.63006236e-02 -1.30073652e-02 -2.86296438e-02 2.21644808e-02 -3.17515917e-02 -7.64976954e-03 1.05323447e-02 -5.42856846e-03 -1.74460337e-02 3.17172259e-02 1.08699426e-02 8.31601303e-03 1.05800638e-02 3.18479389e-02 1.98410172e-02
-5.39657474e-03 -3.84985656e-02 -1.02498578e-02 -2.20253617e-02 1.70896593e-02 -2.42469460e-02 -5.83197456e-03 7.98317511e-03 -4.11775196e-03 -1.32244034e-02 2.40428019e-02 8.23719800e-03 6.30275998e-03 8.01714603e-03 2.41315775e-02 1.50335357e-02
-8.40746984e-03 -6.30684793e-02 -1.63240470e-02 -3.58736813e-02 2.78997906e-02 -3.94939966e-02 -9.33945086e-03 1.27519248e-02 -6.59902440e-03 -2.11382750e-02 3.83799188e-02 1.31511129e-02 1.00671118e-02 1.28001673e-02 3.85187753e-02 2.39950549e-02
4.85447329e-03 4.05453816e-02 1.06734950e-02 2.31273565e-02 -1.79348234e-02 2.56922562e-02 6.16353797e-03 -8.45777709e-03 4.36323509e-03 1.40093956e-02 -2.54681818e-02 -8.72775912e-03 -6.67757122e-03 -8.49470682e-03 -2.55697984e-02 -1.59296710e-02
-8.47946480e-03 -7.05727562e-02 -1.91171337e-02 -4.07307483e-02 3.22022215e-02 -4.59566154e-02 -1.10059697e-02 1.51804527e-02 -7.82125071e-03 -2.51499265e-02 4.57219407e-02 1.56695731e-02 1.19873276e-02 1.52519932e-02 4.59121652e-02 2.86029950e-02
-4.27419879e-03 -3.48395631e-02 -9.22753662e-03 -2.03866977e-02 1.55739514e-02 -2.20738091e-02 -5.30242082e-03 7.26035656e-03 -3.75344232e-03 -1.20332614e-02 2.18738690e-02 7.49416370e-03 5.73491305e-03 7.29344087e-03 2.19519250e-02 1.36753833e-02
1.05003510e-02 7.47460946e-02 1.90393440e-02 4.06317189e-02 -3.15133519e-02 4.54038717e-02 1.08941542e-02 -1.50062656e-02 7.74430344e-03 2.48663351e-02 -4.52114828e-02 -1.54904658e-02 -1.18518565e-02 -1.50768394e-02 -4.53822426e-02 -2.82726046e-02
8.04362539e-03 5.98374791e-02 1.56762227e-02 3.28934640e-02 -2.63544731e-02 3.70032527e-02 8.94120708e-03 -1.21513857e-02 6.27131760e-03 2.01010089e-02 -3.65470573e-02 -1.25227505e-02 -9.58303735e-03 -1.21871121e-02 -3.66814658e-02 -2.28514969e-02
6.25507627e-03 5.29675409e-02 1.40341269e-02 3.03597972e-02 -2.38677859e-02 3.38839069e-02 8.14882852e-03 -1.12115014e-02 5.77562209e-03 1.85699761e-02 -3.37596722e-02 -1.15693565e-02 -8.85122828e-03 -1.12607852e-02 -3.38969603e-02 -2.11175364e-02
5.74469194e-03 4.02288288e-02 1.08949672e-02 2.33667754e-02 -1.83210690e-02 2.60256995e-02 6.28070906e-03 -8.62962939e-03 4.44929209e-03 1.42938290e-02 -2.59888116e-02 -8.90647620e-03 -6.81411149e-03 -8.66859034e-03 -2.60932744e-02 -1.62557736e-02
-5.20913117e-03 -3.70220914e-02 -9.96854808e-03 -2.10861769e-02 1.67323649e-02 -2.37604901e-02 -5.71410032e-03 7.86354672e-03 -4.05528676e-03 -1.30279437e-02 2.36851983e-02 8.11680965e-03 6.20986754e-03 7.89999496e-03 2.37798896e-02 1.48146031e-02
-5.62294573e-03 -4.22085971e-02 -1.09556289e-02 -2.32533496e-02 1.83984395e-02 -2.58839373e-02 -6.22717571e-03 8.50180350e-03 -4.40290244e-03 -1.40782259e-02 2.55946647e-02 8.77078343e-03 6.71143411e-03 8.53596255e-03 2.56921705e-02 1.60055384e-02
-2.16058679e-02 -1.27735645e-01 -3.29692625e-02 -6.85402900e-02 5.31328246e-02 -7.61388242e-02 -1.83317084e-02 2.51009837e-02 -1.29773915e-02 -4.15663719e-02 7.55729303e-02 2.59002093e-02 1.98148973e-02 2.52086110e-02 7.58823901e-02 4.72740345e-02
1.02560921e-02 7.90562034e-02 2.02239566e-02 4.23421487e-02 -3.32790986e-02 4.76710051e-02 1.14824520e-02 -1.57079045e-02 8.10441934e-03 2.60228552e-02 -4.73047644e-02 -1.62121207e-02 -1.24013266e-02 -1.57778114e-02 -4.74929810e-02 -2.95877047e-02
3.16932285e-03 2.74046790e-02 7.39864586e-03 1.63409896e-02 -1.26039684e-02 1.79486033e-02 4.31649527e-03 -5.91826206e-03 3.04818270e-03 9.79753956e-03 -1.78117808e-02 -6.10424299e-03 -4.67003277e-03 -5.94140030e-03 -1.78846978e-02 -1.11420285e-02
5.21847047e-03 3.90415825e-02 1.00815622e-02 2.18131132e-02 -1.70718897e-02 2.40889732e-02 5.80260064e-03 -7.94347096e-03 4.10861894e-03 1.31568797e-02 -2.39183102e-02 -8.19532108e-03 -6.27154252e-03 -7.97645655e-03 -2.40071192e-02 -1.49557497e-02
-5.32631204e-03 -4.04622406e-02 -1.03145055e-02 -2.22084448e-02 1.72657445e-02 -2.43966430e-02 -5.89416688e-03 8.00985657e-03 -4.14244179e-03 -1.32678449e-02 2.41194386e-02 8.26279540e-03 6.32319320e-03 8.04138463e-03 2.42028385e-02 1.50776869e-02
-2.65704729e-02 -1.97062150e-01 -5.27744368e-02 -1.12731241e-01 8.98197219e-02 -1.27736032e-01 -3.04534193e-02 4.18523811e-02 -2.15575062e-02 -6.93423972e-02 1.26062915e-01 4.31904346e-02 3.30410451e-02 4.20339741e-02 1.26523584e-01 7.88224339e-02
-2.49763881e-03 -2.03969833e-02 -5.73663879e-03 -1.22478940e-02 9.66285635e-03 -1.38099315e-02 -3.32737435e-03 4.57409723e-03 -2.35638814e-03 -7.57490471e-03 1.37720620e-02 4.71980684e-03 3.61079467e-03 4.59387386e-03 1.38284648e-02 8.61503091e-03
-1.44700091e-02 -1.08618215e-01 -2.88927834e-02 -6.27510995e-02 4.89201210e-02 -6.97227493e-02 -1.67990439e-02 2.30573397e-02 -1.18843885e-02 -3.81927006e-02 6.94408938e-02 2.37967223e-02 1.82068516e-02 2.31614560e-02 6.97172657e-02 4.34328578e-02
-4.49011615e-03 -3.41439694e-02 -8.35325103e-03 -1.81653276e-02 1.40634691e-02 -1.99325085e-02 -4.81473142e-03 6.56364160e-03 -3.39126098e-03 -1.08739305e-02 1.97674632e-02 6.77253073e-03 5.18281665e-03 6.59134705e-03 1.98376998e-02 1.23582277e-02
-1.25298486e-03 9.40557569e-03 3.38211586e-03 7.21984636e-03 -5.89293055e-03 8.51765554e-03 2.05869437e-03 -2.85038142e-03 1.46612176e-03 4.72132070e-03 -8.58438667e-03 -2.94248527e-03 -2.25097849e-03 -2.86421319e-03 -8.62228498e-03 -5.37168421e-03
1.25469943e-03 4.17595264e-03 8.21991067e-04 2.04714620e-03 -1.40969222e-03 1.93028606e-03 4.59002476e-04 -6.20302802e-04 3.21143918e-04 1.02734077e-03 -1.86748395e-03 -6.39619713e-04 -4.89483180e-04 -6.22445252e-04 -1.87341275e-03 -1.16708083e-03
-8.55724514e-03 -7.59472027e-02 -2.07893513e-02 -4.43431698e-02 3.50837447e-02 -4.99528460e-02 -1.20492373e-02 1.65601633e-02 -8.53105914e-03 -2.74236798e-02 4.98579703e-02 1.70874987e-02 1.30730569e-02 1.66314598e-02 5.00634722e-02 3.11890896e-02
-3.76651948e-03 -1.68079808e-02 -3.88274575e-03 -8.53444077e-03 6.45650038e-03 -9.01773665e-03 -2.14914186e-03 2.92981626e-03 -1.51767943e-03 -4.85604629e-03 8.83009378e-03 3.02344607e-03 2.31399061e-03 2.94232299e-03 8.85562878e-03 5.51668787e-03
7.75135239e-04 -8.58034356e-04 4.50263469e-05 2.21889874e-04 -2.81194487e-04 4.30454209e-04 1.16663621e-04 -1.68414437e-04 8.48836207e-05 2.78315769e-04 -5.06351993e-04 -1.74043686e-04 -1.33026406e-04 -1.69525912e-04 -5.10515703e-04 -3.18082079e-04
-1.96509380e-02 -1.44254044e-01 -3.68427411e-02 -7.90135115e-02 6.12180755e-02 -8.71177986e-02 -2.09991243e-02 2.87437681e-02 -1.48313139e-02 -4.76004481e-02 8.65855888e-02 2.96678264e-02 2.26959977e-02 2.88679041e-02 8.68901685e-02 5.41307852e-02
5.01956046e-03 3.78000140e-02 1.02674961e-02 2.22351626e-02 -1.72978137e-02 2.45444942e-02 5.89961419e-03 -8.11914727e-03 4.18788800e-03 1.34497490e-02 -2.44509485e-02 -8.37877020e-03 -6.41047722e-03 -8.15497246e-03 -2.45471019e-02 -1.52925029e-02
6.28068298e-03 5.72643541e-02 1.55391432e-02 3.32630537e-02 -2.62824297e-02 3.76947522e-02 9.08570364e-03 -1.25217503e-02 6.45226846e-03 2.07380187e-02 -3.76995169e-02 -1.29211163e-02 -9.88518074e-03 -1.25773214e-02 -3.78595665e-02 -2.35861316e-02
-4.64360323e-03 -7.16967806e-02 -2.11500097e-02 -4.47439216e-02 3.56334336e-02 -5.13670854e-02 -1.23369861e-02 1.70003474e-02 -8.75546690e-03 -2.81566083e-02 5.11976928e-02 1.75438616e-02 1.34215141e-02 1.70750376e-02 5.13992533e-02 3.20214853e-02
-1.86213583e-03 -5.08895284e-03 -9.32718627e-04 -2.24302476e-03 1.54009415e-03 -2.10117665e-03 -5.00212307e-04 6.78801036e-04 -3.51371302e-04 -1.12341170e-03 2.04157759e-03 6.99664699e-04 5.35421888e-04 6.80908503e-04 2.04943749e-03 1.27674872e-03
-1.66863645e-03 -2.37196311e-02 -6.94640120e-03 -1.47490595e-02 1.17830494e-02 -1.68285053e-02 -4.06902842e-03 5.60297165e-03 -2.88543408e-03 -9.27987974e-03 1.68742854e-02 5.78280725e-03 4.42381576e-03 5.62873436e-03 1.69439726e-02 1.05560357e-02
-6.99072890e-03 -4.53673676e-02 -1.14476420e-02 -2.42989603e-02 1.98229793e-02 -2.75867395e-02 -6.71055913e-03 8.95791315e-03 -4.64346819e-03 -1.48253227e-02 2.69809049e-02 9.23104584e-03 7.06394948e-03 8.98446050e-03 2.70426832e-02 1.68470833e-02
3.66911199e-03 2.97598764e-02 7.59581523e-03 1.63599271e-02 -1.28687052e-02 1.83153450e-02 4.39506443e-03 -6.00974774e-03 3.10406624e-03 9.95790958e-03 -1.81002486e-02 -6.20134221e-03 -4.74589271e-03 -6.03543967e-03 -1.81653034e-02 -1.13164373e-02
2.67848559e-03 2.02562846e-02 5.23421587e-03 1.14147160e-02 -8.82355124e-03 1.25484671e-02 3.01352818e-03 -4.12038434e-03 2.12900504e-03 6.81764167e-03 -1.23957386e-02 -4.24625352e-03 -3.24984686e-03 -4.13242029e-03 -1.24376062e-02 -7.74812838e-03
4.27075103e-03 3.41315158e-02 9.04253684e-03 1.95847619e-02 -1.49806552e-02 2.14988030e-02 5.17652091e-03 -7.09023094e-03 3.65016726e-03 1.17389653e-02 -2.13349797e-02 -7.31212553e-03 -5.59434295e-03 -7.11741671e-03 -2.14245562e-02 -1.33473566e-02
2.84758722e-03 2.29574796e-02 6.47844095e-03 1.37535362e-02 -1.09634390e-02 1.55336540e-02 3.74239427e-03 -5.15708374e-03 2.65658204e-03 8.54240544e-03 -1.55315865e-02 -5.32293459e-03 -4.07215534e-03 -5.18104061e-03 -1.55961132e-02 -9.71629471e-03
-2.12271139e-03 -1.85425784e-02 -4.92714299e-03 -1.06774885e-02 8.30414146e-03 -1.17773395e-02 -2.83970218e-03 3.88694950e-03 -2.00674869e-03 -6.43919781e-03 1.17051266e-02 4.01134510e-03 3.06903664e-03 3.90432356e-03 1.17525449e-02 7.32170418e-03
8.11870792e-04 7.01227924e-03 1.91451900e-03 4.11545485e-03 -3.23042111e-03 4.55259997e-03 1.09363662e-03 -1.50141516e-03 7.74422311e-04 2.48680753e-03 -4.52118088e-03 -1.54925184e-03 -1.18533126e-03 -1.50786736e-03 -4.53882944e-03 -2.82763434e-03
1.85529832e-04 8.20760848e-04 1.90641862e-04 4.21417702e-04 -3.26771842e-04 4.43654979e-04 1.07788641e-04 -1.45260041e-04 7.52121268e-05 2.40493202e-04 -4.37037204e-04 -1.49764252e-04 -1.14599316e-04 -1.45746293e-04 -4.38658491e-04 -2.73268350e-04
4.10720240e-03 3.29722352e-02 8.71320069e-03 1.88662913e-02 -1.48453675e-02 2.10822988e-02 5.04375808e-03 -6.92177285e-03 3.56711331e-03 1.14651760e-02 -2.08439324e-02 -7.14233145e-03 -5.46418270e-03 -6.95167296e-03 -2.09256504e-02 -1.30365007e-02
-1.29622305e-02 -9.46236029e-02 -2.63582468e-02 -5.66264912e-02 4.41683866e-02 -6.26946837e-02 -1.50840068e-02 2.07323432e-02 -1.06949154e-02 -3.43355648e-02 6.24230467e-02 2.13904344e-02 1.63660981e-02 2.08197571e-02 6.26699999e-02 3.90426926e-02
1.82578387e-03 6.61902316e-03 1.13139930e-03 2.42421357e-03 -1.80820108e-03 2.50463164e-03 5.97375794e-04 -8.11069389e-04 4.23287798e-04 1.34146505e-03 -2.43768562e-03 -8.35510786e-04 -6.39635196e-04 -8.13399092e-04 -2.44637276e-03 -1.52395095e-03
-8.29399098e-03 -6.12127967e-02 -1.67367402e-02 -3.56605090e-02 2.82986462e-02 -4.03210223e-02 -9.66785103e-03 1.32595897e-02 -6.84037711e-03 -2.19587088e-02 3.99212353e-02 1.36785703e-02 1.04652662e-02 1.33138364e-02 4.00758982e-02 2.49667596e-02
3.63986799e-03 3.17901820e-02 8.42199661e-03 1.81462076e-02 -1.43826455e-02 2.05413364e-02 4.94006369e-03 -6.78941421e-03 3.49833327e-03 1.12500722e-02 -2.04454735e-02 -7.00667500e-03 -5.36044175e-03 -6.81998907e-03 -2.05295086e-02 -1.27896331e-02
-2.34798901e-03 -1.72331501e-02 -4.67365235e-03 -1.02950390e-02 8.04649480e-03 -1.14611005e-02 -2.74477876e-03 3.77338310e-03 -1.94490945e-03 -6.25129975e-03 1.13616055e-02 3.89362383e-03 2.97889928e-03 3.78971291e-03 1.14073567e-02 7.10662361e-03
-4.85496270e-03 -2.79902183e-02 -7.11257476e-03 -1.63923819e-02 1.21239498e-02 -1.73236001e-02 -4.11674893e-03 5.64460037e-03 -2.91332672e-03 -9.35404655e-03 1.70008447e-02 5.82538592e-03 4.45706630e-03 5.66971907e-03 1.70659814e-02 1.06318248e-02
8.97269137e-03 7.98633844e-02 1.91875231e-02 3.89314033e-02 -3.12881768e-02 4.38563451e-02 1.06192660e-02 -1.44350464e-02 7.44453585e-03 2.39014458e-02 -4.34356816e-02 -1.48842288e-02 -1.13895722e-02 -1.44854179e-02 -4.36046869e-02 -2.71638632e-02
-2.39397143e-03 -9.46224201e-03 -1.98388472e-03 -4.03782027e-03 3.24154017e-03 -4.54145670e-03 -1.10025809e-03 1.49123068e-03 -7.70724437e-04 -2.46928632e-03 4.48884582e-03 1.53801951e-03 1.17683434e-03 1.49696064e-03 4.50595329e-03 2.80711940e-03
-4.00608545e-03 -3.34748998e-02 -8.66772886e-03 -1.87148154e-02 1.45611800e-02 -2.07424797e-02 -4.96928394e-03 6.82773674e-03 -3.52400681e-03 -1.13122184e-02 2.05659345e-02 7.04700174e-03 5.39165316e-03 6.85881451e-03 2.06457544e-02 1.28620043e-02
2.94992281e-03 1.98809747e-02 5.23375906e-03 1.12715922e-02 -8.71833693e-03 1.25065828e-02 2.99980631e-03 -4.11220267e-03 2.12333747e-03 6.81066047e-03 -1.23836007e-02 -4.24276013e-03 -3.24626849e-03 -4.12939629e-03 -1.24296760e-02 -7.74349971e-03
1.16350641e-03 6.32845005e-03 1.56130060e-03 3.37027805e-03 -2.62733409e-03 3.69616365e-03 8.87621311e-04 -1.21625338e-03 6.27796690e-04 2.01466749e-03 -3.66291683e-03 -1.25490245e-03 -9.60184843e-04 -1.22132071e-03 -3.67616629e-03 -2.29018624e-03
3.73500120e-03 2.08449364e-02 5.21228835e-03 1.19697312e-02 -9.03254654e-03 1.26108900e-02 3.02953995e-03 -4.12892504e-03 2.13310239e-03 6.83732983e-03 -1.24284755e-02 -4.25825221e-03 -3.25787999e-03 -4.14421922e-03 -1.24736512e-02 -7.77080841e-03
-6.86086575e-03 -3.74122895e-02 -9.49387159e-03 -2.03971677e-02 1.58507600e-02 -2.26446316e-02 -5.39439591e-03 7.39996182e-03 -3.82000953e-03 -1.22534586e-02 2.22832020e-02 7.63205206e-03 5.83946425e-03 7.42766960e-03 2.23568920e-02 1.39278620e-02
1.65024120e-03 1.15357917e-02 3.01987771e-03 6.69692736e-03 -5.10705914e-03 7.22676096e-03 1.73824758e-03 -2.37532007e-03 1.22817047e-03 3.93558666e-03 -7.15454482e-03 -2.45083100e-03 -1.87575410e-03 -2.38505867e-03 -7.17806164e-03 -4.47165826e-03
-1.89222535e-03 -1.73052140e-02 -4.56664385e-03 -9.88276675e-03 7.78243877e-03 -1.09496722e-02 -2.64461758e-03 3.63048702e-03 -1.87243009e-03 -6.01346651e-03 1.09326551e-02 3.74642084e-03 2.86627607e-03 3.64638842e-03 1.09760808e-02 6.83797384e-03
-1.37983193e-03 -2.55384855e-03 -1.01968551e-04 -2.89826858e-05 -4.53644316e-06 1.03709019e-04 2.53742783e-05 -5.09750789e-05 2.42593560e-05 8.53966994e-05 -1.54040128e-04 -5.34464270e-05 -4.08409942e-05 -5.21256516e-05 -1.57025584e-04 -9.78416429e-05
2.01608957e-04 4.77636373e-03 1.56239874e-03 3.33504402e-03 -2.66856118e-03 3.86232301e-03 9.32292663e-04 -1.29179365e-03 6.64529798e-04 2.13980908e-03 -3.89054045e-03 -1.33356405e-03 -1.02015364e-03 -1.29809824e-03 -3.90769029e-03 -2.43448652e-03
4.56588063e-03 3.97653803e-02 1.09586716e-02 2.32313350e-02 -1.83092821e-02 2.60682106e-02 6.27158536e-03 -8.62455647e-03 4.44489019e-03 1.42858280e-02 -2.59725191e-02 -8.90078954e-03 -6.80939481e-03 -8.66340101e-03 -2.60785986e-02 -1.62467863e-02
9.09565296e-03 6.91950470e-02 1.72016080e-02 3.57148014e-02 -2.86313314e-02 4.07141931e-02 9.73964483e-03 -1.32855857e-02 6.86938688e-03 2.20082607e-02 -4.00307812e-02 -1.37069114e-02 -1.04884300e-02 -1.33392848e-02 -4.01502624e-02 -2.50131283e-02
7.83071667e-03 5.91096878e-02 1.47997569e-02 3.12786587e-02 -2.46765055e-02 3.49928103e-02 8.38728249e-03 -1.14209214e-02 5.91349974e-03 1.89189408e-02 -3.43974642e-02 -1.17836567e-02 -9.02066473e-03 -1.14668282e-02 -3.45073640e-02 -2.14962587e-02
5.63565455e-03 4.32713106e-02 1.14440434e-02 2.47074533e-02 -1.93468109e-02 2.75729988e-02 6.65960368e-03 -9.13937390e-03 4.70693782e-03 1.51352268e-02 -2.75185332e-02 -9.43033770e-03 -7.21445726e-03 -9.17884707e-03 -2.76303124e-02 -1.72135253e-02
-6.96430216e-04 -6.38366258e-03 -1.91391923e-03 -4.13693022e-03 3.30293388e-03 -4.76070307e-03 -1.14781456e-03 1.58678985e-03 -8.16677639e-04 -2.62849964e-03 4.77904826e-03 1.63799711e-03 1.25306635e-03 1.59438362e-03 4.79953084e-03 2.99009192e-03
2.14737444e-03 1.50821256e-02 3.98228131e-03 8.59063398e-03 -6.81326911e-03 9.51337814e-03 2.28935829e-03 -3.12634930e-03 1.61432009e-03 5.17652463e-03 -9.41323582e-03 -3.22448043e-03 -2.46775919e-03 -3.13819642e-03 -9.44577809e-03 -5.88450534e-03
5.38288429e-03 4.18647379e-02 1.13281216e-02 2.41091773e-02 -1.88890938e-02 2.69220881e-02 6.49378076e-03 -8.91941600e-03 4.59372764e-03 1.47733493e-02 -2.68599968e-02 -9.20446217e-03 -7.04169320e-03 -8.95907730e-03 -2.69688927e-02 -1.68014597e-02
-9.34256334e-03 -8.33912492e-02 -2.17643045e-02 -4.75530699e-02 3.65820862e-02 -5.26893809e-02 -1.26228547e-02 1.73332170e-02 -8.93954653e-03 -2.87163202e-02 5.22254072e-02 1.78918447e-02 1.36915259e-02 1.74115226e-02 5.24086654e-02 3.26499231e-02
8.80064210e-04 4.52945940e-03 1.08394260e-03 2.35504983e-03 -1.82292704e-03 2.56046210e-03 6.13211887e-04 -8.39420012e-04 4.33279376e-04 1.39062095e-03 -2.52805185e-03 -8.66201241e-04 -6.62728562e-04 -8.43032147e-04 -2.53756740e-03 -1.58086803e-03
1.40236015e-03 9.81862843e-03 2.59899744e-03 5.54400682e-03 -4.39940393e-03 6.21871185e-03 1.50031992e-03 -2.04762281e-03 1.05830247e-03 3.39329941e-03 -6.16970425e-03 -2.11333553e-03 -1.61737727e-03 -2.05660216e-03 -6.18954655e-03 -3.85584659e-03
-2.65466003e-03 -2.43979953e-02 -6.55531324e-03 -1.36191156e-02 1.07085379e-02 -1.52530866e-02 -3.66565050e-03 5.03053237e-03 -2.59807822e-03 -8.33464321e-03 1.51519217e-02 5.19208191e-03 3.97321209e-03 5.05304150e-03 1.52095733e-02 9.47514828e-03
-6.95716497e-03 -4.86361459e-02 -1.26516670e-02 -2.72774305e-02 2.15101689e-02 -3.03720012e-02 -7.31136790e-03 1.00665130e-02 -5.19018294e-03 -1.66774821e-02 3.03191878e-02 1.03902956e-02 7.94910081e-03 1.01130297e-02 3.04418560e-02 1.89650059e-02
1.79417199e-03 1.85195077e-02 5.03025111e-03 1.08579202e-02 -8.56544171e-03 1.22527843e-02 2.95493985e-03 -4.06407844e-03 2.09355354e-03 6.73183473e-03 -1.22392271e-02 -4.19434719e-03 -3.20876227e-03 -4.08256007e-03 -1.22893602e-02 -7.65619893e-03
-9.66821623e-04 9.97030409e-04 7.98955094e-04 1.73248537e-03 -1.37520232e-03 2.18466693e-03 5.24089846e-04 -7.60716212e-04 3.88726214e-04 1.26197550e-03 -2.29431898e-03 -7.87370896e-04 -6.02026586e-04 -7.66661309e-04 -2.30842875e-03 -1.43823435e-03
-1.60824275e-03 -1.52393747e-02 -4.23222873e-03 -8.95463675e-03 7.12712342e-03 -1.01600038e-02 -2.44566356e-03 3.36747919e-03 -1.73658028e-03 -5.57849789e-03 1.01423478e-02 3.47591774e-03 2.65924446e-03 3.38314776e-03 1.01838121e-02 6.34441571e-03
-3.50107875e-04 -2.98264390e-03 -8.27617594e-04 -1.79779902e-03 1.41876854e-03 -2.01720977e-03 -4.84238291e-04 6.66479755e-04 -3.44109692e-04 -1.10408023e-03 2.00706301e-03 6.87861815e-04 5.26330958e-04 6.69465691e-04 2.01501721e-03 1.25530176e-03
7.45820813e-03 4.95535098e-02 1.26282908e-02 2.78827958e-02 -2.12554373e-02 3.02781817e-02 7.23786699e-03 -9.92547907e-03 5.12307836e-03 1.64448638e-02 -2.99001001e-02 -1.02418158e-02 -7.83755258e-03 -9.96780768e-03 -3.00005600e-02 -1.86894890e-02
-8.20623524e-03 -7.25343153e-02 -1.98361520e-02 -4.14792448e-02 3.33096124e-02 -4.72346954e-02 -1.13780489e-02 1.56721640e-02 -8.07048567e-03 -2.59563550e-02 4.71930727e-02 1.61736868e-02 1.23731419e-02 1.57427117e-02 4.73893844e-02 2.95233782e-02
-3.72887065e-04 -3.45819956e-03 -9.28455323e-04 -1.98320090e-03 1.55063113e-03 -2.21109297e-03 -5.30991296e-04 7.28660263e-04 -3.76262178e-04 -1.20706786e-03 2.19440553e-03 7.51925749e-04 5.75340120e-04 7.31815991e-04 2.20274390e-03 1.37226866e-03
3.91403027e-03 2.95815542e-02 8.17456190e-03 1.75476484e-02 -1.36756590e-02 1.94498952e-02 4.67387075e-03 -6.43373420e-03 3.31804669e-03 1.06584700e-02 -1.93776898e-02 -6.64061448e-03 -5.08050807e-03 -6.46335166e-03 -1.94554701e-02 -1.21205403e-02
-3.18807783e-03 -1.07161403e-02 -2.32673041e-03 -5.37624303e-03 4.01534932e-03 -5.55869611e-03 -1.34251860e-03 1.81449007e-03 -9.38091485e-04 -3.00393929e-03 5.45993494e-03 1.87040295e-03 1.43137679e-03 1.82027475e-03 5.47854090e-03 3.41296126e-03
2.64945347e-03 2.32957602e-02 6.14689989e-03 1.31395245e-02 -1.03122238e-02 1.46122277e-02 3.51742143e-03 -4.79264464e-03 2.47565843e-03 7.93715194e-03 -1.44282039e-02 -4.94394498e-03 -3.78291216e-03 -4.81174979e-03 -1.44834146e-02 -9.02288221e-03
-1.98700512e-03 -1.88053865e-02 -5.46157407e-03 -1.17655210e-02 9.26786102e-03 -1.32991020e-02 -3.19603062e-03 4.41259658e-03 -2.27261567e-03 -7.30970921e-03 1.32897003e-02 4.55494924e-03 3.48456739e-03 4.43358999e-03 1.33462418e-02 8.31465423e-03
-1.85333146e-03 -1.60842538e-02 -4.52393107e-03 -9.68494918e-03 7.67125422e-03 -1.09211504e-02 -2.63207336e-03 3.62481922e-03 -1.86714472e-03 -6.00404572e-03 1.09155001e-02 3.74091696e-03 2.86195264e-03 3.64118419e-03 1.09606758e-02 6.82842406e-03
8.27551074e-03 7.07061365e-02 1.76326632e-02 3.82668748e-02 -2.96580903e-02 4.19588685e-02 1.01546347e-02 -1.38032967e-02 7.12283514e-03 2.28641555e-02 -4.15673926e-02 -1.42416926e-02 -1.08974008e-02 -1.38598494e-02 -4.17189337e-02 -2.59901565e-02
6.96685072e-03 4.38519605e-02 1.09632052e-02 2.36891173e-02 -1.84916034e-02 2.62775850e-02 6.29751105e-03 -8.62973183e-03 4.45590867e-03 1.42991962e-02 -2.60004774e-02 -8.90609156e-03 -6.81503071e-03 -8.66782758e-03 -2.60895435e-02 -1.62532274e-02
-6.73911814e-03 -5.51046319e-02 -1.35686593e-02 -2.90949978e-02 2.28234269e-02 -3.23124677e-02 -7.77719216e-03 1.06788799e-02 -5.50191244e-03 -1.76880024e-02 3.21673378e-02 1.10196397e-02 8.43124092e-03 1.07256267e-02 3.22849527e-02 2.01130304e-02
7.90083408e-03 6.26038238e-02 1.64336301e-02 3.63086313e-02 -2.81725302e-02 3.97359282e-02 9.54131037e-03 -1.30702453e-02 6.74557639e-03 2.16431338e-02 -3.93458903e-02 -1.34837599e-02 -1.03160553e-02 -1.31237740e-02 -3.95031795e-02 -2.46099047e-02
-9.25543811e-03 -5.68617992e-02 -1.43814599e-02 -3.05913184e-02 2.40117274e-02 -3.42884809e-02 -8.24393611e-03 1.13398628e-02 -5.84582752e-03 -1.87850352e-02 3.41581330e-02 1.17044756e-02 8.95461254e-03 1.13920681e-02 3.42918970e-02 2.13635433e-02
2.86552496e-03 1.99112017e-02 5.02834795e-03 1.06541393e-02 -8.43433011e-03 1.20402761e-02 2.89561157e-03 -3.99344042e-03 2.05714069e-03 6.61505572e-03 -1.20273484e-02 -4.12192103e-03 -3.15328431e-03 -4.01204545e-03 -1.20772002e-02 -7.52403634e-03
-7.72023015e-03 -5.85506707e-02 -1.54733788e-02 -3.30927260e-02 2.60409117e-02 -3.71824205e-02 -8.90755467e-03 1.22546321e-02 -6.31762762e-03 -2.02998742e-02 3.69084179e-02 1.26483515e-02 9.67656821e-03 1.23109613e-02 3.70579697e-02 2.30867527e-02
-6.40193466e-03 -4.89945784e-02 -1.34820445e-02 -2.87988465e-02 2.27364004e-02 -3.26309651e-02 -7.85964914e-03 1.08331507e-02 -5.58106229e-03 -1.79442167e-02 3.26266512e-02 1.11815426e-02 8.55411030e-03 1.08833276e-02 3.27612013e-02 2.04100311e-02
-2.68911337e-03 -4.22907621e-02 -1.25898607e-02 -2.66674142e-02 2.12510526e-02 -3.04679349e-02 -7.34942500e-03 1.01338644e-02 -5.21923928e-03 -1.67831983e-02 3.05146370e-02 1.04588345e-02 8.00105277e-03 1.01801921e-02 3.06449924e-02 1.90917123e-02
3.35563999e-03 2.07512826e-02 4.83860215e-03 9.85377189e-03 -7.76548451e-03 1.09432833e-02 2.63998215e-03 -3.59188532e-03 1.85425009e-03 5.94939664e-03 -1.08172782e-02 -3.70577443e-03 -2.83461995e-03 -3.60595877e-03 -1.08542768e-02 -6.76208222e-03
8.80018575e-04 9.94172506e-03 2.69989832e-03 5.85426297e-03 -4.56790905e-03 6.47026394e-03 1.55893387e-03 -2.13304069e-03 1.10149768e-03 3.53365042e-03 -6.42461888e-03 -2.20104191e-03 -1.68434181e-03 -2.14210944e-03 -6.44735992e-03 -4.01652697e-03
-1.50427930e-02 -1.30250126e-01 -3.65785547e-02 -7.91704133e-02 6.18110895e-02 -8.87810439e-02 -2.13130675e-02 2.93978769e-02 -1.51427826e-02 -4.86912318e-02 8.85199532e-02 3.03390566e-02 2.32098158e-02 2.95309909e-02 8.88955966e-02 5.53813651e-02
8.01673345e-03 5.90422228e-02 1.49125755e-02 3.25260609e-02 -2.49575041e-02 3.54403928e-02 8.55627656e-03 -1.17758093e-02 6.06856123e-03 1.95082054e-02 -3.54714207e-02 -1.21565163e-02 -9.29904636e-03 -1.18317856e-02 -3.56146730e-02 -2.21874621e-02
-4.73454595e-03 -4.15993705e-02 -1.03808856e-02 -2.28836872e-02 1.76906921e-02 -2.50151567e-02 -6.01838995e-03 8.27421807e-03 -4.27234918e-03 -1.37052685e-02 2.49164943e-02 8.53882357e-03 6.53326325e-03 8.31047632e-03 2.50145793e-02 1.55836698e-02
3.22718231e-04 2.00047996e-03 4.55568777e-04 9.95546696e-04 -7.81357288e-04 1.08610734e-03 2.59333581e-04 -3.51010007e-04 1.81080643e-04 5.80464897e-04 -1.05510722e-03 -3.61323240e-04 -2.76556297e-04 -3.51609197e-04 -1.05819560e-03 -6.59215264e-04
-3.17704910e-03 -2.32880935e-02 -6.23229938e-03 -1.32847382e-02 1.03746634e-02 -1.47693893e-02 -3.54450708e-03 4.84689418e-03 -2.50370591e-03 -8.02952331e-03 1.46013116e-02 5.00165485e-03 3.82706639e-03 4.86771297e-03 1.46515109e-02 9.12759081e-03
-1.19750192e-02 -8.22485536e-02 -2.11104900e-02 -4.50941399e-02 3.46904360e-02 -4.91470620e-02 -1.18279615e-02 1.61814485e-02 -8.37378949e-03 -2.68022344e-02 4.87447530e-02 1.66952163e-02 1.27769094e-02 1.62469167e-02 4.88972180e-02 3.04610897e-02
3.92054673e-03 3.47642489e-02 9.21308715e-03 1.96104646e-02 -1.53382486e-02 2.19286308e-02 5.27062500e-03 -7.24065769e-03 3.73685267e-03 1.19943554e-02 -2.18090620e-02 -7.47313490e-03 -5.71799232e-03 -7.27317529e-03 -2.18924247e-02 -1.36386193e-02
-3.23851733e-03 -2.41155867e-02 -6.20730361e-03 -1.33360559e-02 1.03653604e-02 -1.47436792e-02 -3.55230761e-03 4.84890211e-03 -2.50448100e-03 -8.02984741e-03 1.46018257e-02 5.00156824e-03 3.82736395e-03 4.86754207e-03 1.46504845e-02 9.12686903e-03
1.83122547e-03 1.30424462e-02 3.37030762e-03 7.19610648e-03 -5.67843672e-03 8.01317580e-03 1.91971264e-03 -2.62220763e-03 1.35610148e-03 4.34437580e-03 -7.89786875e-03 -2.70549185e-03 -2.07042764e-03 -2.63325521e-03 -7.92581029e-03 -4.93759429e-03
4.24448517e-05 -1.04636215e-02 -2.94504547e-03 -6.23701280e-03 4.92019998e-03 -7.05073122e-03 -1.68067054e-03 2.30740500e-03 -1.19008357e-03 -3.82407685e-03 6.95284549e-03 2.38186168e-03 1.82231609e-03 2.31816666e-03 6.97788224e-03 4.34712414e-03
-4.11601039e-03 -4.08222228e-02 -1.12881130e-02 -2.43108161e-02 1.91263203e-02 -2.72344369e-02 -6.50890265e-03 8.96279234e-03 -4.62352484e-03 -1.48499981e-02 2.69931834e-02 9.25010070e-03 7.07714166e-03 9.00339428e-03 2.71007773e-02 1.68833919e-02
-1.57313095e-03 -2.75336765e-03 -3.25881410e-04 -1.22023176e-03 4.42240736e-04 -4.89726197e-04 -1.17481803e-04 1.40916993e-04 -7.77055029e-05 -2.32434395e-04 4.21522564e-04 1.43964746e-04 1.10435300e-04 1.39714044e-04 4.19812190e-04 2.61416892e-04
-1.18138632e-02 -8.41665044e-02 -1.88681334e-02 -4.13009189e-02 3.15869302e-02 -4.37823460e-02 -1.06848553e-02 1.43517079e-02 -7.45581323e-03 -2.37627681e-02 4.32045385e-02 1.48009518e-02 1.13276541e-02 1.44051332e-02 4.33581211e-02 2.70109996e-02
8.78997054e-03 6.56995550e-02 1.72675699e-02 3.84702682e-02 -2.92197466e-02 4.09082882e-02 9.87296924e-03 -1.35340299e-02 6.98505901e-03 2.24213153e-02 -4.07711379e-02 -1.39687611e-02 -1.06886197e-02 -1.35955112e-02 -4.09219153e-02 -2.54936125e-02
-4.97269910e-03 -3.66740078e-02 -9.11843311e-03 -1.99631620e-02 1.54612279e-02 -2.17653643e-02 -5.22421952e-03 7.10658357e-03 -3.66504770e-03 -1.17717441e-02 2.13904716e-02 7.32632959e-03 5.60677145e-03 7.13025546e-03 2.14610305e-02 1.33697549e-02
-2.58688489e-03 -2.45697405e-02 -6.68457709e-03 -1.41252419e-02 1.11136688e-02 -1.59388185e-02 -3.83342616e-03 5.27450629e-03 -2.71677878e-03 -8.73621274e-03 1.58831794e-02 5.44349290e-03 4.16435814e-03 5.29840216e-03 1.59494579e-02 9.93643422e-03
-1.09701855e-02 -8.92577767e-02 -2.34959964e-02 -5.02502546e-02 3.93338837e-02 -5.56125231e-02 -1.33802006e-02 1.84096601e-02 -9.49538685e-03 -3.04993112e-02 5.54483868e-02 1.90015435e-02 1.45374909e-02 1.84944551e-02 5.56706339e-02 3.46821621e-02
-1.41307032e-02 -1.28591046e-01 -3.28980796e-02 -6.91694990e-02 5.50113358e-02 -7.82849565e-02 -1.87833663e-02 2.57973708e-02 -1.32893762e-02 -4.27070037e-02 7.76513517e-02 2.66077109e-02 2.03562900e-02 2.58977506e-02 7.79555514e-02 4.85655405e-02
1.81195047e-03 2.09034700e-02 5.72394719e-03 1.30694248e-02 -9.71764419e-03 1.38193592e-02 3.31229833e-03 -4.52943798e-03 2.34025624e-03 7.50544993e-03 -1.36371218e-02 -4.67344280e-03 -3.57612339e-03 -4.54854686e-03 -1.36904996e-02 -8.52881093e-03
-1.52482297e-02 -1.31337121e-01 -3.32695432e-02 -7.27573186e-02 5.61079010e-02 -8.02937225e-02 -1.93535965e-02 2.65090447e-02 -1.36760520e-02 -4.39170860e-02 7.98486322e-02 2.73593981e-02 2.09314730e-02 2.66287364e-02 8.01558048e-02 4.99362051e-02
-9.42303240e-03 -7.21669123e-02 -1.91989467e-02 -4.11610380e-02 3.22449952e-02 -4.57691103e-02 -1.09867407e-02 1.50585035e-02 -7.76340859e-03 -2.49417312e-02 4.53392603e-02 1.55373961e-02 1.18876547e-02 1.51223084e-02 4.55194861e-02 2.83580702e-02
1.46503886e-03 9.33772698e-03 2.47300672e-03 5.32281538e-03 -4.24295943e-03 5.95841883e-03 1.42503448e-03 -1.94766023e-03 1.00440509e-03 3.22510372e-03 -5.86354919e-03 -2.00888910e-03 -1.53704116e-03 -1.95527123e-03 -5.88550232e-03 -3.66658205e-03
2.98867375e-03 2.23066080e-02 6.04270957e-03 1.30428504e-02 -1.03232665e-02 1.45779559e-02 3.50843742e-03 -4.81907045e-03 2.48757657e-03 7.98220001e-03 -1.45088136e-02 -4.97248676e-03 -3.80511652e-03 -4.83962987e-03 -1.45669207e-02 -9.07490961e-03
-6.98756240e-03 -5.21692447e-02 -1.34369526e-02 -2.93960255e-02 2.27931403e-02 -3.24466042e-02 -7.79119181e-03 1.07018156e-02 -5.51335234e-03 -1.77219566e-02 3.22211906e-02 1.10413358e-02 8.44703522e-03 1.07465470e-02 3.23489495e-02 2.01531257e-02
2.57606991e-03 1.73131675e-02 4.64555109e-03 1.01109231e-02 -7.74763757e-03 1.08950064e-02 2.63106846e-03 -3.59835150e-03 1.86066516e-03 5.96047984e-03 -1.08382460e-02 -3.71277286e-03 -2.84117297e-03 -3.61333392e-03 -1.08755240e-02 -6.77514076e-03
8.76277394e-04 7.04274327e-03 1.95453339e-03 4.22941893e-03 -3.33506311e-03 4.76940069e-03 1.14741479e-03 -1.58199621e-03 8.15059640e-04 2.62060971e-03 -4.76460345e-03 -1.63287786e-03 -1.24919484e-03 -1.58934039e-03 -4.78425110e-03 -2.98055774e-03
-1.28043173e-02 -1.16038375e-01 -3.22695412e-02 -6.91478178e-02 5.40903881e-02 -7.73820505e-02 -1.86198708e-02 2.56665610e-02 -1.32208355e-02 -4.25095148e-02 7.72854760e-02 2.64866520e-02 2.02631019e-02 2.57807244e-02 7.76056126e-02 4.83478457e-02
-2.46638432e-03 -1.73197296e-02 -4.56761615e-03 -1.00172004e-02 7.77021796e-03 -1.10956030e-02 -2.66431528e-03 3.66853061e-03 -1.88965746e-03 -6.07694220e-03 1.10478308e-02 3.78627283e-03 2.89659109e-03 3.68533703e-03 1.10936482e-02 6.91127731e-03
-4.01589926e-03 -2.69097239e-02 -7.12800678e-03 -1.53899174e-02 1.19189378e-02 -1.69878583e-02 -4.08060756e-03 5.60636213e-03 -2.89560389e-03 -9.28841904e-03 1.68874431e-02 5.78572089e-03 4.42702835e-03 5.63089643e-03 1.69484131e-02 1.05584590e-02
-2.15518870e-04 -5.23432670e-03 -1.50653161e-03 -3.19835404e-03 2.55872263e-03 -3.64920846e-03 -8.76765349e-04 1.20665296e-03 -6.21634885e-04 -1.99837540e-03 3.63331311e-03 1.24507211e-03 9.52540315e-04 1.21185323e-03 3.64789227e-03 2.27260706e-03
-4.87514492e-03 -3.50595079e-02 -9.72106773e-03 -2.07653586e-02 1.64073762e-02 -2.32548025e-02 -5.60646364e-03 7.72993267e-03 -3.98110785e-03 -1.28035778e-02 2.32791025e-02 7.97853991e-03 6.10361854e-03 7.76595250e-03 2.33775470e-02 1.45641202e-02
6.95262477e-03 5.85662536e-02 1.49958208e-02 3.23080309e-02 -2.52778903e-02 3.58684361e-02 8.67589936e-03 -1.18886866e-02 6.13210117e-03 1.96854770e-02 -3.57912742e-02 -1.22662419e-02 -9.38413665e-03 -1.19387405e-02 -3.59375626e-02 -2.23888326e-02
6.56635454e-03 5.60540482e-02 1.35708302e-02 3.04941498e-02 -2.36316249e-02 3.30031551e-02 7.90110789e-03 -1.07880132e-02 5.56635670e-03 1.78740397e-02 -3.24826613e-02 -1.11282300e-02 -8.51448067e-03 -1.08298752e-02 -3.25968824e-02 -2.03070845e-02
