1.69135667e-02 2.54686996e-02 4.50294837e-03 2.19925884e-02 5.42614749e-03 9.15319845e-03 2.94741616e-02 -2.29393635e-02 -3.39004269e-04 -5.63947205e-03 -1.68622639e-02 -3.86867276e-03 -1.10150743e-02 7.40703952e-04 -2.81260237e-02 1.03609152e-02
-1.16264848e-02 -2.16844752e-02 -4.04386874e-03 -1.93459745e-02 -4.84728673e-03 -8.20593070e-03 -2.64326986e-02 2.06329320e-02 3.12211836e-04 5.07872785e-03 1.51852528e-02 3.48431175e-03 9.92222410e-03 -6.67371147e-04 2.53374167e-02 -9.33396351e-03
-1.95573010e-02 -3.10461130e-02 -5.49434219e-03 -2.75747664e-02 -6.63492875e-03 -1.12159979e-02 -3.60676870e-02 2.81329099e-02 4.19890624e-04 6.90906867e-03 2.06551477e-02 4.73904656e-03 1.34941945e-02 -9.07426642e-04 3.44562456e-02 -1.26928696e-02
-1.47082433e-02 -2.12816838e-02 -3.63504747e-03 -1.79366469e-02 -4.38300753e-03 -7.38400221e-03 -2.37204004e-02 1.84803531e-02 2.77069630e-04 4.53713955e-03 1.35644954e-02 3.11152497e-03 8.85991566e-03 -5.95756457e-04 2.26227306e-02 -8.33359826e-03
-3.23231593e-02 -4.93137278e-02 -8.14299751e-03 -4.10338491e-02 -9.98312701e-03 -1.68337338e-02 -5.33249415e-02 4.16816212e-02 6.06590242e-04 1.02027822e-02 3.04361116e-02 6.98380079e-03 1.98834576e-02 -1.33596105e-03 5.07635511e-02 -1.86975207e-02
1.55485002e-02 2.57549882e-02 4.22113948e-03 2.10294053e-02 5.10282908e-03 8.64489283e-03 2.76785437e-02 -2.15583164e-02 -3.18707171e-04 -5.28833410e-03 -1.58070344e-02 -3.62656894e-03 -1.03257401e-02 6.94211223e-04 -2.63641886e-02 9.71166510e-03
-1.87620968e-02 -2.90396847e-02 -4.68868297e-03 -2.31390800e-02 -5.71161415e-03 -9.59730428e-03 -3.05521488e-02 2.38045361e-02 3.53665702e-04 5.85836498e-03 1.75065435e-02 4.01568273e-03 1.14336526e-02 -7.68794445e-04 2.91952975e-02 -1.07544651e-02
-1.22792497e-02 -1.92338526e-02 -3.10504483e-03 -1.59631390e-02 -3.77573515e-03 -6.33095810e-03 -2.02951226e-02 1.57588907e-02 2.27684941e-04 3.87291820e-03 1.15686394e-02 2.65330705e-03 7.55282491e-03 -5.07380173e-04 1.92805082e-02 -7.10130762e-03
1.38536207e-02 1.84548758e-02 2.59849522e-03 1.30042471e-02 3.11367214e-03 5.30015118e-03 1.69313159e-02 -1.31878015e-02 -1.92329127e-04 -3.24569643e-03 -9.70103405e-03 -2.22421857e-03 -6.33222703e-03 4.25565522e-04 -1.61658656e-02 5.95470099e-03
2.09256932e-02 3.18605602e-02 5.21875406e-03 2.52654217e-02 6.34358032e-03 1.05887800e-02 3.41502354e-02 -2.66840272e-02 -3.86470463e-04 -6.47078734e-03 -1.93448383e-02 -4.43812320e-03 -1.26348836e-02 8.49161530e-04 -3.22567560e-02 1.18815536e-02
1.26177790e-02 2.04226561e-02 3.37959058e-03 1.66670624e-02 4.10823571e-03 6.89538335e-03 2.21341681e-02 -1.72807425e-02 -2.60042725e-04 -4.24145442e-03 -1.26798702e-02 -2.90907780e-03 -8.28369800e-03 5.57072461e-04 -2.11519506e-02 7.79194618e-03
1.51309930e-02 2.15275511e-02 3.76724824e-03 1.83687676e-02 4.53999499e-03 7.64443539e-03 2.46273056e-02 -1.92029364e-02 -2.89264077e-04 -4.71997634e-03 -1.41153987e-02 -3.23886331e-03 -9.22232494e-03 6.20186620e-04 -2.35490259e-02 8.67491867e-03
-1.56191112e-02 -2.19284743e-02 -3.62365018e-03 -1.75911039e-02 -4.38375119e-03 -7.35239638e-03 -2.35954523e-02 1.83874443e-02 2.74226215e-04 4.52266913e-03 1.35203404e-02 3.10197147e-03 8.83176830e-03 -5.93818957e-04 2.25503836e-02 -8.30686186e-03
-1.47804730e-02 -2.24953145e-02 -3.66001436e-03 -1.79660935e-02 -4.45503462e-03 -7.44664157e-03 -2.39226911e-02 1.86213627e-02 2.66783580e-04 4.55605192e-03 1.36196706e-02 3.12500913e-03 8.89670476e-03 -5.97966660e-04 2.27141865e-02 -8.36667605e-03
-6.64076880e-02 -9.39278528e-02 -1.61225144e-02 -7.76226595e-02 -1.91612225e-02 -3.25601548e-02 -1.04716122e-01 8.16341192e-02 1.21999637e-03 2.00616643e-02 6.00007959e-02 1.37684122e-02 3.92077714e-02 -2.63725827e-03 1.00121789e-01 -3.68838385e-02
2.78256387e-02 4.49785031e-02 7.64255179e-03 3.64621989e-02 9.10555758e-03 1.54760294e-02 4.97797355e-02 -3.87840234e-02 -5.88888885e-04 -9.54444334e-03 -2.85406262e-02 -6.54943241e-03 -1.86492838e-02 1.25446729e-03 -4.76244390e-02 1.75444484e-02
3.27062560e-03 4.61351406e-03 7.75967841e-04 3.88331106e-03 9.36797180e-04 1.58109528e-03 5.07644238e-03 -3.96573497e-03 -5.98599181e-05 -9.71073459e-04 -2.90374621e-03 -6.66283944e-04 -1.89735298e-03 1.27619700e-04 -4.84508183e-03 1.78487471e-03
1.41163077e-02 2.12342292e-02 3.43571533e-03 1.70688052e-02 4.18163883e-03 6.99514337e-03 2.24999394e-02 -1.75413098e-02 -2.51338206e-04 -4.29210113e-03 -1.28261652e-02 -2.94216536e-03 -8.37618113e-03 5.62708417e-04 -2.13833470e-02 7.87592772e-03
-1.30486107e-02 -1.94600932e-02 -3.16010835e-03 -1.55846281e-02 -3.81429307e-03 -6.41547609e-03 -2.06757076e-02 1.60670448e-02 2.36918306e-04 3.93843977e-03 1.17721101e-02 2.70050671e-03 7.68892840e-03 -5.16941480e-04 1.96317956e-02 -7.23168999e-03
-8.26403797e-02 -1.20457970e-01 -2.18524970e-02 -1.04445763e-01 -2.63042338e-02 -4.45425734e-02 -1.42489478e-01 1.11369647e-01 1.70232693e-03 2.74014976e-02 8.19386989e-02 1.88001916e-02 5.35344817e-02 -3.60098481e-03 1.36709437e-01 -5.03624380e-02
-7.11620227e-03 -1.05972942e-02 -1.91055378e-03 -9.25326999e-03 -2.29956117e-03 -3.88718187e-03 -1.25039928e-02 9.76039469e-03 1.47112718e-04 2.39462242e-03 7.16084940e-03 1.64302404e-03 4.67852177e-03 -3.14661185e-04 1.19467955e-02 -4.40101186e-03
-1.88920870e-02 -2.73607075e-02 -4.33245720e-03 -2.17161626e-02 -5.26090199e-03 -8.84908531e-03 -2.84537096e-02 2.21356340e-02 3.32365395e-04 5.43648330e-03 1.62561666e-02 3.72972898e-03 1.06197614e-02 -7.14074122e-04 2.71164216e-02 -9.98890493e-03
-1.51704168e-02 -2.35381052e-02 -3.39593901e-03 -1.72125753e-02 -4.13618609e-03 -6.92732632e-03 -2.23537330e-02 1.73246115e-02 2.47431366e-04 4.23643645e-03 1.26538742e-02 2.90208193e-03 8.25997163e-03 -5.54555503e-04 2.10840385e-02 -7.76489452e-03
-9.19090584e-03 -1.07985353e-02 -1.56294461e-03 -8.22067726e-03 -1.90905575e-03 -3.23569146e-03 -1.03231445e-02 8.05760827e-03 1.20244273e-04 1.98131124e-03 5.92211029e-03 1.35851873e-03 3.86738544e-03 -2.60019238e-04 9.87536646e-03 -3.63774342e-03
4.51767817e-03 6.56428235e-03 1.03251438e-03 5.51495887e-03 1.27487432e-03 2.13077851e-03 6.81913132e-03 -5.30986115e-03 -7.90215490e-05 -1.30229886e-03 -3.89317074e-03 -8.93104414e-04 -2.54300749e-03 1.71003005e-04 -6.49327086e-03 2.39196536e-03
-2.34681629e-02 -3.76271307e-02 -6.32678485e-03 -3.06957364e-02 -7.62864249e-03 -1.28353853e-02 -4.13302518e-02 3.22582647e-02 4.86228295e-04 7.91141391e-03 2.36571319e-02 5.42849256e-03 1.54578257e-02 -1.03959790e-03 3.94712798e-02 -1.45405512e-02
-6.68142131e-03 -8.81467387e-03 -1.25359104e-03 -6.67822454e-03 -1.56407384e-03 -2.59281136e-03 -8.24837387e-03 6.39132503e-03 8.88681825e-05 1.56608177e-03 4.67877276e-03 1.07180467e-03 3.05053475e-03 -2.04780983e-04 7.78574077e-03 -2.86721718e-03
5.23662381e-03 6.68531749e-03 6.33972581e-04 3.50583578e-03 7.86435092e-04 1.32362230e-03 4.11999319e-03 -3.19457590e-03 -4.46936829e-05 -7.83958531e-04 -2.34063319e-03 -5.36286389e-04 -1.52645446e-03 1.02544953e-04 -3.89627879e-03 1.43510406e-03
-6.13196678e-02 -8.77767727e-02 -1.35683389e-02 -6.73156381e-02 -1.63241327e-02 -2.74973251e-02 -8.84862542e-02 6.88474327e-02 1.02117693e-03 1.68776754e-02 5.05037867e-02 1.15868533e-02 3.29742990e-02 -2.21659057e-03 8.41875970e-02 -3.10113002e-02
1.12964232e-02 1.67532284e-02 2.75742612e-03 1.38761392e-02 3.34895798e-03 5.60100377e-03 1.79550517e-02 -1.40214069e-02 -2.05270262e-04 -3.43751931e-03 -1.02721229e-02 -2.35627242e-03 -6.70799380e-03 4.50850086e-04 -1.71261746e-02 6.30834792e-03
1.60305537e-02 2.73374654e-02 4.58945241e-03 2.23011896e-02 5.53073501e-03 9.35485121e-03 3.01028751e-02 -2.35401690e-02 -3.48687288e-04 -5.76693658e-03 -1.72351040e-02 -3.95484827e-03 -1.12619800e-02 7.57153321e-04 -2.87579726e-02 1.05931554e-02
-4.14116308e-02 -7.47238696e-02 -1.39166052e-02 -6.56029060e-02 -1.65421143e-02 -2.82095969e-02 -9.04791430e-02 7.07631856e-02 1.07909762e-03 1.73966382e-02 5.20331562e-02 1.19386474e-02 3.39969136e-02 -2.28685932e-03 8.68157968e-02 -3.19823809e-02
4.77636186e-03 9.38408729e-03 1.80986605e-03 8.80888291e-03 2.16719764e-03 3.67016392e-03 1.17958896e-02 -9.22281109e-03 -1.40376287e-04 -2.26797815e-03 -6.78277342e-03 -1.55651825e-03 -4.43260279e-03 2.98160157e-04 -1.13193253e-02 4.16993583e-03
-3.71289090e-03 -3.05869547e-03 -1.87269950e-04 -1.07551657e-03 -2.58116837e-04 -3.92785791e-04 -1.30068255e-03 9.84921353e-04 1.34324564e-05 2.37988075e-04 7.12633599e-04 1.63153542e-04 4.64412908e-04 -3.12261072e-05 1.18574570e-03 -4.36801260e-04
-2.17461810e-02 -3.11167650e-02 -5.05853258e-03 -2.44572964e-02 -6.22763857e-03 -1.03866234e-02 -3.36111300e-02 2.59295180e-02 3.77907272e-04 6.32894505e-03 1.89360194e-02 4.34005447e-03 1.23591833e-02 -8.31226003e-04 3.15589681e-02 -1.16258971e-02
9.39195603e-03 1.54593550e-02 2.53160088e-03 1.23804240e-02 3.06573161e-03 5.17779822e-03 1.65987723e-02 -1.29270870e-02 -1.91576575e-04 -3.17326165e-03 -9.48241167e-03 -2.17529153e-03 -6.19354984e-03 4.16315743e-04 -1.58129092e-02 5.82473446e-03
-3.43312277e-03 -7.84759317e-03 -1.52561278e-03 -7.37533346e-03 -1.83417555e-03 -3.11255339e-03 -1.00038406e-02 7.84135610e-03 1.17964752e-04 1.92070391e-03 5.74387982e-03 1.31788442e-03 3.75284138e-03 -2.52399506e-04 9.58296657e-03 -3.53019778e-03
2.43630307e-03 2.71125138e-03 3.29628267e-04 1.91577058e-03 4.28222673e-04 7.21112592e-04 2.31326441e-03 -1.80111965e-03 -2.64274695e-05 -4.36300150e-04 -1.30222621e-03 -2.98791798e-04 -8.50887853e-04 5.72140816e-05 -2.17258185e-03 8.00331996e-04
-2.92498851e-03 -5.81805501e-03 -1.18462287e-03 -5.55746350e-03 -1.40618486e-03 -2.38481513e-03 -7.67574785e-03 6.00064732e-03 9.19884842e-05 1.47789181e-03 4.42055846e-03 1.01439876e-03 2.88883434e-03 -1.94331864e-04 7.37727154e-03 -2.71774270e-03
7.41553085e-04 2.36730231e-03 5.23283845e-04 2.44173501e-03 6.19087950e-04 1.05537428e-03 3.39815975e-03 -2.65755854e-03 -4.08288433e-05 -6.54713600e-04 -1.95835042e-03 -4.49402170e-04 -1.27984013e-03 8.60968648e-05 -3.26838344e-03 1.20405608e-03
2.89705535e-03 4.34095319e-03 7.48410937e-04 3.72167910e-03 9.15681652e-04 1.52945507e-03 4.90592746e-03 -3.82603775e-03 -5.66598646e-05 -9.38215875e-04 -2.80477363e-03 -6.43400941e-04 -1.83191418e-03 1.23160571e-04 -4.67728311e-03 1.72294572e-03
9.08977352e-04 1.17585505e-03 1.89309634e-04 9.50065092e-04 2.32653372e-04 3.85176128e-04 1.24528469e-03 -9.67374013e-04 -1.41839528e-05 -2.36662818e-04 -7.07228028e-04 -1.62287673e-04 -4.62040858e-04 3.10628711e-05 -1.17975159e-03 4.34570917e-04
1.61404945e-02 2.48165485e-02 3.96195333e-03 1.96982492e-02 4.83333739e-03 8.12039152e-03 2.58997399e-02 -2.01699156e-02 -3.00669053e-04 -4.94553149e-03 -1.47827938e-02 -3.39066889e-03 -9.65406280e-03 6.49163325e-04 -2.46505309e-02 9.08061862e-03
-2.27488037e-02 -3.45267989e-02 -6.40353234e-03 -3.10729537e-02 -7.68315000e-03 -1.29812127e-02 -4.17291522e-02 3.26235108e-02 4.94702137e-04 8.01896304e-03 2.39815619e-02 5.50268590e-03 1.56704597e-02 -1.05407380e-03 4.00167108e-02 -1.47417942e-02
8.35734536e-04 1.30595569e-03 2.31949482e-04 1.10846455e-03 2.76272185e-04 4.68256709e-04 1.50487095e-03 -1.17846183e-03 -1.74423494e-05 -2.88950716e-04 -8.63913796e-04 -1.98272537e-04 -5.64539980e-04 3.79420962e-05 -1.44146197e-03 5.30972611e-04
-2.02561356e-02 -2.94358339e-02 -5.12456568e-03 -2.49179285e-02 -6.21859124e-03 -1.04923137e-02 -3.35885584e-02 2.62152478e-02 3.87433683e-04 6.41894853e-03 1.91883761e-02 4.40119347e-03 1.25323189e-02 -8.42679874e-04 3.20003927e-02 -1.17879715e-02
9.56518576e-03 1.52070839e-02 2.41934415e-03 1.18607860e-02 2.94670509e-03 4.96343244e-03 1.59229003e-02 -1.23895807e-02 -1.84784833e-04 -3.04453401e-03 -9.08907317e-03 -2.08503217e-03 -5.93717489e-03 3.99213546e-04 -1.51606891e-02 5.58454683e-03
-6.74807094e-03 -1.08997431e-02 -2.02071015e-03 -9.81981028e-03 -2.43064784e-03 -4.11457662e-03 -1.31867193e-02 1.03061451e-02 1.56798662e-04 2.53463793e-03 7.57767446e-03 1.73882465e-03 4.95163584e-03 -3.33064963e-04 1.26447724e-02 -4.65819333e-03
-9.29657184e-03 -1.11244870e-02 -1.60642073e-03 -8.88068974e-03 -1.97366928e-03 -3.33697698e-03 -1.05522210e-02 8.20856728e-03 1.21930578e-04 2.01760046e-03 6.02728687e-03 1.38271332e-03 3.93696548e-03 -2.64729111e-04 1.00526055e-02 -3.70310969e-03
2.19428129e-02 3.85227278e-02 6.15748251e-03 2.89141927e-02 7.32383877e-03 1.23484638e-02 3.98026183e-02 -3.10594030e-02 -4.72999149e-04 -7.62969628e-03 -2.28143111e-02 -5.23523754e-03 -1.49088595e-02 1.00288528e-03 -3.80724147e-02 1.40254619e-02
1.23029575e-02 2.18259841e-02 4.05081501e-03 1.90607850e-02 4.83480096e-03 8.20273347e-03 2.64305901e-02 -2.06320751e-02 -3.15005862e-04 -5.07733831e-03 -1.51859261e-02 -3.48470965e-03 -9.92391165e-03 6.67574350e-04 -2.53427923e-02 9.33611020e-03
-9.58530698e-03 -1.52024897e-02 -2.31706817e-03 -1.16224987e-02 -2.80273869e-03 -4.71294904e-03 -1.50406398e-02 1.16932811e-02 1.69138657e-04 2.87142792e-03 8.58049653e-03 1.96769228e-03 5.60176792e-03 -3.76426033e-04 1.43010030e-02 -5.26748830e-03
7.38167297e-03 1.06268218e-02 1.74718630e-03 8.68596602e-03 2.10438063e-03 3.57149076e-03 1.14354640e-02 -8.91540572e-03 -1.30834407e-04 -2.18428113e-03 -6.53092889e-03 -1.49787287e-03 -4.26484505e-03 2.86731112e-04 -1.08891558e-02 4.01118817e-03
1.82421459e-03 2.53445515e-03 3.77409859e-04 1.91847899e-03 4.63881646e-04 7.70831248e-04 2.46957666e-03 -1.92404620e-03 -2.80654403e-05 -4.70907689e-04 -1.40742282e-03 -3.22748936e-04 -9.18821956e-04 6.17578553e-05 -2.34576571e-03 8.64070433e-04
2.85437494e-03 4.11968259e-03 8.33533064e-04 3.98179702e-03 9.93365073e-04 1.68450619e-03 5.41976374e-03 -4.23597591e-03 -6.44642714e-05 -1.04184216e-03 -3.11571965e-03 -7.14943046e-04 -2.03591166e-03 1.36942326e-04 -5.19904681e-03 1.91526872e-03
-9.29475483e-03 -1.13570448e-02 -1.65083352e-03 -8.49800836e-03 -2.03823741e-03 -3.43704433e-03 -1.08822603e-02 8.52967706e-03 1.20216668e-04 2.07198178e-03 6.19357452e-03 1.41897879e-03 4.03831666e-03 -2.71243538e-04 1.03088357e-02 -3.79679375e-03
4.92544891e-03 6.65577594e-03 1.10214890e-03 5.61264157e-03 1.33743405e-03 2.24636891e-03 7.21438555e-03 -5.62313758e-03 -8.18224144e-05 -1.37730397e-03 -4.11526579e-03 -9.43873834e-04 -2.68685515e-03 1.80520350e-04 -6.85903104e-03 2.52637547e-03
-4.31863405e-03 -7.18506845e-03 -1.21004251e-03 -5.92017593e-03 -1.46704714e-03 -2.45450926e-03 -7.91139249e-03 6.17121207e-03 9.29814341e-05 1.51656417e-03 4.53481264e-03 1.04048208e-03 2.96283863e-03 -1.99271963e-04 7.56577076e-03 -2.78711389e-03
2.08505918e-03 3.41943745e-03 5.66374278e-04 2.70280382e-03 6.79214892e-04 1.14670186e-03 3.69123253e-03 -2.87949899e-03 -4.36479131e-05 -7.07798696e-04 -2.11737677e-03 -4.85779427e-04 -1.38337864e-03 9.30575407e-05 -3.53271537e-03 1.30142889e-03
9.19155404e-03 1.49592226e-02 2.72510876e-03 1.28801465e-02 3.24874511e-03 5.49892243e-03 1.76592730e-02 -1.37695223e-02 -2.09461752e-04 -3.38665489e-03 -1.01283435e-02 -2.32392433e-03 -6.61756797e-03 4.45130194e-04 -1.68988798e-02 6.22540154e-03
1.22396275e-02 2.04102900e-02 3.55046196e-03 1.72769520e-02 4.28170059e-03 7.21094618e-03 2.31601037e-02 -1.80557333e-02 -2.71504454e-04 -4.43683984e-03 -1.32663725e-02 -3.04369326e-03 -8.66704620e-03 5.82906418e-04 -2.21315268e-02 8.15289374e-03
1.70289762e-02 2.62284577e-02 3.93566582e-03 1.88972596e-02 4.76039806e-03 8.02840851e-03 2.56446991e-02 -1.99339166e-02 -2.90811993e-04 -4.88460483e-03 -1.46084055e-02 -3.34841874e-03 -9.53305047e-03 6.40895043e-04 -2.43381690e-02 8.96559469e-03
1.76769979e-02 2.74614431e-02 4.26937779e-03 2.08324995e-02 5.15261805e-03 8.67925677e-03 2.77856924e-02 -2.16233060e-02 -3.09803028e-04 -5.28712524e-03 -1.58000030e-02 -3.62440152e-03 -1.03160739e-02 6.92713482e-04 -2.63311043e-02 9.69766732e-03
2.62160338e-02 3.93768474e-02 6.68294169e-03 3.25240716e-02 8.03881418e-03 1.35818347e-02 4.37766388e-02 -3.41415778e-02 -5.19231486e-04 -8.38701986e-03 -2.50838716e-02 -5.75536257e-03 -1.63896605e-02 1.10246427e-03 -4.18534875e-02 1.54184811e-02
1.52257178e-03 3.09861335e-03 5.92515455e-04 2.84038833e-03 7.09275424e-04 1.20194594e-03 3.86030390e-03 -3.01231956e-03 -4.54987312e-05 -7.40775024e-04 -2.21506250e-03 -5.08192519e-04 -1.44708459e-03 9.73141650e-05 -3.69507261e-03 1.36118184e-03
4.98713227e-03 7.16528157e-03 1.23561302e-03 5.97926788e-03 1.48534414e-03 2.48416420e-03 7.98341632e-03 -6.22915244e-03 -9.22427134e-05 -1.52470462e-03 -4.55942051e-03 -1.04572671e-03 -2.97770812e-03 2.00185561e-04 -7.60240061e-03 2.80045206e-03
1.61553062e-02 2.70686224e-02 4.93112486e-03 2.37741154e-02 5.91199519e-03 1.00071905e-02 3.22223678e-02 -2.51419581e-02 -3.83502716e-04 -6.18390227e-03 -1.84945501e-02 -4.24345909e-03 -1.20844226e-02 8.12882441e-04 -3.08596194e-02 1.13684358e-02
-3.73720676e-02 -6.33807704e-02 -1.01356246e-02 -5.03374487e-02 -1.21482406e-02 -2.07030177e-02 -6.62394017e-02 5.16464002e-02 7.77706329e-04 1.26979966e-02 3.79799493e-02 8.71214271e-03 2.48049721e-02 -1.66778872e-03 6.33313507e-02 -2.33296175e-02
2.40901252e-03 3.56383668e-03 5.44425857e-04 2.79468112e-03 6.76121155e-04 1.12584862e-03 3.60081298e-03 -2.79845903e-03 -4.07596890e-05 -6.86009764e-04 -2.04983423e-03 -4.70117724e-04 -1.33829296e-03 8.99424267e-05 -3.41662602e-03 1.25850237e-03
-1.57494214e-03 -2.43110792e-03 -3.75750795e-04 -1.91752869e-03 -4.72905522e-04 -7.83484895e-04 -2.52570002e-03 1.95155095e-03 2.71581757e-05 4.77189431e-04 1.42502505e-03 3.26607784e-04 9.29195143e-04 -6.23267406e-05 2.37116427e-03 -8.73135577e-04
-1.29692396e-02 -2.15546601e-02 -3.44819110e-03 -1.65322814e-02 -4.06401511e-03 -6.83928095e-03 -2.19302997e-02 1.70715954e-02 2.48863798e-04 4.19069594e-03 1.25232199e-02 2.87303212e-03 8.17923620e-03 -5.49600401e-04 2.08799243e-02 -7.69062201e-03
-2.82140616e-02 -4.17968556e-02 -7.20906537e-03 -3.49261500e-02 -8.70133284e-03 -1.46269565e-02 -4.70314622e-02 3.67272124e-02 5.57807216e-04 9.04186442e-03 2.70383172e-02 6.20411942e-03 1.76673196e-02 -1.18835794e-03 4.51157130e-02 -1.66201480e-02
-3.85474926e-03 -8.13877117e-03 -1.60142081e-03 -7.58216158e-03 -1.90594990e-03 -3.23831826e-03 -1.04270894e-02 8.14284850e-03 1.24269602e-04 2.00408604e-03 5.99382073e-03 1.37530128e-03 3.91652621e-03 -2.63448281e-04 1.00015495e-02 -3.68448021e-03
-1.20042241e-05 4.93558764e-04 1.64695055e-04 6.55748765e-04 1.68890008e-04 3.03965557e-04 9.75172734e-04 -7.72122294e-04 -1.26308596e-05 -1.93065716e-04 -5.77929022e-04 -1.32723828e-04 -3.78092198e-04 2.54510451e-05 -9.65767656e-04 3.55812866e-04
-7.89439291e-05 -2.95385136e-04 -5.01352770e-05 -2.36483364e-04 -5.93418008e-05 -1.00021840e-04 -3.21412197e-04 2.50616082e-04 3.74956267e-06 6.16508187e-05 1.84349046e-04 4.22987323e-05 1.20439421e-04 -8.09899848e-06 3.07534297e-04 -1.13287817e-04
-2.99386308e-03 -5.15340362e-03 -8.69497075e-04 -4.35862131e-03 -1.07027183e-03 -1.79024762e-03 -5.72404498e-03 4.47147386e-03 6.38394267e-05 1.09505409e-03 3.27103445e-03 7.50664040e-04 2.13644281e-03 -1.43450219e-04 5.45355864e-03 -2.00842856e-03
1.83238126e-02 2.47814823e-02 4.08505555e-03 2.05182042e-02 4.93482267e-03 8.34597927e-03 2.66871247e-02 -2.08394770e-02 -3.11510637e-04 -5.11663407e-03 -1.52964424e-02 -3.50840832e-03 -9.98919457e-03 6.71544287e-04 -2.55050771e-02 9.39508248e-03
-2.37002783e-02 -4.10521552e-02 -7.44291721e-03 -3.51748168e-02 -8.92715808e-03 -1.50613552e-02 -4.84527461e-02 3.78671810e-02 5.79122920e-04 9.31711961e-03 2.78678574e-02 6.39469596e-03 1.82109755e-02 -1.22504600e-03 4.65055369e-02 -1.71323642e-02
9.89878201e-04 1.73303857e-03 2.99734878e-04 1.47404126e-03 3.63345287e-04 6.13783428e-04 1.96900195e-03 -1.53595826e-03 -2.26944230e-05 -3.76998330e-04 -1.12691405e-03 -2.58531305e-04 -7.36077258e-04 4.94831474e-05 -1.87935052e-03 6.92278612e-04
1.01310173e-02 1.56463664e-02 2.91073252e-03 1.41513618e-02 3.50301736e-03 5.92209911e-03 1.90225858e-02 -1.48566039e-02 -2.25201424e-04 -3.65677127e-03 -1.09355031e-02 -2.50921398e-03 -7.14528700e-03 4.80586867e-04 -1.82461366e-02 6.72162324e-03
-2.44763866e-03 -2.56883330e-03 -3.08358023e-04 -1.80302537e-03 -4.04461287e-04 -6.56619319e-04 -2.11871369e-03 1.63872074e-03 2.26868069e-05 3.96171148e-04 1.18256593e-03 2.71155295e-04 7.71791965e-04 -5.18393826e-05 1.97003037e-03 -7.25594524e-04
5.69857005e-03 9.39172506e-03 1.51707721e-03 7.46963779e-03 1.83468219e-03 3.08333710e-03 9.90661141e-03 -7.69504346e-03 -1.13208844e-04 -1.88432576e-03 -5.63202845e-03 -1.29212125e-03 -3.67909227e-03 2.47374497e-04 -9.39389039e-03 3.46041564e-03
-3.54212103e-03 -5.59810270e-03 -1.06293533e-03 -5.11221867e-03 -1.26899465e-03 -2.15331605e-03 -6.90680230e-03 5.39550651e-03 8.22274596e-05 1.32891769e-03 3.97438789e-03 9.12022835e-04 2.59720837e-03 -1.74704823e-04 6.63239695e-03 -2.44332035e-03
1.19314145e-03 2.06917501e-03 3.94825067e-04 1.88710575e-03 4.73532360e-04 8.00771697e-04 2.57696002e-03 -2.01371615e-03 -3.07277041e-05 -4.95451503e-04 -1.48172409e-03 -3.40005703e-04 -9.68256674e-04 6.51308219e-05 -2.47260346e-03 9.10886098e-04
2.20294259e-02 3.85943875e-02 6.46729814e-03 3.15490216e-02 7.77264871e-03 1.31276501e-02 4.23274450e-02 -3.29299420e-02 -4.99338901e-04 -8.09464045e-03 -2.42058188e-02 -5.55392634e-03 -1.58154704e-02 1.06377318e-03 -4.03857492e-02 1.48776593e-02
1.43812709e-02 1.86339840e-02 3.04290559e-03 1.48698147e-02 3.67030199e-03 6.20254641e-03 1.98817085e-02 -1.55052030e-02 -2.33455241e-04 -3.81352752e-03 -1.14034340e-02 -2.61578383e-03 -7.44850095e-03 5.00910392e-04 -1.90193392e-02 7.00634578e-03
-2.60184892e-02 -4.42436598e-02 -6.71679899e-03 -3.31305861e-02 -8.15042946e-03 -1.36606405e-02 -4.38978449e-02 3.42244953e-02 5.14293555e-04 8.39799549e-03 2.51196269e-02 5.75979427e-03 1.64004918e-02 -1.10267359e-03 4.18761559e-02 -1.54256439e-02
2.12158151e-02 3.18643674e-02 4.99633141e-03 2.57604159e-02 6.17256016e-03 1.02775274e-02 3.29157449e-02 -2.56353077e-02 -3.69935879e-04 -6.25919132e-03 -1.87052898e-02 -4.29143244e-03 -1.22170504e-02 8.21123482e-04 -3.11925039e-02 1.14895962e-02
-1.96415838e-02 -2.52998117e-02 -4.02215915e-03 -1.95818748e-02 -4.84202988e-03 -8.18316359e-03 -2.62705702e-02 2.04794705e-02 3.08374030e-04 5.03717922e-03 1.50659773e-02 3.45603959e-03 9.84095875e-03 -6.61808765e-04 2.51284707e-02 -9.25683882e-03
1.71709224e-03 2.44800281e-03 3.65061424e-04 1.77690969e-03 4.41984128e-04 7.44425168e-04 2.38833879e-03 -1.86442991e-03 -2.81961311e-05 -4.58655995e-04 -1.37168297e-03 -3.14708537e-04 -8.96151178e-04 6.02760629e-05 -2.28841999e-03 8.43026093e-04
-2.01451816e-02 -2.99887862e-02 -4.70215641e-03 -2.31591221e-02 -5.68892201e-03 -9.59150773e-03 -3.06181684e-02 2.38476600e-02 3.56283621e-04 5.86134614e-03 1.75265819e-02 4.02090792e-03 1.14490259e-02 -7.69890263e-04 2.92346403e-02 -1.07692573e-02
-1.25856344e-02 -1.88653599e-02 -3.32458317e-03 -1.60097890e-02 -3.98573652e-03 -6.76151877e-03 -2.17405912e-02 1.69710871e-02 2.56891100e-04 4.17439453e-03 1.24851894e-02 2.86463881e-03 8.15721601e-03 -5.48645738e-04 2.08299849e-02 -7.67348381e-03
-7.15387054e-03 -1.10890334e-02 -2.07506143e-03 -9.81979445e-03 -2.47289496e-03 -4.18865355e-03 -1.34882806e-02 1.05375173e-02 1.60099953e-04 2.59048841e-03 7.74837611e-03 1.77810551e-03 5.06362319e-03 -3.40618513e-04 1.29308850e-02 -4.76364652e-03
7.53791071e-03 1.22047076e-02 2.02943035e-03 9.72684193e-03 2.43885117e-03 4.12228890e-03 1.32710561e-02 -1.03469463e-02 -1.57090661e-04 -2.54383008e-03 -7.60759274e-03 -1.74552528e-03 -4.97024972e-03 3.34332231e-04 -1.26923751e-02 4.67576971e-03
6.25370489e-03 9.97823942e-03 1.65829679e-03 8.22187215e-03 2.00562296e-03 3.36734089e-03 1.08288750e-02 -8.43390170e-03 -1.24876955e-04 -2.06893543e-03 -6.18470833e-03 -1.41868053e-03 -4.03911946e-03 2.71516474e-04 -1.03125246e-02 3.79868876e-03
-1.26316966e-02 -1.84662342e-02 -3.05822142e-03 -1.53059503e-02 -3.68304830e-03 -6.23529730e-03 -1.99041292e-02 1.55556835e-02 2.29749407e-04 3.81110562e-03 1.13892769e-02 2.61314586e-03 7.44093349e-03 -5.00326685e-04 1.90004110e-02 -6.99895713e-03
2.42161304e-02 3.71634811e-02 5.52481646e-03 2.83185765e-02 6.70026615e-03 1.11738760e-02 3.60608473e-02 -2.80080549e-02 -4.14662994e-04 -6.88801846e-03 -2.05986928e-02 -4.72605461e-03 -1.34480000e-02 9.03719978e-04 -3.43410075e-02 1.26484353e-02
-4.09355620e-03 -7.51240272e-03 -1.40283944e-03 -6.70562359e-03 -1.67132413e-03 -2.83308164e-03 -9.11425520e-03 7.12644029e-03 1.08424843e-04 1.75389089e-03 5.24552818e-03 1.20371231e-03 3.42780398e-03 -2.30564852e-04 8.75335559e-03 -3.22464178e-03
3.64081794e-03 6.26776461e-03 1.09869824e-03 5.35155460e-03 1.33709772e-03 2.25226209e-03 7.22549995e-03 -5.66179585e-03 -8.44291135e-05 -1.38160877e-03 -4.12994390e-03 -9.47377936e-04 -2.69748387e-03 1.81361043e-04 -6.88740471e-03 2.53709382e-03
-6.14412688e-03 -1.01985084e-02 -1.90236652e-03 -9.13010538e-03 -2.27530766e-03 -3.86014674e-03 -1.23985875e-02 9.67490207e-03 1.46627935e-04 2.38010427e-03 7.11846445e-03 1.63317891e-03 4.65066265e-03 -3.12806136e-04 1.18759023e-02 -4.37493483e-03
-2.76320651e-02 -4.04199623e-02 -6.87061297e-03 -3.35514098e-02 -8.20378494e-03 -1.38514983e-02 -4.45328243e-02 3.47840488e-02 5.16359461e-04 8.53589736e-03 2.55272742e-02 5.85562503e-03 1.66718718e-02 -1.12090888e-03 4.25684452e-02 -1.56807508e-02
1.26640648e-02 2.08719168e-02 3.15130665e-03 1.55289536e-02 3.75179248e-03 6.31844858e-03 2.02379506e-02 -1.57352798e-02 -2.24480769e-04 -3.85381095e-03 -1.15204062e-02 -2.64208694e-03 -7.51967495e-03 5.04972530e-04 -1.91929433e-02 7.06880959e-03
-8.77294876e-03 -1.38050877e-02 -2.35734228e-03 -1.14737479e-02 -2.82834680e-03 -4.78599267e-03 -1.53951831e-02 1.20140202e-02 1.80034054e-04 2.94666202e-03 8.81187245e-03 2.02142750e-03 5.75586408e-03 -3.87071894e-04 1.46972453e-02 -5.41415205e-03
7.82755390e-03 1.22712944e-02 2.09903228e-03 1.02323350e-02 2.54751951e-03 4.28928342e-03 1.37477554e-02 -1.07137626e-02 -1.60181182e-04 -2.63299583e-03 -7.87216146e-03 -1.80592365e-03 -5.14269993e-03 3.45853652e-04 -1.31317480e-02 4.83748643e-03
-1.70290831e-03 -4.71560238e-03 -1.04218232e-03 -4.83924849e-03 -1.22908049e-03 -2.09711236e-03 -6.75074989e-03 5.28099202e-03 8.12298822e-05 1.30116637e-03 3.89206712e-03 8.93146731e-04 2.54356884e-03 -1.71110689e-04 6.49563456e-03 -2.39296071e-03
-1.33196982e-02 -2.23728102e-02 -4.06302512e-03 -1.96193941e-02 -4.87398356e-03 -8.24414100e-03 -2.63669156e-02 2.06059907e-02 3.11337411e-04 5.07021742e-03 1.51578737e-02 3.47795407e-03 9.90391988e-03 -6.66098320e-04 2.52905600e-02 -9.31659900e-03
-9.04137269e-03 -1.41594326e-02 -2.61549861e-03 -1.35031585e-02 -3.15330294e-03 -5.31944074e-03 -1.71214379e-02 1.33816535e-02 2.00889684e-04 3.28578381e-03 9.82514117e-03 2.25453731e-03 6.41975692e-03 -4.31779452e-04 1.63932834e-02 -6.03904389e-03
-2.51010917e-02 -4.05287780e-02 -6.03419309e-03 -3.01801916e-02 -7.29733100e-03 -1.21760508e-02 -3.94681878e-02 3.05212066e-02 4.44220059e-04 7.48184882e-03 2.23722123e-02 5.13248984e-03 1.46156149e-02 -9.82851256e-04 3.73189300e-02 -1.37474723e-02
2.14251280e-02 3.19523923e-02 5.59275318e-03 2.80045103e-02 6.75646495e-03 1.13392128e-02 3.65141146e-02 -2.84889285e-02 -4.33164038e-04 -7.01243477e-03 -2.09739376e-02 -4.81235702e-03 -1.37041667e-02 9.21764236e-04 -3.49949859e-02 1.28917620e-02
-6.80091558e-03 -9.64169018e-03 -1.49943854e-03 -7.55883474e-03 -1.83470687e-03 -3.07644880e-03 -9.86385904e-03 7.69407675e-03 1.14579118e-04 1.88077474e-03 5.61759528e-03 1.28838303e-03 3.66860745e-03 -2.46668467e-04 9.36686434e-03 -3.45050939e-03
-1.04199499e-02 -1.88416298e-02 -3.26419459e-03 -1.57636013e-02 -3.91497277e-03 -6.64343173e-03 -2.13354547e-02 1.66448820e-02 2.52899685e-04 4.09276178e-03 1.22397700e-02 2.80850218e-03 7.99783040e-03 -5.37976972e-04 2.04236377e-02 -7.52388826e-03
-2.66028792e-02 -4.28693667e-02 -7.13080261e-03 -3.49092819e-02 -8.59385822e-03 -1.44180506e-02 -4.63237241e-02 3.61399986e-02 5.44150767e-04 8.89257435e-03 2.65893191e-02 6.10066159e-03 1.73718892e-02 -1.16832275e-03 4.43595834e-02 -1.63412504e-02
-4.36105058e-02 -7.49734044e-02 -1.23703433e-02 -5.90215512e-02 -1.48398299e-02 -2.51041744e-02 -8.05462748e-02 6.30276948e-02 9.56710370e-04 1.54615631e-02 4.62431051e-02 1.06101669e-02 3.02146208e-02 -2.03237357e-03 7.71577880e-02 -2.84241810e-02
5.64616546e-03 9.66077950e-03 1.70156488e-03 8.78586806e-03 2.04801327e-03 3.46191344e-03 1.10910796e-02 -8.64376407e-03 -1.28688989e-04 -2.12319102e-03 -6.34305645e-03 -1.45553926e-03 -4.14447486e-03 2.78667081e-04 -1.05825560e-02 3.89826228e-03
-7.86860287e-02 -1.40230030e-01 -2.37732995e-02 -1.16404496e-01 -2.85078138e-02 -4.83780913e-02 -1.55687287e-01 1.21229917e-01 1.83215772e-03 2.98284553e-02 8.92014056e-02 2.04649772e-02 5.82757071e-02 -3.91961588e-03 1.48812532e-01 -5.48205599e-02
-3.09475213e-02 -4.67142612e-02 -8.36700480e-03 -4.02934216e-02 -1.00281443e-02 -1.69739462e-02 -5.45104668e-02 4.25690450e-02 6.49298367e-04 1.04709771e-02 3.13137546e-02 7.18557788e-03 2.04627477e-02 -1.37646205e-03 5.22550680e-02 -1.92503557e-02
1.78580079e-03 2.20418302e-03 2.91451230e-04 1.57663017e-03 3.86541156e-04 6.28697453e-04 1.99114718e-03 -1.54432713e-03 -2.20510447e-05 -3.74910218e-04 -1.12013181e-03 -2.56765197e-04 -7.31027976e-04 4.91338651e-05 -1.86631328e-03 6.87457621e-04
8.39104038e-03 1.17832506e-02 1.95114571e-03 9.71731171e-03 2.40010046e-03 3.99349770e-03 1.28271356e-02 -1.00131230e-02 -1.43324694e-04 -2.44787964e-03 -7.30978418e-03 -1.67743932e-03 -4.77543799e-03 3.20678664e-04 -1.21884672e-02 4.48909309e-03
2.89269257e-03 6.40152488e-03 1.25040673e-03 6.02095341e-03 1.49948988e-03 2.54345173e-03 8.17359425e-03 -6.38956157e-03 -9.73877250e-05 -1.57071534e-03 -4.69773263e-03 -1.07791275e-03 -3.06957657e-03 2.06476921e-04 -7.83865247e-03 2.88768951e-03
7.47989491e-03 1.03640947e-02 1.79078081e-03 8.96846317e-03 2.16397108e-03 3.62351886e-03 1.16779469e-02 -9.10329260e-03 -1.34153976e-04 -2.23316741e-03 -6.67722477e-03 -1.53158198e-03 -4.36067535e-03 2.93154910e-04 -1.11337993e-02 4.10124287e-03
5.05270204e-03 7.62279332e-03 1.24880741e-03 6.17691688e-03 1.51297415e-03 2.54573021e-03 8.16197600e-03 -6.36735186e-03 -9.57262018e-05 -1.56554184e-03 -4.68119839e-03 -1.07398920e-03 -3.05818068e-03 2.05677381e-04 -7.80911418e-03 2.87674833e-03
7.98909552e-03 1.52467191e-02 2.97121122e-03 1.41518554e-02 3.53651401e-03 6.01030467e-03 1.93301905e-02 -1.51198730e-02 -2.31212878e-04 -3.72074149e-03 -1.11284349e-02 -2.55362666e-03 -7.27227563e-03 4.89198952e-04 -1.85712446e-02 6.84152544e-03
-7.28524104e-03 -1.09966490e-02 -1.64952362e-03 -8.52162484e-03 -2.01652525e-03 -3.38296662e-03 -1.08054997e-02 8.40784237e-03 1.24934901e-04 2.06330721e-03 6.16602972e-03 1.41450134e-03 4.02742112e-03 -2.70786986e-04 1.02832206e-02 -3.78802838e-03
-1.19314045e-02 -1.72032546e-02 -2.82109156e-03 -1.40936850e-02 -3.40793421e-03 -5.74430125e-03 -1.84153803e-02 1.43767046e-02 2.11209117e-04 3.52802570e-03 1.05455443e-02 2.41877744e-03 6.88603614e-03 -4.62863158e-04 1.75812412e-02 -6.47607865e-03
1.66280428e-03 3.24905780e-03 5.84963302e-04 2.84344470e-03 7.18264491e-04 1.20904949e-03 3.87629750e-03 -3.02949687e-03 -4.57919741e-05 -7.43544078e-04 -2.22348468e-03 -5.10136539e-04 -1.45267253e-03 9.77073651e-05 -3.70951788e-03 1.36654079e-03
-1.83383748e-02 -2.92019341e-02 -5.01266913e-03 -2.45615039e-02 -6.07627910e-03 -1.01488028e-02 -3.26613635e-02 2.54864283e-02 3.87039385e-04 6.26974879e-03 1.87524706e-02 4.30298923e-03 1.22537287e-02 -8.24265939e-04 3.12918425e-02 -1.15276640e-02
2.17031110e-02 3.74512598e-02 6.28209952e-03 3.05882040e-02 7.56395422e-03 1.27472710e-02 4.11336794e-02 -3.20723876e-02 -4.81992785e-04 -7.87175819e-03 -2.35424936e-02 -5.40218642e-03 -1.53830815e-02 1.03467016e-03 -3.92819494e-02 1.44710103e-02
1.33058541e-02 2.10688766e-02 3.10506858e-03 1.59066711e-02 3.82941170e-03 6.37659943e-03 2.03896128e-02 -1.58890411e-02 -2.35415820e-04 -3.89146362e-03 -1.16228266e-02 -2.66601820e-03 -7.58974673e-03 5.10246202e-04 -1.93787441e-02 7.13835843e-03
