2.14665793e-02 9.77593567e-03 9.16674500e-04 3.02344374e-02 -8.68189556e-04 1.68539379e-02 2.27815975e-02 -4.86685410e-02 9.88671836e-03 3.40522220e-03 -3.04701161e-02 -7.61046121e-03 1.05532464e-02 -1.20048493e-03 -3.66930515e-02 -8.35896237e-04
1.15144495e-02 5.51967043e-03 4.21897625e-04 1.14629231e-02 -3.59111291e-04 6.26460230e-03 8.45727697e-03 -1.80477351e-02 3.66329215e-03 1.26321078e-03 -1.12893376e-02 -2.81948433e-03 3.90957110e-03 -4.44744044e-04 -1.35932304e-02 -3.09670198e-04
-3.21263894e-02 -1.49487630e-02 -1.29847368e-03 -4.90298085e-02 1.33100338e-03 -2.69002542e-02 -3.63717675e-02 7.78200477e-02 -1.58026647e-02 -5.44314226e-03 4.87108156e-02 1.21668996e-02 -1.68727040e-02 1.91932812e-03 5.86656965e-02 1.33643532e-03
-1.76856425e-02 -8.50554649e-03 -8.15182924e-04 -2.32799966e-02 7.36155431e-04 -1.27064446e-02 -1.70157366e-02 3.63104604e-02 -7.35530118e-03 -2.53790966e-03 2.26794574e-02 5.66278165e-03 -7.85115268e-03 8.93196964e-04 2.72973385e-02 6.21915620e-04
-2.62497254e-02 -1.32646356e-02 -1.15873409e-03 -3.52706648e-02 1.23275840e-03 -1.94376968e-02 -2.54052188e-02 5.43769933e-02 -1.09884255e-02 -3.80189018e-03 3.38617601e-02 8.45803507e-03 -1.17250495e-02 1.33417605e-03 4.07669097e-02 9.28940310e-04
1.97902080e-02 1.02085201e-02 8.74015852e-04 2.93381009e-02 -8.25201219e-04 1.63067766e-02 2.19055526e-02 -4.68392782e-02 9.50814970e-03 3.27544520e-03 -2.93077268e-02 -7.32039008e-03 1.01514217e-02 -1.15477049e-03 -3.52959260e-02 -8.04066134e-04
-2.87971422e-02 -1.39917629e-02 -1.24651857e-03 -4.04422432e-02 1.17320812e-03 -2.27810517e-02 -3.06356903e-02 6.55801743e-02 -1.33300088e-02 -4.59105289e-03 4.10920903e-02 1.02639860e-02 -1.42344665e-02 1.61919836e-03 4.94931452e-02 1.12746411e-03
-1.60604864e-02 -8.34561232e-03 -7.44974241e-04 -2.28738673e-02 7.14320689e-04 -1.21725164e-02 -1.62772704e-02 3.47104184e-02 -7.04472978e-03 -2.43160524e-03 2.17152890e-02 5.42276399e-03 -7.51741650e-03 8.55261169e-04 2.61368398e-02 5.95501682e-04
3.35307531e-02 1.69709995e-02 1.38754561e-03 4.27774489e-02 -1.14394736e-03 2.38036048e-02 3.20143811e-02 -6.84864372e-02 1.39177833e-02 4.79684398e-03 -4.29063737e-02 -1.07147675e-02 1.48576573e-02 -1.69016875e-03 -5.16587384e-02 -1.17685436e-03
2.54105218e-02 1.28283501e-02 1.22559560e-03 3.38495225e-02 -1.16091524e-03 1.90613829e-02 2.56004315e-02 -5.47777601e-02 1.10360412e-02 3.80340149e-03 -3.40159722e-02 -8.49594083e-03 1.17791947e-02 -1.34002394e-03 -4.09546532e-02 -9.33045638e-04
2.09668726e-02 1.08210463e-02 8.86765192e-04 2.96205319e-02 -9.08301561e-04 1.63900666e-02 2.20628027e-02 -4.72050942e-02 9.57525708e-03 3.29981651e-03 -2.95187719e-02 -7.37265404e-03 1.02238366e-02 -1.16300944e-03 -3.55476141e-02 -8.09804827e-04
1.87481195e-02 8.45648255e-03 7.71112507e-04 2.47690529e-02 -7.29784311e-04 1.37153054e-02 1.85579434e-02 -3.96646522e-02 8.05200543e-03 2.77371123e-03 -2.48210058e-02 -6.19971845e-03 8.59667268e-03 -9.77939693e-04 -2.98901033e-02 -6.80939003e-04
-1.87494457e-02 -8.86119250e-03 -8.21999449e-04 -2.45908778e-02 7.54717621e-04 -1.37893483e-02 -1.85754802e-02 3.97124067e-02 -8.06664675e-03 -2.77976831e-03 2.48658601e-02 6.21069549e-03 -8.61181878e-03 9.79657285e-04 2.99426429e-02 6.82129757e-04
-1.85997263e-02 -9.39550065e-03 -8.66014278e-04 -2.52164099e-02 8.24869610e-04 -1.40552986e-02 -1.88632291e-02 4.02875952e-02 -8.16611294e-03 -2.81271897e-03 2.51590330e-02 6.28422666e-03 -8.71319696e-03 9.91226407e-04 3.02949399e-02 6.90179295e-04
-4.38553989e-02 -2.05906965e-02 -2.07677018e-03 -5.52317351e-02 1.54910365e-03 -3.07406839e-02 -4.13954444e-02 8.84046853e-02 -1.79444049e-02 -6.17715064e-03 5.52872121e-02 1.38098663e-02 -1.91504341e-02 2.17842730e-03 6.65849820e-02 1.51683891e-03
2.84565575e-02 1.56792700e-02 1.38226140e-03 3.56113985e-02 -1.09226396e-03 1.98975112e-02 2.66225412e-02 -5.66244870e-02 1.14816390e-02 3.96113424e-03 -3.53873856e-02 -8.83942377e-03 1.22523643e-02 -1.39390945e-03 -4.26006056e-02 -9.70538822e-04
6.79256115e-03 3.33846081e-03 2.69742857e-04 8.64013284e-03 -2.73999001e-04 4.58795950e-03 6.12037303e-03 -1.30870864e-02 2.64214072e-03 9.10667877e-04 -8.14421847e-03 -2.03410327e-03 2.82058096e-03 -3.20857886e-04 -9.80690122e-03 -2.23410694e-04
1.85192246e-02 9.50191915e-03 8.14581756e-04 2.50680167e-02 -8.22835020e-04 1.37287090e-02 1.84296686e-02 -3.93781625e-02 7.97159318e-03 2.74947169e-03 -2.45640986e-02 -6.13445928e-03 8.50418955e-03 -9.67610336e-04 -2.95678005e-02 -6.73707458e-04
-1.19500924e-02 -6.36948738e-03 -5.52143785e-04 -1.51079800e-02 5.15146763e-04 -8.19315668e-03 -1.09583111e-02 2.32942253e-02 -4.70647356e-03 -1.62573054e-03 1.45070963e-02 3.62204015e-03 -5.02018863e-03 5.71202429e-04 1.74539126e-02 3.97711759e-04
-7.53155723e-02 -3.44370529e-02 -2.97156814e-03 -9.38928947e-02 3.11803771e-03 -5.32093756e-02 -7.04913661e-02 1.50789306e-01 -3.05598155e-02 -1.05491960e-02 9.42591205e-02 2.35367622e-02 -3.26300040e-02 3.71214235e-03 1.13452472e-01 2.58469838e-03
-9.77088697e-03 -4.32295632e-03 -4.10439563e-04 -1.28669776e-02 3.77267948e-04 -7.19072763e-03 -9.69483517e-03 2.07339730e-02 -4.20362735e-03 -1.44808961e-03 1.29582668e-02 3.23658320e-03 -4.48819855e-03 5.10550628e-04 1.56052317e-02 3.55497061e-04
-3.06684859e-02 -1.58932488e-02 -1.35904271e-03 -4.27246764e-02 1.30911171e-03 -2.33222451e-02 -3.13401036e-02 6.68505579e-02 -1.35562597e-02 -4.67314245e-03 4.17934880e-02 1.04380008e-02 -1.44717200e-02 1.64640299e-03 5.03167026e-02 1.14637427e-03
-1.91761237e-02 -1.06930425e-02 -8.28098855e-04 -2.61467900e-02 7.99182337e-04 -1.43113434e-02 -1.92718338e-02 4.10928577e-02 -8.32649413e-03 -2.87250616e-03 2.56682634e-02 6.41037105e-03 -8.88699945e-03 1.01110921e-03 3.08990981e-02 7.04008504e-04
-1.27166845e-02 -5.74992737e-03 -4.82398958e-04 -1.87223088e-02 4.86410776e-04 -1.04355123e-02 -1.41127044e-02 3.02267186e-02 -6.14329893e-03 -2.11576349e-03 1.89389791e-02 4.73062135e-03 -6.56042853e-03 7.46274658e-04 2.28105858e-02 5.19630383e-04
6.43453654e-03 3.21999472e-03 2.67205876e-04 1.00551443e-02 -2.99221516e-04 5.37753245e-03 7.21687032e-03 -1.54266953e-02 3.12979170e-03 1.07850437e-03 -9.64813773e-03 -2.40966212e-03 3.34144011e-03 -3.80108715e-04 -1.16179530e-02 -2.64668459e-04
-1.72573626e-02 -8.97131767e-03 -7.83053809e-04 -2.21784767e-02 7.14079477e-04 -1.22560617e-02 -1.64998490e-02 3.52577977e-02 -7.13334372e-03 -2.45885295e-03 2.19882913e-02 5.49214007e-03 -7.61474157e-03 8.66255024e-04 2.64752638e-02 6.03161810e-04
-1.02113578e-02 -5.06383320e-03 -4.76315618e-04 -1.44155994e-02 4.52876498e-04 -7.86648970e-03 -1.05126472e-02 2.24551521e-02 -4.55810269e-03 -1.57185958e-03 1.40530495e-02 3.50880646e-03 -4.86503961e-03 5.53453574e-04 1.69152357e-02 3.85364663e-04
1.27042327e-02 6.98914332e-03 5.62877685e-04 1.80838425e-02 -5.05605480e-04 1.01039214e-02 1.35317314e-02 -2.89588924e-02 5.88437309e-03 2.02744105e-03 -1.81405377e-02 -4.53062076e-03 6.28287159e-03 -7.14697875e-04 -2.18452383e-02 -4.97645990e-04
-7.41418749e-02 -3.77287939e-02 -3.21070664e-03 -9.42849964e-02 2.75525171e-03 -5.17711230e-02 -6.97717816e-02 1.49012834e-01 -3.02281827e-02 -1.04112457e-02 9.32034254e-02 2.32793074e-02 -3.22713591e-02 3.67116393e-03 1.12203881e-01 2.55613402e-03
1.63940676e-02 7.90467765e-03 7.41440628e-04 2.29738988e-02 -6.96520321e-04 1.25401458e-02 1.68733466e-02 -3.61163504e-02 7.32690049e-03 2.52561877e-03 -2.25853045e-02 -5.64080570e-03 7.82149564e-03 -8.89765739e-04 -2.71947496e-02 -6.19536790e-04
2.41511725e-02 1.21609122e-02 1.01756386e-03 3.70267108e-02 -1.00259436e-03 2.09491495e-02 2.83837691e-02 -6.07998036e-02 1.23421447e-02 4.25052922e-03 -3.80422808e-02 -9.50260740e-03 1.31785339e-02 -1.49913516e-03 -4.58218046e-02 -1.04384474e-03
-4.71384600e-02 -2.45965980e-02 -2.35810061e-03 -6.56553134e-02 1.93859660e-03 -3.75452228e-02 -4.99754325e-02 1.06992565e-01 -2.16549858e-02 -7.46764103e-03 6.67831972e-02 1.66750755e-02 -2.31181141e-02 2.62978580e-03 8.03769305e-02 1.83109811e-03
1.24321990e-02 6.17929921e-03 5.48474025e-04 1.97371654e-02 -5.73052326e-04 1.07008582e-02 1.44121675e-02 -3.08524072e-02 6.25871588e-03 2.15572864e-03 -1.92903783e-02 -4.81863832e-03 6.68220082e-03 -7.60130642e-04 -2.32336130e-02 -5.29278594e-04
-3.08095329e-02 -1.56786852e-02 -1.40891969e-03 -4.04203571e-02 1.26078248e-03 -2.26633083e-02 -3.08012906e-02 6.57228678e-02 -1.33337518e-02 -4.59143426e-03 4.11080308e-02 1.02651361e-02 -1.42351380e-02 1.61928847e-03 4.94950488e-02 1.12751662e-03
-2.31727101e-02 -1.24934036e-02 -1.03330729e-03 -2.24744193e-02 1.22833136e-03 -1.27419624e-02 -1.66872330e-02 3.47421505e-02 -6.91417605e-03 -2.39280006e-03 2.13447213e-02 5.30801527e-03 -7.35640153e-03 8.37074593e-04 2.55737416e-02 5.82707871e-04
1.17516452e-02 6.40636124e-03 5.18833986e-04 1.64105203e-02 -5.26414544e-04 9.16510355e-03 1.22191133e-02 -2.60706805e-02 5.28028654e-03 1.82357896e-03 -1.62788369e-02 -4.06507123e-03 5.63512044e-03 -6.41149003e-04 -1.95921957e-02 -4.46421851e-04
-3.49665806e-03 -1.75658090e-03 -1.88963284e-04 -9.07564629e-03 2.26889795e-04 -5.25301322e-03 -7.15324748e-03 1.53239304e-02 -3.11784819e-03 -1.07326591e-03 9.61200986e-03 2.40108301e-03 -3.33011546e-03 3.78800149e-04 1.15788700e-02 2.63766415e-04
5.95926167e-03 2.72864453e-03 2.46944925e-04 9.06944834e-03 -2.42678958e-04 5.08159213e-03 6.86882762e-03 -1.47053329e-02 2.98157684e-03 1.02735544e-03 -9.19118896e-03 -2.29584146e-03 3.18394648e-03 -3.62187158e-04 -1.10704647e-02 -2.52192549e-04
1.14507256e-02 5.14580123e-03 4.98933194e-04 1.54324006e-02 -4.81758296e-04 8.64605419e-03 1.16889384e-02 -2.50001904e-02 5.07836742e-03 1.74902496e-03 -1.56549886e-02 -3.91015504e-03 5.42247668e-03 -6.16823789e-04 -1.88537259e-02 -4.29497042e-04
-4.27755964e-04 -1.76494679e-04 -4.57851957e-06 1.10918729e-04 2.88952378e-07 8.34920720e-05 1.17740361e-04 -2.56795960e-04 5.24833849e-05 1.80061779e-05 -1.62009048e-04 -4.04842249e-05 5.61758607e-05 -6.38888241e-06 -1.95340210e-04 -4.44915759e-06
4.85086814e-03 2.23968411e-03 2.12979241e-04 7.10988697e-03 -2.18891975e-04 3.95576470e-03 5.32710785e-03 -1.13960970e-02 2.31241295e-03 7.96770153e-04 -7.12840725e-03 -1.78037689e-03 2.46880273e-03 -2.80841108e-04 -8.58383626e-03 -1.95548899e-04
-8.53420410e-04 -4.48118721e-04 -3.93930677e-05 -1.07729610e-03 4.22447265e-05 -5.66488889e-04 -7.62004929e-04 1.61971222e-03 -3.27147922e-04 -1.12839967e-04 1.00789161e-03 2.51759921e-04 -3.49020964e-04 3.97074946e-05 1.21351529e-03 2.76472165e-05
2.52567120e-02 1.32261449e-02 1.09343976e-03 3.35585922e-02 -1.12748507e-03 1.85560305e-02 2.46071070e-02 -5.25465757e-02 1.06483186e-02 3.67197068e-03 -3.28297578e-02 -8.19818489e-03 1.13676414e-02 -1.29315013e-03 -3.95243727e-02 -9.00414132e-04
-4.32529822e-02 -1.97802559e-02 -2.01294338e-03 -6.02068268e-02 1.83695427e-03 -3.30072306e-02 -4.44164835e-02 9.50653553e-02 -1.92667488e-02 -6.63958956e-03 5.93849905e-02 1.48309618e-02 -2.05658413e-02 2.33949861e-03 7.15053603e-02 1.62897911e-03
-7.75265880e-03 -4.04108874e-03 -3.36519675e-04 -1.15790050e-02 3.30897630e-04 -6.47367071e-03 -8.73179454e-03 1.87185779e-02 -3.79470130e-03 -1.30682555e-03 1.16927754e-02 2.92098476e-03 -4.05027950e-03 4.60823183e-04 1.40825948e-02 3.20835592e-04
-2.67187078e-02 -1.21866297e-02 -1.13626081e-03 -3.56117189e-02 1.12360204e-03 -2.01112963e-02 -2.68600807e-02 5.74429482e-02 -1.16326762e-02 -4.01009899e-03 3.58571187e-02 8.95411614e-03 -1.24163572e-02 1.41248654e-03 4.31709774e-02 9.83494567e-04
1.14615215e-02 5.99548919e-03 4.51761909e-04 1.55202122e-02 -4.72190673e-04 8.72393139e-03 1.17137460e-02 -2.50198618e-02 5.07709570e-03 1.75192603e-03 -1.56506356e-02 -3.90885305e-03 5.42060472e-03 -6.16629375e-04 -1.88474488e-02 -4.29361942e-04
-9.54404380e-03 -4.63479897e-03 -3.82628175e-04 -1.33994203e-02 4.38775751e-04 -7.34189246e-03 -9.74097382e-03 2.08296478e-02 -4.21638321e-03 -1.45638664e-03 1.29974103e-02 3.24614742e-03 -4.50046454e-03 5.12015889e-04 1.56477578e-02 3.56502977e-04
-2.15845928e-02 -1.07277259e-02 -8.85530491e-04 -3.09891589e-02 9.26832086e-04 -1.63296759e-02 -2.15539206e-02 4.60217223e-02 -9.33797099e-03 -3.22263804e-03 2.87851579e-02 7.18877697e-03 -9.96727031e-03 1.13390887e-03 3.46552767e-02 7.89527898e-04
2.87923664e-02 1.99806988e-02 1.67673733e-03 3.36158462e-02 -1.33107835e-03 1.87702458e-02 2.51307730e-02 -5.34520075e-02 1.07444199e-02 3.71733983e-03 -3.31183970e-02 -8.27057753e-03 1.14637613e-02 -1.30406709e-03 -3.98585275e-02 -9.07934096e-04
2.75247195e-03 1.34655810e-03 1.33032881e-04 5.92289213e-03 -1.52709166e-04 3.40941339e-03 4.63481527e-03 -9.92827304e-03 2.01816997e-03 6.94857270e-04 -6.22168276e-03 -1.55411905e-03 2.15536030e-03 -2.45175441e-04 -7.49418326e-03 -1.70719082e-04
-1.24960747e-02 -6.87966589e-03 -5.79493062e-04 -1.66989714e-02 5.24847768e-04 -9.11052153e-03 -1.21351052e-02 2.59105787e-02 -5.25987893e-03 -1.81348971e-03 1.62125900e-02 4.04866273e-03 -5.61369630e-03 6.38610916e-04 1.95182655e-02 4.44657693e-04
9.57006402e-03 4.69942298e-03 4.31549794e-04 1.28441313e-02 -3.79870093e-04 7.07960501e-03 9.44079272e-03 -2.01703068e-02 4.08433517e-03 1.40834891e-03 -1.25902118e-02 -3.14352475e-03 4.35827253e-03 -4.95818211e-04 -1.51530281e-02 -3.45230947e-04
1.29108399e-03 6.99419877e-04 6.28685084e-05 1.42006727e-03 -5.30181933e-05 7.47535960e-04 9.91074136e-04 -2.11485405e-03 4.27618856e-04 1.47601168e-04 -1.31829828e-03 -3.29128612e-04 4.56268783e-04 -5.19069545e-05 -1.58635061e-03 -3.61410384e-05
-1.12571986e-04 -2.08456389e-04 -2.47928674e-05 -1.32200029e-03 2.77943691e-05 -7.93054816e-04 -1.08788558e-03 2.33479240e-03 -4.75933688e-04 -1.63682867e-04 1.46736857e-03 3.66584572e-04 -5.08510508e-04 5.78387844e-05 1.76810939e-03 4.02755177e-05
-1.61649380e-02 -7.40657933e-03 -6.65556756e-04 -2.10236572e-02 6.24686829e-04 -1.17656402e-02 -1.56862289e-02 3.36211100e-02 -6.80735474e-03 -2.34681577e-03 2.09898371e-02 5.24092326e-03 -7.26676919e-03 8.26669275e-04 2.52661239e-02 5.75612823e-04
5.51888999e-03 2.58231023e-03 2.28539866e-04 7.47460313e-03 -2.30081147e-04 4.02576523e-03 5.39835449e-03 -1.15352422e-02 2.33554002e-03 8.06341239e-04 -7.20076542e-03 -1.79810356e-03 2.49242433e-03 -2.83580826e-04 -8.66566785e-03 -1.97452449e-04
-7.05885189e-03 -3.84217058e-03 -3.10021744e-04 -9.49374400e-03 3.23593064e-04 -5.14061097e-03 -6.94364961e-03 1.48236929e-02 -3.00455722e-03 -1.03585201e-03 9.26102418e-03 2.31284322e-03 -3.20679997e-03 3.64806940e-04 1.11496970e-02 2.54010694e-04
5.48885716e-03 2.85847555e-03 2.83324480e-04 1.02437194e-02 -2.84135516e-04 5.84239606e-03 7.91778509e-03 -1.69422273e-02 3.44119873e-03 1.18483265e-03 -1.06085790e-02 -2.64959200e-03 3.67451971e-03 -4.17983247e-04 -1.27762379e-02 -2.91046163e-04
1.23084299e-02 6.21478166e-03 6.68750727e-04 1.54270604e-02 -5.42645575e-04 8.70640669e-03 1.15577010e-02 -2.45959368e-02 4.97871172e-03 1.71835406e-03 -1.53525518e-02 -3.83329531e-03 5.31349005e-03 -6.04487082e-04 -1.84739474e-02 -4.20884404e-04
1.63016617e-02 8.16580467e-03 8.02576542e-04 2.40043681e-02 -7.18377822e-04 1.33977113e-02 1.80462729e-02 -3.85776572e-02 7.83137605e-03 2.69799912e-03 -2.41407435e-02 -6.02945406e-03 8.36126972e-03 -9.51127033e-04 -2.90717222e-02 -6.62271515e-04
2.30016671e-02 1.34074222e-02 1.15041097e-03 2.71464493e-02 -9.97358235e-04 1.55133903e-02 2.03771014e-02 -4.33621556e-02 8.76550656e-03 3.02777509e-03 -2.70393938e-02 -6.74497755e-03 9.34860669e-03 -1.06357574e-03 -3.25008035e-02 -7.40513089e-04
2.01785732e-02 1.11727510e-02 9.79963806e-04 2.57070530e-02 -8.77475599e-04 1.43639175e-02 1.90401860e-02 -4.06095721e-02 8.20878427e-03 2.83446163e-03 -2.53044944e-02 -6.31929282e-03 8.75702407e-03 -9.96486400e-04 -3.04454621e-02 -6.93819544e-04
3.05395387e-02 1.51835326e-02 1.22752041e-03 4.03932743e-02 -1.18619634e-03 2.23047752e-02 3.01591009e-02 -6.44208118e-02 1.30609348e-02 4.49959841e-03 -4.02661301e-02 -1.00565227e-02 1.39458179e-02 -1.58638344e-03 -4.84888777e-02 -1.10460410e-03
2.49058823e-03 1.32298411e-03 1.23964041e-04 4.32931446e-03 -1.27355335e-04 2.43217545e-03 3.27083864e-03 -6.99189259e-03 1.41920138e-03 4.89129743e-04 -4.37531620e-03 -1.09272334e-03 1.51521456e-03 -1.72366868e-04 -5.26827527e-03 -1.20018500e-04
2.18793703e-03 1.06787239e-03 9.33945048e-05 1.61300192e-03 -9.22049076e-05 8.01907852e-04 1.03324710e-03 -2.19209935e-03 4.37275041e-04 1.51294924e-04 -1.34817942e-03 -3.36243625e-04 4.65917663e-04 -5.30100733e-05 -1.61963294e-03 -3.69080299e-05
7.96783436e-03 3.83288041e-03 3.58005753e-04 1.07157314e-02 -3.13042256e-04 5.93463145e-03 8.01738538e-03 -1.71279646e-02 3.47585208e-03 1.19751878e-03 -1.07161142e-02 -2.67633609e-03 3.71150090e-03 -4.22192330e-04 -1.29047381e-02 -2.93975609e-04
-8.99827033e-02 -5.24108410e-02 -4.00543632e-03 -1.23737767e-01 3.55951232e-03 -6.71570376e-02 -8.91108662e-02 1.90170273e-01 -3.85531187e-02 -1.33035081e-02 1.18930839e-01 2.96924114e-02 -4.11530547e-02 4.68175299e-03 1.43074080e-01 3.26055242e-03
2.25491007e-03 1.11746741e-03 9.59150493e-05 3.01367417e-03 -9.42579209e-05 1.65796536e-03 2.22366140e-03 -4.75190952e-03 9.64516890e-04 3.32399970e-04 -2.97328038e-03 -7.42589880e-04 1.02972158e-03 -1.17136646e-04 -3.58026824e-03 -8.15616222e-05
-3.37482989e-03 -1.70912349e-03 -1.65362348e-04 -6.30916376e-03 1.78807575e-04 -3.59216589e-03 -4.86228289e-03 1.03967208e-02 -2.11117091e-03 -7.27632607e-04 6.50910987e-03 1.62567070e-03 -2.25410890e-03 2.56430532e-04 7.83738680e-03 1.78553484e-04
-1.49404518e-02 -8.38373136e-03 -8.78675375e-04 -2.10931823e-02 6.51408220e-04 -1.17203323e-02 -1.57097857e-02 3.35531682e-02 -6.80743437e-03 -2.34757341e-03 2.09821668e-02 5.24050044e-03 -7.26530561e-03 8.26516945e-04 2.52601877e-02 5.75502752e-04
-1.34221129e-02 -6.47011399e-03 -5.12987492e-04 -1.60423778e-02 5.23398863e-04 -8.78991559e-03 -1.18442262e-02 2.53164191e-02 -5.14108222e-03 -1.77209754e-03 1.58471502e-02 3.95789975e-03 -5.48811303e-03 6.24312612e-04 1.90817025e-02 4.34703572e-04
6.55468379e-04 2.95021717e-04 1.11357040e-05 -3.79172998e-05 -5.59669206e-06 -5.46273950e-05 -8.39266868e-05 1.88962018e-04 -3.94309391e-05 -1.34097463e-05 1.21589648e-04 3.04569548e-05 -4.23045458e-05 4.80955487e-06 1.47119019e-04 3.35000414e-06
-1.82506235e-04 -5.75521372e-05 -5.33892808e-06 2.47744356e-05 5.68395353e-06 2.40780973e-05 3.82162070e-05 -8.68234129e-05 1.88349732e-05 6.38017627e-06 -5.80268497e-05 -1.45507192e-05 2.02373776e-05 -2.29968896e-06 -7.03898986e-05 -1.60183743e-06
-1.60706099e-02 -7.60291936e-03 -6.70775189e-04 -1.99377537e-02 6.01701147e-04 -1.12248752e-02 -1.51385842e-02 3.23650651e-02 -6.57548802e-03 -2.26480048e-03 2.02670656e-02 5.06225927e-03 -7.01979594e-03 7.98536756e-04 2.44074538e-02 5.56020415e-04
-1.01595875e-02 -5.00472635e-03 -4.37118957e-04 -1.54674761e-02 4.77274705e-04 -8.62265006e-03 -1.15736797e-02 2.47778669e-02 -5.02616214e-03 -1.73267291e-03 1.54901799e-02 3.86948674e-03 -5.36449580e-03 6.10319723e-04 1.86518915e-02 4.24953265e-04
2.26331726e-02 1.06595969e-02 8.76638573e-04 2.77447663e-02 -8.37659696e-04 1.49498302e-02 1.99076291e-02 -4.25789393e-02 8.62842612e-03 2.97748251e-03 -2.66081803e-02 -6.64358912e-03 9.21056699e-03 -1.04788772e-03 -3.20239291e-02 -7.29619758e-04
-3.10679898e-02 -1.59289241e-02 -1.49882305e-03 -4.35106643e-02 1.38240354e-03 -2.46539824e-02 -3.32860872e-02 7.12115541e-02 -1.44499978e-02 -4.97715315e-03 4.45464514e-02 1.11259557e-02 -1.54292965e-02 1.75512687e-03 5.36469668e-02 1.22210116e-03
-5.84807131e-04 -3.07113311e-04 -2.41404232e-05 -4.20726079e-04 1.63083823e-05 -2.15223437e-04 -2.79822911e-04 5.95154066e-04 -1.20040364e-04 -4.15065588e-05 3.69834801e-04 9.23316038e-05 -1.27941108e-04 1.45577342e-05 4.44798672e-04 1.01352689e-05
1.49137657e-02 6.43752608e-03 6.20592560e-04 2.06417311e-02 -5.88552386e-04 1.14773931e-02 1.54951178e-02 -3.31578404e-02 6.73676515e-03 2.32052617e-03 -2.07665954e-02 -5.18697826e-03 7.19297770e-03 -8.18234810e-04 -2.50096731e-02 -5.69737225e-04
-9.84289590e-03 -4.74630250e-03 -4.00954566e-04 -1.52838174e-02 4.63999604e-04 -8.38530436e-03 -1.13091692e-02 2.41669714e-02 -4.89380211e-03 -1.68716419e-03 1.50857707e-02 3.76769272e-03 -5.22420276e-03 5.94313489e-04 1.81640852e-02 4.13815345e-04
1.46580078e-02 8.03403556e-03 7.43055833e-04 2.07979083e-02 -6.79385965e-04 1.15006724e-02 1.53743755e-02 -3.27605270e-02 6.63360907e-03 2.28684000e-03 -2.04434693e-02 -5.10583119e-03 7.07954960e-03 -8.05362244e-04 -2.46148240e-02 -5.60765853e-04
-3.73407081e-03 -1.37666031e-03 -1.19967153e-04 -3.26103903e-03 1.00434918e-04 -1.75885868e-03 -2.34332075e-03 5.00772940e-03 -1.01760228e-03 -3.50565766e-04 3.13623063e-03 7.83377676e-04 -1.08630047e-03 1.23571255e-04 3.77698662e-03 8.60422733e-05
-7.04198051e-03 -3.28385597e-03 -3.03104578e-04 -9.91656724e-03 2.96385144e-04 -5.53944334e-03 -7.48786656e-03 1.60199832e-02 -3.25149833e-03 -1.12020154e-03 1.00233592e-02 2.50356644e-03 -3.47182504e-03 3.94934788e-04 1.20713608e-02 2.74993246e-04
2.78424285e-02 1.66347027e-02 1.31928001e-03 3.78334634e-02 -1.26364955e-03 2.04048678e-02 2.73789335e-02 -5.80887161e-02 1.17500229e-02 4.05667769e-03 -3.62289250e-02 -9.04606376e-03 1.25394994e-02 -1.42650120e-03 -4.35960367e-02 -9.93252615e-04
1.56597607e-02 7.35856127e-03 5.72433695e-04 1.76349841e-02 -5.56105457e-04 9.73113161e-03 1.29870092e-02 -2.77276374e-02 5.62453130e-03 1.94041920e-03 -1.73436143e-02 -4.33003483e-03 6.00336026e-03 -6.82963873e-04 -2.08726861e-02 -4.75535024e-04
-2.37708930e-02 -1.34852072e-02 -1.05364632e-03 -3.42418626e-02 1.01287977e-03 -1.90637987e-02 -2.57405154e-02 5.50638661e-02 -1.11770853e-02 -3.85065540e-03 3.44650224e-02 8.60672444e-03 -1.19354147e-02 1.35771465e-03 4.14989814e-02 9.45378153e-04
3.24667320e-02 1.61156915e-02 1.32701197e-03 4.60955836e-02 -1.43726647e-03 2.51557138e-02 3.37744802e-02 -7.22254440e-02 1.46459993e-02 5.04473783e-03 -4.51401956e-02 -1.12751443e-02 1.56354811e-02 -1.77862961e-03 -5.43640554e-02 -1.23845367e-03
-1.54381897e-02 -7.04553537e-03 -5.54656086e-04 -1.64752547e-02 4.86148230e-04 -9.16208047e-03 -1.23210130e-02 2.63274927e-02 -5.34640998e-03 -1.84201484e-03 1.64833199e-02 4.11629537e-03 -5.70783811e-03 6.49302383e-04 1.98456589e-02 4.52105218e-04
5.58094680e-03 2.81955604e-03 2.18569505e-04 7.04178121e-03 -2.01523741e-04 3.96692241e-03 5.35851577e-03 -1.14695756e-02 2.33045523e-03 8.02575552e-04 -7.18420092e-03 -1.79441483e-03 2.48848624e-03 -2.83071888e-04 -8.65241699e-03 -1.97104964e-04
-3.67828384e-02 -1.90640949e-02 -1.66871806e-03 -4.99285869e-02 1.52342743e-03 -2.78535616e-02 -3.72173414e-02 7.95390531e-02 -1.61523260e-02 -5.56428358e-03 4.97898869e-02 1.24355266e-02 -1.72442142e-02 1.96164125e-03 5.99574037e-02 1.36589294e-03
-1.66925974e-02 -7.72679970e-03 -6.74320268e-04 -2.27893740e-02 6.32569892e-04 -1.28234737e-02 -1.73263550e-02 3.70631143e-02 -7.52725312e-03 -2.59257806e-03 2.32044999e-02 5.79566509e-03 -8.03687889e-03 9.14228498e-04 2.79437788e-02 6.36578770e-04
-1.46176014e-02 -6.57558441e-03 -6.49524445e-04 -1.94498934e-02 5.64834860e-04 -1.09801963e-02 -1.48600833e-02 3.17895710e-02 -6.45107264e-03 -2.22084601e-03 1.98826604e-02 4.96657426e-03 -6.88759703e-03 7.83480995e-04 2.39479449e-02 5.45542396e-04
7.61231408e-03 4.35084524e-03 3.91094072e-04 8.32471717e-03 -2.86852621e-04 4.60415427e-03 6.16047531e-03 -1.31072272e-02 2.65110284e-03 9.15166282e-04 -8.17512535e-03 -2.04119831e-03 2.82900617e-03 -3.21829430e-04 -9.83607769e-03 -2.24084069e-04
3.84847517e-03 2.06378219e-03 1.69421677e-04 4.84460359e-03 -1.63735138e-04 2.60108453e-03 3.47850588e-03 -7.41608441e-03 1.50049152e-03 5.18117740e-04 -4.62635793e-03 -1.15510751e-03 1.60106353e-03 -1.82166463e-04 -5.56653505e-03 -1.26838306e-04
-4.22029495e-02 -1.97207630e-02 -1.79408910e-03 -6.19326569e-02 1.69102219e-03 -3.44458222e-02 -4.63799797e-02 9.93365124e-02 -2.01715194e-02 -6.94666291e-03 6.21776059e-02 1.55311925e-02 -2.15392932e-02 2.45014485e-03 7.48920441e-02 1.70605909e-03
2.22160146e-02 1.14406040e-02 9.29947244e-04 3.13280113e-02 -8.60310451e-04 1.71046834e-02 2.32164245e-02 -4.96624857e-02 1.00941546e-02 3.47610982e-03 -3.11188269e-02 -7.77309341e-03 1.07790278e-02 -1.22618326e-03 -3.74788754e-02 -8.53789155e-04
-9.86293145e-03 -5.26906271e-03 -3.76523676e-04 -1.29986722e-02 4.05456260e-04 -7.02169770e-03 -9.44631547e-03 2.02083141e-02 -4.09768661e-03 -1.41242007e-03 1.26284454e-02 3.15426034e-03 -4.37297998e-03 4.97497560e-04 1.52041893e-02 3.46396177e-04
5.68899978e-03 2.94705853e-03 2.34744715e-04 8.20168853e-03 -2.70548073e-04 4.59959358e-03 6.13968214e-03 -1.31682539e-02 2.65360856e-03 9.15803772e-04 -8.18269234e-03 -2.04327260e-03 2.83280970e-03 -3.22276435e-04 -9.84920561e-03 -2.24395568e-04
-6.85060117e-03 -3.30698490e-03 -3.20821477e-04 -9.11576860e-03 2.84465612e-04 -5.04852226e-03 -6.74164947e-03 1.43820643e-02 -2.91622337e-03 -1.00558356e-03 8.99117254e-03 2.24490534e-03 -3.11238598e-03 3.54073389e-04 1.08213276e-02 2.46534590e-04
-3.02703306e-02 -1.49684492e-02 -1.41540519e-03 -3.71933393e-02 1.15447631e-03 -2.00926606e-02 -2.69515384e-02 5.76259196e-02 -1.16633344e-02 -4.02339129e-03 3.59587781e-02 8.97763669e-03 -1.24437166e-02 1.41580997e-03 4.32644673e-02 9.85786319e-04
1.64490119e-02 9.21776146e-03 8.39646033e-04 2.30910704e-02 -6.82832033e-04 1.27594052e-02 1.71176177e-02 -3.65758501e-02 7.42214639e-03 2.55770842e-03 -2.28789560e-02 -5.71400998e-03 7.92234577e-03 -9.01241438e-04 -2.75448579e-02 -6.27525151e-04
-9.61649418e-03 -4.98970505e-03 -4.37362411e-04 -1.27599481e-02 3.95703129e-04 -7.01294746e-03 -9.40037239e-03 2.00766232e-02 -4.05898271e-03 -1.40032393e-03 1.25154890e-02 3.12466291e-03 -4.33166279e-03 4.92808060e-04 1.50603848e-02 3.43131251e-04
8.70979857e-03 4.57116403e-03 4.20132739e-04 1.15399063e-02 -4.12280380e-04 6.39903964e-03 8.47655069e-03 -1.80584509e-02 3.65560688e-03 1.26252160e-03 -1.12679303e-02 -2.81268521e-03 3.89918033e-03 -4.43646481e-04 -1.35565121e-02 -3.08901654e-04
-1.48194283e-03 -5.22286806e-04 -3.52354764e-05 -5.25064068e-04 2.51179699e-05 -2.77787971e-04 -3.37326521e-04 7.09888933e-04 -1.43758036e-04 -4.99848211e-05 4.43901896e-04 1.10632900e-04 -1.53235495e-04 1.74370125e-05 5.32720063e-04 1.21392941e-05
-1.43429376e-02 -7.30364257e-03 -6.57908036e-04 -1.83021985e-02 6.31642586e-04 -1.00158043e-02 -1.31967487e-02 2.82194056e-02 -5.72180701e-03 -1.97517686e-03 1.76350027e-02 4.40394413e-03 -6.10581413e-03 6.94661168e-04 2.12294310e-02 4.83674667e-04
-2.91288341e-03 -1.34089892e-03 -1.29754393e-04 -5.16697997e-03 1.38737320e-04 -2.82272068e-03 -3.82474577e-03 8.19052011e-03 -1.66246330e-03 -5.72643592e-04 5.12432028e-03 1.27997913e-03 -1.77492225e-03 2.01908057e-04 6.17132382e-03 1.40589051e-04
-3.47201293e-03 -2.53683701e-03 -1.28682950e-04 -1.07072946e-03 9.35294447e-05 -2.92397541e-04 -3.61942773e-04 6.48659654e-04 -1.22745070e-04 -4.27316299e-05 3.71732807e-04 9.22701438e-05 -1.27365041e-04 1.45123495e-05 4.42333170e-04 1.00958896e-05
2.98323836e-02 1.46899428e-02 1.30519248e-03 4.09015752e-02 -1.31316227e-03 2.13638246e-02 2.88379807e-02 -6.15362860e-02 1.24901850e-02 4.30516014e-03 -3.85080874e-02 -9.61590745e-03 1.33324098e-02 -1.51675043e-03 -4.63547893e-02 -1.05608290e-03
-8.64110887e-03 -4.43136040e-03 -3.60709091e-04 -1.14214094e-02 3.74670519e-04 -6.26023812e-03 -8.35561100e-03 1.78592745e-02 -3.60705913e-03 -1.24638528e-03 1.11233462e-02 2.77723675e-03 -3.85068450e-03 4.38060117e-04 1.33881085e-02 3.05015477e-04
-1.80458687e-02 -9.73090716e-03 -9.19452053e-04 -2.78861243e-02 7.93868909e-04 -1.56645123e-02 -2.10825596e-02 4.50646393e-02 -9.14706755e-03 -3.15091177e-03 2.81969476e-02 7.04274746e-03 -9.76659916e-03 1.11098238e-03 3.39580178e-02 7.73581327e-04
-3.33750397e-02 -1.78104397e-02 -1.60669559e-03 -4.49286662e-02 1.43797137e-03 -2.44547874e-02 -3.29062790e-02 7.03176111e-02 -1.42787108e-02 -4.92128823e-03 4.40119430e-02 1.09920632e-02 -1.52416555e-02 1.73387723e-03 5.29940128e-02 1.20727718e-03
-5.71132526e-02 -3.37397419e-02 -2.73883715e-03 -7.39564076e-02 2.44554877e-03 -4.16146852e-02 -5.54658249e-02 1.18843295e-01 -2.39962880e-02 -8.27256683e-03 7.39850029e-02 1.84744317e-02 -2.56156679e-02 2.91408855e-03 8.90635252e-02 2.02903897e-03
5.31214196e-03 2.83828983e-03 2.33421131e-04 7.05187628e-03 -2.26563861e-04 3.36876046e-03 4.42240061e-03 -9.41353571e-03 1.90344662e-03 6.58239180e-04 -5.86388120e-03 -1.46468764e-03 2.03032093e-03 -2.31006852e-04 -7.05914153e-03 -1.60842654e-04
-4.71465141e-02 -2.65417248e-02 -2.02824268e-03 -6.87315166e-02 1.97275961e-03 -3.76284719e-02 -5.06278314e-02 1.07911006e-01 -2.19034404e-02 -7.55076855e-03 6.75244629e-02 1.68617181e-02 -2.33798102e-02 2.65967194e-03 8.12896639e-02 1.85190968e-03
-4.52932455e-02 -2.25839689e-02 -2.04418227e-03 -5.74250370e-02 1.91523368e-03 -3.15134078e-02 -4.19615135e-02 8.95505995e-02 -1.81263406e-02 -6.25408581e-03 5.58759607e-02 1.39551666e-02 -1.93476751e-02 2.20106007e-03 6.72686771e-02 1.53255567e-03
4.04371182e-03 1.88445661e-03 1.73684486e-04 6.64814655e-03 -1.97459987e-04 3.78737389e-03 5.10103488e-03 -1.09159322e-02 2.21476541e-03 7.63041549e-04 -6.82806363e-03 -1.70531753e-03 2.36486201e-03 -2.69016076e-04 -8.22252594e-03 -1.87316429e-04
9.12133791e-03 4.11766768e-03 3.62475053e-04 1.25528136e-02 -3.88000131e-04 7.01241568e-03 9.45820566e-03 -2.02450547e-02 4.10615141e-03 1.41510402e-03 -1.26552051e-02 -3.16122081e-03 4.38342663e-03 -4.98654495e-04 -1.52405808e-02 -3.47205554e-04
-5.18742390e-03 -2.91985902e-03 -2.21766531e-04 -6.05710782e-03 2.08280559e-04 -3.18288291e-03 -4.20862669e-03 8.99115484e-03 -1.81450974e-03 -6.26047433e-04 5.59462840e-03 1.39688735e-03 -1.93658622e-03 2.20309114e-04 6.73320238e-03 1.53395944e-04
8.69658217e-03 3.93967004e-03 3.92963295e-04 1.11033609e-02 -3.53308104e-04 5.90490829e-03 7.96076469e-03 -1.69991273e-02 3.44370771e-03 1.18761044e-03 -1.06154941e-02 -2.65058433e-03 3.67454975e-03 -4.18049603e-04 -1.27758337e-02 -2.91081175e-04
4.64375922e-03 2.35050917e-03 2.06736004e-04 7.11430470e-03 -2.10377417e-04 3.95723572e-03 5.32653090e-03 -1.13924909e-02 2.31321948e-03 7.97052344e-04 -7.13090459e-03 -1.78097188e-03 2.46961811e-03 -2.80933920e-04 -8.58669821e-03 -1.95613946e-04
-4.16618735e-02 -2.06542648e-02 -1.93555967e-03 -5.81637844e-02 1.70344068e-03 -3.19457687e-02 -4.29816917e-02 9.20334607e-02 -1.86550748e-02 -6.42884150e-03 5.75062223e-02 1.43621480e-02 -1.99158620e-02 2.26555206e-03 6.92458972e-02 1.57749269e-03
-1.08175203e-02 -5.71116339e-03 -4.80229093e-04 -1.60079468e-02 4.73284454e-04 -8.72181915e-03 -1.16951307e-02 2.50013471e-02 -5.07547241e-03 -1.74891914e-03 1.56461056e-02 3.90789798e-03 -5.41922450e-03 6.16460689e-04 1.88423749e-02 4.29242034e-04
-1.36897117e-02 -6.68448955e-03 -6.23390311e-04 -1.92030240e-02 5.67368465e-04 -1.05523048e-02 -1.41690904e-02 3.03140078e-02 -6.14678860e-03 -2.12032418e-03 1.89500395e-02 4.73203184e-03 -6.56016404e-03 7.46350852e-04 2.28089597e-02 5.19673456e-04
1.31050765e-03 6.02120126e-04 6.27679910e-05 3.16520850e-03 -7.64253855e-05 1.82879367e-03 2.49418453e-03 -5.34537435e-03 1.08746195e-03 3.74320574e-04 -3.35250143e-03 -8.37467611e-04 1.16150232e-03 -1.32121175e-04 -4.03856346e-03 -9.19984450e-05
-2.19171122e-02 -1.08341193e-02 -1.09231367e-03 -3.07237040e-02 9.64330568e-04 -1.68837067e-02 -2.28455327e-02 4.88562658e-02 -9.92374960e-03 -3.41713661e-03 3.05897705e-02 7.64069334e-03 -1.05960807e-02 1.20532559e-03 3.68422419e-02 8.39278277e-04
1.19008347e-02 6.62597548e-03 5.03574905e-04 1.51007622e-02 -4.71953477e-04 8.22439324e-03 1.11209042e-02 -2.37295590e-02 4.80545359e-03 1.65508804e-03 -1.48085896e-02 -3.69880442e-03 5.12866676e-03 -5.83422603e-04 -1.78318620e-02 -4.06232924e-04
2.03572810e-02 1.21799409e-02 7.85111275e-04 2.59404108e-02 -9.88646760e-04 1.37312459e-02 1.81362033e-02 -3.86997052e-02 7.81488884e-03 2.70341989e-03 -2.40986235e-02 -6.01700740e-03 8.34000390e-03 -9.48875968e-04 -2.89970115e-02 -6.60680060e-04
