-4.00030687e-02 -2.47170553e-02 -2.33845171e-02 -9.27971583e-03 3.17180972e-03 4.73207037e-04 1.72905030e-03 2.96995472e-02 -8.39575287e-03 -2.23435182e-03 -2.50868946e-02 3.70096159e-03 5.91321709e-03 -9.04936809e-03 2.01522410e-02 3.13720256e-02
7.48115629e-02 4.93368134e-02 4.07576188e-02 1.60319153e-02 -5.49032912e-03 -8.09843943e-04 -3.00148455e-03 -5.15001044e-02 1.45459035e-02 3.87356943e-03 4.34709825e-02 -6.41269097e-03 -1.02451807e-02 1.56795755e-02 -3.49148400e-02 -5.43535165e-02
9.65411216e-03 5.85622620e-03 5.06002549e-03 2.17523403e-03 -6.61346712e-04 -1.08949273e-04 -3.76194774e-04 -6.29839208e-03 1.77653448e-03 4.71737381e-04 5.29462099e-03 -7.81103678e-04 -1.24746992e-03 1.90920627e-03 -4.25103214e-03 -6.61773514e-03
5.27830645e-02 3.26195359e-02 3.18413302e-02 1.26559082e-02 -4.43477929e-03 -6.34135737e-04 -2.33310484e-03 -4.11985964e-02 1.15849506e-02 3.10277217e-03 3.48376185e-02 -5.13894809e-03 -8.21521506e-03 1.25716077e-02 -2.79989690e-02 -4.35879119e-02
4.70261686e-02 2.84543391e-02 2.26014219e-02 9.19368770e-03 -2.87881936e-03 -5.06175857e-04 -1.61405629e-03 -2.75941305e-02 7.75578711e-03 2.06657755e-03 2.31643301e-02 -3.41832219e-03 -5.46054961e-03 8.35794955e-03 -1.86091103e-02 -2.89695356e-02
-2.85717249e-02 -2.06467137e-02 -1.56857055e-02 -6.32219296e-03 1.90145662e-03 3.41956940e-04 1.16221118e-03 1.83860101e-02 -5.20149153e-03 -1.36990286e-03 -1.53709697e-02 2.26874230e-03 3.61622078e-03 -5.53707266e-03 1.23205781e-02 1.91799812e-02
3.09082940e-02 2.17060018e-02 1.71274878e-02 6.59438130e-03 -1.96758308e-03 -3.66975117e-04 -1.19068136e-03 -1.91735104e-02 5.46284486e-03 1.43848953e-03 1.61306728e-02 -2.37878971e-03 -3.79060954e-03 5.80501324e-03 -1.29172988e-02 -2.01063305e-02
-6.30550785e-03 -4.41708323e-03 -4.20365855e-03 -1.74725358e-03 5.65634691e-04 8.94697441e-05 3.12469376e-04 5.33563504e-03 -1.50828203e-03 -4.01453668e-04 -4.50603850e-03 6.64774561e-04 1.06166129e-03 -1.62488141e-03 3.61792883e-03 5.63215185e-03
1.35382444e-01 8.90674442e-02 7.06110448e-02 2.74215285e-02 -9.05252807e-03 -1.44986622e-03 -4.92774229e-03 -8.47185329e-02 2.40170546e-02 6.37758337e-03 7.16129467e-02 -1.05592152e-02 -1.68589670e-02 2.58042775e-02 -5.74484169e-02 -8.94336328e-02
-2.01369859e-02 -1.31834242e-02 -1.23695722e-02 -4.74387407e-03 1.66655029e-03 2.50934623e-04 9.21102997e-04 1.57444160e-02 -4.40635905e-03 -1.17664714e-03 -1.32115921e-02 1.94921531e-03 3.11480882e-03 -4.76670731e-03 1.06153078e-02 1.65254194e-02
-9.18921828e-03 -6.28918596e-03 -5.46081457e-03 -2.20904290e-03 7.35624344e-04 1.13883354e-04 4.01871162e-04 6.95748441e-03 -1.95447169e-03 -5.22350776e-04 -5.86362602e-03 8.64941336e-04 1.38223125e-03 -2.11527245e-03 4.71063796e-03 7.33333034e-03
-4.39091846e-02 -2.60901190e-02 -2.30815336e-02 -9.11967829e-03 3.02209356e-03 4.59613279e-04 1.68129127e-03 2.85560768e-02 -8.04834254e-03 -2.14362424e-03 -2.40707379e-02 3.55188432e-03 5.67232817e-03 -8.68163723e-03 1.93304978e-02 3.00927423e-02
2.06237733e-02 1.29913781e-02 1.20287640e-02 4.64883214e-03 -1.61638937e-03 -2.41002985e-04 -8.68697942e-04 -1.51479347e-02 4.27308446e-03 1.14051159e-03 1.28042372e-02 -1.88909122e-03 -3.01814242e-03 4.61895159e-03 -1.02857519e-02 -1.60123855e-02
4.79231924e-02 3.17029990e-02 2.72543021e-02 1.04429293e-02 -3.40651534e-03 -5.65734692e-04 -1.96966296e-03 -3.26719694e-02 9.24281590e-03 2.44271336e-03 2.74230409e-02 -4.04716795e-03 -6.46192161e-03 9.89042781e-03 -2.20205169e-02 -3.42799015e-02
-2.98757534e-02 -1.89698432e-02 -1.87890902e-02 -7.29009975e-03 2.63847294e-03 3.68784764e-04 1.37762516e-03 2.43616514e-02 -6.86426647e-03 -1.83480117e-03 -2.06020661e-02 3.03942221e-03 4.85889986e-03 -7.43544754e-03 1.65600833e-02 2.57802103e-02
9.86139998e-02 6.52894452e-02 6.15222417e-02 2.37597600e-02 -8.69627390e-03 -1.20273710e-03 -4.50180424e-03 -8.01271349e-02 2.25447230e-02 6.04206044e-03 6.78404868e-02 -1.00084618e-02 -1.60009954e-02 2.44858637e-02 -5.45354858e-02 -8.48994553e-02
2.38666125e-03 7.09079555e-04 -1.16039324e-03 -4.60267009e-04 2.15534354e-04 2.91867200e-05 1.04102590e-04 1.95906358e-03 -5.52444486e-04 -1.48421008e-04 -1.66686345e-03 2.45909934e-04 3.93249647e-04 -6.01769425e-04 1.34033593e-03 2.08661146e-03
-4.42669764e-02 -2.85857692e-02 -2.65890900e-02 -1.07367085e-02 3.77482781e-03 5.38267195e-04 1.99424080e-03 3.51682082e-02 -9.90242790e-03 -2.64618057e-03 -2.97095478e-02 4.38290928e-03 7.00578885e-03 -1.07211955e-02 2.38766726e-02 3.71703319e-02
2.33673081e-02 1.35117620e-02 1.05413515e-02 4.08640690e-03 -1.33737829e-03 -2.07450910e-04 -7.45352765e-04 -1.26281222e-02 3.55283334e-03 9.48405359e-04 1.06468825e-02 -1.57054409e-03 -2.51012412e-03 3.84124694e-03 -8.55469890e-03 -1.33176325e-02
-7.52334818e-02 -4.53324392e-02 -4.48859781e-02 -1.79808531e-02 6.53991196e-03 9.38560697e-04 3.38321039e-03 6.06039837e-02 -1.70361344e-02 -4.56813350e-03 -5.12906872e-02 7.56632769e-03 1.20961713e-02 -1.85105093e-02 4.12266701e-02 6.41805828e-02
2.51391865e-02 1.41706467e-02 1.30819362e-02 5.09307953e-03 -1.75949791e-03 -2.61402136e-04 -9.49271314e-04 -1.64758787e-02 4.62659774e-03 1.23719068e-03 1.38909072e-02 -2.04920513e-03 -3.27526662e-03 5.01212059e-03 -1.11624971e-02 -1.73773598e-02
6.72358572e-02 4.87278886e-02 5.17929457e-02 2.11948808e-02 -7.75314588e-03 -1.05314038e-03 -3.98885040e-03 -7.14160204e-02 2.00880338e-02 5.38498070e-03 6.04659356e-02 -8.92028119e-03 -1.42614348e-02 2.18239110e-02 -4.86063808e-02 -7.56691173e-02
5.16549312e-02 3.65923531e-02 2.69406717e-02 1.08384676e-02 -3.54813528e-03 -5.47419419e-04 -1.99807854e-03 -3.34902927e-02 9.43121035e-03 2.51275045e-03 2.82051750e-02 -4.16122982e-03 -6.64626388e-03 1.01725841e-02 -2.26496309e-02 -3.52597162e-02
3.24231051e-02 2.25605518e-02 2.17481609e-02 9.03948210e-03 -3.23579065e-03 -4.46105929e-04 -1.66560593e-03 -2.98154131e-02 8.39260593e-03 2.24769698e-03 2.52369847e-02 -3.72308935e-03 -5.95083321e-03 9.10709891e-03 -2.02817507e-02 -3.15736979e-02
-2.86549400e-03 -2.61734799e-03 -2.83166673e-03 -1.13329873e-03 4.85185650e-04 5.04247000e-05 2.28560632e-04 4.31281049e-03 -1.21303287e-03 -3.26632551e-04 -3.66809126e-03 5.41198533e-04 8.65709735e-04 -1.32470671e-03 2.95076612e-03 4.59373090e-03
-2.06279568e-02 -1.50902718e-02 -1.57345794e-02 -6.32418413e-03 2.34204344e-03 3.14102188e-04 1.19984138e-03 2.15581767e-02 -6.06172206e-03 -1.62533473e-03 -1.82502158e-02 2.69239512e-03 4.30467585e-03 -6.58729905e-03 1.46714281e-02 2.28401069e-02
4.69036400e-02 3.13564353e-02 2.68507637e-02 1.07527655e-02 -3.50156939e-03 -5.41374844e-04 -1.91938167e-03 -3.29702944e-02 9.31035820e-03 2.47983867e-03 2.78453995e-02 -4.10611182e-03 -6.55906554e-03 1.00382725e-02 -2.23525017e-02 -3.47966701e-02
9.97642949e-02 7.17345104e-02 5.71333691e-02 2.24017110e-02 -7.41231581e-03 -1.20677380e-03 -3.97086469e-03 -6.94919452e-02 1.96051449e-02 5.23355510e-03 5.87562919e-02 -8.66527669e-03 -1.38474423e-02 2.11909786e-02 -4.71920744e-02 -7.34663382e-02
3.10954861e-02 1.88481361e-02 1.42593812e-02 5.55561390e-03 -1.83735555e-03 -2.79645610e-04 -1.02776033e-03 -1.72936320e-02 4.87094838e-03 1.29637588e-03 1.45711843e-02 -2.15087505e-03 -3.43091576e-03 5.25140250e-03 -1.16913300e-02 -1.82000678e-02
1.08640995e-02 7.29602762e-03 6.91178441e-03 2.78051198e-03 -9.05258290e-04 -1.42006218e-04 -4.96052671e-04 -8.58267490e-03 2.41830712e-03 6.44123298e-04 7.23031210e-03 -1.06665329e-03 -1.70373148e-03 2.60751485e-03 -5.80612384e-03 -9.03863087e-03
-3.90395224e-02 -2.79344842e-02 -2.26009749e-02 -8.89878534e-03 3.02589778e-03 4.61181335e-04 1.66890130e-03 2.85491087e-02 -8.03171843e-03 -2.13531265e-03 -2.39565689e-02 3.53491725e-03 5.64773800e-03 -8.64598248e-03 1.92485601e-02 2.99643241e-02
-3.81944068e-02 -2.79883966e-02 -2.90879626e-02 -1.13566285e-02 4.15722467e-03 6.05057052e-04 2.16992642e-03 3.84995267e-02 -1.08151203e-02 -2.89613893e-03 -3.25223953e-02 4.79728170e-03 7.66773522e-03 -1.17336037e-02 2.61324756e-02 4.06823866e-02
7.52717182e-02 5.52498959e-02 5.79016209e-02 2.42287684e-02 -8.55103228e-03 -1.19328604e-03 -4.43647616e-03 -7.91996643e-02 2.22714208e-02 5.96486498e-03 6.69717044e-02 -9.88052972e-03 -1.57959126e-02 2.41721049e-02 -5.38356863e-02 -8.38098004e-02
-8.01930055e-02 -5.32526523e-02 -5.11212125e-02 -1.98561773e-02 7.25903874e-03 9.84316575e-04 3.79557349e-03 6.72168508e-02 -1.89048033e-02 -5.06461831e-03 -5.68754412e-02 8.38957727e-03 1.34130372e-02 -2.05255430e-02 4.57149334e-02 7.11678192e-02
3.74241844e-02 2.30023377e-02 2.18815170e-02 8.72483477e-03 -3.22625297e-03 -4.47279803e-04 -1.69583247e-03 -2.98594423e-02 8.39526951e-03 2.24957336e-03 2.52612829e-02 -3.72630451e-03 -5.95780183e-03 9.11702029e-03 -2.03057248e-02 -3.16114426e-02
-3.02086584e-02 -2.05316488e-02 -1.83503013e-02 -7.36288121e-03 2.61035608e-03 3.81866907e-04 1.37922447e-03 2.42771506e-02 -6.83065271e-03 -1.82811555e-03 -2.05231085e-02 3.02760140e-03 4.83954372e-03 -7.40594277e-03 1.64938178e-02 2.56769974e-02
3.26028373e-03 3.58439051e-04 -3.40122497e-03 -1.48209382e-03 7.09803251e-04 7.10915701e-05 3.20746331e-04 6.20688079e-03 -1.76042959e-03 -4.76223970e-04 -5.34832664e-03 7.89157813e-04 1.26282370e-03 -1.93235360e-03 4.30461951e-03 6.70162216e-03
1.45773906e-02 6.11009588e-03 3.27398581e-03 1.19633973e-03 -2.08136247e-04 -6.28468842e-05 -1.63062185e-04 -2.23350595e-03 6.06552581e-04 1.61206030e-04 1.80394051e-03 -2.66115967e-04 -4.25222679e-04 6.50762173e-04 -1.44900370e-03 -2.25574244e-03
1.95566826e-02 1.07864207e-02 8.88416450e-03 3.27041349e-03 -1.06431136e-03 -1.66218480e-04 -5.93261269e-04 -1.01633491e-02 2.86411052e-03 7.63979508e-04 8.57844483e-03 -1.26536982e-03 -2.02193973e-03 3.09423660e-03 -6.89071184e-03 -1.07271420e-02
-5.38157765e-03 -4.21047024e-03 -4.39287210e-03 -1.79116649e-03 6.40923041e-04 8.91890013e-05 3.34369834e-04 5.93019091e-03 -1.66948722e-03 -4.47064114e-04 -5.01947058e-03 7.40495336e-04 1.18387351e-03 -1.81164651e-03 4.03490989e-03 6.28143456e-03
-1.65800601e-02 -1.06465230e-02 -1.02332663e-02 -4.10480052e-03 1.40289322e-03 2.09113568e-04 7.55362154e-04 1.31739778e-02 -3.70717957e-03 -9.90273780e-04 -1.11183375e-02 1.64012716e-03 2.62101903e-03 -4.01103729e-03 8.93246941e-03 1.39056817e-02
8.96748714e-03 5.82251977e-03 5.50470082e-03 2.25041457e-03 -7.43762532e-04 -1.13740694e-04 -4.19659540e-04 -7.08109420e-03 1.99128129e-03 5.30919409e-04 5.95902139e-03 -8.79304367e-04 -1.40498148e-03 2.15019286e-03 -4.78828326e-03 -7.45413732e-03
3.14075202e-02 2.13757306e-02 1.96245294e-02 7.94275384e-03 -2.64371559e-03 -4.37605719e-04 -1.46293442e-03 -2.50735525e-02 7.04610441e-03 1.88253878e-03 2.11344399e-02 -3.11705237e-03 -4.98092175e-03 7.62252556e-03 -1.69751514e-02 -2.64262520e-02
-3.15237418e-03 -2.32449733e-03 -2.42899870e-03 -1.03265513e-03 4.74179280e-04 4.55288100e-05 2.14919259e-04 4.13490366e-03 -1.16337440e-03 -3.14560952e-04 -3.53301433e-03 5.21344831e-04 8.34044593e-04 -1.27626106e-03 2.84296297e-03 4.42593405e-03
-4.67325673e-02 -3.19082364e-02 -2.59422101e-02 -1.03721060e-02 3.50095378e-03 5.35437372e-04 1.90454198e-03 3.30528393e-02 -9.31852497e-03 -2.47194851e-03 -2.77459584e-02 4.09608986e-03 6.54144818e-03 -1.00160819e-02 2.22924612e-02 3.47047895e-02
4.09560278e-02 2.44079381e-02 2.30250563e-02 9.04009119e-03 -3.16058006e-03 -4.84286691e-04 -1.70662277e-03 -2.96581853e-02 8.33657011e-03 2.22665234e-03 2.49985401e-02 -3.68706021e-03 -5.89333754e-03 9.01882350e-03 -2.00852789e-02 -3.12679000e-02
7.73586258e-02 5.45701012e-02 4.59191687e-02 1.85010806e-02 -6.44095102e-03 -9.76036536e-04 -3.48008587e-03 -6.03095517e-02 1.69647392e-02 4.53939103e-03 5.09273782e-02 -7.51214102e-03 -1.20076956e-02 1.83758456e-02 -4.09246795e-02 -6.37091771e-02
4.30254415e-02 2.62540504e-02 2.59827729e-02 1.08314520e-02 -3.85746197e-03 -5.45135001e-04 -1.99318980e-03 -3.57127711e-02 1.00413756e-02 2.69180373e-03 3.02213840e-02 -4.45843069e-03 -7.12808827e-03 1.09079126e-02 -2.42942963e-02 -3.78207080e-02
-6.89701922e-03 -3.14997369e-03 -1.66788581e-03 -7.65610021e-04 2.31995335e-04 3.03447123e-05 1.20179357e-04 2.13898695e-03 -6.01960754e-04 -1.61267133e-04 -1.81045302e-03 2.67082069e-04 4.26980027e-04 -6.53399096e-04 1.45524147e-03 2.26547779e-03
-2.58779675e-02 -1.87803414e-02 -1.76593773e-02 -7.05930497e-03 2.66758585e-03 3.51477880e-04 1.35507865e-03 2.44610142e-02 -6.87983027e-03 -1.84519321e-03 -2.07191184e-02 3.05661326e-03 4.88710823e-03 -7.47857569e-03 1.66565627e-02 2.59305220e-02
-4.09557298e-02 -2.65089758e-02 -2.56044716e-02 -1.00846076e-02 3.75227514e-03 5.08712372e-04 1.93956611e-03 3.45941298e-02 -9.73044988e-03 -2.60790088e-03 -2.92826425e-02 4.31987550e-03 6.90674642e-03 -1.05691655e-02 2.35399306e-02 3.66463400e-02
3.47108506e-02 2.49581020e-02 2.28849314e-02 9.20300558e-03 -3.17084440e-03 -4.73827124e-04 -1.68455369e-03 -2.95732450e-02 8.33762903e-03 2.22744257e-03 2.50081159e-02 -3.68891703e-03 -5.89583302e-03 9.02249757e-03 -2.00935584e-02 -3.12807336e-02
-3.23573686e-02 -2.07436774e-02 -2.05611922e-02 -8.26256350e-03 2.98357499e-03 4.15879302e-04 1.54108100e-03 2.75134761e-02 -7.73995463e-03 -2.07316806e-03 -2.32788678e-02 3.43403942e-03 5.49016381e-03 -8.40143207e-03 1.87117290e-02 2.91299075e-02
-8.34503956e-03 -5.96187823e-03 -6.09516725e-03 -2.43977760e-03 8.10607104e-04 1.30709013e-04 4.50487714e-04 7.71272276e-03 -2.17076810e-03 -5.78407606e-04 -6.49451884e-03 9.57884127e-04 1.52998988e-03 -2.34154239e-03 5.21391071e-03 8.11673421e-03
3.17751206e-02 1.77001636e-02 1.82895418e-02 7.73992948e-03 -2.76254513e-03 -3.80854792e-04 -1.42975047e-03 -2.55489144e-02 7.18410686e-03 1.92516844e-03 2.16159783e-02 -3.18888505e-03 -5.09822974e-03 7.80170644e-03 -1.73760243e-02 -2.70505212e-02
-2.87757237e-02 -1.72592439e-02 -1.57145262e-02 -6.22651819e-03 2.04665656e-03 3.51590541e-04 1.14032975e-03 1.95138417e-02 -5.47756627e-03 -1.45678106e-03 -1.63634066e-02 2.41240952e-03 3.85173876e-03 -5.89538598e-03 1.31261833e-02 2.04342268e-02
-1.87520757e-02 -1.14362342e-02 -1.13105001e-02 -4.68804874e-03 1.62677735e-03 2.32069971e-04 8.55695340e-04 1.51173994e-02 -4.25325008e-03 -1.13795500e-03 -1.27760805e-02 1.88475638e-03 3.01247346e-03 -4.61002393e-03 1.02668544e-02 1.59830768e-02
-1.18945260e-02 -8.43672454e-03 -8.12770985e-03 -3.30779492e-03 1.18033809e-03 1.62480297e-04 6.16784033e-04 1.09610651e-02 -3.08372849e-03 -8.25828931e-04 -9.27242171e-03 1.36788702e-03 2.18679174e-03 -3.34639754e-03 7.45304488e-03 1.16026830e-02
-2.81453989e-02 -1.99378487e-02 -1.82316490e-02 -6.89015258e-03 2.45293835e-03 3.54335818e-04 1.30872719e-03 2.28823759e-02 -6.43762853e-03 -1.72149157e-03 -1.93344038e-02 2.85156351e-03 4.55855485e-03 -6.97582075e-03 1.55364405e-02 2.41866838e-02
-1.55820958e-02 -5.93443774e-03 -2.95491097e-03 -6.43369800e-04 1.79287264e-04 3.81055033e-05 1.14175775e-04 1.79344823e-03 -5.03493589e-04 -1.34228656e-04 -1.50684884e-03 2.22236049e-04 3.55079217e-04 -5.43368515e-04 1.21012179e-03 1.88387220e-03
-1.02728466e-02 -7.05644209e-03 -6.70249667e-03 -2.59689288e-03 9.01605177e-04 1.32977279e-04 4.83033305e-04 8.42661783e-03 -2.37187371e-03 -6.34007214e-04 -7.11818784e-03 1.05001708e-03 1.67825329e-03 -2.56824144e-03 5.71966218e-03 8.90415162e-03
2.73445159e-01 1.96472108e-01 1.90472364e-01 7.42330179e-02 -2.73125283e-02 -3.88905685e-03 -1.42273670e-02 -2.52739280e-01 7.11136013e-02 1.90439727e-02 2.13853166e-01 -3.15436684e-02 -5.04285805e-02 7.71690458e-02 -1.71870723e-01 -2.67563999e-01
4.93872315e-02 3.33163179e-02 2.74566375e-02 1.05105704e-02 -3.67188756e-03 -5.52812766e-04 -1.98126538e-03 -3.43585983e-02 9.67188459e-03 2.58200010e-03 2.89892796e-02 -4.27712360e-03 -6.83408976e-03 1.04587087e-02 -2.32903063e-02 -3.62572707e-02
-7.49639124e-02 -4.62288819e-02 -3.82559225e-02 -1.53587572e-02 5.24183363e-03 7.66488258e-04 2.84428755e-03 4.90666106e-02 -1.37741035e-02 -3.68616870e-03 -4.13902067e-02 6.10515988e-03 9.75890178e-03 -1.49338609e-02 3.32597233e-02 5.17776869e-02
-2.40618028e-02 -1.60973072e-02 -1.50105311e-02 -6.00193441e-03 2.09436193e-03 3.08695802e-04 1.11134432e-03 1.95202213e-02 -5.49263181e-03 -1.46979757e-03 -1.65023487e-02 2.43430585e-03 3.89106548e-03 -5.95446723e-03 1.32612586e-02 2.06446629e-02
3.15238237e-02 2.22241394e-02 2.21607387e-02 8.98074359e-03 -3.24822799e-03 -4.48605540e-04 -1.70150038e-03 -3.00918110e-02 8.46056640e-03 2.26439489e-03 2.54272334e-02 -3.75074102e-03 -5.99547941e-03 9.17477533e-03 -2.04331391e-02 -3.18096541e-02
-5.34508601e-02 -3.49222273e-02 -3.21968980e-02 -1.25614926e-02 4.23298916e-03 6.43860491e-04 2.33792863e-03 3.98350395e-02 -1.11914109e-02 -2.99137295e-03 -3.35877687e-02 4.95322281e-03 7.91593455e-03 -1.21137807e-02 2.69776955e-02 4.19976749e-02
-8.46895874e-02 -5.70322424e-02 -4.88106944e-02 -1.99680962e-02 7.02628167e-03 1.00290985e-03 3.63832898e-03 6.48231432e-02 -1.82373151e-02 -4.88629239e-03 -5.48707433e-02 8.09438061e-03 1.29392985e-02 -1.98003910e-02 4.40991707e-02 6.86526820e-02
-7.38684507e-03 -5.10947313e-03 -4.16698074e-03 -1.67674955e-03 5.57794003e-04 8.37926200e-05 3.06194619e-04 5.24230208e-03 -1.47736166e-03 -3.93952942e-04 -4.42239689e-03 6.52372430e-04 1.04206183e-03 -1.59482844e-03 3.55121586e-03 5.52835129e-03
3.25864106e-02 2.03520749e-02 1.83357485e-02 7.11816736e-03 -2.42587901e-03 -3.75449687e-04 -1.35329564e-03 -2.29109619e-02 6.45700516e-03 1.72157225e-03 1.93284154e-02 -2.85119866e-03 -4.55366448e-03 6.96926983e-03 -1.55181875e-02 -2.41578985e-02
7.04129040e-02 4.99553643e-02 4.51741144e-02 1.62929464e-02 -5.58372773e-03 -8.46299110e-04 -3.01288650e-03 -5.23171946e-02 1.47547740e-02 3.93594336e-03 4.41850796e-02 -6.51916210e-03 -1.04161724e-02 1.59399603e-02 -3.54974419e-02 -5.52601144e-02
2.30286969e-04 1.20193674e-03 2.45483685e-03 1.02709397e-03 -3.88682936e-04 -5.25691830e-05 -1.98783353e-04 -3.58298398e-03 1.00815902e-03 2.70248187e-04 3.03453463e-03 -4.47670609e-04 -7.15718255e-04 1.09524617e-03 -2.43933685e-03 -3.79749388e-03
1.57762110e-01 9.55786407e-02 7.28641599e-02 2.94547752e-02 -1.00233266e-02 -1.50316476e-03 -5.47644170e-03 -9.39695612e-02 2.64339428e-02 7.06465822e-03 7.93177113e-02 -1.16986139e-02 -1.86975859e-02 2.86136437e-02 -6.37235194e-02 -9.92025211e-02
3.51985879e-02 2.49119196e-02 2.63981111e-02 1.06712375e-02 -3.89761664e-03 -5.42149472e-04 -2.04274454e-03 -3.61483209e-02 1.01572759e-02 2.72187730e-03 3.05627715e-02 -4.50857962e-03 -7.20815267e-03 1.10304169e-02 -2.45670825e-02 -3.82453762e-02
-2.52542854e-03 -2.10925424e-03 -3.12110852e-03 -1.25174900e-03 4.36187664e-04 6.80419980e-05 2.36841210e-04 4.11442108e-03 -1.16171478e-03 -3.09652911e-04 -3.47674987e-03 5.12953731e-04 8.19588196e-04 -1.25427102e-03 2.79315235e-03 4.34823846e-03
1.31291207e-02 7.39450846e-03 4.30242298e-03 1.72331964e-03 -4.47530241e-04 -9.36051802e-05 -2.82726978e-04 -4.52706963e-03 1.28686859e-03 3.36250087e-04 3.77002428e-03 -5.57165942e-04 -8.87193717e-04 1.35858811e-03 -3.02264583e-03 -4.70503699e-03
-4.93046753e-02 -2.89910492e-02 -2.46118568e-02 -1.02130808e-02 3.30116856e-03 5.25173964e-04 1.79141818e-03 3.10866330e-02 -8.74432828e-03 -2.33505899e-03 -2.62176190e-02 3.86669999e-03 6.17729547e-03 -9.45412368e-03 2.10517421e-02 3.27723511e-02
7.36342072e-02 5.10430261e-02 5.02102561e-02 1.94054935e-02 -7.11217569e-03 -9.81437392e-04 -3.69175198e-03 -6.59404173e-02 1.85393933e-02 4.96867066e-03 5.57914637e-02 -8.23030714e-03 -1.31584601e-02 2.01359652e-02 -4.48471233e-02 -6.98168129e-02
-2.21774019e-02 -1.54026579e-02 -1.35659352e-02 -5.33076469e-03 1.81508623e-03 2.76740349e-04 9.86487488e-04 1.70299467e-02 -4.80111595e-03 -1.27917051e-03 -1.43600097e-02 2.11857143e-03 3.38429119e-03 -5.17945504e-03 1.15332110e-02 1.79543197e-02
-2.95815337e-02 -1.63732693e-02 -1.41072012e-02 -5.55199664e-03 1.79786456e-03 2.79566884e-04 9.89656080e-04 1.69744156e-02 -4.79569845e-03 -1.27588667e-03 -1.43234842e-02 2.11322308e-03 3.37468763e-03 -5.16513316e-03 1.15002487e-02 1.79028381e-02
1.19748833e-02 8.90848413e-03 9.52179171e-03 3.93696688e-03 -1.49743818e-03 -1.92895997e-04 -7.53639091e-04 -1.36726070e-02 3.84654198e-03 1.03195419e-03 1.15877204e-02 -1.70949975e-03 -2.73333513e-03 4.18271963e-03 -9.31596942e-03 -1.45028830e-02
-1.70111116e-02 -1.20721860e-02 -1.01915896e-02 -3.93362949e-03 1.30521145e-03 2.07844743e-04 7.37879483e-04 1.23572806e-02 -3.47703556e-03 -9.26464098e-04 -1.03993574e-02 1.53415964e-03 2.45144241e-03 -3.75154801e-03 8.35446641e-03 1.30057912e-02
-1.04034925e-02 -8.45217984e-03 -1.05367210e-02 -4.34922799e-03 1.61599764e-03 2.23919778e-04 8.28478369e-04 1.48871737e-02 -4.19069408e-03 -1.12286897e-03 -1.26078548e-02 1.86002650e-03 2.97365058e-03 -4.55050170e-03 1.01348534e-02 1.57776531e-02
-2.44666338e-02 -1.57627892e-02 -1.49638625e-02 -5.93126658e-03 2.07327958e-03 2.99086794e-04 1.10477803e-03 1.93803031e-02 -5.44929830e-03 -1.45778060e-03 -1.63660366e-02 2.41434388e-03 3.85894277e-03 -5.90540003e-03 1.31516531e-02 2.04739980e-02
4.22209576e-02 3.08462940e-02 2.72360388e-02 1.10008745e-02 -3.89585271e-03 -5.45239775e-04 -2.05256906e-03 -3.60922702e-02 1.01489667e-02 2.71942955e-03 3.05340122e-02 -4.50441800e-03 -7.20125064e-03 1.10197738e-02 -2.45433860e-02 -3.82084623e-02
2.31598280e-02 1.59047134e-02 1.45869432e-02 5.88446576e-03 -2.04418646e-03 -3.05464899e-04 -1.08636345e-03 -1.90733727e-02 5.37098851e-03 1.43631792e-03 1.61279514e-02 -2.37870472e-03 -3.80188460e-03 5.81804197e-03 -1.29571073e-02 -2.01711301e-02
5.39987907e-02 4.13934141e-02 2.89107412e-02 1.12663060e-02 -3.51221557e-03 -5.91339893e-04 -2.05644197e-03 -3.38483714e-02 9.50395875e-03 2.53004860e-03 2.84373350e-02 -4.18970501e-03 -6.68730447e-03 1.02369431e-02 -2.27878634e-02 -3.54739651e-02
-2.48748586e-02 -1.70411058e-02 -1.26757007e-02 -5.34880068e-03 1.62458816e-03 2.63573951e-04 9.62633290e-04 1.56089906e-02 -4.39982768e-03 -1.16297882e-03 -1.30513478e-02 1.92626193e-03 3.07329604e-03 -4.70536482e-03 1.04729859e-02 1.63036250e-02
2.36585066e-02 1.19486786e-02 7.83133693e-03 2.94460449e-03 -9.54915246e-04 -1.53658839e-04 -5.32653183e-04 -9.03504901e-03 2.54967483e-03 6.78994344e-04 7.62686878e-03 -1.12466316e-03 -1.79645338e-03 2.74929521e-03 -6.12196466e-03 -9.53033008e-03
2.94152065e-03 2.42660451e-03 2.93475343e-03 1.16793253e-03 -4.04634135e-04 -6.26963665e-05 -2.17972629e-04 -3.80769162e-03 1.07309793e-03 2.86464026e-04 3.21682449e-03 -4.74483677e-04 -7.58173701e-04 1.16028672e-03 -2.58389325e-03 -4.02249116e-03
5.87127395e-02 3.85486707e-02 3.31553780e-02 1.29026808e-02 -4.42155497e-03 -6.79245160e-04 -2.35854811e-03 -4.13639136e-02 1.16507271e-02 3.11497133e-03 3.49757783e-02 -5.15949726e-03 -8.24692845e-03 1.26203857e-02 -2.81068273e-02 -4.37556840e-02
2.98011191e-02 1.96381882e-02 1.89084336e-02 7.53604714e-03 -2.69207172e-03 -3.84407205e-04 -1.41691882e-03 -2.49682646e-02 7.03055738e-03 1.87988474e-03 2.11101584e-02 -3.11413687e-03 -4.97712288e-03 7.61652645e-03 -1.69625077e-02 -2.64065880e-02
-7.80546069e-02 -4.69821319e-02 -4.34563868e-02 -1.62012372e-02 5.59415249e-03 8.43207468e-04 3.08165490e-03 5.27301840e-02 -1.48366019e-02 -3.95184755e-03 -4.43734415e-02 6.54763449e-03 1.04632415e-02 -1.60121694e-02 3.56588177e-02 5.55121712e-02
-1.42023806e-02 -8.21686164e-03 -5.69737237e-03 -1.91074866e-03 6.47337409e-04 9.91007400e-05 3.55897384e-04 6.09994214e-03 -1.71438442e-03 -4.58602357e-04 -5.14915260e-03 7.59566552e-04 1.21397537e-03 -1.85771228e-03 4.13746387e-03 6.44108094e-03
1.16621954e-02 6.63702935e-03 3.98458168e-03 1.55439344e-03 -4.61623131e-04 -7.53830100e-05 -2.63821887e-04 -4.42034937e-03 1.24392414e-03 3.31483432e-04 3.72119714e-03 -5.48886193e-04 -8.76915117e-04 1.34199276e-03 -2.98844022e-03 -4.65224683e-03
1.66396629e-02 1.23165222e-02 1.39020681e-02 5.70702739e-03 -2.08521821e-03 -2.99894891e-04 -1.08375796e-03 -1.92983337e-02 5.42975916e-03 1.45251909e-03 1.63072590e-02 -2.40579690e-03 -3.84551939e-03 5.88503247e-03 -1.31063694e-02 -2.04032399e-02
2.28575412e-02 1.77671928e-02 1.46169951e-02 5.97723108e-03 -1.98131171e-03 -2.82985246e-04 -1.06829614e-03 -1.84928346e-02 5.21718804e-03 1.39281224e-03 1.56424958e-02 -2.30846764e-03 -3.68598895e-03 5.64253097e-03 -1.25632007e-02 -1.95574854e-02
-1.69710116e-03 -3.45291058e-03 -6.87128538e-03 -2.80138152e-03 1.17899803e-03 1.42718549e-04 5.77096362e-04 1.06210476e-02 -2.98483018e-03 -8.02803552e-04 -9.01532546e-03 1.32993283e-03 2.12689862e-03 -3.25466995e-03 7.24927150e-03 1.12855500e-02
7.77062308e-03 6.75543677e-03 8.51407927e-03 3.52293509e-03 -1.35429762e-03 -1.73881723e-04 -6.80087716e-04 -1.23551907e-02 3.47788213e-03 9.33010189e-04 1.04768053e-02 -1.54562423e-03 -2.47132103e-03 3.78177478e-03 -8.42296053e-03 -1.31126670e-02
2.57685827e-03 8.43939953e-04 2.76865030e-04 4.37863200e-05 3.42642161e-05 -6.80910534e-06 7.66458470e-08 2.10985134e-04 -5.75570484e-05 -1.69929499e-05 -1.90487932e-04 2.82487763e-05 4.56563357e-05 -6.98047152e-05 1.55824760e-04 2.42638722e-04
6.09560534e-02 3.66368219e-02 3.26624736e-02 1.26396576e-02 -4.25756257e-03 -6.28842274e-04 -2.28039781e-03 -3.98592055e-02 1.12241646e-02 2.99493177e-03 3.36329006e-02 -4.96101147e-03 -7.92730600e-03 1.21315764e-02 -2.70164721e-02 -4.20579948e-02
-3.02320533e-02 -2.23478004e-02 -1.94046572e-02 -7.45971873e-03 2.51802453e-03 3.88188171e-04 1.37619092e-03 2.36359071e-02 -6.66924939e-03 -1.77573680e-03 -1.99410021e-02 2.94204406e-03 4.69867373e-03 -7.19097629e-03 1.60119236e-02 2.49265488e-02
2.12573409e-02 1.38048977e-02 1.24416538e-02 4.93692001e-03 -1.71044085e-03 -2.52347323e-04 -9.19603626e-04 -1.59768835e-02 4.48991824e-03 1.19996513e-03 1.34745389e-02 -1.98747776e-03 -3.17634433e-03 4.86081699e-03 -1.08251851e-02 -1.68522261e-02
-3.30555290e-02 -2.28877477e-02 -2.39217281e-02 -9.60417371e-03 3.52466363e-03 4.85644647e-04 1.81532162e-03 3.25271077e-02 -9.15219635e-03 -2.45267153e-03 -2.75394451e-02 4.06263955e-03 6.49541849e-03 -9.93973110e-03 2.21379735e-02 3.44638191e-02
-1.29283443e-02 -1.07445754e-02 -1.25448443e-02 -5.11959288e-03 1.89918012e-03 2.64597154e-04 9.73949966e-04 1.74843408e-02 -4.92006214e-03 -1.31895381e-03 -1.48099689e-02 2.18470651e-03 3.49280029e-03 -5.34492871e-03 1.19042872e-02 1.85322706e-02
5.41279763e-02 3.56926993e-02 3.45459655e-02 1.38447732e-02 -4.74961614e-03 -7.32112210e-04 -2.51308153e-03 -4.45017517e-02 1.25348186e-02 3.35114589e-03 3.76161747e-02 -5.54908486e-03 -8.86958931e-03 1.35735078e-02 -3.02289147e-02 -4.70591970e-02
6.74586557e-03 1.07346778e-03 -1.56373030e-03 -2.55133666e-04 4.74834786e-04 3.98856500e-05 1.95087458e-04 4.01529390e-03 -1.12785702e-03 -3.07788956e-04 -3.45849199e-03 5.10065816e-04 8.16800166e-04 -1.24978658e-03 2.78434181e-03 4.33474127e-03
6.04090504e-02 4.40264009e-02 4.00379151e-02 1.61971450e-02 -5.61297126e-03 -7.95965607e-04 -3.02310777e-03 -5.23136929e-02 1.47391595e-02 3.93850077e-03 4.42229882e-02 -6.52367249e-03 -1.04295025e-02 1.59598943e-02 -3.55457142e-02 -5.53364865e-02
2.15373002e-04 -3.27793253e-03 -6.82453252e-03 -2.78086262e-03 1.21007103e-03 1.49410102e-04 5.91409160e-04 1.09129744e-02 -3.06757446e-03 -8.24100338e-04 -9.25345160e-03 1.36522879e-03 2.18315423e-03 -3.34077165e-03 7.44096097e-03 1.15839476e-02
2.61643548e-02 1.73575524e-02 1.51259117e-02 6.17296575e-03 -2.09099404e-03 -3.18992505e-04 -1.14025408e-03 -1.96757149e-02 5.51441871e-03 1.47601485e-03 1.65650807e-02 -2.44314340e-03 -3.90479388e-03 5.97552210e-03 -1.33076115e-02 -2.07168404e-02
-1.10926013e-02 -9.10918135e-03 -1.09965559e-02 -4.49249567e-03 1.67594058e-03 2.26929304e-04 8.57759966e-04 1.54055711e-02 -4.33314266e-03 -1.16167986e-03 -1.30439783e-02 1.92430522e-03 3.07659875e-03 -4.70801955e-03 1.04858121e-02 1.63240433e-02
4.34225425e-02 2.88690254e-02 2.56883334e-02 1.00113042e-02 -3.38591984e-03 -4.94343287e-04 -1.79951591e-03 -3.17304805e-02 8.94091278e-03 2.39058863e-03 2.68396009e-02 -3.95934843e-03 -6.32875599e-03 9.68491100e-03 -2.15693247e-02 -3.35783139e-02
-3.01689021e-02 -2.26832293e-02 -2.15209797e-02 -8.46107490e-03 3.09558818e-03 4.33809590e-04 1.60395913e-03 2.86657512e-02 -8.05085897e-03 -2.15771166e-03 -2.42282990e-02 3.57411802e-03 5.71415992e-03 -8.74423143e-03 1.94752235e-02 3.03185061e-02
-1.56989601e-02 -1.02910222e-02 -9.43263434e-03 -4.23614867e-03 1.25736452e-03 2.09185790e-04 7.01557321e-04 1.19266286e-02 -3.36007285e-03 -8.95555888e-04 -1.00456076e-02 1.48231757e-03 2.36837403e-03 -3.62463272e-03 8.07142351e-03 1.25651481e-02
6.41426668e-02 4.59118411e-02 4.13859412e-02 1.70453750e-02 -6.01303577e-03 -8.49765842e-04 -3.15729785e-03 -5.56037910e-02 1.56538244e-02 4.19073598e-03 4.70551737e-02 -6.94116764e-03 -1.10962708e-02 1.69804152e-02 -3.78183499e-02 -5.88744804e-02
-1.93632245e-02 -1.27287963e-02 -1.31684933e-02 -5.34127420e-03 1.97569071e-03 2.66848539e-04 1.01162470e-03 1.81775317e-02 -5.11221774e-03 -1.37069507e-03 -1.53906401e-02 2.27052090e-03 3.63014126e-03 -5.55508770e-03 1.23724276e-02 1.92610789e-02
5.75533807e-02 3.89471799e-02 4.06228900e-02 1.64195281e-02 -5.94374677e-03 -8.47515650e-04 -3.10004642e-03 -5.52002117e-02 1.55149195e-02 4.15797392e-03 4.66873273e-02 -6.88717281e-03 -1.10111078e-02 1.68499723e-02 -3.75284739e-02 -5.84232993e-02
-8.40467680e-03 -5.12692239e-03 -4.89534251e-03 -1.98045000e-03 6.66394015e-04 1.04673672e-04 3.70273599e-04 6.33967528e-03 -1.78644352e-03 -4.74938017e-04 -5.32921450e-03 7.86644581e-04 1.25613052e-03 -1.92259613e-03 4.28027054e-03 6.66329404e-03
4.04152181e-03 3.27568036e-03 4.02076356e-03 1.65802287e-03 -6.04073692e-04 -8.40364955e-05 -3.11700132e-04 -5.58140036e-03 1.56883884e-03 4.20546014e-04 4.72213421e-03 -6.96615956e-04 -1.11373165e-03 1.70430820e-03 -3.79586755e-03 -5.90930646e-03
3.13190976e-03 2.83411914e-03 3.18838586e-03 1.30412728e-03 -4.67975595e-04 -6.43299718e-05 -2.43409580e-04 -4.33208002e-03 1.21924898e-03 3.26355803e-04 3.66458320e-03 -5.40589856e-04 -8.64165777e-04 1.32242532e-03 -2.94523174e-03 -4.58504213e-03
-1.87057704e-02 -1.22681018e-02 -1.15357675e-02 -4.67240298e-03 1.63405703e-03 2.35853993e-04 8.58464511e-04 1.52041800e-02 -4.28044982e-03 -1.14533782e-03 -1.28598511e-02 1.89703086e-03 3.03239445e-03 -4.64043720e-03 1.03348913e-02 1.60890203e-02
-8.26747566e-02 -5.51915392e-02 -5.54419085e-02 -2.21880246e-02 7.96691794e-03 1.09882862e-03 4.11052536e-03 7.36114010e-02 -2.06962526e-02 -5.54555561e-03 -6.22664914e-02 9.18559637e-03 1.46855600e-02 -2.24728789e-02 5.00517450e-02 7.79191852e-02
1.72675513e-02 1.17179006e-02 1.09355338e-02 4.50760173e-03 -1.54558441e-03 -2.25449272e-04 -8.11196456e-04 -1.43760955e-02 4.04364616e-03 1.08316250e-03 1.21609708e-02 -1.79399829e-03 -2.86800810e-03 4.38884692e-03 -9.77476779e-03 -1.52170788e-02
5.91045283e-02 3.78984958e-02 3.66344005e-02 1.46780675e-02 -5.19881770e-03 -7.30621570e-04 -2.70300684e-03 -4.81383428e-02 1.35512240e-02 3.62607231e-03 4.07134928e-02 -6.00593956e-03 -9.60017554e-03 1.46912131e-02 -3.27189788e-02 -5.09357825e-02
-2.02866420e-02 -1.22271925e-02 -7.64227659e-03 -2.74003111e-03 8.84497189e-04 1.53059009e-04 5.08063764e-04 8.54990818e-03 -2.39611859e-03 -6.38609694e-04 -7.16941478e-03 1.05732190e-03 1.68919901e-03 -2.58505251e-03 5.75661520e-03 8.96159932e-03
3.95333488e-03 2.59675877e-03 2.04884354e-03 7.04355538e-04 -1.88190766e-04 -3.32632262e-05 -1.13542388e-04 -1.88327802e-03 5.30895661e-04 1.41221550e-04 1.58567785e-03 -2.33903076e-04 -3.73766583e-04 5.71965647e-04 -1.27379200e-03 -1.98298250e-03
-3.71101759e-02 -2.66462825e-02 -2.41439082e-02 -9.72882938e-03 3.41133168e-03 4.82434465e-04 1.82103144e-03 3.17871682e-02 -8.94015469e-03 -2.39007012e-03 -2.68368367e-02 3.95926367e-03 6.32880675e-03 -9.68488492e-03 2.15695892e-02 3.35789062e-02
-3.83876339e-02 -2.83078011e-02 -2.71682553e-02 -1.13008926e-02 4.18412732e-03 5.57240099e-04 2.13393918e-03 3.84346731e-02 -1.08092763e-02 -2.89866119e-03 -3.25469524e-02 4.80149034e-03 7.67672108e-03 -1.17474478e-02 2.61642374e-02 4.07318212e-02
