-2.58542150e-02 -1.66233703e-02 -3.53814252e-02 -8.75778962e-03 -1.62764010e-03 5.85628068e-03 -1.47239165e-03 2.42629182e-02 -3.22707789e-03 6.11000462e-03 -3.25704925e-02 1.08358199e-02 -1.19883486e-03 -1.25254961e-02 1.68593377e-02 2.35083289e-02
3.53088267e-02 2.05777436e-02 3.92331630e-02 9.58238542e-03 1.83957734e-03 -6.36375835e-03 1.57597091e-03 -2.64781099e-02 3.52836424e-03 -6.63568452e-03 3.54334563e-02 -1.17809270e-02 1.30485534e-03 1.36178480e-02 -1.83294006e-02 -2.55574752e-02
7.39084650e-03 6.10833196e-03 1.38103217e-02 3.63105442e-03 6.46634493e-04 -2.44090497e-03 6.24736131e-04 -1.01019964e-02 1.33302470e-03 -2.54554674e-03 1.35621000e-02 -4.51327162e-03 4.99261601e-04 5.21740830e-03 -7.02267746e-03 -9.79237631e-03
3.55887674e-02 2.56284662e-02 5.89622334e-02 1.49900410e-02 2.66981404e-03 -1.02703432e-02 2.66445638e-03 -4.23281193e-02 5.56484796e-03 -1.07081942e-02 5.69978692e-02 -1.89751368e-02 2.09763390e-03 2.19368078e-02 -2.95275915e-02 -4.11737859e-02
4.93382104e-02 4.23331857e-02 9.64172035e-02 2.48890091e-02 4.61286400e-03 -1.68280024e-02 4.33143834e-03 -6.98220283e-02 9.18913633e-03 -1.75682865e-02 9.36001837e-02 -3.11559364e-02 3.44625022e-03 3.60183455e-02 -4.84806672e-02 -6.76010624e-02
-2.44593844e-02 -1.79226454e-02 -3.24855447e-02 -7.87016004e-03 -1.58780196e-03 4.88040131e-03 -1.10865652e-03 2.08931193e-02 -2.80927913e-03 5.11242263e-03 -2.74695959e-02 9.10835154e-03 -1.01501064e-03 -1.05260536e-02 1.41669028e-02 1.97522715e-02
2.90914103e-02 1.81894489e-02 3.18270214e-02 7.43163284e-03 1.60628429e-03 -4.64608846e-03 1.09943596e-03 -1.97037868e-02 2.67677684e-03 -4.87311836e-03 2.62305923e-02 -8.68838839e-03 9.67255561e-04 1.00412816e-02 -1.35171860e-02 -1.88426301e-02
-2.74348399e-03 -1.36263750e-03 -1.91637699e-03 -4.41671524e-04 -9.25151980e-05 2.36575666e-04 -5.23143535e-05 1.00690778e-03 -1.37516821e-04 2.48135591e-04 -1.33448769e-03 4.42327815e-04 -4.92063482e-05 -5.11070131e-04 6.87842839e-04 9.58962075e-04
1.34511456e-01 8.89852345e-02 1.65147826e-01 3.98739092e-02 7.17557361e-03 -2.62326114e-02 6.62737619e-03 -1.08917087e-01 1.45547492e-02 -2.73825619e-02 1.46356434e-01 -4.86200862e-02 5.38750505e-03 5.61992042e-02 -7.56404549e-02 -1.05471052e-01
-1.14014689e-02 -7.36595271e-03 -1.49710514e-02 -3.56251118e-03 -7.01509533e-04 2.40619900e-03 -5.93429315e-04 1.01085659e-02 -1.31962006e-03 2.51291948e-03 -1.33914342e-02 4.45593800e-03 -4.93039202e-04 -5.15085645e-03 6.93310425e-03 9.66737047e-03
-9.40328557e-03 -7.43997749e-03 -1.50500936e-02 -3.81822232e-03 -7.15653005e-04 2.56351917e-03 -6.54921459e-04 1.06281638e-02 -1.39702822e-03 2.67467578e-03 -1.42498240e-02 4.74210409e-03 -5.24492003e-04 -5.48197888e-03 7.37881055e-03 1.02890246e-02
-3.23360786e-02 -1.95409153e-02 -4.05501835e-02 -1.00110918e-02 -1.89908361e-03 6.64638076e-03 -1.65956607e-03 2.76267678e-02 -3.65465856e-03 6.93367003e-03 -3.69825549e-02 1.23007419e-02 -1.36204436e-03 -1.42183909e-02 1.91378593e-02 2.66851466e-02
1.48717109e-02 9.02708340e-03 1.84735321e-02 4.44591511e-03 8.55837017e-04 -2.98940949e-03 7.58604845e-04 -1.23835839e-02 1.64105662e-03 -3.11938883e-03 1.66337583e-02 -5.53339534e-03 6.12375850e-04 6.39615208e-03 -8.60915985e-03 -1.20043987e-02
3.36969681e-02 2.26690546e-02 4.52555716e-02 1.08540934e-02 2.16955133e-03 -7.17408815e-03 1.75774994e-03 -3.00502609e-02 4.00784193e-03 -7.49585265e-03 3.99935693e-02 -1.33017832e-02 1.47345243e-03 1.53752156e-02 -2.06948332e-02 -2.88555175e-02
-3.16141583e-02 -2.22591124e-02 -5.19932918e-02 -1.30928680e-02 -2.30465410e-03 9.04876366e-03 -2.34267837e-03 3.73051278e-02 -4.92054690e-03 9.43504460e-03 -5.02155758e-02 1.67183876e-02 -1.84821035e-03 -1.93276200e-02 2.60155685e-02 3.62764858e-02
4.21922095e-02 3.40301432e-02 8.29275474e-02 2.17129625e-02 3.77835263e-03 -1.52486106e-02 3.99718015e-03 -6.26779646e-02 8.24053120e-03 -1.58899482e-02 8.45484063e-02 -2.81520523e-02 3.11169634e-03 3.25465910e-02 -4.38088886e-02 -6.10881299e-02
4.26151464e-03 6.52449997e-03 1.68534014e-02 4.43318579e-03 8.00808892e-04 -3.02795810e-03 7.76936358e-04 -1.25417272e-02 1.64404092e-03 -3.15748597e-03 1.68101192e-02 -5.59591595e-03 6.18703489e-04 6.46920176e-03 -8.70770030e-03 -1.21421162e-02
-2.63366587e-02 -1.82140078e-02 -3.92875262e-02 -1.00695351e-02 -1.82194111e-03 6.88880030e-03 -1.78202032e-03 2.84327287e-02 -3.74617707e-03 7.18237506e-03 -3.82358208e-02 1.27286483e-02 -1.40731421e-03 -1.47152515e-02 1.98069941e-02 2.76190806e-02
1.91355422e-02 1.63513385e-02 3.79659794e-02 9.79304686e-03 1.73975562e-03 -6.76102424e-03 1.75165047e-03 -2.78579891e-02 3.66428285e-03 -7.04805087e-03 3.75122726e-02 -1.24889007e-02 1.38057128e-03 1.44381858e-02 -1.94342341e-02 -2.70994622e-02
-3.71113569e-02 -2.24833339e-02 -5.13268262e-02 -1.32868225e-02 -2.38081813e-03 9.24353767e-03 -2.41779583e-03 3.80607955e-02 -5.00075147e-03 9.63878911e-03 -5.12982756e-02 1.70789827e-02 -1.88782753e-03 -1.97447445e-02 2.65770722e-02 3.70596349e-02
1.63980722e-02 9.58262663e-03 2.06249822e-02 5.08778077e-03 9.35057469e-04 -3.44241573e-03 8.76502891e-04 -1.42740775e-02 1.87451439e-03 -3.59171466e-03 1.91273801e-02 -6.36635441e-03 7.03947211e-04 7.35963928e-03 -9.90622584e-03 -1.38132982e-02
5.55536412e-02 5.53538091e-02 1.36262223e-01 3.57697830e-02 6.27135579e-03 -2.48635914e-02 6.49562757e-03 -1.02271885e-01 1.34459576e-02 -2.59130709e-02 1.37891725e-01 -4.59118374e-02 5.07495040e-03 5.30784056e-02 -7.14453235e-02 -9.96248648e-02
3.70524824e-02 2.59779170e-02 4.70019951e-02 1.17558101e-02 2.18350021e-03 -7.77514745e-03 1.93521276e-03 -3.23251598e-02 4.26730374e-03 -8.11313465e-03 4.32654694e-02 -1.43923573e-02 1.59292680e-03 1.66372303e-02 -2.23932378e-02 -3.12245153e-02
2.24763826e-02 1.92480851e-02 4.31336835e-02 1.12532359e-02 1.98496273e-03 -7.57686468e-03 1.96023495e-03 -3.12999971e-02 4.12921188e-03 -7.90230650e-03 4.21115570e-02 -1.40121682e-02 1.54963508e-03 1.61983743e-02 -2.18023770e-02 -3.04004066e-02
-2.57332972e-03 -2.42796075e-03 -5.01317903e-03 -1.32669811e-03 -2.51950201e-04 8.37847299e-04 -2.08548547e-04 3.49326874e-03 -4.60788113e-04 8.75232276e-04 -4.66788793e-03 1.55257387e-03 -1.71811582e-04 -1.79469469e-03 2.41564214e-03 3.36831436e-03
-1.42466202e-02 -1.14407260e-02 -2.54599620e-02 -6.44895574e-03 -1.14437833e-03 4.47171321e-03 -1.16681738e-03 1.84070989e-02 -2.41821609e-03 4.66068555e-03 -2.47999374e-02 8.25749058e-03 -9.12737625e-04 -9.54645313e-03 1.28498636e-02 1.79181360e-02
4.27226648e-02 2.99659166e-02 6.22338951e-02 1.54268052e-02 2.94223288e-03 -1.00858873e-02 2.53927778e-03 -4.19111736e-02 5.56400698e-03 -1.05335973e-02 5.62333465e-02 -1.86916664e-02 2.06957688e-03 2.16062646e-02 -2.90824808e-02 -4.05507199e-02
8.22687522e-02 6.03830144e-02 1.10638052e-01 2.72496659e-02 4.93860617e-03 -1.81671903e-02 4.68870113e-03 -7.51330778e-02 9.92747210e-03 -1.89759117e-02 1.01117663e-01 -3.36444005e-02 3.72090610e-03 3.88934202e-02 -5.23511395e-02 -7.29982704e-02
1.35705909e-02 1.00909770e-02 2.24943850e-02 5.70612680e-03 1.04495045e-03 -3.85756604e-03 9.72290058e-04 -1.60162989e-02 2.11432879e-03 -4.02456382e-03 2.14704443e-02 -7.13932328e-03 7.90432096e-04 8.25089961e-03 -1.11054294e-02 -1.54847968e-02
6.48332667e-03 4.81192302e-03 9.72406566e-03 2.36546178e-03 4.57317918e-04 -1.52337970e-03 3.82543891e-04 -6.35855086e-03 8.41872010e-04 -1.59024750e-03 8.48847441e-03 -2.82251625e-03 3.12519929e-04 3.26250098e-03 -4.39126138e-03 -6.12295419e-03
-2.46100724e-02 -1.91742331e-02 -3.80233228e-02 -9.46091209e-03 -1.75681349e-03 6.36013132e-03 -1.59557734e-03 2.65822802e-02 -3.50973406e-03 6.63455203e-03 -3.53751816e-02 1.17709721e-02 -1.30323262e-03 -1.36096468e-02 1.83180068e-02 2.55409628e-02
-2.66955197e-02 -2.43668109e-02 -5.42140603e-02 -1.31833311e-02 -2.39602290e-03 9.06126387e-03 -2.32584914e-03 3.76007669e-02 -4.93478077e-03 9.45873931e-03 -5.03988750e-02 1.67686269e-02 -1.85432832e-03 -1.93836968e-02 2.60906108e-02 3.63812558e-02
6.40083104e-02 5.89102954e-02 1.38819665e-01 3.65772806e-02 6.49164990e-03 -2.48600673e-02 6.46140426e-03 -1.02542058e-01 1.34827364e-02 -2.59203482e-02 1.37951165e-01 -4.59304340e-02 5.07765822e-03 5.30991480e-02 -7.14729726e-02 -9.96630415e-02
-5.53036556e-02 -4.28028107e-02 -9.57191885e-02 -2.40808595e-02 -4.33374057e-03 1.67569462e-02 -4.34400933e-03 6.89894259e-02 -9.07096267e-03 1.74635295e-02 -9.29396600e-02 3.09412982e-02 -3.42008914e-03 -3.57709527e-02 4.81489226e-02 6.71399236e-02
1.54852690e-02 5.60587458e-03 7.73957744e-03 1.71652564e-03 3.69341549e-04 -1.15414243e-03 2.76007690e-04 -4.80456883e-03 6.30529888e-04 -1.20696879e-03 6.42632600e-03 -2.13872478e-03 2.36408188e-04 2.47256737e-03 -3.32815805e-03 -4.64085583e-03
-2.09551044e-02 -1.78529471e-02 -4.09282595e-02 -1.06620258e-02 -1.89232104e-03 7.40229338e-03 -1.92718813e-03 3.04874592e-02 -4.01013065e-03 7.71708274e-03 -4.10740562e-02 1.36747481e-02 -1.51171349e-03 -1.58091392e-02 2.12795697e-02 2.96725947e-02
-4.46641119e-03 -8.20949022e-03 -2.34884303e-02 -6.26689056e-03 -1.09664688e-03 4.40428266e-03 -1.15268352e-03 1.81313269e-02 -2.38215621e-03 4.58883028e-03 -2.44202688e-02 8.13057739e-03 -8.98774539e-04 -9.39968321e-03 1.26522891e-02 1.76425632e-02
-1.04736974e-02 -2.33155936e-02 -6.98207468e-02 -1.89812649e-02 -3.28879501e-03 1.35414433e-02 -3.57594108e-03 5.55470288e-02 -7.30880722e-03 1.41051970e-02 -7.50443637e-02 2.49880571e-02 -2.76189577e-03 -2.88888272e-02 3.88854854e-02 5.42228520e-02
1.17389197e-02 6.34385645e-03 1.01356814e-02 1.86720409e-03 5.13440755e-04 -1.05414831e-03 2.29917205e-04 -4.49586194e-03 6.03655411e-04 -1.10566698e-03 5.92617458e-03 -1.96612207e-03 2.18128509e-04 2.27189972e-03 -3.05771176e-03 -4.26328927e-03
4.52165306e-03 6.17776206e-03 1.68830249e-02 4.49990341e-03 7.84473319e-04 -3.16253607e-03 8.29155557e-04 -1.29986983e-02 1.70923700e-03 -3.29527678e-03 1.75339226e-02 -5.83823258e-03 6.45318767e-04 6.74959132e-03 -9.08519141e-03 -1.26685966e-02
-1.15647744e-02 -8.39796849e-03 -1.90406665e-02 -4.83125681e-03 -9.02059895e-04 3.26945423e-03 -8.38490436e-04 1.35330474e-02 -1.78267551e-03 3.41075053e-03 -1.81690902e-02 6.04649633e-03 -6.68750727e-04 -6.98985672e-03 9.40844510e-03 1.31191202e-02
7.58704823e-03 5.45966160e-03 1.26378341e-02 3.28660337e-03 6.05448964e-04 -2.24852888e-03 5.75131038e-04 -9.29508265e-03 1.22330431e-03 -2.34424439e-03 1.24814110e-02 -4.15506447e-03 4.59440576e-04 4.80344845e-03 -6.46555796e-03 -9.01558064e-03
1.18437884e-02 5.08929230e-03 6.88136229e-03 1.56492915e-03 3.47594731e-04 -9.33472882e-04 2.18533620e-04 -3.96951986e-03 5.22480463e-04 -9.81633202e-04 5.24924463e-03 -1.74366601e-03 1.93065178e-04 2.01530056e-03 -2.71250843e-03 -3.78220901e-03
8.29260517e-03 1.07308626e-02 2.86544617e-02 7.56926881e-03 1.33251317e-03 -5.28799649e-03 1.38173741e-03 -2.17693504e-02 2.86289887e-03 -5.51062496e-03 2.93279979e-02 -9.76424478e-03 1.07940438e-03 1.12883458e-02 -1.51944747e-02 -2.11874507e-02
-2.93096583e-02 -2.03124359e-02 -3.89069915e-02 -9.72158089e-03 -1.81374792e-03 6.49039261e-03 -1.64443417e-03 2.71292571e-02 -3.59531888e-03 6.77355146e-03 -3.61057818e-02 1.20159267e-02 -1.33064995e-03 -1.38927214e-02 1.86955649e-02 2.60692220e-02
3.16302516e-02 2.39206944e-02 5.71915284e-02 1.47448806e-02 2.65928567e-03 -1.02129299e-02 2.64468184e-03 -4.21790294e-02 5.54677704e-03 -1.06515437e-02 5.67065887e-02 -1.88764259e-02 2.08687223e-03 2.18227170e-02 -2.93739419e-02 -4.09593657e-02
4.55881432e-02 3.31728905e-02 6.42575696e-02 1.63613819e-02 3.03779403e-03 -1.11244256e-02 2.83811288e-03 -4.60287631e-02 6.05851179e-03 -1.16052413e-02 6.18291982e-02 -2.05790401e-02 2.27551023e-03 2.37908289e-02 -3.20234895e-02 -4.46530730e-02
1.93004496e-02 1.61938816e-02 4.11910377e-02 1.09909913e-02 1.91437022e-03 -7.70577649e-03 2.02258746e-03 -3.16765532e-02 4.16386826e-03 -8.02997965e-03 4.27265875e-02 -1.42266620e-02 1.57250499e-03 1.64474808e-02 -2.21389048e-02 -3.08709964e-02
-5.79059077e-03 -3.48234666e-04 3.99458129e-03 1.08785392e-03 1.81849799e-04 -9.91222565e-04 2.70439428e-04 -4.02148208e-03 5.26147254e-04 -1.02686998e-03 5.45482757e-03 -1.81735517e-03 2.00783106e-04 2.10123067e-03 -2.82838987e-03 -3.94403702e-03
-2.40732711e-02 -2.46106554e-02 -6.93172440e-02 -1.89119894e-02 -3.26055055e-03 1.33565506e-02 -3.51399533e-03 5.48673831e-02 -7.21372990e-03 1.39156459e-02 -7.40407705e-02 2.46535670e-02 -2.72499514e-03 -2.85021029e-02 3.83648723e-02 5.34968786e-02
-2.39965506e-02 -1.82126220e-02 -4.24563028e-02 -1.09999506e-02 -1.93844794e-03 7.72029627e-03 -2.01689475e-03 3.17515917e-02 -4.17440245e-03 8.04546196e-03 -4.28101160e-02 1.42542366e-02 -1.57557172e-03 -1.64793432e-02 2.21817903e-02 3.09307780e-02
2.29637716e-02 1.74565781e-02 3.54351699e-02 8.89154244e-03 1.62817212e-03 -5.96502051e-03 1.53310539e-03 -2.46508587e-02 3.25698778e-03 -6.22575963e-03 3.31642218e-02 -1.10367769e-02 1.22054317e-03 1.27588203e-02 -1.71736721e-02 -2.39468813e-02
-2.43906640e-02 -1.88598335e-02 -4.40129414e-02 -1.13493772e-02 -1.98142277e-03 7.84925278e-03 -2.04865914e-03 3.23182754e-02 -4.25020279e-03 8.18295777e-03 -4.35468592e-02 1.44985933e-02 -1.60263176e-03 -1.67617220e-02 2.25618444e-02 3.14607173e-02
-6.47237757e-03 -5.92069188e-03 -1.28642945e-02 -3.15816514e-03 -6.17818441e-04 2.07999372e-03 -5.18598943e-04 8.68320651e-03 -1.14691909e-03 2.17112550e-03 -1.15913125e-02 3.85316857e-03 -4.26671380e-04 -4.45379224e-03 5.99470874e-03 8.35878123e-03
-2.44193105e-03 -1.11340890e-02 -3.37101296e-02 -9.01212078e-03 -1.54403190e-03 6.47164881e-03 -1.70862139e-03 2.65547186e-02 -3.49115906e-03 6.74084434e-03 -3.58624756e-02 1.19416974e-02 -1.31990830e-03 -1.38059417e-02 1.85833331e-02 2.59130616e-02
-5.64996246e-03 5.16514387e-03 1.74557157e-02 4.69884137e-03 8.28768359e-04 -3.31372744e-03 8.65156471e-04 -1.36375222e-02 1.79267768e-03 -3.44984047e-03 1.83652528e-02 -6.11332012e-03 6.75872900e-04 7.06743868e-03 -9.51299723e-03 -1.32650733e-02
-1.19657461e-02 -7.01783877e-03 -1.56157492e-02 -4.07240260e-03 -7.20560609e-04 2.76459404e-03 -7.16445677e-04 1.14056589e-02 -1.50090095e-03 2.88239564e-03 -1.53463362e-02 5.10849059e-03 -5.64813672e-04 -5.90569060e-03 7.94919021e-03 1.10844430e-02
-3.42850317e-03 -2.34886725e-03 -5.14690811e-03 -1.34564936e-03 -2.39436486e-04 9.32956929e-04 -2.43362621e-04 3.83954635e-03 -5.04976371e-04 9.72285576e-04 -5.17429411e-03 1.72274793e-03 -1.90431922e-04 -1.99164893e-03 2.68082507e-03 3.73819610e-03
-1.18619278e-02 -8.23122263e-03 -1.57083385e-02 -3.62765254e-03 -6.91040710e-04 2.45529972e-03 -6.19852159e-04 1.01776132e-02 -1.34100288e-03 2.56244466e-03 -1.36490744e-02 4.54136310e-03 -5.02088515e-04 -5.24997851e-03 7.06659071e-03 9.85374954e-03
-5.67159895e-03 7.59056164e-03 2.71702819e-02 8.05357099e-03 1.34578976e-03 -5.75842941e-03 1.52785028e-03 -2.36118678e-02 3.10404226e-03 -5.99504169e-03 3.18920985e-02 -1.06201107e-02 1.17382244e-03 1.22781424e-02 -1.65268593e-02 -2.30454654e-02
-9.64136515e-03 -7.21736765e-03 -1.52505543e-02 -3.66997626e-03 -6.91743742e-04 2.45821476e-03 -6.23343920e-04 1.01897987e-02 -1.34387950e-03 2.56573735e-03 -1.36706904e-02 4.54902742e-03 -5.03115065e-04 -5.25869662e-03 7.07827229e-03 9.86991916e-03
2.23710984e-01 1.85767815e-01 4.12815809e-01 1.04227021e-01 1.87014453e-02 -7.26967379e-02 1.89128704e-02 -2.99486935e-01 3.93994600e-02 -7.58094266e-02 4.03504223e-01 -1.34326935e-01 1.48484902e-02 1.55293077e-01 -2.09029287e-01 -2.91475147e-01
3.06778643e-02 1.77893527e-02 3.43434289e-02 8.45148694e-03 1.54993706e-03 -5.77485794e-03 1.48056168e-03 -2.39047837e-02 3.14987078e-03 -6.02712249e-03 3.21015492e-02 -1.06842909e-02 1.18172565e-03 1.23511599e-02 -1.66247487e-02 -2.31815130e-02
-5.38583100e-02 -3.50303054e-02 -6.98797777e-02 -1.77056994e-02 -3.22136562e-03 1.19573167e-02 -3.03972350e-03 4.95014973e-02 -6.49703341e-03 1.24712633e-02 -6.64102882e-02 2.21034698e-02 -2.44382373e-03 -2.55526341e-02 3.43944170e-02 4.79600355e-02
-1.65102370e-02 -1.17545184e-02 -2.37590093e-02 -5.89870708e-03 -1.09130261e-03 3.96048138e-03 -1.01391482e-03 1.63793452e-02 -2.15694890e-03 4.13373439e-03 -2.20162030e-02 7.32742343e-03 -8.10230151e-04 -8.47074389e-03 1.14017799e-02 1.58987176e-02
2.65003107e-02 2.37732269e-02 5.57334200e-02 1.42056597e-02 2.72243097e-03 -9.63179115e-03 2.43788399e-03 -4.00401652e-02 5.26728388e-03 -1.00488923e-02 5.35649098e-02 -1.78182852e-02 1.97184086e-03 2.05978323e-02 -2.77250260e-02 -3.86595167e-02
-3.37946638e-02 -2.36908719e-02 -5.05530313e-02 -1.24602197e-02 -2.31194822e-03 8.36098474e-03 -2.10209424e-03 3.46962512e-02 -4.56179958e-03 8.72291252e-03 -4.64965142e-02 1.54673243e-02 -1.71092758e-03 -1.78802777e-02 2.40672547e-02 3.35591882e-02
-5.54709323e-02 -3.82217467e-02 -7.52985105e-02 -1.94553602e-02 -3.36869410e-03 1.32573005e-02 -3.45457182e-03 5.46007417e-02 -7.18147680e-03 1.38260182e-02 -7.35920519e-02 2.44990829e-02 -2.70835776e-03 -2.83224266e-02 3.81229371e-02 5.31595461e-02
-7.31110713e-03 -5.59605239e-03 -1.16743613e-02 -2.93775974e-03 -5.65124210e-04 1.94604823e-03 -4.87562647e-04 8.09885748e-03 -1.07155659e-03 2.03195238e-03 -1.08437920e-02 3.60575109e-03 -3.99222045e-04 -4.16790089e-03 5.60991280e-03 7.82225747e-03
2.42918599e-02 1.46664148e-02 2.87948642e-02 6.96006790e-03 1.34478637e-03 -4.66410909e-03 1.16217916e-03 -1.93765126e-02 2.56168516e-03 -4.86776698e-03 2.59713866e-02 -8.63669626e-03 9.55949596e-04 9.98314191e-03 -1.34371370e-02 -1.87363587e-02
4.15333211e-02 3.13634053e-02 6.85322881e-02 1.64133273e-02 2.97931768e-03 -1.12152910e-02 2.88967672e-03 -4.63133976e-02 6.11213781e-03 -1.16972616e-02 6.22992516e-02 -2.07356922e-02 2.29348917e-03 2.39706375e-02 -3.22652943e-02 -4.49903570e-02
1.91942118e-02 1.64034963e-02 3.38430554e-02 8.49164650e-03 1.63470418e-03 -5.67579130e-03 1.44998601e-03 -2.34717578e-02 3.10410862e-03 -5.91953471e-03 3.15473266e-02 -1.04970904e-02 1.16116437e-03 1.21344896e-02 -1.63330697e-02 -2.27746740e-02
9.88989025e-02 6.45475686e-02 1.29054293e-01 3.31651829e-02 6.02426007e-03 -2.25817338e-02 5.77086722e-03 -9.33165401e-02 1.22816982e-02 -2.35508606e-02 1.25425443e-01 -4.17437442e-02 4.61545354e-03 4.82581146e-02 -6.49562627e-02 -9.05757323e-02
2.55474709e-02 2.14716680e-02 5.10987565e-02 1.31797604e-02 2.41208612e-03 -9.13442951e-03 2.35879002e-03 -3.76798399e-02 4.94709751e-03 -9.52400267e-03 5.06864488e-02 -1.68751944e-02 1.86535425e-03 1.95092261e-02 -2.62600686e-02 -3.66175808e-02
-3.21867317e-03 -4.30639135e-03 -1.19205108e-02 -3.15345661e-03 -5.56964311e-04 2.21041311e-03 -5.77441766e-04 9.09283292e-03 -1.19706185e-03 2.30332883e-03 -1.22588230e-02 4.08134935e-03 -4.51193569e-04 -4.71835630e-03 6.35105371e-03 8.85600876e-03
5.43637574e-03 -1.56750903e-03 -8.80715717e-03 -2.47661746e-03 -3.96626798e-04 1.83414808e-03 -4.91914572e-04 7.46992137e-03 -9.75938688e-04 1.90759182e-03 -1.01345861e-02 3.37622827e-03 -3.72744456e-04 -3.90371447e-03 5.25466958e-03 7.32755242e-03
-3.72231677e-02 -2.16669012e-02 -4.45261151e-02 -1.14757568e-02 -2.06648512e-03 7.64766429e-03 -1.96526200e-03 3.16831395e-02 -4.17169603e-03 7.98132271e-03 -4.25411798e-02 1.41527206e-02 -1.56567397e-03 -1.63607486e-02 2.20215097e-02 3.07066347e-02
4.80330363e-02 4.12998423e-02 9.73161533e-02 2.46920045e-02 4.45608189e-03 -1.72365941e-02 4.49681096e-03 -7.09632263e-02 9.32614319e-03 -1.79659557e-02 9.56077278e-02 -3.18320021e-02 3.51862074e-03 3.68007757e-02 -4.95350771e-02 -6.90727755e-02
-1.34404078e-02 -9.93984006e-03 -2.03251839e-02 -4.96295840e-03 -9.35047632e-04 3.29186232e-03 -8.25767464e-04 1.37144793e-02 -1.81736180e-03 3.43675329e-03 -1.83374863e-02 6.09842921e-03 -6.75257121e-04 -7.04919873e-03 9.48803034e-03 1.32297464e-02
-1.83999930e-02 -1.20694498e-02 -2.96439193e-02 -7.76732620e-03 -1.37215154e-03 5.39063243e-03 -1.40477833e-03 2.22029798e-02 -2.92521436e-03 5.61910495e-03 -2.99167521e-02 9.95862763e-03 -1.10121479e-03 -1.15128169e-02 1.54965352e-02 2.16084830e-02
1.34470090e-02 1.15172081e-02 2.57984232e-02 6.82313088e-03 1.24051573e-03 -4.60374821e-03 1.17724179e-03 -1.90521982e-02 2.50245188e-03 -4.80084028e-03 2.55624317e-02 -8.50901380e-03 9.40818107e-04 9.83690005e-03 -1.32406680e-02 -1.84629112e-02
-1.49249993e-02 -1.19537506e-02 -2.49207150e-02 -6.09970698e-03 -1.16063526e-03 4.07089898e-03 -1.01149711e-03 1.69492960e-02 -2.23542820e-03 4.25165053e-03 -2.26583090e-02 7.53961364e-03 -8.34097329e-04 -8.71568918e-03 1.17314383e-02 1.63581129e-02
-9.30126756e-03 -1.12825716e-02 -2.71681026e-02 -6.89567486e-03 -1.26304408e-03 4.64836927e-03 -1.20049040e-03 1.91777218e-02 -2.53430568e-03 4.85024368e-03 -2.58269981e-02 8.59720446e-03 -9.50681744e-04 -9.93858743e-03 1.33775230e-02 1.86536759e-02
-1.44091714e-02 -1.00278025e-02 -2.25101002e-02 -5.70064178e-03 -1.05080905e-03 3.89330299e-03 -1.00050529e-03 1.60967838e-02 -2.11763801e-03 4.05962579e-03 -2.16208026e-02 7.19621917e-03 -7.95817119e-04 -8.31912644e-03 1.11976620e-02 1.56140514e-02
3.67994085e-02 2.93335151e-02 6.12676963e-02 1.57761015e-02 2.79671233e-03 -1.08343540e-02 2.80209025e-03 -4.46209423e-02 5.86536713e-03 -1.12948185e-02 6.01103492e-02 -2.00130753e-02 2.21223780e-03 2.31367704e-02 -3.11428942e-02 -4.34262902e-02
1.80161484e-02 8.46920162e-03 1.42604494e-02 3.48531501e-03 6.59766840e-04 -2.28990195e-03 5.79455111e-04 -9.50041879e-03 1.25518325e-03 -2.39178864e-03 1.27541684e-02 -4.24186653e-03 4.69281513e-04 4.90349531e-03 -6.60010194e-03 -9.20310337e-03
3.11641321e-02 2.10571457e-02 3.33605334e-02 7.90629163e-03 1.62441109e-03 -5.03189629e-03 1.20063417e-03 -2.12385487e-02 2.79858964e-03 -5.25871199e-03 2.81981863e-02 -9.34645534e-03 1.03761896e-03 1.08033866e-02 -1.45412106e-02 -2.02741027e-02
-2.84633040e-02 -1.98871400e-02 -3.66877615e-02 -9.26991086e-03 -1.95545354e-03 5.73500572e-03 -1.31981121e-03 2.45507490e-02 -3.27650434e-03 6.00595493e-03 -3.21873128e-02 1.06853209e-02 -1.18755782e-03 -1.23500889e-02 1.66221242e-02 2.31753848e-02
6.41026441e-03 1.94920134e-03 2.49015726e-03 5.32384147e-04 1.08826825e-04 -3.27430607e-04 7.80133269e-05 -1.37492444e-03 1.83534677e-04 -3.42884508e-04 1.83463714e-03 -6.08984265e-04 6.74965631e-05 7.03814963e-04 -9.47285967e-04 -1.32081984e-03
1.36671644e-02 1.11311069e-02 2.25553773e-02 5.62828500e-03 1.04171131e-03 -3.83654702e-03 9.86466068e-04 -1.58596858e-02 2.09331140e-03 -4.00206167e-03 2.13237461e-02 -7.09515717e-03 7.84710457e-04 8.20200983e-03 -1.10399714e-02 -1.53940981e-02
3.64914201e-02 2.67953575e-02 5.50997481e-02 1.35867009e-02 2.50914251e-03 -9.17362981e-03 2.36263336e-03 -3.78944874e-02 4.99628857e-03 -9.57676582e-03 5.09928241e-02 -1.69732291e-02 1.87665538e-03 1.96218956e-02 -2.64115427e-02 -3.68284546e-02
2.85826437e-02 2.16467623e-02 4.73872125e-02 1.19622573e-02 2.15236377e-03 -8.18094425e-03 2.10369425e-03 -3.37936878e-02 4.45609214e-03 -8.53180885e-03 4.54427190e-02 -1.51231531e-02 1.67246279e-03 1.74824521e-02 -2.35316753e-02 -3.28125991e-02
-5.46532124e-02 -3.29953581e-02 -6.98082820e-02 -1.64798833e-02 -3.15103540e-03 1.11141149e-02 -2.77494802e-03 4.63145673e-02 -6.11279486e-03 1.16012944e-02 -6.17928095e-02 2.05667708e-02 -2.27528065e-03 -2.37744153e-02 3.20002027e-02 4.46207821e-02
-1.42584369e-02 -1.09419813e-02 -2.42024343e-02 -6.08156482e-03 -1.07763673e-03 4.23825206e-03 -1.10381725e-03 1.74452104e-02 -2.29326193e-03 4.41760104e-03 -2.35096551e-02 7.82730710e-03 -8.65179056e-04 -9.04898625e-03 1.21802483e-02 1.69844069e-02
7.02329678e-03 3.05345096e-03 4.19576792e-03 9.55915428e-04 1.90451348e-04 -5.80353837e-04 1.40987220e-04 -2.42885947e-03 3.20691091e-04 -6.06815040e-04 3.23763466e-03 -1.07668072e-03 1.19149016e-04 1.24452740e-03 -1.67510868e-03 -2.33572605e-03
2.69489605e-02 1.95075572e-02 3.65913436e-02 8.78680684e-03 1.73849950e-03 -5.40327653e-03 1.29221869e-03 -2.30331160e-02 3.06302472e-03 -5.66145079e-03 3.02895829e-02 -1.00643719e-02 1.11657544e-03 1.16338115e-02 -1.56607199e-02 -2.18324959e-02
1.75583344e-02 1.62009057e-02 3.68279628e-02 9.49000567e-03 1.72333629e-03 -6.38968870e-03 1.63185201e-03 -2.63757706e-02 3.48695437e-03 -6.66030962e-03 3.55031192e-02 -1.18116243e-02 1.30648992e-03 1.36536174e-02 -1.83776300e-02 -2.56248582e-02
6.42989483e-03 5.84631134e-03 1.58851929e-02 4.26905882e-03 7.34343135e-04 -3.03178420e-03 7.98362424e-04 -1.24490233e-02 1.63580826e-03 -3.15852021e-03 1.68041512e-02 -5.59550710e-03 6.18452148e-04 6.46904251e-03 -8.70758481e-03 -1.21420771e-02
2.93002697e-03 8.98999220e-04 3.20379942e-04 3.25388901e-05 2.22550134e-05 9.29698581e-06 -7.43156761e-06 -6.80116500e-07 -2.74370495e-06 8.30230510e-06 -4.11826950e-05 1.41513092e-05 -1.52763459e-06 -1.64276717e-05 2.21332048e-05 3.08838207e-05
8.55652243e-03 9.68752708e-03 2.57619508e-02 6.82603987e-03 1.19530037e-03 -4.78558661e-03 1.25152618e-03 -1.96850412e-02 2.58922810e-03 -4.98702517e-03 2.65409853e-02 -8.83627590e-03 9.76788113e-04 1.02155050e-02 -1.37503985e-02 -1.91738214e-02
4.78643663e-02 2.70747244e-02 5.46922311e-02 1.33194886e-02 2.40004994e-03 -8.92759301e-03 2.29216577e-03 -3.69561315e-02 4.87394771e-03 -9.31127183e-03 4.96068336e-02 -1.65065974e-02 1.82557921e-03 1.90816224e-02 -2.56840419e-02 -3.58137265e-02
-1.55090243e-02 -1.03552267e-02 -1.77375153e-02 -3.99367139e-03 -7.71620660e-04 2.54983781e-03 -6.23045780e-04 1.06802126e-02 -1.42335682e-03 2.66623567e-03 -1.42471250e-02 4.73427633e-03 -5.24790783e-04 -5.47144981e-03 7.36432429e-03 1.02683147e-02
1.56439748e-02 1.12348292e-02 2.44269725e-02 6.18998893e-03 1.11336075e-03 -4.21964517e-03 1.08140730e-03 -1.74646825e-02 2.29639397e-03 -4.40086797e-03 2.34399829e-02 -7.80067686e-03 8.62603309e-04 9.01782233e-03 -1.21381413e-02 -1.69254914e-02
-1.67915113e-02 -1.37120029e-02 -3.15181725e-02 -8.06162786e-03 -1.43810140e-03 5.59336320e-03 -1.46037468e-03 2.30182037e-02 -3.02790361e-03 5.83113637e-03 -3.10302097e-02 1.03315422e-02 -1.14200637e-03 -1.19442800e-02 1.60774142e-02 2.24186946e-02
-1.02455011e-02 -1.11281425e-02 -2.43931934e-02 -6.04825234e-03 -1.11554016e-03 4.10657702e-03 -1.06005149e-03 1.69420037e-02 -2.23322050e-03 4.28741332e-03 -2.28357688e-02 7.59961177e-03 -8.40199355e-04 -8.78545269e-03 1.18254339e-02 1.64895114e-02
2.54726838e-02 1.36740543e-02 2.53674928e-02 6.16650097e-03 1.17823668e-03 -4.05460969e-03 1.04324729e-03 -1.68133508e-02 2.22097337e-03 -4.23738826e-03 2.25780476e-02 -7.51383556e-03 8.30978563e-04 8.68628360e-03 -1.16917919e-02 -1.63029600e-02
1.26076210e-03 -7.62693817e-03 -2.53194161e-02 -6.76902011e-03 -1.18592184e-03 5.07757114e-03 -1.34961121e-03 2.07819268e-02 -2.72849388e-03 5.28786285e-03 -2.81232391e-02 9.36578121e-03 -1.03501126e-03 -1.08282585e-02 1.45753371e-02 2.03243326e-02
5.41818812e-02 4.75045815e-02 1.03020675e-01 2.65041515e-02 4.75775171e-03 -1.81206651e-02 4.65259748e-03 -7.46767968e-02 9.84185003e-03 -1.88909415e-02 1.00537010e-01 -3.34722437e-02 3.70016298e-03 3.86969037e-02 -5.20873033e-02 -7.26315230e-02
-4.88725677e-03 -7.48873595e-03 -2.02229023e-02 -5.38003072e-03 -9.42321494e-04 3.76198045e-03 -9.85536957e-04 1.54653126e-02 -2.03375798e-03 3.91997863e-03 -2.08592732e-02 6.94518117e-03 -7.67698570e-04 -8.02930351e-03 1.08077135e-02 1.50705092e-02
1.74719058e-02 1.24150291e-02 2.62467582e-02 6.73480704e-03 1.24524813e-03 -4.53808391e-03 1.15400704e-03 -1.88519005e-02 2.46974430e-03 -4.73489473e-03 2.52314992e-02 -8.39596801e-03 9.28558351e-04 9.70604923e-03 -1.30644478e-02 -1.82171781e-02
-1.69504812e-04 4.35622569e-05 3.18104794e-05 -2.87283456e-07 3.98201053e-07 2.14629108e-06 -8.29044723e-07 7.78159574e-06 -1.01420164e-06 2.15552495e-06 -1.13490732e-05 3.79650851e-06 -4.18170941e-07 -4.39224459e-06 5.91291246e-06 8.24599101e-06
3.34673002e-02 2.41994094e-02 4.85978201e-02 1.18547464e-02 2.20029289e-03 -7.94314872e-03 2.05031014e-03 -3.27665694e-02 4.32304898e-03 -8.28397181e-03 4.41098697e-02 -1.46825844e-02 1.62339339e-03 1.69738010e-02 -2.28470955e-02 -3.18581462e-02
-2.70111393e-02 -2.28235070e-02 -4.85923514e-02 -1.22401984e-02 -2.20056041e-03 8.49485677e-03 -2.21172464e-03 3.50525714e-02 -4.59948229e-03 8.85781553e-03 -4.71406430e-02 1.56946741e-02 -1.73485558e-03 -1.81444623e-02 2.44230293e-02 3.40559743e-02
-1.58133227e-02 -1.48539301e-02 -3.46238427e-02 -9.22247209e-03 -1.63567858e-03 6.09763991e-03 -1.56372180e-03 2.52204183e-02 -3.32441321e-03 6.36102166e-03 -3.38786840e-02 1.12776645e-02 -1.24718575e-03 -1.30375046e-02 1.75487176e-02 2.44699009e-02
4.08990309e-02 3.17988135e-02 6.20577075e-02 1.60377007e-02 2.82448251e-03 -1.08526750e-02 2.79174629e-03 -4.47394364e-02 5.89387817e-03 -1.13180326e-02 6.02550469e-02 -2.00574100e-02 2.21732608e-03 2.31876671e-02 -3.12112384e-02 -4.35214452e-02
4.01576282e-03 3.93827772e-03 1.03413500e-02 2.78739841e-03 4.79107635e-04 -1.97488791e-03 5.20233763e-04 -8.10977444e-03 1.06616132e-03 -2.05741636e-03 1.09463651e-02 -3.64490505e-03 4.02869919e-04 4.21390636e-03 -5.67207625e-03 -7.90928025e-03
2.38968488e-02 1.29097691e-02 2.72282064e-02 6.91250525e-03 1.28112012e-03 -4.74484498e-03 1.23032148e-03 -1.95819493e-02 2.57166312e-03 -4.95067146e-03 2.63480395e-02 -8.77203513e-03 9.69648536e-04 1.01412833e-02 -1.36505011e-02 -1.90345347e-02
-5.89150749e-03 -4.36910614e-03 -1.02415327e-02 -2.66218442e-03 -4.88216639e-04 1.83034164e-03 -4.71215491e-04 7.57437665e-03 -9.98796197e-04 1.90832384e-03 -1.01659149e-02 3.38364299e-03 -3.74443422e-04 -3.91158881e-03 5.26498118e-03 7.34145055e-03
1.53740644e-02 1.47379711e-02 3.20299864e-02 8.25836137e-03 1.47526187e-03 -5.60292462e-03 1.45393005e-03 -2.31208932e-02 3.03542428e-03 -5.84332924e-03 3.10998447e-02 -1.03539163e-02 1.14451325e-03 1.19699659e-02 -1.61119606e-02 -2.24668439e-02
8.36094469e-03 6.46624342e-03 1.51625341e-02 3.87048954e-03 6.93130656e-04 -2.62655923e-03 6.78707554e-04 -1.08367736e-02 1.42767315e-03 -2.73796218e-03 1.45782735e-02 -4.85243602e-03 5.36520209e-04 5.60967019e-03 -7.55075086e-03 -1.05288327e-02
-1.45154819e-02 -1.15367435e-02 -2.65755020e-02 -6.89477706e-03 -1.23251206e-03 4.74398723e-03 -1.23443699e-03 1.95438322e-02 -2.57281656e-03 4.94605722e-03 -2.63279807e-02 8.76471214e-03 -9.68936831e-04 -1.01326266e-02 1.36388065e-02 1.90181714e-02
-4.94896248e-02 -3.93538363e-02 -9.12347063e-02 -2.33489312e-02 -4.11000010e-03 1.60891507e-02 -4.20008739e-03 6.62756115e-02 -8.71035922e-03 1.67710409e-02 -8.92526582e-02 2.97159050e-02 -3.28477123e-03 -3.43542993e-02 4.62420136e-02 6.44808114e-02
1.05170049e-02 9.26148053e-03 2.13433541e-02 5.57636144e-03 9.85444058e-04 -3.82046704e-03 9.95989190e-04 -1.57304630e-02 2.06838385e-03 -3.98330484e-03 2.11986322e-02 -7.05795968e-03 7.80177594e-04 8.15963186e-03 -1.09831300e-02 -1.53151024e-02
3.76334414e-02 2.84076035e-02 6.40278533e-02 1.62013471e-02 2.88153253e-03 -1.10228742e-02 2.86055868e-03 -4.54788879e-02 5.99160884e-03 -1.14931241e-02 6.11976944e-02 -2.03700159e-02 2.25217827e-03 2.35487241e-02 -3.16970982e-02 -4.41987179e-02
-1.47145502e-02 -1.21020097e-02 -2.77355146e-02 -7.06789223e-03 -1.30420492e-03 4.88536805e-03 -1.26141403e-03 2.02055816e-02 -2.65447679e-03 5.09570399e-03 -2.71346048e-02 9.03152116e-03 -9.98595729e-04 -1.04408702e-02 1.40536530e-02 1.95965543e-02
-8.47268850e-03 -8.47202912e-03 -2.04850473e-02 -5.06930100e-03 -9.48153029e-04 3.43917869e-03 -8.88395938e-04 1.41794374e-02 -1.86709175e-03 3.58575233e-03 -1.90861952e-02 6.35398366e-03 -7.02429272e-04 -7.34561495e-03 9.88741871e-03 1.37871793e-02
-2.53195968e-02 -2.18101256e-02 -4.58558314e-02 -1.16831753e-02 -2.11666292e-03 7.95765407e-03 -2.03655660e-03 3.28905284e-02 -4.32817079e-03 8.29706620e-03 -4.41666543e-02 1.47033492e-02 -1.62555045e-03 -1.69977956e-02 2.28794161e-02 3.19034308e-02
-3.09602953e-02 -2.75114644e-02 -6.69050217e-02 -1.78529974e-02 -3.13703297e-03 1.24566276e-02 -3.26299295e-03 5.12333363e-02 -6.73366943e-03 1.29818972e-02 -6.90797642e-02 2.30008531e-02 -2.54236814e-03 -2.65912302e-02 3.57927419e-02 4.99101914e-02
