1.90144517e-02 1.80162452e-02 -1.64635747e-03 8.28206260e-03 8.93373694e-03 -2.94992875e-04 3.44994180e-02 -9.13314614e-03 2.51809228e-03 -7.19648460e-03 -4.68833232e-03 -2.06662621e-03 -1.21073434e-02 -1.26302801e-03 -1.30796107e-02 1.42383575e-02
-3.12073454e-02 -3.37651186e-02 3.08776251e-03 -1.49891442e-02 -1.66836530e-02 5.46733208e-04 -6.48569688e-02 1.72116142e-02 -4.73946892e-03 1.35925459e-02 8.85617454e-03 3.90433078e-03 2.28804592e-02 2.38715159e-03 2.47201677e-02 -2.69111991e-02
-1.89397857e-02 -1.78927984e-02 1.60101918e-03 -8.66269600e-03 -8.71942937e-03 2.89567834e-04 -3.36708240e-02 8.94726440e-03 -2.45466037e-03 7.02966936e-03 4.57724556e-03 2.01769476e-03 1.18216202e-02 1.23318902e-03 1.27706127e-02 -1.39019387e-02
-1.64424665e-02 -1.50905512e-02 1.36050035e-03 -6.92717591e-03 -7.38059217e-03 2.44424766e-04 -2.84270328e-02 7.54655665e-03 -2.06922437e-03 5.93886618e-03 3.86930071e-03 1.70536316e-03 9.99308378e-03 1.04252750e-03 1.07960133e-02 -1.17526809e-02
-4.03206274e-02 -4.13948260e-02 3.69725819e-03 -1.94852985e-02 -2.05605049e-02 7.02770019e-04 -7.73938075e-02 2.06865314e-02 -5.64372353e-03 1.62042379e-02 1.05102314e-02 4.63417917e-03 2.71477327e-02 2.83160619e-03 2.93252263e-02 -3.19203176e-02
1.73931029e-02 1.74913704e-02 -1.48118974e-03 7.83262681e-03 8.04078486e-03 -2.73611397e-04 3.08421142e-02 -8.18843860e-03 2.24237912e-03 -6.41622068e-03 -4.17457335e-03 -1.84008654e-03 -1.07788593e-02 -1.12426479e-03 -1.16429292e-02 1.26738269e-02
-1.57286115e-02 -1.39542539e-02 1.12760591e-03 -5.97864762e-03 -6.27835141e-03 2.12799248e-04 -2.31775027e-02 6.13712426e-03 -1.69129868e-03 4.84293001e-03 3.14424303e-03 1.38499634e-03 8.11116956e-03 8.45984148e-04 8.76181945e-03 -9.53662302e-03
-1.21987853e-02 -1.14775598e-02 9.59371333e-04 -5.48239518e-03 -5.32860635e-03 1.77754875e-04 -2.00932026e-02 5.31196455e-03 -1.46320823e-03 4.18537203e-03 2.71762838e-03 1.19741517e-03 7.01105595e-03 7.31049920e-04 7.57165765e-03 -8.24098010e-03
-1.33628724e-03 -6.72591385e-03 7.51818065e-04 -3.52477166e-03 -4.00832249e-03 1.33390364e-04 -1.58101078e-02 4.20195237e-03 -1.15840323e-03 3.32440087e-03 2.16734735e-03 9.55358846e-04 5.59853949e-03 5.84088033e-04 6.04855921e-03 -6.58463174e-03
2.25361548e-02 2.09960118e-02 -1.78736320e-03 8.94589722e-03 9.96917393e-03 -3.29258793e-04 3.75556834e-02 -1.00965174e-02 2.70626205e-03 -7.73572410e-03 -5.03562484e-03 -2.21971120e-03 -1.30000841e-02 -1.35576085e-03 -1.40410606e-02 1.52834887e-02
1.07183270e-02 1.04770726e-02 -8.96020967e-04 4.59438190e-03 4.92821354e-03 -1.61838310e-04 1.87551565e-02 -4.99223359e-03 1.36606710e-03 -3.92101472e-03 -2.55372096e-03 -1.12565653e-03 -6.59598224e-03 -6.88110886e-04 -7.12581770e-03 7.75726512e-03
1.68962386e-02 1.50968926e-02 -1.37408846e-03 6.84165396e-03 7.43509969e-03 -2.43026399e-04 2.87134349e-02 -7.62036955e-03 2.09408836e-03 -6.00409415e-03 -3.91445961e-03 -1.72586367e-03 -1.01125669e-02 -1.05500780e-03 -1.09252892e-02 1.18934261e-02
-1.64135657e-02 -1.41334543e-02 1.22869737e-03 -6.06992422e-03 -6.69759233e-03 2.19803405e-04 -2.54932828e-02 6.76059956e-03 -1.86149182e-03 5.33437449e-03 3.47383623e-03 1.53134926e-03 8.97108298e-03 9.35827382e-04 9.69124958e-03 -1.05497232e-02
-1.63543466e-02 -1.53730260e-02 1.31102093e-03 -6.69900002e-03 -7.26080732e-03 2.39854824e-04 -2.73261908e-02 7.26325018e-03 -1.99089549e-03 5.66674955e-03 3.68876080e-03 1.62630680e-03 9.52511188e-03 9.93428519e-04 1.02884173e-02 -1.11988783e-02
-7.98249096e-02 -7.23012537e-02 6.55619754e-03 -3.17027383e-02 -3.45737450e-02 1.15317490e-03 -1.35439768e-01 3.59355658e-02 -9.89429373e-03 2.83119101e-02 1.84667241e-02 8.14252719e-03 4.77198027e-02 4.97890403e-03 5.15585244e-02 -5.61293140e-02
3.12393084e-02 3.26622352e-02 -2.95312074e-03 1.39767416e-02 1.57519933e-02 -5.23461786e-04 6.18905053e-02 -1.64099690e-02 4.51726373e-03 -1.29686520e-02 -8.45781621e-03 -3.72947170e-03 -2.18564980e-02 -2.28052656e-03 -2.36156099e-02 2.57094484e-02
-1.64197502e-03 -2.24613585e-03 2.15832348e-04 -1.09511230e-03 -1.17584819e-03 3.89705383e-05 -4.56839055e-03 1.21722068e-03 -3.32878000e-04 9.55684343e-04 6.23229833e-04 2.74788908e-04 1.61047699e-03 1.68033177e-04 1.74004631e-03 -1.89431291e-03
1.49214650e-02 1.35210045e-02 -1.12550717e-03 5.96851762e-03 6.26567518e-03 -2.06152836e-04 2.36160979e-02 -6.29421324e-03 1.72180752e-03 -4.90947720e-03 -3.19128763e-03 -1.40637066e-03 -8.23616050e-03 -8.58848391e-04 -8.89505260e-03 9.68143251e-03
-1.40696708e-02 -1.41636059e-02 1.25793554e-03 -6.34906441e-03 -6.85618818e-03 2.26767486e-04 -2.65003517e-02 7.02516967e-03 -1.92621606e-03 5.52038010e-03 3.59598873e-03 1.58511102e-03 9.28781275e-03 9.68932465e-04 1.00338990e-02 -1.09230112e-02
-8.74299482e-02 -8.18043798e-02 7.67117366e-03 -3.66602018e-02 -4.18162309e-02 1.38953212e-03 -1.62055686e-01 4.31069098e-02 -1.18473833e-02 3.40529792e-02 2.22056452e-02 9.79004148e-03 5.73752262e-02 5.98653313e-03 6.19926490e-02 -6.74889311e-02
-7.64092989e-03 -6.80216122e-03 6.24201086e-04 -3.08537669e-03 -3.37783340e-03 1.11910609e-04 -1.30689926e-02 3.47778667e-03 -9.51118593e-04 2.72790529e-03 1.77808315e-03 7.83865107e-04 4.59317630e-03 4.79199312e-04 4.96236701e-03 -5.40217012e-03
-1.41366385e-02 -1.45680280e-02 1.33164681e-03 -6.64722919e-03 -7.25622056e-03 2.39523317e-04 -2.82664280e-02 7.50108622e-03 -2.06202455e-03 5.91904623e-03 3.85998515e-03 1.70185254e-03 9.97329317e-03 1.04054052e-03 1.07753221e-02 -1.17303981e-02
-1.86322052e-02 -1.77012738e-02 1.35749986e-03 -7.48097617e-03 -7.53453933e-03 2.51532678e-04 -2.85685193e-02 7.56412279e-03 -2.06201151e-03 5.89574128e-03 3.82528920e-03 1.68532494e-03 9.86410957e-03 1.02832145e-03 1.06514581e-02 -1.15916841e-02
-1.14781130e-02 -9.78555344e-03 8.46662559e-04 -4.49855905e-03 -4.54342132e-03 1.52779961e-04 -1.76302716e-02 4.68835235e-03 -1.28961273e-03 3.70116928e-03 2.41060299e-03 1.06257084e-03 6.22468768e-03 6.49431429e-04 6.72517298e-03 -7.32089253e-03
5.00935689e-03 4.87973355e-03 -4.29410633e-04 2.41769874e-03 2.37408956e-03 -7.85065276e-05 9.04870778e-03 -2.40311073e-03 6.59102923e-04 -1.89040205e-03 -1.23187306e-03 -5.43018628e-04 -3.18203145e-03 -3.31975258e-04 -3.43777728e-03 3.74245876e-03
-2.76319645e-02 -3.10553964e-02 2.86445627e-03 -1.38989566e-02 -1.55262817e-02 5.09536010e-04 -6.02586791e-02 1.60323605e-02 -4.39398270e-03 1.26110250e-02 8.22353177e-03 3.62599292e-03 2.12497469e-02 2.21704645e-03 2.29584966e-02 -2.49936450e-02
-7.27289729e-03 -6.03666622e-03 4.83937969e-04 -2.78261723e-03 -2.71827169e-03 9.15650453e-05 -1.00217778e-02 2.65388773e-03 -7.29297462e-04 2.08279118e-03 1.35229318e-03 5.95003949e-04 3.48326168e-03 3.63116676e-04 3.76128522e-03 -4.09331266e-03
4.69195610e-03 3.10587930e-03 -1.74203800e-04 1.03530590e-03 9.64379113e-04 -3.40321167e-05 3.59051232e-03 -9.51752823e-04 2.62037036e-04 -7.50015082e-04 -4.87307028e-04 -2.14566899e-04 -1.25669176e-03 -1.31061650e-04 -1.35730440e-03 1.47743849e-03
-6.19126782e-02 -5.21054342e-02 4.20429651e-03 -2.20484734e-02 -2.27338932e-02 7.55655172e-04 -8.72216970e-02 2.31257323e-02 -6.33052085e-03 1.81098860e-02 1.18137253e-02 5.20778866e-03 3.04817837e-02 3.17931105e-03 3.29246596e-02 -3.58396433e-02
1.16172275e-02 1.05103869e-02 -9.02148488e-04 4.88485442e-03 4.98701259e-03 -1.64111596e-04 1.87783670e-02 -5.00881672e-03 1.37115596e-03 -3.92517913e-03 -2.55195727e-03 -1.12460426e-03 -6.58625318e-03 -6.86906336e-04 -7.11397361e-03 7.74345035e-03
1.70452446e-02 1.78595576e-02 -1.53872138e-03 7.66446022e-03 8.32765084e-03 -2.76607607e-04 3.22290361e-02 -8.61713570e-03 2.35187728e-03 -6.72903843e-03 -4.37718024e-03 -1.92991458e-03 -1.13083543e-02 -1.17967580e-03 -1.22172181e-02 1.32981548e-02
-3.78935263e-02 -3.91192064e-02 3.61386640e-03 -1.68433767e-02 -1.92234069e-02 6.45189662e-04 -7.54246414e-02 2.00872645e-02 -5.51210437e-03 1.58308633e-02 1.03261163e-02 4.55234665e-03 2.66792383e-02 2.78365868e-03 2.88256798e-02 -3.13815176e-02
2.54127965e-03 1.43345143e-03 -9.29351008e-05 6.49159832e-04 5.01617149e-04 -1.63524564e-05 1.77903520e-03 -4.74853965e-04 1.28766536e-04 -3.67572939e-04 -2.39123605e-04 -1.05445681e-04 -6.17757672e-04 -6.44389656e-05 -6.67307060e-04 7.26422353e-04
1.32889515e-02 1.70637481e-02 -1.64198515e-03 7.70032126e-03 8.86077154e-03 -2.88869545e-04 3.46331149e-02 -9.19268187e-03 2.52804556e-03 -7.25600030e-03 -4.73487237e-03 -2.08736071e-03 -1.22339921e-02 -1.27650530e-03 -1.32186403e-02 1.43906744e-02
-2.22960189e-02 -2.00958084e-02 1.78035791e-03 -8.55713524e-03 -9.91974492e-03 3.27135087e-04 -3.80138420e-02 1.00332322e-02 -2.74326862e-03 7.85490591e-03 5.12400270e-03 2.25726725e-03 1.32296793e-02 1.38033694e-03 1.42938569e-02 -1.55611020e-02
1.06748696e-02 1.10521242e-02 -9.53367213e-04 4.77690669e-03 5.22083789e-03 -1.74874149e-04 2.00840496e-02 -5.33157820e-03 1.46220787e-03 -4.19415394e-03 -2.72933836e-03 -1.20303116e-03 -7.04829860e-03 -7.35207810e-04 -7.61378789e-03 8.28807987e-03
-1.25505645e-02 -1.10011650e-02 9.31176415e-04 -4.84510092e-03 -5.01636975e-03 1.67486534e-04 -1.92662943e-02 5.19028492e-03 -1.40379707e-03 4.02019778e-03 2.61924649e-03 1.15448714e-03 6.76470995e-03 7.05703103e-04 7.30799045e-03 -7.95549434e-03
-4.58319858e-03 -5.16136177e-03 4.95538116e-04 -2.43429421e-03 -2.67442688e-03 8.89488801e-05 -1.05351312e-02 2.80520623e-03 -7.68748461e-04 2.20885756e-03 1.44023693e-03 6.35057630e-04 3.72220878e-03 3.88373533e-04 4.02173959e-03 -4.37831646e-03
-1.20036677e-02 -1.40831377e-02 1.38097035e-03 -6.55249972e-03 -7.48950476e-03 2.44010487e-04 -2.90651005e-02 7.72277964e-03 -2.12621083e-03 6.10505138e-03 3.98288481e-03 1.75612455e-03 1.02926698e-02 1.07393682e-03 1.11209918e-02 -1.21070109e-02
3.70188663e-03 3.84823815e-03 -3.51099967e-04 1.74102117e-03 1.89416204e-03 -6.22343578e-05 7.36499159e-03 -1.95229449e-03 5.37675340e-04 -1.54276402e-03 -1.00616342e-03 -4.43645054e-04 -2.60022515e-03 -2.71306373e-04 -2.80947401e-03 3.05856671e-03
3.05755460e-03 2.70965276e-03 -2.39245710e-04 1.25598779e-03 1.32769265e-03 -4.35283000e-05 4.96984320e-03 -1.32223906e-03 3.61716899e-04 -1.03570672e-03 -6.74139883e-04 -2.97083927e-04 -1.74031104e-03 -1.81520823e-04 -1.87983515e-03 2.04629241e-03
2.17441237e-03 1.98571500e-03 -1.73573819e-04 9.14748525e-04 9.70703957e-04 -3.12126431e-05 3.64274671e-03 -9.65962652e-04 2.63717171e-04 -7.54626468e-04 -4.91092564e-04 -2.16543922e-04 -1.26852223e-03 -1.32327128e-04 -1.37038901e-03 1.49173767e-03
1.53750554e-02 1.23035163e-02 -9.45020409e-04 5.16228005e-03 5.32872649e-03 -1.80289790e-04 1.97218601e-02 -5.23562171e-03 1.42740784e-03 -4.09413408e-03 -2.66291806e-03 -1.17310113e-03 -6.87181810e-03 -7.16814888e-04 -7.42321508e-03 8.08073673e-03
-2.04569642e-02 -1.91118922e-02 1.83278357e-03 -8.98284372e-03 -9.86486580e-03 3.23826040e-04 -3.83795612e-02 1.02153160e-02 -2.80733686e-03 8.05741549e-03 5.25542069e-03 2.31713266e-03 1.35808261e-02 1.41700788e-03 1.46736251e-02 -1.59745999e-02
6.12682570e-03 7.01995241e-03 -6.21924875e-04 3.15547665e-03 3.38894106e-03 -1.12813163e-04 1.29957879e-02 -3.49028944e-03 9.52894101e-04 -2.71397480e-03 -1.76572322e-03 -7.78922637e-04 -4.56132134e-03 -4.75743262e-04 -4.92657488e-03 5.36228297e-03
-2.18358971e-02 -1.96788646e-02 1.77656393e-03 -8.81761964e-03 -9.74992942e-03 3.27689137e-04 -3.72445323e-02 9.92778316e-03 -2.71056523e-03 7.76315480e-03 5.05442172e-03 2.22713687e-03 1.30498726e-02 1.36138278e-03 1.40981954e-02 -1.53470393e-02
7.30603375e-03 6.64581265e-03 -5.33287472e-04 2.71843048e-03 2.94854003e-03 -9.87380772e-05 1.12170717e-02 -2.97216326e-03 8.13511026e-04 -2.33971514e-03 -1.51742296e-03 -6.68694964e-04 -3.91802145e-03 -4.08711436e-04 -4.23288438e-03 4.60749352e-03
-6.72640279e-03 -7.55446684e-03 7.30528147e-04 -3.59595311e-03 -4.00855951e-03 1.32673260e-04 -1.56400427e-02 4.16087359e-03 -1.14402128e-03 3.28672142e-03 2.14314368e-03 9.44983622e-04 5.53852040e-03 5.77889849e-04 5.98425884e-03 -6.51482260e-03
-6.37558242e-03 -5.10671455e-03 4.40563716e-04 -2.52284086e-03 -2.41184351e-03 8.18566186e-05 -9.26299579e-03 2.45780288e-03 -6.76091935e-04 1.94098731e-03 1.26424839e-03 5.57352556e-04 3.26616527e-03 3.40767525e-04 3.52880987e-03 -3.84159316e-03
1.30388737e-02 1.31223276e-02 -1.06762093e-03 5.00274310e-03 5.78666246e-03 -1.89317812e-04 2.25612782e-02 -5.99578116e-03 1.64633000e-03 -4.72935103e-03 -3.08475574e-03 -1.36019557e-03 -7.97233824e-03 -8.31838464e-04 -8.61401577e-03 9.37774032e-03
1.85483992e-02 2.07350552e-02 -1.95935881e-03 9.10017826e-03 1.05774691e-02 -3.47855268e-04 4.15780172e-02 -1.10423276e-02 3.03874770e-03 -8.72583594e-03 -5.69292717e-03 -2.51020305e-03 -1.47129074e-02 -1.53516582e-03 -1.58971753e-02 1.73067041e-02
-9.57886130e-03 -9.19016823e-03 7.20135227e-04 -3.99294915e-03 -4.03348356e-03 1.36713541e-04 -1.51173025e-02 4.00351360e-03 -1.10153318e-03 3.14610871e-03 2.04373198e-03 9.00125422e-04 5.27074328e-03 5.49583463e-04 5.69226779e-03 -6.19536452e-03
8.70201178e-03 8.10287707e-03 -7.16129667e-04 3.67072574e-03 3.86153022e-03 -1.30743050e-04 1.49766151e-02 -3.98441311e-03 1.09184196e-03 -3.12511576e-03 -2.03604181e-03 -8.97200138e-04 -5.25681302e-03 -5.48376294e-04 -5.67884929e-03 6.18195580e-03
2.29115458e-03 2.42295256e-03 -2.16913322e-04 1.10753137e-03 1.18832290e-03 -3.91243630e-05 4.51904535e-03 -1.20265514e-03 3.29336704e-04 -9.44056548e-04 -6.14726974e-04 -2.70887715e-04 -1.58697623e-03 -1.65541045e-04 -1.71431887e-03 1.86616741e-03
-7.29281674e-05 -1.25973442e-04 1.21712974e-05 -5.93601981e-05 -6.62329185e-05 2.18628475e-06 -2.68850388e-04 7.14997514e-05 -1.98289963e-05 5.71058335e-05 3.73387120e-05 1.64695539e-05 9.65740182e-05 1.00781572e-05 1.04360101e-04 -1.13620052e-04
-8.51932168e-03 -6.09572744e-03 4.84037533e-04 -2.63552717e-03 -2.65838299e-03 9.27773508e-05 -9.93120857e-03 2.68004928e-03 -7.22474884e-04 2.06500269e-03 1.34172849e-03 5.90231677e-04 3.45453480e-03 3.60194681e-04 3.73078370e-03 -4.06046491e-03
5.57332765e-03 4.71127545e-03 -4.10419976e-04 2.25424394e-03 2.26599653e-03 -7.52379638e-05 8.64680670e-03 -2.30192230e-03 6.29601651e-04 -1.80361327e-03 -1.17273687e-03 -5.16791304e-04 -3.02654877e-03 -3.15635989e-04 -3.26888077e-03 3.55813513e-03
-2.77767889e-03 -2.66391854e-03 2.27617857e-04 -1.15152588e-03 -1.25219172e-03 4.03380873e-05 -4.77975653e-03 1.26928440e-03 -3.48636735e-04 9.99928801e-04 6.51817652e-04 2.87361239e-04 1.68399210e-03 1.75695459e-04 1.81940792e-03 -1.98068051e-03
1.07003713e-03 1.89126958e-03 -1.99486283e-04 9.35245131e-04 1.09410018e-03 -3.60807499e-05 4.33649775e-03 -1.15343381e-03 3.17705417e-04 -9.12731164e-04 -5.95603604e-04 -2.62628280e-04 -1.53934723e-03 -1.60619456e-04 -1.66326761e-03 1.81074790e-03
1.24261789e-02 1.05337678e-02 -9.39525315e-04 4.42524254e-03 5.01346961e-03 -1.66306738e-04 1.93355903e-02 -5.12554171e-03 1.40800653e-03 -4.04244382e-03 -2.63607339e-03 -1.16215553e-03 -6.81063440e-03 -7.10605818e-04 -7.35856919e-03 8.01097322e-03
1.25755686e-02 1.31723080e-02 -1.19422865e-03 5.92484092e-03 6.46375073e-03 -2.13342733e-04 2.48174667e-02 -6.58695027e-03 1.80878909e-03 -5.18671842e-03 -3.37998336e-03 -1.48992601e-03 -8.73079803e-03 -9.10873932e-04 -9.43257846e-03 1.02685774e-02
1.45103978e-02 1.37575325e-02 -1.12104835e-03 5.40365744e-03 6.12506317e-03 -2.07284931e-04 2.33925637e-02 -6.20423397e-03 1.70107768e-03 -4.86990716e-03 -3.17297992e-03 -1.39729632e-03 -8.18624068e-03 -8.53943173e-04 -8.84289946e-03 9.62663908e-03
1.84041131e-02 1.79259963e-02 -1.47873804e-03 7.53279310e-03 8.15382134e-03 -2.76186940e-04 3.09537333e-02 -8.23491905e-03 2.24890164e-03 -6.42542588e-03 -4.17725230e-03 -1.84114755e-03 -1.07787121e-02 -1.12378085e-03 -1.16393240e-02 1.26679782e-02
3.05951983e-02 2.89016198e-02 -2.56287074e-03 1.26702124e-02 1.38569716e-02 -4.55304369e-04 5.39878607e-02 -1.43364370e-02 3.93217430e-03 -1.12907048e-02 -7.36424979e-03 -3.24667431e-03 -1.90281663e-02 -1.98536832e-03 -2.05591954e-02 2.23819800e-02
4.19410132e-03 4.24672011e-03 -3.59983533e-04 1.90165732e-03 1.96850323e-03 -6.61943996e-05 7.38205342e-03 -1.95562816e-03 5.35002153e-04 -1.53216440e-03 -9.96112474e-04 -4.38813906e-04 -2.56997836e-03 -2.68022035e-04 -2.77572474e-03 3.02138063e-03
5.63992979e-03 4.92969900e-03 -4.23050398e-04 2.22262950e-03 2.39554001e-03 -7.80623886e-05 8.89486540e-03 -2.37220270e-03 6.44930056e-04 -1.84521056e-03 -1.20141718e-03 -5.29192737e-04 -3.10025527e-03 -3.23315850e-04 -3.34835122e-03 3.64478212e-03
2.07448360e-02 2.26011872e-02 -2.13093730e-03 1.03321839e-02 1.14422627e-02 -3.76558251e-04 4.46485467e-02 -1.18532255e-02 3.25647229e-03 -9.35283583e-03 -6.09995984e-03 -2.68921698e-03 -1.57613419e-02 -1.64451438e-03 -1.70295686e-02 1.85393989e-02
-3.44033167e-02 -2.63080802e-02 1.82702334e-03 -1.01515688e-02 -9.76601616e-03 3.36483237e-04 -3.77302282e-02 1.00007942e-02 -2.74492637e-03 7.87203945e-03 5.13001438e-03 2.26040417e-03 1.32401902e-02 1.38093391e-03 1.43009368e-02 -1.55681344e-02
3.04809515e-03 2.83312309e-03 -2.36731401e-04 1.27515872e-03 1.31297216e-03 -4.37143754e-05 4.89321025e-03 -1.29756588e-03 3.55313357e-04 -1.01715710e-03 -6.61127910e-04 -2.91274016e-04 -1.70568540e-03 -1.77882350e-04 -1.84222660e-03 2.00523692e-03
-4.19956772e-03 -3.88042908e-03 3.22961307e-04 -1.69829116e-03 -1.79950520e-03 5.98420738e-05 -6.67018909e-03 1.76110759e-03 -4.80619783e-04 1.37365644e-03 8.89729068e-04 3.91633279e-04 2.29017623e-03 2.38634238e-04 2.47213594e-03 -2.68997485e-03
-1.53536024e-02 -1.55867683e-02 1.26201787e-03 -6.53519481e-03 -6.97660632e-03 2.32987804e-04 -2.65899319e-02 7.05539249e-03 -1.93896738e-03 5.54546341e-03 3.60627566e-03 1.58964167e-03 9.30990465e-03 9.70789581e-04 1.00546367e-02 -1.09437890e-02
-3.47467102e-02 -3.47425006e-02 3.18004261e-03 -1.55397309e-02 -1.73515193e-02 5.64784859e-04 -6.70605823e-02 1.78164430e-02 -4.90682246e-03 1.40862474e-02 9.18590929e-03 4.05011605e-03 2.37367451e-02 2.47664098e-03 2.56465506e-02 -2.79202759e-02
-1.94612797e-02 -2.03509945e-02 1.81604852e-03 -8.97296052e-03 -9.89336707e-03 3.26744455e-04 -3.84744518e-02 1.02051273e-02 -2.80251144e-03 8.04289803e-03 5.24275331e-03 2.31097429e-03 1.35429744e-02 1.41298911e-03 1.46321477e-02 -1.59291402e-02
6.17025304e-04 9.59896890e-04 -9.48787056e-05 4.59012954e-04 5.26219723e-04 -1.72606269e-05 2.03798153e-03 -5.41423215e-04 1.48243969e-04 -4.25448408e-04 -2.77437066e-04 -1.22305326e-04 -7.16776936e-04 -7.47852537e-05 -7.74432672e-04 8.43085640e-04
3.24994186e-03 4.24360391e-03 -4.06932464e-04 1.94643147e-03 2.20296625e-03 -7.25617283e-05 8.51642713e-03 -2.25990987e-03 6.22670399e-04 -1.78371987e-03 -1.16255018e-03 -5.12542087e-04 -3.00307362e-03 -3.13288328e-04 -3.24433530e-03 3.53178056e-03
-4.11249977e-03 -2.73345201e-03 1.89720304e-04 -1.14427251e-03 -1.09925016e-03 3.67967514e-05 -3.87342647e-03 1.03985344e-03 -2.83338275e-04 8.02679220e-04 5.18477638e-04 2.28718636e-04 1.33648142e-03 1.39200245e-04 1.44236174e-03 -1.56899623e-03
1.92374904e-02 1.59024838e-02 -1.36862812e-03 7.31217302e-03 7.44917151e-03 -2.50171084e-04 2.85801794e-02 -7.60925701e-03 2.08497467e-03 -5.98419691e-03 -3.89659288e-03 -1.71699608e-03 -1.00591965e-02 -1.04932103e-03 -1.08666131e-02 1.18290866e-02
-2.55330727e-02 -2.86107808e-02 2.69750343e-03 -1.25490390e-02 -1.45570589e-02 4.75218607e-04 -5.66016026e-02 1.50512513e-02 -4.13945271e-03 1.18888654e-02 7.75669562e-03 3.42009007e-03 2.00457685e-02 2.09160079e-03 2.16592252e-02 -2.35796757e-02
2.76901806e-03 3.13974731e-03 -2.85570248e-04 1.42994092e-03 1.54579175e-03 -5.16121145e-05 5.95935713e-03 -1.58498494e-03 4.35039809e-04 -1.24578574e-03 -8.11055594e-04 -3.57504585e-04 -2.09434074e-03 -2.18458285e-04 -2.26234552e-03 2.46269815e-03
9.67711397e-03 8.55988916e-03 -8.01316462e-04 3.99235170e-03 4.31705499e-03 -1.42041026e-04 1.66825857e-02 -4.43139113e-03 1.22017949e-03 -3.50013119e-03 -2.28189025e-03 -1.00603991e-03 -5.89557178e-03 -6.15099911e-04 -6.36964804e-03 6.93423580e-03
-6.81223290e-04 -9.47988956e-05 -1.67557494e-06 -2.39301917e-05 5.74676505e-06 -2.20738059e-07 5.48133903e-05 -1.45754420e-05 4.57482383e-06 -1.34746806e-05 -9.01144358e-06 -3.98954035e-06 -2.34806485e-05 -2.45612250e-06 -2.54226670e-05 2.76987157e-05
3.30171455e-03 2.68246722e-03 -2.00873503e-04 1.08824542e-03 1.12202158e-03 -3.76350217e-05 4.21390124e-03 -1.11469743e-03 3.03960085e-04 -8.68773612e-04 -5.65124676e-04 -2.49084609e-04 -1.45919761e-03 -1.52206063e-04 -1.57624297e-03 1.71583204e-03
-3.16692865e-03 -2.48840125e-03 2.30929538e-04 -1.15004845e-03 -1.25898549e-03 4.17351548e-05 -4.90015466e-03 1.30147778e-03 -3.58703604e-04 1.02948898e-03 6.71448535e-04 2.96067446e-04 1.73519400e-03 1.81046649e-04 1.87480554e-03 -2.04102159e-03
4.84895892e-03 5.77991689e-03 -5.62007248e-04 2.69426266e-03 3.04595730e-03 -9.97565148e-05 1.18685616e-02 -3.15585732e-03 8.67679773e-04 -2.49179523e-03 -1.62519736e-03 -7.16579205e-04 -4.19982150e-03 -4.38204122e-04 -4.53776261e-03 4.94007673e-03
2.19884999e-02 2.40579844e-02 -2.11322424e-03 1.05083166e-02 1.14453854e-02 -3.76911339e-04 4.45955731e-02 -1.18104098e-02 3.24501377e-03 -9.31745209e-03 -6.07609702e-03 -2.67889304e-03 -1.57001279e-02 -1.63809431e-03 -1.69630926e-02 1.84670016e-02
1.44416550e-02 1.20132649e-02 -1.04897376e-03 5.21306833e-03 5.69419749e-03 -1.89102633e-04 2.20179446e-02 -5.84522961e-03 1.60786987e-03 -4.61432338e-03 -3.00784735e-03 -1.32570497e-03 -7.76885450e-03 -8.10522411e-04 -8.39335285e-03 9.13729612e-03
-3.37992087e-02 -3.51316929e-02 2.79615284e-03 -1.44134518e-02 -1.53181916e-02 5.02799696e-04 -5.80471046e-02 1.54270921e-02 -4.21563908e-03 1.21011734e-02 7.88586028e-03 3.47247510e-03 2.03442499e-02 2.12210766e-03 2.19768863e-02 -2.39226948e-02
1.96134057e-02 1.63183473e-02 -1.27505092e-03 7.51960650e-03 7.29539338e-03 -2.42707451e-04 2.66518239e-02 -7.10794423e-03 1.92821585e-03 -5.49389515e-03 -3.56912753e-03 -1.57310360e-03 -9.21018515e-03 -9.60479199e-04 -9.94762778e-03 1.08270701e-02
-2.38799769e-02 -2.06628591e-02 1.79041037e-03 -8.78829509e-03 -9.64083523e-03 3.19593964e-04 -3.73679847e-02 9.91394371e-03 -2.72824708e-03 7.82457367e-03 5.10228099e-03 2.24880152e-03 1.31775970e-02 1.37478940e-03 1.42366681e-02 -1.54984286e-02
-9.48036177e-05 -5.51620498e-04 6.16927209e-05 -2.88048701e-04 -3.34614626e-04 1.10334549e-05 -1.32066628e-03 3.51223018e-04 -9.67329470e-05 2.77843879e-04 1.81280673e-04 7.99316913e-05 4.68487910e-04 4.88825863e-05 5.06196171e-04 -5.51077770e-04
-2.06156857e-02 -1.86346285e-02 1.55042135e-03 -7.90179335e-03 -8.46935716e-03 2.84397858e-04 -3.22762616e-02 8.55747052e-03 -2.35358044e-03 6.74308464e-03 4.39437246e-03 1.93699310e-03 1.13493977e-02 1.18401751e-03 1.22613981e-02 -1.33477468e-02
-1.32824723e-02 -1.32786147e-02 1.23336632e-03 -5.94341755e-03 -6.63898559e-03 2.19813199e-04 -2.59879716e-02 6.90437108e-03 -1.89959363e-03 5.44989714e-03 3.55455466e-03 1.56708888e-03 9.18354467e-03 9.58153862e-04 9.92210396e-03 -1.08016524e-02
3.47092701e-03 5.48620615e-03 -5.54918312e-04 2.58554704e-03 2.96556088e-03 -9.75243383e-05 1.16276406e-02 -3.09224706e-03 8.50176439e-04 -2.43944163e-03 -1.59163575e-03 -7.01837998e-04 -4.11346834e-03 -4.29199281e-04 -4.44450602e-03 4.83857095e-03
8.25755205e-03 8.58878531e-03 -7.66546000e-04 3.59130814e-03 4.06304561e-03 -1.33809808e-04 1.58433896e-02 -4.20511933e-03 1.15564908e-03 -3.31837963e-03 -2.16425746e-03 -9.54198244e-04 -5.59193129e-03 -5.83462825e-04 -6.04195893e-03 6.57765986e-03
7.30984984e-03 7.19269644e-03 -6.19594706e-04 3.24563379e-03 3.41341412e-03 -1.12437017e-04 1.30388867e-02 -3.46204755e-03 9.48693836e-04 -2.71919346e-03 -1.77053490e-03 -7.80318864e-04 -4.57136845e-03 -4.76843008e-04 -4.93815076e-03 5.37550682e-03
-4.09272360e-03 -1.72053999e-03 8.48933778e-05 -6.44613756e-04 -5.23255381e-04 1.85637655e-05 -1.88777421e-03 5.07409568e-04 -1.36844828e-04 3.89370311e-04 2.52013648e-04 1.11038724e-04 6.50170958e-04 6.77910575e-05 7.02242309e-04 -7.64172582e-04
2.78345346e-02 2.55535711e-02 -1.95194723e-03 1.12873092e-02 1.07814530e-02 -3.48090573e-04 4.05204892e-02 -1.06822690e-02 2.94248317e-03 -8.41410365e-03 -5.47595555e-03 -2.41395575e-03 -1.41164102e-02 -1.47246267e-03 -1.52520603e-02 1.65979061e-02
-1.69425085e-03 -1.47354789e-03 1.20739605e-04 -6.24519540e-04 -6.61061378e-04 2.15780783e-05 -2.54379469e-03 6.76802534e-04 -1.86137884e-04 5.33537415e-04 3.47856840e-04 1.53378394e-04 8.98803526e-04 9.37736404e-05 9.71067871e-04 -1.05714204e-03
5.11889905e-03 4.82469052e-03 -4.07360611e-04 2.08594790e-03 2.27432814e-03 -7.59543473e-05 8.60200357e-03 -2.31638411e-03 6.23249682e-04 -1.78941770e-03 -1.16418442e-03 -5.12993021e-04 -3.00517539e-03 -3.13455588e-04 -3.24613298e-03 3.53360083e-03
-6.37839176e-03 -6.63296459e-03 6.28544833e-04 -3.05212894e-03 -3.38301482e-03 1.12374350e-04 -1.31804002e-02 3.49885249e-03 -9.62483406e-04 2.76184175e-03 1.80116296e-03 7.94000342e-04 4.65319119e-03 4.85492696e-04 5.02747251e-03 -5.47315879e-03
-3.04327756e-02 -2.78389584e-02 2.46866723e-03 -1.24989934e-02 -1.32593494e-02 4.37828130e-04 -5.12650944e-02 1.36524057e-02 -3.74612259e-03 1.07283201e-02 6.99241599e-03 3.08175012e-03 1.80550944e-02 1.88349711e-03 1.95050184e-02 -2.12329868e-02
1.43072223e-02 1.42285787e-02 -1.08642143e-03 5.99768991e-03 6.07650913e-03 -2.06470839e-04 2.29628328e-02 -6.09652884e-03 1.67042878e-03 -4.76023788e-03 -3.09334835e-03 -1.36268407e-03 -7.97345117e-03 -8.31007375e-04 -8.60786065e-03 9.36768483e-03
-1.01923048e-02 -9.99114476e-03 8.90503230e-04 -4.42411797e-03 -4.79789404e-03 1.59233125e-04 -1.86508987e-02 4.96184826e-03 -1.35886215e-03 3.89748788e-03 2.54079001e-03 1.11990143e-03 6.56246347e-03 6.84654515e-04 7.08993990e-03 -7.71832885e-03
9.05611180e-03 9.80181713e-03 -9.17724741e-04 4.44314349e-03 4.99108993e-03 -1.65049205e-04 1.93256028e-02 -5.13163162e-03 1.41196011e-03 -4.05060407e-03 -2.64101033e-03 -1.16427825e-03 -6.82367012e-03 -7.11949018e-04 -7.37252645e-03 8.02609511e-03
1.96308224e-03 2.37154448e-03 -2.36426000e-04 1.11575006e-03 1.28349010e-03 -4.26253901e-05 5.05272718e-03 -1.34278194e-03 3.69921705e-04 -1.06277084e-03 -6.93346723e-04 -3.05704860e-04 -1.79177825e-03 -1.86956619e-04 -1.93599937e-03 2.10765679e-03
-1.46426000e-02 -1.51936002e-02 1.39487383e-03 -6.96923630e-03 -7.61910109e-03 2.53481878e-04 -2.92212516e-02 7.77300587e-03 -2.13853689e-03 6.13672938e-03 3.99819436e-03 1.76267035e-03 1.03297755e-02 1.07773906e-03 1.11605385e-02 -1.21497102e-02
-1.75316036e-02 -1.70905031e-02 1.61603035e-03 -9.15149413e-03 -8.73218291e-03 2.85950518e-04 -3.38372737e-02 9.01093893e-03 -2.47353036e-03 7.09061138e-03 4.62287059e-03 2.03833682e-03 1.19449161e-02 1.24626909e-03 1.29056461e-02 -1.40496800e-02
-3.50871868e-02 -4.02541757e-02 3.47407232e-03 -1.79009289e-02 -1.90252382e-02 6.20272360e-04 -7.32711479e-02 1.93337761e-02 -5.31793572e-03 1.51985781e-02 9.90925543e-03 4.36831824e-03 2.56009586e-02 2.67091021e-03 2.76586097e-02 -3.01101264e-02
1.52695486e-02 1.39252357e-02 -1.27441692e-03 6.63832622e-03 6.92523317e-03 -2.24484087e-04 2.67456900e-02 -7.09981751e-03 1.95502723e-03 -5.61234308e-03 -3.66122299e-03 -1.61419262e-03 -9.46059357e-03 -9.87099600e-04 -1.02217710e-02 1.11280149e-02
-5.14611322e-03 -5.21592889e-03 4.68357845e-04 -2.37806095e-03 -2.57433113e-03 8.54223399e-05 -9.91316140e-03 2.64134584e-03 -7.20771495e-04 2.07225746e-03 1.34898839e-03 5.94562211e-04 3.48427845e-03 3.63505766e-04 3.76427546e-03 -4.09792271e-03
-1.00228861e-02 -1.06677329e-02 9.39070364e-04 -4.55714716e-03 -4.99088224e-03 1.66363650e-04 -1.94266345e-02 5.15622972e-03 -1.41629111e-03 4.06480627e-03 2.65066023e-03 1.16864382e-03 6.84907613e-03 7.14612775e-04 7.40008289e-03 -8.05614702e-03
-2.78066732e-02 -2.81894542e-02 2.46926583e-03 -1.24376360e-02 -1.34144649e-02 4.37009789e-04 -5.13412468e-02 1.36284130e-02 -3.75298900e-03 1.07628154e-02 7.01514445e-03 3.09266709e-03 1.81232952e-02 1.89082022e-03 1.95804164e-02 -2.13158280e-02
-4.11711708e-02 -4.33255471e-02 3.72827565e-03 -1.77039541e-02 -2.00825371e-02 6.64683059e-04 -7.78768435e-02 2.07729321e-02 -5.68593619e-03 1.63256675e-02 1.06488727e-02 4.69481200e-03 2.75155250e-02 2.87094526e-03 2.97296718e-02 -3.23654674e-02
6.75720815e-03 7.51157524e-03 -6.80892379e-04 3.95886460e-03 3.74407088e-03 -1.25520542e-04 1.43379020e-02 -3.80617031e-03 1.04412821e-03 -2.99422233e-03 -1.94699387e-03 -8.58494488e-04 -5.02996193e-03 -5.24722564e-04 -5.43397199e-03 5.91529114e-03
-1.02402680e-01 -1.17267087e-01 1.03912614e-02 -5.22715338e-02 -5.62173426e-02 1.86792633e-03 -2.20112249e-01 5.83078340e-02 -1.60501190e-02 4.60529663e-02 3.00285760e-02 1.32374670e-02 7.75771812e-02 8.09408166e-03 8.38175714e-02 -9.12479237e-02
-2.57891472e-02 -2.27701701e-02 2.08335812e-03 -1.01259891e-02 -1.12271141e-02 3.70435329e-04 -4.36610430e-02 1.16026057e-02 -3.18964943e-03 9.16096754e-03 5.97526738e-03 2.63469806e-03 1.54420184e-02 1.61122158e-03 1.66847538e-02 -1.81640871e-02
1.91934197e-03 1.77969760e-03 -1.59132338e-04 8.01402319e-04 8.85355403e-04 -2.93858011e-05 3.31867556e-03 -8.82829190e-04 2.40881636e-04 -6.90902059e-04 -4.50109830e-04 -1.98357127e-04 -1.16236845e-03 -1.21265512e-04 -1.25577452e-03 1.36705663e-03
9.36919823e-03 8.07977468e-03 -6.91491063e-04 3.66419926e-03 3.90588911e-03 -1.27961015e-04 1.45021491e-02 -3.87928984e-03 1.05677056e-03 -3.01674986e-03 -1.95612432e-03 -8.62668909e-04 -5.05045149e-03 -5.26377175e-04 -5.45215281e-03 5.93352737e-03
6.59885444e-03 7.67364912e-03 -6.92856789e-04 3.52953491e-03 3.76856839e-03 -1.24914644e-04 1.45551916e-02 -3.87560064e-03 1.06121437e-03 -3.04651703e-03 -1.98644353e-03 -8.75707483e-04 -5.13193104e-03 -5.35440980e-04 -5.54470764e-03 6.03624526e-03
7.39353569e-03 5.96578931e-03 -5.29811427e-04 2.83832755e-03 2.89112283e-03 -9.40511236e-05 1.10189263e-02 -2.92837503e-03 8.03317816e-04 -2.29850132e-03 -1.49715028e-03 -6.59750076e-04 -3.86504969e-03 -4.03166749e-04 -4.17518569e-03 4.54494962e-03
5.86914457e-03 5.75312087e-03 -5.11646562e-04 2.57237349e-03 2.78650201e-03 -9.18581936e-05 1.07446974e-02 -2.85427761e-03 7.85223616e-04 -2.25266442e-03 -1.46864040e-03 -6.47447363e-04 -3.79421213e-03 -3.95863259e-04 -4.09933925e-03 4.46271989e-03
2.29647942e-02 2.77239513e-02 -2.69498839e-03 1.29720131e-02 1.44966980e-02 -4.77910682e-04 5.68899587e-02 -1.51419416e-02 4.16377652e-03 -1.19578382e-02 -7.80078536e-03 -3.43954377e-03 -2.01596152e-02 -2.10346770e-03 -2.17821281e-02 2.37134304e-02
-8.12451262e-03 -7.86487386e-03 6.47469657e-04 -3.58276162e-03 -3.58077488e-03 1.19930301e-04 -1.35576827e-02 3.59669677e-03 -9.85546038e-04 2.82688742e-03 1.83952728e-03 8.10770201e-04 4.74997843e-03 4.95493587e-04 5.13122510e-03 -5.58576314e-03
-1.60902403e-02 -1.52751375e-02 1.36324938e-03 -6.99057756e-03 -7.37081235e-03 2.44804600e-04 -2.84328349e-02 7.56986532e-03 -2.07906356e-03 5.95714897e-03 3.87935457e-03 1.70972000e-03 1.00161498e-02 1.04484404e-03 1.08203003e-02 -1.17786648e-02
5.45252766e-03 5.85006643e-03 -5.28708857e-04 2.52166484e-03 2.87483982e-03 -9.49014429e-05 1.10458676e-02 -2.94213183e-03 8.06115859e-04 -2.31396314e-03 -1.50875095e-03 -6.65122527e-04 -3.89795005e-03 -4.06694249e-04 -4.21148213e-03 4.58483398e-03
-1.99161377e-02 -2.13769209e-02 1.99926668e-03 -9.79766343e-03 -1.08431587e-02 3.50920105e-04 -4.17229757e-02 1.10814646e-02 -3.04975430e-03 8.75242520e-03 5.70985861e-03 2.51757889e-03 1.47553012e-02 1.53955561e-03 1.59426518e-02 -1.73561517e-02
2.62356065e-02 2.92403419e-02 -2.58766022e-03 1.28282690e-02 1.40343178e-02 -4.59167000e-04 5.45045137e-02 -1.44771198e-02 3.97173408e-03 -1.13824280e-02 -7.42368028e-03 -3.27324681e-03 -1.91821735e-02 -2.00136960e-03 -2.07249597e-02 2.25622542e-02
8.07889458e-03 6.76835608e-03 -4.95575776e-04 2.75897747e-03 2.83396849e-03 -9.31713075e-05 1.06350482e-02 -2.83007417e-03 7.73083593e-04 -2.22140551e-03 -1.44494069e-03 -6.36868295e-04 -3.73105612e-03 -3.89230263e-04 -4.03077994e-03 4.38787695e-03
