1.07917283e-02 -5.45100961e-03 1.06482604e-03 -7.51842838e-03 7.88639358e-04 -2.19580438e-03 -1.55507065e-02 3.67679484e-02 3.01999319e-03 6.44181063e-03 -1.53687447e-02 4.64603509e-04 -7.28377234e-03 -7.13817263e-03 1.65869463e-02 9.02537722e-03
-6.30489842e-04 2.81520450e-04 8.21780850e-05 4.55382891e-04 -5.73958496e-05 1.56040027e-04 1.05875661e-03 -2.53426330e-03 -2.08141908e-04 -4.46710561e-04 1.07031292e-03 -3.31433221e-05 5.08699857e-04 4.98578767e-04 -1.15850673e-03 -6.30536990e-04
6.23936765e-03 -3.43990582e-03 3.38268699e-04 -5.03452076e-03 5.18098590e-04 -1.43010309e-03 -1.01098185e-02 2.40905844e-02 1.96354091e-03 4.20645112e-03 -1.00212265e-02 3.02280037e-04 -4.74939495e-03 -4.65441123e-03 1.08158011e-02 5.88470045e-03
-1.72098055e-02 9.21813305e-03 -5.31567144e-04 1.29987709e-02 -1.50239537e-03 4.10461985e-03 2.82183532e-02 -6.73786923e-02 -5.51852584e-03 -1.18463403e-02 2.83675417e-02 -8.77021346e-04 1.34775788e-02 1.32092452e-02 -3.06930263e-02 -1.67050399e-02
2.84977024e-03 -1.17770163e-03 3.75820615e-04 -1.61792699e-03 1.43458805e-04 -4.07748652e-04 -2.96934810e-03 7.11846165e-03 5.75024344e-04 1.23831374e-03 -2.93268962e-03 8.94640179e-05 -1.39208243e-03 -1.36438839e-03 3.17019830e-03 1.72507460e-03
6.26145920e-04 -3.73307616e-04 -1.74202869e-05 -4.63136210e-04 5.32651829e-05 -1.46932420e-04 -1.01971277e-03 2.43437360e-03 1.98899128e-04 4.26512910e-04 -1.01782614e-03 3.08152630e-05 -4.82691365e-04 -4.73065593e-04 1.09932665e-03 5.98140468e-04
-1.08471373e-03 1.28250360e-03 -9.26188135e-04 1.47127185e-03 -1.12387985e-04 2.66486139e-04 2.53930455e-03 -5.96642075e-03 -4.83995827e-04 -1.05387182e-03 2.43860600e-03 -6.00898566e-05 1.13425648e-03 1.11210695e-03 -2.59212847e-03 -1.40505447e-03
-2.56408378e-03 1.44232670e-03 -3.33663891e-04 2.09021941e-03 -1.99750066e-04 5.58042957e-04 4.01558727e-03 -9.48787946e-03 -7.77874200e-04 -1.66910165e-03 3.96070769e-03 -1.17208459e-04 1.87323324e-03 1.83570897e-03 -4.26636869e-03 -2.32058275e-03
3.24101886e-03 -1.72952819e-03 3.29650909e-04 -3.04922392e-03 3.38020589e-04 -9.17307625e-04 -6.43398007e-03 1.53219402e-02 1.26021251e-03 2.70361081e-03 -6.44415105e-03 1.93532935e-04 -3.04976036e-03 -2.98884558e-03 6.94533344e-03 3.77882016e-03
-7.17687048e-03 3.97920469e-03 -5.15246124e-04 5.36249205e-03 -6.11032476e-04 1.69040193e-03 1.18367281e-02 -2.83941720e-02 -2.29310011e-03 -4.91329562e-03 1.17562823e-02 -3.60862003e-04 5.58254542e-03 5.47112757e-03 -1.27129983e-02 -6.91858958e-03
6.07001688e-03 -3.49082239e-03 3.38141283e-04 -4.76173637e-03 5.16712898e-04 -1.43236457e-03 -1.00130625e-02 2.39333808e-02 1.94806140e-03 4.18455480e-03 -9.99052729e-03 3.05490277e-04 -4.74044867e-03 -4.64576483e-03 1.07951406e-02 5.87461609e-03
1.35624688e-02 -7.21510779e-03 8.03768053e-04 -1.00172851e-02 1.10984093e-03 -3.06767994e-03 -2.13200096e-02 5.07675596e-02 4.15230729e-03 8.89753830e-03 -2.12810375e-02 6.50028232e-04 -1.01007549e-02 -9.89938714e-03 2.30030715e-02 1.25178378e-02
-2.07567890e-03 9.96321323e-04 -2.25572760e-04 1.31809211e-03 -1.36815099e-04 3.87038745e-04 2.73957266e-03 -6.49656914e-03 -5.32407896e-04 -1.14097958e-03 2.71685352e-03 -8.14971427e-05 1.28686463e-03 1.26112683e-03 -2.93052988e-03 -1.59441691e-03
-1.37942620e-02 7.67345168e-03 -1.33686536e-03 1.03018396e-02 -1.11762644e-03 3.10948025e-03 2.19378006e-02 -5.22642881e-02 -4.26882226e-03 -9.10438877e-03 2.17502285e-02 -6.61756319e-04 1.03213377e-02 1.01153133e-02 -2.35051978e-02 -1.27901500e-02
1.67843774e-02 -9.11398232e-03 8.72278120e-04 -1.25470590e-02 1.48659421e-03 -4.03482141e-03 -2.77117211e-02 6.61431327e-02 5.42925159e-03 1.16235446e-02 -2.78534982e-02 8.62130080e-04 -1.32380789e-02 -1.29745435e-02 3.01477537e-02 1.64084919e-02
-7.16722012e-02 4.01449986e-02 1.38605642e-03 5.55848777e-02 -6.89236820e-03 1.86202675e-02 1.26672953e-01 -3.03012401e-01 -2.48849280e-02 -5.34145646e-02 1.28047317e-01 -3.97147564e-03 6.08716346e-02 5.96610084e-02 -1.38629004e-01 -7.54529461e-02
-1.19369989e-02 6.57561654e-03 2.10414699e-04 9.60369781e-03 -1.11045863e-03 3.03167314e-03 2.08507273e-02 -4.99265566e-02 -4.07420564e-03 -8.74334201e-03 2.09429692e-02 -6.48123911e-04 9.95287113e-03 9.75474529e-03 -2.26661544e-02 -1.23364711e-02
1.10679585e-02 -6.03019493e-03 7.76439498e-04 -8.09640996e-03 8.68124247e-04 -2.41397810e-03 -1.69237629e-02 4.04145829e-02 3.29813478e-03 7.05388188e-03 -1.68373752e-02 5.12681669e-04 -7.98773952e-03 -7.82870501e-03 1.81908663e-02 9.89838690e-03
8.69046431e-04 -4.02600679e-04 1.97424233e-05 -5.91417425e-04 6.77085409e-05 -1.85704557e-04 -1.27966912e-03 3.04890657e-03 2.49703910e-04 5.35586325e-04 -1.28263736e-03 3.96855576e-05 -6.09503477e-04 -5.97370323e-04 1.38804794e-03 7.55471934e-04
3.67908776e-02 -2.00659670e-02 -1.65395113e-03 -2.85427719e-02 3.54572735e-03 -9.59239993e-03 -6.51983023e-02 1.56137764e-01 1.28205335e-02 2.75241993e-02 -6.59830123e-02 2.04666425e-03 -3.13669331e-02 -3.07431016e-02 7.14350343e-02 3.88806351e-02
-7.67654646e-03 4.03597066e-03 -4.22154495e-04 5.61099267e-03 -6.33245625e-04 1.74034748e-03 1.21187773e-02 -2.89517678e-02 -2.35689222e-03 -5.05440682e-03 1.20907258e-02 -3.71330621e-04 5.74049959e-03 5.62600791e-03 -1.30727189e-02 -7.11450865e-03
-3.64620797e-02 1.95125025e-02 4.18513548e-04 2.76417807e-02 -3.27303540e-03 8.90869088e-03 6.09116256e-02 -1.45497203e-01 -1.19357994e-02 -2.56155301e-02 6.13867790e-02 -1.90106407e-03 2.91762669e-02 2.85957642e-02 -6.64452463e-02 -3.61642465e-02
-6.93703210e-03 4.20222897e-03 -5.80445048e-04 5.22048445e-03 -5.47949458e-04 1.51787826e-03 1.08080646e-02 -2.56320648e-02 -2.08556093e-03 -4.47572721e-03 1.06566185e-02 -3.19651183e-04 5.04790898e-03 4.94755991e-03 -1.14971092e-02 -6.25477405e-03
-1.05186468e-02 5.92993852e-03 -1.29229797e-04 8.59807245e-03 -9.67280823e-04 2.63084448e-03 1.81958880e-02 -4.35116366e-02 -3.56602506e-03 -7.66020129e-03 1.83005873e-02 -5.57686260e-04 8.68090056e-03 8.50961637e-03 -1.97719913e-02 -1.07586179e-02
4.38026385e-03 -2.52610585e-03 -1.60914278e-04 -3.76640027e-03 4.38151881e-04 -1.19497313e-03 -8.18615872e-03 1.95709914e-02 1.60418893e-03 3.44255357e-03 -8.24605487e-03 2.55062361e-04 -3.91839165e-03 -3.84039036e-03 8.92355479e-03 4.85677319e-03
2.13439595e-02 -1.21460864e-02 -3.16861435e-04 -1.70133971e-02 2.07281928e-03 -5.62825846e-03 -3.83521952e-02 9.17905644e-02 7.52692856e-03 1.61548294e-02 -3.87229398e-02 1.20052509e-03 -1.84074063e-02 -1.80411972e-02 4.19206992e-02 2.28164960e-02
-1.54054388e-02 8.76963325e-03 -1.58522720e-03 1.21111199e-02 -1.22831017e-03 3.42200766e-03 2.44938713e-02 -5.81679195e-02 -4.75953100e-03 -1.02108000e-02 2.42958833e-02 -7.20543088e-04 1.14781270e-02 1.12480363e-02 -2.61446591e-02 -1.42198922e-02
2.52454611e-03 -6.02556509e-04 -8.63648893e-06 -1.87052914e-03 2.09499834e-04 -5.77236351e-04 -4.02267557e-03 9.58981086e-03 7.86656572e-04 1.68895046e-03 -4.02702810e-03 1.21853300e-04 -1.90742593e-03 -1.86925894e-03 4.34376206e-03 2.36346317e-03
6.31554751e-03 -3.37567413e-03 1.12522929e-03 -4.26485902e-03 4.16071038e-04 -1.16350094e-03 -8.37151799e-03 1.98157169e-02 1.60849013e-03 3.43542756e-03 -8.22538696e-03 2.42016307e-04 -3.88912112e-03 -3.81124136e-03 8.85567628e-03 4.81788116e-03
7.19136698e-03 -4.02962230e-03 8.67421972e-04 -5.78071922e-03 5.81416709e-04 -1.62634556e-03 -1.15767382e-02 2.77202893e-02 2.25313450e-03 4.83481726e-03 -1.14859780e-02 3.40293482e-04 -5.43318177e-03 -5.32474183e-03 1.23752197e-02 6.73133135e-03
1.01413224e-02 -5.93870552e-03 1.25418557e-03 -7.63418525e-03 7.81830284e-04 -2.17527570e-03 -1.57769360e-02 3.79910693e-02 3.05110891e-03 6.52805995e-03 -1.54238194e-02 4.54384630e-04 -7.30212731e-03 -7.16198701e-03 1.66491009e-02 9.04966705e-03
2.18388122e-02 -1.17222639e-02 9.01992898e-05 -1.61048695e-02 1.98222673e-03 -5.35951508e-03 -3.65784392e-02 8.76109079e-02 7.18140835e-03 1.54156554e-02 -3.69495600e-02 1.14505307e-03 -1.75617449e-02 -1.72123127e-02 3.99946347e-02 2.17682440e-02
-5.03672510e-02 2.80445702e-02 5.40729845e-04 4.10889015e-02 -4.70565725e-03 1.28528932e-02 8.80051255e-02 -2.10688680e-01 -1.72561370e-02 -3.70141342e-02 8.86718109e-02 -2.74503301e-03 4.21471149e-02 4.13081050e-02 -9.59836692e-02 -5.22408523e-02
3.27046290e-02 -1.81494076e-02 4.34051035e-04 -2.46699341e-02 2.98196310e-03 -8.14380217e-03 -5.56891188e-02 1.32922620e-01 1.08991256e-02 2.33779214e-02 -5.60479350e-02 1.73649506e-03 -2.66342089e-02 -2.61043496e-02 6.06562085e-02 3.30137871e-02
-1.34009747e-02 7.14227930e-03 4.75203531e-04 1.00002764e-02 -1.23791478e-03 3.36239929e-03 2.29405817e-02 -5.47945052e-02 -4.49651992e-03 -9.65009630e-03 2.31360886e-02 -7.17691961e-04 1.09980982e-02 1.07793612e-02 -2.50470601e-02 -1.36326104e-02
1.09103024e-02 -6.34720456e-03 -1.00611243e-04 -8.75151716e-03 1.04403181e-03 -2.83999625e-03 -1.94908436e-02 4.65688780e-02 3.81784677e-03 8.19539092e-03 -1.96216740e-02 6.06611313e-04 -9.32377204e-03 -9.13812686e-03 2.12333910e-02 1.15564847e-02
-3.09541763e-04 1.70354906e-04 -2.93160028e-05 1.95952001e-04 -2.17017223e-05 5.91312746e-05 4.07491258e-04 -9.80932615e-04 -7.97601460e-05 -1.71045453e-04 4.09736327e-04 -1.26811365e-05 1.94709821e-04 1.90832943e-04 -4.43420111e-04 -2.41339585e-04
1.24460151e-02 -8.88298452e-03 -1.60403305e-03 -1.33614168e-02 1.71867386e-03 -4.62749880e-03 -3.13055031e-02 7.49958083e-02 6.16749655e-03 1.32384133e-02 -3.17477360e-02 9.85110993e-04 -1.50931217e-02 -1.47929750e-02 3.43732052e-02 1.87086817e-02
3.19669861e-03 -1.93581206e-03 1.21311459e-05 -2.75902846e-03 3.31465766e-04 -9.05109919e-04 -6.18226593e-03 1.47790918e-02 1.21293287e-03 2.60250550e-03 -6.23643212e-03 1.93050058e-04 -2.96378764e-03 -2.90479814e-03 6.74960576e-03 3.67360609e-03
-2.60389468e-04 5.20241330e-04 2.32348073e-04 8.80478416e-04 -1.24456463e-04 3.30397219e-04 2.21771770e-03 -5.33740688e-03 -4.38548828e-04 -9.42183891e-04 2.26019509e-03 -7.01674799e-05 1.07460620e-03 1.05324178e-03 -2.44733109e-03 -1.33203983e-03
4.99574281e-03 -2.79041356e-03 4.30712913e-04 -3.94875649e-03 4.18795564e-04 -1.16618839e-03 -8.22532270e-03 1.96350943e-02 1.59904803e-03 3.42851994e-03 -8.18036124e-03 2.47717602e-04 -3.87747609e-03 -3.79989296e-03 8.82999040e-03 4.80455114e-03
-2.00831182e-02 1.09660542e-02 -9.75345378e-04 1.52914058e-02 -1.65241212e-03 4.61524725e-03 3.22826765e-02 -7.67859668e-02 -6.25707768e-03 -1.34067824e-02 3.20344456e-02 -9.82834841e-04 1.52141014e-02 1.49112567e-02 -3.46487574e-02 -1.88558586e-02
3.04659200e-03 -1.80833729e-03 2.95311649e-04 -2.46399478e-03 2.58022425e-04 -7.13297457e-04 -5.08713815e-03 1.21125383e-02 9.84934159e-04 2.11605942e-03 -5.04921610e-03 1.53971501e-04 -2.39386340e-03 -2.34609353e-03 5.45146270e-03 2.96662864e-03
-1.17573105e-02 6.00945577e-03 -2.23368988e-05 8.65243282e-03 -1.02629256e-03 2.79564643e-03 1.90716665e-02 -4.56654690e-02 -3.74424923e-03 -8.03359225e-03 1.92522798e-02 -5.96741505e-04 9.15094092e-03 8.96885991e-03 -2.08401121e-02 -1.13427769e-02
1.68745909e-02 -9.75740422e-03 1.61073904e-03 -1.26913218e-02 1.32106838e-03 -3.66708916e-03 -2.61461791e-02 6.32175878e-02 5.11292042e-03 1.08764190e-02 -2.58609820e-02 7.61528325e-04 -1.22578274e-02 -1.20243058e-02 2.79262811e-02 1.51894977e-02
-1.49469553e-02 8.37170985e-03 -4.87029436e-04 1.17204767e-02 -1.34963228e-03 3.69570497e-03 2.57612076e-02 -6.16286844e-02 -5.02426689e-03 -1.07737621e-02 2.57571265e-02 -7.91922153e-04 1.22257350e-02 1.19824251e-02 -2.78427098e-02 -1.51523389e-02
-4.96795513e-02 2.85066776e-02 -2.79610185e-03 3.70692238e-02 -4.01141169e-03 1.10977627e-02 7.89121836e-02 -1.87342405e-01 -1.52551588e-02 -3.29301693e-02 7.80565217e-02 -2.37580761e-03 3.70088033e-02 3.62724774e-02 -8.43031555e-02 -4.58646193e-02
-1.80207957e-02 1.02338539e-02 1.02096389e-03 1.48052545e-02 -1.82261644e-03 4.92993603e-03 3.35065275e-02 -8.02405477e-02 -6.58811117e-03 -1.41431764e-02 3.39032449e-02 -1.05166016e-03 1.61171984e-02 1.57966502e-02 -3.67052890e-02 -1.99779328e-02
6.55869767e-03 -3.39033641e-03 1.93011947e-05 -4.95067704e-03 5.39058587e-04 -1.46701175e-03 -1.00806095e-02 2.40842458e-02 1.97671819e-03 4.24359040e-03 -1.01630781e-02 3.14821635e-04 -4.83033340e-03 -4.73422930e-03 1.10004758e-02 5.98727120e-03
2.76361387e-02 -1.73822977e-02 -1.80418696e-03 -2.50561889e-02 3.15783545e-03 -8.51862039e-03 -5.77974990e-02 1.38427004e-01 1.13693057e-02 2.44062748e-02 -5.85148111e-02 1.81532768e-03 -2.78177690e-02 -2.72645280e-02 6.33522198e-02 3.44813392e-02
-2.48876866e-03 7.68988102e-04 -1.31003297e-04 8.15713371e-04 -9.68936656e-05 2.66310381e-04 1.82743231e-03 -4.35362896e-03 -3.56983306e-04 -7.65840174e-04 1.83558930e-03 -5.69276854e-05 8.72566306e-04 8.55209481e-04 -1.98717485e-03 -1.08157680e-03
-7.40799587e-03 4.40626265e-03 -1.34796184e-03 5.74098853e-03 -5.40146430e-04 1.50633487e-03 1.10879587e-02 -2.62149479e-02 -2.14427570e-03 -4.59182961e-03 1.08877765e-02 -3.19257553e-04 5.14037255e-03 5.03713125e-03 -1.17083723e-02 -6.36721309e-03
9.90074314e-03 -5.39559079e-03 8.28072079e-05 -7.62525806e-03 8.98114697e-04 -2.43735011e-03 -1.67399310e-02 4.00289521e-02 3.27984127e-03 7.03329640e-03 -1.68480668e-02 5.20987203e-04 -8.00479949e-03 -7.84541667e-03 1.82296373e-02 9.92174447e-03
4.19290364e-03 -2.21077073e-03 4.67434758e-04 -3.01450072e-03 3.10207164e-04 -8.70604592e-04 -6.14893716e-03 1.46725057e-02 1.19338231e-03 2.55993754e-03 -6.10619877e-03 1.85086756e-04 -2.89328955e-03 -2.83539901e-03 6.58849347e-03 3.58510064e-03
7.96493422e-03 -5.22018224e-03 -6.58262055e-04 -7.71169877e-03 9.65802814e-04 -2.60670623e-03 -1.76964700e-02 4.23824452e-02 3.48036620e-03 7.47096259e-03 -1.79106761e-02 5.55555453e-04 -8.51446670e-03 -8.34512990e-03 1.93908419e-02 1.05540315e-02
9.34946537e-03 -5.30448835e-03 1.83516718e-03 -6.88784616e-03 6.52308867e-04 -1.79204892e-03 -1.34148002e-02 3.24986130e-02 2.58950912e-03 5.55909844e-03 -1.31916180e-02 3.80307465e-04 -6.20506704e-03 -6.08134782e-03 1.41363777e-02 7.68732699e-03
4.18452639e-03 -2.14950228e-03 1.16483803e-04 -3.06931045e-03 3.38557875e-04 -9.28873080e-04 -6.41033612e-03 1.53177595e-02 1.25317252e-03 2.68911617e-03 -6.43269205e-03 1.98063295e-04 -3.05502582e-03 -2.99414247e-03 6.95716916e-03 3.78637807e-03
-5.28334454e-03 3.00073321e-03 -2.47022836e-05 4.15512268e-03 -4.82598844e-04 1.32633245e-03 9.08516068e-03 -2.17045825e-02 -1.77908991e-03 -3.81662068e-03 9.14154667e-03 -2.82781752e-04 4.34401724e-03 4.25754581e-03 -9.89285670e-03 -5.38434740e-03
-8.63344129e-03 5.96512156e-03 1.01697701e-03 8.94009043e-03 -1.13664346e-03 3.05989105e-03 2.07286980e-02 -4.96677496e-02 -4.08061966e-03 -8.76094680e-03 2.10050810e-02 -6.51776034e-04 9.98631120e-03 9.78771597e-03 -2.27428731e-02 -1.23785017e-02
2.96859653e-03 -1.18257932e-03 3.11687734e-04 -1.45641423e-03 1.71744832e-04 -4.70629078e-04 -3.22981016e-03 7.70579930e-03 6.32021460e-04 1.35653478e-03 -3.25121451e-03 1.00785095e-04 -1.54537300e-03 -1.51463202e-03 3.51941190e-03 1.91554183e-03
1.04921183e-03 -5.59594831e-04 2.10039987e-04 -7.34507106e-04 7.29027815e-05 -2.05055156e-04 -1.47352414e-03 3.49281356e-03 2.84161244e-04 6.08780130e-04 -1.45025435e-03 4.38489078e-05 -6.87021820e-04 -6.73268281e-04 1.56446325e-03 8.51260556e-04
2.13628933e-02 -1.23647107e-02 6.11720723e-04 -1.64701138e-02 1.98314572e-03 -5.39995544e-03 -3.71709950e-02 8.87529179e-02 7.27582071e-03 1.56067582e-02 -3.73906679e-02 1.15607225e-03 -1.77606270e-02 -1.74068864e-02 4.04462740e-02 2.20138468e-02
5.84944617e-03 -3.21190385e-03 5.49458084e-04 -4.15017921e-03 4.63991601e-04 -1.27660716e-03 -8.94022640e-03 2.13182531e-02 1.74048531e-03 3.72943305e-03 -8.91478267e-03 2.72509467e-04 -4.23146738e-03 -4.14698571e-03 9.63593926e-03 5.24380943e-03
-3.57044637e-02 1.93905402e-02 -6.11692900e-04 2.66016200e-02 -3.06962267e-03 8.39946512e-03 5.78650869e-02 -1.38063729e-01 -1.12831723e-02 -2.42147408e-02 5.80040552e-02 -1.79396989e-03 2.75588818e-02 2.70101745e-02 -6.27608150e-02 -3.41587439e-02
9.38074780e-04 -6.15826459e-04 6.00804779e-05 -7.57661241e-04 8.82305176e-05 -2.39114932e-04 -1.65040686e-03 3.94157041e-03 3.23089276e-04 6.93465990e-04 -1.66046235e-03 5.12763690e-05 -7.88840407e-04 -7.73128995e-04 1.79645058e-03 9.77727352e-04
-2.04991214e-02 1.12111736e-02 -8.88899434e-04 1.58384107e-02 -1.75325887e-03 4.87589277e-03 3.40388827e-02 -8.13712552e-02 -6.62072981e-03 -1.41924396e-02 3.39483358e-02 -1.04032923e-03 1.61080547e-02 1.57854296e-02 -3.66801657e-02 -1.99615732e-02
7.64037948e-03 -4.26936336e-03 3.32410447e-04 -5.94545808e-03 6.84799918e-04 -1.87495991e-03 -1.29410345e-02 3.08519527e-02 2.52295285e-03 5.41659910e-03 -1.29677104e-02 4.00496618e-04 -6.15916494e-03 -6.03643479e-03 1.40263950e-02 7.63396034e-03
2.38116086e-02 -1.34651754e-02 -1.66410813e-04 -1.81653928e-02 2.15212861e-03 -5.81879728e-03 -3.97531651e-02 9.50615183e-02 7.80244684e-03 1.67473368e-02 -4.01406176e-02 1.24281179e-03 -1.90765318e-02 -1.86966658e-02 4.34438400e-02 2.36454643e-02
1.97621575e-03 -1.17689616e-03 1.07460015e-04 -1.66946999e-03 1.80250092e-04 -4.95672226e-04 -3.53449443e-03 8.41596629e-03 6.85967505e-04 1.47353252e-03 -3.50560155e-03 1.03874037e-04 -1.65819051e-03 -1.62508839e-03 3.77694960e-03 2.05444871e-03
-2.12941959e-05 -2.00442155e-05 -1.82882766e-04 -2.19779366e-04 3.61607599e-05 -9.53203489e-05 -6.00103929e-04 1.46050716e-03 1.21070982e-04 2.59707362e-04 -6.27729867e-04 2.02832671e-05 -2.99944804e-04 -2.94013880e-04 6.83112303e-04 3.71981092e-04
-1.99454483e-02 1.16295582e-02 -2.82302499e-03 1.53057054e-02 -1.71900936e-03 4.72421059e-03 3.28814834e-02 -7.83650428e-02 -6.42183749e-03 -1.37650818e-02 3.28835845e-02 -1.00395607e-03 1.56076886e-02 1.52949775e-02 -3.55426930e-02 -1.93408094e-02
-1.82212738e-03 7.76880071e-04 -1.21431563e-04 1.01526361e-03 -1.05173152e-04 2.97674356e-04 2.06604879e-03 -4.91757924e-03 -4.03372862e-04 -8.64934700e-04 2.06678268e-03 -6.35157703e-05 9.81246820e-04 9.61677171e-04 -2.23453902e-03 -1.21610938e-03
-5.52882105e-02 3.01976353e-02 -1.34747103e-03 4.02201004e-02 -4.53357864e-03 1.24581447e-02 8.67411569e-02 -2.06331268e-01 -1.68610867e-02 -3.61824408e-02 8.65157545e-02 -2.65886704e-03 4.10629138e-02 4.02454548e-02 -9.35141817e-02 -5.08930236e-02
-2.19905693e-02 1.27534382e-02 8.81517422e-04 1.83511879e-02 -2.25112750e-03 6.12019794e-03 4.17369306e-02 -9.98192653e-02 -8.18537176e-03 -1.75686739e-02 4.21147868e-02 -1.30605849e-03 2.00195573e-02 1.96213555e-02 -4.55923975e-02 -2.48149782e-02
7.60118943e-03 -4.22784127e-03 7.61273666e-04 -5.46842534e-03 6.02673332e-04 -1.67303777e-03 -1.17439087e-02 2.79023070e-02 2.29004351e-03 4.89852717e-03 -1.16947908e-02 3.54148506e-04 -5.54576656e-03 -5.43500436e-03 1.26296598e-02 6.87199505e-03
-3.18005192e-03 1.68903847e-03 -5.22791350e-04 2.18512630e-03 -1.92688094e-04 5.51144243e-04 4.08999575e-03 -9.80533566e-03 -7.94556981e-04 -1.69624703e-03 4.00335202e-03 -1.13376256e-04 1.89086224e-03 1.85320596e-03 -4.30823583e-03 -2.34160130e-03
1.22355446e-02 -6.80200383e-03 2.41066271e-04 -9.54880752e-03 1.07788749e-03 -2.93837092e-03 -2.02482380e-02 4.84444201e-02 3.96542298e-03 8.51521548e-03 -2.03785934e-02 6.27889123e-04 -9.67724621e-03 -9.48457886e-03 2.20383052e-02 1.19941579e-02
-2.99914367e-02 1.66612342e-02 -3.06392321e-04 2.28145681e-02 -2.77783442e-03 7.58195622e-03 5.16958795e-02 -1.23703606e-01 -1.01454966e-02 -2.17745360e-02 5.21929339e-02 -1.61818450e-03 2.48089321e-02 2.43153945e-02 -5.64994477e-02 -3.07514090e-02
9.44218878e-03 -5.28331893e-03 8.31875775e-04 -7.19490554e-03 7.79994880e-04 -2.15044571e-03 -1.51333259e-02 3.61070782e-02 2.94779916e-03 6.31590886e-03 -1.50625817e-02 4.55954258e-04 -7.14110723e-03 -6.99839275e-03 1.62621234e-02 8.84854794e-03
1.48558905e-02 -8.37641396e-03 3.20639927e-04 -1.20459637e-02 1.38751836e-03 -3.79774836e-03 -2.61426549e-02 6.24392107e-02 5.12334844e-03 1.09880595e-02 -2.62900386e-02 8.08103185e-04 -1.24844937e-02 -1.22358035e-02 2.84314863e-02 1.54729653e-02
-1.08381081e-02 5.68448240e-03 1.91582891e-04 8.20008013e-03 -9.34477546e-04 2.56354106e-03 1.76721569e-02 -4.22222540e-02 -3.44861438e-03 -7.40007265e-03 1.77137125e-02 -5.47057949e-04 8.41585454e-03 8.24828912e-03 -1.91657338e-02 -1.04310345e-02
1.02760643e-02 -5.83102414e-03 6.88740402e-04 -7.95900170e-03 8.93841265e-04 -2.45818147e-03 -1.71555206e-02 4.08184417e-02 3.33401258e-03 7.14577734e-03 -1.70927718e-02 5.26769320e-04 -8.11901875e-03 -7.95716234e-03 1.84894539e-02 1.00627011e-02
1.66445377e-03 -4.05499537e-04 2.64038041e-04 -5.59732667e-04 3.29872164e-05 -1.05445288e-04 -8.15759762e-04 1.88727328e-03 1.55767179e-04 3.30596900e-04 -7.80115894e-04 2.28543558e-05 -3.68775567e-04 -3.61293758e-04 8.39494867e-04 4.56657639e-04
1.41038680e-02 -7.88394175e-03 1.42127567e-04 -1.10940868e-02 1.30826258e-03 -3.57961678e-03 -2.45281272e-02 5.86517751e-02 4.80398256e-03 1.03108427e-02 -2.46921591e-02 7.63629563e-04 -1.17335385e-02 -1.14999413e-02 2.67212596e-02 1.45434029e-02
-4.01765388e-03 2.60328338e-03 3.02612607e-04 3.78179085e-03 -4.74389759e-04 1.27993303e-03 8.68858118e-03 -2.08034478e-02 -1.70858356e-03 -3.66774364e-03 8.79334379e-03 -2.72785692e-04 4.18029120e-03 4.09715064e-03 -9.52019356e-03 -5.18164923e-03
-1.73226111e-02 8.96876678e-03 6.84675761e-05 1.22572947e-02 -1.45505730e-03 3.95979406e-03 2.70798337e-02 -6.47297129e-02 -5.31267934e-03 -1.14024794e-02 2.73203552e-02 -8.45982984e-04 1.29828257e-02 1.27244312e-02 -2.95665376e-02 -1.60922538e-02
-1.46603277e-02 9.04712267e-03 -1.81788998e-03 1.10961860e-02 -1.12999149e-03 3.17324488e-03 2.26639360e-02 -5.39696328e-02 -4.36791312e-03 -9.39557888e-03 2.24239789e-02 -6.69753994e-04 1.05905868e-02 1.03792856e-02 -2.41220947e-02 -1.31217018e-02
-1.00841662e-02 5.89768169e-03 -1.55076187e-03 8.26558471e-03 -7.19370786e-04 2.04678578e-03 1.55224977e-02 -3.70284095e-02 -2.96402792e-03 -6.32595550e-03 1.49606029e-02 -4.28646017e-04 7.06012174e-03 6.92098169e-03 -1.60882939e-02 -8.74611642e-03
1.33563429e-02 -7.32220151e-03 1.10626849e-03 -9.50942189e-03 1.04332948e-03 -2.87464284e-03 -2.01455969e-02 4.78898473e-02 3.92210716e-03 8.40571709e-03 -2.00984925e-02 6.10786781e-04 -9.52486601e-03 -9.33449063e-03 2.16902383e-02 1.18028950e-02
4.21895820e-04 -1.97810994e-04 8.95693156e-05 -3.15181212e-04 3.04081805e-05 -8.64420581e-05 -6.24246313e-04 1.48121757e-03 1.20774705e-04 2.58468033e-04 -6.15246827e-04 1.82905260e-05 -2.90761673e-04 -2.84955575e-04 6.62154984e-04 3.60229984e-04
-1.53328814e-02 8.11706390e-03 -1.21813943e-03 1.07667204e-02 -1.18015765e-03 3.25409486e-03 2.27122009e-02 -5.40645681e-02 -4.43137810e-03 -9.49604064e-03 2.27202140e-02 -6.98368531e-04 1.07871201e-02 1.05722677e-02 -2.45661270e-02 -1.33694373e-02
-1.32610444e-02 7.01058237e-03 -6.52230519e-04 9.51296184e-03 -1.07691041e-03 2.95232632e-03 2.05280073e-02 -4.89305407e-02 -4.00473131e-03 -8.57968442e-03 2.05241088e-02 -6.26864436e-04 9.73732676e-03 9.54285637e-03 -2.21742410e-02 -1.20670544e-02
2.66469531e-02 -1.39813591e-02 1.98572455e-03 -1.89444609e-02 2.18779105e-03 -6.01757457e-03 -4.16591726e-02 9.94975790e-02 8.12600832e-03 1.73828732e-02 -4.16397080e-02 1.28437125e-03 -1.97859257e-02 -1.93916373e-02 4.50580828e-02 2.45229620e-02
1.39149148e-02 -8.51503294e-03 -5.09275240e-04 -1.20530203e-02 1.50247104e-03 -4.06101858e-03 -2.76038088e-02 6.60689101e-02 5.42463874e-03 1.16445096e-02 -2.79153846e-02 8.65764101e-04 -1.32701574e-02 -1.30062262e-02 3.02214269e-02 1.64489076e-02
1.46777800e-03 -7.49576953e-04 9.07979556e-05 -1.04553474e-03 1.13249116e-04 -3.13407974e-04 -2.17230665e-03 5.17701404e-03 4.23410209e-04 9.08263202e-04 -2.17317697e-03 6.69587389e-05 -1.03207922e-03 -1.01150922e-03 2.35033431e-03 1.27916189e-03
1.49018159e-02 -8.96068197e-03 2.89505487e-03 -1.23288445e-02 1.09664688e-03 -3.02139507e-03 -2.32864730e-02 5.61182946e-02 4.48080851e-03 9.61266737e-03 -2.25357860e-02 6.26992551e-04 -1.06101604e-02 -1.04019288e-02 2.42162701e-02 1.31450295e-02
-3.31284218e-02 2.11726967e-02 -6.44801371e-03 2.70777084e-02 -2.38872948e-03 6.83466578e-03 5.01971878e-02 -1.17603540e-01 -9.62443836e-03 -2.06357799e-02 4.89557944e-02 -1.32496713e-03 2.29922403e-02 2.25709975e-02 -5.24978228e-02 -2.85132118e-02
-5.30133303e-03 3.58788087e-03 3.52467818e-04 5.10957884e-03 -6.32513664e-04 1.70924072e-03 1.16115548e-02 -2.78083216e-02 -2.28361180e-03 -4.90116002e-03 1.17490469e-02 -3.64302192e-04 5.58514707e-03 5.47405053e-03 -1.27195595e-02 -6.92297053e-03
-3.36946733e-03 1.59399083e-03 -1.32185000e-04 2.05494300e-03 -2.20365910e-04 6.14239310e-04 4.32057306e-03 -1.04153883e-02 -8.36872321e-04 -1.79819902e-03 4.29655425e-03 -1.31986322e-04 2.03946372e-03 1.99876539e-03 -4.64429241e-03 -2.52757058e-03
-2.66810087e-03 1.89250393e-03 3.67125991e-04 2.85252952e-03 -3.65959451e-04 9.84741841e-04 6.66305609e-03 -1.59698557e-02 -1.31207530e-03 -2.81693111e-03 6.75455574e-03 -2.09646649e-04 3.21139232e-03 3.14753340e-03 -7.31365709e-03 -3.98068922e-03
-1.39773283e-02 7.63251260e-03 -6.01672451e-04 1.04998806e-02 -1.22806185e-03 3.34377098e-03 2.28752717e-02 -5.47476634e-02 -4.48806444e-03 -9.62507818e-03 2.30613034e-02 -7.13009911e-04 1.09572439e-02 1.07391365e-02 -2.49534659e-02 -1.35812871e-02
9.82433185e-03 -5.92743466e-03 2.59009982e-03 -7.45055266e-03 6.85401843e-04 -1.91667594e-03 -1.43738808e-02 3.40303369e-02 2.76217796e-03 5.89874294e-03 -1.39762750e-02 3.91192181e-04 -6.57796348e-03 -6.44460227e-03 1.49822962e-02 8.14421661e-03
-8.02188087e-03 4.54139663e-03 9.62035847e-05 6.38157222e-03 -7.70011044e-04 2.08869041e-03 1.42655456e-02 -3.41324061e-02 -2.79762852e-03 -6.00367552e-03 1.43881328e-02 -4.45705780e-04 6.83814753e-03 6.70208130e-03 -1.55729922e-02 -8.47597979e-03
9.12145525e-03 -4.81819222e-03 -1.79792172e-04 -6.75386889e-03 8.26626725e-04 -2.24232255e-03 -1.52630787e-02 3.65229882e-02 2.99915159e-03 6.43685646e-03 -1.54301161e-02 4.78596339e-04 -7.33504212e-03 -7.18914717e-03 1.67047847e-02 9.09206737e-03
3.33980587e-03 -5.55624138e-04 2.27359997e-04 -5.47378208e-04 5.02228140e-05 -1.42717152e-04 -1.01547712e-03 2.40057171e-03 1.97194124e-04 4.23537072e-04 -1.01289514e-03 3.12859229e-05 -4.80946968e-04 -4.71368839e-04 1.09526888e-03 5.96122118e-04
-9.02028196e-03 4.53681685e-03 -9.77049116e-04 6.02026843e-03 -6.29201182e-04 1.74695929e-03 1.22010503e-02 -2.91563142e-02 -2.38848221e-03 -5.12475660e-03 1.22396694e-02 -3.76859040e-04 5.81244566e-03 5.69677306e-03 -1.32369716e-02 -7.20397476e-03
-2.71543395e-03 1.21943722e-03 -1.59918447e-04 1.91160699e-03 -1.82818432e-04 5.02961513e-04 3.45281675e-03 -8.26309621e-03 -6.76249561e-04 -1.44940417e-03 3.47147509e-03 -1.07400119e-04 1.64979650e-03 1.61695946e-03 -3.75716574e-03 -2.04491359e-03
-2.47697253e-03 1.43404456e-03 2.33577914e-04 2.14361702e-03 -2.68221687e-04 7.25874386e-04 4.93318588e-03 -1.18025914e-02 -9.69323213e-04 -2.08009244e-03 4.98676626e-03 -1.54678986e-04 2.37061572e-03 2.32346286e-03 -5.39882714e-03 -2.93846871e-03
-1.01464055e-02 5.19653410e-03 8.35894607e-05 7.46642239e-03 -8.67903698e-04 2.36596726e-03 1.60997603e-02 -3.85076217e-02 -3.16238031e-03 -6.78709429e-03 1.62701383e-02 -5.04507101e-04 7.73401093e-03 7.58016622e-03 -1.76133402e-02 -9.58656054e-03
-8.51031113e-03 4.69069462e-03 -1.14745111e-04 6.48523727e-03 -7.42115255e-04 2.03257217e-03 1.40213771e-02 -3.35445069e-02 -2.73662014e-03 -5.88221522e-03 1.40717765e-02 -4.35186463e-04 6.68548001e-03 6.55232184e-03 -1.52249327e-02 -8.28643516e-03
1.10105891e-02 -6.23791385e-03 6.75902760e-04 -8.47279467e-03 9.83705744e-04 -2.68213102e-03 -1.85137410e-02 4.41646352e-02 3.61550832e-03 7.75646511e-03 -1.85736306e-02 5.74146397e-04 -8.82498920e-03 -8.64923932e-03 2.00973805e-02 1.09382747e-02
-1.10106468e-02 5.95181808e-03 -9.34382435e-04 7.97250867e-03 -8.72898381e-04 2.42101750e-03 1.67092439e-02 -3.98392268e-02 -3.26960138e-03 -7.01016188e-03 1.67707428e-02 -5.16584085e-04 7.96497520e-03 7.80630251e-03 -1.81387626e-02 -9.87179019e-03
3.89074581e-03 -2.03118869e-03 -7.70785264e-05 -2.83310353e-03 3.47139547e-04 -9.42395010e-04 -6.42141420e-03 1.53872017e-02 1.26091670e-03 2.70645507e-03 -6.48777792e-03 2.01186165e-04 -3.08396481e-03 -3.02262488e-03 7.02340016e-03 3.82268685e-03
4.74393088e-03 -2.73708953e-03 7.47547310e-05 -4.15348168e-03 4.43572615e-04 -1.21098466e-03 -8.35883338e-03 1.99538916e-02 1.63492619e-03 3.50931170e-03 -8.39334633e-03 2.59384484e-04 -3.98873677e-03 -3.90935224e-03 9.08381119e-03 4.94390586e-03
1.83386318e-02 -1.05459653e-02 -1.60324736e-04 -1.45542584e-02 1.70724385e-03 -4.63668769e-03 -3.18074711e-02 7.58355111e-02 6.22468395e-03 1.33553268e-02 -3.19948718e-02 9.90181696e-04 -1.52031742e-02 -1.49006313e-02 3.46231610e-02 1.88443549e-02
2.19150763e-02 -1.18464269e-02 -6.60075806e-04 -1.67910419e-02 2.06407392e-03 -5.58766443e-03 -3.79921757e-02 9.09487903e-02 7.46706175e-03 1.60289127e-02 -3.84261608e-02 1.19195890e-03 -1.82673354e-02 -1.79040153e-02 4.16019820e-02 2.26431135e-02
-2.39813607e-02 1.29403630e-02 -4.23289486e-04 1.78934205e-02 -2.07988429e-03 5.71198529e-03 3.93662825e-02 -9.40953493e-02 -7.69705325e-03 -1.65187530e-02 3.95730510e-02 -1.22551795e-03 1.88054331e-02 1.84312016e-02 -4.28268164e-02 -2.33094133e-02
2.07540113e-03 -1.17137260e-03 3.09800991e-04 -1.55916740e-03 1.45490805e-04 -4.16960567e-04 -3.09225009e-03 7.41676753e-03 5.96194470e-04 1.27779727e-03 -3.00677540e-03 8.45267277e-05 -1.42018334e-03 -1.39149569e-03 3.23484163e-03 1.75814959e-03
5.23849158e-05 -8.51906312e-04 -3.91622016e-04 -1.34482875e-03 2.07422607e-04 -5.43026021e-04 -3.59828374e-03 8.63490347e-03 7.15595612e-04 1.53675070e-03 -3.69002088e-03 1.15018833e-04 -1.75571896e-03 -1.72085327e-03 3.99863301e-03 2.17644195e-03
-4.31659585e-03 2.19758996e-03 -2.20503309e-04 3.16080567e-03 -3.50025890e-04 9.64280276e-04 6.64589927e-03 -1.58688333e-02 -1.29947555e-03 -2.78495764e-03 6.66625146e-03 -2.05270480e-04 3.16554168e-03 3.10245459e-03 -7.20891450e-03 -3.92336259e-03
-1.05267065e-03 6.51361304e-04 -9.93622016e-05 8.15604872e-04 -8.84799520e-05 2.43679198e-04 1.69110729e-03 -4.03393107e-03 -3.30533338e-04 -7.08746898e-04 1.69565098e-03 -5.22020237e-05 8.05174874e-04 7.89125450e-04 -1.83361303e-03 -9.97929135e-04
3.12415957e-02 -1.74339283e-02 -2.58835033e-04 -2.47509982e-02 2.98110885e-03 -8.08627531e-03 -5.50867692e-02 1.31940931e-01 1.08206384e-02 2.32235454e-02 -5.56598008e-02 1.72549882e-03 -2.64569484e-02 -2.59306151e-02 6.02525845e-02 3.27941030e-02
-3.17672361e-03 1.66402094e-03 -2.41413756e-04 2.31275591e-03 -2.31349404e-04 6.46219298e-04 4.57732193e-03 -1.08779380e-02 -8.86711990e-04 -1.90420728e-03 4.53975797e-03 -1.38280244e-04 2.15308229e-03 2.11010152e-03 -4.90304921e-03 -2.66811135e-03
-3.15359980e-02 1.67452954e-02 -1.01579283e-03 2.35660467e-02 -2.70054699e-03 7.37652695e-03 5.06878644e-02 -1.21271536e-01 -9.93891805e-03 -2.13185865e-02 5.10200858e-02 -1.57208485e-03 2.42307168e-02 2.37482172e-02 -5.51814996e-02 -3.00321281e-02
1.82494354e-02 -1.03054857e-02 1.10720750e-04 -1.40331155e-02 1.67803350e-03 -4.58697323e-03 -3.14650238e-02 7.53392726e-02 6.16445718e-03 1.32300602e-02 -3.16934064e-02 9.80834942e-04 -1.50603345e-02 -1.47605548e-02 3.42976823e-02 1.86671969e-02
4.89892997e-03 -2.96683353e-03 2.41164293e-04 -4.14845580e-03 4.86284931e-04 -1.33231597e-03 -9.10751335e-03 2.17649881e-02 1.78591663e-03 3.83063452e-03 -9.18025244e-03 2.84261216e-04 -4.36307071e-03 -4.27622674e-03 9.93627962e-03 5.40803839e-03
-2.28795456e-03 1.29857811e-03 -5.64897200e-05 1.74668210e-03 -2.00918861e-04 5.51028526e-04 3.79562308e-03 -9.05718375e-03 -7.40870717e-04 -1.58729136e-03 3.80270090e-03 -1.17537529e-04 1.80702389e-03 1.77104468e-03 -4.11518244e-03 -2.23975629e-03
1.70599185e-02 -1.00279227e-02 -5.04465483e-04 -1.41290333e-02 1.64334557e-03 -4.49736649e-03 -3.08114514e-02 7.37001225e-02 6.03697170e-03 1.29657881e-02 -3.10486257e-02 9.61243932e-04 -1.47555722e-02 -1.44619914e-02 3.36039774e-02 1.82896927e-02
