1.12010883e-02 -7.25995656e-03 -1.40700955e-02 -1.93318687e-02 -4.43358207e-03 1.10594789e-03 -4.63794405e-03 3.96318175e-02 -1.55666645e-03 8.78840126e-03 -7.42601417e-03 2.66563916e-03 -1.29283611e-02 -1.84724061e-03 1.52379554e-02 1.23574995e-02
1.69806890e-02 -9.58640408e-03 -1.81784052e-02 -2.65148971e-02 -6.09712349e-03 1.75044546e-03 -6.50500273e-03 5.59078641e-02 -2.14241608e-03 1.24134859e-02 -1.04910322e-02 3.76170292e-03 -1.82624646e-02 -2.60946387e-03 2.15297025e-02 1.74605194e-02
3.63719137e-03 -2.01150356e-03 -5.31691313e-03 -8.85925628e-03 -1.98866683e-03 6.02312852e-04 -2.17640074e-03 1.87661108e-02 -7.11216766e-04 4.16469853e-03 -3.52226757e-03 1.26280414e-03 -6.13149861e-03 -8.76117905e-04 7.22867996e-03 5.86245349e-03
-1.62504017e-02 8.93064216e-03 2.18851976e-02 3.33644152e-02 7.57833151e-03 -2.24950397e-03 8.21911916e-03 -7.08562285e-02 2.66140816e-03 -1.57290865e-02 1.33069046e-02 -4.76822536e-03 2.31610741e-02 3.30945407e-03 -2.73097977e-02 -2.21488886e-02
-3.31734754e-02 2.16192491e-02 3.33976969e-02 4.56882231e-02 1.06366538e-02 -1.67373428e-03 1.05457474e-02 -9.07508880e-02 3.48417694e-03 -2.00823564e-02 1.69397164e-02 -6.07744278e-03 2.94939633e-02 4.21475153e-03 -3.47652212e-02 -2.81934049e-02
5.89991501e-03 -5.10593364e-03 -6.62687467e-03 -7.96627067e-03 -1.80643657e-03 1.73733744e-04 -1.76861626e-03 1.49441250e-02 -6.07162830e-04 3.29094776e-03 -2.77091959e-03 9.98257892e-04 -4.82845772e-03 -6.89869339e-04 5.68426959e-03 4.60880529e-03
-2.28588190e-03 1.54071278e-03 5.84745174e-03 9.60423425e-03 2.23080046e-03 -5.86160924e-04 2.37983954e-03 -2.04829648e-02 7.87460187e-04 -4.55223070e-03 3.84463300e-03 -1.38018723e-03 6.69410499e-03 9.56642616e-04 -7.88924005e-03 -6.39730459e-03
-1.32723164e-03 7.41644180e-04 2.27216911e-03 3.72578343e-03 8.43482849e-04 -2.44909141e-04 9.13163763e-04 -7.86223542e-03 2.99745967e-04 -1.74695835e-03 1.47668039e-03 -5.29751182e-04 2.57090991e-03 3.67356348e-04 -3.03041213e-03 -2.45755282e-03
-1.25549436e-02 1.22117363e-02 1.55612398e-02 1.80615615e-02 3.93914059e-03 -6.79055229e-04 4.09578718e-03 -3.49511132e-02 1.42049987e-03 -7.76781701e-03 6.54150266e-03 -2.35494110e-03 1.13945575e-02 1.62805768e-03 -1.34152519e-02 -1.08773243e-02
-5.76451141e-03 2.77813710e-03 7.24450499e-03 1.09585850e-02 2.56319111e-03 -7.36974878e-04 2.75544240e-03 -2.37554684e-02 8.93564313e-04 -5.25099644e-03 4.44271555e-03 -1.59252004e-03 7.73342093e-03 1.10499223e-03 -9.11794417e-03 -7.39476737e-03
9.93989594e-03 -6.44442532e-03 -1.21336719e-02 -1.81123819e-02 -4.19902243e-03 1.08388765e-03 -4.37642913e-03 3.76661718e-02 -1.42732391e-03 8.34433734e-03 -7.05280574e-03 2.52918806e-03 -1.22777130e-02 -1.75426621e-03 1.44733787e-02 1.17378114e-02
1.43618528e-02 -8.45218170e-03 -1.84933860e-02 -2.75007077e-02 -6.29135268e-03 1.84056640e-03 -6.73279352e-03 5.79345748e-02 -2.19574920e-03 1.28532117e-02 -1.08725084e-02 3.89893143e-03 -1.89267229e-02 -2.70442944e-03 2.23133601e-02 1.80960540e-02
5.02466632e-04 1.31318375e-04 -2.06973287e-04 -7.69154984e-04 -1.63490928e-04 8.90503943e-05 -2.15484702e-04 1.89227331e-03 -6.65968546e-05 4.21604229e-04 -3.58078076e-04 1.27784253e-04 -6.22846652e-04 -8.90067531e-05 7.35209091e-04 5.96376369e-04
-1.48871224e-02 9.75564588e-03 2.05468573e-02 2.93817949e-02 6.88764686e-03 -1.79297267e-03 7.22311484e-03 -6.20538108e-02 2.39741639e-03 -1.37407957e-02 1.16200494e-02 -4.16811230e-03 2.02298351e-02 2.89058662e-03 -2.38474701e-02 -1.93399191e-02
2.16995180e-02 -1.10206697e-02 -2.74435356e-02 -3.98499146e-02 -8.98193661e-03 2.76865507e-03 -9.91743803e-03 8.55168030e-02 -3.23587051e-03 1.89830009e-02 -1.60674807e-02 5.75624080e-03 -2.79652756e-02 -3.99592100e-03 3.29774246e-02 2.67458688e-02
-4.80981842e-02 2.55593546e-02 5.69869354e-02 8.57165307e-02 1.94339622e-02 -6.21677795e-03 2.15678085e-02 -1.86176270e-01 6.95875706e-03 -4.13736105e-02 3.50205712e-02 -1.25445593e-02 6.09501004e-02 8.70931149e-03 -7.18784630e-02 -5.82963862e-02
-2.25710403e-03 1.74439000e-03 1.36390352e-03 1.40033208e-03 2.98407045e-04 2.60998131e-05 2.33957297e-04 -1.94467476e-03 7.65680234e-05 -4.15219110e-04 3.49506852e-04 -1.25690654e-04 6.08632399e-04 8.69438300e-05 -7.16955808e-04 -5.81404543e-04
1.52237276e-02 -6.88643754e-03 -2.08447482e-02 -3.40654850e-02 -7.81492610e-03 2.36193812e-03 -8.48960225e-03 7.32542798e-02 -2.78383167e-03 1.62512586e-02 -1.37452753e-02 4.92803752e-03 -2.39282437e-02 -3.41925700e-03 2.82096453e-02 2.28777826e-02
-1.13618094e-02 6.55093510e-03 1.36583261e-02 2.07853317e-02 4.72486904e-03 -1.42399373e-03 5.13717765e-03 -4.42385860e-02 1.66382804e-03 -9.81894787e-03 8.30829050e-03 -2.97671533e-03 1.44605041e-02 2.06624507e-03 -1.70517061e-02 -1.38294818e-02
3.46292853e-02 -1.45600047e-02 -3.96787114e-02 -6.57335818e-02 -1.50569547e-02 4.82231146e-03 -1.66212451e-02 1.43856540e-01 -5.35707828e-03 3.19725461e-02 -2.70648766e-02 9.69374832e-03 -4.71036881e-02 -6.73075253e-03 5.55496961e-02 4.50531170e-02
-6.84829336e-03 4.00704751e-03 8.59392155e-03 1.21768042e-02 2.80325999e-03 -7.31589273e-04 2.97285570e-03 -2.55424883e-02 9.69389454e-04 -5.64960390e-03 4.77699051e-03 -1.71320734e-03 8.31550080e-03 1.18814537e-03 -9.80313402e-03 -7.95034226e-03
-1.14862714e-02 6.87679090e-03 1.13449795e-02 1.58074535e-02 3.55036114e-03 -9.16373217e-04 3.72053334e-03 -3.19039226e-02 1.20587193e-03 -7.07542198e-03 5.98477526e-03 -2.14558397e-03 1.04175247e-02 1.48854905e-03 -1.22823203e-02 -9.96108912e-03
-1.27636977e-02 1.13201253e-02 1.54820280e-02 2.08061673e-02 4.77428222e-03 -9.88758751e-04 4.87615075e-03 -4.13780324e-02 1.62769365e-03 -9.14498232e-03 7.71125825e-03 -2.77422601e-03 1.34327887e-02 1.91974291e-03 -1.58210546e-02 -1.28281489e-02
-2.31168512e-02 7.72488769e-03 2.99795754e-02 5.23169935e-02 1.18074119e-02 -3.90652381e-03 1.31937526e-02 -1.14177868e-01 4.26913099e-03 -2.53787022e-02 2.14788839e-02 -7.69542158e-03 3.73831093e-02 5.34204254e-03 -4.40835916e-02 -3.57530564e-02
3.07518686e-03 -8.96973710e-04 -2.85292277e-03 -4.87538101e-03 -1.09221041e-03 3.23671004e-04 -1.18287664e-03 1.02081187e-02 -3.83295555e-04 2.26625032e-03 -1.91761728e-03 6.87065010e-04 -3.33762565e-03 -4.76909365e-04 3.93565185e-03 3.19193141e-03
1.40859149e-02 -6.31580409e-03 -1.93235092e-02 -3.20489667e-02 -7.30395364e-03 2.41874019e-03 -8.10768269e-03 7.01269805e-02 -2.61535565e-03 1.55775798e-02 -1.31868394e-02 4.72334260e-03 -2.29510143e-02 -3.27948388e-03 2.70656478e-02 2.19513178e-02
-1.89012717e-02 1.39452163e-02 2.34873667e-02 2.99079269e-02 6.99009700e-03 -9.89024877e-04 6.75061252e-03 -5.73580340e-02 2.32334645e-03 -1.27072623e-02 1.07002854e-02 -3.85373202e-03 1.86418947e-02 2.66340049e-03 -2.19441671e-02 -1.77908577e-02
-2.00227499e-02 1.72104929e-02 2.87445374e-02 3.93611938e-02 8.95276200e-03 -1.82492007e-03 9.33069363e-03 -8.01365003e-02 3.11224046e-03 -1.77978314e-02 1.50238583e-02 -5.39404806e-03 2.61577908e-02 3.73730692e-03 -3.08236293e-02 -2.49959882e-02
7.64912460e-03 -4.39751288e-03 -9.79764760e-03 -1.47737330e-02 -3.34666367e-03 9.83711798e-04 -3.63422232e-03 3.12862955e-02 -1.18174008e-03 6.93905773e-03 -5.87204937e-03 2.10687611e-03 -1.02211237e-02 -1.46047119e-03 1.20502161e-02 9.77280736e-03
7.43978366e-04 -9.88750835e-04 -1.58541370e-03 -1.99757377e-03 -4.62228549e-04 7.72373241e-05 -4.42714110e-04 3.78428679e-03 -1.52153123e-04 8.35286570e-04 -7.03309139e-04 2.53382022e-04 -1.22537254e-03 -1.75100417e-04 1.44266919e-03 1.16966921e-03
1.26765203e-02 -7.92659260e-03 -1.71519294e-02 -2.61300728e-02 -5.98861417e-03 1.67601148e-03 -6.46187505e-03 5.56925423e-02 -2.14316556e-03 1.23183792e-02 -1.04070809e-02 3.73352505e-03 -1.81218572e-02 -2.59047351e-03 2.13600378e-02 1.73208490e-02
3.28898281e-02 -1.51055399e-02 -4.01827507e-02 -6.22252151e-02 -1.41752837e-02 4.48817015e-03 -1.57608762e-02 1.36356547e-01 -5.08634001e-03 3.02813966e-02 -2.56320555e-02 9.18146782e-03 -4.46100384e-02 -6.37430185e-03 5.26075438e-02 4.26668897e-02
-4.70315106e-02 2.35096142e-02 5.66150956e-02 9.23646241e-02 2.06842981e-02 -6.19485602e-03 2.23498624e-02 -1.93083152e-01 7.25263590e-03 -4.28387001e-02 3.62523198e-02 -1.29888430e-02 6.30998537e-02 9.01622232e-03 -7.44059458e-02 -6.03455044e-02
3.33773494e-02 -1.87739916e-02 -4.20553274e-02 -6.26345128e-02 -1.44980922e-02 4.62483661e-03 -1.57669559e-02 1.35857075e-01 -5.09356009e-03 3.01570222e-02 -2.55279504e-02 9.14411061e-03 -4.44273576e-02 -6.34825835e-03 5.23918010e-02 4.24918085e-02
-1.10645192e-02 5.66039141e-03 9.01065394e-03 1.20953172e-02 2.96804798e-03 -6.98457996e-04 3.03668599e-03 -2.58174706e-02 9.74774302e-04 -5.71299531e-03 4.83513437e-03 -1.73163891e-03 8.41429178e-03 1.20231777e-03 -9.92277265e-03 -8.04777537e-03
7.27033615e-03 -4.77754325e-03 -1.02534629e-02 -1.64241362e-02 -3.76003049e-03 1.12579437e-03 -4.10568016e-03 3.54162417e-02 -1.33205880e-03 7.86504336e-03 -6.65331632e-03 2.38431105e-03 -1.15808891e-02 -1.65477430e-03 1.36549119e-02 1.10743940e-02
-2.14583101e-03 2.39540124e-03 8.25355994e-04 -3.37220787e-04 -1.00422192e-04 1.52782901e-04 -2.06938581e-04 1.80506322e-03 -6.09732524e-05 4.24625352e-04 -3.61549697e-04 1.28935484e-04 -6.28911774e-04 -8.99049628e-05 7.42622651e-04 6.02380373e-04
2.60584056e-03 -1.06834027e-03 -2.14140164e-03 -3.43181496e-03 -7.69162551e-04 2.47679331e-04 -8.56267405e-04 7.40018347e-03 -2.75794562e-04 1.64243020e-03 -1.39003457e-03 4.97874978e-04 -2.41930876e-03 -3.45698703e-04 2.85301707e-03 2.31390749e-03
-1.53883209e-03 -2.78534251e-04 2.95262947e-03 6.55105896e-03 1.45441142e-03 -5.62922156e-04 1.71952159e-03 -1.49369398e-02 5.51956764e-04 -3.32319946e-03 2.81447242e-03 -1.00766320e-03 4.89817047e-03 6.99925702e-04 -5.77699905e-03 -4.68544010e-03
-1.66145004e-02 8.03953130e-03 1.78716164e-02 2.80714836e-02 6.34694519e-03 -1.97211979e-03 6.92225574e-03 -5.96954711e-02 2.23988504e-03 -1.32638635e-02 1.12261549e-02 -4.02110955e-03 1.95385423e-02 2.79186899e-03 -2.30411999e-02 -1.86873116e-02
4.31438303e-03 -2.73195794e-03 -6.18408434e-03 -9.13341064e-03 -2.13338481e-03 5.44444425e-04 -2.21457914e-03 1.90463904e-02 -7.28060084e-04 4.21994505e-03 -3.56677943e-03 1.27965596e-03 -6.20966591e-03 -8.87244591e-04 7.31924549e-03 5.93571365e-03
-1.64356939e-02 9.57573391e-03 2.30214633e-02 3.62806246e-02 8.43757205e-03 -2.41805636e-03 8.91995616e-03 -7.66429976e-02 2.90510245e-03 -1.69843044e-02 1.43644484e-02 -5.14979521e-03 2.50044651e-02 3.57298111e-03 -2.94812210e-02 -2.39093881e-02
5.58273075e-03 -3.06650926e-03 -7.68803433e-03 -1.21330479e-02 -2.80785607e-03 7.43688899e-04 -2.98833870e-03 2.57383119e-02 -9.69590503e-04 5.70968026e-03 -4.82879160e-03 1.73071399e-03 -8.40463396e-03 -1.20092568e-03 9.90969688e-03 8.03693756e-03
-8.33299709e-05 1.05881772e-03 -9.16202436e-04 -3.49095557e-03 -8.00871407e-04 3.54436343e-04 -9.87506821e-04 8.59146472e-03 -3.14487639e-04 1.91669003e-03 -1.62403029e-03 5.81391330e-04 -2.82632397e-03 -4.03879967e-04 3.33361374e-03 2.70374119e-03
1.97714902e-02 -1.37623716e-02 -2.57642940e-02 -3.79779562e-02 -8.73214565e-03 2.21705809e-03 -9.20634624e-03 7.94590414e-02 -3.12636257e-03 1.75323728e-02 -1.48112383e-02 5.32409037e-03 -2.58020572e-02 -3.69024090e-03 3.03982235e-02 2.46486440e-02
-1.02871973e-02 6.46595750e-03 1.46717634e-02 2.19411831e-02 5.11445850e-03 -1.32773886e-03 5.44397580e-03 -4.68732826e-02 1.78275502e-03 -1.03796385e-02 8.77576880e-03 -3.14569660e-03 1.52751850e-02 2.18273606e-03 -1.80091970e-02 -1.46054495e-02
-4.95323241e-02 2.94042490e-02 6.26177788e-02 9.84100848e-02 2.28560716e-02 -6.04264066e-03 2.43945587e-02 -2.09530711e-01 7.96104502e-03 -4.65258881e-02 3.92779820e-02 -1.40828043e-02 6.83749169e-02 9.77057498e-03 -8.06082189e-02 -6.53701723e-02
-2.16694735e-02 9.25138313e-03 2.28471663e-02 3.86902317e-02 8.76244996e-03 -2.72061327e-03 9.59195383e-03 -8.29611868e-02 3.09621030e-03 -1.84310768e-02 1.55989816e-02 -5.58730215e-03 2.71489490e-02 3.87936528e-03 -3.20164077e-02 -2.59665791e-02
6.43061986e-03 -4.30567609e-03 -7.83813186e-03 -1.28356414e-02 -2.78436765e-03 7.51914456e-04 -2.99723470e-03 2.58627366e-02 -9.70799767e-04 5.74680185e-03 -4.86199092e-03 1.74181897e-03 -8.46210495e-03 -1.20915461e-03 9.97874327e-03 8.09310377e-03
-4.08176742e-02 1.61576010e-02 5.14318757e-02 8.44200402e-02 1.92831848e-02 -6.53742813e-03 2.15344355e-02 -1.86361656e-01 6.93817064e-03 -4.14178409e-02 3.50643024e-02 -1.25580858e-02 6.10264353e-02 8.72018095e-03 -7.19693825e-02 -5.83702102e-02
-3.68111171e-02 1.32770091e-02 4.41096947e-02 7.47621655e-02 1.70576144e-02 -5.79091208e-03 1.90883633e-02 -1.65159106e-01 6.15387037e-03 -3.67091782e-02 3.10781877e-02 -1.11304941e-02 5.40889166e-02 7.72887422e-03 -6.37877733e-02 -5.17345779e-02
-4.55190707e-03 3.29446560e-03 8.72627646e-03 1.35757783e-02 3.11154849e-03 -8.19603796e-04 3.31882550e-03 -2.85412613e-02 1.09616772e-03 -6.33724499e-03 5.35559887e-03 -1.92157342e-03 9.32417251e-03 1.33229443e-03 -1.09899081e-02 -8.91227648e-03
9.11660679e-03 -5.58842020e-03 -1.07294889e-02 -1.53417643e-02 -3.43625736e-03 9.05920577e-04 -3.70928505e-03 3.19246538e-02 -1.21581380e-03 7.07457028e-03 -5.98335033e-03 2.14475580e-03 -1.04145473e-02 -1.48807513e-03 1.22787366e-02 9.95821599e-03
5.77487331e-03 -3.06037161e-03 -7.62498612e-03 -1.15305465e-02 -2.65640952e-03 7.42699893e-04 -2.82480498e-03 2.43479684e-02 -9.22134845e-04 5.39997686e-03 -4.56637936e-03 1.63718243e-03 -7.94854853e-03 -1.13572553e-03 9.37093515e-03 7.59988278e-03
5.15914243e-03 -2.52754986e-03 -5.73860761e-03 -9.90279950e-03 -2.23567802e-03 6.92293688e-04 -2.43142922e-03 2.10019387e-02 -7.86488177e-04 4.66251094e-03 -3.94587312e-03 1.41357584e-03 -6.86754426e-03 -9.81325051e-04 8.09858367e-03 6.56823767e-03
5.80611592e-03 -4.48191585e-03 -1.18922666e-02 -1.83613840e-02 -4.21618577e-03 1.06798229e-03 -4.51484974e-03 3.89794819e-02 -1.48982974e-03 8.62290990e-03 -7.28649134e-03 2.61523202e-03 -1.26845147e-02 -1.81257306e-03 1.49502680e-02 1.21237291e-02
4.71871998e-03 -2.63836235e-03 -6.43488299e-03 -1.03299804e-02 -2.32090545e-03 6.94675487e-04 -2.51878030e-03 2.17329673e-02 -8.19622306e-04 4.82361531e-03 -4.08002641e-03 1.46245246e-03 -7.10183010e-03 -1.01476524e-03 8.37338809e-03 6.79094531e-03
-6.76497491e-03 3.68510513e-03 8.50205403e-03 1.35497777e-02 3.12126521e-03 -9.61426995e-04 3.35142692e-03 -2.89089344e-02 1.08799280e-03 -6.41759159e-03 5.43003203e-03 -1.94570608e-03 9.45111178e-03 1.35045918e-03 -1.11443624e-02 -9.03837942e-03
-3.01554240e-02 1.71652548e-02 3.29056680e-02 4.44235615e-02 1.03225671e-02 -2.95849447e-03 1.10349823e-02 -9.49381739e-02 3.58574977e-03 -2.10499503e-02 1.78157855e-02 -6.38251286e-03 3.10053937e-02 4.43029683e-03 -3.65619175e-02 -2.96530183e-02
4.38992446e-03 -3.75195802e-03 -2.78891716e-03 8.16447835e-04 1.15213697e-04 -2.31139275e-04 2.97380524e-04 -2.72654672e-03 9.63515122e-05 -6.13271783e-04 5.21055073e-04 -1.86169447e-04 9.06928210e-04 1.29612337e-04 -1.06999977e-03 -8.67842231e-04
3.47349257e-03 -2.12142337e-03 -4.76990128e-03 -6.69803517e-03 -1.55167037e-03 4.05141938e-04 -1.63487915e-03 1.40444217e-02 -5.35472936e-04 3.11401021e-03 -2.63256673e-03 9.44031810e-04 -4.58259881e-03 -6.54780655e-04 5.40236523e-03 4.38130321e-03
1.59624666e-02 -6.30138768e-03 -1.89645253e-02 -2.97849476e-02 -6.89418754e-03 2.03142734e-03 -7.53267901e-03 6.49745613e-02 -2.44747871e-03 1.44254630e-02 -1.22059081e-02 4.37341677e-03 -2.12434493e-02 -3.03537119e-03 2.50491053e-02 2.03156695e-02
1.71522629e-02 -6.65309234e-03 -2.24302839e-02 -3.68507281e-02 -8.43895134e-03 2.62655690e-03 -9.30406433e-03 8.03649873e-02 -3.02119879e-03 1.78440642e-02 -1.50991799e-02 5.41149965e-03 -2.62824912e-02 -3.75548098e-03 3.09892315e-02 2.51328070e-02
-3.00625293e-03 -9.75224655e-04 1.20618744e-02 2.41994206e-02 5.49614476e-03 -2.06669723e-03 6.34186994e-03 -5.51222973e-02 2.04356271e-03 -1.22730024e-02 1.03940414e-02 -3.72167095e-03 1.80896558e-02 2.58491863e-03 -2.13348549e-02 -1.73035990e-02
1.25018694e-02 -6.54454995e-03 -1.60029121e-02 -2.49589775e-02 -5.71724679e-03 1.64456584e-03 -6.17608707e-03 5.32292388e-02 -2.00567651e-03 1.18179424e-02 -9.99688823e-03 3.58288945e-03 -1.74004957e-02 -2.48629646e-03 2.05163732e-02 1.66391563e-02
-5.50833996e-03 4.25312668e-03 7.92842545e-03 1.11456439e-02 2.66871043e-03 -6.18844351e-04 2.68402533e-03 -2.30267607e-02 8.80971318e-04 -5.08698961e-03 4.29989956e-03 -1.54239673e-03 7.48611521e-03 1.06947648e-03 -8.82300641e-03 -7.15527218e-03
1.07810684e-02 -6.46651676e-03 -1.34931728e-02 -1.92463156e-02 -4.38065734e-03 1.26629160e-03 -4.70835855e-03 4.04932760e-02 -1.52035966e-03 8.98290239e-03 -7.59937381e-03 2.72279652e-03 -1.32263573e-02 -1.88985455e-03 1.55958990e-02 1.26487240e-02
2.71027163e-02 -1.85825545e-02 -3.33932266e-02 -5.22231609e-02 -1.15455249e-02 3.41730379e-03 -1.27215553e-02 1.09801263e-01 -4.11666976e-03 2.43914593e-02 -2.06414275e-02 7.39718275e-03 -3.59272808e-02 -5.13327541e-03 4.23621647e-02 3.43569219e-02
8.02826544e-04 -1.39595266e-03 -5.51665027e-04 4.07164451e-04 4.89817612e-05 -2.00693306e-04 2.02988493e-04 -1.91525905e-03 4.94296546e-05 -4.35473485e-04 3.76468262e-04 -1.31644643e-04 6.52366725e-04 9.32289258e-05 -7.74701359e-04 -6.29145245e-04
-8.87987111e-03 5.73881809e-03 1.08597223e-02 1.47654954e-02 3.50857689e-03 -7.95249478e-04 3.60004837e-03 -3.06872763e-02 1.19617151e-03 -6.79990649e-03 5.73708443e-03 -2.06317636e-03 9.99167468e-03 1.42771623e-03 -1.17700482e-02 -9.54397116e-03
-6.95697311e-03 7.83471484e-03 1.29323304e-02 1.38751268e-02 3.21573718e-03 -7.02963443e-04 3.29163950e-03 -2.81674415e-02 1.09980779e-03 -6.24348037e-03 5.27167087e-03 -1.89382490e-03 9.18121450e-03 1.31156412e-03 -1.08173080e-02 -8.77194665e-03
-1.14720780e-02 6.85660169e-03 1.43557312e-02 2.24864874e-02 5.18255075e-03 -1.57500466e-03 5.54671325e-03 -4.78857458e-02 1.80265983e-03 -1.06401332e-02 9.00228508e-03 -3.22567718e-03 1.56686753e-02 2.23887805e-03 -1.84759237e-02 -1.49844969e-02
-6.92692772e-02 4.17901650e-02 8.16427842e-02 1.28497511e-01 2.93764956e-02 -8.47719796e-03 3.17227729e-02 -2.72735000e-01 1.02994256e-02 -6.05124719e-02 5.11800349e-02 -1.83425229e-02 8.90797675e-02 1.27288038e-02 -1.05032481e-01 -8.51830542e-02
-1.33617390e-02 5.96858189e-03 1.58047210e-02 2.52227541e-02 5.86985052e-03 -1.78753154e-03 6.33911928e-03 -5.46551123e-02 2.04160879e-03 -1.21266339e-02 1.02642924e-02 -3.67657118e-03 1.78641248e-02 2.55261618e-03 -2.10666955e-02 -1.70859210e-02
7.28710368e-03 -5.51862177e-03 -1.10017788e-02 -1.53025649e-02 -3.59507417e-03 9.38974961e-04 -3.76764359e-03 3.23520154e-02 -1.24976528e-03 7.18018552e-03 -6.06916193e-03 2.17831437e-03 -1.05668996e-02 -1.50986493e-03 1.24546234e-02 1.01002045e-02
-9.61671583e-04 8.38627806e-04 2.25879438e-03 3.61155183e-03 8.36517545e-04 -2.25262920e-04 8.85780435e-04 -7.64088379e-03 2.94182391e-04 -1.69427856e-03 1.43172010e-03 -5.14178420e-04 2.49331025e-03 3.56295815e-04 -2.93828710e-03 -2.38269730e-03
1.46808410e-02 -9.14782844e-03 -2.00289227e-02 -3.18601876e-02 -7.14583974e-03 2.06189486e-03 -7.74948485e-03 6.69170618e-02 -2.51750601e-03 1.48553597e-02 -1.25652924e-02 4.50369902e-03 -2.18709875e-02 -3.12517839e-03 2.57868897e-02 2.09134817e-02
-1.55169852e-02 9.20241140e-03 2.10857540e-02 3.10975537e-02 7.24922959e-03 -2.26583774e-03 7.83827621e-03 -6.77344203e-02 2.53020786e-03 -1.50409648e-02 1.27315056e-02 -4.56024893e-03 2.21581962e-02 3.16619268e-03 -2.61305347e-02 -2.11929046e-02
7.68566737e-03 -5.01425657e-03 -1.01151057e-02 -1.43069215e-02 -3.27943661e-03 8.19584180e-04 -3.46449832e-03 2.97724530e-02 -1.14884914e-03 6.59730472e-03 -5.57378540e-03 2.00071512e-03 -9.70478915e-03 -1.38665864e-03 1.14375856e-02 9.27538145e-03
1.55371791e-02 -8.03162064e-03 -1.81640778e-02 -2.65073124e-02 -6.03896100e-03 1.67260470e-03 -6.40958501e-03 5.52216582e-02 -2.10230821e-03 1.22616934e-02 -1.03686787e-02 3.71809001e-03 -1.80494264e-02 -2.57905805e-03 2.12788079e-02 1.72570702e-02
-1.28723430e-02 4.63404320e-03 1.43329091e-02 2.46598646e-02 5.59531339e-03 -1.75744446e-03 6.13453984e-03 -5.29607683e-02 1.98403839e-03 -1.17530162e-02 9.94563941e-03 -3.56324948e-03 1.73105113e-02 2.47350754e-03 -2.04124711e-02 -1.65551286e-02
1.11301001e-02 -6.38341997e-03 -1.51163517e-02 -2.26889849e-02 -5.22175618e-03 1.45433121e-03 -5.61403995e-03 4.82596867e-02 -1.82518817e-03 1.07006412e-02 -9.05172061e-03 3.24396277e-03 -1.57555062e-02 -2.25124555e-03 1.85771957e-02 1.50664784e-02
9.52147972e-03 -2.57644523e-03 -1.11696236e-02 -1.91580914e-02 -4.35111718e-03 1.40452874e-03 -4.82402602e-03 4.17221598e-02 -1.56182097e-03 9.27431509e-03 -7.85000157e-03 2.81206775e-03 -1.36627993e-02 -1.95227750e-03 1.61117930e-02 1.30672511e-02
9.93939489e-03 -4.94228350e-03 -1.33631676e-02 -2.13143714e-02 -4.88756504e-03 1.53950893e-03 -5.33128949e-03 4.60564606e-02 -1.72472734e-03 1.02271959e-02 -8.65469035e-03 3.10065178e-03 -1.50635401e-02 -2.15242431e-03 1.77629516e-02 1.44063225e-02
-2.86577689e-03 4.77492483e-03 1.13817584e-03 -8.98819650e-04 -2.30833073e-04 2.20191781e-04 -3.93767055e-04 3.61180003e-03 -1.29185020e-04 8.10654659e-04 -6.88282191e-04 2.46080017e-04 -1.19775196e-03 -1.71193067e-04 1.41316326e-03 1.14617159e-03
-4.55893297e-03 2.77272263e-03 6.40905695e-03 1.03724170e-02 2.35705473e-03 -7.36227259e-04 2.58795987e-03 -2.23619509e-02 8.37223430e-04 -4.96912003e-03 4.20548115e-03 -1.50649983e-03 7.31937354e-03 1.04586035e-03 -8.63124244e-03 -7.00024841e-03
-8.52697250e-03 8.00175406e-03 1.18650291e-02 1.53705440e-02 3.61302355e-03 -7.47374957e-04 3.60053265e-03 -3.07677705e-02 1.18020014e-03 -6.80038333e-03 5.74206607e-03 -2.06212467e-03 9.99693386e-03 1.42847572e-03 -1.17782820e-02 -9.55086015e-03
-7.65651697e-03 4.53254068e-03 1.08025763e-02 1.69374980e-02 3.93559784e-03 -9.18481848e-04 4.07169620e-03 -3.49427611e-02 1.35237211e-03 -7.72265065e-03 6.52444176e-03 -2.34259246e-03 1.13606397e-02 1.62353553e-03 -1.33890454e-02 -1.08575094e-02
5.83938090e-03 -4.17543529e-03 -1.02176350e-02 -1.59006882e-02 -3.63323931e-03 1.07768562e-03 -3.95425595e-03 3.40832025e-02 -1.28856220e-03 7.56938616e-03 -6.40354073e-03 2.29559210e-03 -1.11462409e-02 -1.59264612e-03 1.31410984e-02 1.06575079e-02
5.66236035e-04 -3.01089516e-04 -5.11974795e-04 -6.83124876e-04 -1.60046402e-04 3.72469003e-05 -1.64137586e-04 1.40910991e-03 -5.44110735e-05 3.12406919e-04 -2.63966882e-04 9.47458393e-05 -4.59516974e-04 -6.56607372e-05 5.41618385e-04 4.39234223e-04
-1.32412678e-02 8.43809173e-03 1.82182249e-02 2.69849841e-02 6.19652355e-03 -1.67895597e-03 6.62756432e-03 -5.71048111e-02 2.15839432e-03 -1.26799820e-02 1.07277064e-02 -3.84478876e-03 1.86723564e-02 2.66811135e-03 -2.20165160e-02 -1.78557374e-02
-1.75954122e-02 9.78678465e-03 2.14613229e-02 3.24277282e-02 7.38106528e-03 -2.15871120e-03 8.02527834e-03 -6.91357180e-02 2.62190797e-03 -1.53423771e-02 1.29783405e-02 -4.65347245e-03 2.25911662e-02 3.22792097e-03 -2.66339891e-02 -2.16003302e-02
3.05783264e-02 -1.68336052e-02 -3.97694930e-02 -5.66603541e-02 -1.30816028e-02 3.91511852e-03 -1.41384555e-02 1.21867411e-01 -4.60213050e-03 2.70104185e-02 -2.28613429e-02 8.19174759e-03 -3.97916473e-02 -5.68574527e-03 4.69211936e-02 3.80545668e-02
2.79506743e-02 -1.58888269e-02 -3.24464329e-02 -4.58739214e-02 -1.05153313e-02 3.27761192e-03 -1.15054101e-02 9.92508903e-02 -3.71224550e-03 2.20414381e-02 -1.86546128e-02 6.68299617e-03 -3.24660055e-02 -4.63909376e-03 3.82865071e-02 3.10518872e-02
-3.97583470e-03 2.27597565e-03 3.67149152e-03 5.08399680e-03 1.15987717e-03 -2.85487564e-04 1.19576405e-03 -1.02524543e-02 3.91540729e-04 -2.27144198e-03 1.91983429e-03 -6.88628701e-04 3.34203336e-03 4.77517373e-04 -3.93962255e-03 -3.19500547e-03
1.09217018e-02 -7.64842425e-03 -1.57715306e-02 -2.25602947e-02 -5.15300082e-03 9.57425509e-04 -5.30716777e-03 4.55372334e-02 -1.80488580e-03 1.00458898e-02 -8.46811105e-03 3.04486160e-03 -1.47529757e-02 -2.10848730e-03 1.73775759e-02 1.40887043e-02
-3.50843668e-02 2.59601679e-02 4.94627096e-02 7.13367388e-02 1.61322076e-02 -4.19598166e-03 1.67107824e-02 -1.42733559e-01 5.55737503e-03 -3.16867903e-02 2.67603491e-02 -9.63869877e-03 4.65940721e-02 6.66426541e-03 -5.49081601e-02 -4.45176661e-02
-6.78180298e-03 4.49642353e-03 1.06383637e-02 1.83888301e-02 4.16744081e-03 -1.39001838e-03 4.62903269e-03 -4.00615968e-02 1.49731850e-03 -8.90265964e-03 7.53609464e-03 -2.69948621e-03 1.31163048e-02 1.87420356e-03 -1.54675702e-02 -1.25447800e-02
-1.16993510e-03 5.22551709e-05 3.05261952e-03 5.75481821e-03 1.29535247e-03 -4.85980854e-04 1.49069796e-03 -1.29235098e-02 4.79874026e-04 -2.87888735e-03 2.43832055e-03 -8.73001874e-04 4.24349634e-03 6.06372836e-04 -5.00488328e-03 -4.05922346e-03
-7.83186499e-03 3.96084366e-03 8.35753232e-03 1.19365007e-02 2.71527027e-03 -7.63236312e-04 2.92553077e-03 -2.51940042e-02 9.50238958e-04 -5.59315505e-03 4.73228050e-03 -1.69572746e-03 8.23631603e-03 1.17686775e-03 -9.71186347e-03 -7.87660107e-03
-2.77464241e-02 1.55228004e-02 3.65473777e-02 5.50381541e-02 1.24076428e-02 -3.87268024e-03 1.35857873e-02 -1.17381029e-01 4.42026416e-03 -2.60557886e-02 2.20488831e-02 -7.90107623e-03 3.83762494e-02 5.48355933e-03 -4.52512428e-02 -3.66999246e-02
6.48570247e-03 -4.64321766e-03 -1.10530639e-02 -1.58026833e-02 -3.62285064e-03 8.82845197e-04 -3.83419567e-03 3.28765363e-02 -1.28181791e-03 7.28446897e-03 -6.15257630e-03 2.21208506e-03 -1.07165799e-02 -1.53112458e-03 1.26237180e-02 1.02362717e-02
-3.60090588e-03 2.46901577e-03 5.02399635e-03 7.67669361e-03 1.73644279e-03 -5.34564082e-04 1.90361566e-03 -1.64297763e-02 6.16094272e-04 -3.64557980e-03 3.08512314e-03 -1.10530388e-03 5.36951469e-03 7.67243968e-04 -6.33174134e-03 -5.13525167e-03
1.29972687e-02 -5.74083719e-03 -1.48988226e-02 -2.36228537e-02 -5.40369377e-03 1.70614338e-03 -5.92833804e-03 5.12419865e-02 -1.91615405e-03 1.13865845e-02 -9.63833369e-03 3.45212407e-03 -1.67747736e-02 -2.39696400e-03 1.97822489e-02 1.60442013e-02
6.90695178e-03 -1.87892513e-03 -6.67019375e-03 -1.12385675e-02 -2.55661993e-03 8.30796722e-04 -2.84537440e-03 2.46184729e-02 -9.17807687e-04 5.47320955e-03 -4.63319058e-03 1.65942276e-03 -8.06361344e-03 -1.15222263e-03 9.50944051e-03 7.71255186e-03
-8.34189355e-03 4.04987438e-03 1.58146806e-02 2.73651388e-02 6.23187702e-03 -2.06066645e-03 6.93842163e-03 -6.00600913e-02 2.24247738e-03 -1.33498749e-02 1.13000078e-02 -4.04750416e-03 1.96670443e-02 2.81027565e-03 -2.31928993e-02 -1.88103076e-02
-2.66436562e-02 1.15716085e-02 2.87770852e-02 4.72706147e-02 1.01460610e-02 -3.17157386e-03 1.10388324e-02 -9.53856558e-02 3.58736143e-03 -2.11669169e-02 1.79131478e-02 -6.41786819e-03 3.11774611e-02 4.45494475e-03 -3.67652960e-02 -2.98179407e-02
-1.44580239e-02 1.14122359e-02 1.56339854e-02 2.11372394e-02 4.80601238e-03 -1.27789727e-03 4.98997187e-03 -4.25057858e-02 1.63191964e-03 -9.41959303e-03 7.97018316e-03 -2.85556703e-03 1.38724502e-02 1.98213547e-03 -1.63574982e-02 -1.32664349e-02
-1.94994565e-02 9.70169809e-03 2.05700900e-02 3.22881564e-02 7.18331523e-03 -2.25771754e-03 7.72322621e-03 -6.66866973e-02 2.49642297e-03 -1.48186479e-02 1.25431102e-02 -4.49309172e-03 2.18305811e-02 3.11937183e-03 -2.57436521e-02 -2.08790712e-02
-1.10877212e-02 5.77942841e-03 1.43089946e-02 2.32455898e-02 5.30257402e-03 -1.59177964e-03 5.76905394e-03 -4.98074591e-02 1.86089089e-03 -1.10504767e-02 9.34796035e-03 -3.34886857e-03 1.62698627e-02 2.32476322e-03 -1.91853233e-02 -1.55599415e-02
1.37076445e-03 3.23635933e-04 -3.51843354e-03 -7.68425874e-03 -1.74364622e-03 6.75073010e-04 -2.01276806e-03 1.74939521e-02 -6.46885252e-04 3.89377982e-03 -3.29792476e-03 1.18077605e-03 -5.73955057e-03 -8.20155023e-04 6.76930649e-03 5.49024809e-03
-2.00022012e-02 1.28740631e-02 2.62406953e-02 3.74452323e-02 8.61256756e-03 -2.42327503e-03 9.05842241e-03 -7.80322850e-02 2.96460534e-03 -1.73304360e-02 1.46565903e-02 -5.25412941e-03 2.55122352e-02 3.64541332e-03 -3.00790817e-02 -2.43943837e-02
3.81028024e-03 -3.45761399e-03 -3.46652046e-03 -3.74912797e-03 -8.86167400e-04 1.97119691e-04 -8.99491599e-04 7.75684975e-03 -2.90797034e-04 1.71212619e-03 -1.44852442e-03 5.18998364e-04 -2.52101710e-03 -3.60228500e-04 2.97275931e-03 2.41100416e-03
7.40493648e-03 -4.61198296e-03 -1.00409864e-02 -1.65689643e-02 -3.61359585e-03 1.03422953e-03 -3.90359433e-03 3.36529464e-02 -1.26823701e-03 7.47254957e-03 -6.32020552e-03 2.26474088e-03 -1.10008782e-02 -1.57193176e-03 1.29717439e-02 1.05203912e-02
1.52946711e-02 -8.58026184e-03 -1.80281587e-02 -2.92070098e-02 -6.54520374e-03 2.00352143e-03 -7.20077055e-03 6.20175637e-02 -2.33316096e-03 1.37774134e-02 -1.16579533e-02 4.17686347e-03 -2.02900264e-02 -2.89924187e-03 2.39259452e-02 1.94046870e-02
8.92491825e-03 -4.56888555e-03 -1.05388695e-02 -1.64623186e-02 -3.73947341e-03 1.18175300e-03 -4.10343148e-03 3.54713686e-02 -1.32310274e-03 7.88052659e-03 -6.67075254e-03 2.38928082e-03 -1.16099631e-02 -1.65896083e-03 1.36915455e-02 1.11044059e-02
-9.54743475e-03 4.98148939e-03 1.92232169e-02 3.33706811e-02 7.63232075e-03 -2.52454844e-03 8.48626904e-03 -7.34321475e-02 2.73707928e-03 -1.63171273e-02 1.38131678e-02 -4.94732754e-03 2.40406897e-02 3.43521591e-03 -2.83511002e-02 -2.29938943e-02
1.90858264e-03 -1.66232721e-03 -3.22275492e-03 -4.66752239e-03 -1.11546647e-03 2.49010511e-04 -1.12575945e-03 9.65619739e-03 -3.81487451e-04 2.13322346e-03 -1.79865945e-03 6.47493172e-04 -3.13528324e-03 -4.47959988e-04 3.69096547e-03 2.99259555e-03
-1.74418781e-02 9.99052078e-03 1.87509209e-02 2.82595716e-02 6.38570730e-03 -1.68467895e-03 6.75693946e-03 -5.82295954e-02 2.18844204e-03 -1.28962239e-02 1.09094083e-02 -3.90966050e-03 1.89876128e-02 2.71307887e-03 -2.23888308e-02 -1.81579422e-02
-2.97939731e-03 1.28386985e-03 4.15050145e-03 6.77278684e-03 1.53514498e-03 -4.89697559e-04 1.68350642e-03 -1.45398770e-02 5.47388452e-04 -3.22859385e-03 2.73198821e-03 -9.78994998e-04 4.75518918e-03 6.79465302e-04 -5.60695585e-03 -4.54735896e-03
-9.24805738e-03 3.36570945e-03 1.11325551e-02 1.85479540e-02 4.22692206e-03 -1.32571405e-03 4.63915104e-03 -4.00878713e-02 1.50470750e-03 -8.90603289e-03 7.53669394e-03 -2.70029018e-03 1.31176021e-02 1.87436712e-03 -1.54681439e-02 -1.25451321e-02
2.60768104e-02 -1.31450854e-02 -3.25318277e-02 -5.06813601e-02 -1.14271678e-02 3.63952457e-03 -1.25718620e-02 1.08744487e-01 -4.06591920e-03 2.41459422e-02 -2.04368550e-02 7.32046738e-03 -3.55691612e-02 -5.08248992e-03 4.19452786e-02 3.40192243e-02
-3.09783360e-03 2.05792347e-03 3.12594837e-03 4.00709128e-03 9.07293754e-04 -1.01531390e-04 8.60234548e-04 -7.29778036e-03 2.86761730e-04 -1.61247666e-03 1.35894760e-03 -4.88472986e-04 2.36652885e-03 3.38128128e-04 -2.78800167e-03 -2.26082280e-03
-2.33016126e-02 1.46048125e-02 2.82891318e-02 3.97707857e-02 8.93985480e-03 -2.42387527e-03 9.51623172e-03 -8.20245445e-02 3.13515565e-03 -1.81936100e-02 1.53792715e-02 -5.51609416e-03 2.67711785e-02 3.82531993e-03 -3.15595642e-02 -2.55944952e-02
2.21824944e-02 -1.31643247e-02 -2.46210936e-02 -3.52960378e-02 -8.32105614e-03 2.21906160e-03 -8.76088906e-03 7.55808875e-02 -2.84149335e-03 1.67477690e-02 -1.41681386e-02 5.07695368e-03 -2.46594287e-02 -3.52350483e-03 2.90769581e-02 2.35822313e-02
-1.06358714e-03 4.34773101e-04 -1.55094464e-03 -4.86769434e-03 -1.06818706e-03 4.79694951e-04 -1.35920220e-03 1.18594673e-02 -4.33516310e-04 2.64245528e-03 -2.23852112e-03 8.01222515e-04 -3.89569998e-03 -5.56695974e-04 4.59498074e-03 3.72678507e-03
-7.13345711e-04 -1.79664581e-03 1.87572162e-03 4.92127053e-03 1.11408962e-03 -4.65997553e-04 1.34150416e-03 -1.17221046e-02 4.27902822e-04 -2.61648069e-03 2.21647928e-03 -7.93239975e-04 3.85725289e-03 5.51192148e-04 -4.54968493e-03 -3.69005604e-03
-2.68893153e-03 2.84992391e-03 -1.26873900e-03 -3.70293250e-03 -7.93996325e-04 5.48389333e-04 -1.16812775e-03 1.02693569e-02 -3.72062059e-04 2.29794672e-03 -1.95267820e-03 6.97949203e-04 -3.39802261e-03 -4.85573866e-04 4.00906662e-03 3.25173093e-03
