1.32265612e-02 3.22580012e-03 5.93673531e-03 -1.41517669e-02 -1.09588336e-02 4.17765975e-03 -2.59487741e-02 6.28601611e-02 -4.84643457e-03 1.84843130e-02 -9.66871064e-03 -5.21488907e-03 -2.03128979e-02 -4.40401444e-03 2.24137660e-02 4.14362689e-03
1.76327191e-02 3.14373407e-03 6.86996523e-03 -1.62771698e-02 -1.26964739e-02 4.83545428e-03 -3.00389715e-02 7.27858692e-02 -5.60900429e-03 2.14127172e-02 -1.11940810e-02 -6.04001619e-03 -2.35218182e-02 -5.09990612e-03 2.59554200e-02 4.79819486e-03
6.02702051e-03 2.31837481e-03 3.83608416e-03 -8.30954127e-03 -6.19373284e-03 2.36879452e-03 -1.46820955e-02 3.56577970e-02 -2.74124485e-03 1.04639949e-02 -5.47194201e-03 -2.94941338e-03 -1.14940479e-02 -2.49163271e-03 1.26809403e-02 2.34482996e-03
-1.68092437e-02 -3.73912859e-03 -6.20959513e-03 1.69314425e-02 1.26534915e-02 -4.82312497e-03 2.98758950e-02 -7.24341199e-02 5.57275116e-03 -2.12825015e-02 1.11310575e-02 6.00735098e-03 2.33891495e-02 5.07142954e-03 -2.58104093e-02 -4.77102585e-03
-1.53749874e-02 4.87854378e-03 3.82971414e-03 3.42710805e-03 3.41093692e-04 -1.67848411e-05 -1.41123863e-04 -4.04310995e-05 -3.10620417e-05 1.03676088e-04 -7.44755089e-05 -4.81536117e-05 -1.67723992e-04 -3.73472212e-05 1.90697945e-04 3.42540807e-05
3.02943424e-03 -1.84660451e-03 -1.46052463e-03 -6.85031002e-04 1.80918985e-04 -1.01127407e-04 6.40092650e-04 -1.44550740e-03 1.21542151e-04 -4.68789163e-04 2.46895390e-04 1.39677897e-04 5.29540528e-04 1.15616756e-04 -5.88548661e-04 -1.07989719e-04
-2.21995707e-03 1.72753178e-04 1.00584608e-03 3.13197193e-03 1.40085828e-03 -4.80552873e-04 2.70842272e-03 -6.80714473e-03 5.07990248e-04 -1.95418973e-03 1.01865910e-03 5.12453320e-04 2.07408378e-03 4.45899670e-04 -2.27377587e-03 -4.27136081e-04
-2.84867454e-03 -1.25323737e-03 -1.94327324e-03 4.25678492e-03 3.21551249e-03 -1.22764916e-03 7.60563556e-03 -1.84322298e-02 1.42040383e-03 -5.42408135e-03 2.83634779e-03 1.52803888e-03 5.95649797e-03 1.29115023e-03 -6.57132687e-03 -1.21525908e-03
-3.38206114e-03 7.60173798e-03 8.10991880e-03 -5.60457911e-03 -6.39784476e-03 2.49631447e-03 -1.56540982e-02 3.77818681e-02 -2.92160548e-03 1.11624105e-02 -5.83796902e-03 -3.17466632e-03 -1.23179452e-02 -2.67325761e-03 1.36058992e-02 2.51256605e-03
-5.86242322e-03 -1.27982791e-03 -2.00630492e-03 5.63603174e-03 4.42466605e-03 -1.67315581e-03 1.03576379e-02 -2.53258236e-02 1.92904018e-03 -7.36103114e-03 3.85030103e-03 2.07673036e-03 8.09010956e-03 1.75390311e-03 -8.92633945e-03 -1.65022956e-03
1.06709572e-02 2.00477312e-03 4.52227145e-03 -1.13272211e-02 -8.51999689e-03 3.22637125e-03 -1.99819803e-02 4.85604145e-02 -3.72781814e-03 1.42392041e-02 -7.44541036e-03 -4.01538145e-03 -1.56410430e-02 -3.39095504e-03 1.72578543e-02 3.19057656e-03
1.53132398e-02 3.09210666e-03 5.72167989e-03 -1.48487426e-02 -1.12543944e-02 4.27655363e-03 -2.65525971e-02 6.43694103e-02 -4.95472737e-03 1.89107824e-02 -9.89247113e-03 -5.33711119e-03 -2.07878035e-02 -4.50704945e-03 2.29381640e-02 4.24062880e-03
1.95146713e-04 -3.15514371e-05 -1.53635905e-04 1.13034221e-04 1.41595650e-04 -5.56485793e-05 3.59001395e-04 -8.64438363e-04 6.71961752e-05 -2.56661675e-04 1.34371076e-04 7.31703622e-05 2.83574132e-04 6.15560566e-05 -3.13296623e-04 -5.78529689e-05
-1.53377783e-02 -2.29766592e-03 -4.59225988e-03 1.49918059e-02 1.12589039e-02 -4.24336083e-03 2.62387637e-02 -6.38100579e-02 4.89897188e-03 -1.86641049e-02 9.76094045e-03 5.26231900e-03 2.05073208e-02 4.44559706e-03 -2.26254165e-02 -4.18329099e-03
2.11144127e-02 3.94817069e-03 6.10124785e-03 -1.84506029e-02 -1.42120123e-02 5.45648672e-03 -3.38375792e-02 8.19698349e-02 -6.31808490e-03 2.40925569e-02 -1.26022762e-02 -6.80739479e-03 -2.64960881e-02 -5.74557204e-03 2.92415638e-02 5.40483650e-03
-4.61482033e-02 -1.28425565e-02 -2.33824160e-02 4.58833538e-02 3.81092019e-02 -1.46698067e-02 9.12523642e-02 -2.20749840e-01 1.70388799e-02 -6.50608912e-02 3.40313502e-02 1.83908790e-02 7.15644807e-02 1.55196022e-02 -7.89858252e-02 -1.45989489e-02
-2.20011803e-03 -4.75110544e-04 -1.22706220e-03 2.17647944e-03 1.79050292e-03 -6.86433981e-04 4.28372622e-03 -1.03732627e-02 8.00029957e-04 -3.05491663e-03 1.59800099e-03 8.63579626e-04 3.36045260e-03 7.28746818e-04 -3.70890275e-03 -6.85519481e-04
1.53363654e-02 2.62889825e-03 4.22935840e-03 -1.51082650e-02 -1.04976762e-02 3.94007098e-03 -2.42800023e-02 5.92805780e-02 -4.53345571e-03 1.72801707e-02 -9.03415494e-03 -4.85736923e-03 -1.89571530e-02 -4.10812441e-03 2.09070370e-02 3.86777823e-03
-1.06802341e-02 -2.38253130e-03 -4.68027452e-03 1.03856027e-02 8.15031584e-03 -3.11809080e-03 1.93733405e-02 -4.69148457e-02 3.61507409e-03 -1.38016036e-02 7.21855368e-03 3.89934797e-03 1.51762161e-02 3.29096452e-03 -1.67490374e-02 -3.09580122e-03
3.33765633e-02 1.14154685e-02 1.94434207e-02 -3.36401314e-02 -2.83071734e-02 1.08832484e-02 -6.76425099e-02 1.63704202e-01 -1.26348659e-02 4.82519642e-02 -2.52400320e-02 -1.36402007e-02 -5.30767851e-02 -1.15103424e-02 5.85810579e-02 1.08275246e-02
-7.57211912e-03 -1.60201744e-03 -2.81999353e-03 7.44934147e-03 5.70286252e-03 -2.17082840e-03 1.34561900e-02 -3.27245370e-02 2.50919140e-03 -9.57881939e-03 5.01020253e-03 2.70221662e-03 1.05255973e-02 2.28201598e-03 -1.16140740e-02 -2.14705570e-03
-1.58497579e-02 -5.77925146e-03 -1.06159588e-02 1.90346707e-02 1.56505629e-02 -6.01280853e-03 3.74296308e-02 -9.05835554e-02 6.98964531e-03 -2.66895778e-02 1.39613952e-02 7.54372217e-03 2.93573290e-02 6.36630692e-03 -3.24007981e-02 -5.98877016e-03
-1.18552539e-02 1.08664576e-03 -2.16936949e-03 1.02201942e-02 6.88999100e-03 -2.58083991e-03 1.59960072e-02 -3.89673933e-02 2.97876773e-03 -1.13729928e-02 5.94551396e-03 3.19232116e-03 1.24680307e-02 2.70156050e-03 -1.37490034e-02 -2.54440657e-03
-1.50595140e-02 8.69823969e-04 1.87198049e-03 9.55558661e-03 3.32545047e-03 -1.24275871e-03 7.14735175e-03 -1.76954363e-02 1.33360957e-03 -5.10978932e-03 2.66827852e-03 1.40189030e-03 5.52759040e-03 1.19703321e-03 -6.08823262e-03 -1.12800952e-03
9.34353680e-04 -5.46283321e-04 -7.99524598e-04 2.94459634e-04 6.81837206e-04 -2.71979196e-04 1.72496994e-03 -4.15410567e-03 3.23245360e-04 -1.23484968e-03 6.46279659e-04 3.50179995e-04 1.36109465e-03 2.95255275e-04 -1.50271633e-03 -2.77701562e-04
1.51418401e-02 5.20376395e-03 8.40826798e-03 -1.71532705e-02 -1.38696264e-02 5.30879525e-03 -3.30037884e-02 7.99766928e-02 -6.16046460e-03 2.35217456e-02 -1.23033123e-02 -6.64747087e-03 -2.58705840e-02 -5.61008882e-03 2.85520665e-02 5.27735846e-03
-1.87155921e-02 4.25744802e-05 -2.35024979e-03 1.71937421e-02 1.11946054e-02 -4.13149083e-03 2.55753119e-02 -6.22616261e-02 4.77673858e-03 -1.82303209e-02 9.54342820e-03 5.10696322e-03 1.99665222e-02 4.32448694e-03 -2.20117439e-02 -4.07462427e-03
-1.55032817e-02 5.39366435e-03 3.74787766e-03 1.10596344e-02 5.06422156e-03 -1.82962336e-03 1.08478842e-02 -2.66586524e-02 2.02749134e-03 -7.74895400e-03 4.05206531e-03 2.13462184e-03 8.40536784e-03 1.81698170e-03 -9.24763642e-03 -1.71455054e-03
1.00529790e-02 2.56969128e-03 4.64374106e-03 -1.10871261e-02 -8.51918943e-03 3.25767184e-03 -2.02168357e-02 4.90106121e-02 -3.77219752e-03 1.43962698e-02 -7.53642246e-03 -4.06377902e-03 -1.58309955e-02 -3.43241356e-03 1.74686499e-02 3.22916335e-03
4.35616402e-03 2.46523670e-03 4.11925698e-03 -7.09787384e-03 -5.91598265e-03 2.27065501e-03 -1.41416295e-02 3.42566669e-02 -2.64210650e-03 1.00887939e-02 -5.27719501e-03 -2.84970202e-03 -1.10938326e-02 -2.40556058e-03 1.22429766e-02 2.26322492e-03
1.33448970e-02 1.93651509e-03 4.34381142e-03 -1.38785858e-02 -1.00707505e-02 3.81793547e-03 -2.35791802e-02 5.78552969e-02 -4.40330384e-03 1.67966057e-02 -8.76767933e-03 -4.71653603e-03 -1.84124447e-02 -3.99076054e-03 2.03109737e-02 3.76019627e-03
2.87964791e-02 8.77504796e-03 1.45074539e-02 -2.86466330e-02 -2.39935201e-02 9.24778357e-03 -5.74173853e-02 1.39077723e-01 -1.07226931e-02 4.09461632e-02 -2.14198325e-02 -1.15735047e-02 -4.50375192e-02 -9.76676494e-03 4.97071743e-02 9.18738823e-03
-4.74015474e-02 -1.47359557e-02 -2.58443542e-02 5.59526049e-02 4.17918414e-02 -1.59643888e-02 9.90630537e-02 -2.40227312e-01 1.84969790e-02 -7.06098303e-02 3.69274616e-02 1.99491717e-02 7.76483044e-02 1.68375652e-02 -8.56930837e-02 -1.58393253e-02
3.22088003e-02 7.10796518e-03 1.32019743e-02 -3.03887147e-02 -2.47632787e-02 9.42673814e-03 -5.87047637e-02 1.42146483e-01 -1.09511036e-02 4.17986587e-02 -2.18732767e-02 -1.18126553e-02 -4.59718928e-02 -9.96924192e-03 5.07375188e-02 9.37791355e-03
-1.14699006e-02 -3.64655606e-03 -6.79349899e-03 1.14807459e-02 9.80772451e-03 -3.76336719e-03 2.34375931e-02 -5.67082316e-02 4.37530037e-03 -1.67056508e-02 8.73934478e-03 4.72291466e-03 1.83774158e-02 3.98537004e-03 -2.02832650e-02 -3.74894659e-03
9.17297509e-03 2.82551441e-03 5.37866075e-03 -1.08671067e-02 -8.68162513e-03 3.32591799e-03 -2.06167176e-02 4.99579310e-02 -3.84827168e-03 1.46963447e-02 -7.68498145e-03 -4.14885441e-03 -1.61529910e-02 -3.50243109e-03 1.78252254e-02 3.29501741e-03
-4.11773659e-03 -1.64690509e-03 -3.38404253e-03 5.24579501e-03 4.54925047e-03 -1.75336457e-03 1.09376935e-02 -2.64557377e-02 2.04356504e-03 -7.80371018e-03 4.08225833e-03 2.20643752e-03 8.58532637e-03 1.86184619e-03 -9.47574340e-03 -1.75139611e-03
-8.69526877e-04 -1.56788027e-03 -2.39734561e-03 3.16704903e-03 2.89112050e-03 -1.11612980e-03 6.96920417e-03 -1.68396793e-02 1.30289979e-03 -4.97472053e-03 2.60292715e-03 1.40696857e-03 5.47429221e-03 1.18719484e-03 -6.04217174e-03 -1.11675786e-03
1.58167561e-03 1.60432828e-03 3.05951806e-03 -3.71679128e-03 -3.44736781e-03 1.34443189e-03 -8.40961281e-03 2.03359034e-02 -1.57210638e-03 6.00454072e-03 -3.14111123e-03 -1.69871619e-03 -6.60815369e-03 -1.43316004e-03 7.29401270e-03 1.34810468e-03
-1.00849494e-02 -1.08319160e-03 -2.64913356e-03 7.26543088e-03 5.34826657e-03 -2.03693635e-03 1.26393726e-02 -3.05708535e-02 2.35838979e-03 -9.00196750e-03 4.70780255e-03 2.54370575e-03 9.89910401e-03 2.14666734e-03 -1.09252818e-02 -2.01933435e-03
4.80613159e-03 9.22464998e-04 1.58297538e-03 -5.15927747e-03 -3.72156803e-03 1.39623252e-03 -8.62198882e-03 2.09888220e-02 -1.60861015e-03 6.14019204e-03 -3.21144122e-03 -1.72874378e-03 -6.74066832e-03 -1.46098714e-03 7.43552018e-03 1.37499580e-03
-1.97762400e-02 -4.44266992e-03 -8.05489719e-03 2.14735493e-02 1.57993529e-02 -5.92957065e-03 3.67849879e-02 -8.94031972e-02 6.85437582e-03 -2.61568297e-02 1.36723984e-02 7.37557467e-03 2.87326034e-02 6.22946210e-03 -3.17043699e-02 -5.86148631e-03
6.13500271e-03 1.02328963e-03 1.95486937e-03 -6.31298963e-03 -4.49439650e-03 1.69385516e-03 -1.04001882e-02 2.52892692e-02 -1.93762477e-03 7.40198418e-03 -3.87052493e-03 -2.08542892e-03 -8.12467933e-03 -1.76141597e-03 8.96444079e-03 1.65730540e-03
-9.05533601e-03 -6.24298910e-03 -1.03607420e-02 1.54575938e-02 1.34949358e-02 -5.20713953e-03 3.24681923e-02 -7.85459504e-02 6.06624689e-03 -2.31652483e-02 1.21182110e-02 6.54981751e-03 2.54856050e-02 5.52690355e-03 -2.81288121e-02 -5.19902958e-03
2.05392390e-02 1.61466701e-03 5.74134104e-03 -1.99318901e-02 -1.41123487e-02 5.32596698e-03 -3.28579061e-02 8.07574689e-02 -6.15153043e-03 2.34065969e-02 -1.22321974e-02 -6.57326635e-03 -2.56934613e-02 -5.56886848e-03 2.83296909e-02 5.24748722e-03
-1.30255837e-02 -3.54325143e-03 -6.06763456e-03 1.43735465e-02 1.12755988e-02 -4.29439824e-03 2.65502445e-02 -6.45893589e-02 4.95422678e-03 -1.89114343e-02 9.89030674e-03 5.33369370e-03 2.07725409e-02 4.50381497e-03 -2.29215957e-02 -4.23751585e-03
-5.29709980e-02 -8.42173304e-03 -2.00240184e-02 5.37210815e-02 3.99797074e-02 -1.51261827e-02 9.32679251e-02 -2.26797521e-01 1.73776541e-02 -6.65242001e-02 3.46936695e-02 1.86780002e-02 7.28175789e-02 1.57840401e-02 -8.03411007e-02 -1.48590682e-02
-1.87429115e-02 -6.10648468e-03 -1.08660785e-02 1.93023253e-02 1.56112574e-02 -5.99510036e-03 3.72513905e-02 -9.01819319e-02 6.95745926e-03 -2.65699998e-02 1.38966758e-02 7.50998734e-03 2.92234682e-02 6.33742101e-03 -3.22538279e-02 -5.96148148e-03
8.07199255e-03 2.56650336e-03 4.93821595e-03 -9.80183296e-03 -7.40881031e-03 2.84718908e-03 -1.76660214e-02 4.27522734e-02 -3.29930615e-03 1.25994198e-02 -6.58954773e-03 -3.56060988e-03 -1.38560748e-02 -3.00479657e-03 1.52926687e-02 2.82657030e-03
-1.82338394e-02 2.52316566e-03 3.33269453e-03 3.54652619e-03 2.47885310e-03 -9.01401625e-04 5.55483531e-03 -1.34913269e-02 1.03112566e-03 -3.93782789e-03 2.05851463e-03 1.11224072e-03 4.32840502e-03 9.38627403e-04 -4.77711717e-03 -8.82943685e-04
-2.94096209e-02 -8.85017123e-03 -1.50060970e-02 2.70094983e-02 2.29634196e-02 -8.82410631e-03 5.49469963e-02 -1.32947624e-01 1.02606211e-02 -3.91782261e-02 2.04940718e-02 1.10760853e-02 4.30986285e-02 9.34645347e-03 -4.75681350e-02 -8.79199803e-03
-6.24592835e-03 -1.23166631e-03 -1.98025419e-03 8.24445114e-03 5.56524750e-03 -2.09516031e-03 1.28401583e-02 -3.12458351e-02 2.39786156e-03 -9.15031508e-03 4.78566950e-03 2.56496714e-03 1.00242347e-02 2.17139511e-03 -1.10520916e-02 -2.04554084e-03
9.31501575e-03 1.92637159e-03 3.80644109e-03 -9.17442888e-03 -7.03094108e-03 2.69755325e-03 -1.67192146e-02 4.05568145e-02 -3.12138046e-03 1.19130556e-02 -6.23200415e-03 -3.36376997e-03 -1.30958017e-02 -2.83957971e-03 1.44517198e-02 2.67135561e-03
5.06172748e-03 3.77437333e-04 7.00813951e-04 -4.39373963e-03 -2.93300604e-03 1.09377515e-03 -6.72496483e-03 1.63962003e-02 -1.25373364e-03 4.78660548e-03 -2.50344188e-03 -1.34649349e-03 -5.25076687e-03 -1.13805186e-03 5.79187879e-03 1.07097416e-03
7.47318193e-03 2.74417410e-03 4.80285194e-03 -8.59682448e-03 -6.83136145e-03 2.61777989e-03 -1.62748639e-02 3.94213870e-02 -3.03896167e-03 1.16037084e-02 -6.06930768e-03 -3.27919936e-03 -1.27614774e-02 -2.76742317e-03 1.40845478e-02 2.60328641e-03
8.12821276e-03 1.55592174e-03 2.42014648e-03 -1.00177750e-02 -6.88882219e-03 2.60711275e-03 -1.59415510e-02 3.92696075e-02 -2.97602220e-03 1.13650607e-02 -5.95354848e-03 -3.18448502e-03 -1.24470694e-02 -2.69656722e-03 1.37248849e-02 2.54094787e-03
5.06480783e-03 1.07905024e-03 1.96589297e-03 -5.21642528e-03 -3.70955048e-03 1.41248223e-03 -8.74732714e-03 2.12330557e-02 -1.63255876e-03 6.23378111e-03 -3.25977663e-03 -1.75844075e-03 -6.84872456e-03 -1.48488174e-03 7.55707361e-03 1.39701634e-03
-7.93896057e-03 -2.38378718e-03 -4.36580833e-03 9.17677302e-03 7.20642414e-03 -2.73861317e-03 1.70282051e-02 -4.12622131e-02 3.17866355e-03 -1.21352077e-02 6.34701923e-03 3.42733692e-03 1.33416122e-02 2.89300038e-03 -1.47236381e-02 -2.72154901e-03
-1.99060887e-02 3.72904353e-04 -1.77253596e-03 1.14973160e-02 8.71231779e-03 -3.28960945e-03 2.03645974e-02 -4.94062975e-02 3.79593717e-03 -1.44773303e-02 7.57842185e-03 4.08894150e-03 1.59169249e-02 3.45144095e-03 -1.75656937e-02 -3.24677513e-03
7.89512321e-03 3.52853979e-03 6.37186551e-03 -1.01848682e-02 -8.81906785e-03 3.39966640e-03 -2.12003347e-02 5.12943827e-02 -3.96097405e-03 1.51255038e-02 -7.91238714e-03 -4.27650660e-03 -1.66402049e-02 -3.60864610e-03 1.83659643e-02 3.39457206e-03
3.94130591e-03 9.45993874e-04 1.54132757e-03 -4.40091547e-03 -3.35192773e-03 1.27236976e-03 -7.87937455e-03 1.91209093e-02 -1.47011341e-03 5.61211584e-03 -2.93507730e-03 -1.58266560e-03 -6.16503041e-03 -1.33658806e-03 6.80241594e-03 1.25757721e-03
1.97850130e-02 6.54158974e-03 1.04279723e-02 -2.16307044e-02 -1.78766940e-02 6.85151573e-03 -4.24388088e-02 1.02831095e-01 -7.92174600e-03 3.02415639e-02 -1.58238914e-02 -8.54017679e-03 -3.32451835e-02 -7.20876269e-03 3.66878249e-02 6.78137830e-03
1.70419402e-02 4.03098576e-03 5.96987084e-03 -1.66965052e-02 -1.27800088e-02 4.87310998e-03 -3.00469659e-02 7.30082467e-02 -5.60578192e-03 2.13940516e-02 -1.11892438e-02 -6.03102986e-03 -2.35040784e-02 -5.09511493e-03 2.59306189e-02 4.79434617e-03
-2.41887514e-02 -1.63045563e-02 -2.41779648e-02 4.08051424e-02 3.39386202e-02 -1.30515238e-02 8.12281668e-02 -1.96683437e-01 1.51656335e-02 -5.79110123e-02 3.02938521e-02 1.63680222e-02 6.36967123e-02 1.38130402e-02 -7.03003556e-02 -1.29937753e-02
9.18041542e-03 -2.53645470e-04 1.07106287e-04 -6.25222828e-03 -3.75147723e-03 1.39177521e-03 -8.45297333e-03 2.05904972e-02 -1.57195947e-03 6.00250298e-03 -3.13785952e-03 -1.68522797e-03 -6.57641469e-03 -1.42508722e-03 7.25260377e-03 1.34122022e-03
-6.14141207e-03 -8.69545038e-04 -2.00858433e-03 6.24756841e-03 4.63648094e-03 -1.73271971e-03 1.07247159e-02 -2.61309873e-02 1.99938379e-03 -7.63038173e-03 3.99264973e-03 2.15103314e-03 8.38230923e-03 1.81691651e-03 -9.24706087e-03 -1.70967856e-03
9.50447563e-03 1.67693815e-03 3.22857127e-03 -8.83166771e-03 -6.74091466e-03 2.57011806e-03 -1.59551576e-02 3.86620909e-02 -2.97521241e-03 1.13622406e-02 -5.94325876e-03 -3.20890173e-03 -1.24903778e-02 -2.70843250e-03 1.37843490e-02 2.54786853e-03
2.57554092e-02 2.56786868e-03 9.27614700e-03 -2.34607216e-02 -1.71425417e-02 6.59859786e-03 -4.08269428e-02 9.88518074e-02 -7.62072019e-03 2.90996302e-02 -1.52255623e-02 -8.21887422e-03 -3.19975428e-02 -6.93795970e-03 3.53102535e-02 6.52711932e-03
-1.40607299e-05 -8.70465999e-04 -6.87898078e-04 9.20276972e-04 7.43996934e-04 -2.98007944e-04 1.78353162e-03 -4.33751196e-03 3.32650001e-04 -1.27210550e-03 6.65464613e-04 3.57687444e-04 1.39596686e-03 3.02506931e-04 -1.53962057e-03 -2.84866488e-04
-6.27431227e-03 1.35496003e-03 1.33201806e-03 2.83399131e-03 1.41888566e-03 -4.80914867e-04 2.90065142e-03 -7.18219625e-03 5.35294705e-04 -2.04701023e-03 1.07065879e-03 5.58691507e-04 2.21424852e-03 4.78108821e-04 -2.43326114e-03 -4.52225708e-04
-8.16992763e-03 -5.16294735e-04 -1.74649316e-03 8.80947057e-03 6.73445733e-03 -2.55966955e-03 1.58738177e-02 -3.84949036e-02 2.96420231e-03 -1.13135483e-02 5.91611676e-03 3.18974257e-03 1.24298008e-02 2.69438629e-03 -1.37132900e-02 -2.53539649e-03
-1.19959125e-02 -2.49482505e-03 -5.20920707e-03 1.16873449e-02 9.09187365e-03 -3.45217180e-03 2.14354694e-02 -5.18973581e-02 4.00311686e-03 -1.52842142e-02 7.99328648e-03 4.31654882e-03 1.68025400e-02 3.64349550e-03 -1.85431745e-02 -3.42751108e-03
-6.62773550e-02 -6.79800380e-03 -2.13912390e-02 5.62272035e-02 4.15522754e-02 -1.57818832e-02 9.77168083e-02 -2.37060219e-01 1.82098877e-02 -6.95325136e-02 3.63660976e-02 1.96084585e-02 7.63686895e-02 1.65580288e-02 -8.42691809e-02 -1.55787142e-02
-1.24047343e-02 -3.60741466e-03 -6.08662702e-03 1.21978894e-02 9.94864944e-03 -3.78872361e-03 2.35397648e-02 -5.70304170e-02 4.39091772e-03 -1.67652424e-02 8.76972824e-03 4.73843142e-03 1.84393488e-02 3.99871869e-03 -2.03511603e-02 -3.76152201e-03
7.97381625e-03 2.98213447e-04 1.24310679e-03 -7.03163911e-03 -5.09605557e-03 1.90474431e-03 -1.17335944e-02 2.85029169e-02 -2.19123974e-03 8.35142191e-03 -4.36803373e-03 -2.34639714e-03 -9.16223601e-03 -1.98524352e-03 1.01038245e-02 1.86924182e-03
-3.47044365e-03 -1.77462201e-03 -2.89898505e-03 5.43866074e-03 4.38388018e-03 -1.67597737e-03 1.04011754e-02 -2.52392516e-02 1.94382994e-03 -7.41991028e-03 3.88016622e-03 2.09295168e-03 8.15511588e-03 1.76798261e-03 -8.99813790e-03 -1.66384596e-03
1.56132691e-02 2.65948009e-03 5.68223558e-03 -1.55614950e-02 -1.10127060e-02 4.20448883e-03 -2.59590726e-02 6.30166009e-02 -4.84537799e-03 1.85082685e-02 -9.68078058e-03 -5.22039831e-03 -2.03326382e-02 -4.40837443e-03 2.24356316e-02 4.14764648e-03
-1.98897868e-02 -7.36371567e-03 -1.23784225e-02 2.35703140e-02 1.98564343e-02 -7.60129979e-03 4.72931080e-02 -1.14502907e-01 8.83170404e-03 -3.37228328e-02 1.76406223e-02 9.53247491e-03 3.70941199e-02 8.04419350e-03 -4.09402922e-02 -7.56701455e-03
7.66320340e-03 1.04188768e-03 2.27314793e-03 -7.58231897e-03 -5.53829595e-03 2.10197177e-03 -1.29897976e-02 3.15903313e-02 -2.42522801e-03 9.25498921e-03 -4.83936258e-03 -2.60576769e-03 -1.01600578e-02 -2.20218929e-03 1.12076579e-02 2.07255245e-03
1.37190595e-02 1.83769688e-03 3.23656667e-03 -1.13230161e-02 -8.07897653e-03 3.05836950e-03 -1.89069659e-02 4.58439775e-02 -3.53065925e-03 1.34752067e-02 -7.04703154e-03 -3.79938283e-03 -1.48024438e-02 -3.20911175e-03 1.63322650e-02 3.01945955e-03
-1.25964535e-02 -2.97114742e-03 -5.32410387e-03 1.19876619e-02 8.73055588e-03 -3.31788859e-03 2.05688942e-02 -4.99568284e-02 3.83495376e-03 -1.46424305e-02 7.65683223e-03 4.13335115e-03 1.60925109e-02 3.48935951e-03 -1.77586395e-02 -3.28265433e-03
1.13728251e-02 2.30916194e-03 4.03192546e-03 -1.19959386e-02 -8.97565763e-03 3.40870162e-03 -2.10760348e-02 5.11565991e-02 -3.92788928e-03 1.49898371e-02 -7.83757214e-03 -4.22955258e-03 -1.64703690e-02 -3.57106118e-03 1.81745775e-02 3.35963443e-03
3.38605512e-03 -1.81559916e-03 -3.48699698e-03 1.42956257e-03 2.42980570e-03 -9.63015365e-04 6.16845209e-03 -1.49141885e-02 1.15345162e-03 -4.41060076e-03 2.30948650e-03 1.25159801e-03 4.86264750e-03 1.05495506e-03 -5.36926696e-03 -9.92194167e-04
8.38767737e-03 1.46558974e-03 2.45627481e-03 -7.40433298e-03 -5.51764667e-03 2.08492484e-03 -1.29114557e-02 3.13405991e-02 -2.40830262e-03 9.19612125e-03 -4.80850320e-03 -2.59526446e-03 -1.01052141e-02 -2.19105510e-03 1.11510465e-02 2.06125621e-03
-2.71123927e-03 -1.36456336e-04 -1.70585595e-03 2.68888054e-03 2.35222257e-03 -9.06990550e-04 5.65959048e-03 -1.36936540e-02 1.05764647e-03 -4.03877674e-03 2.11277930e-03 1.14196225e-03 4.44339542e-03 9.63612692e-04 -4.90424316e-03 -9.06448287e-04
-5.53769246e-03 -1.56974897e-03 -2.97196163e-03 5.81195811e-03 4.66982787e-03 -1.79171201e-03 1.11251492e-02 -2.69273706e-02 2.07756669e-03 -7.93317985e-03 4.14983276e-03 2.24174652e-03 8.72431882e-03 1.89189264e-03 -9.62861907e-03 -1.77968654e-03
-9.77765583e-03 -2.71488214e-04 -3.09957820e-03 1.01848589e-02 7.50392675e-03 -2.82419333e-03 1.75134558e-02 -4.25813459e-02 3.26475780e-03 -1.24730607e-02 6.53188303e-03 3.51381605e-03 1.36974724e-02 2.96909059e-03 -1.51111772e-02 -2.79452256e-03
-7.87069835e-03 -6.36818702e-04 -1.51700643e-03 8.58761091e-03 5.25016524e-03 -1.92561361e-03 1.17935119e-02 -2.90336646e-02 2.19699368e-03 -8.36948399e-03 4.37392527e-03 2.34334124e-03 9.16527491e-03 1.98543933e-03 -1.01046814e-02 -1.87091925e-03
9.38046910e-03 2.57846829e-03 4.59814863e-03 -1.11971404e-02 -8.62871390e-03 3.29478318e-03 -2.03966182e-02 4.94316481e-02 -3.80723877e-03 1.45330792e-02 -7.60623114e-03 -4.09924891e-03 -1.59704313e-02 -3.46226757e-03 1.76207554e-02 3.25775403e-03
5.75538957e-04 6.23864762e-05 1.80530711e-04 -4.75154986e-04 -3.69540910e-04 1.40324613e-04 -8.69963143e-04 2.10990547e-03 -1.62459153e-04 6.20134117e-04 -3.24450695e-04 -1.74902496e-04 -6.81350532e-04 -1.47721599e-04 7.51808577e-04 1.38993637e-04
-1.33879315e-02 -1.64542557e-03 -3.68636125e-03 1.27252676e-02 9.29825939e-03 -3.52934212e-03 2.17319224e-02 -5.26720993e-02 4.05515917e-03 -1.54750645e-02 8.09474289e-03 4.36573848e-03 1.70042776e-02 3.68674495e-03 -1.87633410e-02 -3.46879405e-03
-1.95681415e-02 -4.86467313e-03 -8.95910338e-03 1.99447591e-02 1.57083105e-02 -6.01620926e-03 3.73264849e-02 -9.04753953e-02 6.96888193e-03 -2.65992247e-02 1.39169116e-02 7.50821223e-03 2.92402301e-02 6.33974839e-03 -3.22654508e-02 -5.96456276e-03
3.09809074e-02 6.01945026e-03 9.76506248e-03 -2.73675229e-02 -2.16761362e-02 8.25564377e-03 -5.12484014e-02 1.24377832e-01 -9.56336316e-03 3.64780389e-02 -1.90814696e-02 -1.03063891e-02 -4.01194580e-02 -8.69952049e-03 4.42751125e-02 8.18373729e-03
1.97942220e-02 1.98426587e-03 4.91208583e-03 -1.44988699e-02 -1.16493618e-02 4.45420435e-03 -2.76674964e-02 6.69837072e-02 -5.16234711e-03 1.97121967e-02 -1.03110755e-02 -5.56988735e-03 -2.16767173e-02 -4.70076548e-03 2.39241645e-02 4.42192191e-03
-2.24748347e-03 4.96514724e-04 3.02965287e-04 7.47371407e-04 3.11268785e-04 -1.07765038e-04 6.50976377e-04 -1.59976922e-03 1.20458499e-04 -4.59417468e-04 2.40004912e-04 1.28247164e-04 5.01682516e-04 1.08648579e-04 -5.52909099e-04 -1.02289407e-04
1.04876952e-02 -2.70271674e-04 1.34508125e-04 -1.09656565e-02 -6.14498649e-03 2.25322135e-03 -1.37462793e-02 3.43131199e-02 -2.56948546e-03 9.79764853e-03 -5.10680676e-03 -2.71356641e-03 -1.06724268e-02 -2.30853143e-03 1.17580472e-02 2.18313560e-03
-3.85792926e-02 2.06990167e-04 -4.92554624e-03 4.19931896e-02 2.52331160e-02 -9.31627490e-03 5.75907864e-02 -1.39930770e-01 1.07368752e-02 -4.09725234e-02 2.14809105e-02 1.14314491e-02 4.48570624e-02 9.72185005e-03 -4.94852327e-02 -9.18119680e-03
-1.12461746e-02 -4.67219669e-03 -8.43060389e-03 1.51379462e-02 1.22004673e-02 -4.67871688e-03 2.91024465e-02 -7.04743341e-02 5.43674501e-03 -2.07556915e-02 1.08567150e-02 5.86551381e-03 2.28282101e-02 4.95032640e-03 -2.51942202e-02 -4.65677772e-03
-3.23705259e-03 -1.85740320e-03 -2.70200102e-03 4.93323291e-03 3.99808446e-03 -1.53272832e-03 9.49110650e-03 -2.30921321e-02 1.77098601e-03 -6.76463451e-03 3.53796594e-03 1.90993818e-03 7.43577536e-03 1.61230925e-03 -8.20566434e-03 -1.51680794e-03
-5.06338757e-03 -4.08067135e-04 -9.28020745e-04 3.28173884e-03 2.43190350e-03 -9.27168468e-04 5.73398964e-03 -1.38883442e-02 1.06977159e-03 -4.08352213e-03 2.13623908e-03 1.15310098e-03 4.48882813e-03 9.73353919e-04 -4.95376438e-03 -9.15647426e-04
-2.88670994e-02 -6.90004323e-03 -1.18241655e-02 2.89126523e-02 2.23289523e-02 -8.54906719e-03 5.30972593e-02 -1.28724486e-01 9.91677586e-03 -3.78528200e-02 1.98029969e-02 1.06918784e-02 4.16211933e-02 9.02516115e-03 -4.59325463e-02 -8.49022903e-03
8.70011933e-03 1.60719035e-03 2.54405406e-03 -1.07790083e-02 -7.59819942e-03 2.87310896e-03 -1.77152622e-02 4.31812294e-02 -3.30807851e-03 1.26160327e-02 -6.60515670e-03 -3.53819807e-03 -1.38397245e-02 -2.99720070e-03 1.52547099e-02 2.82441382e-03
-5.22299111e-03 -1.99046754e-03 -3.52473813e-03 6.50670566e-03 5.34176221e-03 -2.05357838e-03 1.27753774e-02 -3.09401695e-02 2.38557509e-03 -9.10881255e-03 4.76493780e-03 2.57443450e-03 1.00186300e-02 2.17259908e-03 -1.10572623e-02 -2.04373733e-03
8.85582529e-03 1.84153393e-03 3.30215297e-03 -7.18598207e-03 -5.78497164e-03 2.21405900e-03 -1.37425940e-02 3.32581736e-02 -2.56622909e-03 9.79776774e-03 -5.12487162e-03 -2.76933145e-03 -1.07763661e-02 -2.33695051e-03 1.18937278e-02 2.19832244e-03
2.28454801e-03 -7.30052299e-04 -1.11384946e-03 9.75895324e-04 9.95336333e-04 -3.86103755e-04 2.43947422e-03 -5.90596860e-03 4.56184964e-04 -1.74176926e-03 9.11268871e-04 4.92799561e-04 1.91726454e-03 4.15796589e-04 -2.11617583e-03 -3.91129550e-04
-1.11330561e-02 -4.03748127e-03 -5.92416245e-03 1.42511800e-02 1.08095892e-02 -4.12478019e-03 2.54215449e-02 -6.16324767e-02 4.74861171e-03 -1.81331038e-02 9.47961770e-03 5.11746248e-03 1.99235883e-02 4.32014698e-03 -2.19868422e-02 -4.06429730e-03
-2.09997594e-02 -4.31762449e-03 -7.43964966e-03 2.02572737e-02 1.32504124e-02 -5.05911745e-03 3.14423703e-02 -7.62325078e-02 5.87175647e-03 -2.24119686e-02 1.17219090e-02 6.33253995e-03 2.46460531e-02 5.34455152e-03 -2.72005908e-02 -5.02757402e-03
-9.43572726e-03 1.41046220e-03 -9.51386872e-04 5.97373070e-03 3.96681437e-03 -1.48451841e-03 9.22346395e-03 -2.23083701e-02 1.71706965e-03 -6.54358091e-03 3.42259370e-03 1.84835051e-03 7.19452929e-03 1.56004564e-03 -7.93969445e-03 -1.46753353e-03
-1.55611765e-02 -3.23427143e-03 -6.28295913e-03 1.41193690e-02 1.05369454e-02 -4.01964597e-03 2.50170715e-02 -6.05275482e-02 4.67174919e-03 -1.78374331e-02 9.33109969e-03 5.04192524e-03 1.96204633e-02 4.25484031e-03 -2.16546487e-02 -4.00245376e-03
-1.22370804e-02 -3.29423044e-03 -6.01185393e-03 1.32349627e-02 1.01679498e-02 -3.88155272e-03 2.40517873e-02 -5.83897568e-02 4.48599225e-03 -1.71408448e-02 8.96154623e-03 4.83932579e-03 1.88361965e-02 4.08448465e-03 -2.07875166e-02 -3.84231890e-03
4.71117767e-03 2.99309078e-03 4.08404367e-03 -7.56083615e-03 -6.17077108e-03 2.37469957e-03 -1.47335483e-02 3.56802344e-02 -2.75044539e-03 1.05018700e-02 -5.49311191e-03 -2.96743819e-03 -1.15490565e-02 -2.50441860e-03 1.27460156e-02 2.35590735e-03
-2.04286315e-02 -3.22967093e-03 -6.69402815e-03 2.06937827e-02 1.53318141e-02 -5.79771306e-03 3.59285660e-02 -8.70461911e-02 6.70902198e-03 -2.56090295e-02 1.33925332e-02 7.22564571e-03 2.81398539e-02 6.10119011e-03 -3.10512520e-02 -5.74014476e-03
3.49966623e-03 4.83847049e-04 1.74574112e-03 -3.27980495e-03 -2.76565109e-03 1.06250099e-03 -6.61356514e-03 1.60177480e-02 -1.23522501e-03 4.71672462e-03 -2.46736594e-03 -1.33340259e-03 -5.18856477e-03 -1.12519891e-03 5.72661683e-03 1.05845113e-03
4.54841647e-03 -1.55888149e-04 3.12764896e-04 -4.43332177e-03 -1.98547798e-03 7.41666183e-04 -4.51291213e-03 1.09801944e-02 -8.40159366e-04 3.20871617e-03 -1.67357107e-03 -9.02234169e-04 -3.51608871e-03 -7.62230658e-04 3.87922814e-03 7.17201794e-04
1.71818249e-02 5.07402699e-03 9.99835040e-03 -1.98517404e-02 -1.55413691e-02 5.96935488e-03 -3.70875634e-02 8.97371918e-02 -6.92226691e-03 2.64290906e-02 -1.38247553e-02 -7.46660121e-03 -2.90607065e-02 -6.30181190e-03 3.20724733e-02 5.92815643e-03
1.22929439e-02 5.17551089e-03 8.70687608e-03 -1.49222622e-02 -1.25221824e-02 4.81821503e-03 -2.99947374e-02 7.25836977e-02 -5.60268294e-03 2.13944428e-02 -1.11913467e-02 -6.04843255e-03 -2.35353727e-02 -5.10392850e-03 2.59760860e-02 4.80115227e-03
-1.42261740e-02 -5.70209092e-03 -8.74262117e-03 1.83265656e-02 1.45848636e-02 -5.55671006e-03 3.43509428e-02 -8.33069310e-02 6.40871050e-03 -2.44709887e-02 1.27997017e-02 6.91313855e-03 2.69059222e-02 5.83452499e-03 -2.96942517e-02 -5.48853027e-03
2.85609602e-03 6.26203837e-04 1.25633890e-03 -3.52407619e-03 -2.61357194e-03 9.78485914e-04 -6.05546264e-03 1.48069086e-02 -1.13138754e-03 4.31792531e-03 -2.25545256e-03 -1.21111423e-03 -4.73583583e-03 -1.02561130e-03 5.21978317e-03 9.66534892e-04
-2.12843791e-02 -7.01962179e-03 -1.31551605e-02 2.55133659e-02 2.02945489e-02 -7.77809182e-03 4.83294874e-02 -1.17140532e-01 9.02274344e-03 -3.44539322e-02 1.80226322e-02 9.73564293e-03 3.78900394e-02 8.21653847e-03 -4.18173447e-02 -7.72927376e-03
-4.78163362e-03 -1.88206707e-03 -2.83118431e-03 6.08609430e-03 4.70780907e-03 -1.79778971e-03 1.11740250e-02 -2.70887222e-02 2.08659447e-03 -7.96467066e-03 4.16661054e-03 2.24876078e-03 8.75586644e-03 1.89850293e-03 -9.66225751e-03 -1.78612175e-03
-7.71666691e-03 -9.85204009e-04 -1.53750938e-03 6.37533795e-03 4.28192550e-03 -1.61209400e-03 9.90373082e-03 -2.40437612e-02 1.84774655e-03 -7.05169514e-03 3.68774938e-03 1.98717369e-03 7.74250599e-03 1.67850370e-03 -8.54245666e-03 -1.57924788e-03
1.99373476e-02 4.16386966e-03 7.31629645e-03 -1.82129443e-02 -1.39316870e-02 5.33335656e-03 -3.31056044e-02 8.02619010e-02 -6.18172809e-03 2.36025881e-02 -1.23450952e-02 -6.66937139e-03 -2.59554330e-02 -5.62851410e-03 2.86458042e-02 5.29468060e-03
-2.71630823e-03 9.01307212e-05 -4.35541675e-04 2.21562176e-03 1.43891841e-03 -5.34868508e-04 3.32211587e-03 -8.07581004e-03 6.19252794e-04 -2.36532255e-03 1.23630150e-03 6.65570784e-04 2.59499811e-03 5.62477217e-04 -2.86261621e-03 -5.29368932e-04
-2.55905986e-02 -5.66792767e-03 -1.08226947e-02 2.62291208e-02 2.00996343e-02 -7.68844923e-03 4.77110744e-02 -1.15695924e-01 8.91242363e-03 -3.40252221e-02 1.77967902e-02 9.60387196e-03 3.73958871e-02 8.10845383e-03 -4.12670299e-02 -7.62845343e-03
1.93542130e-02 2.31226953e-03 6.08755508e-03 -1.55253215e-02 -1.23997647e-02 4.70688846e-03 -2.91294735e-02 7.07340986e-02 -5.43550309e-03 2.07544398e-02 -1.08554596e-02 -5.86121157e-03 -2.28152275e-02 -4.94728843e-03 2.51786895e-02 4.65397816e-03
1.14333024e-03 1.27184624e-03 1.61445735e-03 -3.19191371e-03 -2.50485027e-03 9.54109652e-04 -5.92347700e-03 1.43419588e-02 -1.10585545e-03 4.22125449e-03 -2.20817071e-03 -1.19284820e-03 -4.64254199e-03 -1.00673374e-03 5.12368418e-03 9.47030261e-04
-6.12456072e-03 -4.58658719e-03 -6.40227506e-03 1.03442753e-02 8.72100424e-03 -3.35628004e-03 2.09016576e-02 -5.05972207e-02 3.90377617e-03 -1.49047272e-02 7.79678812e-03 4.21334896e-03 1.63957682e-02 3.55556956e-03 -1.80957913e-02 -3.34466971e-03
4.15738579e-03 4.89826547e-03 6.25340641e-03 -1.00984946e-02 -8.43946543e-03 3.25204176e-03 -2.01933887e-02 4.88930382e-02 -3.77125340e-03 1.44031160e-02 -7.53326435e-03 -4.07039002e-03 -1.58401206e-02 -3.43504851e-03 1.74824148e-02 3.23132053e-03
