-6.15614653e-03 7.26237744e-02 4.45666984e-02 1.62289329e-02 -1.71117261e-02 3.06015443e-02 -6.16565980e-02 8.23511258e-02 -2.89543369e-03 -1.26238517e-03 -4.88446578e-02 -1.46868862e-02 -4.37202193e-02 -5.81926759e-03 -2.09936444e-02 -2.41365395e-02
-2.69422196e-02 1.46134775e-02 1.74094662e-02 8.88706371e-03 -7.37566780e-03 1.55282691e-02 -2.99651232e-02 4.11701202e-02 -1.19928620e-03 -6.25732413e-04 -2.51128208e-02 -7.53665576e-03 -2.24532485e-02 -3.00242216e-03 -1.07785789e-02 -1.23992339e-02
-6.69530407e-03 2.36626081e-02 1.64636727e-02 6.59267046e-03 -6.39546150e-03 1.21171465e-02 -2.39717327e-02 3.23736928e-02 -1.04674860e-03 -4.95961867e-04 -1.94785893e-02 -5.85044827e-03 -1.74239818e-02 -2.32580025e-03 -8.36487487e-03 -9.62047745e-03
6.54030219e-03 -9.63933691e-02 -5.84187172e-02 -2.11964063e-02 2.22854018e-02 -3.99680659e-02 8.01738948e-02 -1.07459083e-01 3.63297248e-03 1.64406095e-03 6.38072193e-02 1.91791821e-02 5.71032725e-02 7.60661019e-03 2.74180472e-02 3.15258801e-02
-5.90300746e-03 1.05659090e-01 6.21447638e-02 2.23397836e-02 -2.42074765e-02 4.25873660e-02 -8.51686820e-02 1.14631481e-01 -3.91733227e-03 -1.75649545e-03 -6.77311867e-02 -2.03604959e-02 -6.06177785e-02 -8.07023048e-03 -2.91073136e-02 -3.34661491e-02
-5.63601358e-03 2.00595753e-03 2.52254959e-03 1.47134997e-03 -1.12545793e-03 2.44419789e-03 -4.65178117e-03 6.40914543e-03 -1.77291789e-04 -9.85029619e-05 -3.99868982e-03 -1.19860051e-03 -3.57262045e-03 -4.79389855e-04 -1.71462307e-03 -1.97316404e-03
6.26711920e-03 -1.07072458e-01 -6.15883321e-02 -2.00715568e-02 2.47110333e-02 -3.98113020e-02 8.20080116e-02 -1.08331189e-01 4.47772164e-03 1.72083394e-03 6.23576678e-02 1.88403688e-02 5.59883527e-02 7.32439617e-03 2.69656535e-02 3.09191309e-02
-5.57572581e-04 -2.97605880e-02 -1.72635876e-02 -5.70146088e-03 6.62322994e-03 -1.12678856e-02 2.29682513e-02 -3.04396115e-02 1.13148661e-03 4.72401356e-04 1.78716183e-02 5.38166706e-03 1.60117932e-02 2.12143175e-03 7.69232679e-03 8.83872248e-03
-1.05494205e-02 1.11221075e-01 6.54942915e-02 2.37333234e-02 -2.47711539e-02 4.48599160e-02 -8.99145231e-02 1.20433696e-01 -4.24338086e-03 -1.85786805e-03 -7.14944378e-02 -2.15037931e-02 -6.40095249e-02 -8.51067808e-03 -3.07382047e-02 -3.53369452e-02
-2.08086930e-02 1.19810030e-01 7.26251453e-02 2.66288035e-02 -2.82737389e-02 4.99398820e-02 -1.00972444e-01 1.35925874e-01 -4.61378740e-03 -2.05335580e-03 -7.96298683e-02 -2.39404775e-02 -7.12716654e-02 -9.48862080e-03 -3.42225172e-02 -3.93468030e-02
-1.60468053e-02 9.41555724e-02 5.70460707e-02 2.13584844e-02 -2.24038512e-02 4.01018746e-02 -8.03810507e-02 1.08016945e-01 -3.65801086e-03 -1.65201793e-03 -6.40311912e-02 -1.92482807e-02 -5.73070794e-02 -7.63147045e-03 -2.75165401e-02 -3.16381119e-02
-7.09863380e-03 8.75957012e-02 5.37357777e-02 1.99195910e-02 -2.06568521e-02 3.73083428e-02 -7.47432411e-02 1.00272268e-01 -3.39245354e-03 -1.53390167e-03 -5.96608855e-02 -1.79327521e-02 -5.33910841e-02 -7.11219059e-03 -2.56359931e-02 -2.94768456e-02
5.34857158e-03 -7.15114772e-02 -4.18544076e-02 -1.48506984e-02 1.60602387e-02 -2.80748364e-02 5.64493462e-02 -7.54483789e-02 2.63340003e-03 1.15918904e-03 4.47324291e-02 1.34523287e-02 4.00424860e-02 5.32774208e-03 1.92279480e-02 2.21056882e-02
8.49029049e-03 -9.69307646e-02 -5.89204393e-02 -2.13179626e-02 2.26698220e-02 -4.01490517e-02 8.08209926e-02 -1.08307332e-01 3.78371659e-03 1.65171258e-03 6.40516877e-02 1.92567706e-02 5.73279373e-02 7.63178989e-03 2.75276396e-02 3.16492654e-02
1.61377639e-01 -7.98063278e-01 -4.94794875e-01 -1.85832813e-01 1.88528568e-01 -3.45914215e-01 6.91442490e-01 -9.28372443e-01 3.14388573e-02 1.41930822e-02 5.53211272e-01 1.66252300e-01 4.95024770e-01 6.59723133e-02 2.37680078e-01 2.73304671e-01
-4.12206389e-02 1.41292140e-01 8.58582482e-02 3.31551656e-02 -3.32698449e-02 6.13825470e-02 -1.22406125e-01 1.64519891e-01 -5.49024809e-03 -2.51938961e-03 -9.82544720e-02 -2.95260958e-02 -8.79173055e-02 -1.17180729e-02 -4.22124602e-02 -4.85401563e-02
-3.47791500e-02 1.37690976e-01 8.53762999e-02 3.28940228e-02 -3.35941426e-02 6.13349937e-02 -1.22544281e-01 1.64913222e-01 -5.50299278e-03 -2.51710927e-03 -9.80781019e-02 -2.94743013e-02 -8.77620429e-02 -1.16962129e-02 -4.21378911e-02 -4.84538488e-02
2.80522816e-02 5.09093795e-03 -3.17508820e-03 -3.64927342e-03 1.61323114e-03 -5.46710473e-03 9.63218696e-03 -1.34502873e-02 1.88544305e-04 2.10038881e-04 9.11240373e-03 2.71926168e-03 8.11785646e-03 1.10681099e-03 3.89004569e-03 4.48495010e-03
3.41922697e-03 -2.85727885e-02 -1.68053061e-02 -6.25864696e-03 6.46948442e-03 -1.17130848e-02 2.34679747e-02 -3.14556211e-02 1.05853518e-03 4.80982999e-04 1.87236276e-02 5.62701002e-03 1.67545695e-02 2.23278650e-03 8.04449432e-03 9.25021619e-03
9.69427377e-02 -1.59829348e-01 -1.12495527e-01 -4.59027663e-02 4.48543541e-02 -8.41950402e-02 1.67623803e-01 -2.25839645e-01 7.51370843e-03 3.45938280e-03 1.35050282e-01 4.05818820e-02 1.20840408e-01 1.61067508e-02 5.80201298e-02 6.67175949e-02
-4.41575283e-03 -2.30989903e-02 -1.29460394e-02 -4.14390769e-03 4.83261840e-03 -8.10046867e-03 1.66770853e-02 -2.22446360e-02 7.95576896e-04 3.35833145e-04 1.28188170e-02 3.85823916e-03 1.14803445e-02 1.52461499e-03 5.51339518e-03 6.33703405e-03
-1.84030607e-02 -3.49869639e-01 -1.85119063e-01 -6.33891821e-02 7.00527653e-02 -1.22034468e-01 2.46453792e-01 -3.28129917e-01 1.12069305e-02 5.01176808e-03 1.94286734e-01 5.84092252e-02 1.73887402e-01 2.31536292e-02 8.34936649e-02 9.59986076e-02
4.56793513e-03 -2.11935863e-02 -1.37193035e-02 -5.35949552e-03 5.36450045e-03 -9.93902609e-03 1.98073946e-02 -2.66646221e-02 8.89845600e-04 4.08464810e-04 1.59228463e-02 4.78508184e-03 1.42480712e-02 1.89876824e-03 6.84115710e-03 7.86651298e-03
-4.49396968e-02 6.44163936e-02 4.68368866e-02 2.02333257e-02 -1.89552177e-02 3.62052023e-02 -7.16833845e-02 9.67861637e-02 -3.10628559e-03 -1.47613278e-03 -5.82601018e-02 -1.74928531e-02 -5.21100424e-02 -6.96238317e-03 -2.50137858e-02 -2.87720431e-02
6.13450725e-03 2.37332992e-02 1.13248480e-02 3.49030155e-03 -4.45101550e-03 7.26514915e-03 -1.47400852e-02 1.95895042e-02 -6.84254337e-04 -2.98253348e-04 -1.14902630e-02 -3.45498021e-03 -1.02849994e-02 -1.36920460e-03 -4.93829185e-03 -5.67778153e-03
-2.17129383e-02 1.69687629e-01 1.01296455e-01 3.77074368e-02 -3.89341228e-02 7.03889951e-02 -1.40873253e-01 1.89314753e-01 -6.33955095e-03 -2.88991141e-03 -1.12556346e-01 -3.38268206e-02 -1.00719735e-01 -1.34220384e-02 -4.83592264e-02 -5.56071736e-02
-1.45569816e-02 -1.40895993e-01 -7.81161338e-02 -2.34339330e-02 3.00678350e-02 -4.77508195e-02 9.87353250e-02 -1.30114153e-01 5.23157604e-03 2.03004526e-03 7.49475881e-02 2.26135273e-02 6.72427863e-02 8.85788258e-03 3.23294513e-02 3.71144600e-02
-2.27398612e-03 5.18290401e-02 2.89824512e-02 9.83902067e-03 -1.10922260e-02 1.91561691e-02 -3.86310034e-02 5.15228324e-02 -1.90040679e-03 -7.99447997e-04 -3.02584134e-02 -9.11084097e-03 -2.71096379e-02 -3.59394075e-03 -1.30222142e-02 -1.49641149e-02
4.30786349e-02 -1.87839344e-01 -1.14030674e-01 -4.29719947e-02 4.42052819e-02 -8.02879930e-02 1.60842866e-01 -2.15772420e-01 7.28894444e-03 3.29669518e-03 1.28314748e-01 3.85749526e-02 1.14833690e-01 1.52963409e-02 5.51369637e-02 6.33976087e-02
-2.30888091e-03 7.08020702e-02 4.22153510e-02 1.43487286e-02 -1.62738767e-02 2.78255623e-02 -5.64060882e-02 7.57525787e-02 -2.76002754e-03 -1.16410840e-03 -4.42031622e-02 -1.33090317e-02 -3.95988524e-02 -5.24789188e-03 -1.90242473e-02 -2.18605679e-02
8.58083740e-03 3.95811610e-02 2.02652849e-02 6.10385183e-03 -7.51238875e-03 1.22254528e-02 -2.56104060e-02 3.45409140e-02 -1.39475276e-03 -5.22091752e-04 -1.92594565e-02 -5.80573175e-03 -1.72710288e-02 -2.26372178e-03 -8.31335597e-03 -9.53848101e-03
1.51244178e-01 -3.77255201e-01 -2.50806898e-01 -1.00651756e-01 9.96570215e-02 -1.85315475e-01 3.68861496e-01 -4.96804506e-01 1.65294148e-02 7.61030940e-03 2.96983629e-01 8.92429128e-02 2.65736312e-01 3.54194865e-02 1.27590299e-01 1.46716461e-01
-1.25735253e-03 -3.21067333e-01 -1.78893134e-01 -6.21166676e-02 6.93533644e-02 -1.20569117e-01 2.42235139e-01 -3.25400740e-01 1.11522991e-02 4.94998507e-03 1.92005426e-01 5.77165559e-02 1.71835765e-01 2.28855722e-02 8.25059488e-02 9.48651880e-02
1.06576253e-02 1.13931403e-01 6.33266643e-02 2.18778607e-02 -2.35401746e-02 4.11278866e-02 -8.32944885e-02 1.10946760e-01 -3.77805950e-03 -1.68928097e-03 -6.57200366e-02 -1.97535474e-02 -5.88132925e-02 -7.83704501e-03 -2.82383338e-02 -3.24705169e-02
-9.42574441e-02 1.71875402e-01 1.20954297e-01 4.94070165e-02 -4.80034240e-02 9.06708464e-02 -1.79700345e-01 2.42944494e-01 -8.06269515e-03 -3.72643443e-03 -1.45452604e-01 -4.37079035e-02 -1.30147785e-01 -1.73472110e-02 -6.24890104e-02 -7.18563348e-02
-2.00409703e-02 1.02469079e-01 6.26574084e-02 2.39271000e-02 -2.44968273e-02 4.45870496e-02 -8.91510472e-02 1.19714200e-01 -4.03843867e-03 -1.83382910e-03 -7.12546706e-02 -2.14165077e-02 -6.37659058e-02 -8.49471521e-03 -3.06171682e-02 -3.52045968e-02
-7.86664989e-03 -2.74989679e-02 -1.75597146e-02 -6.36925083e-03 6.52446691e-03 -1.19605530e-02 2.38682125e-02 -3.22092809e-02 1.07441994e-03 4.91267128e-04 1.91498362e-02 5.75476559e-03 1.71354488e-02 2.28379341e-03 8.22736509e-03 9.46058985e-03
-6.09113090e-02 9.10185128e-02 6.70111626e-02 2.85671949e-02 -2.73595434e-02 5.16864508e-02 -1.02261662e-01 1.37926534e-01 -4.58444702e-03 -2.12166272e-03 -8.30359608e-02 -2.49509141e-02 -7.42965043e-02 -9.90455132e-03 -3.56727019e-02 -4.10207286e-02
-3.33982222e-02 7.83877745e-02 5.26974648e-02 2.14815196e-02 -2.09735315e-02 3.94227542e-02 -7.83808157e-02 1.05667688e-01 -3.50437360e-03 -1.61872059e-03 -6.32011741e-02 -1.89912170e-02 -5.65504320e-02 -7.53794843e-03 -2.71520447e-02 -3.12224273e-02
-2.21377984e-03 4.94767502e-02 2.91957892e-02 1.08474502e-02 -1.11946203e-02 2.03207992e-02 -4.06155884e-02 5.44711798e-02 -1.82919274e-03 -8.33995698e-04 -3.25035788e-02 -9.76763200e-03 -2.90843174e-02 -3.87635804e-03 -1.39644668e-02 -1.60576738e-02
-6.92803459e-03 3.30022462e-02 2.14074906e-02 8.18425231e-03 -8.33587255e-03 1.52353914e-02 -3.04262377e-02 4.09340858e-02 -1.37678988e-03 -6.26692083e-04 -2.43837330e-02 -7.32863881e-03 -2.18206923e-02 -2.90712924e-03 -1.04772178e-02 -1.20471399e-02
-2.11852975e-02 -6.10860735e-02 -3.32004204e-02 -1.02721527e-02 1.29061062e-02 -2.05378067e-02 4.27641906e-02 -5.64364567e-02 2.06010533e-03 8.54257960e-04 3.25753652e-02 9.80272703e-03 2.91693769e-02 3.87344672e-03 1.40103558e-02 1.61025729e-02
1.98092163e-02 -5.81281353e-03 -7.80298095e-03 -4.41369787e-03 3.26884422e-03 -7.41041638e-03 1.43259633e-02 -1.96501985e-02 6.09214301e-04 3.02667991e-04 1.21109560e-02 3.63496458e-03 1.08294375e-02 1.44672324e-03 5.19919069e-03 5.98007813e-03
1.47142336e-02 -1.50854722e-01 -9.30054188e-02 -3.46323811e-02 3.55200805e-02 -6.46782294e-02 1.29000500e-01 -1.73622295e-01 5.81096765e-03 2.65499065e-03 1.03488617e-01 3.10993791e-02 9.26023200e-02 1.23420004e-02 4.44617830e-02 5.11264019e-02
7.66910054e-03 7.04495758e-02 3.91402841e-02 1.30203823e-02 -1.48846833e-02 2.53569689e-02 -5.16941845e-02 7.01552927e-02 -2.70799315e-03 -1.05903216e-03 -4.02208716e-02 -1.21175991e-02 -3.60444561e-02 -4.74107452e-03 -1.73254889e-02 -1.99033767e-02
-2.67462246e-03 -6.33775890e-02 -3.74113135e-02 -1.30799124e-02 1.43595571e-02 -2.49242708e-02 5.04328199e-02 -6.76390678e-02 2.37206882e-03 1.02923589e-03 3.95877026e-02 1.19044604e-02 3.54385935e-02 4.71443357e-03 1.70180295e-02 1.95643324e-02
-5.03013991e-02 -1.28890378e-02 1.88378477e-03 3.96879390e-03 -1.17660454e-03 5.54743456e-03 -8.94583482e-03 1.34963235e-02 -1.85698125e-04 -1.80534524e-04 -9.47882794e-03 -2.82426877e-03 -8.43370985e-03 -1.15574733e-03 -4.02959576e-03 -4.65691602e-03
-5.98153621e-02 9.33596119e-02 6.62414581e-02 2.71272603e-02 -2.62593199e-02 4.94734421e-02 -9.84187275e-02 1.32633641e-01 -4.40469244e-03 -2.03212281e-03 -7.93775320e-02 -2.38523260e-02 -7.10251480e-02 -9.46715381e-03 -3.41018923e-02 -3.92140411e-02
5.36075160e-02 -2.38929287e-01 -1.45461380e-01 -5.56509197e-02 5.70489578e-02 -1.04350463e-01 2.07813755e-01 -2.79378116e-01 9.34751239e-03 4.28047450e-03 1.66751087e-01 5.01109622e-02 1.49210274e-01 1.98862646e-02 7.16416240e-02 8.23801532e-02
-5.59735075e-02 2.27473021e-01 1.39985278e-01 5.41351959e-02 -5.41333035e-02 9.99206752e-02 -1.99086741e-01 2.67966360e-01 -8.91722832e-03 -4.10231203e-03 -1.60050511e-01 -4.80951481e-02 -1.43211171e-01 -1.90882590e-02 -6.87611774e-02 -7.90686235e-02
-3.60335447e-02 9.94328037e-02 6.42707273e-02 2.54881233e-02 -2.53226962e-02 4.69802357e-02 -9.35421959e-02 1.25956506e-01 -4.19227919e-03 -1.92899304e-03 -7.52677545e-02 -2.26179101e-02 -6.73485845e-02 -8.97673052e-03 -3.23366374e-02 -3.71839888e-02
6.39871694e-03 -9.42825750e-02 -5.50277978e-02 -1.88341346e-02 2.13291049e-02 -3.65334116e-02 7.42539987e-02 -9.87699553e-02 3.68007296e-03 1.52719894e-03 5.78729697e-02 1.74273122e-02 5.18536009e-02 6.86875079e-03 2.49143206e-02 2.86247693e-02
-1.60539150e-03 5.21622673e-02 3.05031594e-02 1.08580338e-02 -1.15065547e-02 2.06312127e-02 -4.14686613e-02 5.55952303e-02 -1.92094850e-03 -8.48275784e-04 -3.28554809e-02 -9.87744145e-03 -2.94065922e-02 -3.91583284e-03 -1.41196596e-02 -1.62344687e-02
8.86343885e-03 1.52989551e-02 6.61463384e-03 1.32381916e-03 -2.31451425e-03 3.06449062e-03 -6.53157989e-03 8.56664684e-03 -3.49924900e-04 -1.29699867e-04 -4.73260507e-03 -1.42813951e-03 -4.24509775e-03 -5.60674875e-04 -2.03900109e-03 -2.34218850e-03
-2.48789489e-02 1.28274918e-01 8.02489072e-02 3.11544389e-02 -3.17737423e-02 5.80550134e-02 -1.15859963e-01 1.55855641e-01 -5.21453796e-03 -2.38419347e-03 -9.28972811e-02 -2.79174298e-02 -8.31257626e-02 -1.10782748e-02 -3.99120972e-02 -4.58943881e-02
5.19521162e-03 8.43180865e-02 4.88991737e-02 1.62850935e-02 -1.85798705e-02 3.17552835e-02 -6.45090640e-02 8.73564482e-02 -3.18393111e-03 -1.32804376e-03 -5.01918606e-02 -1.51194241e-02 -4.49764542e-02 -5.95726445e-03 -2.16106176e-02 -2.48311087e-02
1.10697839e-02 2.17345916e-03 -1.16549572e-03 -1.27418980e-03 6.51945709e-04 -1.85386883e-03 3.43139004e-03 -4.77490807e-03 1.20934899e-04 7.37500377e-05 3.07046063e-03 9.19361890e-04 2.74189911e-03 3.68357403e-04 1.31610164e-03 1.51473680e-03
6.35017594e-03 -3.94557901e-02 -2.42148917e-02 -9.16370656e-03 9.48700309e-03 -1.71127934e-02 3.42504717e-02 -4.59996834e-02 1.55216514e-03 7.03834405e-04 2.73776669e-02 8.22841004e-03 2.44995430e-02 3.26429028e-03 1.17633427e-02 1.35261109e-02
6.04923815e-04 -1.74151361e-01 -9.75113139e-02 -3.40052582e-02 3.61818708e-02 -6.39539883e-02 1.28760934e-01 -1.72163233e-01 5.87129779e-03 2.62254965e-03 1.02039285e-01 3.06691248e-02 9.13146287e-02 1.21681252e-02 4.38432842e-02 5.04142530e-02
8.62371475e-02 -2.49246895e-01 -1.61600530e-01 -6.40352890e-02 6.36996776e-02 -1.18081287e-01 2.35109091e-01 -3.16553295e-01 1.05367359e-02 4.84791398e-03 1.89151809e-01 5.68401553e-02 1.69250712e-01 2.25589797e-02 8.12637433e-02 9.34453830e-02
-9.51236207e-03 5.83227053e-02 3.59122381e-02 1.30802207e-02 -1.38210934e-02 2.46178638e-02 -4.94875982e-02 6.62778318e-02 -2.27581710e-03 -1.01435499e-03 -3.92697528e-02 -1.18060708e-02 -3.51477154e-02 -4.67970548e-03 -1.68767627e-02 -1.94041040e-02
-1.28818564e-02 1.70559555e-01 1.00695848e-01 3.65705937e-02 -3.83170955e-02 6.84622079e-02 -1.37438565e-01 1.83989272e-01 -6.30219188e-03 -2.81383749e-03 -1.09098308e-01 -3.27964611e-02 -9.76424217e-02 -1.30069461e-02 -4.68802080e-02 -5.39055690e-02
-1.82546582e-02 1.34717256e-01 8.18735808e-02 3.03325523e-02 -3.14686224e-02 5.67534380e-02 -1.13769971e-01 1.52695939e-01 -5.20789018e-03 -2.33474723e-03 -9.05943960e-02 -2.72350740e-02 -8.10821652e-02 -1.07959118e-02 -3.89326289e-02 -4.47633825e-02
-1.77989155e-02 -2.78634459e-01 -1.54593870e-01 -5.46982288e-02 5.89247122e-02 -1.04049020e-01 2.10420489e-01 -2.81076282e-01 9.49543621e-03 4.27737134e-03 1.65975556e-01 4.98904623e-02 1.48538038e-01 1.97882596e-02 7.13186562e-02 8.20051655e-02
-2.13675015e-02 5.95480055e-02 3.94754037e-02 1.57611538e-02 -1.55713297e-02 2.90052313e-02 -5.77085838e-02 7.77536184e-02 -2.58277310e-03 -1.19087368e-03 -4.64912057e-02 -1.39701506e-02 -4.15989608e-02 -5.54500567e-03 -1.99731998e-02 -2.29674224e-02
1.83161348e-02 -6.67017400e-02 -4.47304361e-02 -1.77952833e-02 1.74551588e-02 -3.27602886e-02 6.50939345e-02 -8.77267346e-02 2.90368334e-03 1.34498824e-03 5.25501594e-02 1.57898106e-02 4.70181555e-02 6.26839232e-03 2.25750729e-02 2.59598531e-02
1.17510408e-02 1.39485151e-02 6.91053364e-03 1.52547599e-03 -2.06881296e-03 3.22144572e-03 -6.72312733e-03 8.77673458e-03 -3.06873291e-04 -1.32917688e-04 -5.08282287e-03 -1.52867113e-03 -4.55043232e-03 -6.05719455e-04 -2.18482572e-03 -2.51192716e-03
-1.49342772e-02 1.47455424e-01 8.47408548e-02 3.15984003e-02 -3.24607007e-02 5.94105832e-02 -1.18569873e-01 1.59201726e-01 -5.34766773e-03 -2.43782112e-03 -9.48819667e-02 -2.85179894e-02 -8.49090815e-02 -1.13139926e-02 -4.07676622e-02 -4.68777828e-02
-1.03315543e-02 2.46539004e-02 1.72277186e-02 7.11222040e-03 -6.70155091e-03 1.29200220e-02 -2.54758857e-02 3.44707556e-02 -1.09808706e-03 -5.26737713e-04 -2.08057836e-02 -6.24612160e-03 -1.86058693e-02 -2.48709437e-03 -8.93077534e-03 -1.02730626e-02
9.26633831e-04 1.70378145e-02 9.35799815e-03 3.05172917e-03 -3.65163735e-03 5.95581625e-03 -1.23869833e-02 1.62782706e-02 -6.19538885e-04 -2.51847436e-04 -9.40165296e-03 -2.83507002e-03 -8.42969399e-03 -1.11278356e-03 -4.05109441e-03 -4.65309434e-03
-5.04310802e-03 -3.77085544e-02 -2.25809887e-02 -6.91206846e-03 7.72381993e-03 -1.33278882e-02 2.69874465e-02 -3.59741263e-02 1.29265687e-03 5.52498910e-04 2.11788788e-02 6.37212442e-03 1.89649537e-02 2.52027600e-03 9.10774991e-03 1.04684150e-02
1.30105959e-02 -7.78153986e-02 -4.73504290e-02 -1.80601589e-02 1.85324121e-02 -3.36241573e-02 6.70759231e-02 -9.01730061e-02 3.02760233e-03 1.38160319e-03 5.38068712e-02 1.61703229e-02 4.81478870e-02 6.41650334e-03 2.31176745e-02 2.65826043e-02
-6.85926899e-02 1.13976091e-01 7.43508264e-02 2.99916491e-02 -2.97040530e-02 5.51212803e-02 -1.09733395e-01 1.47748560e-01 -4.92008962e-03 -2.26262864e-03 -8.82779807e-02 -2.65277140e-02 -7.89902881e-02 -1.05281472e-02 -3.79263274e-02 -4.36114632e-02
5.07910177e-03 -2.08648294e-01 -1.21334039e-01 -4.45864759e-02 4.73261289e-02 -8.35432112e-02 1.67860866e-01 -2.24743828e-01 7.51199760e-03 3.42503260e-03 1.33424968e-01 4.00966816e-02 1.19391091e-01 1.59120597e-02 5.73240370e-02 6.59165159e-02
9.19907540e-03 3.11055928e-02 1.65147204e-02 4.82977275e-03 -6.11623097e-03 9.61669814e-03 -1.99891385e-02 2.62158755e-02 -1.07673043e-03 -4.05530154e-04 -1.51280621e-02 -4.56378749e-03 -1.35671105e-02 -1.78865052e-03 -6.52092509e-03 -7.48818275e-03
-2.01538112e-02 -4.27477993e-04 3.65073024e-03 3.06211668e-03 -1.58940081e-03 4.71937051e-03 -8.79334472e-03 1.19435256e-02 -2.14900429e-04 -1.81524214e-04 -7.81678129e-03 -2.33131298e-03 -6.96480367e-03 -9.49492271e-04 -3.33588501e-03 -3.84745933e-03
-1.05320532e-02 1.18104264e-01 7.03812093e-02 2.60293745e-02 -2.72526797e-02 4.91787009e-02 -9.82865915e-02 1.32130459e-01 -4.46838187e-03 -2.02340889e-03 -7.84891769e-02 -2.35938746e-02 -7.02450499e-02 -9.35529545e-03 -3.37287337e-02 -3.87813412e-02
1.58454403e-02 -1.40031740e-01 -8.51792842e-02 -3.17102708e-02 3.25935781e-02 -5.88734560e-02 1.17534898e-01 -1.58042088e-01 5.28077083e-03 2.41644634e-03 9.41873714e-02 2.83046048e-02 8.42799917e-02 1.12326620e-02 4.04659100e-02 4.65315320e-02
2.45143566e-03 2.54217423e-02 1.47199249e-02 4.90264036e-03 -5.44569595e-03 9.45895072e-03 -1.91501547e-02 2.56129820e-02 -9.17405181e-04 -3.92248563e-04 -1.50337564e-02 -4.52301325e-03 -1.34614184e-02 -1.78879220e-03 -6.46452792e-03 -7.43097346e-03
1.32523291e-03 5.21243401e-02 3.12476493e-02 1.10224923e-02 -1.18321637e-02 2.09490005e-02 -4.19861339e-02 5.62645532e-02 -1.93885411e-03 -8.62683111e-04 -3.34180184e-02 -1.00466730e-02 -2.99095754e-02 -3.98237724e-03 -1.43614868e-02 -1.65122431e-02
-3.64549533e-02 -4.79146205e-02 -1.72894187e-02 -4.18877415e-03 6.90221973e-03 -9.70293768e-03 2.07970571e-02 -2.71596313e-02 1.00022065e-03 4.02468548e-04 1.51534965e-02 4.56141261e-03 1.35723166e-02 1.80225330e-03 6.51730364e-03 7.49109266e-03
8.33975896e-03 2.50264704e-02 1.21988282e-02 3.29010678e-03 -4.37644962e-03 6.77571911e-03 -1.42560611e-02 1.85642149e-02 -6.96991163e-04 -2.79785861e-04 -1.06109399e-02 -3.19334911e-03 -9.50273592e-03 -1.26239390e-03 -4.56328830e-03 -5.24510909e-03
-1.13758277e-02 4.55513969e-03 5.18946536e-03 2.83507002e-03 -2.31967447e-03 4.85490961e-03 -9.59489401e-03 1.30931949e-02 -4.07246494e-04 -1.99921415e-04 -7.87926093e-03 -2.36647273e-03 -7.04835029e-03 -9.40367521e-04 -3.38420086e-03 -3.89193045e-03
2.89175846e-03 5.94448075e-02 3.40805985e-02 1.19622089e-02 -1.29784886e-02 2.26789266e-02 -4.56072353e-02 6.11275174e-02 -2.07866379e-03 -9.33534640e-04 -3.61815095e-02 -1.08760791e-02 -3.23808379e-02 -4.31289105e-03 -1.55474814e-02 -1.78766679e-02
9.48852021e-03 -6.55511394e-02 -3.72483581e-02 -1.40113430e-02 1.43676279e-02 -2.61680298e-02 5.23445681e-02 -7.01766312e-02 2.34235218e-03 1.07383775e-03 4.18632217e-02 1.25802970e-02 3.74593027e-02 4.99270298e-03 1.79855693e-02 2.06815843e-02
-3.51504683e-02 7.48163834e-02 4.96109091e-02 1.98976658e-02 -1.96739268e-02 3.66053469e-02 -7.28518739e-02 9.81354490e-02 -3.26360716e-03 -1.50300818e-03 -5.86570501e-02 -1.76262744e-02 -5.24853095e-02 -6.99572125e-03 -2.52002180e-02 -2.89778337e-02
1.41501240e-02 -1.77823409e-01 -1.03217900e-01 -3.64795476e-02 3.97645794e-02 -6.94376454e-02 1.40291229e-01 -1.87822089e-01 6.44773990e-03 2.87235342e-03 1.10611714e-01 3.32711190e-02 9.90389287e-02 1.31657971e-02 4.75647263e-02 5.46758287e-02
-2.43059881e-02 -2.98314020e-02 -1.14556830e-02 -1.09815551e-03 4.71524475e-03 -4.51873802e-03 1.12159867e-02 -1.43412994e-02 8.39852262e-04 2.05822958e-04 6.56218547e-03 2.00420502e-03 5.92686981e-03 7.50265084e-04 2.86126207e-03 3.27017670e-03
1.60019509e-02 4.37494740e-02 2.31527537e-02 7.31359283e-03 -8.38683546e-03 1.42633971e-02 -2.89954152e-02 3.84603590e-02 -1.38389296e-03 -5.90000884e-04 -2.26176996e-02 -6.80607231e-03 -2.02550646e-02 -2.69133993e-03 -9.72670410e-03 -1.11807305e-02
-7.32322689e-03 1.17572201e-02 8.39380920e-03 3.58311366e-03 -3.39884660e-03 6.50806166e-03 -1.28860725e-02 1.74070150e-02 -5.64654183e-04 -2.66468269e-04 -1.04572391e-02 -3.14109959e-03 -9.35487356e-03 -1.24805700e-03 -4.49133618e-03 -5.16516855e-03
-1.71457157e-02 -8.92795324e-02 -4.44495007e-02 -1.34361703e-02 1.65089518e-02 -2.68368945e-02 5.45251220e-02 -7.20220953e-02 2.63756537e-03 1.10233668e-03 4.21793163e-02 1.26918815e-02 3.77700739e-02 5.01802051e-03 1.81395318e-02 2.08502077e-02
-2.80000642e-03 -9.99700874e-02 -5.66794612e-02 -2.01531984e-02 2.13828497e-02 -3.81290317e-02 7.67067820e-02 -1.02631308e-01 3.54705192e-03 1.56923989e-03 6.07875362e-02 1.82772297e-02 5.44090420e-02 7.24377576e-03 2.61248779e-02 3.00370269e-02
8.44636038e-02 -1.37726665e-01 -9.47153419e-02 -3.99148427e-02 3.86335328e-02 -7.29980022e-02 1.44736007e-01 -1.95259288e-01 6.43554796e-03 2.99889920e-03 1.17106989e-01 3.51880901e-02 1.04782186e-01 1.39679937e-02 5.03100716e-02 5.78524619e-02
-1.14633180e-02 7.94802681e-02 4.84633408e-02 1.82250664e-02 -1.84426550e-02 3.37963812e-02 -6.74682707e-02 9.06616673e-02 -3.02691641e-03 -1.38754840e-03 -5.40888868e-02 -1.62545312e-02 -4.83988822e-02 -6.45076809e-03 -2.32381262e-02 -2.67214999e-02
5.34480903e-04 6.33821078e-03 3.72393918e-03 1.31035666e-03 -1.41289691e-03 2.49988819e-03 -5.02971467e-03 6.73395721e-03 -2.30257865e-04 -1.02992883e-04 -3.98922432e-03 -1.19928375e-03 -3.57039878e-03 -4.75438428e-04 -1.71434658e-03 -1.97111676e-03
1.90525800e-02 2.20842808e-02 1.08318105e-02 1.12050562e-03 -3.65421781e-03 4.13120724e-03 -9.96942632e-03 1.34382490e-02 -8.54887126e-04 -2.08443264e-04 -6.03435934e-03 -1.85373554e-03 -5.48115652e-03 -6.68347522e-04 -2.67366227e-03 -3.03007592e-03
-2.09508575e-02 4.50423844e-02 2.55242884e-02 9.19989403e-03 -1.04968455e-02 1.72544457e-02 -3.58189829e-02 4.69790809e-02 -1.83381047e-03 -7.30873668e-04 -2.73190681e-02 -8.25511385e-03 -2.45039798e-02 -3.20590870e-03 -1.18057868e-02 -1.35421790e-02
4.70272005e-02 -1.66828156e-01 -1.05913706e-01 -4.16080952e-02 4.17294763e-02 -7.69955888e-02 1.53381065e-01 -2.06510276e-01 6.89815776e-03 3.16198356e-03 1.23310603e-01 3.70561257e-02 1.10338740e-01 1.47056933e-02 5.29779121e-02 6.09189495e-02
1.57937761e-02 -6.01944700e-02 -3.82959619e-02 -1.49836596e-02 1.51290959e-02 -2.77647860e-02 5.54180034e-02 -7.46989995e-02 2.49273633e-03 1.14114466e-03 4.44267914e-02 1.33518958e-02 3.97555158e-02 5.29734837e-03 1.90883931e-02 2.19490565e-02
1.08381314e-03 -1.94788575e-02 -1.12769650e-02 -4.04349528e-03 4.25302563e-03 -7.62351183e-03 1.52683221e-02 -2.04448830e-02 6.92787347e-04 3.12783377e-04 1.21609159e-02 3.65507044e-03 1.08826002e-02 1.45007612e-03 5.22514153e-03 6.00820826e-03
2.22674403e-02 -1.50342762e-01 -9.41025913e-02 -3.54006663e-02 3.60176861e-02 -6.59636706e-02 1.31650224e-01 -1.77152768e-01 5.95710333e-03 2.71025253e-03 1.05556309e-01 3.17237787e-02 9.44570675e-02 1.25868414e-02 4.53527868e-02 5.21497987e-02
2.91645899e-03 6.02103397e-02 3.52742225e-02 1.10460687e-02 -1.28806951e-02 2.17744410e-02 -4.47968319e-02 5.95301650e-02 -2.30183918e-03 -9.16624558e-04 -3.44371125e-02 -1.03866206e-02 -3.08844484e-02 -4.07296466e-03 -1.48437889e-02 -1.70476157e-02
3.25331427e-02 -1.38778672e-01 -8.71178210e-02 -3.37089971e-02 3.39174010e-02 -6.24842271e-02 1.24620371e-01 -1.67685837e-01 5.59796765e-03 2.56557413e-03 1.00026935e-01 3.00593115e-02 8.95048752e-02 1.19290957e-02 4.29746844e-02 4.94163595e-02
7.93219432e-02 -1.98060587e-01 -1.31886810e-01 -5.28667159e-02 5.22573702e-02 -9.72960293e-02 1.93648875e-01 -2.60864228e-01 8.67577922e-03 3.99553822e-03 1.55920416e-01 4.68538478e-02 1.39515251e-01 1.85957346e-02 6.69866428e-02 7.70281553e-02
-2.24615019e-02 1.00085899e-01 6.19037338e-02 2.41382197e-02 -2.41796095e-02 4.46520969e-02 -8.88722166e-02 1.19610198e-01 -3.98435583e-03 -1.83225784e-03 -7.14723915e-02 -2.14775894e-02 -6.39528334e-02 -8.52406025e-03 -3.07061914e-02 -3.53091136e-02
9.73836053e-03 -7.80712441e-02 -4.82512005e-02 -1.80120766e-02 1.86879598e-02 -3.37498821e-02 6.72853068e-02 -9.05014649e-02 3.05807381e-03 1.38719217e-03 5.39089628e-02 1.62021443e-02 4.82413173e-02 6.42740820e-03 2.31631137e-02 2.66340543e-02
-7.82922655e-03 -1.04710452e-01 -6.03942014e-02 -2.07947548e-02 2.28425153e-02 -4.07840982e-02 8.16638693e-02 -1.09804824e-01 3.72257782e-03 1.67519087e-03 6.51806965e-02 1.95896253e-02 5.83265387e-02 7.77253276e-03 2.80047581e-02 3.22019793e-02
4.70875809e-03 -3.98303419e-02 -2.22093165e-02 -8.04123655e-03 8.57102871e-03 -1.51956920e-02 3.06928717e-02 -4.08435240e-02 1.39911973e-03 6.23462838e-04 2.42759362e-02 7.29560992e-03 2.17232164e-02 2.89490214e-03 1.04300575e-02 1.19932964e-02
-6.17691688e-02 1.80113450e-01 1.15604199e-01 4.56013940e-02 -4.55874205e-02 8.42476785e-02 -1.67785004e-01 2.25870892e-01 -7.52390036e-03 -3.45924124e-03 -1.34958863e-01 -4.05553877e-02 -1.20759971e-01 -1.60955824e-02 -5.79814650e-02 -6.66729659e-02
2.40550190e-02 -8.84642676e-02 -5.66967279e-02 -2.22011581e-02 2.22893599e-02 -4.10997011e-02 8.19274038e-02 -1.10291965e-01 3.67350900e-03 1.68827840e-03 6.58041760e-02 1.97746847e-02 5.88818043e-02 7.84779713e-03 2.82713659e-02 3.25091556e-02
-1.53444596e-02 1.15527950e-01 6.94200024e-02 2.53046118e-02 -2.62219533e-02 4.74502221e-02 -9.50660482e-02 1.27436027e-01 -4.29857709e-03 -1.94787828e-03 -7.57530704e-02 -2.27675196e-02 -6.77890927e-02 -9.03271418e-03 -3.25481668e-02 -3.74259539e-02
1.47450417e-02 -1.19516492e-01 -7.22679496e-02 -2.62366086e-02 2.78015845e-02 -4.94404212e-02 9.90487859e-02 -1.32785335e-01 4.55310661e-03 2.03649607e-03 7.89575800e-02 2.37357654e-02 7.06657916e-02 9.41003859e-03 3.39313447e-02 3.90131958e-02
5.76695912e-02 -1.76064000e-01 -1.14697412e-01 -4.54409905e-02 4.51572537e-02 -8.37756097e-02 1.66785300e-01 -2.24630967e-01 7.47543061e-03 3.43972235e-03 1.34211957e-01 4.03306708e-02 1.20091163e-01 1.60066281e-02 5.76603785e-02 6.63038194e-02
-4.32857163e-02 -5.43778576e-02 -1.77008994e-02 -9.38331243e-04 5.99420443e-03 -6.61041075e-03 1.46832326e-02 -1.82210952e-02 8.37352592e-04 2.80152337e-04 9.73013416e-03 2.93593085e-03 8.72539636e-03 1.15119573e-03 4.19178233e-03 4.81412560e-03
8.92093778e-03 -1.54622927e-01 -8.23591352e-02 -2.95228530e-02 3.14706638e-02 -5.62714264e-02 1.13432929e-01 -1.50983036e-01 5.17365243e-03 2.31286301e-03 8.97014737e-02 2.69635115e-02 8.02770257e-02 1.06943473e-02 3.85445207e-02 4.43198457e-02
1.29674580e-02 2.76753167e-03 1.03274535e-04 -4.02929785e-04 2.17562731e-04 -6.04714965e-04 1.17252197e-03 -1.62395695e-03 5.24286406e-05 2.52286318e-05 9.94617934e-04 2.98794243e-04 8.89845134e-04 1.18648335e-04 4.27261781e-04 4.91326326e-04
3.08054611e-02 -3.89673948e-01 -2.31862903e-01 -8.55706930e-02 9.10366178e-02 -1.60852477e-01 3.22154105e-01 -4.32359248e-01 1.45284925e-02 6.59572380e-03 2.56484956e-01 7.70841464e-02 2.29519188e-01 3.05839777e-02 1.10201284e-01 1.26716793e-01
-7.73674576e-03 4.02831100e-02 2.52051707e-02 9.46523529e-03 -9.98016447e-03 1.77748632e-02 -3.57840061e-02 4.81412187e-02 -1.68954569e-03 -7.38002243e-04 -2.83658039e-02 -8.53386521e-03 -2.54015177e-02 -3.37134744e-03 -1.22009087e-02 -1.40232109e-02
-1.77423023e-02 2.81977132e-02 2.06232592e-02 8.76556709e-03 -8.26799311e-03 1.58277769e-02 -3.13444361e-02 4.22805324e-02 -1.39486021e-03 -6.49846217e-04 -2.54407562e-02 -7.64351711e-03 -2.27618143e-02 -3.03480797e-03 -1.09287770e-02 -1.25674708e-02
-1.31081985e-02 8.01819842e-04 2.60860682e-03 2.14338186e-03 -1.34816905e-03 3.39413155e-03 -6.33787923e-03 8.77412595e-03 -2.23104929e-04 -1.35657785e-04 -5.54118399e-03 -1.65985781e-03 -4.94885165e-03 -6.64628926e-04 -2.37496081e-03 -2.73352326e-03
-8.76069814e-03 -3.75252287e-03 -1.54506764e-04 6.10799761e-04 -1.15999428e-04 7.86281016e-04 -1.41121261e-03 2.05185707e-03 -3.85899148e-05 -3.15386060e-05 -1.34522235e-03 -4.02297039e-04 -1.20048772e-03 -1.61507749e-04 -5.76250255e-04 -6.63348357e-04
-2.66572293e-02 1.83495119e-01 1.12545922e-01 4.24715206e-02 -4.31854092e-02 7.91189969e-02 -1.57729372e-01 2.12364450e-01 -7.09410897e-03 -3.24815302e-03 -1.26612782e-01 -3.80485058e-02 -1.13293916e-01 -1.50997089e-02 -5.43966517e-02 -6.25504479e-02
-1.18127326e-02 -9.48005356e-03 -2.01072777e-03 8.80347448e-04 6.71051792e-04 5.06967364e-04 -1.81568903e-04 8.49326840e-04 9.93984286e-05 -1.04818228e-05 -1.16358360e-03 -3.35788645e-04 -1.01625326e-03 -1.50742198e-04 -4.83649346e-04 -5.63315407e-04
-9.67521593e-03 -5.52350208e-02 -3.18455398e-02 -1.07108802e-02 1.16965510e-02 -2.06132624e-02 4.14141454e-02 -5.55879287e-02 1.94146461e-03 8.51425226e-04 3.28372307e-02 9.87457577e-03 2.93938331e-02 3.91166518e-03 1.41144199e-02 1.62271578e-02
4.59686816e-02 -1.29386246e-01 -8.27591568e-02 -3.26555185e-02 3.27143185e-02 -6.03155605e-02 1.20154738e-01 -1.61784723e-01 5.39344922e-03 2.47613899e-03 9.65598747e-02 2.90170256e-02 8.64018798e-02 1.15157412e-02 4.14848514e-02 4.77032885e-02
-8.48530158e-02 1.28377110e-01 9.25293639e-02 4.09233607e-02 -3.80251147e-02 7.39943683e-02 -1.46544918e-01 1.98118791e-01 -6.50455337e-03 -3.03902244e-03 -1.18794747e-01 -3.56936119e-02 -1.06289469e-01 -1.41696204e-02 -5.10338210e-02 -5.86851500e-02
-6.05266765e-02 1.39534935e-01 9.36498195e-02 3.79101932e-02 -3.72688025e-02 6.96009994e-02 -1.38345078e-01 1.86463892e-01 -6.18843082e-03 -2.85791676e-03 -1.11551888e-01 -3.35204937e-02 -9.98140275e-02 -1.33044738e-02 -4.79245819e-02 -5.51088043e-02
-5.13150916e-03 4.76828916e-03 5.91840316e-03 2.74244463e-03 -2.18313141e-03 4.75660013e-03 -9.30311065e-03 1.26509555e-02 -4.06336680e-04 -1.94304244e-04 -7.72703346e-03 -2.32024048e-03 -6.91151386e-03 -9.22444102e-04 -3.31828580e-03 -3.81631241e-03
