-2.74268053e-02 -1.04906470e-01 -7.06430897e-02 -1.01800933e-01 6.50221016e-03 2.49297190e-02 6.77397922e-02 -1.86169371e-01 1.67438202e-02 3.76628228e-02 1.13216951e-01 3.28713469e-02 7.02822655e-02 -7.21435063e-03 -3.69069818e-03 4.75386977e-02
-2.08240449e-02 -9.37595442e-02 -6.00676201e-02 -8.50620270e-02 5.68785751e-03 2.07538158e-02 5.70067391e-02 -1.57252908e-01 1.39748622e-02 3.17783952e-02 9.56617072e-02 2.77750921e-02 5.93658201e-02 -6.09292509e-03 -3.11815436e-03 4.01541442e-02
1.31768910e-02 9.55680162e-02 5.93557619e-02 8.36663619e-02 -5.60880220e-03 -2.03565285e-02 -5.59064075e-02 1.54280171e-01 -1.36862081e-02 -3.11645176e-02 -9.38592926e-02 -2.72516105e-02 -5.82435988e-02 5.97751746e-03 3.05941585e-03 -3.93949039e-02
2.14529298e-02 7.53553882e-02 5.20962887e-02 7.56748468e-02 -4.73665819e-03 -1.85583048e-02 -5.00811823e-02 1.37590274e-01 -1.22840069e-02 -2.78427955e-02 -8.36721882e-02 -2.42968034e-02 -5.19433208e-02 5.33180265e-03 2.72777933e-03 -3.51342224e-02
7.85743073e-02 4.12756413e-01 2.72824824e-01 3.90133142e-01 -2.35803444e-02 -9.80854258e-02 -2.57190913e-01 7.06268787e-01 -6.35436848e-02 -1.43379733e-01 -4.29509461e-01 -1.24680728e-01 -2.66630441e-01 2.73775496e-02 1.39943222e-02 -1.80353150e-01
-1.45141855e-02 -4.85326573e-02 -3.63848060e-02 -5.40721864e-02 2.81737954e-03 1.41250882e-02 3.53253372e-02 -9.48952064e-02 9.13685374e-03 1.95182785e-02 5.74803613e-02 1.66711751e-02 3.58191393e-02 -3.69099481e-03 -1.86718313e-03 2.42395159e-02
2.11339481e-02 1.34315938e-02 2.02689078e-02 3.47796306e-02 -1.53481774e-03 -9.29267518e-03 -2.24555340e-02 6.09548166e-02 -5.73444832e-03 -1.25000700e-02 -3.69697139e-02 -1.07381418e-02 -2.30105948e-02 2.36551324e-03 1.20451988e-03 -1.55668557e-02
1.51715912e-02 7.22653270e-02 4.87824529e-02 7.07344711e-02 -4.32932563e-03 -1.73872691e-02 -4.65930365e-02 1.27783507e-01 -1.15677984e-02 -2.59340033e-02 -7.76599124e-02 -2.25459114e-02 -4.82389666e-02 4.95421374e-03 2.53062299e-03 -3.26307751e-02
-2.94429995e-02 -8.98004025e-02 -6.81881458e-02 -9.99195054e-02 6.22666441e-03 2.49066669e-02 6.58267736e-02 -1.80435985e-01 1.65600479e-02 3.67287025e-02 1.09523110e-01 3.18113826e-02 6.81127459e-02 -6.99934084e-03 -3.57015338e-03 4.60774526e-02
-5.89079363e-03 4.21050861e-02 2.17341818e-02 2.75198352e-02 -1.99203123e-03 -6.62968541e-03 -1.85139719e-02 5.13181649e-02 -4.51823650e-03 -1.03522055e-02 -3.12182605e-02 -9.06440709e-03 -1.93678048e-02 1.98745192e-03 1.01756572e-03 -1.30998064e-02
-1.91852599e-02 -7.15221539e-02 -4.99408282e-02 -7.18491897e-02 4.52166609e-03 1.76461451e-02 4.77540158e-02 -1.31345019e-01 1.17223728e-02 2.65808292e-02 7.98786655e-02 2.31932346e-02 4.95857969e-02 -5.08993585e-03 -2.60383962e-03 3.35397497e-02
-2.00944021e-02 -5.08522466e-02 -3.84266898e-02 -5.73500320e-02 3.20639787e-03 1.42211523e-02 3.77909802e-02 -1.02647997e-01 9.51184984e-03 2.09080465e-02 6.22934140e-02 1.80712696e-02 3.87483761e-02 -3.98575282e-03 -2.02631694e-03 2.62160134e-02
1.27366669e-02 -1.83612481e-03 4.84824646e-03 1.03954375e-02 -3.71373841e-04 -2.73760012e-03 -6.70260610e-03 1.79733075e-02 -1.75216992e-03 -3.70674348e-03 -1.08800959e-02 -3.15575371e-03 -6.78453082e-03 6.98757183e-04 3.54145042e-04 -4.59090993e-03
2.05441527e-02 4.47205007e-02 3.69275883e-02 5.60294613e-02 -2.88270367e-03 -1.42872790e-02 -3.69190015e-02 9.98990536e-02 -9.49195679e-03 -2.03363989e-02 -6.06682338e-02 -1.76011585e-02 -3.77144180e-02 3.87700973e-03 1.97501434e-03 -2.55144648e-02
3.16283032e-02 -1.59493878e-01 -9.20901224e-02 -1.16007932e-01 7.43175857e-03 2.84601580e-02 7.68912658e-02 -2.10952908e-01 1.90596823e-02 4.26494777e-02 1.28307998e-01 3.72509323e-02 7.96377212e-02 -8.17414839e-03 -4.18243697e-03 5.38663417e-02
8.29919428e-02 8.09461474e-01 4.83103931e-01 6.74329937e-01 -4.62915078e-02 -1.64156541e-01 -4.53577995e-01 1.25378585e+00 -1.10884286e-01 -2.53137112e-01 -7.62823403e-01 -2.21485615e-01 -4.73326057e-01 4.85756658e-02 2.48639062e-02 -3.20147932e-01
4.10317630e-03 9.24584568e-02 5.50256073e-02 7.70489648e-02 -4.97892080e-03 -1.88420005e-02 -5.11585176e-02 1.40640587e-01 -1.25319911e-02 -2.84386985e-02 -8.55411813e-02 -2.48362105e-02 -5.30928895e-02 5.44955628e-03 2.78832857e-03 -3.59116048e-02
-7.43779587e-03 3.63562722e-03 -5.07366797e-03 -9.42676049e-03 1.36490853e-04 2.39750114e-03 5.58770495e-03 -1.46068810e-02 1.52557367e-03 3.02288076e-03 8.84531252e-03 2.56722490e-03 5.51538495e-03 -5.68104617e-04 -2.88112147e-04 3.73199023e-03
1.39325000e-02 2.08128821e-02 1.97620876e-02 3.06758080e-02 -1.54187263e-03 -7.77090201e-03 -2.00421624e-02 5.38190231e-02 -5.05878218e-03 -1.10004190e-02 -3.26577201e-02 -9.48175974e-03 -2.03184299e-02 2.08865316e-03 1.06437621e-03 -1.37457578e-02
9.83255431e-02 -6.54652789e-02 1.28724556e-02 2.84165647e-02 2.53172009e-03 -1.15718599e-02 -1.37437880e-02 3.30070555e-02 -3.44332214e-03 -7.34018767e-03 -1.96649861e-02 -5.73180383e-03 -1.24652637e-02 1.28741423e-03 6.48971414e-04 -8.43673665e-03
1.42966826e-02 8.56289417e-02 5.42387143e-02 7.64994174e-02 -5.10701211e-03 -1.86700635e-02 -5.12015671e-02 1.41242906e-01 -1.25241531e-02 -2.85292529e-02 -8.59284699e-02 -2.49490067e-02 -5.33220135e-02 5.47237368e-03 2.80092773e-03 -3.60660069e-02
3.82485241e-02 -3.55531909e-02 2.40722019e-03 1.05509702e-02 -3.43552092e-05 -2.58884742e-03 -5.68694202e-03 1.46783069e-02 -1.41190807e-03 -3.01034492e-03 -8.90060794e-03 -2.58390396e-03 -5.54228434e-03 5.69804048e-04 2.90379423e-04 -3.74947395e-03
1.65831707e-02 7.40854219e-02 5.09557836e-02 7.31779635e-02 -4.57095914e-03 -1.79935880e-02 -4.86029349e-02 1.33104473e-01 -1.19981812e-02 -2.69890595e-02 -8.09089243e-02 -2.34885961e-02 -5.02489097e-02 5.16061112e-03 2.63634487e-03 -3.39900702e-02
-8.93336721e-03 1.57184266e-02 8.12342111e-03 1.12321833e-02 -6.83991762e-04 -2.69568921e-03 -7.17608724e-03 1.97462384e-02 -1.76777900e-03 -3.99858318e-03 -1.20067736e-02 -3.48620419e-03 -7.45451823e-03 7.65251520e-04 3.91457696e-04 -5.04217623e-03
7.29243644e-03 2.58818567e-02 1.77170336e-02 2.57544015e-02 -1.56483403e-03 -6.33524405e-03 -1.69465560e-02 4.64895368e-02 -4.17971751e-03 -9.41918511e-03 -2.82628685e-02 -8.20637029e-03 -1.75508037e-02 1.80197775e-03 9.21258470e-04 -1.18716517e-02
1.31601855e-01 8.31011534e-01 5.22840261e-01 7.36773968e-01 -4.94437665e-02 -1.79669797e-01 -4.93819267e-01 1.36279881e+00 -1.20778337e-01 -2.75246084e-01 -8.29106212e-01 -2.40725309e-01 -5.14482856e-01 5.28006591e-02 2.70250980e-02 -3.47986460e-01
-1.11455210e-02 -4.10691313e-02 -2.72609498e-02 -3.88710834e-02 2.04326399e-03 9.73240845e-03 2.49924120e-02 -6.80433437e-02 6.29737927e-03 1.38702746e-02 4.12864722e-02 1.19954273e-02 2.56860238e-02 -2.63926084e-03 -1.34614389e-03 1.73761789e-02
-9.39439982e-03 -5.58395609e-02 -3.67536582e-02 -5.20055331e-02 3.45034525e-03 1.27493022e-02 3.46983373e-02 -9.57407206e-02 8.50367174e-03 1.93469264e-02 5.82399815e-02 1.69105846e-02 3.61437984e-02 -3.70949367e-03 -1.89850526e-03 2.44470704e-02
4.93792258e-02 5.64700924e-02 5.97933270e-02 9.56845284e-02 -4.72330535e-03 -2.44576875e-02 -6.23117983e-02 1.66827142e-01 -1.59494244e-02 -3.41120549e-02 -1.00835674e-01 -2.91993227e-02 -6.29725084e-02 6.49018539e-03 3.28350626e-03 -4.26143445e-02
-1.47121167e-02 -6.36463538e-02 -4.26365063e-02 -6.17955253e-02 3.94120393e-03 1.51225664e-02 4.10626903e-02 -1.13070935e-01 1.01144286e-02 2.28833556e-02 6.87623918e-02 1.99643653e-02 4.26866896e-02 -4.38199285e-03 -2.24129017e-03 2.88733412e-02
-2.25253645e-02 -1.12435296e-01 -7.60660395e-02 -1.08235389e-01 6.94974465e-03 2.65695732e-02 7.20887855e-02 -1.98089212e-01 1.78171154e-02 4.01087068e-02 1.20483845e-01 3.49782668e-02 7.47836158e-02 -7.67871179e-03 -3.92492209e-03 5.05842976e-02
1.02537602e-01 1.34627044e-01 1.23000450e-01 1.93257838e-01 -1.08975666e-02 -5.14602177e-02 -1.28342584e-01 3.47647280e-01 -3.22156847e-02 -7.11051077e-02 -2.10620537e-01 -6.11766391e-02 -1.31250739e-01 1.34900445e-02 6.88122213e-03 -8.87950286e-02
-7.36067723e-03 -9.03182179e-02 -5.37460595e-02 -7.53616169e-02 4.91932733e-03 1.82585344e-02 4.98930886e-02 -1.37581393e-01 1.22223012e-02 2.77950000e-02 8.36999416e-02 2.43010912e-02 5.19393384e-02 -5.33060404e-03 -2.72820331e-03 3.51309031e-02
-2.45975773e-03 -3.16997729e-02 -1.90908872e-02 -2.69382074e-02 1.90147501e-03 6.57723518e-03 1.81585234e-02 -5.02919294e-02 4.43946011e-03 1.01535702e-02 3.06018554e-02 8.88423529e-03 1.89860035e-02 -1.94845872e-03 -9.97338444e-04 1.28417313e-02
3.47193927e-02 4.94904846e-01 2.94880092e-01 4.10367489e-01 -2.81315073e-02 -9.99187306e-02 -2.75714844e-01 7.61656761e-01 -6.74128011e-02 -1.53801158e-01 -4.63391364e-01 -1.34541065e-01 -2.87534118e-01 2.95088440e-02 1.51040321e-02 -1.94482282e-01
-1.51589569e-02 -3.79439369e-02 -2.93187797e-02 -4.25245799e-02 2.65772315e-03 1.05557162e-02 2.82656197e-02 -7.76145011e-02 6.95460103e-03 1.57199297e-02 4.71973009e-02 1.37034710e-02 2.93011777e-02 -3.00800311e-03 -1.53845118e-03 1.98194627e-02
-3.29087749e-02 -5.71583509e-02 -5.00089079e-02 -7.65225440e-02 3.89413093e-03 1.95851717e-02 4.95472923e-02 -1.33574024e-01 1.26914652e-02 2.73447726e-02 8.10098276e-02 2.35206094e-02 5.04412539e-02 -5.18809585e-03 -2.63900449e-03 3.41266878e-02
-3.44548561e-02 -1.32615462e-01 -8.90439600e-02 -1.27804950e-01 8.21848121e-03 3.13408822e-02 8.46977308e-02 -2.32525215e-01 2.07052417e-02 4.70593795e-02 1.41452447e-01 4.10694480e-02 8.77856314e-02 -9.01052356e-03 -4.61049285e-03 5.93774356e-02
-1.77653078e-02 -7.70642459e-02 -4.95041050e-02 -7.04403445e-02 4.54228790e-03 1.72391254e-02 4.70721237e-02 -1.29662007e-01 1.15545103e-02 2.62125432e-02 7.88624287e-02 2.28977911e-02 4.89495769e-02 -5.02431206e-03 -2.57068849e-03 3.31091285e-02
3.51708829e-02 1.11194089e-01 8.40694085e-02 1.22620821e-01 -6.84891548e-03 -3.00205890e-02 -7.96050876e-02 2.16934741e-01 -1.97242275e-02 -4.39716950e-02 -1.31915152e-01 -3.83010954e-02 -8.18970948e-02 8.40715971e-03 4.30024974e-03 -5.53954691e-02
-7.79292500e-03 -3.18966508e-02 -2.11056881e-02 -3.04892119e-02 1.89181045e-03 7.52970716e-03 2.02888772e-02 -5.57167865e-02 5.01302397e-03 1.12893153e-02 3.38698328e-02 9.83375590e-03 2.10340787e-02 -2.15983996e-03 -1.10385183e-03 1.42280031e-02
5.76987630e-03 6.18145764e-02 3.83324027e-02 5.39610013e-02 -3.76820657e-03 -1.31730167e-02 -3.64076756e-02 1.00749210e-01 -8.89515411e-03 -2.03367155e-02 -6.12992160e-02 -1.77984405e-02 -3.80347781e-02 3.90324695e-03 1.99808762e-03 -2.57258415e-02
1.26047647e-02 -8.98046046e-02 -4.23167720e-02 -5.30985408e-02 4.59531974e-03 1.18707558e-02 3.63730080e-02 -1.02354765e-01 8.69187433e-03 2.04270110e-02 6.24467321e-02 1.81242395e-02 3.86370458e-02 -3.95897962e-03 -2.03533447e-03 2.61282381e-02
1.13669466e-02 4.73964624e-02 2.83717625e-02 4.09346633e-02 -3.09752719e-03 -9.93216317e-03 -2.80980635e-02 7.81744495e-02 -6.77231373e-03 -1.57283805e-02 -4.76009399e-02 -1.38189113e-02 -2.95129176e-02 3.02748242e-03 1.55144639e-03 -1.99607816e-02
7.45857367e-04 -1.90257709e-02 -1.05545698e-02 -1.44475056e-02 1.14508916e-03 3.46321380e-03 9.99226980e-03 -2.78844163e-02 2.34387885e-03 5.60175534e-03 1.69785582e-02 4.93445806e-03 1.05267987e-02 -1.07811904e-03 -5.54182508e-04 7.11904839e-03
3.52082625e-02 1.95425123e-01 1.25463709e-01 1.77927524e-01 -1.15537392e-02 -4.39618900e-02 -1.19018264e-01 3.27541798e-01 -2.92476229e-02 -6.62496239e-02 -1.99209526e-01 -5.78462631e-02 -1.23654947e-01 1.26924450e-02 6.49380079e-03 -8.36392045e-02
1.69788785e-02 1.92286313e-01 1.16728216e-01 1.63475767e-01 -1.10546257e-02 -3.99045274e-02 -1.09705590e-01 3.02838922e-01 -2.68345978e-02 -6.11754656e-02 -1.84241369e-01 -5.34939617e-02 -1.14326999e-01 1.17332311e-02 6.00537425e-03 -7.73286000e-02
2.11773403e-02 2.36490816e-01 1.41533777e-01 1.97680101e-01 -1.37036145e-02 -4.81298715e-02 -1.33347809e-01 3.68544191e-01 -3.25980522e-02 -7.43982047e-02 -2.24227756e-01 -6.51035085e-02 -1.39131695e-01 1.42785134e-02 7.30867172e-03 -9.41057354e-02
1.38359144e-04 -7.16294274e-02 -4.19250354e-02 -5.90761490e-02 3.86321265e-03 1.44116525e-02 3.91058400e-02 -1.07792944e-01 9.58874542e-03 2.17957869e-02 6.55681565e-02 1.90375019e-02 4.06935848e-02 -4.17670794e-03 -2.13725585e-03 2.75246557e-02
-4.68798801e-02 -1.31433517e-01 -1.00296229e-01 -1.45969987e-01 9.47054289e-03 3.57467979e-02 9.77915153e-02 -2.69224823e-01 2.38918513e-02 5.44013679e-02 1.63789839e-01 4.75554951e-02 1.01638891e-01 -1.04310717e-02 -5.33878664e-03 6.87467083e-02
-1.31073315e-02 -5.55472523e-02 -3.62145603e-02 -5.11089712e-02 3.36750387e-03 1.25432415e-02 3.43147218e-02 -9.44238529e-02 8.41522124e-03 1.90868229e-02 5.74360974e-02 1.66769475e-02 3.56468447e-02 -3.65872658e-03 -1.87214359e-03 2.41111275e-02
1.24999583e-02 1.35083254e-02 1.57332625e-02 2.49806400e-02 -1.40961271e-03 -6.26885938e-03 -1.63047370e-02 4.46438044e-02 -4.05669585e-03 -9.05721076e-03 -2.71343496e-02 -7.87964929e-03 -1.68539919e-02 1.73044030e-03 8.84653477e-04 -1.14003373e-02
-6.46979874e-03 -3.13035175e-02 -2.01248024e-02 -2.87159123e-02 1.95043976e-03 7.01284548e-03 1.92933045e-02 -5.32805063e-02 4.71951021e-03 1.07602049e-02 3.24155279e-02 9.41172615e-03 2.01145113e-02 -2.06431141e-03 -1.05659675e-03 1.36050619e-02
1.46525761e-03 9.98892263e-03 5.08065894e-03 6.70639751e-03 -5.45447459e-04 -1.59720809e-03 -4.62116953e-03 1.29168117e-02 -1.10823906e-03 -2.59026163e-03 -7.87247252e-03 -2.28528492e-03 -4.87630675e-03 4.99990419e-04 2.56538449e-04 -3.29786097e-03
1.22547057e-03 7.45285973e-02 4.55596671e-02 6.47554174e-02 -4.11035260e-03 -1.57427117e-02 -4.27642651e-02 1.17651030e-01 -1.04925204e-02 -2.37913169e-02 -7.15605840e-02 -2.07772683e-02 -4.44153100e-02 4.55877604e-03 2.33270368e-03 -3.00419796e-02
1.11110508e-02 5.00089340e-02 3.47067825e-02 4.93368432e-02 -2.58790771e-03 -1.28656309e-02 -3.19088064e-02 8.65593404e-02 -8.10027495e-03 -1.77033208e-02 -5.24451993e-02 -1.52429845e-02 -3.26764099e-02 3.35953152e-03 1.71062443e-03 -2.21065246e-02
-4.67640208e-03 -2.18080375e-02 -1.55888908e-02 -2.29048766e-02 1.33827527e-03 5.61260991e-03 1.49247684e-02 -4.08163220e-02 3.70848784e-03 8.29221215e-03 2.48005446e-02 7.20020290e-03 1.54088959e-02 -1.58262602e-03 -8.08372279e-04 1.04232756e-02
8.86628870e-03 5.05146794e-02 3.22626829e-02 4.55490276e-02 -3.04026320e-03 -1.10914363e-02 -3.05043906e-02 8.41846690e-02 -7.46473810e-03 -1.70042180e-02 -5.12157083e-02 -1.48703009e-02 -3.17812935e-02 3.26168258e-03 1.66941853e-03 -2.14962717e-02
-2.28097681e-02 -8.14386457e-02 -5.77658303e-02 -8.23725536e-02 5.11049386e-03 2.02812199e-02 5.48312217e-02 -1.50440410e-01 1.34731419e-02 3.04089580e-02 9.14838836e-02 2.65697669e-02 5.67950234e-02 -5.82911214e-03 -2.98316916e-03 3.84153612e-02
2.60155853e-02 -1.19674727e-01 -5.52357621e-02 -7.05089569e-02 6.24325313e-03 1.58391185e-02 4.84527871e-02 -1.36903688e-01 1.17661133e-02 2.74613388e-02 8.34262893e-02 2.42175627e-02 5.16818687e-02 -5.30147413e-03 -2.71647144e-03 3.49544920e-02
-1.27755869e-02 -3.42154391e-02 -2.53106598e-02 -3.78763378e-02 2.25372869e-03 9.38554760e-03 2.50208136e-02 -6.85399473e-02 6.17524004e-03 1.38865560e-02 4.16709073e-02 1.21001089e-02 2.58754715e-02 -2.65633618e-03 -1.35857705e-03 1.75023172e-02
-2.54660454e-02 -4.92989644e-02 -4.29351404e-02 -6.40378296e-02 3.90365906e-03 1.62185133e-02 4.27647121e-02 -1.17212117e-01 1.05440235e-02 2.37324592e-02 7.12486431e-02 2.06963662e-02 4.42509651e-02 -4.54210304e-03 -2.32413062e-03 2.99311709e-02
-9.29888524e-03 8.21842551e-02 3.72845680e-02 4.73780893e-02 -4.01172694e-03 -1.07510397e-02 -3.25140208e-02 9.16299224e-02 -7.67563051e-03 -1.83192678e-02 -5.58790974e-02 -1.62352156e-02 -3.45915817e-02 3.54321254e-03 1.82298815e-03 -2.33915467e-02
-2.01778933e-02 -1.10240504e-01 -6.86138421e-02 -9.67267230e-02 6.26748800e-03 2.35580057e-02 6.43638894e-02 -1.77066565e-01 1.57346111e-02 3.57833244e-02 1.07708275e-01 3.12745720e-02 6.68463930e-02 -6.86058262e-03 -3.51120182e-03 4.52138372e-02
2.18248982e-02 1.19151205e-01 7.85082057e-02 1.11993469e-01 -7.15944264e-03 -2.75463574e-02 -7.44811520e-02 2.04955861e-01 -1.82706006e-02 -4.14506122e-02 -1.24654993e-01 -3.61948982e-02 -7.73747861e-02 7.94180762e-03 4.06366214e-03 -5.23356274e-02
2.61666141e-02 1.07188851e-01 7.28621408e-02 1.04464419e-01 -6.11716509e-03 -2.58325357e-02 -6.91336244e-02 1.89300880e-01 -1.70425493e-02 -3.83387804e-02 -1.15075059e-01 -3.34193818e-02 -7.14654848e-02 7.33677344e-03 3.75198945e-03 -4.83402833e-02
-1.31858904e-02 -6.07729107e-02 -3.90517935e-02 -5.66880330e-02 3.89842317e-03 1.38266180e-02 3.81845683e-02 -1.05615519e-01 9.33296233e-03 2.13168748e-02 6.42665848e-02 1.86586007e-02 3.98724191e-02 -4.09177784e-03 -2.09469022e-03 2.69687027e-02
4.73421440e-02 4.68791217e-01 2.78655827e-01 3.89299601e-01 -2.64381506e-02 -9.49048400e-02 -2.61207819e-01 7.21306503e-01 -6.38893545e-02 -1.45672709e-01 -4.38828439e-01 -1.27411991e-01 -2.72305697e-01 2.79462747e-02 1.43038696e-02 -1.84182405e-01
-4.66422783e-03 -1.29872551e-02 -8.90821032e-03 -1.29442783e-02 8.61247943e-04 3.17389704e-03 8.69154558e-03 -2.39857566e-02 2.12854776e-03 4.84620640e-03 1.45915132e-02 4.23659151e-03 9.05521121e-03 -9.29366797e-04 -4.75621346e-04 6.12480752e-03
-6.84243022e-03 -1.96652412e-02 -1.43957892e-02 -2.12066788e-02 1.30325987e-03 5.24279149e-03 1.41306482e-02 -3.87483388e-02 3.48083070e-03 7.85201974e-03 2.35553831e-02 6.83936197e-03 1.46283982e-02 -1.50189945e-03 -7.67906080e-04 9.89485253e-03
2.94300281e-02 1.44463763e-01 9.72577557e-02 1.40630752e-01 -8.88982229e-03 -3.46994735e-02 -9.35191885e-02 2.56953031e-01 -2.31234916e-02 -5.20468690e-02 -1.56229332e-01 -4.53529172e-02 -9.70024243e-02 9.95937549e-03 5.09108650e-03 -6.56145290e-02
1.65226832e-02 7.02672638e-03 1.34802274e-02 2.18003765e-02 -7.27827079e-04 -5.48843015e-03 -1.37272030e-02 3.68405432e-02 -3.57793504e-03 -7.59762758e-03 -2.23100968e-02 -6.47595199e-03 -1.39063327e-02 1.43134361e-03 7.26802915e-04 -9.40932427e-03
2.96076760e-02 4.12661314e-01 2.44814873e-01 3.41943920e-01 -2.33358089e-02 -8.33395794e-02 -2.29739115e-01 6.34585321e-01 -5.61787188e-02 -1.28143683e-01 -3.86082232e-01 -1.12096705e-01 -2.39566490e-01 2.45860051e-02 1.25843696e-02 -1.62037909e-01
-2.16111578e-02 -7.05186278e-02 -5.01998477e-02 -7.32329190e-02 3.79152084e-03 1.86135769e-02 4.87010926e-02 -1.31470278e-01 1.20050712e-02 2.67137066e-02 7.98650905e-02 2.31971163e-02 4.96372096e-02 -5.09756710e-03 -2.60454812e-03 3.35764512e-02
6.18337654e-03 3.09517328e-02 1.89775582e-02 2.65577398e-02 -1.78501697e-03 -6.48099417e-03 -1.78076047e-02 4.91569564e-02 -4.35889792e-03 -9.92838573e-03 -2.99060326e-02 -8.68303888e-03 -1.85576323e-02 1.90454721e-03 9.74804512e-04 -1.25520313e-02
-1.45337973e-02 -1.66531429e-02 -1.59601439e-02 -2.47574169e-02 9.56365780e-04 6.53355336e-03 1.57891959e-02 -4.23556380e-02 4.27646609e-03 8.78159050e-03 2.56263930e-02 7.41125317e-03 1.59865562e-02 -1.65191013e-03 -8.28342221e-04 1.08216451e-02
-2.21519154e-02 -7.09617957e-02 -5.01311980e-02 -7.26465359e-02 4.62785270e-03 1.78778060e-02 4.81213219e-02 -1.32437766e-01 1.18313581e-02 2.68122330e-02 8.05239379e-02 2.33823620e-02 4.99978811e-02 -5.13288984e-03 -2.62493500e-03 3.38188782e-02
4.41875495e-02 2.22433597e-01 1.45337045e-01 2.05867544e-01 -1.34660164e-02 -5.03665358e-02 -1.37873515e-01 3.80175054e-01 -3.37363631e-02 -7.68014938e-02 -2.31278107e-01 -6.71527907e-02 -1.43523738e-01 1.47298099e-02 7.53901945e-03 -9.70768780e-02
-6.28943695e-03 -2.01783683e-02 -1.55173531e-02 -2.29470897e-02 1.29464548e-03 5.78318676e-03 1.50396246e-02 -4.09502350e-02 3.79569526e-03 8.34392477e-03 2.48635504e-02 7.21703190e-03 1.54589843e-02 -1.58877973e-03 -8.10083526e-04 1.04579702e-02
-1.95273049e-02 -1.03171654e-01 -6.75771907e-02 -9.66281369e-02 6.01561461e-03 2.37605479e-02 6.39638603e-02 -1.75725594e-01 1.58513151e-02 3.56146879e-02 1.06816851e-01 3.10103931e-02 6.63377419e-02 -6.81229867e-03 -3.48089589e-03 4.48728092e-02
-1.75063685e-02 -6.42045140e-02 -4.13892381e-02 -5.91937043e-02 3.66056198e-03 1.45312473e-02 3.92408893e-02 -1.07445292e-01 9.67470929e-03 2.17813738e-02 6.53176308e-02 1.89637579e-02 4.05626968e-02 -4.16524615e-03 -2.12859386e-03 2.74376869e-02
-1.06095653e-02 -6.11706898e-02 -4.11814451e-02 -5.85614555e-02 3.59856477e-03 1.45092756e-02 3.88555638e-02 -1.06383532e-01 9.55771375e-03 2.15327516e-02 6.46989867e-02 1.87848620e-02 4.01621573e-02 -4.12255852e-03 -2.10901140e-03 2.71655787e-02
9.75580513e-03 1.98420256e-01 1.12069532e-01 1.52477935e-01 -1.17237158e-02 -3.61079685e-02 -1.04515903e-01 2.91038811e-01 -2.49517653e-02 -5.84328286e-02 -1.77286044e-01 -5.14982454e-02 -1.09879300e-01 1.12649025e-02 5.78278117e-03 -7.43103325e-02
-8.93241353e-03 -2.89774109e-02 -2.06756219e-02 -2.99476832e-02 1.83959794e-03 7.32437056e-03 1.98349766e-02 -5.45029193e-02 4.86954628e-03 1.10284984e-02 3.31482552e-02 9.62457247e-03 2.05760896e-02 -2.11204030e-03 -1.08058006e-03 1.39175551e-02
-3.01997550e-02 -1.20974757e-01 -8.61579478e-02 -1.24469385e-01 7.58519629e-03 3.05624101e-02 8.23478848e-02 -2.25004479e-01 2.01684330e-02 4.55673151e-02 1.36809260e-01 3.97235751e-02 8.49438906e-02 -8.71941727e-03 -4.46053734e-03 5.74562885e-02
-1.39337257e-02 5.45508824e-02 2.48346236e-02 3.24771591e-02 -2.64615589e-03 -7.62018189e-03 -2.24404875e-02 6.27614334e-02 -5.37758600e-03 -1.25774266e-02 -3.82659473e-02 -1.11039318e-02 -2.36941092e-02 2.42941291e-03 1.24653778e-03 -1.60243306e-02
2.30387654e-02 2.36161910e-02 3.17531601e-02 4.96666394e-02 -2.78229243e-03 -1.23511860e-02 -3.26856561e-02 8.92566368e-02 -8.05475842e-03 -1.81257427e-02 -5.41889817e-02 -1.57474726e-02 -3.36970128e-02 3.46132601e-03 1.76718167e-03 -2.27944013e-02
-2.84248702e-02 -9.26188454e-02 -6.57267347e-02 -9.66670513e-02 5.16903866e-03 2.43411642e-02 6.31707981e-02 -1.71565667e-01 1.58920288e-02 3.49089354e-02 1.04218215e-01 3.02460399e-02 6.47710040e-02 -6.65681111e-03 -3.39368824e-03 4.38166484e-02
2.08689440e-02 -8.97123199e-03 7.97909126e-03 1.46631077e-02 1.36110699e-04 -4.25981451e-03 -8.22205748e-03 2.02883836e-02 -2.36644200e-03 -4.33804980e-03 -1.20824315e-02 -3.52263730e-03 -7.65592046e-03 7.93397892e-04 3.95571056e-04 -5.18465694e-03
4.79610055e-04 1.64590385e-02 9.70137212e-03 1.34773022e-02 -9.07148991e-04 -3.28962249e-03 -9.03500151e-03 2.49385275e-02 -2.21195351e-03 -5.03759552e-03 -1.51712969e-02 -4.40497603e-03 -9.41472687e-03 9.66238673e-04 4.94528213e-04 -6.36795536e-03
2.24049669e-02 1.10163644e-01 7.59929866e-02 1.08492620e-01 -6.86154747e-03 -2.67816316e-02 -7.19263628e-02 1.98009461e-01 -1.76539328e-02 -4.00253534e-02 -1.20441027e-01 -3.49705480e-02 -7.47522414e-02 7.67236575e-03 3.92609602e-03 -5.05614914e-02
1.63808931e-02 3.49906050e-02 2.84611713e-02 4.23274972e-02 -2.50616856e-03 -1.05835861e-02 -2.79677529e-02 7.62735829e-02 -7.00897770e-03 -1.55035956e-02 -4.63063456e-02 -1.34436535e-02 -2.87936386e-02 2.95864861e-03 1.50921976e-03 -1.94784775e-02
6.07264750e-02 -1.19756475e-01 -5.12029678e-02 -5.40957972e-02 4.96793352e-03 1.24677857e-02 3.71883549e-02 -1.05798155e-01 8.64808913e-03 2.12320536e-02 6.44520745e-02 1.87322032e-02 3.99328507e-02 -4.09267377e-03 -2.10196897e-03 2.70052701e-02
2.97280028e-03 1.13729192e-02 9.89849493e-03 1.34245129e-02 -6.53778028e-04 -3.38541344e-03 -8.72082263e-03 2.34857984e-02 -2.14745011e-03 -4.77689365e-03 -1.42636970e-02 -4.14196169e-03 -8.86671245e-03 9.10243660e-04 4.65572142e-04 -5.99749945e-03
-1.05308183e-02 -6.06082529e-02 -3.91397960e-02 -5.55414185e-02 3.61161819e-03 1.35531202e-02 3.69917080e-02 -1.01891860e-01 9.06838942e-03 2.05974858e-02 6.19768798e-02 1.79950427e-02 3.84661108e-02 -3.94808128e-03 -2.02029292e-03 2.60180347e-02
-7.42389960e-03 -6.74605817e-02 -4.28899601e-02 -6.05769381e-02 3.93166253e-03 1.48714157e-02 4.02233079e-02 -1.10787332e-01 9.88883898e-03 2.24039592e-02 6.73904493e-02 1.95662640e-02 4.18243259e-02 -4.29290812e-03 -2.19634781e-03 2.82895695e-02
1.05509013e-02 1.61121249e-01 9.41806361e-02 1.30458772e-01 -8.89853016e-03 -3.17870565e-02 -8.75970647e-02 2.41942033e-01 -2.14216169e-02 -4.88577820e-02 -1.47197053e-01 -4.27379534e-02 -9.13373679e-02 9.37371142e-03 4.79791034e-03 -6.17787614e-02
9.92590003e-03 2.59416327e-02 1.77699868e-02 2.49790531e-02 -1.74806791e-03 -6.10700762e-03 -1.69115663e-02 4.67696488e-02 -4.12180647e-03 -9.43876896e-03 -2.84584146e-02 -8.26313812e-03 -1.76564977e-02 1.81187596e-03 9.27615270e-04 -1.19423699e-02
1.32390680e-02 -6.06817333e-03 3.06840451e-03 5.36754867e-03 -1.09857196e-04 -1.45832601e-03 -3.29826749e-03 8.75068735e-03 -8.07675417e-04 -1.79084914e-03 -5.31660393e-03 -1.54448533e-03 -3.30653763e-03 3.39595019e-04 1.73519889e-04 -2.23669386e-03
-5.13754552e-04 5.39160427e-03 2.11278978e-03 2.75444379e-03 -3.28300754e-04 -5.79930842e-04 -2.07355060e-03 6.03152253e-03 -4.74306755e-04 -1.19339454e-03 -3.69182602e-03 -1.07031956e-03 -2.27709720e-03 2.33166560e-04 1.20031422e-04 -1.53975410e-03
2.57459320e-02 6.54441863e-02 4.68188263e-02 6.96451068e-02 -4.49990202e-03 -1.70244910e-02 -4.63415757e-02 1.27592251e-01 -1.14135873e-02 -2.58067176e-02 -7.75909647e-02 -2.25292742e-02 -4.81692851e-02 4.94460715e-03 2.52938597e-03 -3.25816199e-02
-2.02853046e-02 -7.61779249e-02 -5.54339960e-02 -8.17010403e-02 5.06432075e-03 2.02163458e-02 5.40618487e-02 -1.48313791e-01 1.33963693e-02 3.00458279e-02 9.01527852e-02 2.61727646e-02 5.59906699e-02 -5.74909570e-03 -2.93869968e-03 3.78734991e-02
1.24100763e-02 -4.33195615e-03 2.88532069e-03 6.37591816e-03 -2.44306575e-04 -1.68347685e-03 -4.07052599e-03 1.07599199e-02 -1.04845874e-03 -2.21764040e-03 -6.50983397e-03 -1.89185387e-03 -4.06358019e-03 4.18248645e-04 2.12423474e-04 -2.74951966e-03
3.74764856e-03 -1.04006104e-01 -6.05311431e-02 -8.21547955e-02 5.37093962e-03 2.01823879e-02 5.48594221e-02 -1.50960684e-01 1.34999407e-02 3.05402204e-02 9.18046013e-02 2.66579501e-02 5.69890812e-02 -5.84993605e-03 -2.99250288e-03 3.85473333e-02
3.67302746e-02 3.48441422e-01 2.08420023e-01 2.91211456e-01 -2.03518663e-02 -7.02717006e-02 -1.96257442e-01 5.43134332e-01 -4.78576645e-02 -1.09511316e-01 -3.30586463e-01 -9.59733948e-02 -2.05045089e-01 2.10395865e-02 1.07742092e-02 -1.38685405e-01
2.59911902e-02 7.48087168e-02 5.52361496e-02 8.12140480e-02 -4.70852898e-03 -2.03875694e-02 -5.32227047e-02 1.46175846e-01 -1.32071199e-02 -2.96575334e-02 -8.88704956e-02 -2.58038193e-02 -5.51841073e-02 5.66598261e-03 2.89661484e-03 -3.73272523e-02
-2.48130560e-02 -1.06440455e-01 -7.04943165e-02 -1.03449941e-01 6.25050114e-03 2.46632956e-02 6.67753741e-02 -1.83304206e-01 1.65457409e-02 3.71186361e-02 1.11465126e-01 3.23577411e-02 6.92016855e-02 -7.10428460e-03 -3.63324140e-03 4.68084514e-02
3.48917097e-02 -8.95380601e-03 2.19535287e-02 4.05908301e-02 -1.27875176e-03 -9.90060344e-03 -2.54192669e-02 6.65282309e-02 -6.52943132e-03 -1.35401776e-02 -4.04088534e-02 -1.17374882e-02 -2.51189619e-02 2.57986644e-03 1.31795742e-03 -1.69918463e-02
-2.57990025e-02 -4.38966416e-03 -1.31723266e-02 -2.29433291e-02 7.71957217e-04 5.15770167e-03 1.34501522e-02 -3.63689922e-02 3.35350935e-03 7.39144813e-03 2.20843442e-02 6.41487027e-03 1.37297483e-02 -1.41015323e-03 -7.20441632e-04 9.28742625e-03
3.73638533e-02 4.84667495e-02 4.94726151e-02 7.67455101e-02 -3.41415009e-03 -1.99063979e-02 -4.94039357e-02 1.32365525e-01 -1.22375423e-02 -2.72605438e-02 -8.02732930e-02 -2.33283211e-02 -4.99781854e-02 5.13704959e-03 2.61905789e-03 -3.38111445e-02
8.34875926e-03 9.46917459e-02 5.70171624e-02 7.84568191e-02 -5.22020366e-03 -1.92022268e-02 -5.24791740e-02 1.44647256e-01 -1.28485467e-02 -2.92272419e-02 -8.79924372e-02 -2.55485456e-02 -5.46068363e-02 5.60442405e-03 2.86827050e-03 -3.69351991e-02
2.39868257e-02 7.58376792e-02 5.42950816e-02 7.91118443e-02 -5.06140804e-03 -1.92405786e-02 -5.25216609e-02 1.44800544e-01 -1.28809474e-02 -2.92624626e-02 -8.80848169e-02 -2.55753752e-02 -5.46648912e-02 5.61041571e-03 2.87130103e-03 -3.69744711e-02
7.13765100e-02 1.30618781e-01 1.19867742e-01 1.77028298e-01 -9.94135905e-03 -4.49735150e-02 -1.16847754e-01 3.18910331e-01 -2.87852958e-02 -6.46587610e-02 -1.93833172e-01 -5.62956370e-02 -1.20405726e-01 1.23621449e-02 6.32086396e-03 -8.14438909e-02
-3.00816000e-02 -1.11538731e-01 -7.63913319e-02 -1.12996578e-01 6.55361824e-03 2.76273340e-02 7.27595761e-02 -1.99017942e-01 1.80385225e-02 4.04268689e-02 1.21010602e-01 3.51245888e-02 7.51330853e-02 -7.71518797e-03 -3.94266611e-03 5.08219041e-02
4.07384988e-03 -1.00086972e-01 -4.88409922e-02 -6.58554584e-02 4.72616311e-03 1.59699246e-02 4.47074845e-02 -1.24064006e-01 1.08910259e-02 2.50145756e-02 7.55091161e-02 2.19213143e-02 4.68360260e-02 -4.80602728e-03 -2.46076845e-03 3.16784494e-02
9.08473600e-03 2.57713832e-02 1.82515550e-02 2.64233556e-02 -1.58031622e-03 -6.55860733e-03 -1.74246430e-02 4.77369279e-02 -4.28193854e-03 -9.67048109e-03 -2.90286876e-02 -8.42776988e-03 -1.80217661e-02 1.85005798e-03 9.46264248e-04 -1.21900057e-02
-3.32787307e-03 -8.89485702e-02 -5.43191470e-02 -7.50494301e-02 4.35895938e-03 1.88515820e-02 4.95711379e-02 -1.35581672e-01 1.21719046e-02 2.74612010e-02 8.24296772e-02 2.39395257e-02 5.11840507e-02 -5.25417365e-03 -2.68766424e-03 3.46208923e-02
-1.20511604e-02 -2.20399387e-02 -1.79292113e-02 -2.67987046e-02 1.42376521e-03 6.68799737e-03 1.75853427e-02 -4.79416475e-02 4.42833686e-03 9.76252090e-03 2.91333422e-02 8.45177751e-03 1.80992465e-02 -1.86009414e-03 -9.48636036e-04 1.22441398e-02
-1.09178033e-02 -6.31707758e-02 -4.01862971e-02 -5.67431897e-02 3.73573625e-03 1.38363652e-02 3.77932675e-02 -1.04223005e-01 9.24469251e-03 2.10547112e-02 6.34041429e-02 1.84095167e-02 3.93462591e-02 -4.03808337e-03 -2.06678733e-03 2.66130883e-02
-6.00659847e-03 -5.80785843e-03 -5.17451903e-03 -7.97930546e-03 4.02049074e-04 1.88171887e-03 5.01241861e-03 -1.36615206e-02 1.24893594e-03 2.77109654e-03 8.30246042e-03 2.41114339e-03 5.15760481e-03 -5.29532088e-04 -2.70756136e-04 3.48868337e-03
-6.45393878e-03 -1.13672037e-02 -9.42862872e-03 -1.41161475e-02 7.60649622e-04 3.51651059e-03 9.14986990e-03 -2.49771327e-02 2.28417246e-03 5.07490197e-03 1.51738636e-02 4.40627942e-03 9.42928065e-03 -9.68357490e-04 -4.94774664e-04 6.37831539e-03
-1.68553144e-02 3.94651853e-03 -6.31836755e-03 -1.25497915e-02 3.37035337e-04 3.16461781e-03 7.37393554e-03 -1.95587482e-02 1.91027287e-03 4.03085677e-03 1.18508050e-02 3.44337453e-03 7.38505833e-03 -7.59432849e-04 -3.86749103e-04 4.99635842e-03
3.30408919e-03 1.61033273e-02 1.12934476e-02 1.62496697e-02 -1.07582624e-03 -3.96219548e-03 -1.08400593e-02 2.99164373e-02 -2.65141064e-03 -6.04263041e-03 -1.82006564e-02 -5.28450124e-03 -1.12940380e-02 1.15908741e-03 5.93264238e-04 -7.63906818e-03
2.40814313e-02 1.12986602e-01 7.68938288e-02 1.10567883e-01 -6.89966138e-03 -2.70903390e-02 -7.28786290e-02 2.00296417e-01 -1.80461183e-02 -4.05867696e-02 -1.21760085e-01 -3.53543051e-02 -7.56151229e-02 7.76347425e-03 3.96923162e-03 -5.11470847e-02
-6.33397698e-03 -1.27353996e-01 -7.71768913e-02 -1.06745511e-01 6.83835568e-03 2.63875853e-02 7.13121742e-02 -1.96184978e-01 1.75014418e-02 3.96831930e-02 1.19310573e-01 3.46441530e-02 7.40628764e-02 -7.60202250e-03 -3.88958375e-03 5.00956029e-02
3.05269510e-02 4.32451516e-01 2.53917783e-01 3.50327969e-01 -2.48741452e-02 -8.55406225e-02 -2.36886114e-01 6.55350983e-01 -5.78310452e-02 -1.32292300e-01 -3.98752004e-01 -1.15775026e-01 -2.47406214e-01 2.53897514e-02 1.29968105e-02 -1.67339772e-01
-3.13875675e-02 -3.80310416e-02 -4.04891074e-02 -6.19034134e-02 3.09676281e-03 1.52954934e-02 4.03068699e-02 -1.08312793e-01 1.01916054e-02 2.20281966e-02 6.57828748e-02 1.90897658e-02 4.08929773e-02 -4.20174934e-03 -2.14416347e-03 2.76632961e-02
-3.16915438e-02 -1.04561731e-01 -7.77276084e-02 -1.12457991e-01 6.71214098e-03 2.76098084e-02 7.39409626e-02 -2.03212574e-01 1.81097090e-02 4.11363952e-02 1.23596497e-01 3.58870998e-02 7.67184421e-02 -7.87429605e-03 -4.02930751e-03 5.18914945e-02
