8.95599648e-03 2.93546747e-02 -1.53008255e-03 -4.83841961e-03 7.07887986e-04 1.06517703e-03 2.45407969e-02 1.54699944e-02 -5.14974026e-03 -8.71523097e-03 -4.63389931e-03 -4.03969279e-05 -2.44602077e-02 -2.58365693e-03 -1.31161716e-02 1.54577447e-02
-2.05252543e-02 -6.72966614e-02 3.33697489e-03 1.07666794e-02 -1.53622637e-03 -2.55695358e-03 -5.47441207e-02 -3.46863605e-02 1.15507897e-02 1.95394307e-02 1.03898859e-02 8.97752689e-05 5.48390374e-02 5.79224760e-03 2.94104442e-02 -3.46630551e-02
-6.31422922e-03 -2.07026061e-02 9.68836830e-04 3.47832893e-03 -4.98627895e-04 -7.17070128e-04 -1.71838906e-02 -1.08299600e-02 3.60408076e-03 6.10746490e-03 3.24296393e-03 2.83159097e-05 1.71205886e-02 1.80843321e-03 9.17940959e-03 -1.08177764e-02
-7.47128483e-03 -2.71278359e-02 1.30469142e-03 4.50362777e-03 -6.08300208e-04 -1.06974924e-03 -2.28697471e-02 -1.45476414e-02 4.84616216e-03 8.17496050e-03 4.35760291e-03 3.74367228e-05 2.29974091e-02 2.42896611e-03 1.23352930e-02 -1.45391114e-02
-2.43383702e-02 -7.89701939e-02 4.37999656e-03 1.30061191e-02 -2.21532793e-03 -1.89196086e-03 -6.41736463e-02 -4.04635258e-02 1.34598687e-02 2.29166225e-02 1.21103693e-02 1.05885803e-04 6.39463961e-02 6.75651012e-03 3.42857167e-02 -4.04023044e-02
8.90251901e-03 2.35806257e-02 -1.57040567e-03 -3.69862700e-03 6.41357095e-04 4.42505116e-04 1.81589182e-02 1.12130400e-02 -3.72509123e-03 -6.36776583e-03 -3.35605768e-03 -3.03363813e-05 -1.77317113e-02 -1.87368668e-03 -9.49885324e-03 1.11900261e-02
-6.87947962e-03 -1.88473593e-02 1.29454420e-03 2.94067361e-03 -6.02411164e-04 -2.83686735e-04 -1.45777985e-02 -9.03275143e-03 3.00128735e-03 5.17863408e-03 2.70680315e-03 2.50400626e-05 1.43030956e-02 1.51257962e-03 7.66176032e-03 -9.02036950e-03
-5.76364156e-03 -1.67902689e-02 1.01479096e-03 2.73227086e-03 -4.58865310e-04 -4.57478454e-04 -1.33307353e-02 -8.32860917e-03 2.77057965e-03 4.72682994e-03 2.49509560e-03 2.23239585e-05 1.31785125e-02 1.39239128e-03 7.06202211e-03 -8.32005125e-03
-1.07068717e-02 -3.96941826e-02 2.29213526e-03 6.28178800e-03 -8.55260470e-04 -1.21811230e-03 -3.13703232e-02 -1.98295694e-02 6.60016155e-03 1.12256827e-02 5.94273908e-03 5.25301330e-05 3.13753746e-02 3.31470673e-03 1.68166682e-02 -1.98158305e-02
1.10905496e-02 3.28458771e-02 -2.08205963e-03 -5.17678307e-03 9.25251748e-04 9.56314499e-04 2.66928170e-02 1.65815838e-02 -5.50888060e-03 -9.33676958e-03 -4.95785102e-03 -4.36746959e-05 -2.61795670e-02 -2.76533561e-03 -1.40337795e-02 1.65370703e-02
3.79747222e-03 1.35077527e-02 -6.32446201e-04 -2.17054179e-03 3.32571391e-04 4.71792679e-04 1.09319789e-02 6.92548929e-03 -2.30576075e-03 -3.89890256e-03 -2.07385421e-03 -1.79387098e-05 -1.09463222e-02 -1.15615339e-03 -5.87027147e-03 6.91865617e-03
8.68103374e-03 2.47413851e-02 -1.27128721e-03 -4.05380083e-03 5.85278030e-04 9.50844609e-04 2.04910729e-02 1.29787941e-02 -4.32206737e-03 -7.29799364e-03 -3.88737000e-03 -3.37069177e-05 -2.05193888e-02 -2.16739508e-03 -1.10042822e-02 1.29693188e-02
-8.50079395e-03 -2.19831597e-02 1.29767379e-03 3.48369032e-03 -5.55165170e-04 -7.42042961e-04 -1.76540874e-02 -1.11664338e-02 3.71788861e-03 6.29675761e-03 3.34509695e-03 2.92376935e-05 1.76586919e-02 1.86529534e-03 9.46837571e-03 -1.11584505e-02
-8.57839733e-03 -2.55780630e-02 1.60291826e-03 4.06678487e-03 -7.19356991e-04 -7.28807296e-04 -2.05689725e-02 -1.28358025e-02 4.26714169e-03 7.24125700e-03 3.84185906e-03 3.40029947e-05 2.02894546e-02 2.14351201e-03 1.08756591e-02 -1.28147472e-02
-4.39403430e-02 -1.43100947e-01 8.21517967e-03 2.32848506e-02 -2.94563547e-03 -5.59826009e-03 -1.19012430e-01 -7.56680369e-02 2.52041332e-02 4.24676687e-02 2.26641297e-02 1.94411623e-04 1.19612612e-01 1.26330759e-02 6.41608387e-02 -7.56252706e-02
1.12879081e-02 6.16313964e-02 -2.38257390e-03 -1.00846961e-02 1.19446253e-03 2.69567012e-03 5.25574982e-02 3.36337239e-02 -1.12094181e-02 -1.88706648e-02 -1.00766420e-02 -8.61799417e-05 -5.31781912e-02 -5.61660202e-03 -2.85273772e-02 3.36253792e-02
-2.88666505e-03 -1.34377950e-03 2.49731849e-04 1.70273765e-04 -6.16762918e-05 5.58653628e-05 -4.07378218e-04 -1.98274807e-04 6.43309468e-05 1.13592578e-04 5.81975328e-05 5.50747131e-07 3.07376002e-04 3.24560642e-05 1.64462166e-04 -1.93737695e-04
6.79180957e-03 2.29041819e-02 -1.09228480e-03 -3.69926565e-03 5.71026758e-04 8.01072805e-04 1.87454112e-02 1.18276253e-02 -3.93562019e-03 -6.66794833e-03 -3.54154059e-03 -3.09643001e-05 -1.86988059e-02 -1.97554450e-03 -1.00253252e-02 1.18140168e-02
-7.30406446e-03 -3.06991078e-02 1.37433526e-03 5.03021805e-03 -6.80860830e-04 -1.20753003e-03 -2.57093832e-02 -1.63103025e-02 5.43268258e-03 9.16470867e-03 4.88517201e-03 4.19891148e-05 2.57821530e-02 2.72307522e-03 1.38289388e-02 -1.62996594e-02
-3.18791345e-02 -1.08807206e-01 3.85444285e-03 1.79976728e-02 -2.31850590e-03 -4.55237180e-03 -9.32832658e-02 -5.97580075e-02 1.99151710e-02 3.35391462e-02 1.79028939e-02 1.53182336e-04 9.44785550e-02 9.97870602e-03 5.06824479e-02 -5.97395226e-02
-3.74518614e-03 -1.12607181e-02 5.80418855e-04 1.85272633e-03 -2.62746005e-04 -4.19053715e-04 -9.44459252e-03 -5.97823225e-03 1.99038815e-03 3.36003490e-03 1.79001922e-03 1.54494537e-05 9.44742095e-03 9.97825060e-04 5.06697828e-03 -5.97209390e-03
-6.99437130e-03 -3.47599536e-02 1.38113135e-03 5.76753216e-03 -7.43046345e-04 -1.43881841e-03 -2.94172261e-02 -1.87550150e-02 6.24916889e-03 1.05287833e-02 5.61840553e-03 4.81986499e-05 2.96517275e-02 3.13181174e-03 1.59053411e-02 -1.87472366e-02
-1.14871534e-02 -2.46330407e-02 1.61743036e-03 3.63209145e-03 -6.77221455e-04 -5.04384632e-04 -1.79482792e-02 -1.09579740e-02 3.63893365e-03 6.24635536e-03 3.28004453e-03 3.02055596e-05 1.73362009e-02 1.83320185e-03 9.28447116e-03 -1.09342402e-02
-8.38410016e-03 -1.13022346e-02 8.57987092e-04 1.74461515e-03 -2.80951470e-04 -1.85340672e-04 -7.82501046e-03 -4.89393389e-03 1.62710424e-03 2.78487150e-03 1.46591838e-03 1.32759751e-05 7.73767708e-03 8.18423287e-04 4.14773542e-03 -4.88631474e-03
3.39128543e-03 5.94577612e-03 -3.81034508e-04 -9.83715989e-04 1.79406168e-04 1.21284073e-04 4.36502323e-03 2.71912455e-03 -9.04395885e-04 -1.53439166e-03 -8.13908118e-04 -7.10057975e-06 -4.29604156e-03 -4.53752029e-04 -2.30343500e-03 2.71467189e-03
-9.34789889e-03 -5.82409389e-02 2.26252573e-03 9.64030530e-03 -1.22557033e-03 -2.52888002e-03 -4.98921722e-02 -3.18773128e-02 1.06214611e-02 1.78863797e-02 9.54858586e-03 8.17572945e-05 5.03930822e-02 5.32236742e-03 2.70321053e-02 -3.18626091e-02
-6.74169045e-03 -1.04245376e-02 1.09114719e-03 1.60554564e-03 -3.97713098e-04 -1.84207747e-05 -7.32738525e-03 -4.41169366e-03 1.46250159e-03 2.54781800e-03 1.32193952e-03 1.26639543e-05 6.98874518e-03 7.38813775e-04 3.73843196e-03 -4.40006098e-03
4.30249888e-03 -2.64943251e-03 -3.36987257e-04 6.80544879e-04 -1.45493977e-05 -3.78384866e-04 -4.09119483e-03 -2.70212535e-03 9.02706641e-04 1.49475934e-03 8.09613382e-04 6.61968897e-06 4.27107047e-03 4.51057072e-04 2.29373458e-03 -2.70465575e-03
-3.16337533e-02 -6.89524561e-02 4.38682176e-03 1.06056686e-02 -1.67614035e-03 -1.97989587e-03 -5.27872890e-02 -3.29659060e-02 1.09660840e-02 1.85717605e-02 9.87324398e-03 8.91334057e-05 5.21251522e-02 5.50673716e-03 2.79375333e-02 -3.29194926e-02
6.28166460e-03 1.41558973e-02 -1.01830438e-03 -2.26253155e-03 4.16008465e-04 3.60654492e-04 1.09432852e-02 6.84273569e-03 -2.27423664e-03 -3.88463424e-03 -2.04853388e-03 -1.84143264e-05 -1.08196996e-02 -1.14328822e-03 -5.79772238e-03 6.83033001e-03
7.82338995e-03 2.50216480e-02 -1.40225282e-03 -3.89606017e-03 6.13563112e-04 7.41547730e-04 1.96937006e-02 1.23119392e-02 -4.09069937e-03 -6.97070500e-03 -3.68283107e-03 -3.25642650e-05 -1.94558781e-02 -2.05784128e-03 -1.04305083e-02 1.22863213e-02
-9.72632319e-03 -5.16844317e-02 2.19143834e-03 8.47762264e-03 -1.02748827e-03 -2.16146256e-03 -4.42067422e-02 -2.82902513e-02 9.42663942e-03 1.58752985e-02 8.47460050e-03 7.25586069e-05 4.47227173e-02 4.72344505e-03 2.39906628e-02 -2.82778908e-02
-1.33298046e-03 -1.55043248e-02 5.36630687e-04 2.68366048e-03 -3.39366321e-04 -6.76662603e-04 -1.35906534e-02 -8.69060401e-03 2.89561483e-03 4.87690186e-03 2.60318862e-03 2.22925937e-05 1.37386937e-02 1.45104842e-03 7.36972271e-03 -8.68662633e-03
7.22951442e-03 3.67741361e-02 -1.52301881e-03 -5.99396834e-03 7.75632157e-04 1.61804038e-03 3.12370099e-02 1.99295674e-02 -6.64091017e-03 -1.11804912e-02 -5.97040448e-03 -5.10751452e-05 -3.15066651e-02 -3.32766981e-03 -1.69014689e-02 1.99218113e-02
-1.09270280e-02 -3.29345874e-02 1.32188015e-03 5.27507486e-03 -7.68204860e-04 -1.28261291e-03 -2.76782028e-02 -1.75032653e-02 5.83073078e-03 9.81993321e-03 5.24246320e-03 4.48186365e-05 2.76643038e-02 2.92183529e-03 1.48402741e-02 -1.74922962e-02
4.56275092e-03 1.85693782e-02 -7.88415840e-04 -2.97939079e-03 4.16769268e-04 6.69260859e-04 1.52416574e-02 9.67217330e-03 -3.22130881e-03 -5.44297509e-03 -2.89702998e-03 -2.50070952e-05 -1.52911376e-02 -1.61507237e-03 -8.20078328e-03 9.66551155e-03
-4.97435499e-03 -8.97502899e-03 4.69981023e-04 1.41151994e-03 -1.97893183e-04 -3.03341105e-04 -7.01939408e-03 -4.45594778e-03 1.48263271e-03 2.50241160e-03 1.33338769e-03 1.14791274e-05 7.03723775e-03 7.43238023e-04 3.77439428e-03 -4.44867369e-03
1.34725950e-03 5.78891952e-03 -3.26399051e-04 -9.70978115e-04 1.23381498e-04 2.14134168e-04 4.80421120e-03 3.04552168e-03 -1.01410144e-03 -1.71059952e-03 -9.11704905e-04 -7.80525625e-06 -4.81169671e-03 -5.08205092e-04 -2.58104503e-03 3.04225297e-03
-7.78496452e-03 -3.69702987e-02 1.69035746e-03 6.17169309e-03 -8.55102553e-04 -1.59286452e-03 -3.17450389e-02 -2.02861093e-02 6.75989082e-03 1.13856653e-02 6.07740413e-03 5.20494359e-05 3.20730545e-02 3.38747515e-03 1.72047224e-02 -2.02790964e-02
-1.34039234e-04 2.81415880e-04 2.26765951e-05 -5.50955738e-05 2.98947543e-06 2.21225382e-05 3.33257485e-04 2.18014669e-04 -7.27147708e-05 -1.22091908e-04 -6.53404786e-05 -5.56757129e-07 -3.44822562e-04 -3.64201805e-05 -1.84994366e-04 2.18057219e-04
1.31056679e-03 3.99736641e-03 -2.12359213e-04 -6.57558325e-04 1.07879394e-04 1.34786955e-04 3.31154978e-03 2.09025852e-03 -6.95684634e-04 -1.17814320e-03 -6.25944464e-04 -5.46170850e-06 -3.30437720e-03 -3.49026377e-04 -1.77169987e-03 2.08793557e-03
1.12614653e-03 -1.54412922e-03 -6.06816684e-06 3.04027664e-04 -2.15581877e-05 -9.97538154e-05 -1.64263404e-03 -1.07071793e-03 3.57223355e-04 5.99129417e-04 3.20966326e-04 2.71292356e-06 1.69357297e-03 1.78854243e-04 9.08703951e-04 -1.07120222e-03
6.21850649e-03 1.22228898e-02 -7.08881009e-04 -1.85977400e-03 3.41817969e-04 2.66665069e-04 9.23106819e-03 5.77378552e-03 -1.92088308e-03 -3.26096267e-03 -1.72865111e-03 -1.51048653e-05 -9.12359077e-03 -9.63707455e-04 -4.89195203e-03 5.76522667e-03
-5.57319354e-03 -2.12359522e-02 9.18459322e-04 3.59508814e-03 -4.54996567e-04 -9.29446018e-04 -1.83818769e-02 -1.17612695e-02 3.91891692e-03 6.59992686e-03 3.52315046e-03 3.01414111e-05 1.85931697e-02 1.96376024e-03 9.97397490e-03 -1.17563130e-02
5.81438001e-03 1.80472154e-02 -1.04544056e-03 -2.83108838e-03 4.74310276e-04 4.86501463e-04 1.41077852e-02 8.82802717e-03 -2.93081347e-03 -4.99593373e-03 -2.64019868e-03 -2.40708723e-05 -1.39591349e-02 -1.47857598e-03 -7.47800292e-03 8.80786125e-03
-1.05377939e-02 -3.11196484e-02 1.61883305e-03 5.06951706e-03 -7.87197030e-04 -9.96584888e-04 -2.59097815e-02 -1.63452979e-02 5.43929078e-03 9.20570642e-03 4.89349291e-03 4.23266902e-05 2.58266851e-02 2.72812508e-03 1.38507048e-02 -1.63238663e-02
2.13658437e-03 4.14464436e-03 -2.00925992e-04 -6.04295288e-04 1.01803249e-04 1.06734922e-04 3.06233205e-03 1.91555731e-03 -6.37403049e-04 -1.08714099e-03 -5.73552621e-04 -4.99475800e-06 -3.02766426e-03 -3.19855870e-04 -1.62360771e-03 1.91317534e-03
-1.19974022e-03 -2.31974237e-02 5.72147372e-04 4.01470717e-03 -4.73427965e-04 -1.08933018e-03 -2.09039487e-02 -1.34087540e-02 4.46898537e-03 7.52273528e-03 4.01725341e-03 3.43367210e-05 2.12006792e-02 2.23918003e-03 1.13730878e-02 -1.34055205e-02
-1.13763439e-03 -5.96151222e-03 1.84940931e-04 1.02282723e-03 -1.25375052e-04 -2.49501085e-04 -5.18418942e-03 -3.31722759e-03 1.10546267e-03 1.86252058e-03 9.93817928e-04 8.50808556e-06 5.24481619e-03 5.53950493e-04 2.81347847e-03 -3.31622898e-03
3.98228504e-03 2.96661127e-02 -1.08898920e-03 -4.80141258e-03 5.71406854e-04 1.33530761e-03 2.52132714e-02 1.61646865e-02 -5.38754323e-03 -9.06707905e-03 -4.84289229e-03 -4.13829184e-05 -2.55579054e-02 -2.69937632e-03 -1.37105808e-02 1.61607563e-02
6.34003710e-03 4.09295410e-02 -1.28874509e-03 -6.78338390e-03 8.06221971e-04 1.87680940e-03 3.56433243e-02 2.28356682e-02 -7.61081651e-03 -1.28093837e-02 -6.84153521e-03 -5.84662557e-05 -3.61055136e-02 -3.81339528e-03 -1.93688106e-02 2.28301380e-02
-4.40081581e-03 -1.42772244e-02 7.84634729e-04 2.21776357e-03 -3.67227913e-04 -3.78729950e-04 -1.11202998e-02 -6.97823474e-03 2.32172012e-03 3.95091111e-03 2.09047529e-03 1.85360914e-05 1.10390047e-02 1.16623123e-03 5.91671141e-03 -6.97112922e-03
4.78554238e-03 1.26466034e-02 -7.02063146e-04 -2.03862437e-03 2.77701853e-04 4.20984958e-04 1.02174226e-02 6.46973727e-03 -2.15396890e-03 -3.63829872e-03 -1.93749333e-03 -1.67175695e-05 -1.02253538e-02 -1.07998517e-03 -5.48404455e-03 6.46363525e-03
1.23868056e-03 6.27181353e-03 -3.24087916e-04 -1.03769801e-03 1.60059950e-04 2.20888527e-04 5.23994816e-03 3.31239658e-03 -1.10251701e-03 -1.86733727e-03 -9.92002781e-04 -8.65357742e-06 -5.23638120e-03 -5.53100836e-04 -2.80765840e-03 3.30883614e-03
1.51116168e-03 9.17785242e-03 -2.89037096e-04 -1.59471971e-03 2.13181149e-04 3.87510256e-04 8.05289019e-03 5.13238460e-03 -1.70970813e-03 -2.88232183e-03 -1.53722917e-03 -1.31919896e-05 -8.11260659e-03 -8.56871484e-04 -4.35172534e-03 5.12927352e-03
-5.75145474e-03 1.34620466e-04 4.75033332e-04 -1.94541266e-04 -8.08665936e-05 3.24208901e-04 1.56059756e-03 1.15096604e-03 -3.90024506e-04 -6.10502670e-04 -3.46553337e-04 -2.19660524e-06 -1.82562042e-03 -1.92293912e-04 -9.84214945e-04 1.16308592e-03
2.78219138e-03 7.87753239e-03 -3.59376863e-04 -1.30654220e-03 1.86895195e-04 2.86628434e-04 6.54350594e-03 4.14273888e-03 -1.37915299e-03 -2.33472954e-03 -1.24071597e-03 -1.08071863e-05 -6.54950971e-03 -6.91817550e-04 -3.51190614e-03 4.13885107e-03
-9.31279850e-04 -5.36698569e-03 2.05042015e-04 8.87058035e-04 -1.21091791e-04 -2.29234545e-04 -4.53629578e-03 -2.89450469e-03 9.64391278e-04 1.62508653e-03 8.67065683e-04 7.43211876e-06 4.57591843e-03 4.83299809e-04 2.45459052e-03 -2.89319060e-03
-9.49957175e-04 -8.20607878e-04 1.50179054e-04 8.85659247e-05 -2.38870525e-05 -5.09830625e-06 -3.95840907e-04 -2.37719010e-04 7.89302576e-05 1.33655907e-04 7.10901950e-05 6.15963017e-07 3.74977069e-04 3.96012947e-05 2.01096729e-04 -2.37022818e-04
6.54821564e-03 3.42876790e-03 -6.19024038e-04 -3.65545915e-04 8.82286258e-05 2.43725299e-05 1.71831530e-03 1.05696789e-03 -3.51718132e-04 -5.94948360e-04 -3.16389138e-04 -2.73326714e-06 -1.66948198e-03 -1.76320376e-04 -8.95442266e-04 1.05543819e-03
5.09539898e-03 2.05016211e-02 -1.18838949e-03 -3.34471441e-03 4.99163987e-04 7.31812732e-04 1.69406850e-02 1.07238889e-02 -3.57096572e-03 -6.03347179e-03 -3.21182748e-03 -2.77324398e-05 -1.69514343e-02 -1.79040199e-03 -9.09137540e-03 1.07152620e-02
8.16419814e-03 3.81144658e-02 -1.94976886e-03 -6.04311610e-03 8.66958988e-04 1.33321923e-03 3.13637704e-02 1.98946539e-02 -6.62583299e-03 -1.11845313e-02 -5.95946331e-03 -5.12985825e-05 -3.14478725e-02 -3.32132564e-03 -1.68668590e-02 1.98805910e-02
8.80438462e-03 3.34990285e-02 -1.82514696e-03 -5.31934015e-03 8.20688205e-04 1.03983865e-03 2.72133183e-02 1.71214398e-02 -5.69692114e-03 -9.65794921e-03 -5.12685813e-03 -4.52064924e-05 -2.70732157e-02 -2.86002946e-03 -1.45123778e-02 1.71008985e-02
1.41193587e-02 4.39280942e-02 -1.83197542e-03 -7.08427886e-03 9.29572794e-04 1.76622649e-03 3.61205302e-02 2.29748916e-02 -7.65393395e-03 -1.28952488e-02 -6.88133482e-03 -5.89444717e-05 -3.63149829e-02 -3.83548508e-03 -1.94801241e-02 2.29611117e-02
1.15307223e-03 7.92835280e-03 -3.03566165e-04 -1.32908043e-03 1.79495139e-04 3.16054444e-04 6.84234314e-03 4.35258122e-03 -1.44985144e-03 -2.44767312e-03 -1.30385603e-03 -1.12486632e-05 -6.88172132e-03 -7.26854720e-04 -3.69083788e-03 4.35007690e-03
2.60721310e-03 9.08968877e-03 -4.40301577e-04 -1.49243115e-03 2.48682103e-04 3.14112462e-04 7.60862371e-03 4.79336502e-03 -1.59501168e-03 -2.69934558e-03 -1.43515423e-03 -1.24949893e-05 -7.57641252e-03 -8.00142996e-04 -4.06189403e-03 4.78695473e-03
8.76031164e-03 4.09427956e-02 -1.91970041e-03 -6.79273810e-03 8.94633762e-04 1.68452901e-03 3.47436145e-02 2.21075080e-02 -7.36528728e-03 -1.24151483e-02 -6.62215799e-03 -5.67572861e-05 -3.49471308e-02 -3.69098992e-03 -1.87459532e-02 2.20955610e-02
-4.53067757e-03 1.55544067e-02 -4.23417543e-04 -2.82538100e-03 3.24706925e-04 7.62054231e-04 1.47006642e-02 9.42385849e-03 -3.14079993e-03 -5.28766122e-03 -2.82348180e-03 -2.41690759e-05 -1.49008203e-02 -1.57376798e-03 -7.99321104e-03 9.42158978e-03
2.11393554e-03 3.54901841e-03 -3.30166979e-04 -5.38170105e-04 1.33141875e-04 1.75040623e-05 2.51060491e-03 1.51115714e-03 -5.01022325e-04 -8.68529081e-04 -4.52286447e-04 -4.28158455e-06 -2.39077723e-03 -2.52721133e-04 -1.27939507e-03 1.50650204e-03
-2.03317543e-03 -4.38798964e-03 2.70839315e-04 6.82968937e-04 -1.24656290e-04 -1.16799791e-04 -3.48202605e-03 -2.15475517e-03 7.16343988e-04 1.22521061e-03 6.45431806e-04 5.88105240e-06 3.40969930e-03 3.60363425e-04 1.82655908e-03 -2.15157145e-03
-8.37377086e-03 -2.72601675e-02 2.05954164e-03 4.21766378e-03 -6.65255473e-04 -8.15516803e-04 -2.12481711e-02 -1.33674797e-02 4.44818847e-03 7.55224889e-03 4.00363188e-03 3.53745199e-05 2.11445354e-02 2.23318418e-03 1.13331638e-02 -1.33538209e-02
-1.77578554e-02 -6.49226606e-02 2.54873000e-03 1.06149260e-02 -1.44787319e-03 -2.71632546e-03 -5.41912578e-02 -3.46427374e-02 1.15437200e-02 1.94541048e-02 1.03786448e-02 8.89554649e-05 5.47730885e-02 5.78502426e-03 2.93811001e-02 -3.46311182e-02
-1.25405435e-02 -3.33578177e-02 1.43246842e-03 5.24224946e-03 -7.45852594e-04 -1.18769403e-03 -2.66286079e-02 -1.68304760e-02 5.60479471e-03 9.46769211e-03 5.04086260e-03 4.34399517e-05 2.66026948e-02 2.80989846e-03 1.42683852e-02 -1.68171935e-02
-1.07763952e-03 -1.20344292e-03 1.28894942e-04 1.71232736e-04 -4.70241357e-05 -1.46547518e-05 -8.18061351e-04 -4.92056424e-04 1.63384291e-04 2.77024548e-04 1.47042156e-04 1.27579960e-06 7.75937922e-04 8.19502893e-05 4.16105002e-04 -4.90425911e-04
4.78121266e-03 1.65277403e-02 -9.43239080e-04 -2.62861745e-03 4.14655253e-04 5.59779000e-04 1.34014608e-02 8.46161507e-03 -2.81681842e-03 -4.76938626e-03 -2.53467471e-03 -2.21912796e-05 -1.33815194e-02 -1.41352380e-03 -7.17472006e-03 8.45510513e-03
-7.49004015e-04 2.58557172e-03 -7.49341925e-05 -4.63998993e-04 5.86188689e-05 1.18672564e-04 2.40802485e-03 1.53810438e-03 -5.12319442e-04 -8.65036563e-04 -4.60749347e-04 -3.99978671e-06 -2.43246742e-03 -2.56967964e-04 -1.30448688e-03 1.53732230e-03
9.39091202e-03 2.73313355e-02 -1.21949171e-03 -4.50941548e-03 6.20244537e-04 9.69777000e-04 2.25122664e-02 1.43141774e-02 -4.76691360e-03 -8.05842504e-03 -4.28762846e-03 -3.71212409e-05 -2.26299204e-02 -2.39038654e-03 -1.21361259e-02 1.43033443e-02
-7.84602948e-03 -4.77611050e-02 1.91739993e-03 7.85741769e-03 -1.00579706e-03 -2.12410279e-03 -4.10267524e-02 -2.62792818e-02 8.75794049e-03 1.47421071e-02 7.87287485e-03 6.73011818e-05 4.15480956e-02 4.38822201e-03 2.22883131e-02 -2.62713544e-02
2.34711589e-03 7.48984097e-03 -4.84197983e-04 -1.19608128e-03 1.91985659e-04 2.11690931e-04 5.95340831e-03 3.73446522e-03 -1.24208676e-03 -2.11133785e-03 -1.11817359e-03 -9.89014825e-06 -5.90442773e-03 -6.23742468e-04 -3.16478359e-03 3.72921466e-03
5.38298208e-03 1.82297695e-02 -9.58779245e-04 -3.06666666e-03 4.32286179e-04 7.03129917e-04 1.53775308e-02 9.78686102e-03 -3.25991586e-03 -5.50409779e-03 -2.93181208e-03 -2.53071630e-05 -1.54740755e-02 -1.63441396e-03 -8.29919335e-03 9.78157204e-03
-1.30802032e-03 3.15360655e-03 2.37665517e-06 -5.73386380e-04 4.46741433e-05 1.99625094e-04 3.18707689e-03 2.07819068e-03 -6.93480833e-04 -1.16267148e-03 -6.23066153e-04 -5.27242719e-06 -3.28778848e-03 -3.47234745e-04 -1.76415197e-03 2.07957928e-03
6.36365032e-04 1.44550126e-04 -4.88536098e-05 9.27610927e-07 8.70529766e-06 -1.73595017e-05 -4.42348537e-05 -4.30947912e-05 1.46750417e-05 2.28945282e-05 1.30531453e-05 8.97631622e-08 6.86984276e-05 7.25440304e-06 3.70301532e-05 -4.37172494e-05
-2.05924641e-03 -1.76198990e-03 1.54907626e-04 2.57748005e-04 -4.57173664e-05 -3.46922898e-05 -1.19413820e-03 -7.53313128e-04 2.50830693e-04 4.24385711e-04 2.25652839e-04 1.95614734e-06 1.19108404e-03 1.25795355e-04 6.38739730e-04 -7.52825581e-04
3.47056380e-03 1.87907573e-02 -7.93884916e-04 -3.14797135e-03 4.19636781e-04 8.04812706e-04 1.61576029e-02 1.03162732e-02 -3.43720592e-03 -5.79198683e-03 -3.09021864e-03 -2.64811388e-05 -1.63087174e-02 -1.72249437e-03 -8.74821562e-03 1.03114042e-02
5.20091923e-03 4.03856933e-02 -1.32893980e-03 -6.70011342e-03 8.14427622e-04 1.77986897e-03 3.46559174e-02 2.21490208e-02 -7.38147600e-03 -1.24271782e-02 -6.63558859e-03 -5.67475618e-05 -3.50186452e-02 -3.69856670e-03 -1.87854450e-02 2.21424773e-02
7.42717739e-03 1.97818391e-02 -8.15203763e-04 -3.18929087e-03 4.26246610e-04 7.58597278e-04 1.62457954e-02 1.03587741e-02 -3.45124491e-03 -5.82064269e-03 -3.10334680e-03 -2.66486186e-05 -1.63775403e-02 -1.72975066e-03 -8.78462661e-03 1.03541734e-02
-1.97364837e-02 -5.66696227e-02 3.48048564e-03 8.49168003e-03 -1.50240096e-03 -1.51096657e-03 -4.21553552e-02 -2.63371784e-02 8.76004156e-03 1.48916282e-02 7.88826309e-03 6.97662181e-05 4.16391604e-02 4.39947331e-03 2.23186016e-02 -2.62962151e-02
8.17680638e-03 8.05332977e-03 -7.05105427e-04 -1.06373872e-03 3.33633041e-04 -5.90778218e-05 4.93362639e-03 2.86744721e-03 -9.46771761e-04 -1.65470690e-03 -8.55994469e-04 -8.45513114e-06 -4.53078095e-03 -4.79773822e-04 -2.42326502e-03 2.85124267e-03
-1.46046653e-02 -3.13311554e-02 1.65781681e-03 4.84986976e-03 -6.92952075e-04 -1.06819638e-03 -2.45219879e-02 -1.55463945e-02 5.17770788e-03 8.74540769e-03 4.65748319e-03 4.03049453e-05 2.45807320e-02 2.59621674e-03 1.31822815e-02 -1.55366389e-02
2.04907308e-04 2.01394991e-03 -9.82789934e-05 -3.36895377e-04 4.68463004e-05 8.00518392e-05 1.71876082e-03 1.09509239e-03 -3.64795385e-04 -6.15471334e-04 -3.28057475e-04 -2.82498559e-06 -1.73129991e-03 -1.82863063e-04 -9.28617665e-04 1.09451404e-03
-8.60141311e-03 -2.28503700e-02 1.29748287e-03 3.57026677e-03 -5.48194046e-04 -6.92325935e-04 -1.79273374e-02 -1.13507016e-02 3.77991633e-03 6.38584699e-03 3.40000028e-03 2.94182610e-05 1.79451425e-02 1.89549022e-03 9.62418318e-03 -1.13428747e-02
-6.10375497e-03 -2.10489221e-02 9.29657370e-04 3.42779630e-03 -4.44823003e-04 -8.37421685e-04 -1.75724123e-02 -1.11903027e-02 3.72773316e-03 6.28636358e-03 3.35218781e-03 2.88672763e-05 1.76916663e-02 1.86855544e-03 9.48909204e-03 -1.11843310e-02
4.52125445e-03 1.52697945e-02 -8.41296627e-04 -2.48243450e-03 3.42167041e-04 6.12010830e-04 1.27842845e-02 8.12556222e-03 -2.70622177e-03 -4.55875602e-03 -2.43330863e-03 -2.08835700e-05 -1.28423935e-02 -1.35637925e-03 -6.88863313e-03 8.11950862e-03
4.71245125e-03 2.69600861e-02 -1.23190344e-03 -4.38298145e-03 5.43395465e-04 1.16315228e-03 2.27941815e-02 1.45737082e-02 -4.85670706e-03 -8.17753281e-03 -4.36604442e-03 -3.73584589e-05 -2.30408143e-02 -2.43352377e-03 -1.23601491e-02 1.45689677e-02
2.99002184e-03 1.49257137e-02 -6.02642365e-04 -2.46516033e-03 3.35202087e-04 5.98241633e-04 1.25852190e-02 8.00574664e-03 -2.66671088e-03 -4.49990761e-03 -2.39805155e-03 -2.06586974e-05 -1.26565155e-02 -1.33678596e-03 -6.78829430e-03 8.00092891e-03
3.83406086e-03 1.83628071e-02 -1.38045545e-03 -3.15788016e-03 5.72760589e-04 2.95455800e-04 1.51379462e-02 9.35026258e-03 -3.10203712e-03 -5.32993488e-03 -2.79600080e-03 -2.53915587e-05 -1.47773065e-02 -1.56235870e-03 -7.91813899e-03 9.32298694e-03
1.72989704e-02 3.65126021e-02 -2.68159877e-03 -5.44371828e-03 1.07433368e-03 8.41245230e-04 2.61136610e-02 1.59885958e-02 -5.31224161e-03 -9.12907906e-03 -4.79289098e-03 -4.67233476e-05 -2.53215041e-02 -2.68547307e-03 -1.35732638e-02 1.59721151e-02
5.76518127e-04 -3.25861783e-03 5.85380585e-05 5.87359478e-04 -6.44559259e-05 -1.69210194e-04 -3.11517040e-03 -2.00147158e-03 6.67151762e-04 1.12250342e-03 5.99685300e-04 5.12154747e-06 3.16476589e-03 3.34257085e-04 1.69776462e-03 -2.00117286e-03
2.04694248e-03 6.75210822e-03 -2.80241831e-04 -1.09010516e-03 1.68975661e-04 2.24715739e-04 5.54395607e-03 3.50456033e-03 -1.16594997e-03 -1.97162712e-03 -1.04867597e-03 -9.07327740e-06 -5.53494785e-03 -5.84600668e-04 -2.96828570e-03 3.49841989e-03
-2.95526325e-03 -1.60050262e-02 6.90064218e-04 2.69162492e-03 -3.43775813e-04 -6.67488319e-04 -1.38316639e-02 -8.82679131e-03 2.94107595e-03 4.95575275e-03 2.64433539e-03 2.26689754e-05 1.39549952e-02 1.47389655e-03 7.48564862e-03 -8.82323645e-03
-1.39030647e-02 -4.89371195e-02 2.45146547e-03 8.04444961e-03 -1.05497288e-03 -1.96143333e-03 -4.07956056e-02 -2.59939488e-02 8.65766220e-03 1.46060260e-02 7.78608117e-03 6.71213857e-05 4.10921425e-02 4.34020348e-03 2.20397431e-02 -2.59768069e-02
7.44432583e-03 2.03118753e-02 -1.47260935e-03 -3.02994763e-03 5.43990929e-04 4.09475557e-04 1.51269091e-02 9.34368838e-03 -3.10372957e-03 -5.31797530e-03 -2.79857917e-03 -2.61227724e-05 -1.47970011e-02 -1.56383961e-03 -7.92068057e-03 9.32750572e-03
-4.44707181e-03 -1.60699673e-02 7.36056943e-04 2.61473726e-03 -3.42669839e-04 -6.30096358e-04 -1.33376308e-02 -8.48261733e-03 2.82532675e-03 4.76428773e-03 2.54055345e-03 2.18280293e-05 1.34075489e-02 1.41607714e-03 7.19157932e-03 -8.47649109e-03
2.78647151e-03 2.02463437e-02 -7.05474638e-04 -3.40491929e-03 4.25222242e-04 8.93532997e-04 1.76823139e-02 1.13189695e-02 -3.77212069e-03 -6.35162974e-03 -3.39107541e-03 -2.89984237e-05 -1.78960543e-02 -1.89014256e-03 -9.60013829e-03 1.13156931e-02
1.28768105e-03 -2.32145330e-03 3.78358891e-06 4.38243209e-04 -4.45830083e-05 -1.37687166e-04 -2.35348381e-03 -1.51483656e-03 5.04951226e-04 8.49200354e-04 4.53865767e-04 3.87460568e-06 2.39528227e-03 2.52986501e-04 1.28497777e-03 -1.51461794e-03
-2.50248495e-03 -2.69298274e-02 8.25421885e-04 4.58262814e-03 -5.67290641e-04 -1.19681819e-03 -2.37941388e-02 -1.52478563e-02 5.08138491e-03 8.55958834e-03 4.56816750e-03 3.91026515e-05 2.41083987e-02 2.54632742e-03 1.29325120e-02 -1.52434213e-02
-8.81842431e-03 -3.56049351e-02 1.53764570e-03 6.32653572e-03 -7.86223449e-04 -1.52534433e-03 -3.06204427e-02 -1.95462648e-02 6.51132734e-03 1.09727373e-02 5.85440360e-03 5.02152288e-05 3.08967978e-02 3.26326303e-03 1.65734757e-02 -1.95349231e-02
-2.16299519e-02 -9.63915959e-02 4.52134525e-03 1.54339299e-02 -2.19553290e-03 -3.69894225e-03 -7.81720802e-02 -4.93526384e-02 1.64375100e-02 2.77059749e-02 1.47816027e-02 1.26716332e-04 7.80117959e-02 8.23920686e-03 4.18448821e-02 -4.93217148e-02
4.35382547e-03 2.45610848e-02 -8.45296134e-04 -4.20287205e-03 5.18387998e-04 1.11915672e-03 2.13723946e-02 1.36911673e-02 -4.56302054e-03 -7.68129481e-03 -4.10196045e-03 -3.50790688e-05 -2.16476731e-02 -2.28638272e-03 -1.16126919e-02 1.36879105e-02
-2.98001897e-03 -1.30994515e-02 5.59899199e-04 2.16117525e-03 -3.08079994e-04 -4.83855518e-04 -1.09580718e-02 -6.94946898e-03 2.31407280e-03 3.91082745e-03 2.08088150e-03 1.78902628e-05 1.09819639e-02 1.15987274e-03 5.89020271e-03 -6.94254832e-03
-3.23372753e-03 -6.35445258e-03 5.19466586e-04 9.31606046e-04 -1.37987459e-04 -1.79084513e-04 -4.60293610e-03 -2.90475017e-03 9.67289845e-04 1.63228961e-03 8.69845389e-04 7.47493732e-06 4.59057279e-03 4.84837219e-04 2.46228976e-03 -2.90223770e-03
-1.11897569e-02 -4.59534973e-02 2.25819973e-03 7.45984074e-03 -1.04233681e-03 -1.83009135e-03 -3.77641805e-02 -2.40923390e-02 8.02691840e-03 1.35361236e-02 7.21762236e-03 6.19961575e-05 3.80919017e-02 4.02325904e-03 2.04320401e-02 -2.40824874e-02
-1.24267777e-02 -7.62552917e-02 2.89580459e-03 1.23289796e-02 -1.54777511e-03 -3.21907876e-03 -6.41424134e-02 -4.10584584e-02 1.36808986e-02 2.30328124e-02 1.22986417e-02 1.05179977e-04 6.49041831e-02 6.85507525e-03 3.48173790e-02 -4.10393290e-02
2.07116269e-03 1.35104479e-02 -5.37644955e-04 -2.33123661e-03 3.14594246e-04 5.09665231e-04 1.15602948e-02 7.34062120e-03 -2.44475924e-03 -4.13209572e-03 -2.19850847e-03 -1.89593247e-05 -1.16044544e-02 -1.22573657e-03 -6.22397847e-03 7.33562047e-03
-3.79076488e-02 -2.05710739e-01 7.33669475e-03 3.35874408e-02 -4.14447393e-03 -8.38829204e-03 -1.71378493e-01 -1.09216206e-01 3.63922194e-02 6.13245033e-02 3.27199996e-02 2.80386506e-04 1.72673389e-01 1.82374865e-02 9.26255584e-02 -1.09176740e-01
-5.23356441e-03 -2.67846584e-02 8.78271763e-04 4.51416010e-03 -5.41769783e-04 -1.21443835e-03 -2.34440714e-02 -1.50269009e-02 5.00822952e-03 8.42976943e-03 4.50200075e-03 3.84803461e-05 2.37588957e-02 2.50936765e-03 1.27454242e-02 -1.50231086e-02
2.29452294e-03 -6.81148143e-03 5.68882388e-06 1.25159638e-03 -1.04532781e-04 -4.12965222e-04 -6.74551493e-03 -4.36388515e-03 1.45529595e-03 2.44539208e-03 1.30789273e-03 1.11454847e-05 6.90231519e-03 7.29009393e-04 3.70302773e-03 -4.36487282e-03
5.38004423e-03 1.32875945e-02 -7.86941033e-04 -2.13128864e-03 4.21016419e-04 3.34411976e-04 1.06908279e-02 6.62644859e-03 -2.20005284e-03 -3.77691747e-03 -1.98269612e-03 -1.83828524e-05 -1.04914811e-02 -1.10901101e-03 -5.61488047e-03 6.61189342e-03
2.78690062e-03 2.14013085e-02 -7.98362016e-04 -3.59154399e-03 4.62407770e-04 8.85538408e-04 1.82793606e-02 1.16729718e-02 -3.88907455e-03 -6.55134907e-03 -3.49640334e-03 -2.99467902e-05 -1.84517242e-02 -1.94882811e-03 -9.89798550e-03 1.16667021e-02
3.46273580e-03 1.07004019e-02 -5.69536467e-04 -1.80226238e-03 2.56214640e-04 4.24560043e-04 9.00645088e-03 5.71351545e-03 -1.90252345e-03 -3.21346265e-03 -1.71128893e-03 -1.47953469e-05 -9.03208926e-03 -9.53986659e-04 -4.84393630e-03 5.70904557e-03
2.93257926e-03 6.21605385e-03 -3.32052179e-04 -9.65451531e-04 1.43955884e-04 2.08644065e-04 4.79026791e-03 3.04416963e-03 -1.01394695e-03 -1.71141163e-03 -9.11854906e-04 -7.84926488e-06 -4.81232442e-03 -5.08266909e-04 -2.58115283e-03 3.04229278e-03
8.31630360e-03 5.83051220e-02 -2.14725221e-03 -9.84952878e-03 1.17824017e-03 2.62790639e-03 5.07946201e-02 3.25536877e-02 -1.08486488e-02 -1.82636455e-02 -9.75240208e-03 -8.33824815e-05 -5.14672846e-02 -5.43586770e-03 -2.76093036e-02 3.25431935e-02
-4.08831006e-03 -1.14900041e-02 6.32862560e-04 1.81725458e-03 -2.92694720e-04 -3.21116968e-04 -8.90427735e-03 -5.60561288e-03 1.86593994e-03 3.16172652e-03 1.67869148e-03 1.46043612e-05 8.86099041e-03 9.35964752e-04 4.75145830e-03 -5.59979491e-03
-1.05622159e-02 -2.60902550e-02 1.57545041e-03 4.19608038e-03 -6.01531705e-04 -8.90362251e-04 -2.07707081e-02 -1.31768398e-02 4.38680453e-03 7.42353685e-03 3.94660234e-03 3.42846979e-05 2.08302978e-02 2.20026402e-03 1.11705353e-02 -1.31651089e-02
4.95311152e-03 1.29033364e-02 -7.73925218e-04 -1.98527821e-03 3.24428052e-04 4.07943066e-04 1.00866044e-02 6.39506988e-03 -2.12917104e-03 -3.59391980e-03 -1.91473798e-03 -1.64697321e-05 -1.01047512e-02 -1.06722873e-03 -5.41987829e-03 6.38822140e-03
-7.03427522e-03 -3.58530506e-02 1.77190988e-03 5.95563464e-03 -8.26923992e-04 -1.52949104e-03 -3.03695854e-02 -1.93977356e-02 6.46362174e-03 1.08853476e-02 5.81105426e-03 4.97630426e-05 3.06675360e-02 3.23901162e-03 1.64508335e-02 -1.93905160e-02
1.08239073e-02 5.15039787e-02 -2.16073170e-03 -8.32302496e-03 1.11628301e-03 2.08302983e-03 4.25214693e-02 2.70134341e-02 -8.99755396e-03 -1.51611101e-02 -8.09019338e-03 -6.94486152e-05 -4.26968709e-02 -4.50955518e-03 -2.29025781e-02 2.69948617e-02
2.73274211e-03 3.91703751e-03 -9.93216745e-05 -4.96027176e-04 7.52528576e-05 1.22479410e-04 2.59733107e-03 1.65690354e-03 -5.52070967e-04 -9.31000570e-04 -4.96348541e-04 -4.25925055e-06 -2.61945953e-03 -2.76667241e-04 -1.40510593e-03 1.65616430e-03
