2.08068434e-02 -6.58307448e-02 -3.09742540e-02 -3.01966928e-02 2.10579876e-02 -1.74438078e-02 2.46568359e-02 -2.33569033e-02 2.03008996e-03 6.33302843e-03 1.21301189e-02 1.94106102e-02 1.81755275e-02 -1.37048000e-02 2.13989634e-02 3.59673649e-02
-6.02550693e-02 2.52392709e-01 1.17153868e-01 1.19218014e-01 -8.09249580e-02 6.80349395e-02 -9.57562327e-02 9.12185162e-02 -7.87961017e-03 -2.48385519e-02 -4.75809351e-02 -7.61590600e-02 -7.13077337e-02 5.37819713e-02 -8.39733109e-02 -1.41148090e-01
-2.12730505e-02 8.74888077e-02 4.40993421e-02 4.60493565e-02 -3.10998578e-02 2.64466200e-02 -3.71148549e-02 3.54669020e-02 -3.05158482e-03 -9.63746663e-03 -1.84760913e-02 -2.95759439e-02 -2.76910588e-02 2.08863616e-02 -3.26108746e-02 -5.48152626e-02
-1.76074542e-02 6.85481206e-02 3.53001282e-02 3.59663665e-02 -2.44159140e-02 2.06374340e-02 -2.89604869e-02 2.76442114e-02 -2.37313402e-03 -7.51372101e-03 -1.44049777e-02 -2.30560675e-02 -2.15869918e-02 1.62821803e-02 -2.54222453e-02 -4.27318066e-02
-3.67976353e-02 1.96818098e-01 9.93962958e-02 1.01394631e-01 -7.11357743e-02 5.90004921e-02 -8.20255727e-02 7.89280906e-02 -6.74854591e-03 -2.12733150e-02 -4.06320207e-02 -6.50381520e-02 -6.09110706e-02 4.59230319e-02 -7.17087239e-02 -1.20522022e-01
2.00691372e-02 -7.22155273e-02 -2.96893585e-02 -2.71980464e-02 2.00883355e-02 -1.62855741e-02 2.30396576e-02 -2.19200905e-02 1.88152317e-03 5.81535697e-03 1.10915182e-02 1.77345667e-02 1.66214779e-02 -1.25146406e-02 1.95453539e-02 3.28437574e-02
-6.19120570e-03 2.15147175e-02 1.19313803e-02 1.28530255e-02 -8.53375811e-03 7.32156169e-03 -1.02215698e-02 9.77451913e-03 -8.43252637e-04 -2.67252629e-03 -5.12519479e-03 -8.20446294e-03 -7.68123567e-03 5.79419872e-03 -9.04684514e-03 -1.52066536e-02
-1.03394873e-02 2.23760940e-02 7.62700988e-03 5.76011138e-03 -5.02251321e-03 3.72355571e-03 -5.31161111e-03 4.95236646e-03 -4.35515685e-04 -1.32409018e-03 -2.51088617e-03 -4.00918443e-03 -3.76043422e-03 2.82719801e-03 -4.41678613e-03 -7.41975103e-03
1.26687139e-02 5.09421378e-02 3.87038216e-02 4.51569445e-02 -2.87239868e-02 2.52405386e-02 -3.52751426e-02 3.38180847e-02 -2.90785707e-03 -9.26733296e-03 -1.77988634e-02 -2.85046976e-02 -2.66821831e-02 2.01339275e-02 -3.14344652e-02 -5.28409965e-02
1.75509378e-02 -5.10601662e-02 -2.29360964e-02 -2.16271859e-02 1.57013964e-02 -1.25642903e-02 1.79346092e-02 -1.73713863e-02 1.44702103e-03 4.53115907e-03 8.67743138e-03 1.38854655e-02 1.30050490e-02 -9.80281457e-03 1.53072150e-02 2.57269274e-02
7.32862577e-03 -1.96139719e-02 -7.89077301e-03 -7.55393552e-03 5.50394505e-03 -4.41499008e-03 6.20712386e-03 -5.94337005e-03 5.06395998e-04 1.59595383e-03 3.05395154e-03 4.88653407e-03 4.57612099e-03 -3.45028029e-03 5.38734300e-03 9.05505568e-03
1.93822030e-02 -6.36557713e-02 -3.04371938e-02 -3.01205106e-02 2.10082680e-02 -1.73460934e-02 2.45190822e-02 -2.33449191e-02 2.00840575e-03 6.31127367e-03 1.20918863e-02 1.93505976e-02 1.81220807e-02 -1.36615364e-02 2.13326477e-02 3.58541198e-02
-1.35943098e-02 3.82658169e-02 1.79726426e-02 1.75058581e-02 -1.23026008e-02 1.00919697e-02 -1.41689423e-02 1.34845581e-02 -1.16666430e-03 -3.66429077e-03 -7.01424200e-03 -1.12236924e-02 -1.05109727e-02 7.92382658e-03 -1.23729352e-02 -2.07956061e-02
-1.83342341e-02 6.84089810e-02 3.22905742e-02 3.14617380e-02 -2.24832688e-02 1.82566512e-02 -2.58144811e-02 2.46453639e-02 -2.12849746e-03 -6.59967726e-03 -1.26355663e-02 -2.02205349e-02 -1.89397167e-02 1.42746838e-02 -2.22909767e-02 -3.74631323e-02
-2.23509781e-02 2.56670937e-02 8.17219820e-03 5.50928479e-03 -4.13653348e-03 3.33809317e-03 -4.75810980e-03 4.46939887e-03 -3.89629131e-04 -1.18656899e-03 -2.27275072e-03 -3.63729708e-03 -3.40589741e-03 2.56801932e-03 -4.00969293e-03 -6.73955167e-03
9.14533064e-03 4.29402143e-02 3.22041847e-02 3.72867659e-02 -2.38415450e-02 2.09227707e-02 -2.92251743e-02 2.80204881e-02 -2.41329568e-03 -7.67597137e-03 -1.47362640e-02 -2.35955007e-02 -2.20889617e-02 1.66654065e-02 -2.60197297e-02 -4.37379070e-02
-2.81158853e-02 9.10671428e-02 3.65674347e-02 3.45186032e-02 -2.54569631e-02 2.05062777e-02 -2.89743245e-02 2.79020499e-02 -2.33553117e-03 -7.35632284e-03 -1.40882162e-02 -2.25476753e-02 -2.11121347e-02 1.59215704e-02 -2.48594061e-02 -4.17851657e-02
1.41598992e-02 -4.31459248e-02 -2.07851715e-02 -2.14662477e-02 1.47580113e-02 -1.23767294e-02 1.73969921e-02 -1.66547634e-02 1.43464061e-03 4.51273751e-03 8.64893384e-03 1.38433054e-02 1.29632400e-02 -9.77536850e-03 1.52635118e-02 2.56549064e-02
-3.48253152e-03 1.07461903e-02 5.41252969e-03 5.56894112e-03 -3.79450060e-03 3.19784088e-03 -4.51379456e-03 4.29878011e-03 -3.69290996e-04 -1.16418640e-03 -2.23072572e-03 -3.57019017e-03 -3.34298704e-03 2.52104411e-03 -3.93634010e-03 -6.61635352e-03
-4.37697880e-02 1.70615930e-02 -7.70852249e-03 -1.32757984e-02 6.64713467e-03 -6.94560865e-03 9.90287866e-03 -9.50457342e-03 8.32893478e-04 2.65507936e-03 5.11982059e-03 8.20666086e-03 7.68272113e-03 -5.79869282e-03 9.05311666e-03 1.52188111e-02
-1.26820719e-02 4.64994758e-02 2.40890440e-02 2.48212032e-02 -1.66488737e-02 1.41553488e-02 -1.98651925e-02 1.90104712e-02 -1.62805594e-03 -5.15703438e-03 -9.89258848e-03 -1.58369746e-02 -1.48264794e-02 1.11844838e-02 -1.74625982e-02 -2.93532349e-02
-5.71473921e-03 1.27911139e-02 7.82348868e-03 8.53694044e-03 -5.58064273e-03 4.80919657e-03 -6.73675165e-03 6.43557915e-03 -5.53673366e-04 -1.75674038e-03 -3.37080448e-03 -5.39661478e-03 -5.05230529e-03 3.81131889e-03 -5.95071120e-03 -1.00026643e-02
-2.67305784e-02 1.04817577e-01 4.31950279e-02 4.12187278e-02 -2.98791695e-02 2.42263656e-02 -3.46563421e-02 3.28318775e-02 -2.81450059e-03 -8.76790844e-03 -1.67372376e-02 -2.67635342e-02 -2.50801872e-02 1.88880190e-02 -2.94997059e-02 -4.95704561e-02
-8.11702572e-03 1.21887408e-01 7.48974979e-02 8.36181566e-02 -5.40773384e-02 4.71848957e-02 -6.59216866e-02 6.31354749e-02 -5.43812057e-03 -1.72791500e-02 -3.31627280e-02 -5.30966967e-02 -4.97064516e-02 3.75007056e-02 -5.85501529e-02 -9.84192044e-02
3.36584449e-03 -2.75756009e-02 -1.56033952e-02 -1.69393942e-02 1.13168275e-02 -9.65458434e-03 1.35155907e-02 -1.29253510e-02 1.11120578e-03 3.52005404e-03 6.75131474e-03 1.08075235e-02 1.01184649e-02 -7.63248233e-03 1.19169066e-02 2.00311393e-02
-1.69983245e-02 1.08103752e-01 5.80825992e-02 6.15776516e-02 -4.08213437e-02 3.49234305e-02 -4.89623211e-02 4.68740016e-02 -4.02185041e-03 -1.27600813e-02 -2.44844034e-02 -3.92010882e-02 -3.66996415e-02 2.76857764e-02 -4.32262458e-02 -7.26603270e-02
-4.41768439e-03 2.28695106e-02 1.29541708e-02 1.36514958e-02 -9.22278129e-03 7.80044869e-03 -1.09225586e-02 1.04268957e-02 -9.00455052e-04 -2.83872010e-03 -5.43868123e-03 -8.70136265e-03 -8.14876612e-03 6.14402862e-03 -9.59381647e-03 -1.61247812e-02
1.12504205e-02 -3.97220366e-02 -1.52919898e-02 -1.36934510e-02 9.84078273e-03 -8.10401142e-03 1.11879008e-02 -1.06448177e-02 9.22442763e-04 2.89128744e-03 5.52879227e-03 8.84201378e-03 8.28047376e-03 -6.24273764e-03 9.74760298e-03 1.63835734e-02
-4.71256673e-02 9.89504829e-02 3.71720009e-02 3.25348005e-02 -2.41514165e-02 1.93868056e-02 -2.76846848e-02 2.62415446e-02 -2.24496052e-03 -6.96588634e-03 -1.33498730e-02 -2.13391986e-02 -1.99852604e-02 1.50482804e-02 -2.35013291e-02 -3.94916497e-02
1.32044591e-02 -3.63009945e-02 -1.49637368e-02 -1.29637681e-02 9.97477677e-03 -7.75026204e-03 1.09094931e-02 -1.04861520e-02 8.99630366e-04 2.79147876e-03 5.32494299e-03 8.51388648e-03 7.97662046e-03 -6.00853609e-03 9.38354339e-03 1.57688931e-02
2.03535445e-02 -8.52015540e-02 -3.80794890e-02 -3.82318012e-02 2.61633955e-02 -2.19708104e-02 3.09718344e-02 -2.98480988e-02 2.55000265e-03 7.99140148e-03 1.52915288e-02 2.44769976e-02 2.29237396e-02 -1.72847491e-02 2.69909408e-02 4.53621075e-02
-2.75277738e-02 -1.29692443e-02 -2.36237869e-02 -3.18509899e-02 1.95094720e-02 -1.75222717e-02 2.45279875e-02 -2.34126430e-02 2.03780876e-03 6.51279418e-03 1.25194583e-02 2.00590435e-02 1.87763665e-02 -1.41711412e-02 2.21251436e-02 3.71920392e-02
1.25331860e-02 -3.11018843e-02 -1.16460184e-02 -1.05880592e-02 7.91944563e-03 -6.33724499e-03 8.87355115e-03 -8.51001870e-03 7.26433063e-04 2.28545675e-03 4.37981961e-03 7.01193232e-03 6.56531937e-03 -4.95161954e-03 7.73120904e-03 1.29952384e-02
2.39721760e-02 -1.39475942e-01 -7.20508844e-02 -7.54996985e-02 5.01377881e-02 -4.27020714e-02 6.00662529e-02 -5.73006272e-02 4.92734089e-03 1.56239178e-02 2.99897622e-02 4.80092354e-02 4.49439213e-02 -3.39073166e-02 5.29396832e-02 8.89886394e-02
-3.23237516e-02 1.64979786e-01 8.62361565e-02 9.07846764e-02 -6.23114705e-02 5.18809743e-02 -7.36850873e-02 6.97543323e-02 -5.96975675e-03 -1.88216809e-02 -3.61121595e-02 -5.77809960e-02 -5.40954135e-02 4.08079922e-02 -6.37140200e-02 -1.07098788e-01
1.12672010e-02 -4.84910496e-02 -2.23899931e-02 -2.29403041e-02 1.57383569e-02 -1.32116787e-02 1.85380243e-02 -1.76772363e-02 1.51913764e-03 4.79299249e-03 9.17732995e-03 1.46873631e-02 1.37539785e-02 -1.03709390e-02 1.61934234e-02 2.72179488e-02
-3.98431681e-02 1.11710936e-01 4.33376543e-02 3.97921354e-02 -2.91191265e-02 2.36239713e-02 -3.33277732e-02 3.29254568e-02 -2.72733252e-03 -8.49061552e-03 -1.62380934e-02 -2.59707216e-02 -2.43275724e-02 1.83334313e-02 -2.86281575e-02 -4.81136441e-02
-1.82923526e-02 1.95945278e-02 -2.01780954e-03 -7.66531751e-03 3.59946955e-03 -3.76192853e-03 5.02283359e-03 -4.74121375e-03 4.53202927e-04 1.46216876e-03 2.83940509e-03 4.54925047e-03 4.25553648e-03 -3.21407127e-03 5.01775136e-03 8.43557622e-03
-9.47069377e-03 1.97331477e-02 6.99194800e-03 5.42155746e-03 -4.41772584e-03 3.20773106e-03 -4.53233346e-03 4.28167731e-03 -3.68654029e-04 -1.15310866e-03 -2.20800401e-03 -3.53242294e-03 -3.30778747e-03 2.49404251e-03 -3.89418355e-03 -6.54541841e-03
8.34681373e-03 -2.74127517e-02 -1.18343597e-02 -1.17320577e-02 8.11339077e-03 -6.76905597e-03 9.52333398e-03 -9.03400313e-03 7.79698952e-04 2.46158917e-03 4.72007878e-03 7.55656790e-03 7.07456982e-03 -5.33674704e-03 8.33238289e-03 1.40060689e-02
4.43271967e-03 -1.81169920e-02 -9.41555109e-03 -9.64183640e-03 6.70836493e-03 -5.56497229e-03 7.81059312e-03 -7.47444667e-03 6.42021827e-04 2.02424149e-03 3.87880858e-03 6.20738277e-03 5.81282750e-03 -4.38308204e-03 6.84386259e-03 1.15031870e-02
4.63674264e-03 -9.42387618e-03 -2.46667489e-03 -1.53602008e-03 1.70429144e-03 -1.00354780e-03 1.53464614e-03 -1.41646096e-03 1.17531388e-04 3.50757327e-04 6.64566527e-04 1.06264779e-03 9.95832495e-04 -7.49457569e-04 1.17062719e-03 1.96680822e-03
2.27903407e-02 -3.69249880e-02 -8.11215397e-03 -3.89250088e-03 5.45259658e-03 -3.12067242e-03 4.45668120e-03 -4.15409822e-03 3.37299949e-04 9.98226926e-04 1.86733797e-03 2.96611013e-03 2.78410641e-03 -2.08874885e-03 3.26382462e-03 5.48150064e-03
-3.16450782e-02 4.94574979e-02 1.77676231e-02 1.27711101e-02 -1.04654059e-02 7.77769508e-03 -1.09882271e-02 1.05796354e-02 -8.96537909e-04 -2.77308933e-03 -5.29811252e-03 -8.47313181e-03 -7.93643668e-03 5.98207209e-03 -9.34067182e-03 -1.56993736e-02
1.00211557e-02 -6.31629750e-02 -3.00508197e-02 -3.07112113e-02 2.10519452e-02 -1.76549368e-02 2.47800723e-02 -2.39846148e-02 2.05900427e-03 6.41563861e-03 1.22858277e-02 1.96682271e-02 1.84227303e-02 -1.38865644e-02 2.16834825e-02 3.64424139e-02
-2.88395435e-02 9.20072496e-02 4.36945781e-02 4.30596806e-02 -3.03817056e-02 2.50132959e-02 -3.51143181e-02 3.36814076e-02 -2.87360302e-03 -9.01638530e-03 -1.72598995e-02 -2.76129339e-02 -2.58573815e-02 1.94982663e-02 -3.04451678e-02 -5.11718169e-02
-1.20454961e-02 1.18450783e-01 6.45615757e-02 7.01059625e-02 -4.64526005e-02 3.98149826e-02 -5.57687618e-02 5.32700159e-02 -4.58087027e-03 -1.45359691e-02 -2.78533548e-02 -4.45899479e-02 -4.17460762e-02 3.14915180e-02 -4.91695367e-02 -8.26484412e-02
-7.71675631e-03 7.30289593e-02 4.32691760e-02 4.80471589e-02 -3.13662365e-02 2.71764770e-02 -3.79569419e-02 3.63551304e-02 -3.12798261e-03 -9.93880071e-03 -1.90717597e-02 -3.05362213e-02 -2.85866931e-02 2.15670001e-02 -3.36727165e-02 -5.66019006e-02
-2.20582052e-03 6.69438615e-02 4.28929552e-02 4.82127629e-02 -3.10787000e-02 2.70336419e-02 -3.77456620e-02 3.61232348e-02 -3.11136479e-03 -9.88154672e-03 -1.89602226e-02 -3.03565804e-02 -2.84189433e-02 2.14398447e-02 -3.34743224e-02 -5.62681668e-02
1.47565398e-02 3.86401266e-02 3.56187709e-02 4.27446216e-02 -2.70601269e-02 2.39803456e-02 -3.34513746e-02 3.20716426e-02 -2.76735146e-03 -8.80222488e-03 -1.69001315e-02 -2.70604156e-02 -2.53323261e-02 1.91126224e-02 -2.98404936e-02 -5.01605496e-02
2.30691768e-02 -1.03900924e-01 -5.05620502e-02 -5.27474806e-02 3.51026393e-02 -2.99055390e-02 4.20695916e-02 -4.00927216e-02 3.44679318e-03 1.09159304e-02 2.09425781e-02 3.35284323e-02 3.13892327e-02 -2.36798078e-02 3.69717628e-02 6.21467717e-02
-6.97455509e-03 2.58609205e-02 1.24020623e-02 1.25559103e-02 -8.67458619e-03 7.28640566e-03 -1.01950867e-02 9.71932616e-03 -8.40202672e-04 -2.64557218e-03 -5.06858621e-03 -8.11109692e-03 -7.59533746e-03 5.72741730e-03 -8.94300174e-03 -1.50313452e-02
9.78889037e-03 -3.98595519e-02 -1.99930947e-02 -2.03387532e-02 1.37024801e-02 -1.17007429e-02 1.63888186e-02 -1.56772714e-02 1.34730630e-03 4.24722070e-03 8.14317446e-03 1.30324746e-02 1.22023067e-02 -9.20326076e-03 1.43695977e-02 2.41535194e-02
-8.15187988e-04 -1.04100518e-02 -7.77860824e-03 -9.10813734e-03 5.72698936e-03 -5.07932715e-03 7.09223561e-03 -6.79508457e-03 5.85650385e-04 1.86504202e-03 3.58151319e-03 5.73533913e-03 5.36883110e-03 -4.05101245e-03 6.32476667e-03 1.06317839e-02
-1.73089821e-02 9.41754803e-02 5.08753173e-02 5.50023615e-02 -3.71748470e-02 3.14236470e-02 -4.40644175e-02 4.21804935e-02 -3.61864991e-03 -1.14532979e-02 -2.19624210e-02 -3.51581797e-02 -3.29146944e-02 2.48290859e-02 -3.87665704e-02 -6.51627630e-02
-1.33842109e-02 5.12785092e-03 -3.76920262e-03 -7.00370781e-03 3.41770542e-03 -3.52728949e-03 4.94301924e-03 -4.57144016e-03 4.10160632e-04 1.35864178e-03 2.63084588e-03 4.23080940e-03 3.95554304e-03 -2.99244933e-03 4.66964254e-03 7.85346702e-03
6.22526463e-03 -1.63608473e-02 -7.30546424e-03 -7.01299030e-03 5.07787475e-03 -4.15274175e-03 5.85984997e-03 -5.60542010e-03 4.80605027e-04 1.50521775e-03 2.87743425e-03 4.60253563e-03 4.31135995e-03 -3.24888504e-03 5.07338764e-03 8.52648448e-03
7.51085638e-04 -1.40942261e-02 -8.15685559e-03 -8.95296503e-03 5.88127691e-03 -5.05875098e-03 7.08384905e-03 -6.77828444e-03 5.83479123e-04 1.85212726e-03 3.55431391e-03 5.69068920e-03 5.32743474e-03 -4.01914632e-03 6.27513696e-03 1.05481185e-02
1.21907927e-02 -4.89873514e-02 -2.28340384e-02 -2.29306612e-02 1.53999431e-02 -1.30420541e-02 1.83122046e-02 -1.74758434e-02 1.50228385e-03 4.75437334e-03 9.12508462e-03 1.46067580e-02 1.36743281e-02 -1.03161186e-02 1.61066428e-02 2.70742979e-02
2.38731168e-02 -3.23130265e-02 -7.70256110e-03 -1.72919885e-03 2.75693135e-03 -1.38986111e-03 2.04963353e-03 -1.74927083e-03 1.41973738e-04 4.19044460e-04 7.88563571e-04 1.25502294e-03 1.17546041e-03 -8.84100096e-04 1.38063275e-03 2.32001976e-03
8.60576984e-03 -3.01009342e-02 -1.43397786e-02 -1.38247684e-02 9.64646880e-03 -7.98314810e-03 1.12151010e-02 -1.06853880e-02 9.18485399e-04 2.89590983e-03 5.54927811e-03 8.88130628e-03 8.31556320e-03 -6.27159653e-03 9.79225244e-03 1.64594762e-02
3.88558814e-03 -3.81759368e-04 2.88749667e-04 7.30215164e-04 -3.41219944e-04 3.76540469e-04 -5.19152032e-04 5.10740385e-04 -4.44031175e-05 -1.48574094e-04 -2.87467497e-04 -4.62577678e-04 -4.32633533e-04 3.27082438e-04 -5.10630605e-04 -8.58468062e-04
-3.21032410e-03 2.30417848e-02 7.99687952e-03 5.72821870e-03 -4.98226844e-03 3.58691043e-03 -5.16961562e-03 4.91200946e-03 -4.17327974e-04 -1.23801094e-03 -2.34184181e-03 -3.73575627e-03 -3.50940018e-03 2.63127219e-03 -4.11224691e-03 -6.90534525e-03
3.52084041e-02 -1.37697428e-01 -6.61175847e-02 -6.91157952e-02 4.62750904e-02 -3.93795818e-02 5.53798750e-02 -5.28721139e-02 4.53033298e-03 1.43706677e-02 2.75721643e-02 4.41398732e-02 4.13227789e-02 -3.11738569e-02 4.86721173e-02 8.18146691e-02
4.24830522e-03 -3.66074964e-02 -2.12254133e-02 -2.31946036e-02 1.52421379e-02 -1.31605826e-02 1.84103586e-02 -1.76099204e-02 1.51596405e-03 4.81050741e-03 9.22968704e-03 1.47761954e-02 1.38335638e-02 -1.04356231e-02 1.62934158e-02 2.73879264e-02
-3.09601240e-03 2.05480698e-02 1.13916015e-02 1.22697512e-02 -8.23417585e-03 6.99447934e-03 -9.80345812e-03 9.39031970e-03 -8.06316209e-04 -2.55514542e-03 -4.90228180e-03 -7.84747954e-03 -7.34741986e-03 5.54213021e-03 -8.65316205e-03 -1.45451399e-02
1.27983307e-02 -6.74797148e-02 -3.62174213e-02 -3.80320996e-02 2.53136065e-02 -2.16412656e-02 3.03866975e-02 -2.90122498e-02 2.49097915e-03 7.90167507e-03 1.51573969e-02 2.42633652e-02 2.27156058e-02 -1.71358269e-02 2.67546084e-02 4.49723788e-02
-1.42447025e-01 1.89718008e-01 8.65827221e-03 -1.45959686e-02 2.61594867e-03 -4.49015992e-03 6.45169150e-03 -6.80546463e-03 5.98409271e-04 2.08715606e-03 4.07780288e-03 6.59302808e-03 6.14710292e-03 -4.67781723e-03 7.29709864e-03 1.22743305e-02
3.56388930e-03 -2.34380681e-02 -1.23568252e-02 -1.28701469e-02 8.81681219e-03 -7.38506205e-03 1.03567159e-02 -9.88467690e-03 8.50717537e-04 2.68437015e-03 5.14259096e-03 8.22977535e-03 7.70624494e-03 -5.81108779e-03 9.07351263e-03 1.52508933e-02
-1.03889797e-02 5.12054339e-02 2.60482840e-02 2.66507026e-02 -1.83920506e-02 1.53091680e-02 -2.16239970e-02 2.05620099e-02 -1.77059346e-03 -5.57308644e-03 -1.06679406e-02 -1.70662887e-02 -1.59839764e-02 1.20482529e-02 -1.88138485e-02 -3.16201337e-02
-2.65500918e-02 1.16924539e-01 5.62280342e-02 5.23374602e-02 -3.64294387e-02 3.02714016e-02 -4.25444245e-02 4.05424982e-02 -3.50380503e-03 -1.09792342e-02 -2.10101344e-02 -3.36190462e-02 -3.14929150e-02 2.37333030e-02 -3.70618999e-02 -6.22872524e-02
1.13205635e-03 -5.64769749e-03 -2.90739676e-03 -3.14432988e-03 2.08833907e-03 -1.78740826e-03 2.50043953e-03 -2.39200937e-03 2.06160534e-04 6.54062605e-04 1.25491619e-03 2.00912519e-03 1.88091991e-03 -1.41894876e-03 2.21543270e-03 3.72398063e-03
-1.04148343e-01 4.95870650e-01 2.30736494e-01 2.40389556e-01 -1.63253039e-01 1.37603268e-01 -1.93899632e-01 1.84558213e-01 -1.58472620e-02 -5.00831977e-02 -9.59936604e-02 -1.53627932e-01 -1.43836826e-01 1.08489946e-01 -1.69391602e-01 -2.84726650e-01
6.39053807e-03 6.09291811e-03 8.82025249e-03 1.18111148e-02 -6.50865585e-03 6.42329967e-03 -8.77902471e-03 8.47863778e-03 -7.44790304e-04 -2.39399378e-03 -4.60532727e-03 -7.37951882e-03 -6.90677483e-03 5.21336216e-03 -8.13919120e-03 -1.36824735e-02
-1.16603374e-02 -6.97563216e-03 -8.89274199e-03 -1.11274226e-02 6.85629342e-03 -6.18576957e-03 8.63139238e-03 -8.29359889e-03 7.12742039e-04 2.27700826e-03 4.37367102e-03 7.00398022e-03 6.55632047e-03 -4.94728982e-03 7.72406487e-03 1.29840774e-02
-1.90090127e-02 3.52488570e-02 1.01302639e-02 7.30865775e-03 -7.20677665e-03 4.84891888e-03 -6.86970307e-03 6.68378267e-03 -5.82766195e-04 -1.69577077e-03 -3.19353910e-03 -5.09966072e-03 -4.79463302e-03 3.58935166e-03 -5.61350724e-03 -9.42026265e-03
1.90597530e-02 -6.72110394e-02 -3.26983221e-02 -3.34847569e-02 2.29177922e-02 -1.93582065e-02 2.70399041e-02 -2.59052794e-02 2.22297153e-03 7.02679856e-03 1.34615703e-02 2.15396844e-02 2.01698989e-02 -1.52094681e-02 2.37483699e-02 3.99163887e-02
-2.98249759e-02 1.19399473e-01 5.77073731e-02 5.82393669e-02 -3.93892825e-02 3.30484807e-02 -4.62742001e-02 4.42692935e-02 -3.80107178e-03 -1.20608248e-02 -2.31443103e-02 -3.70536894e-02 -3.46885175e-02 2.61697955e-02 -4.08590846e-02 -6.86817393e-02
7.27862865e-03 -3.48626226e-02 -1.66615117e-02 -1.64536890e-02 1.14186788e-02 -9.52283293e-03 1.33784823e-02 -1.27920834e-02 1.10163121e-03 3.45158856e-03 6.60517672e-03 1.05682509e-02 9.89832729e-03 -7.46101094e-03 1.16504375e-02 1.95809454e-02
1.76583361e-02 -6.32954761e-02 -3.28787789e-02 -3.34589221e-02 2.27866583e-02 -1.91783793e-02 2.68401634e-02 -2.56322306e-02 2.21232767e-03 6.98344689e-03 1.33864591e-02 2.14266609e-02 2.00620517e-02 -1.51305506e-02 2.36245226e-02 3.97093222e-02
1.97603996e-03 -2.34177560e-02 -1.08472584e-02 -1.10375388e-02 7.90504739e-03 -6.40186155e-03 9.10810474e-03 -8.70985072e-03 7.38664414e-04 2.31700856e-03 4.43137484e-03 7.08968798e-03 6.64020283e-03 -5.00533916e-03 7.81587046e-03 1.31361708e-02
8.70672148e-03 -2.20503882e-02 -8.02157074e-03 -6.57014316e-03 5.14680427e-03 -3.96594917e-03 5.67807443e-03 -5.34027908e-03 4.54467256e-04 1.40820688e-03 2.68993899e-03 4.30312939e-03 4.03043441e-03 -3.03775049e-03 4.74346941e-03 7.97231961e-03
-1.01167150e-02 1.14499470e-02 -8.55906401e-05 -3.69043928e-03 1.04176102e-03 -1.67305674e-03 2.40366906e-03 -2.43520970e-03 1.99063346e-04 6.89254317e-04 1.34278461e-03 2.15477427e-03 2.01381044e-03 -1.52463792e-03 2.37948773e-03 4.00170311e-03
4.52928152e-03 -3.96950580e-02 -2.24389266e-02 -2.41234843e-02 1.59450285e-02 -1.36583894e-02 1.91229470e-02 -1.83021910e-02 1.57357741e-03 4.99415770e-03 9.58216283e-03 1.53412949e-02 1.43622719e-02 -1.08349193e-02 1.69167127e-02 2.84358524e-02
2.19694581e-02 -7.04121143e-02 -2.71762703e-02 -2.60954350e-02 1.84302293e-02 -1.51816327e-02 2.15680860e-02 -2.03413963e-02 1.74201140e-03 5.50390454e-03 1.05473865e-02 1.68811809e-02 1.58055983e-02 -1.19206998e-02 1.86123289e-02 3.12853232e-02
4.23946464e-03 8.77394900e-03 6.96299691e-03 8.11129622e-03 -5.12516918e-03 4.53099562e-03 -6.33073505e-03 6.07030001e-03 -5.22788265e-04 -1.66452478e-03 -3.19637428e-03 -5.11866016e-03 -4.79159364e-03 3.61539936e-03 -5.64467488e-03 -9.48853046e-03
-3.97078246e-02 1.66539297e-01 6.87329993e-02 6.63707629e-02 -4.73460890e-02 3.85005735e-02 -5.42789698e-02 5.18225953e-02 -4.42067068e-03 -1.39522515e-02 -2.67288797e-02 -4.27327603e-02 -4.00232859e-02 3.01713124e-02 -4.71132286e-02 -7.91828111e-02
2.45476291e-02 -4.92189080e-02 -1.46381361e-02 -1.07172988e-02 1.05991913e-02 -7.16083776e-03 1.03503121e-02 -9.91900079e-03 8.32741673e-04 2.48167780e-03 4.70829709e-03 7.52089405e-03 7.05265347e-03 -5.30320313e-03 8.28514993e-03 1.39174089e-02
-2.40228120e-02 8.33130255e-02 3.75317261e-02 3.73588093e-02 -2.56013572e-02 2.14821175e-02 -3.01374886e-02 2.86875404e-02 -2.47462955e-03 -7.79877277e-03 -1.49506861e-02 -2.39203535e-02 -2.23987680e-02 1.68902799e-02 -2.63724886e-02 -4.43275683e-02
7.81109836e-03 -3.11455466e-02 -1.39288139e-02 -1.41367950e-02 9.57025308e-03 -8.06798879e-03 1.12805832e-02 -1.07787391e-02 9.28737398e-04 2.93784658e-03 5.63474465e-03 9.01938230e-03 8.44395533e-03 -6.36954652e-03 9.94497910e-03 1.67165846e-02
-3.57432552e-02 1.25202209e-01 5.61838485e-02 5.46807609e-02 -3.80991250e-02 3.16669755e-02 -4.41612042e-02 4.20392975e-02 -3.62503249e-03 -1.14315944e-02 -2.19164602e-02 -3.50783393e-02 -3.28429975e-02 2.47712079e-02 -3.86771113e-02 -6.50108680e-02
-5.45202754e-03 1.19330529e-02 5.17171901e-03 5.06248185e-03 -3.47866374e-03 2.91880337e-03 -4.10515256e-03 3.91226029e-03 -3.37007077e-04 -1.05915358e-03 -2.02986086e-03 -3.24793556e-03 -3.04135913e-03 2.29320815e-03 -3.58065614e-03 -6.01838436e-03
1.73082668e-02 -1.17735513e-01 -6.27848282e-02 -6.39346465e-02 4.30201143e-02 -3.63749675e-02 5.11681810e-02 -4.89525422e-02 4.20109602e-03 1.32524474e-02 2.54283007e-02 4.07117344e-02 3.81151550e-02 -2.87511609e-02 4.48899567e-02 7.54561275e-02
1.68281083e-04 -3.76501232e-02 -2.53854096e-02 -2.88020447e-02 1.85142029e-02 -1.62013564e-02 2.26443056e-02 -2.16897279e-02 1.86799944e-03 5.93864452e-03 1.13997338e-02 1.82528459e-02 1.70873441e-02 -1.28917396e-02 2.01279074e-02 3.38339992e-02
4.80299676e-03 -1.46720391e-02 -6.32382277e-03 -6.16634311e-03 4.37596580e-03 -3.60129494e-03 5.07346960e-03 -4.83560935e-03 4.15122457e-04 1.30797748e-03 2.50553177e-03 4.00943868e-03 3.75444698e-03 -2.83104414e-03 4.42042435e-03 7.42991082e-03
2.23689759e-03 -6.45873398e-02 -3.72064374e-02 -3.97548489e-02 2.64036842e-02 -2.26398073e-02 3.16281989e-02 -3.03527825e-02 2.60676094e-03 8.23931117e-03 1.57946087e-02 2.52851006e-02 2.36739255e-02 -1.78567767e-02 2.78815404e-02 4.68643829e-02
2.47290172e-02 -8.54663327e-02 -3.59059609e-02 -3.41276154e-02 2.43402459e-02 -1.99068245e-02 2.81639807e-02 -2.66593117e-02 2.30748160e-03 7.25522125e-03 1.39009506e-02 2.22429950e-02 2.08214037e-02 -1.57008227e-02 2.45183222e-02 4.12053093e-02
-2.16955668e-03 -1.99362766e-02 -1.46860424e-02 -1.68762840e-02 1.07206665e-02 -9.45281237e-03 1.32069513e-02 -1.26512293e-02 1.08954823e-03 3.46817542e-03 6.65864395e-03 1.06619429e-02 9.98095609e-03 -7.53058773e-03 1.17574716e-02 1.97638385e-02
1.12876724e-02 -4.41358276e-02 -2.04174351e-02 -2.14519631e-02 1.47711271e-02 -1.23272166e-02 1.72872674e-02 -1.67203601e-02 1.41215452e-03 4.47260961e-03 8.57137237e-03 1.37186302e-02 1.28448000e-02 -9.68772359e-03 1.51260020e-02 2.54249386e-02
-4.44234442e-03 1.30053423e-02 6.04906306e-03 5.78803709e-03 -4.02648048e-03 3.34965391e-03 -4.70027421e-03 4.46719816e-03 -3.84514802e-04 -1.21048582e-03 -2.31978251e-03 -3.71167553e-03 -3.47526954e-03 2.62089306e-03 -4.09218203e-03 -6.87837694e-03
-2.42892727e-02 8.06294680e-02 3.85763794e-02 3.78427804e-02 -2.58707963e-02 2.17784438e-02 -3.05811837e-02 2.93111708e-02 -2.52043339e-03 -7.92983547e-03 -1.52004259e-02 -2.43230164e-02 -2.27752216e-02 1.71743147e-02 -2.68161595e-02 -4.50729690e-02
1.73812285e-02 -6.72628284e-02 -2.91150324e-02 -2.65490618e-02 1.90784354e-02 -1.56271346e-02 2.20453460e-02 -2.09834669e-02 1.81373011e-03 5.63326385e-03 1.07732508e-02 1.72267966e-02 1.61421672e-02 -1.21568954e-02 1.89856440e-02 3.19052003e-02
-9.42811556e-03 2.94729993e-02 1.26276342e-02 1.20534748e-02 -8.46096873e-03 7.00751739e-03 -9.90838744e-03 9.48056392e-03 -8.07525590e-04 -2.53562443e-03 -4.85575572e-03 -7.76727824e-03 -7.27377692e-03 5.48396679e-03 -8.56284983e-03 -1.43922912e-02
9.90510453e-03 -6.33774549e-02 -3.49539071e-02 -3.72231305e-02 2.48457771e-02 -2.11861990e-02 2.96485685e-02 -2.83251554e-02 2.44050403e-03 7.72331981e-03 1.48127954e-02 2.37119887e-02 2.22004224e-02 -1.67463534e-02 2.61466745e-02 4.39501368e-02
-1.17225037e-03 -2.40416415e-02 -1.51360715e-02 -1.66601930e-02 1.08747948e-02 -9.42288712e-03 1.31483609e-02 -1.25643024e-02 1.08295027e-03 3.43856215e-03 6.59707887e-03 1.05610024e-02 9.88697167e-03 -7.45871896e-03 1.16454214e-02 1.95751414e-02
-1.31511781e-02 5.35996296e-02 2.68635973e-02 2.76398472e-02 -1.89026259e-02 1.59083735e-02 -2.21425835e-02 2.11989097e-02 -1.82690949e-03 -5.77819394e-03 -1.10743139e-02 -1.77275632e-02 -1.65974405e-02 1.25194238e-02 -1.95472613e-02 -3.28566469e-02
-1.46104079e-02 6.29229397e-02 3.23333070e-02 3.24480608e-02 -2.24892125e-02 1.88634936e-02 -2.65067443e-02 2.54279785e-02 -2.18281825e-03 -6.87607983e-03 -1.31813455e-02 -2.11008973e-02 -1.97554044e-02 1.49006071e-02 -2.32650973e-02 -3.91058885e-02
-4.41024685e-03 6.18906617e-02 3.58367451e-02 3.88728343e-02 -2.56837308e-02 2.20019110e-02 -3.09686176e-02 2.94961445e-02 -2.54325569e-03 -8.04115552e-03 -1.54299093e-02 -2.47029271e-02 -2.31272522e-02 1.74466409e-02 -2.72397865e-02 -4.57880870e-02
-2.05829404e-02 6.88798726e-02 2.53339969e-02 2.16649286e-02 -1.67031400e-02 1.27922054e-02 -1.80849899e-02 1.70903485e-02 -1.47466338e-03 -4.63810191e-03 -8.88982601e-03 -1.42247221e-02 -1.33194346e-02 1.00444946e-02 -1.56830829e-02 -2.63610687e-02
5.75194426e-04 1.23424642e-03 2.69011757e-03 3.70221213e-03 -2.05399096e-03 1.99438049e-03 -2.75122933e-03 2.62538507e-03 -2.32865015e-04 -7.45331112e-04 -1.43988396e-03 -2.30835588e-03 -2.15984089e-03 1.63096318e-03 -2.54620216e-03 -4.28048475e-03
-1.55166015e-02 4.05781344e-02 1.38475280e-02 1.08940592e-02 -8.03987030e-03 6.48407219e-03 -9.13501251e-03 8.63682851e-03 -7.37224298e-04 -2.31445534e-03 -4.43136226e-03 -7.09110778e-03 -6.63956627e-03 5.00712870e-03 -7.81793706e-03 -1.31408861e-02
-2.01321449e-02 7.51901865e-02 3.55842225e-02 3.54475044e-02 -2.43148394e-02 2.02973057e-02 -2.84133684e-02 2.71201320e-02 -2.33993563e-03 -7.40084471e-03 -1.41927535e-02 -2.27201376e-02 -2.12711096e-02 1.60453934e-02 -2.50522234e-02 -4.21104096e-02
-3.40721719e-02 8.75459760e-02 3.16088758e-02 2.97211204e-02 -2.08387449e-02 1.71826147e-02 -2.40436960e-02 2.32007243e-02 -1.96375907e-03 -6.20937720e-03 -1.19064366e-02 -1.90560967e-02 -1.78408157e-02 1.34574017e-02 -2.10115425e-02 -3.53182852e-02
1.18474811e-02 -5.12168668e-02 -2.34229881e-02 -2.23622564e-02 1.64525695e-02 -1.34802070e-02 1.89326089e-02 -1.80224534e-02 1.54890842e-03 4.86022187e-03 9.28389654e-03 1.48598216e-02 1.39162857e-02 -1.04917595e-02 1.63828153e-02 2.75349896e-02
-4.52587120e-02 2.05411553e-01 9.40506086e-02 9.81144756e-02 -6.58465400e-02 5.62940612e-02 -7.91255012e-02 7.52023086e-02 -6.48313900e-03 -2.05050875e-02 -3.93231735e-02 -6.29420727e-02 -5.89270107e-02 4.44504768e-02 -6.94020092e-02 -1.16658382e-01
-1.32995369e-02 2.32246611e-02 1.00680264e-02 9.76352580e-03 -6.79377979e-03 5.64079126e-03 -7.89762102e-03 7.53582781e-03 -6.45564054e-04 -2.04400206e-03 -3.91861377e-03 -6.27324497e-03 -5.87314740e-03 4.43025213e-03 -6.91706873e-03 -1.16269989e-02
9.62400995e-03 -1.96884535e-02 -6.29205350e-03 -4.72334400e-03 4.39763442e-03 -2.98265973e-03 4.20778524e-03 -4.00442630e-03 3.31428746e-04 1.02649187e-03 1.95742911e-03 3.12729599e-03 2.92963907e-03 -2.20751716e-03 3.44711985e-03 5.79333398e-03
7.95372669e-03 -2.31772847e-02 -1.05758375e-02 -1.03880428e-02 7.58838234e-03 -6.05922472e-03 8.55881628e-03 -8.23164824e-03 7.05741404e-04 2.19691242e-03 4.19494044e-03 6.71295729e-03 6.29191194e-03 -4.73804027e-03 7.39946263e-03 1.24346279e-02
1.05085159e-02 -7.09525049e-02 -3.73929292e-02 -4.00355645e-02 2.66126674e-02 -2.28164028e-02 3.19072157e-02 -3.05682365e-02 2.62281136e-03 8.32524896e-03 1.59749072e-02 2.55754348e-02 2.39428598e-02 -1.80628393e-02 2.82017104e-02 4.74053025e-02
8.08534771e-03 -2.25388426e-02 -1.12576801e-02 -1.11152027e-02 7.69518083e-03 -6.41546585e-03 9.02999286e-03 -8.62715952e-03 7.42596691e-04 2.34013167e-03 4.48636012e-03 7.18007283e-03 6.72282511e-03 -5.07024722e-03 7.91657157e-03 1.33066112e-02
8.01423751e-03 -2.61058770e-02 -1.05443709e-02 -9.90226306e-03 7.17551960e-03 -5.79754869e-03 8.11957009e-03 -7.73240626e-03 6.66371896e-04 2.09272932e-03 4.00747638e-03 6.41223416e-03 6.00417191e-03 -4.52757580e-03 7.06933206e-03 1.18823349e-02
1.92897506e-02 -1.16973817e-01 -6.14052750e-02 -6.38199225e-02 4.24507521e-02 -3.63314077e-02 5.08135296e-02 -4.87304330e-02 4.18299204e-03 1.32606514e-02 2.54393443e-02 4.07266803e-02 3.81281190e-02 -2.87632868e-02 4.49085943e-02 7.54881576e-02
-8.46405420e-03 4.72279638e-02 2.48211231e-02 2.62622498e-02 -1.75996795e-02 1.50135541e-02 -2.09823828e-02 2.00499818e-02 -1.72459858e-03 -5.47022559e-03 -1.04927467e-02 -1.67983919e-02 -1.57265011e-02 1.18637951e-02 -1.85231622e-02 -3.11360843e-02
-2.82226820e-02 1.00981608e-01 4.72859889e-02 4.58454825e-02 -3.18338647e-02 2.65771709e-02 -3.72460596e-02 3.56842838e-02 -3.07402317e-03 -9.65195149e-03 -1.84778031e-02 -2.95625553e-02 -2.76838448e-02 2.08720807e-02 -3.25910263e-02 -5.47774397e-02
1.98743492e-02 -8.57215151e-02 -3.93861383e-02 -3.94691266e-02 2.74417233e-02 -2.26696543e-02 3.17085050e-02 -3.04327905e-02 2.59687239e-03 8.20949022e-03 1.57368109e-02 2.51865759e-02 2.35810578e-02 -1.77863408e-02 2.77705844e-02 4.66793887e-02
-2.20186636e-02 1.60440564e-01 8.95112082e-02 9.30138826e-02 -6.25505298e-02 5.27712293e-02 -7.39356801e-02 7.06456527e-02 -6.08330686e-03 -1.92833003e-02 -3.70053723e-02 -5.92462420e-02 -5.54648489e-02 4.18429971e-02 -6.53299913e-02 -1.09815523e-01
1.98067352e-02 -1.10313401e-01 -5.30797802e-02 -5.47605157e-02 3.72352228e-02 -3.12935114e-02 4.42161262e-02 -4.22068685e-02 3.62004153e-03 1.14068557e-02 2.18783710e-02 3.50234807e-02 3.27906124e-02 -2.47327033e-02 3.86162363e-02 6.49098456e-02
1.38354879e-02 -2.48323325e-02 -6.51065074e-03 -5.57130855e-03 4.91584837e-03 -3.57091008e-03 5.02384221e-03 -4.79117129e-03 4.04320075e-04 1.27170945e-03 2.42487947e-03 3.87837645e-03 3.63168144e-03 -2.73783854e-03 4.27504769e-03 7.18523189e-03
