-1.27800321e-02 -2.85982229e-02 -1.51287848e-02 -2.75847521e-02 6.21411391e-03 -5.20535279e-04 2.40478907e-02 1.00033469e-02 -1.18116429e-02 8.15560983e-04 -7.19721662e-03 7.08169583e-03 4.77083120e-03 -9.57599003e-03 1.99246164e-02 4.25885394e-02
4.46693227e-02 1.18112966e-01 5.29607758e-02 9.23092142e-02 -2.13594139e-02 1.82755489e-03 -7.94799104e-02 -3.27334255e-02 3.88989188e-02 -2.74610333e-03 2.36802511e-02 -2.33473796e-02 -1.57358646e-02 3.15531828e-02 -6.56408370e-02 -1.40294328e-01
-3.40336002e-04 2.79090833e-02 1.02531239e-02 1.68227330e-02 -3.68014490e-03 7.65949313e-04 -1.10912733e-02 -4.15104302e-03 5.22023672e-03 -3.90171510e-04 3.16392770e-03 -3.16642318e-03 -2.13124091e-03 4.25131293e-03 -8.83680675e-03 -1.88805945e-02
2.04483792e-02 2.67691873e-02 1.59626342e-02 3.16557065e-02 -6.77458895e-03 2.99870502e-04 -2.84042004e-02 -1.21246409e-02 1.41653623e-02 -9.54635732e-04 8.64536222e-03 -8.44964944e-03 -5.69824129e-03 1.14607112e-02 -2.38539223e-02 -5.09950183e-02
2.70042233e-02 7.23104030e-02 3.29363197e-02 5.70237786e-02 -1.39265135e-02 2.80285696e-03 -4.55663763e-02 -1.83249321e-02 2.22709775e-02 -1.60704425e-03 1.35719823e-02 -1.33700455e-02 -9.01222974e-03 1.80694293e-02 -3.75824161e-02 -8.03211033e-02
3.54800373e-04 -3.79943028e-02 -1.38379969e-02 -1.87785719e-02 5.14201215e-03 -1.77952962e-03 1.36781456e-02 4.32439381e-03 -6.05449826e-03 5.36664680e-04 -3.58711532e-03 3.83376051e-03 2.58219638e-03 -5.01283770e-03 1.03677856e-02 2.20977850e-02
6.28876546e-03 1.51995989e-02 8.56163912e-03 1.37859946e-02 -3.77846765e-03 1.03475479e-03 -1.09380372e-02 -4.06592060e-03 5.11888787e-03 -4.34654852e-04 3.04219942e-03 -3.18691600e-03 -2.14396999e-03 4.21102811e-03 -8.72902293e-03 -1.86054707e-02
-3.65185435e-03 8.18836596e-03 2.34008417e-03 3.03952093e-03 -7.92530947e-04 1.63030927e-04 -2.15001428e-03 -8.25963507e-04 1.01213041e-03 -7.79010079e-05 6.11280964e-04 -6.17012556e-04 -4.15085757e-04 8.25561583e-04 -1.71522284e-03 -3.66354501e-03
8.19246471e-02 5.37490360e-02 3.93595770e-02 8.14540312e-02 -1.72538329e-02 1.39533274e-03 -7.26808235e-02 -3.06996554e-02 3.60433385e-02 -2.50703190e-03 2.19165739e-02 -2.16174982e-02 -1.45733412e-02 2.92209610e-02 -6.07855991e-02 -1.29919916e-01
-5.19517623e-03 -2.19111443e-02 -1.05750784e-02 -1.67565588e-02 4.22615232e-03 -4.77353606e-04 1.48805557e-02 5.82896918e-03 -7.21718511e-03 4.98542620e-04 -4.39602556e-03 4.32875985e-03 2.91698775e-03 -5.85054979e-03 1.21723507e-02 2.60169730e-02
2.05009151e-03 -6.56460365e-03 -1.83318672e-03 -2.45795050e-03 6.63342769e-04 -1.23043108e-04 1.75313686e-03 6.65379514e-04 -8.34627834e-04 6.11353025e-05 -5.06258861e-04 5.03169256e-04 3.38933605e-04 -6.77866745e-04 1.40970550e-03 3.01263249e-03
-7.38897640e-03 -2.85771247e-02 -1.37838172e-02 -2.30576061e-02 5.45473397e-03 -5.58757631e-04 1.92514677e-02 7.78597640e-03 -9.35721211e-03 6.57441211e-04 -5.68676274e-03 5.63699612e-03 3.79541027e-03 -7.59626878e-03 1.57972779e-02 3.37580629e-02
3.26083694e-03 1.78741813e-02 8.59064423e-03 1.35004371e-02 -3.31869978e-03 3.77667893e-04 -1.15348492e-02 -4.75517381e-03 5.64744929e-03 -3.98507284e-04 3.43367318e-03 -3.39735532e-03 -2.28754198e-03 4.58241254e-03 -9.53119155e-03 -2.03697048e-02
1.03591839e-02 3.39642093e-02 1.63364336e-02 2.56802551e-02 -6.61729928e-03 1.00029283e-03 -2.16539018e-02 -8.46115220e-03 1.03941420e-02 -7.41868862e-04 6.32132497e-03 -6.28599990e-03 -4.23300732e-03 8.45751725e-03 -1.75837539e-02 -3.75697576e-02
-2.03199219e-02 3.40274675e-03 -1.67544710e-03 -7.58071057e-03 1.57260266e-03 4.70657469e-05 7.51684839e-03 3.29054752e-03 -3.79967922e-03 2.53259612e-04 -2.31990614e-03 2.26253085e-03 1.52624992e-03 -3.07156635e-03 6.39358303e-03 1.36687020e-02
7.25179613e-02 3.84748429e-02 3.07872966e-02 7.10902736e-02 -1.49630383e-02 2.31259241e-04 -6.72131777e-02 -2.89852116e-02 3.36900167e-02 -2.25710403e-03 2.05704551e-02 -2.00843699e-02 -1.35455644e-02 2.72510014e-02 -5.67214899e-02 -1.21261247e-01
-1.16059110e-02 2.22084671e-02 4.66676941e-03 5.10196667e-03 -1.35110249e-03 5.07109915e-04 -2.02100328e-03 -4.25359030e-04 8.15892650e-04 -6.61915692e-05 4.92581807e-04 -4.99287504e-04 -3.35187739e-04 6.66702166e-04 -1.38538855e-03 -2.95981416e-03
-2.10721996e-02 -2.37355754e-02 -1.41533762e-02 -3.05218324e-02 6.64423220e-03 -2.61432957e-04 2.78221127e-02 1.18427407e-02 -1.38687296e-02 9.37020348e-04 -8.46468378e-03 8.27872939e-03 5.58274752e-03 -1.12249898e-02 2.33615786e-02 4.99411784e-02
3.72724421e-03 4.90596332e-03 2.83018709e-03 5.84024843e-03 -1.25795847e-03 5.31282567e-05 -5.30102290e-03 -2.25569168e-03 2.63850158e-03 -1.77928596e-04 1.61049864e-03 -1.57421443e-03 -1.06155244e-03 2.13496573e-03 -4.44360916e-03 -9.49954707e-03
-5.57810441e-02 -1.36276269e-02 -1.53284427e-02 -3.72515470e-02 7.87943043e-03 -1.46903505e-04 3.52231190e-02 1.51906004e-02 -1.76614653e-02 1.18379015e-03 -1.07830670e-02 1.05290813e-02 7.10108504e-03 -1.42858336e-02 2.97351312e-02 6.35687783e-02
1.01773385e-02 1.75162982e-02 9.93907079e-03 1.85348727e-02 -4.07603290e-03 2.65394920e-04 -1.65022425e-02 -6.93140691e-03 8.18064623e-03 -5.53926337e-04 4.99129016e-03 -4.88462904e-03 -3.29309353e-03 6.62091561e-03 -1.37798693e-02 -2.94580273e-02
1.18311103e-02 8.87064915e-03 6.48158789e-03 1.49916988e-02 -3.15715768e-03 6.42815066e-05 -1.39463171e-02 -6.00309717e-03 6.98374771e-03 -4.68233193e-04 4.26384388e-03 -4.16386919e-03 -2.80820206e-03 5.64922253e-03 -1.17584448e-02 -2.51375400e-02
6.67880848e-03 4.94470634e-02 1.72394142e-02 2.80841477e-02 -6.67557586e-03 9.58197576e-04 -2.27858834e-02 -8.92244279e-03 1.09047033e-02 -7.89925631e-04 6.61535468e-03 -6.58599706e-03 -4.43478115e-03 8.86418484e-03 -1.84260085e-02 -3.93703803e-02
1.91462226e-02 4.69451398e-02 2.03042217e-02 3.45381536e-02 -7.08566466e-03 1.54814427e-03 -2.39223521e-02 -9.58064571e-03 1.16048474e-02 -8.58618587e-04 7.01868068e-03 -7.03118462e-03 -4.71504871e-03 9.44114570e-03 -1.96140651e-02 -4.19025756e-02
-1.07178348e-04 -8.54280032e-03 -2.69038184e-03 -4.44065919e-03 1.05614658e-03 -3.35018965e-04 2.01412966e-03 6.53963769e-04 -8.92331882e-04 7.17001312e-05 -5.36532782e-04 5.46707655e-04 3.67305242e-04 -7.29329186e-04 1.51491805e-03 3.23582371e-03
1.88022573e-02 2.71376446e-02 1.39322737e-02 2.66450476e-02 -5.72726876e-03 1.60630385e-04 -2.42865551e-02 -1.04030482e-02 1.21390484e-02 -8.14193103e-04 7.41165364e-03 -7.23784883e-03 -4.88132332e-03 9.81963612e-03 -2.04389188e-02 -4.36949544e-02
1.62736350e-03 1.00391610e-02 4.80219908e-03 6.59873337e-03 -1.71853811e-03 4.41358367e-04 -4.49717278e-03 -1.68155599e-03 2.10243626e-03 -1.65528239e-04 1.25967385e-03 -1.28673471e-03 -8.66226328e-04 1.71763869e-03 -3.56777618e-03 -7.61786755e-03
3.87082472e-02 -4.88297082e-04 1.02734677e-02 3.14675830e-02 -6.49337098e-03 -2.66153482e-04 -3.12829651e-02 -1.36125069e-02 1.57590993e-02 -1.04442786e-03 9.63037275e-03 -9.38280951e-03 -6.32933853e-03 1.27408644e-02 -2.65216380e-02 -5.67010120e-02
-1.88322198e-02 4.83304597e-02 1.54920192e-02 1.86148621e-02 -4.90486715e-03 1.20595086e-03 -1.36009920e-02 -4.67652828e-03 6.17641583e-03 -4.75371839e-04 3.66587006e-03 -3.88255087e-03 -2.57464359e-03 5.06600272e-03 -1.05016716e-02 -2.24097054e-02
4.44058795e-03 -1.25436708e-02 -4.22459841e-03 -4.76336665e-03 1.31438207e-03 -2.82445864e-04 3.09223332e-03 1.11162791e-03 -1.44546025e-03 1.14333270e-04 -8.70601332e-04 8.85587651e-04 5.94832527e-04 -1.18110038e-03 2.45286268e-03 5.23831928e-03
-8.24038871e-03 -3.88645157e-02 -1.52531983e-02 -2.40827873e-02 5.77711314e-03 -9.30527865e-04 1.98522191e-02 7.46813696e-03 -9.48861428e-03 7.05292681e-04 -5.76863391e-03 5.74426353e-03 3.87693639e-03 -7.74048734e-03 1.60737112e-02 3.43239196e-02
-1.27192838e-02 -3.01357545e-03 -3.32853827e-03 -9.64113802e-04 3.74490046e-04 -4.03455459e-04 -1.85689278e-05 -2.31940649e-04 1.06714579e-04 2.54120368e-06 7.55322762e-05 -5.10317623e-05 -3.74042975e-05 8.19088236e-05 -1.72035943e-04 -3.68462759e-04
1.81153417e-02 1.73498876e-04 4.43050964e-03 1.25834886e-02 -2.62532663e-03 -4.48138089e-05 -1.27276229e-02 -5.54070529e-03 6.40687998e-03 -4.27696359e-04 3.91200231e-03 -3.81748867e-03 -2.57487642e-03 5.18115750e-03 -1.07845981e-02 -2.30559353e-02
-4.97463346e-02 -5.47123067e-02 -3.17509621e-02 -6.33108765e-02 1.38173075e-02 -2.72478064e-04 5.89499362e-02 2.52431128e-02 -2.94294395e-02 1.97365880e-03 -1.79646350e-02 1.75480824e-02 1.18344249e-02 -2.38074493e-02 4.95536216e-02 1.05937324e-01
5.51181287e-02 5.68343177e-02 3.33614796e-02 7.18509704e-02 -1.59593318e-02 5.25420299e-04 -6.76701441e-02 -2.89304219e-02 3.37347426e-02 -2.26132525e-03 2.05957182e-02 -2.01122854e-02 -1.35646723e-02 2.72892099e-02 -5.68010062e-02 -1.21431209e-01
-1.19515005e-02 -1.84040908e-02 -8.86224397e-03 -1.82555113e-02 3.97849502e-03 -2.24746807e-04 1.65712368e-02 7.05889892e-03 -8.25517904e-03 5.58267522e-04 -5.03814127e-03 4.92624519e-03 3.32199456e-03 -6.68006483e-03 1.39032220e-02 2.97220051e-02
-2.79134624e-02 2.91420091e-02 3.82765383e-03 -1.84645457e-03 8.33150698e-05 5.59539360e-04 4.73698461e-03 2.69219279e-03 -2.58397288e-03 1.54695648e-04 -1.58904237e-03 1.51618116e-03 1.02468207e-03 -2.07677530e-03 4.32688836e-03 9.25477501e-03
-1.16101857e-02 8.54810700e-04 -2.08097743e-03 -5.13877533e-03 1.04719377e-03 -4.00151584e-05 4.60871542e-03 1.96613488e-03 -2.30103848e-03 1.54797191e-04 -1.40492385e-03 1.37198868e-03 9.25351400e-04 -1.86142721e-03 3.87438829e-03 8.28277133e-03
2.62185354e-02 1.87456626e-02 1.39081087e-02 3.22120786e-02 -6.92114001e-03 1.18862037e-04 -3.04013044e-02 -1.30913928e-02 1.52296452e-02 -1.02161814e-03 9.29768197e-03 -9.08114016e-03 -6.12447830e-03 1.23198740e-02 -2.56427508e-02 -5.48196360e-02
6.62004342e-04 -5.84151037e-03 -1.91912940e-03 -3.13346647e-03 6.80191384e-04 -4.82927717e-05 2.56700045e-03 1.08567183e-03 -1.26967486e-03 8.57841005e-05 -7.75279186e-04 7.57608505e-04 5.10910584e-04 -1.02758151e-03 2.13878625e-03 4.57231700e-03
-3.38142575e-03 -7.78862555e-03 -4.14551655e-03 -7.10656913e-03 1.74491305e-03 -2.14026106e-04 5.87626221e-03 2.38303468e-03 -2.86907167e-03 2.01480958e-04 -1.74474204e-03 1.72332255e-03 1.16124505e-03 -2.32713297e-03 4.84095979e-03 1.03464723e-02
3.90122575e-03 -2.24621338e-03 9.96404851e-05 1.03454199e-03 -1.33490423e-04 -2.27798118e-05 -1.11058680e-03 -5.11216174e-04 5.75255370e-04 -3.73512084e-05 3.51574039e-04 -3.41296371e-04 -2.30417281e-04 4.64396813e-04 -9.66936059e-04 -2.06748443e-03
2.26062480e-02 -9.68389399e-03 1.92208681e-03 8.30911752e-03 -1.38821581e-03 -1.69098188e-04 -8.29981174e-03 -3.69556155e-03 4.22395021e-03 -2.76779261e-04 2.58368440e-03 -2.51132739e-03 -1.69463351e-03 3.41331400e-03 -7.10601080e-03 -1.51926940e-02
-2.62978766e-02 6.04466395e-03 -1.55387144e-03 -9.32376273e-03 1.81128469e-03 1.00454403e-04 9.72480886e-03 4.29545809e-03 -4.92382934e-03 3.25772300e-04 -3.00820614e-03 2.93085608e-03 1.97690725e-03 -3.97986593e-03 8.28463025e-03 1.77118294e-02
-1.32117691e-02 -3.11695561e-02 -1.33446120e-02 -2.30430923e-02 5.41527523e-03 -7.46057136e-04 1.91334952e-02 7.48245418e-03 -9.29684471e-03 6.63815299e-04 -5.66121703e-03 5.62954089e-03 3.79160000e-03 -7.58012384e-03 1.57309100e-02 3.36096510e-02
1.12751722e-02 3.41314189e-02 1.70962457e-02 3.00385710e-02 -7.07805250e-03 8.29016673e-04 -2.64624022e-02 -1.08980052e-02 1.30215604e-02 -8.95981095e-04 7.93628488e-03 -7.78632751e-03 -5.24972519e-03 1.05480971e-02 -2.19500158e-02 -4.69207019e-02
4.43308316e-02 5.62168062e-02 2.77925357e-02 5.59879653e-02 -1.26894256e-02 1.11945719e-03 -4.98223789e-02 -2.08825059e-02 2.46170554e-02 -1.70707132e-03 1.50131145e-02 -1.47060016e-02 -9.91655141e-03 1.99308563e-02 -4.14793268e-02 -8.86655152e-02
4.64662276e-02 2.99130976e-02 2.13883277e-02 5.14486954e-02 -1.08387554e-02 2.24704476e-04 -4.79515567e-02 -2.06699912e-02 2.40382385e-02 -1.61128165e-03 1.46771735e-02 -1.43304262e-02 -9.66502447e-03 1.94439795e-02 -4.04715613e-02 -8.65215063e-02
-3.07996524e-03 1.41334925e-02 2.99407612e-03 3.25653958e-03 -3.80903890e-04 5.98792336e-04 1.73058000e-03 8.96376849e-04 -9.67577682e-04 5.38232780e-05 -5.94140089e-04 5.68687858e-04 3.84815969e-04 -7.77961337e-04 1.62057404e-03 3.46553908e-03
-4.46320511e-02 -1.56193469e-02 -1.80654954e-02 -5.08461371e-02 1.06169647e-02 -8.21515714e-05 4.86365333e-02 2.10183766e-02 -2.44118385e-02 1.63463480e-03 -1.49054034e-02 1.45523436e-02 9.81483888e-03 -1.97456330e-02 4.10995185e-02 8.78640488e-02
-3.76288258e-02 -3.79256904e-02 -2.22950764e-02 -4.84327301e-02 1.03768799e-02 -1.91089290e-04 4.57699820e-02 1.96904056e-02 -2.29106043e-02 1.53549423e-03 -1.39887659e-02 1.36586707e-02 9.21203196e-03 -1.85324568e-02 3.85742635e-02 8.24653655e-02
1.49070807e-02 1.71555653e-02 1.00280037e-02 2.06253305e-02 -4.52738721e-03 3.26538284e-04 -1.84258018e-02 -7.81461224e-03 9.15544480e-03 -6.24723209e-04 5.58229582e-03 -5.47233364e-03 -3.68959922e-03 7.41329929e-03 -1.54275810e-02 -3.29783931e-02
-9.11302958e-03 -1.32423611e-02 -7.30717881e-03 -1.46358339e-02 3.06052598e-03 -1.48511870e-04 1.31842382e-02 5.63481543e-03 -6.58213813e-03 4.42662160e-04 -4.01797006e-03 3.92591627e-03 2.64758384e-03 -5.32548456e-03 1.10844551e-02 2.36965492e-02
-4.40804986e-03 -5.57010667e-03 -3.45152989e-03 -5.30221500e-03 1.33964140e-03 -2.52990838e-04 4.00782516e-03 1.52495492e-03 -1.90859288e-03 1.42499266e-04 -1.15215802e-03 1.15821417e-03 7.79366121e-04 -1.55345583e-03 3.22868023e-03 6.89787138e-03
9.78557952e-03 2.36595795e-02 1.02377757e-02 2.31019501e-02 -4.95436694e-03 3.25361325e-04 -1.89393386e-02 -7.99414795e-03 9.40350443e-03 -6.35638833e-04 5.73970377e-03 -5.61154354e-03 -3.78338387e-03 7.60962861e-03 -1.58381909e-02 -3.38588543e-02
-2.82634217e-02 -7.01819314e-03 -8.90559331e-03 -2.10109726e-02 4.47647367e-03 -2.72492674e-04 1.92518197e-02 8.13748315e-03 -9.58825275e-03 6.54494390e-04 -5.84004913e-03 5.73378010e-03 3.86492861e-03 -7.76392547e-03 1.61560457e-02 3.45346332e-02
-7.21091405e-03 -8.93137790e-03 -5.34902886e-03 -1.17046367e-02 2.49755057e-03 -1.06238680e-04 1.05278175e-02 4.48243599e-03 -5.24843624e-03 3.55346303e-04 -3.20222904e-03 3.13340058e-03 2.11272319e-03 -4.24754294e-03 8.84008314e-03 1.88978557e-02
-7.75479153e-03 -6.61038235e-03 -3.99464788e-03 -8.68356694e-03 1.88744196e-03 -4.66474303e-05 7.90056959e-03 3.38430237e-03 -3.94715974e-03 2.65335955e-04 -2.40968214e-03 2.35407916e-03 1.58754154e-03 -3.19334888e-03 6.64664712e-03 1.42093282e-02
-1.73124485e-02 -2.19922736e-02 -1.23350872e-02 -2.41765361e-02 5.26967226e-03 -1.77877315e-04 2.24202648e-02 9.58239287e-03 -1.11877518e-02 7.51133193e-04 -6.82856701e-03 6.67228410e-03 4.49966686e-03 -9.05141514e-03 1.88397709e-02 4.02761512e-02
1.45701068e-02 -3.89395002e-03 6.44686806e-04 3.79479909e-03 -7.65822188e-04 -2.95913287e-06 -3.64224240e-03 -1.57687964e-03 1.83041126e-03 -1.22488360e-04 1.11766194e-03 -1.09105837e-03 -7.35888141e-04 1.48049439e-03 -3.08157993e-03 -6.58791699e-03
-5.79051301e-03 -1.24854725e-02 -6.68476149e-03 -1.13405446e-02 2.59891595e-03 -2.26005272e-04 9.88935772e-03 4.13206685e-03 -4.88071516e-03 3.34339595e-04 -2.97540007e-03 2.91842571e-03 1.96728506e-03 -3.95253953e-03 8.22537392e-03 1.75830107e-02
6.86152801e-02 3.00665423e-02 2.75601074e-02 6.84809536e-02 -1.44101763e-02 1.48472725e-04 -6.52337447e-02 -2.81631518e-02 3.27246860e-02 -2.19161622e-03 1.99809913e-02 -1.95079930e-02 -1.31571544e-02 2.64696702e-02 -5.50952479e-02 -1.17784604e-01
5.15575940e-03 9.89334937e-03 4.14082594e-03 7.38394214e-03 -1.68847665e-03 1.25697843e-04 -6.73771231e-03 -2.83189397e-03 3.33867292e-03 -2.27463213e-04 2.03603064e-03 -1.99658284e-03 -1.34597032e-03 2.70366017e-03 -5.62611921e-03 -1.20264934e-02
-2.52172686e-02 -5.58737181e-02 -2.53629312e-02 -4.93750013e-02 1.06992014e-02 -5.72276011e-04 4.34048474e-02 1.82692949e-02 -2.15053149e-02 1.45250652e-03 -1.31213972e-02 1.28326314e-02 8.65296740e-03 -1.74013916e-02 3.62181924e-02 7.74271935e-02
-1.42896157e-02 -1.75847523e-02 -9.92784835e-03 -1.88141614e-02 4.19646921e-03 -3.73158633e-04 1.63571034e-02 6.88133948e-03 -8.09639785e-03 5.52595069e-04 -4.93644690e-03 4.83818399e-03 3.26170307e-03 -6.55468646e-03 1.36410408e-02 2.91604064e-02
1.37612398e-03 8.04509036e-03 3.58170457e-03 4.77933232e-03 -1.43862818e-03 3.07461916e-04 -3.41854827e-03 -1.18819845e-03 1.57752028e-03 -1.18968092e-04 9.50090995e-04 -9.59365687e-04 -6.47290784e-04 1.28565403e-03 -2.67204270e-03 -5.70830423e-03
-2.42015533e-02 -3.29330415e-02 -1.92133170e-02 -3.51488888e-02 7.83784688e-03 -6.15467899e-04 3.07205524e-02 1.27641205e-02 -1.51237138e-02 1.03778008e-03 -9.21202172e-03 9.04101133e-03 6.09568320e-03 -1.22453673e-02 2.54834685e-02 5.44744655e-02
-1.20669857e-01 2.78768651e-02 -1.94410663e-02 -5.10905907e-02 1.05991131e-02 -1.58254959e-04 4.78944369e-02 2.06617080e-02 -2.40164064e-02 1.60928548e-03 -1.46628525e-02 1.43181235e-02 9.65659879e-03 -1.94263402e-02 4.04347815e-02 8.64428431e-02
1.56953896e-03 -8.56379233e-03 -2.85206432e-03 -2.42458517e-03 9.16524907e-04 -4.23443067e-04 8.13256367e-04 4.19605931e-05 -2.37114058e-04 4.10187640e-05 -1.23958103e-04 1.77379276e-04 1.16408133e-04 -2.08912184e-04 4.25960781e-04 9.02147207e-04
4.19464055e-03 2.09179595e-02 9.26179159e-03 1.31490175e-02 -3.43898381e-03 5.49150573e-04 -1.07398024e-02 -4.19068756e-03 5.11530880e-03 -3.75944306e-04 3.09487688e-03 -3.09657329e-03 -2.08248454e-03 4.15893923e-03 -8.64571054e-03 -1.84731185e-02
2.81280875e-02 5.86901456e-02 3.19443420e-02 4.82771583e-02 -1.09411618e-02 1.00835285e-03 -4.22216319e-02 -1.76438577e-02 2.08344962e-02 -1.43901724e-03 1.26952976e-02 -1.24851093e-02 -8.41651205e-03 1.68833937e-02 -3.51309553e-02 -7.50888214e-02
-4.36694478e-04 -2.07006186e-03 -8.13542050e-04 -1.33074773e-03 3.26607755e-04 -3.11407784e-05 1.05873297e-03 4.39524825e-04 -5.20012109e-04 3.62536484e-05 -3.16748570e-04 3.11630720e-04 2.09970167e-04 -4.21472738e-04 8.76964827e-04 1.87454082e-03
3.93945388e-02 1.89899653e-01 6.63026720e-02 1.17626652e-01 -2.69727670e-02 2.97139469e-03 -9.83318090e-02 -4.01983783e-02 4.79450375e-02 -3.32433009e-03 2.91916616e-02 -2.86990162e-02 -1.93409752e-02 3.88459563e-02 -8.08301866e-02 -1.72781944e-01
1.45812910e-02 6.40087854e-03 5.63778821e-03 1.24212150e-02 -2.73833307e-03 1.11487243e-04 -1.14503782e-02 -4.87023173e-03 5.70237963e-03 -3.83302249e-04 3.48092755e-03 -3.40073509e-03 -2.29341374e-03 4.61328262e-03 -9.60212946e-03 -2.05276422e-02
-1.44571830e-02 -5.53235877e-03 -4.65760473e-03 -8.18445720e-03 1.90839916e-03 -1.77811569e-04 7.14301132e-03 2.98528187e-03 -3.51916091e-03 2.42491020e-04 -2.14464567e-03 2.10910011e-03 1.42101734e-03 -2.85227364e-03 5.93470596e-03 1.26853399e-02
-1.45795271e-02 1.10732205e-02 7.70843006e-04 -1.76823407e-03 -4.02621808e-05 2.42519222e-04 2.47125467e-03 1.25810923e-03 -1.32841116e-03 7.37655937e-05 -8.19289358e-04 7.64412631e-04 5.17964887e-04 -1.06051308e-03 2.21430301e-03 4.74147173e-03
-1.20136235e-02 -3.05329412e-02 -1.44415721e-02 -2.78768744e-02 6.03972841e-03 -6.72626251e-04 2.31651813e-02 9.65378713e-03 -1.14501566e-02 7.92904524e-04 -6.96811685e-03 6.85678376e-03 4.62132320e-03 -9.27647762e-03 1.93004217e-02 4.12544571e-02
4.78719808e-02 4.98659685e-02 3.07094175e-02 6.26753420e-02 -1.37376571e-02 3.18698614e-04 -5.87186255e-02 -2.52332408e-02 2.93917432e-02 -1.97103340e-03 1.79445148e-02 -1.75236873e-02 -1.18185217e-02 2.37754490e-02 -4.94870581e-02 -1.05795033e-01
-8.80455039e-03 -1.71944555e-02 -8.64066742e-03 -1.49642332e-02 3.43509996e-03 -4.20850964e-04 1.27974534e-02 5.22750709e-03 -6.26473129e-03 4.41311568e-04 -3.81005765e-03 3.76685616e-03 2.53790547e-03 -5.08355629e-03 1.05734440e-02 2.25972254e-02
-1.00654950e-02 -2.77689751e-02 -1.50394030e-02 -2.52232496e-02 5.89073868e-03 -7.43621378e-04 2.05947049e-02 8.43532663e-03 -1.00680152e-02 7.14106718e-04 -6.11745566e-03 6.06279774e-03 4.08348953e-03 -8.17408599e-03 1.69990044e-02 3.63266282e-02
-7.91825447e-03 -9.94388945e-03 -4.70774248e-03 -1.03053069e-02 2.28029862e-03 -1.50368709e-04 8.92082136e-03 3.71795590e-03 -4.40660166e-03 3.00280692e-04 -2.68788286e-03 2.63269083e-03 1.77501084e-03 -3.56745906e-03 7.42425397e-03 1.58707965e-02
-1.55759556e-03 -9.62105393e-03 -4.05603740e-03 -6.88703870e-03 1.61032740e-03 -1.60117270e-04 6.07445976e-03 2.50682584e-03 -2.97980546e-03 2.04334327e-04 -1.81732955e-03 1.78227946e-03 1.20153138e-03 -2.41361652e-03 5.02275769e-03 1.07367318e-02
-4.69930330e-03 3.41391424e-03 4.01340279e-04 6.65507105e-04 -1.70172425e-04 -4.90475541e-05 -9.60501435e-04 -4.32882487e-04 4.94417152e-04 -3.15026846e-05 3.02586122e-04 -2.92489596e-04 -1.97537011e-04 3.98789183e-04 -8.30470875e-04 -1.77578244e-03
-1.82532128e-02 -1.82804577e-02 -1.13136340e-02 -2.24632453e-02 4.99750394e-03 -2.43098941e-04 2.01489255e-02 8.53613857e-03 -1.00214323e-02 6.79207093e-04 -6.11466309e-03 5.98274125e-03 4.03413875e-03 -8.11045617e-03 1.68797076e-02 3.60845961e-02
-1.47385839e-02 -2.53606588e-02 -1.17633883e-02 -2.51775887e-02 5.34030097e-03 -1.47558749e-04 2.30791401e-02 9.89487302e-03 -1.15255676e-02 7.73479871e-04 -7.03657744e-03 6.87214918e-03 4.63466672e-03 -9.32333898e-03 1.94059368e-02 4.14866060e-02
1.83457863e-02 9.55851004e-03 7.34429387e-03 1.67904403e-02 -3.58314929e-03 1.26364248e-04 -1.55323278e-02 -6.66236691e-03 7.76493782e-03 -5.23090537e-04 4.73848870e-03 -4.63216985e-03 -3.12383589e-03 6.28243526e-03 -1.30759282e-02 -2.79536545e-02
9.10926051e-03 9.10860822e-02 3.17069180e-02 4.54784073e-02 -1.21763349e-02 2.30787927e-03 -3.52073126e-02 -1.30720837e-02 1.65924579e-02 -1.26188283e-03 9.91306920e-03 -1.01122912e-02 -6.81559322e-03 1.35295093e-02 -2.80961804e-02 -5.99907190e-02
1.32079134e-02 -2.36225389e-02 -5.40523138e-03 -6.00650534e-03 2.42025522e-03 -7.78305053e-04 3.87564325e-03 8.58264219e-04 -1.55917730e-03 1.55503134e-04 -9.13525175e-04 1.02039345e-03 6.82930346e-04 -1.31100824e-03 2.70172628e-03 5.74775413e-03
5.37238456e-03 3.75270694e-02 1.50322299e-02 2.42930483e-02 -5.56264445e-03 6.43844192e-04 -2.05297507e-02 -8.50646757e-03 1.00735435e-02 -6.97930169e-04 6.12451043e-03 -6.04095683e-03 -4.07050690e-03 8.16541165e-03 -1.69882774e-02 -3.63114215e-02
-1.51745370e-03 -1.35450000e-02 -4.86666802e-03 -7.25599285e-03 1.75232417e-03 -2.20666814e-04 6.01511123e-03 2.47566355e-03 -2.94781360e-03 2.05782446e-04 -1.79256708e-03 1.76917156e-03 1.19127985e-03 -2.39022681e-03 4.97272285e-03 1.06287915e-02
6.48428686e-03 4.83362786e-02 1.94876492e-02 3.04789171e-02 -7.05424882e-03 9.14942124e-04 -2.55324375e-02 -1.07018650e-02 1.25992978e-02 -8.60400789e-04 7.68223591e-03 -7.53361499e-03 -5.07788127e-03 1.02037853e-02 -2.12345012e-02 -4.53919321e-02
-4.72124200e-04 4.13969392e-03 1.67123857e-03 2.77225138e-03 -6.18277292e-04 6.16046746e-05 -2.38012546e-03 -9.87356179e-04 1.17052451e-03 -8.05781310e-05 7.12698384e-04 -7.01467041e-04 -4.72578773e-04 9.48526314e-04 -1.97363389e-03 -4.21868637e-03
-2.60047223e-02 -5.10521829e-02 -2.79383585e-02 -4.19264808e-02 1.00074299e-02 -1.00857869e-03 3.63823064e-02 1.47073772e-02 -1.77412014e-02 1.21183670e-03 -1.08252773e-02 1.06332731e-02 7.16494769e-03 -1.43826380e-02 2.99262740e-02 6.39692023e-02
-8.07692576e-03 -1.10664619e-02 -5.92449727e-03 -8.92561395e-03 1.96280773e-03 -9.85329098e-05 8.01065750e-03 3.40688741e-03 -3.98412906e-03 2.68289965e-04 -2.43172608e-03 2.37664627e-03 1.60233770e-03 -3.22329486e-03 6.70903968e-03 1.43427728e-02
-1.01493737e-02 -9.36280936e-03 -5.93432924e-03 -1.33057488e-02 2.84447102e-03 -8.04850424e-05 1.22819711e-02 5.26530435e-03 -6.13940088e-03 4.12921770e-04 -3.74751771e-03 3.66191240e-03 2.46949168e-03 -4.96697379e-03 1.03381313e-02 2.21009273e-02
-1.33395456e-02 -3.07274386e-02 -1.54115371e-02 -2.24944595e-02 5.62012941e-03 -1.83474855e-03 1.54967271e-02 5.24355285e-03 -7.13622849e-03 5.85449394e-04 -4.29854263e-03 4.39442368e-03 2.96229869e-03 -5.85517986e-03 1.21543575e-02 2.59227622e-02
-2.18557194e-04 -4.54380214e-02 -1.63592361e-02 -2.37963833e-02 5.86472545e-03 -8.75284604e-04 1.69549603e-02 6.47952454e-03 -7.94927962e-03 6.08922797e-04 -4.76288656e-03 4.92130267e-03 3.26872827e-03 -6.51115226e-03 1.34995673e-02 2.88032889e-02
-9.52863041e-03 -8.05602223e-03 -4.36593313e-03 -9.60178301e-03 2.03310791e-03 -7.46043224e-05 8.40180553e-03 3.59284785e-03 -4.19650925e-03 2.82570429e-04 -2.56191986e-03 2.50395085e-03 1.68842950e-03 -3.39572597e-03 7.06768688e-03 1.51093062e-02
5.29231178e-03 -8.61664768e-03 -1.09753618e-03 -5.65845519e-04 2.90073222e-04 -1.51930813e-04 -1.14901151e-04 -1.77609327e-04 1.03090548e-04 -3.73839248e-06 6.47881025e-05 -5.87711220e-05 -4.00250101e-05 8.20981732e-05 -1.71342675e-04 -3.66643304e-04
4.22304776e-03 5.69795258e-03 3.42502818e-03 6.87247794e-03 -1.48898293e-03 8.06933531e-05 -6.25296496e-03 -2.66326498e-03 3.11402441e-03 -2.10425278e-04 1.89972157e-03 -1.85876270e-03 -1.25328172e-03 2.52005574e-03 -5.24494844e-03 -1.12124979e-02
2.38100514e-02 3.64681333e-02 2.08222345e-02 4.01525199e-02 -8.56222305e-03 3.75638658e-04 -3.59226726e-02 -1.52694806e-02 1.79016087e-02 -1.21059956e-03 1.09203951e-02 -1.06898397e-02 -7.20699877e-03 1.44893378e-02 -3.01554967e-02 -6.44646585e-02
-1.03124036e-02 -3.56457345e-02 -1.60890110e-02 -2.45806277e-02 5.76772075e-03 -8.74607766e-04 2.05367040e-02 8.23369902e-03 -9.95219965e-03 7.12711189e-04 -6.03245758e-03 6.02002814e-03 4.05328907e-03 -8.09026510e-03 1.68194808e-02 3.59375812e-02
5.06925583e-03 1.20858978e-02 5.75986598e-03 1.09457057e-02 -2.37586955e-03 1.49791318e-04 -9.74989682e-03 -4.09753621e-03 4.83421376e-03 -3.28097813e-04 2.94801127e-03 -2.88735679e-03 -1.94663217e-03 3.91303608e-03 -8.14376771e-03 -1.74092073e-02
-2.70721782e-02 -2.37896442e-02 -1.52566750e-02 -3.26403826e-02 7.01796031e-03 -2.14196829e-04 3.02585587e-02 1.30114872e-02 -1.51438508e-02 1.01614976e-03 -9.24606621e-03 9.02924873e-03 6.08970178e-03 -1.22506097e-02 2.54988149e-02 5.45121506e-02
1.73963495e-02 3.90111888e-03 6.22083945e-03 1.78655423e-02 -3.69324139e-03 -9.34211275e-05 -1.74751822e-02 -7.57027930e-03 8.78781918e-03 -5.86264418e-04 5.36741083e-03 -5.23686688e-03 -3.53235612e-03 7.10725784e-03 -1.47936223e-02 -3.16265300e-02
4.45504785e-02 3.51087004e-02 2.41994783e-02 5.38586229e-02 -1.16088279e-02 4.61667543e-04 -4.96575981e-02 -2.13280022e-02 2.48516425e-02 -1.67371589e-03 1.51708405e-02 -1.48227895e-02 -9.99627728e-03 2.01065242e-02 -4.18489911e-02 -8.94648507e-02
-9.40620154e-03 1.12191029e-02 2.64430209e-03 2.16127676e-03 -1.42167846e-04 2.00208015e-04 1.92571920e-03 1.02985383e-03 -1.06059667e-03 6.33518284e-05 -6.49697962e-04 6.21189130e-04 4.20976896e-04 -8.51652061e-04 1.77420082e-03 3.79422936e-03
6.49326369e-02 4.77327630e-02 3.20676267e-02 7.15015605e-02 -1.52611379e-02 3.87430075e-04 -6.57363757e-02 -2.81311665e-02 3.27874236e-02 -2.20048265e-03 2.00198069e-02 -1.95527580e-02 -1.31872538e-02 2.65269913e-02 -5.52138574e-02 -1.18037559e-01
-1.86213255e-02 8.71124491e-03 -1.61958463e-03 -7.91956671e-03 1.62506348e-03 4.24427417e-05 8.96414742e-03 3.91013082e-03 -4.52680001e-03 3.01603111e-04 -2.76512140e-03 2.69650505e-03 1.81889592e-03 -3.66035779e-03 7.61918211e-03 1.62887853e-02
1.04996748e-02 4.95395018e-03 4.57324088e-03 1.07889436e-02 -2.29831738e-03 8.37888801e-05 -9.97889414e-03 -4.25795931e-03 4.98267310e-03 -3.36687808e-04 3.04060034e-03 -2.97227479e-03 -2.00453773e-03 4.03123489e-03 -8.39036051e-03 -1.79368854e-02
-2.20024548e-02 2.20701005e-03 -4.61983914e-03 -1.54518792e-02 3.20605841e-03 5.07885670e-05 1.51331685e-02 6.57709781e-03 -7.61891529e-03 5.08885249e-04 -4.65252949e-03 4.54041548e-03 3.06248153e-03 -6.16179500e-03 1.28256390e-02 2.74192523e-02
1.65805463e-02 3.00654210e-02 1.54011203e-02 2.88203489e-02 -6.31644670e-03 2.59620632e-04 -2.55094413e-02 -1.09140845e-02 1.27299828e-02 -8.58791464e-04 7.77005590e-03 -7.59571744e-03 -5.12197753e-03 1.03009613e-02 -2.14397646e-02 -4.58337292e-02
1.68160722e-03 2.86831073e-02 1.00949565e-02 1.79079305e-02 -3.97189520e-03 2.07593548e-04 -1.63672566e-02 -6.95741270e-03 8.16841237e-03 -5.48988639e-04 4.98614972e-03 -4.87132370e-03 -3.28511838e-03 6.60825055e-03 -1.37544442e-02 -2.94045582e-02
-1.30007230e-02 -2.24623010e-02 -1.11674182e-02 -2.32603233e-02 4.92006028e-03 -5.33135491e-04 1.87062416e-02 7.78267905e-03 -9.21669882e-03 6.38881931e-04 -5.62273618e-03 5.51493047e-03 3.71753937e-03 -7.46669434e-03 1.55369602e-02 3.32110077e-02
7.44133815e-02 9.02247876e-02 4.58440967e-02 1.01249605e-01 -2.11560167e-02 7.84221920e-04 -9.17079076e-02 -3.92674021e-02 4.57551144e-02 -3.07843345e-03 2.79285479e-02 -2.72905361e-02 -1.84035487e-02 3.70182395e-02 -7.70495459e-02 -1.64717749e-01
-1.62550434e-02 -5.50049823e-04 -3.38402041e-03 -1.00934105e-02 2.09499639e-03 1.87499172e-05 9.91003122e-03 4.29585390e-03 -4.98195225e-03 3.33146105e-04 -3.04199243e-03 2.96944892e-03 2.00281106e-03 -4.02945466e-03 8.38714931e-03 1.79303810e-02
4.18108925e-02 1.32558420e-02 1.48462122e-02 3.80866900e-02 -7.91854039e-03 3.43606880e-05 -3.64489891e-02 -1.57586019e-02 1.82969887e-02 -1.22479734e-03 1.11720860e-02 -1.09068109e-02 -7.35614263e-03 1.47993779e-02 -3.08042020e-02 -6.58543929e-02
-1.98238576e-03 -1.09956218e-02 -4.98242863e-03 -8.49199668e-03 2.23800214e-03 -3.25769652e-04 7.02731498e-03 2.70704203e-03 -3.37510533e-03 2.51159974e-04 -2.04748288e-03 2.05229851e-03 1.38479960e-03 -2.75097531e-03 5.71396900e-03 1.22046918e-02
-3.21491733e-02 -2.95751914e-02 -1.74997300e-02 -3.88810411e-02 8.20514001e-03 -2.70369666e-04 3.53476182e-02 1.51598370e-02 -1.76830348e-02 1.18658110e-03 -1.07955327e-02 1.05434954e-02 7.11058965e-03 -1.43042700e-02 2.97733564e-02 6.36503920e-02
-1.70174008e-03 -7.50302710e-03 -3.99610540e-03 -7.03465100e-03 1.52484258e-03 -8.17541659e-05 5.90228057e-03 2.48369714e-03 -2.92437011e-03 1.98856447e-04 -1.78352220e-03 1.74739934e-03 1.17803086e-03 -2.36772839e-03 4.92760958e-03 1.05337976e-02
-1.50333485e-03 -9.31965187e-03 -3.60172172e-03 -6.47422392e-03 1.44982419e-03 -1.11004440e-04 5.53333759e-03 2.34157499e-03 -2.74711894e-03 1.86646066e-04 -1.67579169e-03 1.64075778e-03 1.10614428e-03 -2.22374685e-03 4.62812558e-03 9.89376940e-03
-3.95624153e-02 -4.03312668e-02 -2.45664082e-02 -5.06499596e-02 1.06529910e-02 -3.11085954e-04 4.60590608e-02 1.97588969e-02 -2.30489727e-02 1.54765986e-03 -1.40717439e-02 1.37437033e-02 9.26901959e-03 -1.86457820e-02 3.88097353e-02 8.29685107e-02
6.72788778e-03 1.72184426e-02 7.34200049e-03 1.33886440e-02 -2.87785451e-03 2.95340084e-04 -1.07258298e-02 -4.51841671e-03 5.31109050e-03 -3.61279090e-04 3.24050733e-03 -3.17102438e-03 -2.13795295e-03 4.29862598e-03 -8.94653518e-03 -1.91256311e-02
1.27545837e-02 3.55970934e-02 1.72888972e-02 3.08565181e-02 -6.60173455e-03 4.35557158e-04 -2.65880208e-02 -1.12545490e-02 1.32221617e-02 -9.00454819e-04 8.06384441e-03 -7.90024176e-03 -5.32548130e-03 1.07045220e-02 -2.22776067e-02 -4.76230457e-02
-4.48154286e-04 -2.94188671e-02 -1.02424724e-02 -1.34123778e-02 3.64029408e-03 -6.05073175e-04 1.10800248e-02 4.40759910e-03 -5.38724475e-03 3.75874952e-04 -3.27859912e-03 3.22793890e-03 2.17478559e-03 -4.36583906e-03 9.08446498e-03 1.94187313e-02
2.56638713e-02 5.45178801e-02 2.96244435e-02 4.35055979e-02 -1.03541510e-02 6.50809845e-04 -3.56094427e-02 -1.49725405e-02 1.76061001e-02 -1.19198544e-03 1.07434103e-02 -1.05154477e-02 -7.08927168e-03 1.42525062e-02 -2.96634249e-02 -6.34134188e-02
-3.23677473e-02 -4.90906574e-02 -2.35852003e-02 -4.64646555e-02 1.01911779e-02 -4.93662199e-04 4.12049405e-02 1.73052121e-02 -2.03987192e-02 1.37765240e-03 -1.24507416e-02 1.21814786e-02 8.21241364e-03 -1.65119581e-02 3.43655720e-02 7.34657869e-02
-2.86231954e-02 -2.29170602e-02 -1.51101472e-02 -3.67979258e-02 7.83516653e-03 -1.34730130e-04 3.46696116e-02 1.49397962e-02 -1.73772238e-02 1.16515614e-03 -1.06096622e-02 1.03598870e-02 6.98700640e-03 -1.40561527e-02 2.92570312e-02 6.25466406e-02
