1.62873082e-02 1.84857808e-02 -9.88456793e-03 -9.87492874e-03 5.87964058e-03 -1.27547197e-02 2.83956788e-02 1.25083569e-02 8.42316542e-03 -1.52509296e-02 2.32254318e-03 4.24093520e-03 -1.62217543e-02 -9.41782072e-03 -2.95943534e-03 1.20522426e-02
-4.42532897e-02 -4.64108586e-02 2.96218283e-02 2.74566002e-02 -1.66689027e-02 3.59596945e-02 -7.95521885e-02 -3.51568796e-02 -2.38465816e-02 4.30215709e-02 -6.57475647e-03 -1.19873239e-02 4.57739383e-02 2.65839137e-02 8.35033692e-03 -3.40216830e-02
-8.84417631e-03 -9.23693739e-03 5.63905714e-03 5.38903009e-03 -3.19516915e-03 6.91749109e-03 -1.53574012e-02 -6.79065706e-03 -4.57660155e-03 8.27200431e-03 -1.26132229e-03 -2.30172719e-03 8.79908353e-03 5.10885194e-03 1.60521467e-03 -6.53801206e-03
-1.64644178e-02 -1.73342079e-02 1.05750281e-02 1.02288425e-02 -6.14337856e-03 1.32860905e-02 -2.94313636e-02 -1.30075216e-02 -8.80605448e-03 1.58847515e-02 -2.42576795e-03 -4.42519039e-03 1.69008784e-02 9.81498137e-03 3.08313104e-03 -1.25609804e-02
-4.93559353e-02 -5.39425723e-02 3.17093469e-02 3.07485536e-02 -1.82519108e-02 3.97116542e-02 -8.80175829e-02 -3.90657149e-02 -2.62224283e-02 4.74617817e-02 -7.22946506e-03 -1.31867910e-02 5.04378565e-02 2.92813890e-02 9.20365658e-03 -3.74712348e-02
1.34847416e-02 1.77323911e-02 -7.89678283e-03 -8.17483384e-03 4.80199326e-03 -1.04533900e-02 2.33426504e-02 1.03112580e-02 6.88692648e-03 -1.24908090e-02 1.89608010e-03 3.46568413e-03 -1.32802101e-02 -7.70629849e-03 -2.42316863e-03 9.86138545e-03
-5.15150791e-03 -1.17503237e-02 1.37024117e-03 2.71090819e-03 -1.46142149e-03 3.28126643e-03 -7.44387461e-03 -3.25933425e-03 -2.12082872e-03 3.92277678e-03 -5.78384032e-04 -1.07162050e-03 4.14876454e-03 2.40233657e-03 7.58857932e-04 -3.07318289e-03
-9.47981235e-03 -1.26343546e-02 5.52849192e-03 5.89736737e-03 -3.41568282e-03 7.44566182e-03 -1.66245140e-02 -7.31709972e-03 -4.90360754e-03 8.90816469e-03 -1.34797301e-03 -2.46735616e-03 9.46647674e-03 5.49170002e-03 1.72774575e-03 -7.02729402e-03
-1.97751820e-02 -2.87506878e-02 1.09459227e-02 1.16095813e-02 -6.87042065e-03 1.48978448e-02 -3.30764279e-02 -1.45968562e-02 -9.81996860e-03 1.78204831e-02 -2.69654789e-03 -4.94203996e-03 1.89409852e-02 1.09906225e-02 3.45589593e-03 -1.40641211e-02
1.77190583e-02 2.27727685e-02 -1.00591863e-02 -1.06540713e-02 6.32623630e-03 -1.38052236e-02 3.10097300e-02 1.38205541e-02 9.10519250e-03 -1.64934415e-02 2.50693830e-03 4.57986537e-03 -1.75452493e-02 -1.01818275e-02 -3.20135592e-03 1.30294915e-02
5.50389802e-03 7.60148093e-03 -3.28397844e-03 -3.32865794e-03 1.96011341e-03 -4.26920783e-03 9.48909577e-03 4.20121755e-03 2.82323151e-03 -5.10262558e-03 7.77320703e-04 1.41929870e-03 -5.42624760e-03 -3.15042469e-03 -9.89874359e-04 4.03172942e-03
1.48819368e-02 1.59742720e-02 -9.28553659e-03 -8.97959806e-03 5.38834138e-03 -1.16585074e-02 2.58529261e-02 1.14202807e-02 7.72523461e-03 -1.39420573e-02 2.12881272e-03 3.88245448e-03 -1.48365097e-02 -8.61527026e-03 -2.70669698e-03 1.10254865e-02
-1.27638299e-02 -1.52050294e-02 7.32465088e-03 7.46518001e-03 -4.45831614e-03 9.68591124e-03 -2.14935858e-02 -9.48629715e-03 -6.40409533e-03 1.15817366e-02 -1.76364777e-03 -3.21989856e-03 1.23181669e-02 7.15121068e-03 2.24732421e-03 -9.15154628e-03
-1.39704766e-02 -1.75699703e-02 8.05511326e-03 8.38552509e-03 -4.96405549e-03 1.08206589e-02 -2.41754111e-02 -1.06879100e-02 -7.12497300e-03 1.29300011e-02 -1.96645153e-03 -3.59059963e-03 1.37545401e-02 7.98239466e-03 2.50993040e-03 -1.02148345e-02
-8.91323611e-02 -9.37431231e-02 5.55325635e-02 5.42807840e-02 -3.29160206e-02 7.09698424e-02 -1.57045543e-01 -6.93937615e-02 -4.70364280e-02 8.48386660e-02 -1.29798064e-02 -2.36540791e-02 9.02990475e-02 5.24461605e-02 1.64724924e-02 -6.71205148e-02
3.32608260e-02 3.53313833e-02 -2.23802589e-02 -2.07835268e-02 1.27036646e-02 -2.73505840e-02 6.04163930e-02 2.66949926e-02 1.81556847e-02 -3.27067301e-02 5.00569027e-03 9.12063848e-03 -3.48111466e-02 -2.02197284e-02 -6.35041855e-03 2.58773360e-02
-1.18705109e-02 -8.21816549e-03 8.99246521e-03 7.76981888e-03 -4.77871671e-03 1.02704996e-02 -2.26480998e-02 -1.00282775e-02 -6.82279654e-03 1.22861238e-02 -1.88086543e-03 -3.42688593e-03 1.30780982e-02 7.59630837e-03 2.38577090e-03 -9.72182117e-03
1.19201913e-02 1.53209856e-02 -7.15853646e-03 -7.24690966e-03 4.27702861e-03 -9.31101479e-03 2.07768269e-02 9.20273177e-03 6.13630516e-03 -1.11373710e-02 1.69044489e-03 3.09030782e-03 -1.18433479e-02 -6.87227119e-03 -2.16148072e-03 8.79385136e-03
-1.53107895e-02 -1.79442689e-02 9.64568928e-03 9.42228176e-03 -5.63331321e-03 1.22066829e-02 -2.71508880e-02 -1.19788554e-02 -8.07977468e-03 1.45932296e-02 -2.22682976e-03 -4.06294409e-03 1.55240959e-02 9.01464000e-03 2.83194659e-03 -1.15365926e-02
-6.86741397e-02 -6.30230755e-02 4.73080613e-02 4.25300933e-02 -2.59752329e-02 5.60187288e-02 -1.23519495e-01 -5.46767488e-02 -3.71834524e-02 6.69732168e-02 -1.02471588e-02 -1.86751224e-02 7.12786019e-02 4.14012186e-02 1.30029935e-02 -5.29854968e-02
-6.17548125e-03 -6.48112595e-03 3.83540150e-03 3.71898501e-03 -2.23720213e-03 4.84103942e-03 -1.07399346e-02 -4.75337869e-03 -3.20724444e-03 5.78669878e-03 -8.83845612e-04 -1.61193917e-03 6.15727436e-03 3.57573153e-03 1.12322462e-03 -4.57613962e-03
-2.99290847e-02 -2.78616454e-02 2.07030345e-02 1.88434348e-02 -1.14288470e-02 2.46467385e-02 -5.44866733e-02 -2.40820087e-02 -1.63551476e-02 2.94729713e-02 -4.50774236e-03 -8.21621809e-03 3.13687436e-02 1.82186980e-02 5.72248036e-03 -2.33161375e-02
-1.38660800e-02 -2.02075429e-02 7.50038121e-03 8.00442230e-03 -4.65559680e-03 1.01674609e-02 -2.29241680e-02 -1.00990534e-02 -6.68439409e-03 1.21714175e-02 -1.83355832e-03 -3.36157344e-03 1.29331164e-02 7.49838678e-03 2.36207363e-03 -9.59412660e-03
-2.20182911e-02 -1.96615364e-02 1.56435296e-02 1.40808104e-02 -8.55798274e-03 1.84268244e-02 -4.06632498e-02 -1.79992821e-02 -1.22256586e-02 2.20410544e-02 -3.36816232e-03 -6.14135107e-03 2.34537497e-02 1.36217428e-02 4.27891640e-03 -1.74325220e-02
8.46694410e-03 7.84630328e-03 -6.01357780e-03 -5.46878995e-03 3.28570371e-03 -7.09413411e-03 1.56831630e-02 6.93712663e-03 4.70486656e-03 -8.48210603e-03 1.29669684e-03 2.36408785e-03 -9.02650226e-03 -5.24239615e-03 -1.64664781e-03 6.70916354e-03
-3.09255365e-02 -3.32840458e-02 2.05284916e-02 1.93815734e-02 -1.17328344e-02 2.53437869e-02 -5.60918413e-02 -2.48252861e-02 -1.68130714e-02 3.03041339e-02 -4.63506393e-03 -8.44742078e-03 3.22523117e-02 1.87316090e-02 5.88345900e-03 -2.39725914e-02
-9.79884434e-03 -1.00630559e-02 5.83588984e-03 5.79826254e-03 -3.43623571e-03 7.46696955e-03 -1.66067500e-02 -7.33310357e-03 -4.92673693e-03 8.93174857e-03 -1.35248713e-03 -2.47794040e-03 9.49659292e-03 5.51026175e-03 1.73333834e-03 -7.05131283e-03
8.60774051e-03 1.05573488e-02 -5.39755588e-03 -5.34238247e-03 3.19986325e-03 -6.92607556e-03 1.53191406e-02 6.77162549e-03 4.58113942e-03 -8.27856641e-03 1.26084965e-03 2.30324920e-03 -8.80473945e-03 -5.11210831e-03 -1.60624820e-03 6.54219650e-03
-4.03154567e-02 -5.01409322e-02 2.26999130e-02 2.32570935e-02 -1.38145788e-02 2.99596395e-02 -6.67367429e-02 -2.94626635e-02 -1.98072977e-02 3.58055942e-02 -5.44213923e-03 -9.94384475e-03 3.81077677e-02 2.21195146e-02 6.95229601e-03 -2.83057243e-02
9.16690752e-03 1.22254370e-02 -5.09418035e-03 -5.58418967e-03 3.24634323e-03 -7.08205113e-03 1.57770291e-02 6.99827075e-03 4.66687279e-03 -8.47255252e-03 1.28320046e-03 2.34810449e-03 -9.00429580e-03 -5.22449007e-03 -1.64329843e-03 6.68543065e-03
1.42991580e-02 1.85182877e-02 -8.83645285e-03 -8.76683649e-03 5.23037789e-03 -1.13477064e-02 2.52908915e-02 1.12459389e-02 7.48721650e-03 -1.35768941e-02 2.06613727e-03 3.77081591e-03 -1.44345472e-02 -8.37855786e-03 -2.63586850e-03 1.07210632e-02
-3.48400953e-03 -9.22959484e-03 8.35893792e-04 1.66838546e-03 -9.70248075e-04 2.13071285e-03 -4.73952340e-03 -2.10481114e-03 -1.40237727e-03 2.53489241e-03 -3.85641179e-04 -7.05080456e-04 2.69523193e-03 1.56505872e-03 4.91568469e-04 -2.00292817e-03
-1.64798759e-02 -1.41161988e-02 1.18546924e-02 1.06395744e-02 -6.45089522e-03 1.39003498e-02 -3.06765605e-02 -1.35832094e-02 -9.22721811e-03 1.66234989e-02 -2.54428107e-03 -4.63571632e-03 1.76939350e-02 1.02770245e-02 3.22778407e-03 -1.31525649e-02
1.91879775e-02 2.03404985e-02 -1.28715653e-02 -1.19995559e-02 7.31990347e-03 -1.57850012e-02 3.49273942e-02 1.54312057e-02 1.04797026e-02 -1.88810490e-02 2.88827810e-03 5.26554696e-03 -2.00970545e-02 -1.16730537e-02 -3.66617343e-03 1.49392430e-02
-2.31164098e-02 -2.41922904e-02 1.54402452e-02 1.42736360e-02 -8.66563059e-03 1.87729187e-02 -4.17894423e-02 -1.84003934e-02 -1.24391718e-02 2.24313661e-02 -3.42779164e-03 -6.25447137e-03 2.38718539e-02 1.38653154e-02 4.35472140e-03 -1.77448709e-02
9.17650852e-03 1.17067620e-02 -5.90994116e-03 -5.70280710e-03 3.41651100e-03 -7.40902498e-03 1.64489262e-02 7.26576662e-03 4.90093185e-03 -8.85653123e-03 1.34992518e-03 2.46379524e-03 -9.41931922e-03 -5.46879554e-03 -1.71838212e-03 6.99861720e-03
-3.06102703e-03 -9.89799155e-04 2.10400764e-03 1.71498267e-03 -1.07030652e-03 2.29314482e-03 -5.04544238e-03 -2.22945982e-03 -1.52531918e-03 2.74442090e-03 -4.20494616e-04 -7.65834353e-04 2.92180525e-03 1.69722422e-03 5.33018145e-04 -2.17214366e-03
1.18709113e-02 5.52582135e-03 -1.02972528e-02 -8.40981305e-03 5.26426872e-03 -1.12739773e-02 2.47834194e-02 1.09692067e-02 7.49855535e-03 -1.34943724e-02 2.06697895e-03 3.76539002e-03 -1.43676791e-02 -8.34570359e-03 -2.62106047e-03 1.06809754e-02
-2.51203217e-02 -2.38201320e-02 1.68683622e-02 1.56888068e-02 -9.53814387e-03 2.05912758e-02 -4.54611965e-02 -2.01049019e-02 -1.36692720e-02 2.46263314e-02 -3.76824429e-03 -6.86732447e-03 2.62116920e-02 1.52243963e-02 4.78161080e-03 -1.94842387e-02
-3.14582535e-03 -1.99575978e-03 2.40179175e-03 2.05373205e-03 -1.26747647e-03 2.72190734e-03 -5.99892205e-03 -2.65564024e-03 -1.80865021e-03 3.25653981e-03 -4.98603564e-04 -9.08393762e-04 3.46656633e-03 2.01354665e-03 6.32389740e-04 -2.57695816e-03
2.48682848e-03 2.51591718e-03 -1.65436463e-03 -1.58025592e-03 9.50608170e-04 -2.05675885e-03 4.55817487e-03 2.01749126e-03 1.36197871e-03 -2.45966413e-03 3.75103729e-04 6.84591476e-04 -2.61688814e-03 -1.51940668e-03 -4.77409107e-04 1.94445869e-03
-1.37243886e-03 -1.66421989e-03 1.05861493e-03 1.00116117e-03 -6.00563537e-04 1.30033877e-03 -2.89115729e-03 -1.27726712e-03 -8.61280714e-04 1.55523454e-03 -2.37521512e-04 -4.33020177e-04 1.65463344e-03 9.60838690e-04 3.01882421e-04 -1.22964126e-03
7.44161103e-03 9.98902321e-03 -4.18270146e-03 -4.34607454e-03 2.54807598e-03 -5.56583283e-03 1.24086253e-02 5.48182381e-03 3.67197115e-03 -6.64611021e-03 1.00953493e-03 1.84639625e-03 -7.06433645e-03 -4.10105335e-03 -1.28880073e-03 5.24819875e-03
-7.17462832e-03 -6.28926978e-03 4.55398019e-03 4.24850592e-03 -2.57185032e-03 5.54761244e-03 -1.22469701e-02 -5.42298658e-03 -3.68187507e-03 6.63422374e-03 -1.01515779e-03 -1.85002305e-03 7.06104562e-03 4.10123309e-03 1.28809316e-03 -5.24877617e-03
1.23567050e-02 1.64871477e-02 -7.47816078e-03 -7.54381204e-03 4.46416857e-03 -9.70857218e-03 2.16330979e-02 9.66007356e-03 6.38507633e-03 -1.16112521e-02 1.76316069e-03 3.21654859e-03 -1.23539893e-02 -7.16723967e-03 -2.25603115e-03 9.16896854e-03
-1.70377176e-02 -1.87593736e-02 1.06012980e-02 1.03709400e-02 -6.21819217e-03 1.35011701e-02 -3.00020110e-02 -1.32936947e-02 -8.92240927e-03 1.61323696e-02 -2.45765480e-03 -4.48911032e-03 1.71564594e-02 9.96191707e-03 3.13010439e-03 -1.27486298e-02
1.49619172e-03 2.63077393e-03 -7.82333896e-04 -8.43618589e-04 4.90811828e-04 -1.07587583e-03 2.41475878e-03 1.06254080e-03 7.08204869e-04 -1.28742715e-03 1.94879438e-04 3.56567645e-04 -1.36509887e-03 -7.92312378e-04 -2.49214121e-04 1.01390656e-03
-8.36428627e-03 -7.33845122e-03 6.01780508e-03 5.33218868e-03 -3.24792555e-03 6.99733105e-03 -1.54321203e-02 -6.83157565e-03 -4.64555155e-03 8.36774427e-03 -1.28070544e-03 -2.33352999e-03 8.90593603e-03 5.17290412e-03 1.62466546e-03 -6.62031583e-03
-1.56891975e-03 -7.09964428e-04 1.04674255e-03 8.78983992e-04 -5.42860827e-04 1.16766756e-03 -2.57328339e-03 -1.13907654e-03 -7.75514578e-04 1.39655988e-03 -2.13785170e-04 -3.89518042e-04 1.48654415e-03 8.63445573e-04 2.71183380e-04 -1.10504462e-03
6.64334092e-03 9.45905969e-03 -4.57072398e-03 -4.36816178e-03 2.68070330e-03 -5.77041274e-03 1.27366073e-02 5.63544780e-03 3.83303757e-03 -6.90242928e-03 1.05671247e-03 1.92524982e-03 -7.34720612e-03 -4.26758220e-03 -1.34031579e-03 5.46169560e-03
2.00228225e-02 1.94418989e-02 -1.40119353e-02 -1.25541687e-02 7.71345431e-03 -1.65975560e-02 3.66406105e-02 1.62040014e-02 1.10234926e-02 -1.98531877e-02 3.03921942e-03 5.53750014e-03 -2.11326350e-02 -1.22747375e-02 -3.85511876e-03 1.57093182e-02
-6.58661639e-03 -1.19219264e-02 3.24171246e-03 3.99701484e-03 -2.27376213e-03 4.99793980e-03 -1.12286303e-02 -4.94037895e-03 -3.27084376e-03 5.97455399e-03 -8.97011894e-04 -1.64881162e-03 6.34436402e-03 3.67777003e-03 1.15843595e-03 -4.70581185e-03
9.08425078e-03 9.54765268e-03 -5.84488083e-03 -5.61140478e-03 3.37230810e-03 -7.29082432e-03 1.61579028e-02 7.15005957e-03 4.82520368e-03 -8.71369429e-03 1.32941920e-03 2.42651394e-03 -9.27091483e-03 -5.38349571e-03 -1.69124070e-03 6.88961009e-03
4.28750971e-03 4.60232981e-03 -2.71894573e-03 -2.64281174e-03 1.57648313e-03 -3.42276483e-03 7.59823248e-03 3.36363097e-03 2.26391573e-03 -4.09278227e-03 6.22946653e-04 1.13812368e-03 -4.35302872e-03 -2.52714613e-03 -7.94142659e-04 3.23406165e-03
6.63922285e-04 7.11271481e-04 -6.66819105e-04 -5.63061796e-04 3.55031021e-04 -7.54982291e-04 1.65760051e-03 7.34003435e-04 5.02903305e-04 -9.04021203e-04 1.38655174e-04 2.52434984e-04 -9.62727005e-04 -5.59255946e-04 -1.75621317e-04 7.15757371e-04
-6.23372803e-03 -1.87197479e-03 4.27028071e-03 3.41840391e-03 -2.13393453e-03 4.57235938e-03 -1.00498460e-02 -4.44172462e-03 -3.04376078e-03 5.47055388e-03 -8.40160472e-04 -1.52817683e-03 5.82546508e-03 3.38447886e-03 1.06257177e-03 -4.33159620e-03
3.84582859e-03 4.74992441e-03 -2.19712825e-03 -2.27381941e-03 1.32394244e-03 -2.88206106e-03 6.42690016e-03 2.84459931e-03 1.90141762e-03 -3.44739272e-03 5.22788614e-04 9.56206233e-04 -3.66457645e-03 -2.12650397e-03 -6.68652297e-04 2.72118673e-03
-3.58542753e-03 -4.06588754e-03 2.39229761e-03 2.24402011e-03 -1.34976662e-03 2.91973748e-03 -6.46117283e-03 -2.85649183e-03 -1.93688902e-03 3.49217607e-03 -5.33974613e-04 -9.73400311e-04 3.71629093e-03 2.15840060e-03 6.77935546e-04 -2.76230811e-03
2.27313442e-03 3.41521064e-03 -1.26960198e-03 -1.33705162e-03 8.04268115e-04 -1.74279092e-03 3.86349158e-03 1.70582673e-03 1.15514582e-03 -2.08267663e-03 3.18402366e-04 5.80716995e-04 -2.21663481e-03 -1.28746999e-03 -4.04360908e-04 1.64770847e-03
4.62615956e-03 5.71610592e-03 -2.40352051e-03 -2.60259770e-03 1.56941975e-03 -3.40207806e-03 7.53446668e-03 3.32425092e-03 2.25482322e-03 -4.06409521e-03 6.21446699e-04 1.13291142e-03 -4.32488276e-03 -2.51196348e-03 -7.88946403e-04 3.21481330e-03
1.07920114e-02 1.25513133e-02 -6.66715624e-03 -6.73297234e-03 4.02900483e-03 -8.73500854e-03 1.93765350e-02 8.55882000e-03 5.78282820e-03 -1.04408506e-02 1.59354974e-03 2.90748011e-03 -1.11074029e-02 -6.45016599e-03 -2.02624430e-03 8.25472921e-03
2.44668387e-02 3.05249207e-02 -1.55946668e-02 -1.52669651e-02 9.24278516e-03 -2.00305451e-02 4.44302522e-02 1.96240749e-02 1.32518969e-02 -2.39323881e-02 3.64716887e-03 6.66382723e-03 -2.54596137e-02 -1.47842560e-02 -4.64384444e-03 1.89204626e-02
1.78360529e-02 2.36590095e-02 -1.05617167e-02 -1.09166643e-02 6.49062917e-03 -1.41332112e-02 3.15528549e-02 1.39567060e-02 9.31294635e-03 -1.68929491e-02 2.56116129e-03 4.68287989e-03 -1.79670341e-02 -1.04229394e-02 -3.27885943e-03 1.33373179e-02
2.21491251e-02 2.34909672e-02 -1.44612156e-02 -1.33681092e-02 8.09619203e-03 -1.74625032e-02 3.86391729e-02 1.70822628e-02 1.15906810e-02 -2.08823960e-02 3.19467881e-03 5.82289090e-03 -2.22254768e-02 -1.29090836e-02 -4.05442109e-03 1.65210944e-02
1.96480867e-03 7.62453594e-04 -1.44602254e-03 -1.15632825e-03 7.20019569e-04 -1.54481397e-03 3.39694717e-03 1.50499796e-03 1.02746743e-03 -1.84829743e-03 2.83340400e-04 5.15917141e-04 -1.96788833e-03 -1.14316889e-03 -3.58989142e-04 1.46305922e-03
-1.03452802e-03 2.08508829e-03 1.86410104e-03 1.08414004e-03 -7.61667266e-04 1.56556349e-03 -3.32942163e-03 -1.47014228e-03 -1.05884380e-03 1.87892257e-03 -2.93827936e-04 -5.29455952e-04 2.00417871e-03 1.16680865e-03 3.65666114e-04 -1.49358762e-03
2.20810212e-02 2.25002579e-02 -1.47017362e-02 -1.38583304e-02 8.39580689e-03 -1.81139875e-02 4.00757641e-02 1.77112818e-02 1.20207584e-02 -2.16615237e-02 3.31258029e-03 6.03921060e-03 -2.30526924e-02 -1.33892624e-02 -4.20532608e-03 1.71355996e-02
8.40481371e-03 1.54905571e-02 -5.39631769e-03 -5.56852762e-03 3.27690737e-03 -7.09903426e-03 1.57278422e-02 6.94282912e-03 4.69642226e-03 -8.47733114e-03 1.29197398e-03 2.35933508e-03 -9.02025122e-03 -5.23708621e-03 -1.64531113e-03 6.70238119e-03
3.11098271e-03 3.77966836e-03 -1.87513710e-03 -1.90943375e-03 1.12651614e-03 -2.45190645e-03 5.46554616e-03 2.41330056e-03 1.61775621e-03 -2.93195038e-03 4.44722857e-04 8.13511724e-04 -3.11694294e-03 -1.80883508e-03 -5.68744028e-04 2.31470168e-03
-1.21509307e-03 -1.72585715e-07 7.43141398e-04 5.28873410e-04 -3.34779324e-04 7.15782167e-04 -1.55803119e-03 -6.92503818e-04 -4.78053116e-04 8.55632185e-04 -1.32256566e-04 -2.39969726e-04 9.11768351e-04 5.30116027e-04 1.66251077e-04 -6.78522629e-04
-1.61445662e-02 -2.20143460e-02 8.75565410e-03 9.92282946e-03 -5.90106566e-03 1.28205642e-02 -2.85317097e-02 -1.25995781e-02 -8.46014451e-03 1.53320674e-02 -2.32893182e-03 -4.25503263e-03 1.63066257e-02 9.46138613e-03 2.97556701e-03 -1.21076340e-02
-4.17385362e-02 -4.41116244e-02 2.77557019e-02 2.56180558e-02 -1.54999681e-02 3.34772617e-02 -7.39151016e-02 -3.26883271e-02 -2.22161990e-02 4.00403887e-02 -6.12462312e-03 -1.11628231e-02 4.26121801e-02 2.47496068e-02 7.77342450e-03 -3.16745155e-02
-2.22958829e-02 -2.39347257e-02 1.46381315e-02 1.34839583e-02 -8.14946555e-03 1.76058207e-02 -3.90250981e-02 -1.72347818e-02 -1.16713746e-02 2.10532211e-02 -3.21556674e-03 -5.86577412e-03 2.24001743e-02 1.30092232e-02 4.08641063e-03 -1.66489519e-02
-5.15368581e-03 -3.18140956e-03 4.13472811e-03 3.49115441e-03 -2.16637156e-03 4.64168610e-03 -1.02129932e-02 -4.52336529e-03 -3.08607053e-03 5.55472635e-03 -8.50795128e-04 -1.54974079e-03 5.91342105e-03 3.43487412e-03 1.07876328e-03 -4.39600088e-03
1.17714554e-02 1.43430186e-02 -7.02256057e-03 -7.03036832e-03 4.22173226e-03 -9.15650278e-03 2.03182343e-02 8.96661077e-03 6.05457509e-03 -1.09474650e-02 1.66874018e-03 3.04535590e-03 -1.16467271e-02 -6.76181214e-03 -2.12484598e-03 8.65330268e-03
2.35079555e-03 3.46500380e-03 -1.62396999e-03 -1.64499471e-03 9.68362030e-04 -2.10986123e-03 4.70125489e-03 2.08784896e-03 1.38758391e-03 -2.52488186e-03 3.81848309e-04 6.97835698e-04 -2.68483930e-03 -1.55665295e-03 -4.90432896e-04 1.99176837e-03
1.21332509e-02 1.51902921e-02 -7.02868123e-03 -7.07924366e-03 4.16301377e-03 -9.03803390e-03 2.00310517e-02 8.86965916e-03 5.97668719e-03 -1.08010666e-02 1.64380076e-03 3.00371693e-03 -1.14866747e-02 -6.66892901e-03 -2.09562527e-03 8.53436254e-03
-2.97830310e-02 -2.90318783e-02 2.05994807e-02 1.88700706e-02 -1.15602082e-02 2.49078963e-02 -5.49506098e-02 -2.43203752e-02 -1.65426806e-02 2.97918096e-02 -4.56035836e-03 -8.30947049e-03 3.17116603e-02 1.84194557e-02 5.78497676e-03 -2.35733800e-02
6.10543508e-03 7.00263493e-03 -3.90698668e-03 -3.83713352e-03 2.29828293e-03 -4.97925235e-03 1.10520273e-02 4.89009405e-03 3.29159014e-03 -5.95402252e-03 9.06581525e-04 1.65531726e-03 -6.33296184e-03 -3.67634627e-03 -1.15540309e-03 4.70466958e-03
9.92555451e-03 8.27330351e-03 -6.98672840e-03 -6.30328199e-03 3.84763302e-03 -8.28387681e-03 1.82777401e-02 8.08753446e-03 5.49906120e-03 -9.90863889e-03 1.51588593e-03 2.76267412e-03 -1.05461199e-02 -6.12527970e-03 -1.92387763e-03 7.83911720e-03
-4.27516783e-03 -1.83606776e-03 3.35860741e-03 2.77714268e-03 -1.73954561e-03 3.72281508e-03 -8.17673467e-03 -3.62101733e-03 -2.47708801e-03 4.45509516e-03 -6.82993792e-04 -1.24366884e-03 4.74361796e-03 2.75563728e-03 8.65345064e-04 -3.52675118e-03
6.40151120e-06 8.01943534e-05 6.25026587e-05 3.54640797e-05 -2.48340366e-05 5.11987528e-05 -1.08605753e-04 -4.86973331e-05 -3.46298693e-05 6.15636236e-05 -9.54043298e-06 -1.72997079e-05 6.56982447e-05 3.82040089e-05 1.19845772e-05 -4.89007725e-05
4.34919260e-03 1.68961775e-03 -3.65744159e-03 -2.93487916e-03 1.83733285e-03 -3.93315405e-03 8.65923893e-03 3.83712468e-03 2.61673075e-03 -4.70808335e-03 7.21248158e-04 1.31378905e-03 -5.01239998e-03 -2.91159423e-03 -9.14401317e-04 3.72631359e-03
1.17707271e-02 1.12912171e-02 -8.11915286e-03 -7.45385699e-03 4.53545386e-03 -9.77976248e-03 2.15966236e-02 9.55668837e-03 6.49235398e-03 -1.16970632e-02 1.78974774e-03 3.26158130e-03 -1.24493325e-02 -7.23082572e-03 -2.27104360e-03 9.25402343e-03
2.15574652e-02 2.38435529e-02 -1.48880947e-02 -1.37077263e-02 8.31175130e-03 -1.79206990e-02 3.96478772e-02 1.75062530e-02 1.18955756e-02 -2.14303900e-02 3.27908457e-03 5.97582199e-03 -2.28089932e-02 -1.32479891e-02 -4.16084565e-03 1.69548560e-02
1.15449205e-02 1.28125912e-02 -7.29782041e-03 -6.84461975e-03 4.12855716e-03 -8.92335083e-03 1.97277069e-02 8.71945079e-03 5.91500010e-03 -1.06675876e-02 1.62943383e-03 2.97247921e-03 -1.13508599e-02 -6.59211539e-03 -2.07062461e-03 8.43649078e-03
-3.05947997e-02 -4.46764305e-02 1.78541094e-02 1.83206555e-02 -1.08474111e-02 2.35851668e-02 -5.24946377e-02 -2.32114140e-02 -1.56004224e-02 2.81994268e-02 -4.27930150e-03 -7.83839356e-03 2.99925841e-02 1.74099542e-02 5.47280954e-03 -2.22795159e-02
2.03983323e-03 3.19177820e-03 -2.03017204e-04 -5.56622981e-04 2.63384398e-04 -6.10525312e-04 1.44930347e-03 6.44285989e-04 3.87562148e-04 -7.27155479e-04 1.06372616e-04 1.97012836e-04 -7.69505859e-04 -4.44800331e-04 -1.40831427e-04 5.68836869e-04
-1.78566668e-02 -2.11201683e-02 1.02727553e-02 1.00446427e-02 -6.03798870e-03 1.30644301e-02 -2.89348997e-02 -1.27765229e-02 -8.65314435e-03 1.56168705e-02 -2.38258601e-03 -4.34931554e-03 1.66173205e-02 9.64957289e-03 3.03135719e-03 -1.23491921e-02
4.98234434e-03 5.46600576e-03 -3.42677231e-03 -3.17022437e-03 1.92812283e-03 -4.15994273e-03 9.18577425e-03 4.06352151e-03 2.75978306e-03 -4.97455383e-03 7.60605733e-04 1.38669414e-03 -5.29412692e-03 -3.07483412e-03 -9.65779240e-04 3.93515313e-03
-1.41554289e-02 -1.66381486e-02 8.51038657e-03 8.42776708e-03 -5.03535755e-03 1.09282928e-02 -2.42090616e-02 -1.06881317e-02 -7.22894538e-03 1.30529944e-02 -1.99188455e-03 -3.63452779e-03 1.38879288e-02 8.06456152e-03 2.53370311e-03 -1.03207100e-02
-1.23315183e-02 -1.27357654e-02 8.07207450e-03 7.53207551e-03 -4.56741545e-03 9.85500216e-03 -2.17970163e-02 -9.63714626e-03 -6.53411308e-03 1.17838755e-02 -1.80061243e-03 -3.28365108e-03 1.25406664e-02 7.28303427e-03 2.28768750e-03 -9.32070892e-03
1.56879332e-02 1.40973367e-02 -1.05889896e-02 -9.75983404e-03 5.95992059e-03 -1.28448522e-02 2.83880141e-02 1.25627248e-02 8.52430332e-03 -1.53606171e-02 2.35096738e-03 4.28359397e-03 -1.63505841e-02 -9.49675217e-03 -2.98271026e-03 1.21539636e-02
1.44399153e-02 1.33966971e-02 -1.00367721e-02 -9.11818910e-03 5.59094083e-03 -1.20315989e-02 2.65566781e-02 1.17470063e-02 7.99041893e-03 -1.43912649e-02 2.20257253e-03 4.01355419e-03 -1.53179523e-02 -8.89731199e-03 -2.79437169e-03 1.13868583e-02
7.56422104e-03 9.55656543e-03 -4.79922071e-03 -4.75569721e-03 2.82654539e-03 -6.12964295e-03 1.36149228e-02 6.01529889e-03 4.05689655e-03 -7.32898712e-03 1.11722096e-03 2.03942112e-03 -7.79617205e-03 -4.52663423e-03 -1.42224459e-03 5.79293631e-03
1.49752237e-02 1.66694187e-02 -9.74436197e-03 -9.62515362e-03 5.72123518e-03 -1.24064870e-02 2.75569763e-02 1.22330990e-02 8.19044281e-03 -1.48326587e-02 2.25755968e-03 4.12177248e-03 -1.57715324e-02 -9.15496983e-03 -2.87907268e-03 1.17156077e-02
2.01013032e-02 3.15696150e-02 -9.64372233e-03 -1.13242045e-02 6.44831872e-03 -1.40914898e-02 3.16893272e-02 1.38930380e-02 9.27073043e-03 -1.68750007e-02 2.53514620e-03 4.64947987e-03 -1.79331135e-02 -1.04035614e-02 -3.28197028e-03 1.33099034e-02
7.35690910e-03 5.78845013e-03 -5.41832764e-03 -4.73154290e-03 2.89868866e-03 -6.23475341e-03 1.37483412e-02 6.08654832e-03 4.14085854e-03 -7.45851267e-03 1.14162976e-03 2.08010897e-03 -7.93910492e-03 -4.61128075e-03 -1.44828542e-03 5.90154016e-03
1.84142089e-03 5.60527726e-04 -1.32897182e-03 -1.09273451e-03 6.81520673e-04 -1.45944336e-03 3.20740743e-03 1.41717750e-03 9.70963039e-04 -1.74657383e-03 2.67799245e-04 4.87579789e-04 -1.85971602e-03 -1.08034210e-03 -3.39260238e-04 1.38265453e-03
-7.42978929e-03 -6.40573911e-03 5.17873047e-03 4.68882639e-03 -2.86212261e-03 6.16493914e-03 -1.36107272e-02 -6.01947634e-03 -4.09174291e-03 7.37227267e-03 -1.12779695e-03 -2.05567433e-03 7.84659013e-03 4.55746008e-03 1.43139984e-03 -5.83264697e-03
-2.04123706e-02 -2.67078113e-02 1.15308315e-02 1.22041069e-02 -7.23807048e-03 1.56850647e-02 -3.47876474e-02 -1.54067399e-02 -1.03771193e-02 1.87532213e-02 -2.85788928e-03 -5.21883229e-03 1.99511256e-02 1.15842996e-02 3.63965193e-03 -1.48249157e-02
1.10422894e-02 1.94077529e-02 -5.07221650e-03 -6.60911296e-03 3.78640322e-03 -8.30952451e-03 1.87609028e-02 8.27990100e-03 5.43004368e-03 -9.94075742e-03 1.48433947e-03 2.73207505e-03 -1.05680674e-02 -6.11859933e-03 -1.93025207e-03 7.82827474e-03
-8.31565447e-03 -9.63835418e-03 5.33553027e-03 5.13472594e-03 -3.09186708e-03 6.68099010e-03 -1.48041043e-02 -6.55099237e-03 -4.42799833e-03 7.98732229e-03 -1.21997367e-03 -2.22546770e-03 8.49913992e-03 4.93590441e-03 1.55041681e-03 -6.31688209e-03
1.32111115e-02 1.18939513e-02 -9.29090194e-03 -8.40978138e-03 5.12874546e-03 -1.10592339e-02 2.44179443e-02 1.07992822e-02 7.33833807e-03 -1.32241426e-02 2.02311832e-03 3.68739059e-03 -1.40744122e-02 -8.17466713e-03 -2.56749731e-03 1.04619497e-02
1.10669695e-02 8.03379808e-03 -7.86586758e-03 -6.86664134e-03 4.22045542e-03 -9.07629076e-03 2.00063586e-02 8.85280594e-03 6.02797046e-03 -1.08553041e-02 1.66158669e-03 3.02767777e-03 -1.15546407e-02 -6.71142666e-03 -2.10785237e-03 8.58934317e-03
-5.79739921e-03 -1.06856385e-02 2.81489152e-03 3.42379510e-03 -1.95682957e-03 4.30211565e-03 -9.52595100e-03 -4.21385560e-03 -2.83439155e-03 5.13109425e-03 -7.81550247e-04 -1.42676453e-03 5.45361219e-03 3.16665182e-03 9.94937378e-04 -4.05246252e-03
-1.65153351e-02 -1.52267292e-02 1.07954843e-02 1.02640782e-02 -6.06132159e-03 1.30816652e-02 -2.89142206e-02 -1.28052002e-02 -8.67745746e-03 1.56452563e-02 -2.39308225e-03 -4.36130678e-03 1.66503116e-02 9.67056956e-03 3.03739635e-03 -1.23763569e-02
-4.98837344e-02 -6.68769032e-02 3.14048305e-02 3.11589539e-02 -1.85111612e-02 4.01358679e-02 -8.95014703e-02 -3.93404178e-02 -2.65628323e-02 4.79756296e-02 -7.33208843e-03 -1.33703509e-02 5.10549396e-02 2.96499133e-02 9.31322947e-03 -3.79455388e-02
1.40002454e-02 1.29608186e-02 -9.87744797e-03 -8.97757802e-03 5.43579226e-03 -1.17085092e-02 2.58329511e-02 1.14269778e-02 7.77652767e-03 -1.40060456e-02 2.14371178e-03 3.90631519e-03 -1.49085652e-02 -8.65941308e-03 -2.71967635e-03 1.10823726e-02
-8.18062481e-03 -9.42590646e-03 5.38025890e-03 5.12899971e-03 -3.06826411e-03 6.64831139e-03 -1.47497589e-02 -6.53410051e-03 -4.40471247e-03 7.94887822e-03 -1.21292344e-03 -2.21327203e-03 8.45335238e-03 4.90904925e-03 1.54201919e-03 -6.28249208e-03
-3.26533476e-03 -2.48033018e-03 2.26454507e-03 2.01128633e-03 -1.23109936e-03 2.65005394e-03 -5.84942522e-03 -2.58766324e-03 -1.75937056e-03 3.16917547e-03 -4.85016004e-04 -8.83815985e-04 3.37322126e-03 1.95927219e-03 6.15355384e-04 -2.50748778e-03
-2.35240925e-02 -2.87732184e-02 1.44755952e-02 1.44403772e-02 -8.62787664e-03 1.86890345e-02 -4.13344689e-02 -1.82643849e-02 -1.23866471e-02 2.23468300e-02 -3.41466512e-03 -6.22645346e-03 2.37780437e-02 1.38093140e-02 4.33769869e-03 -1.76728889e-02
-3.44388075e-02 -4.16931584e-02 2.29362305e-02 2.15388853e-02 -1.31182382e-02 2.83103641e-02 -6.25172704e-02 -2.77143847e-02 -1.87859815e-02 3.38435806e-02 -5.17809484e-03 -9.43753403e-03 3.60211842e-02 2.09221523e-02 6.57113176e-03 -2.67762430e-02
5.74438786e-03 7.90733192e-03 -3.48436972e-03 -3.73589806e-03 2.10887589e-03 -4.60005645e-03 1.02515267e-02 4.52390872e-03 3.03395395e-03 -5.49633615e-03 8.37026455e-04 1.52689847e-03 -5.84074762e-03 -3.39081255e-03 -1.06568099e-03 4.33925772e-03
-1.02271751e-01 -1.18271858e-01 6.99573085e-02 6.46443665e-02 -3.90171707e-02 8.41466337e-02 -1.86237141e-01 -8.21915716e-02 -5.58094904e-02 1.00613505e-01 -1.53822210e-02 -2.80461498e-02 1.07070170e-01 6.21867590e-02 1.95320975e-02 -7.95863718e-02
-2.43346440e-03 -4.13968507e-03 9.15612676e-04 1.12739601e-03 -6.50657224e-04 1.42223970e-03 -3.15362541e-03 -1.39176729e-03 -9.41218226e-04 1.69716740e-03 -2.59532011e-04 -4.73037653e-04 1.80583925e-03 1.04884082e-03 3.29418777e-04 -1.34230487e-03
3.22844554e-03 -6.63704239e-04 -2.70183291e-03 -1.96400355e-03 1.25938107e-03 -2.67050276e-03 5.83654130e-03 2.58638524e-03 1.78251974e-03 -3.20101436e-03 4.91783605e-04 8.94325378e-04 -3.40977823e-03 -1.98098971e-03 -6.22037740e-04 2.53537251e-03
7.34101096e-03 9.33132693e-03 -4.02660714e-03 -4.24501719e-03 2.47397111e-03 -5.41712856e-03 1.21594584e-02 5.40653476e-03 3.55464267e-03 -6.48751669e-03 9.78095341e-04 1.78890396e-03 -6.89650886e-03 -3.99506325e-03 -1.25918165e-03 5.11143357e-03
8.69196001e-03 9.66329779e-03 -6.17559627e-03 -5.70932915e-03 3.45187075e-03 -7.44636171e-03 1.64511409e-02 7.28434790e-03 4.94098058e-03 -8.90284777e-03 1.36178650e-03 2.48221448e-03 -9.47514083e-03 -5.50331874e-03 -1.72848033e-03 7.04315351e-03
7.79493805e-03 8.09561647e-03 -4.93658800e-03 -4.85204859e-03 2.89563811e-03 -6.26421301e-03 1.38870561e-02 6.14172732e-03 4.14953055e-03 -7.49279885e-03 1.14325644e-03 2.08637631e-03 -7.97228329e-03 -4.62932698e-03 -1.45438418e-03 5.92443300e-03
5.75436419e-03 6.71871565e-03 -3.72188515e-03 -3.56726977e-03 2.13972153e-03 -4.62919101e-03 1.02349361e-02 4.52500908e-03 3.06818075e-03 -5.53380558e-03 8.45675531e-04 1.54209021e-03 -5.88847045e-03 -3.41986492e-03 -1.07418362e-03 4.37670248e-03
3.37994210e-02 3.12457681e-02 -2.34951824e-02 -2.14275345e-02 1.30611993e-02 -2.81155538e-02 6.20172843e-02 2.74633300e-02 1.86696928e-02 -3.36277075e-02 5.14690718e-03 9.37858969e-03 -3.57932113e-02 -2.07899995e-02 -6.52953796e-03 2.66071875e-02
-7.31823035e-03 -8.98112077e-03 4.49123560e-03 4.47944738e-03 -2.63674255e-03 5.73110301e-03 -1.27295787e-02 -5.62163210e-03 -3.78906797e-03 6.84834644e-03 -1.04341749e-03 -1.90483883e-03 7.28281075e-03 4.22843173e-03 1.32861768e-03 -5.41127892e-03
-2.62056943e-02 -2.57790051e-02 1.73338316e-02 1.63550023e-02 -9.86408629e-03 2.13004928e-02 -4.71006483e-02 -2.08549891e-02 -1.41133396e-02 2.54761986e-02 -3.88791622e-03 -7.09379697e-03 2.71047540e-02 1.57396346e-02 4.94485023e-03 -2.01429762e-02
1.18020643e-02 1.01513881e-02 -8.32820684e-03 -7.43412226e-03 4.55169240e-03 -9.80884116e-03 2.16471087e-02 9.58615076e-03 6.51125843e-03 -1.17299249e-02 1.79475476e-03 3.27092758e-03 -1.24846632e-02 -7.25140516e-03 -2.27749464e-03 9.28037614e-03
-1.99647658e-02 -1.93894207e-02 1.32677751e-02 1.25835882e-02 -7.61060556e-03 1.64387338e-02 -3.63132507e-02 -1.60571989e-02 -1.09110037e-02 1.96596924e-02 -3.00824735e-03 -5.48221497e-03 2.09255163e-02 1.21539794e-02 3.81728378e-03 -1.55547066e-02
2.85725351e-02 3.37237716e-02 -1.90057959e-02 -1.79418232e-02 1.08076176e-02 -2.33537685e-02 5.17951809e-02 2.28946209e-02 1.54827964e-02 -2.79249474e-02 4.27015685e-03 7.78342783e-03 -2.97201574e-02 -1.72608886e-02 -5.42155001e-03 2.20903177e-02
3.68396193e-03 7.34015461e-03 -2.56920117e-03 -2.54946039e-03 1.50261668e-03 -3.25445714e-03 7.22654536e-03 3.19745857e-03 2.15452584e-03 -3.89160425e-03 5.93223667e-04 1.08268159e-03 -4.13766550e-03 -2.40269513e-03 -7.54849694e-04 3.07487021e-03
