2.48687295e-03 -1.94456596e-02 -2.44188718e-02 -1.95385888e-02 -9.08739213e-03 -1.00239487e-02 3.10332212e-03 2.43114792e-02 -3.55779706e-03 1.18171924e-03 -5.67271095e-03 1.13146370e-02 -1.25400107e-02 -1.30656520e-02 4.79729800e-03 8.41099396e-03
-5.99527685e-03 3.95876914e-02 4.42115329e-02 3.48694064e-02 1.59941725e-02 1.76266246e-02 -5.47998399e-03 -4.27749157e-02 6.25152886e-03 -2.06680340e-03 9.96966287e-03 -1.98840145e-02 2.20377278e-02 2.29610801e-02 -8.43057223e-03 -1.47809982e-02
-1.47983257e-04 -4.99603397e-04 7.12858222e-04 6.26624096e-05 4.39450843e-04 4.02220059e-04 -9.68511449e-05 -1.12679170e-03 1.73390814e-04 -6.38715064e-05 2.70018907e-04 -5.62539732e-04 6.19001861e-04 6.47142355e-04 -2.37154469e-04 -4.16754396e-04
-7.22005591e-03 2.79104859e-02 3.44353803e-02 2.71763634e-02 1.27688199e-02 1.40084606e-02 -4.26334003e-03 -3.41001004e-02 4.99118585e-03 -1.67040282e-03 7.94924796e-03 -1.59093551e-02 1.76220071e-02 1.83654502e-02 -6.74204109e-03 -1.18230088e-02
-3.45355421e-02 7.92777091e-02 9.55150649e-02 7.66322389e-02 3.55407521e-02 3.97692099e-02 -1.19167846e-02 -9.51534584e-02 1.38761355e-02 -4.60117357e-03 2.20929682e-02 -4.41912524e-02 4.89659198e-02 5.10257669e-02 -1.87340751e-02 -3.28475349e-02
5.29298699e-03 -1.60323568e-02 -1.76877547e-02 -1.51474942e-02 -6.20228657e-03 -7.26586673e-03 2.32786452e-03 1.69048328e-02 -2.42840149e-03 7.74153741e-04 -3.92025383e-03 7.67767988e-03 -8.54342524e-03 -8.88606254e-03 3.26760579e-03 5.72102051e-03
5.53351035e-03 4.36086114e-03 3.78031144e-03 4.86375298e-03 1.04211969e-03 1.76245067e-03 -6.21422252e-04 -3.14071192e-03 4.28905623e-04 -7.99632835e-05 7.81599898e-04 -1.27338583e-03 1.46657706e-03 1.50676991e-03 -5.66015253e-04 -9.72798443e-04
-1.79218827e-04 2.66795885e-03 2.82226293e-03 2.58649234e-03 9.65164742e-04 1.12193567e-03 -3.58272751e-04 -2.59778043e-03 3.76980868e-04 -1.19651522e-04 6.08984905e-04 -1.19186775e-03 1.32563547e-03 1.37901492e-03 -5.07005258e-04 -8.87747388e-04
-3.47700156e-03 7.67783746e-02 8.31583813e-02 6.88516647e-02 2.88734101e-02 3.31336260e-02 -1.01941377e-02 -7.76065812e-02 1.13237128e-02 -3.63378506e-03 1.83258839e-02 -3.58537100e-02 3.98486294e-02 4.14673463e-02 -1.52385440e-02 -2.66952720e-02
6.82218932e-04 -8.05228204e-03 -9.32284258e-03 -7.29785487e-03 -3.31719662e-03 -3.74149997e-03 1.20089389e-03 9.06005688e-03 -1.29458006e-03 4.28190513e-04 -2.06763018e-03 4.11508512e-03 -4.56339819e-03 -4.75319522e-03 1.74552971e-03 3.05982283e-03
1.29457819e-03 -6.38959464e-03 -8.27915315e-03 -6.59279479e-03 -3.14800791e-03 -3.45346308e-03 1.05112814e-03 8.42085946e-03 -1.23070343e-03 4.10890934e-04 -1.96125102e-03 3.92175559e-03 -4.34487779e-03 -4.52769594e-03 1.66224898e-03 2.91477283e-03
3.90453800e-03 -2.32634936e-02 -2.76635867e-02 -2.21996717e-02 -1.00902254e-02 -1.11313118e-02 3.46486457e-03 2.70258989e-02 -3.94264283e-03 1.30959786e-03 -6.29447633e-03 1.25451125e-02 -1.39079774e-02 -1.44892326e-02 5.32068545e-03 9.32757836e-03
-1.09703350e-03 1.00798439e-02 1.20352693e-02 9.49772820e-03 4.36275685e-03 4.85766679e-03 -1.49391743e-03 -1.16680553e-02 1.70505256e-03 -5.62737696e-04 2.72584171e-03 -5.42144058e-03 6.01207558e-03 6.26249937e-03 -2.29981029e-03 -4.03143466e-03
-5.54703549e-03 2.72411928e-02 3.25898826e-02 2.59691626e-02 1.18426122e-02 1.32685518e-02 -4.15137596e-03 -3.18810120e-02 4.63268580e-03 -1.52912003e-03 7.38827884e-03 -1.47045124e-02 1.63094532e-02 1.69874411e-02 -6.23916788e-03 -1.09356670e-02
-9.43891983e-03 2.26775426e-02 2.80089527e-02 2.13834140e-02 1.02646817e-02 1.12486342e-02 -3.42818815e-03 -2.74253041e-02 4.01840638e-03 -1.34732598e-03 6.38909359e-03 -1.28013864e-02 1.41783394e-02 1.47770159e-02 -5.42461267e-03 -9.51298140e-03
-1.84556171e-02 5.37936315e-02 7.94489086e-02 6.17075637e-02 3.15088220e-02 3.40535678e-02 -1.02503756e-02 -8.40515867e-02 1.23436851e-02 -4.15221415e-03 1.96321681e-02 -3.93742099e-02 4.36029099e-02 4.54476252e-02 -1.66833568e-02 -2.92582642e-02
-1.78260356e-02 3.51390839e-02 4.31199260e-02 3.46930549e-02 1.63290240e-02 1.79246049e-02 -5.45867952e-03 -4.37208526e-02 6.38169097e-03 -2.13903747e-03 1.01557234e-02 -2.03442872e-02 2.25327443e-02 2.34841462e-02 -8.62098578e-03 -1.51183577e-02
1.54841645e-03 -1.70365535e-02 -1.99376084e-02 -1.62225403e-02 -7.29761925e-03 -8.10395181e-03 2.51507410e-03 1.96115114e-02 -2.85356375e-03 9.43230581e-04 -4.55307122e-03 9.06898174e-03 -1.00554014e-02 -1.04753710e-02 3.84670333e-03 6.74319593e-03
-1.01919211e-02 3.22313160e-02 3.85342911e-02 3.02675609e-02 1.42967040e-02 1.56751294e-02 -4.81238589e-03 -3.81973907e-02 5.58859576e-03 -1.86992728e-03 8.89600348e-03 -1.78088229e-02 1.97258741e-02 2.05581095e-02 -7.54692312e-03 -1.32345706e-02
6.31412258e-03 -3.27155516e-02 -4.48568426e-02 -3.46593782e-02 -1.74864884e-02 -1.89668611e-02 5.70353726e-03 4.66343090e-02 -6.84633804e-03 2.30189157e-03 -1.08899716e-02 2.18375605e-02 -2.41830777e-02 -2.52061170e-02 9.25290864e-03 1.62271671e-02
-2.31398060e-03 1.38387205e-02 1.84634440e-02 1.43975941e-02 7.06730084e-03 7.70849921e-03 -2.34219129e-03 -1.88921206e-02 2.76561803e-03 -9.27476271e-04 4.40178066e-03 -8.81691743e-03 9.76546016e-03 1.01777734e-02 -3.73627734e-03 -6.55214908e-03
-3.07560712e-02 7.63781518e-02 1.04380302e-01 8.12259167e-02 4.05983590e-02 4.40165997e-02 -1.32848322e-02 -1.08293593e-01 1.58958323e-02 -5.34337526e-03 2.52852142e-02 -5.06983437e-02 5.61451651e-02 5.85195795e-02 -2.14820523e-02 -3.76735702e-02
-7.48167187e-03 3.09233442e-02 3.14679444e-02 2.68136729e-02 1.08681899e-02 1.24779027e-02 -4.12683003e-03 -2.95214485e-02 4.24380833e-03 -1.35775551e-03 6.85072690e-03 -1.34353302e-02 1.49402544e-02 1.55468499e-02 -5.71549637e-03 -1.00081731e-02
-9.03740153e-03 1.23102004e-02 5.33982180e-03 7.60560436e-03 8.55506340e-04 1.54200452e-03 -4.80127113e-04 -2.46415148e-03 3.27311776e-04 -6.94149203e-05 5.84559399e-04 -9.90529894e-04 1.12106721e-03 1.16369268e-03 -4.29428765e-04 -7.44922436e-04
5.09070512e-03 -7.82817416e-03 -7.00425310e-03 -6.91928715e-03 -2.41102185e-03 -2.78662192e-03 8.67238152e-04 6.47288654e-03 -9.36325581e-04 3.07458453e-04 -1.49798009e-03 2.97484477e-03 -3.29857040e-03 -3.43594747e-03 1.26163277e-03 2.21174583e-03
-3.79420351e-03 5.11526922e-03 8.00291449e-03 6.17630081e-03 3.23632383e-03 3.48729314e-03 -1.04538247e-03 -8.62704683e-03 1.26875914e-03 -4.27097024e-04 2.01774435e-03 -4.04772023e-03 4.48226556e-03 4.67199972e-03 -1.71503599e-03 -3.00775212e-03
-1.33066103e-02 3.67691144e-02 4.11340743e-02 3.48446965e-02 1.43654151e-02 1.65648349e-02 -5.17705828e-03 -3.86693217e-02 5.61173214e-03 -1.80243037e-03 9.08866525e-03 -1.77728012e-02 1.97550766e-02 2.05554031e-02 -7.55735720e-03 -1.32337091e-02
-2.51005869e-03 3.07044033e-02 4.14327867e-02 3.27713117e-02 1.58147756e-02 1.74249094e-02 -5.24041057e-03 -4.22100164e-02 6.18693745e-03 -2.06363667e-03 9.86767467e-03 -1.97109431e-02 2.18389425e-02 2.27571856e-02 -8.35506432e-03 -1.46501977e-02
1.60771864e-03 -1.28280488e-03 -6.42930972e-05 -2.72876059e-05 2.13593856e-04 1.63610690e-04 -2.05424003e-05 -5.39355678e-04 8.75105397e-05 -3.35324912e-05 1.25821622e-04 -2.87661911e-04 3.12722317e-04 3.28499766e-04 -1.20049910e-04 -2.11779188e-04
3.43034277e-04 -5.35453856e-03 -4.97962255e-03 -4.61149449e-03 -1.53181062e-03 -1.84392370e-03 5.97708742e-04 4.21142951e-03 -5.96095633e-04 1.82528107e-04 -9.72765149e-04 1.87449390e-03 -2.09021219e-03 -2.17217254e-03 7.99326983e-04 1.39829295e-03
5.77853713e-03 -2.18301490e-02 -2.47974638e-02 -2.00727731e-02 -8.92836507e-03 -1.00606922e-02 3.19562620e-03 2.43453998e-02 -3.49820242e-03 1.13326521e-03 -5.58939436e-03 1.10859387e-02 -1.23112546e-02 -1.28233125e-02 4.71453229e-03 8.25463235e-03
1.75843928e-02 -3.96030024e-02 -4.86941747e-02 -3.66333649e-02 -1.81093533e-02 -1.98704097e-02 5.97430067e-03 4.83999662e-02 -7.08612893e-03 2.37763254e-03 -1.12813450e-02 2.25949977e-02 -2.50241365e-02 -2.60813534e-02 9.57419816e-03 1.67905074e-02
-3.12155839e-02 7.75978118e-02 9.97514501e-02 8.01222250e-02 3.81598063e-02 4.15788107e-02 -1.25550022e-02 -1.01859473e-01 1.49267800e-02 -5.01142768e-03 2.37405393e-02 -4.75930162e-02 5.27093485e-02 5.49366102e-02 -2.01669298e-02 -3.53666916e-02
1.79420318e-02 -5.74522913e-02 -7.05779046e-02 -5.35450950e-02 -2.64064912e-02 -2.86412258e-02 8.76346510e-03 7.04444721e-02 -1.03259413e-02 3.46876262e-03 -1.64340641e-02 3.29242051e-02 -3.64617445e-02 -3.80035639e-02 1.39507428e-02 2.44657807e-02
-8.98354780e-03 3.10661383e-02 4.47375327e-02 3.46425399e-02 1.76146384e-02 1.90546922e-02 -5.73936710e-03 -4.69884053e-02 6.90009631e-03 -2.32077297e-03 1.09743699e-02 -2.20095105e-02 2.43733358e-02 2.54044849e-02 -9.32572410e-03 -1.63548887e-02
5.04931435e-03 -1.81067828e-02 -2.16215514e-02 -1.69694088e-02 -8.11192300e-03 -8.93604569e-03 2.71472498e-03 2.16705967e-02 -3.17144021e-03 1.05916243e-03 -5.05096093e-03 1.01058232e-02 -1.11952275e-02 -1.16667636e-02 4.28306358e-03 7.51057873e-03
-4.76610288e-03 8.70910473e-03 1.20910024e-02 9.36774816e-03 4.73170914e-03 5.12474868e-03 -1.54440082e-03 -1.26292137e-02 1.85322552e-03 -6.23083441e-04 2.94769835e-03 -5.91085851e-03 6.54580491e-03 6.82266708e-03 -2.50453805e-03 -4.39228257e-03
2.73193195e-02 -3.83623280e-02 -4.86243293e-02 -3.77031006e-02 -1.85262095e-02 -2.01691706e-02 6.10814895e-03 4.95082922e-02 -7.25099072e-03 2.43458874e-03 -1.15330378e-02 2.31250338e-02 -2.56097801e-02 -2.66926344e-02 9.79861803e-03 1.71840619e-02
-7.49718212e-03 2.82558892e-02 3.15222219e-02 2.41479985e-02 1.10637657e-02 1.21671688e-02 -3.72468773e-03 -2.94418056e-02 4.30768495e-03 -1.43915927e-03 6.86274748e-03 -1.37214800e-02 1.52006010e-02 1.58407595e-02 -5.81529364e-03 -1.01975715e-02
-7.60969240e-03 1.51706059e-02 2.15067845e-02 1.66008472e-02 8.45471676e-03 9.14464053e-03 -2.75414251e-03 -2.25509349e-02 3.31155420e-03 -1.11380860e-03 5.26691927e-03 -1.05630178e-02 1.16974870e-02 1.21923676e-02 -4.47569229e-03 -7.84919690e-03
1.20109599e-03 -5.43878926e-03 -5.98201714e-03 -5.07319905e-03 -2.07404420e-03 -2.37884326e-03 7.49403844e-04 5.61122689e-03 -8.09337769e-04 2.62979884e-04 -1.30067358e-03 2.56671687e-03 -2.84984545e-03 -2.96667474e-03 1.08985382e-03 1.90970302e-03
1.17504923e-03 9.86850448e-03 1.35081625e-02 1.07505461e-02 5.22424933e-03 5.69099421e-03 -1.74104830e-03 -1.39709543e-02 2.04525609e-03 -6.85154984e-04 3.25411023e-03 -6.51862845e-03 7.22036045e-03 7.52512598e-03 -2.76259473e-03 -4.84444480e-03
-1.29499426e-03 5.43317106e-03 6.14842260e-03 5.08943247e-03 2.21006782e-03 2.53568566e-03 -7.81659444e-04 -5.94473490e-03 8.61163076e-04 -2.82671972e-04 1.38067384e-03 -2.73814145e-03 3.03625013e-03 3.16278008e-03 -1.16142666e-03 -2.03601387e-03
-1.62414592e-02 3.60005610e-02 5.20346873e-02 4.01825570e-02 2.05596182e-02 2.22239308e-02 -6.69113873e-03 -5.48359342e-02 8.05419311e-03 -2.70949118e-03 1.28096491e-02 -2.56919395e-02 2.84510516e-02 2.96548381e-02 -1.08859753e-02 -1.90911964e-02
5.65990526e-03 -2.90544815e-02 -3.26509178e-02 -2.68939752e-02 -1.17436107e-02 -1.32790189e-02 4.14753007e-03 3.20426412e-02 -4.60564671e-03 1.49784738e-03 -7.35424506e-03 1.45711293e-02 -1.61952879e-02 -1.68698262e-02 6.19730353e-03 1.08552808e-02
-7.70216435e-03 2.90349480e-02 3.54716703e-02 2.76963413e-02 1.31131234e-02 1.46162063e-02 -4.47066361e-03 -3.52013856e-02 5.12302807e-03 -1.70212833e-03 8.17310903e-03 -1.63071267e-02 1.80691388e-02 1.88288447e-02 -6.91302959e-03 -1.21209286e-02
-1.10059585e-02 4.64541018e-02 5.51918894e-02 4.39198427e-02 2.06492785e-02 2.29636971e-02 -7.07114628e-03 -5.53085729e-02 8.06954131e-03 -2.66004214e-03 1.28724836e-02 -2.56923493e-02 2.84711309e-02 2.96671297e-02 -1.08946171e-02 -1.90988705e-02
-1.18904868e-02 3.55693214e-02 5.03163077e-02 3.90168130e-02 1.97676662e-02 2.13946588e-02 -6.44230610e-03 -5.27274013e-02 7.74231181e-03 -2.60380469e-03 1.23139238e-02 -2.46957317e-02 2.73480974e-02 2.85050794e-02 -1.04639232e-02 -1.83509849e-02
2.38895975e-03 -1.11737587e-02 -1.15655856e-02 -1.04921814e-02 -4.17938922e-03 -4.72122105e-03 1.40223978e-03 1.11318734e-02 -1.62994280e-03 5.43536851e-04 -2.59496155e-03 5.19324513e-03 -5.75236231e-03 -5.99504774e-03 2.20080046e-03 3.85937607e-03
1.32607352e-02 -4.48415056e-02 -6.48828223e-02 -5.03093712e-02 -2.56179608e-02 -2.77054850e-02 8.34189821e-03 6.83340207e-02 -1.00353016e-02 3.37534398e-03 -1.59608126e-02 3.20101231e-02 -3.54480110e-02 -3.69476974e-02 1.35631170e-02 2.37861741e-02
6.11826591e-03 -2.30782423e-02 -2.95743849e-02 -2.25250795e-02 -1.13636656e-02 -1.23142479e-02 3.72216827e-03 3.03076971e-02 -4.44861362e-03 1.49574445e-03 -7.07528461e-03 1.41886426e-02 -1.57126151e-02 -1.63772907e-02 6.01194054e-03 1.05433548e-02
3.21906735e-03 7.15734065e-03 8.18722416e-03 7.61325285e-03 2.85082823e-03 3.38493148e-03 -1.06401788e-03 -7.72206625e-03 1.11842772e-03 -3.55705881e-04 1.80675637e-03 -3.53268930e-03 3.92784271e-03 4.08641994e-03 -1.50234671e-03 -2.63063330e-03
8.48768838e-03 -2.27016117e-02 -2.70517208e-02 -2.13065241e-02 -9.96677764e-03 -1.10032177e-02 3.33730900e-03 2.66620982e-02 -3.89888906e-03 1.30402518e-03 -6.20947406e-03 1.24213863e-02 -1.37591176e-02 -1.43392403e-02 5.26402518e-03 9.23106726e-03
2.19611079e-03 -6.59392308e-03 -9.28097963e-03 -7.36706704e-03 -3.62067623e-03 -3.94432154e-03 1.19411189e-03 9.68304276e-03 -1.41920324e-03 4.75623092e-04 -2.25975714e-03 4.52411361e-03 -5.01120789e-03 -5.22261765e-03 1.91729085e-03 3.36217764e-03
1.23656290e-02 -2.15507597e-02 -2.74795964e-02 -2.17336416e-02 -1.06411893e-02 -1.15736825e-02 3.50120780e-03 2.83798464e-02 -4.15976206e-03 1.39629270e-03 -6.61797868e-03 1.32639846e-02 -1.46895107e-02 -1.53105920e-02 5.62041765e-03 9.85653512e-03
-2.07623634e-02 1.60680655e-02 1.66828129e-02 1.27862990e-02 5.71313407e-03 6.59341831e-03 -2.02466035e-03 -1.55091342e-02 2.22345931e-03 -7.18322874e-04 3.60551546e-03 -7.05305161e-03 7.83534441e-03 8.15616362e-03 -2.99794553e-03 -5.25152450e-03
-7.73550943e-04 -4.73376550e-03 -5.71613340e-03 -4.81600966e-03 -2.11178442e-03 -2.33785738e-03 7.17749994e-04 5.66069456e-03 -8.25528288e-04 2.73982645e-04 -1.31741504e-03 2.62777158e-03 -2.91234907e-03 -3.03439912e-03 1.11409940e-03 1.95336877e-03
-1.61749823e-03 5.22582885e-03 6.56143157e-03 5.14133461e-03 2.50025303e-03 2.71420507e-03 -8.24482588e-04 -6.66696532e-03 9.77434218e-04 -3.27989401e-04 1.55513943e-03 -3.11635993e-03 3.45138065e-03 3.59722716e-03 -1.32052437e-03 -2.31579714e-03
4.47962433e-03 -1.38907246e-02 -1.58735458e-02 -1.19078252e-02 -5.74557856e-03 -6.28748396e-03 1.92112487e-03 1.53376646e-02 -2.24529929e-03 7.53389206e-04 -3.57463909e-03 7.15636462e-03 -7.92561937e-03 -8.26055370e-03 3.03238281e-03 5.31792361e-03
4.33036638e-03 -1.44009460e-02 -1.46518974e-02 -1.01281404e-02 -4.76543326e-03 -5.28668053e-03 1.60334341e-03 1.26847243e-02 -1.85714080e-03 6.22676336e-04 -2.95572914e-03 5.92071330e-03 -6.55710325e-03 -6.83424948e-03 2.50878651e-03 4.39970661e-03
2.05285219e-03 -8.39350559e-03 -9.53572337e-03 -7.60547211e-03 -3.33859795e-03 -3.75360996e-03 1.16632855e-03 8.95332638e-03 -1.30271923e-03 4.30388958e-04 -2.08114577e-03 4.14257869e-03 -4.59204381e-03 -4.78399917e-03 1.75656483e-03 3.07962019e-03
3.37033276e-03 3.96208744e-03 8.18073633e-04 2.34763720e-04 -3.51425842e-04 -1.07907690e-04 8.06643948e-06 8.88915849e-04 -1.45168960e-04 5.69654367e-05 -2.15419030e-04 4.78199683e-04 -5.26042364e-04 -5.50360710e-04 2.02009192e-04 3.54562566e-04
2.38106912e-03 -2.07882607e-03 -4.59082704e-03 -3.56281106e-03 -2.02909624e-03 -2.10407912e-03 6.15497702e-04 5.37695689e-03 -7.98010209e-04 2.73400772e-04 -1.26260810e-03 2.55407440e-03 -2.82385340e-03 -2.94553000e-03 1.08082872e-03 1.89644401e-03
1.06116189e-02 -3.14633176e-02 -3.73712443e-02 -2.94887330e-02 -1.40055176e-02 -1.52949160e-02 4.68698330e-03 3.74292210e-02 -5.47515322e-03 1.83618558e-03 -8.71552248e-03 1.74560249e-02 -1.93330273e-02 -2.01497078e-02 7.39684282e-03 1.29718091e-02
1.47232215e-03 -6.48177648e-03 -7.23877829e-03 -5.83148282e-03 -2.58820807e-03 -2.90845660e-03 8.93641089e-04 6.92592515e-03 -1.00959779e-03 3.34366749e-04 -1.61290227e-03 3.21282656e-03 -3.56108276e-03 -3.71008436e-03 1.36220327e-03 2.38831667e-03
-6.26632571e-03 1.20420158e-02 1.01466309e-02 8.98672547e-03 3.03228642e-03 3.71242687e-03 -1.25696510e-03 -8.43071751e-03 1.17661618e-03 -3.71529255e-04 1.91399816e-03 -3.71093187e-03 4.13019909e-03 4.29272279e-03 -1.57777872e-03 -2.76324456e-03
7.77681824e-03 -2.87610311e-02 -3.68822254e-02 -2.89244950e-02 -1.38835330e-02 -1.51766594e-02 4.64004418e-03 3.70982252e-02 -5.42983599e-03 1.81831117e-03 -8.64880998e-03 1.73094962e-02 -1.91722736e-02 -1.99812576e-02 7.33522000e-03 1.28633529e-02
5.88963088e-03 -4.08100151e-02 -4.69665490e-02 -3.76899913e-02 -1.75265074e-02 -1.92776658e-02 5.79917198e-03 4.67706770e-02 -6.85734767e-03 2.29953532e-03 -1.09217893e-02 2.18624622e-02 -2.42157206e-02 -2.52368692e-02 9.26449429e-03 1.62470862e-02
3.04885628e-03 -7.00491620e-03 -7.09107798e-03 -6.26663584e-03 -2.38467334e-03 -2.84340256e-03 9.22837877e-04 6.51254784e-03 -9.32854426e-04 2.92106473e-04 -1.51868281e-03 2.94400379e-03 -3.27908737e-03 -3.40917264e-03 1.25395902e-03 2.19473592e-03
-1.87397073e-03 4.93543269e-03 5.87765640e-03 4.69727721e-03 2.14505382e-03 2.40042317e-03 -7.57095520e-04 -5.77196199e-03 8.39945511e-04 -2.75251688e-04 1.34820479e-03 -2.66880612e-03 2.96147959e-03 3.08403512e-03 -1.13286357e-03 -1.98537717e-03
-1.09144952e-02 4.22839373e-02 5.15406206e-02 3.98336463e-02 1.85767598e-02 2.06009634e-02 -6.31416310e-03 -4.97139171e-02 7.26421177e-03 -2.40728818e-03 1.15943439e-02 -2.31104624e-02 2.56242566e-02 2.66907308e-02 -9.80205555e-03 -1.71826351e-02
-7.35382317e-03 2.42149569e-02 2.86876615e-02 2.27208808e-02 1.07077081e-02 1.16981594e-02 -3.54963588e-03 -2.85321213e-02 4.18261252e-03 -1.39866048e-03 6.65923487e-03 -1.33284163e-02 1.47637194e-02 1.53863514e-02 -5.64842671e-03 -9.90514923e-03
-1.95775852e-02 8.81341547e-02 1.07383810e-01 8.51293951e-02 4.06329259e-02 4.45833504e-02 -1.36931166e-02 -1.08642973e-01 1.58905219e-02 -5.30713610e-03 2.53263991e-02 -5.06318994e-02 5.60884885e-02 5.84529676e-02 -2.14590952e-02 -3.76297608e-02
-8.96529481e-03 2.15307865e-02 2.77928878e-02 2.15524994e-02 1.06023997e-02 1.15621742e-02 -3.52562917e-03 -2.83131041e-02 4.14502248e-03 -1.39173889e-03 6.59501506e-03 -1.32171875e-02 1.46375559e-02 1.52563583e-02 -5.60048968e-03 -9.82166547e-03
1.18646119e-03 -1.50388973e-02 -1.95140354e-02 -1.52113475e-02 -7.38211069e-03 -8.09326768e-03 2.46448745e-03 1.97142102e-02 -2.88910302e-03 9.64678708e-04 -4.60233539e-03 9.20090079e-03 -1.01945810e-02 -1.06232390e-02 3.90027463e-03 6.83882460e-03
1.20545097e-03 4.36782429e-05 -2.33238519e-04 -4.52706154e-05 -1.34044938e-04 -1.11232352e-04 2.81692519e-05 3.30901763e-04 -5.18485031e-05 2.04174157e-05 -7.94469306e-05 1.70872096e-04 -1.86081030e-04 -1.95259330e-04 7.11661560e-05 1.25683757e-04
-6.33741729e-04 -2.05472112e-02 -2.51806062e-02 -2.05640588e-02 -9.42086615e-03 -1.04155960e-02 3.14617530e-03 2.51945332e-02 -3.68273072e-03 1.22743624e-03 -5.87636093e-03 1.17329815e-02 -1.30002061e-02 -1.35469288e-02 4.97357454e-03 8.72084778e-03
-1.29297879e-02 4.07888405e-02 4.88892868e-02 3.65408324e-02 1.80384610e-02 1.96224730e-02 -5.93529642e-03 -4.80824113e-02 7.04822969e-03 -2.36775354e-03 1.12127652e-02 -2.24766284e-02 2.48915441e-02 2.59440765e-02 -9.52382013e-03 -1.67021826e-02
3.36754229e-03 -1.41871721e-02 -1.60753801e-02 -1.30326785e-02 -5.71037550e-03 -6.45746943e-03 2.00477825e-03 1.53826391e-02 -2.23302050e-03 7.30805798e-04 -3.57654830e-03 7.08880462e-03 -7.86629785e-03 -8.19134712e-03 3.00870137e-03 5.27297938e-03
8.56855791e-03 -2.40642950e-02 -3.03432699e-02 -2.36933026e-02 -1.13159865e-02 -1.24028819e-02 3.76171130e-03 3.01872566e-02 -4.42243507e-03 1.47645234e-03 -7.04723783e-03 1.40881427e-02 -1.56090837e-02 -1.62657183e-02 5.97175676e-03 1.04711438e-02
-1.24074388e-02 1.63332485e-02 1.63889229e-02 1.41808931e-02 5.96233550e-03 6.66473899e-03 -2.10736832e-03 -1.60498414e-02 2.32239696e-03 -7.68296537e-04 3.70652322e-03 -7.38849863e-03 8.18931591e-03 8.53220932e-03 -3.13271536e-03 -5.49244229e-03
2.06286344e-03 -9.18916520e-03 -1.07531268e-02 -8.55658203e-03 -3.88240512e-03 -4.34227474e-03 1.35287351e-03 1.04134399e-02 -1.51588069e-03 5.03817340e-04 -2.41500931e-03 4.82409494e-03 -5.34548191e-03 -5.56989713e-03 2.04495341e-03 3.58561985e-03
4.04363405e-03 -2.26722215e-04 4.67146019e-04 6.30005379e-05 2.90681433e-04 2.59902677e-04 -7.88563339e-05 -7.66185403e-04 1.13441580e-04 -3.99482124e-05 1.79508177e-04 -3.65487474e-04 4.03654907e-04 4.21309349e-04 -1.54577283e-04 -2.71293422e-04
3.65082687e-03 -1.66491456e-02 -1.93323158e-02 -1.51130399e-02 -7.04819243e-03 -7.72772357e-03 2.36082007e-03 1.88232400e-02 -2.75141443e-03 9.19828599e-04 -4.38084779e-03 8.76806490e-03 -9.71243251e-03 -1.01219201e-02 3.71580850e-03 6.51607569e-03
-9.28975176e-03 2.17312258e-02 2.24436149e-02 1.76557880e-02 8.18224717e-03 8.94712377e-03 -2.74539553e-03 -2.18132026e-02 3.19616054e-03 -1.07258675e-03 5.08527551e-03 -1.01911677e-02 1.12864906e-02 1.17634684e-02 -4.31827176e-03 -7.57303648e-03
-1.23767368e-03 5.01049682e-03 7.08965678e-03 5.47682215e-03 2.78492970e-03 3.01305158e-03 -9.07522626e-04 -7.42781861e-03 1.09071296e-03 -3.66812426e-04 1.73480634e-03 -3.47904512e-03 3.85271432e-03 4.01569856e-03 -1.47412263e-03 -2.58522341e-03
-2.41667451e-03 2.87021231e-02 3.41902114e-02 2.80316025e-02 1.25073958e-02 1.39883859e-02 -4.36779996e-03 -3.36739197e-02 4.88543790e-03 -1.60823914e-03 7.87059776e-03 -1.55400829e-02 1.72411576e-02 1.79560520e-02 -6.59626862e-03 -1.15595376e-02
5.77252358e-05 3.87752894e-03 6.71005575e-03 4.39913943e-03 2.81514274e-03 2.87719956e-03 -8.16494925e-04 -7.32589653e-03 1.09637191e-03 -3.80671903e-04 1.73059362e-03 -3.52046336e-03 3.88763729e-03 4.05624788e-03 -1.48721330e-03 -2.61118449e-03
-3.99082992e-03 7.00186286e-03 6.54949620e-03 5.21185622e-03 2.17136694e-03 2.48406059e-03 -7.76688161e-04 -5.81746502e-03 8.45974369e-04 -2.77047773e-04 1.36148033e-03 -2.68549565e-03 2.97996751e-03 3.10298242e-03 -1.13962428e-03 -1.99738401e-03
2.13704701e-03 -6.78121718e-03 -7.59481546e-03 -5.87912463e-03 -2.76517496e-03 -3.05486517e-03 9.29420232e-04 7.38369161e-03 -1.07985595e-03 3.59535567e-04 -1.72341987e-03 3.43822665e-03 -3.80980340e-03 -3.96993477e-03 1.45752961e-03 2.55563157e-03
-4.02747374e-03 2.26237141e-02 2.80948598e-02 2.22931523e-02 1.04573769e-02 1.15866335e-02 -3.49826599e-03 -2.79161073e-02 4.08881623e-03 -1.36699399e-03 6.51284913e-03 -1.30263129e-02 1.44304009e-02 1.50385443e-02 -5.52102737e-03 -9.68127232e-03
-7.76391709e-03 2.19991505e-02 2.65996289e-02 2.08320487e-02 9.88015253e-03 1.08727589e-02 -3.32389656e-03 -2.64265854e-02 3.86544154e-03 -1.28982554e-03 6.16501132e-03 -1.23099284e-02 1.36401569e-02 1.42130703e-02 -5.21818222e-03 -9.14972089e-03
1.03581185e-02 -4.25881296e-02 -5.15431315e-02 -3.93690355e-02 -1.87246595e-02 -2.05805004e-02 6.34923019e-03 5.01758084e-02 -7.31971301e-03 2.45062937e-03 -1.16415471e-02 2.33086962e-02 -2.58208662e-02 -2.69086249e-02 9.87835135e-03 1.73225719e-02
1.55873494e-02 -3.61175537e-02 -4.63115498e-02 -3.51525545e-02 -1.75957233e-02 -1.90896709e-02 5.76890260e-03 4.69325706e-02 -6.88736467e-03 2.31488375e-03 -1.09559847e-02 2.19663773e-02 -2.43259333e-02 -2.53549237e-02 9.30753816e-03 1.63229574e-02
-3.90221458e-03 5.65280998e-03 5.20424265e-03 4.25844919e-03 1.74659747e-03 1.96182984e-03 -6.13015436e-04 -4.67278901e-03 6.79100689e-04 -2.24481730e-04 1.08484202e-03 -2.15998315e-03 2.39419960e-03 2.49433937e-03 -9.15807264e-04 -1.60566496e-03
7.46972393e-03 -2.45542005e-02 -2.83668824e-02 -2.29925588e-02 -1.01114959e-02 -1.16066374e-02 3.60799488e-03 2.74321176e-02 -3.94689990e-03 1.27126544e-03 -6.34010043e-03 1.25086289e-02 -1.39006861e-02 -1.44687807e-02 5.32321306e-03 9.31629818e-03
-2.65517482e-03 5.02037676e-03 6.18342496e-03 4.37097857e-03 2.33929278e-03 2.52429792e-03 -7.62393349e-04 -6.20835554e-03 9.10666829e-04 -3.05544643e-04 1.45173410e-03 -2.90529896e-03 3.21844476e-03 3.35443206e-03 -1.23165071e-03 -2.15954217e-03
-4.80791461e-03 1.52011486e-02 2.03903597e-02 1.58375166e-02 7.95541611e-03 8.61567818e-03 -2.59690173e-03 -2.12156698e-02 3.11430101e-03 -1.04683789e-03 4.95347567e-03 -9.93241183e-03 1.09995045e-02 1.14646731e-02 -4.20858106e-03 -7.38069415e-03
7.51926843e-03 -1.18438853e-02 -1.59109458e-02 -1.22632897e-02 -6.22245576e-03 -6.74008625e-03 2.03184667e-03 1.65957678e-02 -2.43493216e-03 8.18418222e-04 -3.87346116e-03 7.76625052e-03 -8.60063732e-03 -8.96434393e-03 3.29073728e-03 5.77104371e-03
-1.12514785e-02 2.54572574e-02 3.48396040e-02 2.68802345e-02 1.34981228e-02 1.46469707e-02 -4.41717543e-03 -3.60037498e-02 5.28461905e-03 -1.77594472e-03 8.40720441e-03 -1.68538988e-02 1.86646990e-02 1.94539744e-02 -7.14138895e-03 -1.25240190e-02
-5.69056533e-03 3.86456773e-02 4.55667637e-02 3.57725061e-02 1.65301319e-02 1.81251429e-02 -5.51806018e-03 -4.42053638e-02 6.46347646e-03 -2.16014241e-03 1.03000794e-02 -2.05883421e-02 2.28081420e-02 2.37688329e-02 -8.72591883e-03 -1.53012881e-02
-4.83885594e-03 -3.94961704e-03 -3.91838327e-03 -4.51596640e-03 -1.22068811e-03 -1.64464861e-03 5.83724119e-04 3.49951419e-03 -4.86496021e-04 1.37382653e-04 -8.18607456e-04 1.50087336e-03 -1.69171009e-03 -1.74905441e-03 6.46075059e-04 1.12652290e-03
-2.28305953e-03 1.09050320e-02 1.25693623e-02 9.87028610e-03 4.59895376e-03 5.05988253e-03 -1.54888537e-03 -1.23119429e-02 1.79763313e-03 -6.01157779e-04 2.86410842e-03 -5.72795421e-03 6.34491304e-03 6.61240565e-03 -2.42744759e-03 -4.25680401e-03
7.90883601e-03 -2.02479102e-02 -2.74497550e-02 -2.12158728e-02 -1.06375702e-02 -1.15417661e-02 3.47730448e-03 2.83694323e-02 -4.16463055e-03 1.39993837e-03 -6.62402855e-03 1.32824769e-02 -1.47092389e-02 -1.53314043e-02 5.62800886e-03 9.87002440e-03
4.88514453e-03 -1.48698222e-03 -7.45901722e-04 -5.68760268e-04 -1.66874655e-04 -2.24978736e-04 6.18649865e-05 4.37309325e-04 -6.38897254e-05 2.07690973e-05 -1.02634418e-04 2.02973868e-04 -2.24953328e-04 -2.34372346e-04 8.60417567e-05 1.50868233e-04
1.40687190e-02 -4.65170247e-03 -5.10897068e-03 -3.55726806e-03 -1.90496235e-03 -2.04891153e-03 6.17366401e-04 5.06262062e-03 -7.43577140e-04 2.50265264e-04 -1.18271017e-03 2.37230398e-03 -2.62704468e-03 -2.73820455e-03 1.00516272e-03 1.76280388e-03
-6.04714779e-03 1.81178525e-02 2.33390108e-02 1.94382928e-02 8.86506494e-03 9.63722263e-03 -2.91924737e-03 -2.36702636e-02 3.46848997e-03 -1.16401154e-03 5.51707577e-03 -1.10575827e-02 1.22462399e-02 1.27637982e-02 -4.68551414e-03 -8.21698457e-03
-2.97202319e-02 8.49141851e-02 1.01809010e-01 8.05358440e-02 3.80994454e-02 4.15289514e-02 -1.28184408e-02 -1.01632148e-01 1.48948533e-02 -4.99685016e-03 2.36857217e-02 -4.74649929e-02 5.25679700e-02 5.47886081e-02 -2.01125909e-02 -3.52714173e-02
-9.30723269e-04 4.83430643e-03 5.50562469e-03 4.53101192e-03 2.02956493e-03 2.20350618e-03 -6.68285473e-04 -5.40158944e-03 7.92597595e-04 -2.66170420e-04 1.26107910e-03 -2.52729887e-03 2.79892096e-03 2.91722734e-03 -1.07088918e-03 -1.87803351e-03
-6.45702984e-03 1.91970076e-02 2.31310800e-02 1.84477419e-02 8.66929721e-03 9.55469627e-03 -2.91645504e-03 -2.32195240e-02 3.38595128e-03 -1.12919440e-03 5.39571978e-03 -1.07925888e-02 1.19551467e-02 1.24589726e-02 -4.57374239e-03 -8.02063197e-03
-4.97600157e-03 5.22622839e-03 6.80448208e-03 5.08745434e-03 2.61137029e-03 2.82273162e-03 -8.49922246e-04 -6.96103694e-03 1.02224096e-03 -3.43823427e-04 1.62587129e-03 -3.26073519e-03 3.61094112e-03 3.76370596e-03 -1.38161774e-03 -2.42299680e-03
-8.86129681e-03 3.52335945e-02 4.55593653e-02 3.57464328e-02 1.72505826e-02 1.87835395e-02 -5.68025187e-03 -4.59900498e-02 6.74692029e-03 -2.26225983e-03 1.07364813e-02 -2.15082765e-02 2.38217153e-02 2.48278100e-02 -9.11429152e-03 -1.59833711e-02
7.75161572e-03 -1.46666076e-02 -1.62589457e-02 -1.22474506e-02 -5.97465737e-03 -6.54147100e-03 1.97243714e-03 1.59669369e-02 -2.33499613e-03 7.84056378e-04 -3.71532585e-03 7.44579453e-03 -8.24590027e-03 -8.59454740e-03 3.15498444e-03 5.53295063e-03
2.10828707e-03 -9.08206124e-03 -1.11206397e-02 -9.78538580e-03 -4.14917199e-03 -4.60804347e-03 1.40351488e-03 1.10970028e-02 -1.62164262e-03 5.39238274e-04 -2.58091418e-03 5.16420836e-03 -5.72149735e-03 -5.96233597e-03 2.18899036e-03 3.83828441e-03
-5.93564659e-03 2.88902894e-02 3.33181880e-02 2.70027667e-02 1.24427602e-02 1.36654144e-02 -4.18081600e-03 -3.32048014e-02 4.86679981e-03 -1.62919820e-03 7.74927577e-03 -1.55101065e-02 1.71788242e-02 1.79041307e-02 -6.57259068e-03 -1.15260873e-02
4.15873993e-03 -1.41806919e-02 -1.76799968e-02 -1.36789847e-02 -6.69686636e-03 -7.28543010e-03 2.19538715e-03 1.78569853e-02 -2.62000668e-03 8.80576845e-04 -4.16720752e-03 8.35618190e-03 -9.25380085e-03 -9.64520313e-03 3.54065746e-03 6.20936975e-03
2.21455451e-02 -9.63734183e-03 -1.33544197e-02 -9.98524856e-03 -5.29821776e-03 -5.66525012e-03 1.70168036e-03 1.40982326e-02 -2.07492802e-03 6.99149503e-04 -3.29869078e-03 6.62051607e-03 -7.33109331e-03 -7.64149521e-03 2.80508655e-03 4.91948053e-03
-4.68231039e-04 -4.85657435e-03 -5.97217772e-03 -4.99119470e-03 -2.20001745e-03 -2.48558889e-03 7.86065182e-04 5.98372892e-03 -8.62805871e-04 2.78084102e-04 -1.38394732e-03 2.73221242e-03 -3.03933024e-03 -3.16139450e-03 1.16232387e-03 2.03539804e-03
-7.01987650e-03 1.24814259e-02 1.64495036e-02 1.29421866e-02 6.34726882e-03 6.90455083e-03 -2.08287640e-03 -1.69431623e-02 2.48431251e-03 -8.34690640e-04 3.95231042e-03 -7.92296603e-03 8.77422839e-03 9.14525706e-03 -3.35714337e-03 -5.88750280e-03
1.28967990e-03 -9.35305434e-04 -1.60384644e-03 -1.13309931e-03 -6.74010953e-04 -7.19370320e-04 2.12017811e-04 1.79204496e-03 -2.64368748e-04 8.96231722e-05 -4.19610878e-04 8.44710681e-04 -9.35001823e-04 -9.74777737e-04 3.57793848e-04 6.27565605e-04
2.21136864e-03 -8.17842595e-03 -9.13258828e-03 -7.42273498e-03 -3.30639095e-03 -3.66838835e-03 1.11403759e-03 8.82637035e-03 -1.29083486e-03 4.30237618e-04 -2.05733581e-03 4.11056168e-03 -4.55402024e-03 -4.74565756e-03 1.74221885e-03 3.05503048e-03
1.97078958e-02 -5.28461412e-02 -6.62650242e-02 -5.15018031e-02 -2.49458086e-02 -2.71400493e-02 8.18588026e-03 6.65817484e-02 -9.76042170e-03 3.27799958e-03 -1.55268172e-02 3.11247762e-02 -3.44692022e-02 -3.59265618e-02 1.31883295e-02 2.31286436e-02
-2.51111644e-03 8.21765605e-03 1.10808406e-02 9.02243890e-03 4.26183175e-03 4.67163417e-03 -1.41343987e-03 -1.13902763e-02 1.66899734e-03 -5.58922591e-04 2.65690568e-03 -5.32028778e-03 5.89293242e-03 6.14162860e-03 -2.25462369e-03 -3.95378331e-03
-1.84304975e-02 4.95808870e-02 6.03539683e-02 4.78107519e-02 2.23065782e-02 2.44984590e-02 -7.42437365e-03 -5.96274324e-02 8.72509461e-03 -2.91126501e-03 1.39060207e-02 -2.77921688e-02 3.07903513e-02 3.20867412e-02 -1.17798960e-02 -2.06559990e-02
1.53725687e-02 -3.34531218e-02 -4.02257070e-02 -3.07532717e-02 -1.50548061e-02 -1.65157411e-02 4.99070901e-03 4.02151309e-02 -5.88162430e-03 1.97093887e-03 -9.36363172e-03 1.87498312e-02 -2.07667686e-02 -2.16436069e-02 7.94532523e-03 1.39334863e-02
-2.48780823e-03 7.67146144e-03 1.46055436e-02 1.11966291e-02 6.35908684e-03 6.81148563e-03 -2.02388712e-03 -1.69827808e-02 2.50015641e-03 -8.43756658e-04 3.97421839e-03 -7.98196532e-03 8.83770827e-03 9.21246409e-03 -3.38171818e-03 -5.93089499e-03
1.04144197e-02 -3.34725529e-02 -3.86211425e-02 -3.06291878e-02 -1.42817860e-02 -1.56294834e-02 4.84040426e-03 3.82257104e-02 -5.58189163e-03 1.86869071e-03 -8.88193026e-03 1.77806579e-02 -1.96955763e-02 -2.05261242e-02 7.53518520e-03 1.32139530e-02
-2.27347529e-03 -4.90941666e-03 -4.17680200e-03 -3.77816148e-03 -1.46634667e-03 -1.67365954e-03 5.13048552e-04 3.91327543e-03 -5.66674396e-04 1.86637175e-04 -9.04858462e-04 1.80374086e-03 -1.99869438e-03 -2.08267244e-03 7.64612923e-04 1.34069112e-03
