4.82402183e-03 2.71608420e-02 -1.69549405e-03 -7.76223559e-03 3.55337956e-03 -8.60633038e-04 1.65976752e-02 1.51177561e-02 -1.00937095e-02 -1.09543111e-02 -2.31012353e-03 4.79947682e-03 -2.28087772e-02 -5.87397441e-03 -4.76227934e-03 1.95393693e-02
-1.21246893e-02 -7.91244358e-02 4.38805576e-03 2.21395586e-02 -1.03175454e-02 2.08001002e-03 -4.84928526e-02 -4.46740426e-02 3.00235078e-02 3.24176848e-02 6.85144356e-03 -1.42053813e-02 6.75447732e-02 1.73927080e-02 1.41056636e-02 -5.78772463e-02
-2.62824725e-03 -1.36259068e-02 8.08948535e-04 4.15830966e-03 -1.79191271e-03 4.76436107e-04 -8.33857339e-03 -7.60417711e-03 5.05591696e-03 5.49743511e-03 1.15615851e-03 -2.40383414e-03 1.14236400e-02 2.94227852e-03 2.38470826e-03 -9.78401955e-03
-3.56425485e-03 -2.77759340e-02 1.27876399e-03 8.04856233e-03 -3.70621006e-03 7.01009645e-04 -1.76865775e-02 -1.64579097e-02 1.11381318e-02 1.19262254e-02 2.53363373e-03 -5.24351513e-03 2.49409750e-02 6.42136065e-03 5.20973653e-03 -2.13772487e-02
-1.43909371e-02 -7.08563998e-02 4.57859412e-03 2.06167605e-02 -9.42919031e-03 3.18837445e-03 -4.22024429e-02 -3.88964340e-02 2.59107538e-02 2.81561129e-02 5.91943040e-03 -1.22817513e-02 5.83853796e-02 1.50395809e-02 1.21908467e-02 -5.00178188e-02
5.35396952e-03 2.24853456e-02 -2.03159219e-03 -6.21646969e-03 2.71423394e-03 -1.25689968e-03 1.21679921e-02 1.06442245e-02 -6.82361051e-03 -7.67434714e-03 -1.57298311e-03 3.31547158e-03 -1.57173164e-02 -4.05570259e-03 -3.27487802e-03 1.34306224e-02
-9.08434391e-04 -1.92886963e-02 4.43279074e-04 4.79822978e-03 -2.25800835e-03 7.65778532e-04 -1.03284148e-02 -9.34761297e-03 6.15913654e-03 6.82958262e-03 1.40909280e-03 -2.95912614e-03 1.40402094e-02 3.62356566e-03 2.92860554e-03 -1.20092677e-02
-2.64912681e-03 -1.83995944e-02 1.12167664e-03 5.35322633e-03 -2.34478526e-03 6.73691975e-04 -1.07057039e-02 -9.70863085e-03 6.46158075e-03 7.06266612e-03 1.47781509e-03 -3.08016362e-03 1.46310255e-02 3.76948668e-03 3.05344164e-03 -1.25266174e-02
-7.25992909e-03 -3.97430621e-02 2.48482823e-03 1.01942224e-02 -4.47777892e-03 1.35198468e-03 -2.11612433e-02 -1.93548072e-02 1.28827523e-02 1.41096953e-02 2.94474745e-03 -6.14941958e-03 2.92089321e-02 7.52629852e-03 6.09482871e-03 -2.50045005e-02
4.93333815e-03 3.35726812e-02 -2.11623078e-03 -9.01239645e-03 4.37249523e-03 -1.17604388e-03 2.01222450e-02 1.83128472e-02 -1.20718405e-02 -1.30676841e-02 -2.75696465e-03 5.72825270e-03 -2.72233784e-02 -7.01100612e-03 -5.68332290e-03 2.33177766e-02
1.12835341e-03 1.11788837e-02 -4.61657473e-04 -3.05604073e-03 1.42083457e-03 -3.14280362e-04 6.59670215e-03 6.10490981e-03 -4.10425896e-03 -4.41639777e-03 -9.34634241e-04 1.93732057e-03 -9.21234954e-03 -2.37204670e-03 -1.92388776e-03 7.89405685e-03
4.64971084e-03 2.48194952e-02 -1.48308661e-03 -7.09307380e-03 3.26380413e-03 -6.83689141e-04 1.52147384e-02 1.39878020e-02 -9.39354207e-03 -1.01211416e-02 -2.14176555e-03 4.44335351e-03 -2.11220291e-02 -5.43940207e-03 -4.41066874e-03 1.80971883e-02
-4.46672924e-03 -2.18326524e-02 1.49207667e-03 5.87644102e-03 -2.78036762e-03 6.91223424e-04 -1.26348455e-02 -1.15879197e-02 7.76292291e-03 8.41152016e-03 1.77221815e-03 -3.68286180e-03 1.75011083e-02 4.50738985e-03 3.65384528e-03 -1.49913756e-02
-4.63917805e-03 -2.53091473e-02 1.83717289e-03 6.88950904e-03 -3.26164300e-03 9.83162900e-04 -1.46717811e-02 -1.32379010e-02 8.70063715e-03 9.52399056e-03 2.00037542e-03 -4.16611135e-03 1.97883416e-02 5.09835687e-03 4.12982004e-03 -1.69424042e-02
-2.38827597e-02 -1.51692823e-01 9.25534032e-03 4.25071046e-02 -1.95170008e-02 3.86064313e-03 -9.44590345e-02 -8.76371935e-02 5.91575243e-02 6.34351373e-02 1.34876622e-02 -2.79080812e-02 1.32742628e-01 3.41756269e-02 2.77277399e-02 -1.13776088e-01
1.96874049e-03 6.32442608e-02 -1.46457506e-03 -1.78993009e-02 8.49999767e-03 -1.30240317e-03 4.17431854e-02 3.91343720e-02 -2.65853629e-02 -2.83908397e-02 -6.04365673e-03 1.24980537e-02 -5.94540387e-02 -1.53068481e-02 -1.24198869e-02 5.09634949e-02
-4.25589550e-03 -7.23560248e-03 8.22692004e-04 2.33815704e-03 -9.58354620e-04 3.12552991e-04 -4.21611127e-03 -3.82583868e-03 2.53690593e-03 2.73344642e-03 5.78595384e-04 -1.19891088e-03 5.70103293e-03 1.46782119e-03 1.19066576e-03 -4.88559203e-03
2.69009359e-03 2.51633450e-02 -1.06967811e-03 -7.02186488e-03 3.26608703e-03 -6.99133729e-04 1.52781457e-02 1.41134541e-02 -9.45601612e-03 -1.02056637e-02 -2.15873029e-03 4.47693560e-03 -2.12861449e-02 -5.48204361e-03 -4.44497913e-03 1.82379521e-02
-2.73352955e-03 -2.80179158e-02 1.03678217e-03 7.87804648e-03 -3.66074825e-03 6.70240493e-04 -1.75825376e-02 -1.63247418e-02 1.10414336e-02 1.18256239e-02 2.51290901e-03 -5.20002283e-03 2.47339047e-02 6.36801636e-03 5.16651431e-03 -2.11999416e-02
-1.58303287e-02 -7.93860629e-02 2.25104438e-03 2.24595368e-02 -1.07330633e-02 1.92759559e-03 -5.14732301e-02 -4.82669547e-02 3.27700526e-02 3.50085646e-02 7.44863041e-03 -1.54059529e-02 7.32850358e-02 1.88677963e-02 1.53090656e-02 -6.28188327e-02
-1.42674753e-03 -1.13479057e-02 5.33318147e-04 3.27245379e-03 -1.52747100e-03 3.14011937e-04 -7.27240276e-03 -6.73815794e-03 4.53850813e-03 4.86927154e-03 1.03329774e-03 -2.13986263e-03 1.01764305e-02 2.62011192e-03 2.12551677e-03 -8.72156583e-03
-6.56352937e-03 -4.14797813e-02 1.77549990e-03 1.19683156e-02 -5.47100231e-03 9.88095650e-04 -2.61814613e-02 -2.43736263e-02 1.65163837e-02 1.76661815e-02 3.75663978e-03 -7.77240284e-03 3.69701460e-02 9.51842219e-03 7.72259897e-03 -3.16884592e-02
-6.03954494e-03 -2.14314982e-02 1.62265496e-03 5.26160607e-03 -2.30968208e-03 8.18776898e-04 -1.04332734e-02 -9.13190190e-03 5.93406986e-03 6.59244694e-03 1.36170338e-03 -2.85771443e-03 1.35565689e-02 3.49735422e-03 2.82687903e-03 -1.15947155e-02
-1.07267387e-02 -1.79183278e-02 2.42936169e-03 5.52874431e-03 -2.09677895e-03 9.66645428e-04 -9.06294212e-03 -8.13129451e-03 5.31118177e-03 5.91846742e-03 1.21725013e-03 -2.55959970e-03 1.21265622e-02 3.13118123e-03 2.53020786e-03 -1.03769889e-02
2.83807004e-03 9.01494920e-03 -6.46609056e-04 -2.89376173e-03 1.19345658e-03 -3.53145821e-04 5.27793774e-03 4.81094234e-03 -3.21442331e-03 -3.47455451e-03 -7.33486435e-04 1.52209820e-03 -7.23625766e-03 -1.86328846e-03 -1.51106273e-03 6.20005094e-03
-2.91980430e-03 -5.28627895e-02 1.55829883e-03 1.49985487e-02 -7.09499838e-03 1.12157571e-03 -3.43429670e-02 -3.21455561e-02 2.18035206e-02 2.32946202e-02 4.95752553e-03 -1.02530839e-02 4.87736091e-02 1.25570623e-02 1.01885749e-02 -4.18074951e-02
-4.47674841e-03 -1.30159222e-02 1.53496384e-03 3.89815075e-03 -1.71365147e-03 7.41271710e-04 -7.22928857e-03 -6.36320887e-03 4.12245188e-03 4.62963898e-03 9.46818793e-04 -1.99823128e-03 9.47726704e-03 2.44398252e-03 1.97542575e-03 -8.10108054e-03
5.42972935e-03 3.88293667e-03 -1.27959438e-03 -5.74542559e-04 1.19463046e-04 -4.05671075e-04 -1.51944754e-04 -3.42796935e-04 3.23993474e-04 2.36364504e-04 6.82733953e-05 -1.25023886e-04 6.06784306e-04 1.55318878e-04 1.28483094e-04 -5.28594537e-04
-1.69172734e-02 -6.76979944e-02 5.57057839e-03 1.81137025e-02 -8.03703163e-03 2.51210970e-03 -3.68282869e-02 -3.29648629e-02 2.17252914e-02 2.37073973e-02 4.96014161e-03 -1.03995288e-02 4.92830426e-02 1.27006518e-02 1.02812024e-02 -4.21752110e-02
2.78998492e-03 1.72960702e-02 -1.11081067e-03 -4.91673686e-03 2.21354491e-03 -6.07434893e-04 9.96775832e-03 9.13387444e-03 -6.05098717e-03 -6.60891458e-03 -1.38357724e-03 2.88358075e-03 -1.36966109e-02 -3.52895074e-03 -2.85859872e-03 1.17274085e-02
4.65816073e-03 2.50400566e-02 -1.81269890e-03 -6.65007764e-03 3.04335356e-03 -9.53142182e-04 1.40297199e-02 1.26910955e-02 -8.22943542e-03 -9.10842046e-03 -1.89509534e-03 3.95455211e-03 -1.87851656e-02 -4.85080713e-03 -3.92005872e-03 1.60768982e-02
7.24647101e-03 -4.54366095e-02 -1.06521518e-04 1.34727815e-02 -6.46069460e-03 9.37084435e-04 -3.18734981e-02 -2.99505964e-02 2.03509461e-02 2.17281450e-02 4.62571997e-03 -9.56573244e-03 4.55052741e-02 1.17156208e-02 9.50599648e-03 -3.90067063e-02
-2.10914295e-03 -2.53961440e-02 8.88364273e-04 7.83697423e-03 -3.52266477e-03 6.38605154e-04 -1.67489517e-02 -1.56508610e-02 1.05917417e-02 1.13323564e-02 2.41021626e-03 -4.98573901e-03 2.37158258e-02 6.10583974e-03 4.95393993e-03 -2.03277301e-02
1.22949108e-03 4.12492007e-02 -1.19059475e-03 -1.16903167e-02 5.60552301e-03 -8.36018648e-04 2.71674618e-02 2.53816489e-02 -1.72201563e-02 -1.83984805e-02 -3.91543610e-03 8.09874851e-03 -3.85256819e-02 -9.91869625e-03 -8.04790854e-03 3.30235846e-02
-1.32700521e-03 -4.87338044e-02 7.91436876e-04 1.39774457e-02 -6.77609444e-03 1.09547260e-03 -3.28736119e-02 -3.06652859e-02 2.08087284e-02 2.22270470e-02 4.73110471e-03 -9.78445821e-03 4.65459600e-02 1.19835539e-02 9.72339325e-03 -3.98987681e-02
6.94770599e-04 2.09618546e-02 -5.32268605e-04 -5.85677940e-03 2.76236073e-03 -5.23190422e-04 1.32943653e-02 1.23896217e-02 -8.38601124e-03 -8.98326002e-03 -1.90805795e-03 3.94892273e-03 -1.87827107e-02 -4.83590504e-03 -3.92328575e-03 1.60984509e-02
-1.60207308e-03 -4.80474380e-04 2.39347530e-04 1.92382693e-04 -6.24232343e-05 4.35706534e-05 -2.08536425e-04 -1.81464042e-04 1.04665094e-04 1.19141812e-04 2.44486655e-05 -5.13252162e-05 2.43513452e-04 6.27012414e-05 5.07839686e-05 -2.08322541e-04
-1.27952127e-03 3.00242603e-02 -6.29158283e-04 -9.33705084e-03 4.35832329e-03 -7.01921294e-04 2.13806741e-02 2.00270228e-02 -1.35837812e-02 -1.45120919e-02 -3.08816717e-03 6.38635037e-03 -3.03805657e-02 -7.82170240e-03 -6.34639896e-03 2.60416549e-02
-4.69607580e-03 -4.22138982e-02 1.98820513e-03 1.22317616e-02 -5.85150812e-03 9.91775887e-04 -2.74869986e-02 -2.56472826e-02 1.73798949e-02 1.85944680e-02 3.95379355e-03 -8.18053354e-03 3.89118604e-02 1.00181885e-02 8.12820252e-03 -3.33528370e-02
-9.70258610e-04 -1.20954856e-03 1.39875381e-04 3.46170273e-04 -1.48267762e-04 3.10550386e-05 -6.77352189e-04 -6.24085660e-04 4.22265381e-04 4.52347391e-04 9.61742335e-05 -1.98937210e-04 9.46318323e-04 2.43635179e-04 1.97678601e-04 -8.11147096e-04
6.75696356e-04 4.58051544e-03 -3.11130076e-04 -1.37415016e-03 6.41253078e-04 -1.66404672e-04 2.89154425e-03 2.65081506e-03 -1.76826294e-03 -1.91567861e-03 -4.03598126e-04 8.38720996e-04 -3.98637820e-03 -1.02661818e-03 -8.32243823e-04 3.41461855e-03
4.16087336e-04 -6.80147391e-03 1.55204965e-04 2.05381913e-03 -9.75346367e-04 1.71262276e-04 -4.65667294e-03 -4.32063639e-03 2.91575887e-03 3.12763196e-03 6.64010062e-04 -1.37465587e-03 6.53752265e-03 1.68333098e-03 1.36549992e-03 -5.60295954e-03
2.07430357e-03 1.64399091e-02 -8.06171040e-04 -4.51072585e-03 2.10424932e-03 -6.15389668e-04 9.60387848e-03 8.79657548e-03 -5.88802109e-03 -6.36121118e-03 -1.34153781e-03 2.78527848e-03 -1.32404910e-02 -3.40956612e-03 -2.76487367e-03 1.13445399e-02
-6.27820846e-04 -1.46448314e-02 4.34870017e-04 4.39503416e-03 -2.05671065e-03 3.29497940e-04 -9.94601101e-03 -9.32061579e-03 6.32042345e-03 6.75575715e-03 1.43742759e-03 -2.97303824e-03 1.41427564e-02 3.64114344e-03 2.95434357e-03 -1.21227587e-02
4.43000905e-03 2.26673689e-02 -1.55643886e-03 -6.03785971e-03 2.74844398e-03 -8.75685946e-04 1.24452617e-02 1.13724265e-02 -7.34975701e-03 -8.13461281e-03 -1.69724552e-03 3.54873668e-03 -1.68385096e-02 -4.35396889e-03 -3.51168611e-03 1.44048436e-02
-3.15155555e-03 -3.65534164e-02 1.53912045e-03 1.05162952e-02 -5.00145135e-03 1.17606553e-03 -2.35937126e-02 -2.18446180e-02 1.46723818e-02 1.57866795e-02 3.34353163e-03 -6.92815706e-03 3.29485983e-02 8.48412700e-03 6.88162167e-03 -2.82365978e-02
2.31957587e-04 3.78623698e-03 -9.86758896e-05 -9.72643902e-04 4.59800853e-04 -1.03308790e-04 2.18185061e-03 2.01316876e-03 -1.35550078e-03 -1.46205758e-03 -3.08748073e-04 6.39786769e-04 -3.04259569e-03 -7.83500029e-04 -6.35476725e-04 2.60737468e-03
3.87170119e-03 -3.50281969e-02 1.76433823e-05 1.06600793e-02 -5.08060865e-03 7.46449805e-04 -2.49702074e-02 -2.34606490e-02 1.59414094e-02 1.70206353e-02 3.62351700e-03 -7.49305403e-03 3.56454588e-02 9.17716045e-03 7.44630443e-03 -3.05550080e-02
-1.18444255e-03 1.82014762e-03 1.01746453e-04 -5.12563507e-04 2.78123596e-04 -1.51703989e-05 1.43040658e-03 1.35454594e-03 -9.23198240e-04 -9.82840313e-04 -2.09646780e-04 4.33308363e-04 -2.06151861e-03 -5.30743448e-04 -4.30669606e-04 1.76721427e-03
-9.68604349e-03 6.21979162e-02 -4.13661182e-05 -1.86394434e-02 8.94820504e-03 -1.26764528e-03 4.41476107e-02 4.14905883e-02 -2.81977151e-02 -3.01029701e-02 -6.40914915e-03 1.32532706e-02 -6.30477816e-02 -1.62320640e-02 -1.31706400e-02 5.40441349e-02
-1.20456796e-03 4.60586250e-02 -4.73377440e-04 -1.34113720e-02 6.44189073e-03 -9.35145246e-04 3.16567495e-02 2.97129452e-02 -2.01878734e-02 -2.15548445e-02 -4.58895648e-03 9.48947668e-03 -4.51427773e-02 -1.16223013e-02 -9.43028554e-03 3.86960357e-02
-1.71206123e-03 -1.61960255e-02 7.46025238e-04 4.16500401e-03 -1.88972917e-03 5.70256321e-04 -8.66532233e-03 -7.89417233e-03 5.25540533e-03 5.73109509e-03 1.20154745e-03 -2.50261021e-03 1.18908742e-02 3.06311855e-03 2.48192088e-03 -1.01820985e-02
2.47531966e-03 1.21846478e-02 -6.60227495e-04 -3.44525697e-03 1.55335083e-03 -3.43345746e-04 7.44645204e-03 6.91599259e-03 -4.66555543e-03 -5.00476034e-03 -1.06256572e-03 2.19987263e-03 -1.04631381e-02 -2.69386265e-03 -2.18549324e-03 8.96775723e-03
1.73123879e-03 6.07571797e-03 -6.31061150e-04 -1.72858324e-03 7.85902492e-04 -2.60078697e-04 3.40299495e-03 3.06498911e-03 -2.01333221e-03 -2.21053069e-03 -4.60598414e-04 9.62357328e-04 -4.56975121e-03 -1.17725821e-03 -9.53501789e-04 3.91170941e-03
-3.93485185e-03 2.18323972e-02 5.71726778e-05 -6.71760784e-03 3.21391248e-03 -4.62431490e-04 1.58333667e-02 1.48753654e-02 -1.01070870e-02 -1.07916798e-02 -2.29741191e-03 4.75090509e-03 -2.26005781e-02 -5.81867900e-03 -4.72123409e-03 1.93730034e-02
-4.78768302e-03 2.44876929e-03 1.06871594e-03 -4.43421013e-04 2.76081293e-04 2.97591381e-04 1.96817145e-03 2.01873342e-03 -1.52917299e-03 -1.50595023e-03 -3.43185529e-04 6.84929895e-04 -3.27858934e-03 -8.41396337e-04 -6.87050342e-04 2.82137049e-03
9.48148081e-04 8.05220753e-03 -3.04279674e-04 -2.34856713e-03 1.05570641e-03 -2.20599031e-04 4.99654561e-03 4.63038450e-03 -3.11587960e-03 -3.35341366e-03 -7.09801447e-04 1.47147779e-03 -6.99653057e-03 -1.80157181e-03 -1.46113581e-03 5.99527406e-03
-2.79844389e-04 -7.31486874e-03 1.88311154e-04 2.08922429e-03 -9.85062914e-04 1.54091744e-04 -4.70578717e-03 -4.39761672e-03 2.98109418e-03 3.18796537e-03 6.78074197e-04 -1.40266819e-03 6.67221751e-03 1.71781727e-03 1.39377383e-03 -5.71915274e-03
1.48120627e-03 -1.65054190e-03 -1.58847382e-04 7.04091333e-04 -3.41178384e-04 3.63220388e-05 -1.74086879e-03 -1.65085704e-03 1.12581067e-03 1.19988096e-03 2.55675492e-04 -5.28461067e-04 2.51410552e-03 6.47274079e-04 5.25206502e-04 -2.15512654e-03
2.41228007e-03 -8.67391762e-04 -2.71106197e-04 5.09295263e-04 -2.46691896e-04 1.42331937e-05 -1.29836134e-03 -1.23631814e-03 8.42635753e-04 8.98163125e-04 1.91418629e-04 -3.95688403e-04 1.88249548e-03 4.84661985e-04 3.93259601e-04 -1.61369611e-03
2.23865267e-03 1.91873591e-02 -1.18645420e-03 -5.42374747e-03 2.52655568e-03 -5.76032675e-04 1.17672076e-02 1.08484412e-02 -7.29746046e-03 -7.85374735e-03 -1.66309450e-03 3.44679784e-03 -1.63901374e-02 -4.22011409e-03 -3.42306541e-03 1.40455347e-02
3.27172503e-03 5.04371412e-02 -1.93832116e-03 -1.35371983e-02 6.52405340e-03 -1.31382782e-03 3.12647484e-02 2.91085616e-02 -1.96981765e-02 -2.10943893e-02 -4.48158151e-03 9.27642360e-03 -4.41235825e-02 -1.13598388e-02 -9.21670161e-03 3.78194675e-02
4.50438028e-03 3.45763117e-02 -1.93059386e-03 -9.18897800e-03 4.32854379e-03 -1.14884868e-03 2.02264059e-02 1.85578950e-02 -1.24020278e-02 -1.34134693e-02 -2.83053028e-03 5.87956281e-03 -2.79437806e-02 -7.19688414e-03 -5.83386142e-03 2.39357501e-02
6.42777700e-03 3.18536609e-02 -1.37579045e-03 -8.75683501e-03 4.02259827e-03 -7.27361417e-04 1.92313660e-02 1.78436972e-02 -1.20677259e-02 -1.29116587e-02 -2.74477224e-03 5.67930238e-03 -2.70145498e-02 -6.95508532e-03 -5.64303715e-03 2.31553894e-02
8.68509989e-04 1.53184496e-03 -2.55997526e-04 -5.19023451e-04 2.32539343e-04 -8.60999135e-05 1.00277760e-03 8.97388556e-04 -5.94126468e-04 -6.48650632e-04 -1.35829818e-04 2.82924535e-04 -1.34417287e-03 -3.46177287e-04 -2.80568085e-04 1.15111121e-03
-1.58906542e-03 5.49283950e-03 4.14957874e-04 -1.33245997e-03 6.31601783e-04 -2.32072416e-05 3.39162210e-03 3.25179775e-03 -2.24400335e-03 -2.37119012e-03 -5.08687925e-04 1.04785780e-03 -4.98727337e-03 -1.28389057e-03 -1.04237988e-03 4.27761814e-03
3.89187178e-03 4.02836800e-02 -2.01480649e-03 -1.16714500e-02 5.41237323e-03 -1.02972612e-03 2.58334950e-02 2.39385162e-02 -1.61793977e-02 -1.73355341e-02 -3.68040660e-03 7.61910854e-03 -3.62396948e-02 -9.33021214e-03 -7.56969629e-03 3.10608465e-02
7.98000023e-04 2.24994719e-02 -4.66377125e-04 -5.94281545e-03 2.71643931e-03 -4.86024073e-04 1.32598663e-02 1.24089345e-02 -8.41994770e-03 -9.00028925e-03 -1.91430072e-03 3.96065135e-03 -1.88394692e-02 -4.85026278e-03 -3.93532729e-03 1.61480978e-02
1.24577782e-03 4.69677709e-03 -4.37313953e-04 -1.32421055e-03 6.02438115e-04 -2.42390597e-04 2.58276565e-03 2.27864995e-03 -1.47977460e-03 -1.64996402e-03 -3.39561637e-04 7.14051595e-04 -3.38631193e-03 -8.73198209e-04 -7.05993269e-04 2.89571751e-03
-1.28858397e-03 2.52109580e-03 1.87642581e-04 -7.09105225e-04 3.41051200e-04 -1.38147698e-05 1.77695602e-03 1.71397859e-03 -1.18185685e-03 -1.24371867e-03 -2.67905736e-04 5.50715078e-04 -2.62287981e-03 -6.74901705e-04 -5.48281241e-04 2.25012773e-03
-3.48997349e-03 -3.72775905e-02 2.38467753e-03 1.00380639e-02 -4.66866698e-03 1.12863362e-03 -2.18560435e-02 -2.01124568e-02 1.34801874e-02 1.45817874e-02 3.07691935e-03 -6.38957089e-03 3.03715188e-02 7.82066397e-03 6.34071371e-03 -2.60147862e-02
-1.05580324e-02 -6.66181147e-02 2.60006706e-03 1.86474863e-02 -8.75586085e-03 1.50430435e-03 -4.10750397e-02 -3.83367054e-02 2.59696040e-02 2.78121121e-02 5.90971531e-03 -1.22290188e-02 5.81670329e-02 1.49757424e-02 1.21501815e-02 -4.98562492e-02
-6.77187042e-03 -3.69900577e-02 1.57677347e-03 1.01770293e-02 -4.70911060e-03 9.99841723e-04 -2.23072208e-02 -2.05407999e-02 1.38381263e-02 1.48724904e-02 3.15114413e-03 -6.52892422e-03 3.10490504e-02 7.99468439e-03 6.48502260e-03 -2.66096815e-02
-5.13624051e-04 -9.93208587e-03 3.58162448e-04 3.01606162e-03 -1.45439699e-03 2.58686312e-04 -6.89900992e-03 -6.41379692e-03 4.34083864e-03 4.64159064e-03 9.87259438e-04 -2.04227609e-03 9.71482787e-03 2.50115176e-03 2.02936307e-03 -8.32721498e-03
4.30882769e-03 2.23549139e-02 -1.51947024e-03 -5.92537178e-03 2.82014953e-03 -7.09867745e-04 1.28818443e-02 1.17836446e-02 -7.87828956e-03 -8.54330882e-03 -1.80121721e-03 3.74313537e-03 -1.77874640e-02 -4.58121905e-03 -3.71355913e-03 1.52361598e-02
6.93969603e-04 5.52572915e-03 -3.29614268e-04 -1.55761954e-03 7.23428966e-04 -2.27005221e-04 3.21462401e-03 2.93485541e-03 -1.92680932e-03 -2.12287181e-03 -4.42400749e-04 9.25064611e-04 -4.38942062e-03 -1.13198720e-03 -9.15575190e-04 3.75531567e-03
2.74984958e-03 2.72174869e-02 -9.30921698e-04 -7.80665036e-03 3.53218918e-03 -7.63830263e-04 1.67916007e-02 1.56318061e-02 -1.05480263e-02 -1.13288518e-02 -2.40011606e-03 4.97400993e-03 -2.36532800e-02 -6.09063031e-03 -4.94005019e-03 2.02700309e-02
-8.83572735e-04 -5.96367568e-02 1.68870308e-03 1.70794353e-02 -8.24112073e-03 1.24993606e-03 -3.98471728e-02 -3.73717472e-02 2.53758524e-02 2.71007121e-02 5.76868793e-03 -1.19298194e-02 5.67512847e-02 1.46109806e-02 1.18552353e-02 -4.86465059e-02
1.94566371e-03 9.74256080e-03 -7.80898263e-04 -2.72201118e-03 1.23540615e-03 -3.73498304e-04 5.64993592e-03 5.14325639e-03 -3.40767112e-03 -3.71913402e-03 -7.79875729e-04 1.62423041e-03 -7.71594746e-03 -1.98764424e-03 -1.61039224e-03 6.60688011e-03
1.29774073e-03 2.36671269e-02 -1.05721364e-03 -7.24221673e-03 3.36236646e-03 -6.54965639e-04 1.59374829e-02 1.48327015e-02 -1.00192996e-02 -1.07586887e-02 -2.28181528e-03 4.72667627e-03 -2.24775262e-02 -5.78765851e-03 -4.69459873e-03 1.92629378e-02
-2.13362090e-03 -1.83319882e-03 3.21789790e-04 7.04905833e-04 -2.80922977e-04 1.12123453e-04 -1.12005346e-03 -9.65346000e-04 6.21520914e-04 6.85569074e-04 1.42795107e-04 -2.97806284e-04 1.41442136e-03 3.64328414e-04 2.95181875e-04 -1.21102552e-03
-4.29686133e-06 6.41730003e-05 1.26163686e-05 -8.22113088e-06 4.18143054e-06 1.21950427e-06 2.54977294e-05 2.58579457e-05 -1.82356798e-05 -1.89731018e-05 -4.10299617e-06 8.43263115e-06 -4.01633151e-05 -1.03375824e-05 -8.39639870e-06 3.44586551e-05
4.01878916e-03 -8.00015870e-03 -5.48653305e-04 2.33664433e-03 -1.17354933e-03 8.26224277e-05 -6.06180681e-03 -5.74449496e-03 3.91838932e-03 4.16742265e-03 8.89102055e-04 -1.83710561e-03 8.74100905e-03 2.25039013e-03 1.82618003e-03 -7.49362865e-03
1.49403652e-03 2.26494316e-02 -8.10643192e-04 -6.63083559e-03 3.13309114e-03 -5.29613986e-04 1.49586573e-02 1.39684286e-02 -9.46069974e-03 -1.01225609e-02 -2.15197587e-03 4.45230817e-03 -2.11781822e-02 -5.45254117e-03 -4.42384463e-03 1.81525517e-02
-3.21185216e-04 4.82546873e-02 -8.26725969e-04 -1.38895698e-02 6.53292472e-03 -1.00178621e-03 3.19202691e-02 2.98769735e-02 -2.02900376e-02 -2.16698814e-02 -4.61249705e-03 9.53882188e-03 -4.53768671e-02 -1.16825337e-02 -9.47912596e-03 3.88964266e-02
3.33571527e-03 1.94070321e-02 -6.89657812e-04 -5.35716955e-03 2.49159220e-03 -4.85181168e-04 1.18820081e-02 1.10746128e-02 -7.49858655e-03 -8.03216267e-03 -1.70590112e-03 3.53116216e-03 -1.67957544e-02 -4.32424573e-03 -3.50829237e-03 1.43956579e-02
-1.15282433e-02 -5.82175888e-02 4.35921177e-03 1.45895537e-02 -6.70345221e-03 2.11956445e-03 -2.96482500e-02 -2.66358573e-02 1.75508056e-02 1.92168597e-02 3.99313075e-03 -8.36876966e-03 3.97428758e-02 1.02443323e-02 8.29167943e-03 -3.40122953e-02
1.96430529e-03 -1.53444964e-03 -7.02426914e-05 7.75666849e-04 -3.96564312e-04 -4.79169103e-06 -2.07156874e-03 -2.00882438e-03 1.40210416e-03 1.46720244e-03 3.16855672e-04 -6.50497270e-04 3.09899030e-03 7.96842680e-04 6.47933688e-04 -2.65939976e-03
-7.36696552e-03 -2.65786462e-02 1.65684964e-03 6.83494890e-03 -3.13680945e-03 7.52264634e-04 -1.46280443e-02 -1.34647740e-02 9.05874558e-03 9.75826569e-03 2.06390396e-03 -4.28275904e-03 2.03619637e-02 5.24300616e-03 4.25210968e-03 -1.74469855e-02
1.42327056e-03 9.03615449e-03 -5.33960410e-04 -2.43670819e-03 1.14512001e-03 -2.49142933e-04 5.32888668e-03 4.94054891e-03 -3.32987541e-03 -3.58060724e-03 -7.58546463e-04 1.57230254e-03 -7.47615425e-03 -1.92502525e-03 -1.56143645e-03 6.40690513e-03
-5.68173779e-03 -1.72801744e-02 1.51560246e-03 4.43564402e-03 -2.01321021e-03 6.48235902e-04 -8.97999201e-03 -8.20077769e-03 5.49510354e-03 5.93689224e-03 1.25443970e-03 -2.60317163e-03 1.23751480e-02 3.18678678e-03 2.58425530e-03 -1.06033534e-02
-3.49682756e-03 -1.73520558e-02 9.27706424e-04 4.81179729e-03 -2.22124252e-03 4.61343065e-04 -1.05869388e-02 -9.80940554e-03 6.61485642e-03 7.10446620e-03 1.50668807e-03 -3.12194973e-03 1.48454150e-02 3.82227544e-03 3.10054095e-03 -1.27222510e-02
5.98837389e-03 1.80388168e-02 -1.78621593e-03 -4.97579854e-03 2.34512356e-03 -5.22018410e-04 1.08440574e-02 9.96049028e-03 -6.67008478e-03 -7.17154425e-03 -1.52306526e-03 3.15379095e-03 -1.49974711e-02 -3.86136118e-03 -3.13234306e-03 1.28528392e-02
7.85866287e-04 2.74160057e-02 -8.34507169e-04 -7.82774389e-03 3.73290433e-03 -5.70325064e-04 1.82339791e-02 1.70875192e-02 -1.16040530e-02 -1.23934885e-02 -2.63791438e-03 5.45545667e-03 -2.59516537e-02 -6.68142224e-03 -5.42126363e-03 2.22454946e-02
9.91503010e-04 1.76007487e-02 -6.06567017e-04 -5.02064032e-03 2.32270989e-03 -4.33058944e-04 1.10586360e-02 1.02824662e-02 -6.95045991e-03 -7.45019363e-03 -1.58178876e-03 3.27476603e-03 -1.55750401e-02 -4.01006965e-03 -3.25320009e-03 1.33488327e-02
5.50034503e-03 2.71591432e-02 -2.71497644e-03 -8.37052427e-03 3.66886845e-03 -1.68792810e-03 1.62098482e-02 1.44538721e-02 -9.21549555e-03 -1.03865387e-02 -2.12879502e-03 4.47675167e-03 -2.12374721e-02 -5.48304990e-03 -4.42847796e-03 1.81548744e-02
9.52947699e-03 3.79888080e-02 -3.03714769e-03 -9.77282040e-03 4.14677709e-03 -1.40522840e-03 1.80433560e-02 1.55714024e-02 -1.00465147e-02 -1.13579854e-02 -2.30488693e-03 4.92131663e-03 -2.32018791e-02 -6.02063490e-03 -4.83957725e-03 1.98349208e-02
4.76321112e-03 -6.84697554e-03 -3.28352617e-04 2.25165323e-03 -1.13860762e-03 1.33514855e-04 -5.82262781e-03 -5.49452426e-03 3.74470372e-03 3.99011886e-03 8.50286102e-04 -1.75765553e-03 8.36218800e-03 2.15288415e-03 1.74692925e-03 -7.16835493e-03
-1.27838459e-04 5.41513506e-03 -8.88580398e-05 -1.68470072e-03 8.04604613e-04 -1.42305536e-04 3.88118275e-03 3.63244093e-03 -2.45637028e-03 -2.62766844e-03 -5.58546511e-04 1.15571078e-03 -5.49729122e-03 -1.41533802e-03 -1.14830385e-03 4.71187895e-03
4.13083937e-04 -2.01555751e-02 4.87847487e-04 6.04885351e-03 -2.85711535e-03 4.81073250e-04 -1.38951074e-02 -1.29985409e-02 8.81750416e-03 9.42681078e-03 2.00515916e-03 -4.14812425e-03 1.97318308e-02 5.08012203e-03 4.12182743e-03 -1.69133395e-02
-2.17384007e-03 -5.00024892e-02 1.54500082e-03 1.42059419e-02 -6.59142528e-03 1.12248608e-03 -3.18602696e-02 -2.97820307e-02 2.01524459e-02 2.15793252e-02 4.58564842e-03 -9.49156471e-03 4.51443531e-02 1.16231479e-02 9.42976773e-03 -3.86932828e-02
4.19786293e-03 2.24375315e-02 -1.56005181e-03 -5.43982536e-03 2.42228829e-03 -9.57765500e-04 1.09103676e-02 9.65206604e-03 -6.24187384e-03 -6.97772345e-03 -1.43478194e-03 3.02787614e-03 -1.43495938e-02 -3.70161980e-03 -2.98948446e-03 1.22601651e-02
-1.02097588e-03 -1.76584926e-02 5.62724075e-04 5.02320752e-03 -2.34042876e-03 4.16059571e-04 -1.13248313e-02 -1.05625587e-02 7.14664906e-03 7.64863892e-03 1.62571447e-03 -3.36426310e-03 1.60022303e-02 4.11993917e-03 3.34262848e-03 -1.37159377e-02
1.66596868e-03 1.94967054e-02 -5.87730319e-04 -5.64436009e-03 2.67848512e-03 -4.44755948e-04 1.29297720e-02 1.21095050e-02 -8.21959786e-03 -8.78298562e-03 -1.86910154e-03 3.86556517e-03 -1.83887929e-02 -4.73431451e-03 -3.84136010e-03 1.57625359e-02
9.40945931e-03 -2.19591912e-02 -5.28344593e-04 6.95961295e-03 -3.36569827e-03 4.10658948e-04 -1.67849772e-02 -1.58009846e-02 1.07420413e-02 1.14634996e-02 2.44138925e-03 -5.04798256e-03 2.40143482e-02 6.18265290e-03 5.01660677e-03 -2.05850564e-02
1.55864609e-03 -2.40027327e-02 2.41394853e-04 6.86834473e-03 -3.25627043e-03 5.42208669e-04 -1.57989170e-02 -1.48199890e-02 1.00574223e-02 1.07516283e-02 2.28711311e-03 -4.73064557e-03 2.25032866e-02 5.79372328e-03 4.70080366e-03 -1.92890782e-02
-4.32566088e-03 -2.01237928e-02 9.32239986e-04 6.58052554e-03 -2.70916778e-03 4.68228071e-04 -1.28899887e-02 -1.20314769e-02 8.13191477e-03 8.70897993e-03 1.85141340e-03 -3.83063988e-03 1.82201192e-02 4.69094934e-03 3.80595378e-03 -1.56171368e-02
-7.20433518e-03 -1.05931342e-01 3.80252698e-03 2.90369038e-02 -1.33951167e-02 2.30960455e-03 -6.41021580e-02 -5.92648797e-02 4.00840081e-02 4.29242104e-02 9.12956148e-03 -1.88861210e-02 8.98395851e-02 2.31296420e-02 1.87664703e-02 -7.70054609e-02
1.53422356e-03 2.45988574e-02 -6.07613416e-04 -7.43368454e-03 3.40546085e-03 -5.06285229e-04 1.64327566e-02 1.54029438e-02 -1.04609290e-02 -1.11738397e-02 -2.37826095e-03 4.91858833e-03 -2.33979505e-02 -6.02395926e-03 -4.88775643e-03 2.00562906e-02
-1.74508221e-03 -1.57212131e-02 6.49549533e-04 4.48394939e-03 -2.07124348e-03 4.53846122e-04 -9.74703394e-03 -9.03174095e-03 6.08268054e-03 6.53135590e-03 1.38370786e-03 -2.86541996e-03 1.36285992e-02 3.50884465e-03 2.84656230e-03 -1.16803087e-02
-1.32699695e-03 -7.44442747e-04 2.96015060e-04 1.45386948e-04 -4.88988589e-05 3.90870955e-05 -1.61820077e-04 -1.26029932e-04 7.91272032e-05 8.86045382e-05 1.83439206e-05 -3.83090119e-05 1.81901385e-04 4.68332473e-05 3.79628145e-05 -1.55756818e-04
-4.68296465e-03 -4.18608785e-02 1.97580084e-03 1.15774097e-02 -5.36727905e-03 9.55603900e-04 -2.52477713e-02 -2.35438962e-02 1.59415752e-02 1.70778148e-02 3.62844556e-03 -7.50907697e-03 3.57162133e-02 9.19566024e-03 7.46047636e-03 -3.06127016e-02
-8.42079520e-04 -7.95836672e-02 1.85174588e-03 2.20461488e-02 -1.05372844e-02 1.70091982e-03 -5.12051992e-02 -4.80372496e-02 3.25902514e-02 3.48091945e-02 7.40885548e-03 -1.53223407e-02 7.28892535e-02 1.87658556e-02 1.52264005e-02 -6.24796338e-02
8.47760355e-04 1.22485254e-02 -4.67363832e-04 -3.76676233e-03 1.59952813e-03 -3.81346850e-04 7.52242841e-03 6.94729667e-03 -4.67489474e-03 -5.03567001e-03 -1.06592977e-03 2.20785406e-03 -1.04990257e-02 -2.70348182e-03 -2.19275523e-03 8.99724662e-03
-9.10594314e-03 -2.00428426e-01 4.76702815e-03 5.67472316e-02 -2.60852650e-02 4.49035643e-03 -1.26987919e-01 -1.18398689e-01 8.02970305e-02 8.58773068e-02 1.82634313e-02 -3.77827063e-02 1.79724276e-01 4.62715551e-02 3.75430956e-02 -1.54052854e-01
2.19356036e-03 -1.68233477e-02 -1.43678990e-05 5.01376158e-03 -2.39960337e-03 3.44393949e-04 -1.18263410e-02 -1.11129088e-02 7.55208870e-03 8.06265883e-03 1.71656476e-03 -3.54964775e-03 1.68861803e-02 4.34745755e-03 3.52750975e-03 -1.44747123e-02
3.88551364e-03 -1.17628071e-02 -3.35886085e-04 3.47164809e-03 -1.66499289e-03 1.85384342e-04 -8.42814893e-03 -7.95418490e-03 5.41695068e-03 5.77708241e-03 1.23082998e-03 -2.54457560e-03 1.21053150e-02 3.11657880e-03 2.52884440e-03 -1.03768418e-02
2.91051832e-03 1.31717892e-02 -9.32451105e-04 -3.66922002e-03 1.73231168e-03 -5.90160955e-04 7.56664295e-03 6.77776570e-03 -4.36424604e-03 -4.88642789e-03 -1.00584480e-03 2.11455091e-03 -1.00302501e-02 -2.58840038e-03 -2.08916841e-03 8.56770575e-03
-1.66384038e-03 2.81166770e-02 -4.00230259e-04 -8.35412089e-03 3.92408855e-03 -6.30322145e-04 1.91009771e-02 1.79069676e-02 -1.21517135e-02 -1.29811224e-02 -2.76256399e-03 5.71357831e-03 -2.71794647e-02 -6.99753687e-03 -5.67770004e-03 2.32977215e-02
1.64545607e-03 1.53895812e-02 -7.17768213e-04 -4.61617345e-03 2.10130820e-03 -3.74144292e-04 9.96318925e-03 9.26066842e-03 -6.25013746e-03 -6.70714304e-03 -1.42337696e-03 2.94779707e-03 -1.40192900e-02 -3.60957533e-03 -2.92816130e-03 1.20150121e-02
1.35761220e-03 9.70977452e-03 -4.14300594e-04 -2.70978711e-03 1.24761276e-03 -2.43515271e-04 5.88207692e-03 5.48025826e-03 -3.70801031e-03 -3.97286797e-03 -8.43950780e-04 1.74674205e-03 -8.30807816e-03 -2.13900814e-03 -1.73540425e-03 7.12093012e-03
1.40071195e-03 6.09791167e-02 -1.48793962e-03 -1.80124976e-02 8.44068266e-03 -1.29869091e-03 4.11784500e-02 3.86474244e-02 -2.62367632e-02 -2.80240923e-02 -5.96479559e-03 1.23355044e-02 -5.86809814e-02 -1.51078021e-02 -1.22583210e-02 5.03004938e-02
-2.44038342e-03 -1.13997757e-02 7.50337495e-04 3.19322594e-03 -1.39274634e-03 3.99349199e-04 -6.31355308e-03 -5.78010082e-03 3.87601927e-03 4.18483885e-03 8.83716682e-04 -1.83309719e-03 8.71509034e-03 2.24413769e-03 1.81993761e-03 -7.46744964e-03
-9.38190892e-03 -2.87527554e-02 2.44338601e-03 8.16518441e-03 -3.58326919e-03 8.51572375e-04 -1.65870655e-02 -1.53539758e-02 1.03063900e-02 1.11179687e-02 2.35061510e-03 -4.87533025e-03 2.31788587e-02 5.96848037e-03 4.84064873e-03 -1.98618937e-02
3.13406158e-03 1.72401108e-02 -9.99861048e-04 -4.81238076e-03 2.32286961e-03 -5.02306793e-04 1.07893189e-02 1.00398641e-02 -6.77381689e-03 -7.25908251e-03 -1.54145434e-03 3.19078355e-03 -1.51763046e-02 -3.90728982e-03 -3.17002763e-03 1.30076567e-02
-2.99460255e-03 -3.65018547e-02 2.02851184e-03 1.06998095e-02 -5.02134068e-03 8.39214597e-04 -2.35038549e-02 -2.19148621e-02 1.48451328e-02 1.58820655e-02 3.37783527e-03 -6.98827161e-03 3.32409367e-02 8.55809264e-03 6.94366358e-03 -2.84922998e-02
4.42568865e-03 5.33723086e-02 -1.98636996e-03 -1.48096532e-02 6.87640812e-03 -1.19748176e-03 3.29175182e-02 3.05528101e-02 -2.06342656e-02 -2.20991541e-02 -4.69843252e-03 9.72229615e-03 -4.62425798e-02 -1.19056562e-02 -9.65930615e-03 3.96354310e-02
-2.07195990e-03 2.27889512e-02 -1.70470536e-04 -6.55185850e-03 3.09804920e-03 -5.11638529e-04 1.49705382e-02 1.40188681e-02 -9.50866658e-03 -1.01658711e-02 -2.16190726e-03 4.47208434e-03 -2.12727468e-02 -5.47687477e-03 -4.44373721e-03 1.82342455e-02
