2.78279837e-03 -9.36121494e-03 -5.47404960e-03 -7.07914773e-03 -7.27673434e-03 2.11574696e-03 -1.02257086e-02 4.37452085e-02 -1.35059317e-03 9.54730157e-03 -1.26541564e-02 1.49235292e-03 -1.10486001e-02 -7.44612562e-03 1.36439176e-02 1.25086633e-02
1.56019675e-03 -4.86448174e-03 -2.51018745e-03 -3.18810251e-03 -3.30461049e-03 9.66936641e-04 -4.63111000e-03 1.98299680e-02 -6.11074734e-04 4.32929257e-03 -5.73465927e-03 6.76322612e-04 -5.00764605e-03 -3.37494095e-03 6.18414534e-03 5.66960592e-03
1.24532171e-03 -3.80748464e-03 -2.17499956e-03 -3.18768364e-03 -3.06952000e-03 8.75961909e-04 -4.30690730e-03 1.84879713e-02 -5.68319811e-04 4.01770975e-03 -5.32355113e-03 6.27653208e-04 -4.64784401e-03 -3.13167321e-03 5.73739735e-03 5.25978906e-03
-4.56709042e-03 1.29610607e-02 7.89463334e-03 1.04159852e-02 1.08753042e-02 -3.25183664e-03 1.53740710e-02 -6.59214109e-02 2.02334928e-03 -1.44141810e-02 1.91033632e-02 -2.25385581e-03 1.66869201e-02 1.12486444e-02 -2.06146482e-02 -1.89003833e-02
-2.92793335e-03 7.34269805e-03 3.30082420e-03 4.12963191e-03 3.89299821e-03 -9.85405524e-04 5.27976826e-03 -2.27410980e-02 6.95683353e-04 -4.93464293e-03 6.52735028e-03 -7.70107727e-04 5.70212258e-03 3.84325255e-03 -7.04176771e-03 -6.45581866e-03
1.17160694e-03 -3.57398950e-03 -1.50653336e-03 -1.74433878e-03 -1.52167934e-03 3.55827156e-04 -2.07044045e-03 8.88426695e-03 -2.72974226e-04 1.90563907e-03 -2.52432073e-03 2.97191582e-04 -2.20165518e-03 -1.48214283e-03 2.71348888e-03 2.48715584e-03
-5.46201947e-04 5.26551995e-03 2.62220716e-03 2.80536758e-03 2.47388007e-03 -4.43080469e-04 3.18211038e-03 -1.36301769e-02 4.26898216e-04 -2.92399083e-03 3.87641392e-03 -4.53593646e-04 3.36511061e-03 2.26202863e-03 -4.13461821e-03 -3.78563115e-03
-4.00697492e-04 1.71029184e-03 9.88855027e-04 1.35084428e-03 1.28491700e-03 -3.53357842e-04 1.77975686e-03 -7.61045609e-03 2.35117652e-04 -1.65905117e-03 2.19804165e-03 -2.59018620e-04 1.91820331e-03 1.29218271e-03 -2.36699171e-03 -2.16980302e-03
-7.43631180e-03 2.56392676e-02 1.02784410e-02 1.10505950e-02 1.00149214e-02 -2.63679354e-03 1.39625985e-02 -5.97414076e-02 1.85689330e-03 -1.30185774e-02 1.72647499e-02 -2.03041360e-03 1.50395250e-02 1.01275649e-02 -1.85449626e-02 -1.69999264e-02
-1.57146482e-03 4.70626913e-03 2.72689923e-03 3.20965936e-03 3.44455498e-03 -9.76241950e-04 4.79512801e-03 -2.06847843e-02 6.28733600e-04 -4.46119998e-03 5.91284828e-03 -6.97521493e-04 5.16439835e-03 3.48055945e-03 -6.37792330e-03 -5.84730785e-03
1.90630462e-03 -7.11757457e-03 -3.62867070e-03 -4.88240551e-03 -4.98332456e-03 1.41992583e-03 -6.92194188e-03 2.97405366e-02 -9.10746108e-04 6.47152541e-03 -8.57476518e-03 1.01125007e-03 -7.48767518e-03 -5.04625309e-03 9.24670231e-03 8.47745314e-03
4.01465874e-03 -1.16348024e-02 -6.58664433e-03 -8.49622022e-03 -8.72606691e-03 2.56262743e-03 -1.22302864e-02 5.24071231e-02 -1.61038211e-03 1.14321755e-02 -1.51534593e-02 1.78757985e-03 -1.32346433e-02 -8.91983695e-03 1.63445156e-02 1.49847008e-02
-4.62337397e-04 1.67846191e-03 9.06952773e-04 1.05123781e-03 1.09218957e-03 -3.07886570e-04 1.51052105e-03 -6.46793889e-03 1.99371178e-04 -1.41195895e-03 1.87107094e-03 -2.20636357e-04 1.63353491e-03 1.10078929e-03 -2.01685098e-03 -1.84899860e-03
-4.58437251e-03 1.48199629e-02 8.09577480e-03 9.64702759e-03 9.94671695e-03 -2.75850040e-03 1.37432255e-02 -5.89690469e-02 1.81562710e-03 -1.27944248e-02 1.69557016e-02 -2.00004061e-03 1.48086483e-02 9.97925270e-03 -1.82842091e-02 -1.67623833e-02
4.23218776e-03 -1.29583366e-02 -7.93970749e-03 -9.59107373e-03 -1.02024116e-02 3.09168128e-03 -1.45526826e-02 6.23767860e-02 -1.91958749e-03 1.36412363e-02 -1.80800576e-02 2.13368307e-03 -1.57967731e-02 -1.06489323e-02 1.95161626e-02 1.78933721e-02
-1.10685294e-02 4.46704626e-02 2.76976302e-02 3.86843160e-02 4.33103777e-02 -1.35252178e-02 6.21573552e-02 -2.66605765e-01 8.19348916e-03 -5.84633984e-02 7.74872154e-02 -9.14538931e-03 6.77080527e-02 4.56464179e-02 -8.36577937e-02 -7.67023861e-02
-2.12858757e-03 5.21236472e-03 2.74590310e-03 3.96249024e-03 3.85538558e-03 -1.10655522e-03 5.39646344e-03 -2.32122298e-02 7.08059757e-04 -5.03933011e-03 6.67780312e-03 -7.87926780e-04 5.83349075e-03 3.93227069e-03 -7.20638735e-03 -6.60711899e-03
3.22729768e-03 -1.21081024e-02 -6.53146161e-03 -8.81392322e-03 -9.12778266e-03 2.65369262e-03 -1.27689447e-02 5.48482537e-02 -1.68621226e-03 1.19404541e-02 -1.58230308e-02 1.86631596e-03 -1.38193192e-02 -9.31385998e-03 1.70651916e-02 1.56452041e-02
-4.14510351e-03 1.27575062e-02 7.16491602e-03 9.76224244e-03 1.04182474e-02 -3.16567766e-03 1.48016931e-02 -6.34383932e-02 1.94829167e-03 -1.38812661e-02 1.83968414e-02 -2.17096088e-03 1.60728451e-02 1.08352397e-02 -1.98576543e-02 -1.82065405e-02
7.31178652e-03 -2.15494931e-02 -1.42591326e-02 -2.12083254e-02 -2.38692313e-02 7.40124192e-03 -3.41164432e-02 1.46445259e-01 -4.49900609e-03 3.21118683e-02 -4.25612628e-02 5.02314698e-03 -3.71891558e-02 -2.50716191e-02 4.59496379e-02 4.21293303e-02
-1.42814557e-03 5.41369151e-03 3.22488113e-03 4.16141842e-03 4.38041473e-03 -1.28509966e-03 6.17532618e-03 -2.65240315e-02 8.12101527e-04 -5.77288913e-03 7.65115349e-03 -9.02583241e-04 6.68228604e-03 4.50402079e-03 -8.25372711e-03 -7.56720314e-03
-4.38690512e-03 1.64974444e-02 1.03397621e-02 1.51198050e-02 1.63354129e-02 -5.02249738e-03 2.32894924e-02 -9.98652652e-02 3.06785689e-03 -2.18775980e-02 2.89969109e-02 -3.42203584e-03 2.53353212e-02 1.70795638e-02 -3.13015692e-02 -2.86989193e-02
-4.25340375e-03 1.57359540e-02 6.04656339e-03 7.34116044e-03 6.80587254e-03 -1.80910190e-03 9.38255340e-03 -4.01394255e-02 1.23147655e-03 -8.67543649e-03 1.14942761e-02 -1.35419832e-03 1.00288205e-02 6.75605936e-03 -1.23726344e-02 -1.13416547e-02
-5.34299714e-03 6.84132800e-03 2.55309371e-03 3.20321508e-03 2.34453753e-03 -5.45626623e-04 3.16299545e-03 -1.35848150e-02 4.19050892e-04 -2.93864822e-03 3.89384502e-03 -4.58052556e-04 3.38887097e-03 2.28444324e-03 -4.18063486e-03 -3.83128040e-03
7.22173019e-04 -3.12498742e-04 1.53934569e-04 2.79155618e-04 5.67417359e-04 -2.12502026e-04 8.69126001e-04 -3.73898563e-03 1.15219504e-04 -8.27946002e-04 1.09771278e-03 -1.29669133e-04 9.60008649e-04 6.47390843e-04 -1.18668936e-03 -1.08808163e-03
4.53888578e-03 -1.52332541e-02 -9.47035477e-03 -1.31765455e-02 -1.45227667e-02 4.48700599e-03 -2.07042303e-02 8.88675302e-02 -2.72780051e-03 1.94575321e-02 -2.57887580e-02 3.04362131e-03 -2.25337371e-02 -1.51910884e-02 2.78410297e-02 2.55262237e-02
-7.09041674e-03 2.00394578e-02 1.00247078e-02 1.15782563e-02 1.02497870e-02 -2.44961120e-03 1.37046827e-02 -5.86399287e-02 1.81442930e-03 -1.26928184e-02 1.68393292e-02 -1.97888701e-03 1.46611966e-02 9.86951683e-03 -1.80728268e-02 -1.65638980e-02
-4.44230298e-03 3.00248042e-02 1.30249476e-02 1.56398006e-02 1.52010582e-02 -4.05359967e-03 2.10801214e-02 -9.03557464e-02 2.78840563e-03 -1.97101515e-02 2.61250250e-02 -3.07712518e-03 2.27869861e-02 1.53517844e-02 -2.81247925e-02 -2.57828962e-02
1.83550536e-03 -7.28538353e-03 -3.99034750e-03 -5.01765357e-03 -5.02901338e-03 1.44535338e-03 -7.05828657e-03 3.02416123e-02 -9.28107824e-04 6.57887710e-03 -8.72971304e-03 1.02938630e-03 -7.61804963e-03 -5.13367588e-03 9.40582622e-03 8.62299185e-03
3.69628688e-04 -1.91595161e-03 -1.20920828e-03 -1.59756886e-03 -1.58614339e-03 4.39692521e-04 -2.18956196e-03 9.42575186e-03 -2.89680378e-04 2.04439764e-03 -2.70896452e-03 3.19219485e-04 -2.36390694e-03 -1.59252784e-03 2.91707506e-03 2.67407438e-03
3.47167859e-03 -1.24960234e-02 -5.91755379e-03 -7.26384297e-03 -7.22986320e-03 1.97714893e-03 -1.00622131e-02 4.35317121e-02 -1.33199920e-03 9.34727304e-03 -1.23690302e-02 1.45831262e-03 -1.08048758e-02 -7.28286337e-03 1.33334249e-02 1.22204572e-02
6.52826950e-03 -1.90621447e-02 -1.22263925e-02 -1.61527619e-02 -1.80549100e-02 5.54812653e-03 -2.58402005e-02 1.10972993e-01 -3.40591045e-03 2.42970772e-02 -3.22050191e-02 3.80050438e-03 -2.81368718e-02 -1.89684145e-02 3.47638987e-02 3.18735763e-02
-1.02750883e-02 3.48738357e-02 2.15714835e-02 3.25003155e-02 3.33025903e-02 -1.00424411e-02 4.70928848e-02 -2.02261031e-01 6.20764587e-03 -4.42139022e-02 5.85930571e-02 -6.91510132e-03 5.11973985e-02 3.45128961e-02 -6.32506683e-02 -5.79912290e-02
7.58829247e-03 -2.49858201e-02 -1.46756433e-02 -1.89802982e-02 -2.10321806e-02 6.45949692e-03 -2.98480708e-02 1.27903789e-01 -3.92783945e-03 2.79904660e-02 -3.71070169e-02 4.37830621e-03 -3.24146189e-02 -2.18523294e-02 4.00491059e-02 3.67192775e-02
-4.87009238e-05 3.19126388e-03 1.94555440e-03 2.97477306e-03 3.39403539e-03 -1.06366724e-03 4.86925151e-03 -2.08905041e-02 6.41864724e-04 -4.58067190e-03 6.07150281e-03 -7.16575829e-04 5.30525902e-03 3.57662607e-03 -6.55502221e-03 -6.01003319e-03
2.31727911e-03 -8.55894014e-03 -4.59726248e-03 -6.44499203e-03 -6.95088832e-03 2.07982026e-03 -9.85138863e-03 4.22462523e-02 -1.29765400e-03 9.24111903e-03 -1.22455666e-02 1.44488399e-03 -1.06976619e-02 -7.21110031e-03 1.32150967e-02 1.21161090e-02
-3.46766645e-03 7.86510017e-03 3.90855642e-03 5.23120305e-03 5.33613004e-03 -1.59163831e-03 7.54457898e-03 -3.25469971e-02 9.93958907e-04 -7.07582710e-03 9.37786326e-03 -1.10656931e-03 8.19261745e-03 5.52273495e-03 -1.01214042e-02 -9.27976798e-03
-4.37445815e-05 -2.98884057e-04 -7.15523085e-04 -1.14431349e-03 -1.25610607e-03 3.85753141e-04 -1.79763092e-03 7.72104133e-03 -2.36491600e-04 1.68698654e-03 -2.23535299e-03 2.63816182e-04 -1.95324118e-03 -1.31676812e-03 2.41323770e-03 2.21259100e-03
-3.57131736e-04 1.25470525e-03 9.10905132e-04 1.19621167e-03 1.29289483e-03 -3.83299921e-04 1.80420536e-03 -7.73252035e-03 2.37675413e-04 -1.69173779e-03 2.24230369e-03 -2.64563627e-04 1.95871922e-03 1.32035767e-03 -2.41973484e-03 -2.21851794e-03
4.93376865e-04 -7.27802631e-04 -2.82935333e-04 -3.03466251e-04 -2.59523018e-04 7.06584397e-05 -3.52798234e-04 1.50184240e-03 -4.62435055e-05 3.28086113e-04 -4.34658315e-04 5.12895058e-05 -3.79727629e-04 -2.55976978e-04 4.69121907e-04 4.30113374e-04
1.76667562e-03 -4.65067942e-03 -2.62733991e-03 -3.27761378e-03 -3.24074738e-03 8.82397464e-04 -4.43573529e-03 1.90534741e-02 -5.84499619e-04 4.13455581e-03 -5.47976373e-03 6.45925931e-04 -4.78297984e-03 -3.22266063e-03 5.90428710e-03 5.41280769e-03
-4.37100325e-03 1.45997377e-02 8.06192029e-03 1.09943505e-02 1.12174135e-02 -3.20920278e-03 1.55228944e-02 -6.65145367e-02 2.03865371e-03 -1.44555001e-02 1.91496704e-02 -2.25947704e-03 1.67278927e-02 1.12749906e-02 -2.06604674e-02 -1.89414527e-02
1.17363234e-03 -3.57269705e-03 -1.94489281e-03 -2.57437630e-03 -2.60414183e-03 7.04150938e-04 -3.58861755e-03 1.53893959e-02 -4.71261214e-04 3.34651279e-03 -4.43466287e-03 5.22823888e-04 -3.87071585e-03 -2.60877470e-03 4.78033954e-03 4.38267505e-03
-3.12845758e-03 1.22630782e-02 8.77986010e-03 1.24237323e-02 1.34895565e-02 -4.15956229e-03 1.92144495e-02 -8.25035796e-02 2.53385957e-03 -1.80659164e-02 2.39440799e-02 -2.82575982e-03 2.09209844e-02 1.41038196e-02 -2.58483253e-02 -2.36991867e-02
5.40725654e-03 -1.90592203e-02 -8.84475000e-03 -1.11828856e-02 -1.10337958e-02 3.01733590e-03 -1.52755193e-02 6.62349090e-02 -2.03385786e-03 1.42295314e-02 -1.88484360e-02 2.22379761e-03 -1.64714865e-02 -1.11051034e-02 2.03176383e-02 1.86257027e-02
-2.82342825e-03 1.05643943e-02 6.34141825e-03 8.28444120e-03 8.84511787e-03 -2.52676546e-03 1.23984683e-02 -5.32953590e-02 1.63310650e-03 -1.15901139e-02 1.53595908e-02 -1.81127724e-03 1.34108979e-02 9.03955195e-03 -1.65644996e-02 -1.51864775e-02
-1.16992556e-02 4.30083163e-02 2.02137958e-02 2.71442756e-02 2.81730890e-02 -7.83006381e-03 3.92377600e-02 -1.68062031e-01 5.15611982e-03 -3.66079956e-02 4.84313034e-02 -5.70996245e-03 4.22820300e-02 2.84962393e-02 -5.22155464e-02 -4.78667095e-02
-3.23574850e-03 1.19412197e-02 8.03739578e-03 1.26191443e-02 1.39476350e-02 -4.33518784e-03 1.99504085e-02 -8.56398046e-02 2.63096206e-03 -1.87756699e-02 2.48843692e-02 -2.93694995e-03 2.17439998e-02 1.46590136e-02 -2.68660747e-02 -2.46323850e-02
2.02042377e-03 -6.53819600e-03 -3.69637087e-03 -5.81996469e-03 -5.77630475e-03 1.73090550e-03 -8.19620490e-03 3.51502113e-02 -1.08032930e-03 7.70319020e-03 -1.02081364e-02 1.20469404e-03 -8.91901180e-03 -6.01272425e-03 1.10195624e-02 1.01033347e-02
-4.30586608e-03 2.42117001e-03 -1.51208311e-03 -4.25613066e-03 -4.93120635e-03 1.58289808e-03 -7.15888850e-03 3.07448637e-02 -9.45455220e-04 6.74926676e-03 -8.94602947e-03 1.05586706e-03 -7.81724602e-03 -5.27013885e-03 9.65879112e-03 8.85575637e-03
-2.13707751e-03 5.98860439e-03 3.97746032e-03 5.77644166e-03 6.56433683e-03 -2.05765734e-03 9.41538066e-03 -4.03966904e-02 1.24128803e-03 -8.85795709e-03 1.17405914e-02 -1.38567714e-03 1.02590350e-02 6.91628177e-03 -1.26757342e-02 -1.16218599e-02
-1.92213978e-03 8.47867038e-03 4.17727325e-03 5.19515667e-03 5.03351120e-03 -1.34143047e-03 6.93818834e-03 -2.97085736e-02 9.17392492e-04 -6.46571163e-03 8.56958330e-03 -1.00951374e-03 7.47633958e-03 5.03639970e-03 -9.22612380e-03 -8.45740363e-03
2.84288730e-03 -8.06062482e-03 -4.54591680e-03 -5.97783644e-03 -6.17589382e-03 1.83349755e-03 -8.76838341e-03 3.76307666e-02 -1.15562405e-03 8.21810495e-03 -1.08927544e-02 1.28506043e-03 -9.51417163e-03 -6.41338760e-03 1.17533617e-02 1.07759777e-02
1.40041835e-03 -3.81822838e-03 -2.18940480e-03 -2.72717979e-03 -2.73834122e-03 7.67139310e-04 -3.78422602e-03 1.62531361e-02 -4.98490408e-04 3.53357405e-03 -4.68347734e-03 5.52102458e-04 -4.08779131e-03 -2.75469804e-03 5.04739815e-03 4.62740287e-03
1.15962885e-03 -6.78353524e-03 -4.68080118e-03 -7.48445140e-03 -8.06323346e-03 2.47702491e-03 -1.14743672e-02 4.92504239e-02 -1.51224155e-03 1.07830251e-02 -1.42911477e-02 1.68657454e-03 -1.24864997e-02 -8.41784384e-03 1.54274348e-02 1.41447140e-02
2.93812744e-04 -7.20596965e-03 -3.89756029e-03 -4.91503999e-03 -4.93514026e-03 1.33185135e-03 -6.86804624e-03 2.97068972e-02 -9.07431473e-04 6.41224952e-03 -8.50636978e-03 1.00143591e-03 -7.41494633e-03 -4.99592535e-03 9.15187784e-03 8.38980172e-03
1.17506809e-03 -3.76313739e-03 -2.17039604e-03 -3.13512143e-03 -3.19492468e-03 9.57902870e-04 -4.51866537e-03 1.93951149e-02 -5.95553545e-04 4.23857896e-03 -5.61704300e-03 6.62710227e-04 -4.90645459e-03 -3.30727827e-03 6.06082613e-03 5.55677759e-03
-1.58045045e-03 5.76492026e-03 3.21939168e-03 4.52527450e-03 4.80491016e-03 -1.44701207e-03 6.75038062e-03 -2.89497860e-02 8.89212533e-04 -6.33049617e-03 8.38973001e-03 -9.89952590e-04 7.32915895e-03 4.94063785e-03 -9.05445963e-03 -8.30153190e-03
-6.99457829e-04 1.51754334e-03 7.98037741e-04 7.91025173e-04 8.17100808e-04 -2.29386380e-04 1.12809683e-03 -4.82671941e-03 1.48059902e-04 -1.04978518e-03 1.39226823e-03 -1.64157536e-04 1.21530320e-03 8.19218578e-04 -1.50133553e-03 -1.37649348e-03
2.50874343e-03 -5.93889039e-03 -3.42499325e-03 -3.51743889e-03 -3.86122754e-03 1.15919812e-03 -5.45689184e-03 2.33828872e-02 -7.18088355e-04 5.12198079e-03 -6.78864168e-03 8.01160291e-04 -5.93135925e-03 -3.99866560e-03 7.32846884e-03 6.71916502e-03
7.17508607e-04 -2.23301235e-03 -1.24872441e-03 -1.39651250e-03 -1.39314437e-03 3.83511069e-04 -1.92312978e-03 8.23878217e-03 -2.53021135e-04 1.79141248e-03 -2.37392029e-03 2.79875909e-04 -2.07220344e-03 -1.39644986e-03 2.55872798e-03 2.34581018e-03
-3.49393277e-03 1.35737127e-02 4.90592793e-03 5.10605890e-03 5.58219245e-03 -1.60229672e-03 7.83273857e-03 -3.35648879e-02 1.03109889e-03 -7.33080739e-03 9.71895922e-03 -1.14615657e-03 8.48558173e-03 5.71986241e-03 -1.04823299e-02 -9.61074792e-03
1.35648018e-03 -3.14351311e-03 -2.76829349e-03 -4.02027136e-03 -4.43547405e-03 1.34165992e-03 -6.31098310e-03 2.70841178e-02 -8.31984333e-04 5.92181087e-03 -7.84862693e-03 9.26102162e-04 -6.85666595e-03 -4.62180888e-03 8.46972317e-03 7.76531454e-03
-2.90446507e-04 4.01785271e-03 4.33319015e-03 6.97422493e-03 7.92587735e-03 -2.49114633e-03 1.13902921e-02 -4.88874018e-02 1.50181260e-03 -1.07169189e-02 1.42046781e-02 -1.67643651e-03 1.24116894e-02 8.36744718e-03 -1.53352655e-02 -1.40602579e-02
2.35915114e-03 -6.75301766e-03 -3.57156480e-03 -4.54012351e-03 -4.60932916e-03 1.30885234e-03 -6.42815512e-03 2.75369044e-02 -8.45626288e-04 6.00878149e-03 -7.96307996e-03 9.39170539e-04 -6.95343036e-03 -4.68658423e-03 8.58809613e-03 7.87372794e-03
-6.65653683e-03 1.04269255e-02 5.27806534e-03 6.17895229e-03 6.00483315e-03 -1.54780061e-03 8.04696605e-03 -3.46274897e-02 1.05615577e-03 -7.45681440e-03 9.88776796e-03 -1.16477860e-03 8.62696767e-03 5.81111852e-03 -1.06469439e-02 -9.76072159e-03
2.45665014e-03 -8.51935800e-03 -5.15107159e-03 -6.69694273e-03 -7.05360668e-03 2.11148104e-03 -9.97791253e-03 4.27603163e-02 -1.31145690e-03 9.34269186e-03 -1.23828100e-02 1.46079366e-03 -1.08153196e-02 -7.29049928e-03 1.33609930e-02 1.22499336e-02
6.21693674e-03 -2.18068995e-02 -1.03387395e-02 -1.47390682e-02 -1.52904429e-02 4.64879302e-03 -2.18413770e-02 9.36712921e-02 -2.87814485e-03 2.05216408e-02 -2.72028018e-02 3.20986286e-03 -2.37643775e-02 -1.60195883e-02 2.93590780e-02 2.69180890e-02
1.03826437e-03 -1.93049060e-03 -7.87055178e-04 -7.77696725e-04 -5.41511457e-04 5.93091609e-05 -6.37799036e-04 2.72955978e-03 -8.42004083e-05 5.64958144e-04 -7.49182422e-04 8.74373072e-05 -6.48591726e-04 -4.35082853e-04 7.94372696e-04 7.27532199e-04
-2.36408249e-03 5.67237707e-03 2.40543019e-03 2.38420372e-03 2.26657721e-03 -5.60354907e-04 3.04477732e-03 -1.29922563e-02 3.99516255e-04 -2.80670961e-03 3.72059527e-03 -4.37830313e-04 3.24206962e-03 2.18319334e-03 -3.99779202e-03 -3.66450450e-03
-4.32660803e-03 1.79841556e-02 1.06621366e-02 1.11911250e-02 1.15605230e-02 -3.32189421e-03 1.61852576e-02 -6.93697110e-02 2.13582302e-03 -1.51375802e-02 2.00584959e-02 -2.36591417e-03 1.75189767e-02 1.18045881e-02 -2.16307323e-02 -1.98303293e-02
-2.95940856e-03 8.33851006e-03 4.37514810e-03 6.03719242e-03 6.40930235e-03 -1.92108820e-03 8.99064448e-03 -3.85499746e-02 1.18576945e-03 -8.44181608e-03 1.11871222e-02 -1.32000819e-03 9.77276638e-03 6.58781361e-03 -1.20730549e-02 -1.10690938e-02
-1.51083749e-02 5.20910248e-02 2.42744423e-02 3.37450802e-02 3.52237001e-02 -1.03600631e-02 4.96642068e-02 -2.12693170e-01 6.52825413e-03 -4.64171767e-02 6.15181699e-02 -7.25559285e-03 5.37178516e-02 3.62095609e-02 -6.63545281e-02 -6.08358346e-02
-3.76158161e-03 1.00533227e-02 6.40327111e-03 9.01000295e-03 9.97832231e-03 -3.02699627e-03 1.41124148e-02 -6.05193265e-02 1.85620633e-03 -1.32380798e-02 1.75459031e-02 -2.07066163e-03 1.53303007e-02 1.03349909e-02 -1.89411994e-02 -1.73663739e-02
1.93169760e-03 -6.12417143e-03 -3.39839095e-03 -4.03721398e-03 -4.24459809e-03 1.19809411e-03 -5.89145953e-03 2.52201203e-02 -7.78584101e-04 5.50028356e-03 -7.29011744e-03 8.59649910e-04 -6.36498164e-03 -4.28888900e-03 7.85775110e-03 7.20361574e-03
-1.78483024e-03 6.10427931e-03 2.68780068e-03 3.40391579e-03 3.23317666e-03 -8.26165546e-04 4.35833540e-03 -1.87927801e-02 5.79248357e-04 -4.05923976e-03 5.37591847e-03 -6.33870543e-04 4.69433796e-03 3.16149765e-03 -5.78902056e-03 -5.30598126e-03
3.28803482e-03 -1.24965822e-02 -6.68919133e-03 -9.51567572e-03 -9.59178060e-03 2.82086595e-03 -1.35297682e-02 5.81009611e-02 -1.78321963e-03 1.26933521e-02 -1.68236755e-02 1.98433641e-03 -1.46915885e-02 -9.90292057e-03 1.81470402e-02 1.66376811e-02
-5.52170211e-03 1.93951316e-02 1.21578947e-02 1.58428494e-02 1.77856497e-02 -5.45363035e-03 2.52106711e-02 -1.08197197e-01 3.32212751e-03 -2.36959923e-02 3.14073674e-02 -3.70652718e-03 2.74416879e-02 1.84998885e-02 -3.39051783e-02 -3.10862064e-02
2.38312688e-03 -7.47414026e-03 -3.98748973e-03 -4.83343424e-03 -4.82561067e-03 1.34220987e-03 -6.71958458e-03 2.88502648e-02 -8.87213566e-04 6.26901630e-03 -8.30702111e-03 9.79347271e-04 -7.25171156e-03 -4.88610892e-03 8.95154569e-03 8.20638891e-03
2.93268007e-03 -9.21344943e-03 -5.81480749e-03 -7.60000432e-03 -7.73920957e-03 2.24540173e-03 -1.08191622e-02 4.63842191e-02 -1.42825476e-03 1.01339966e-02 -1.34301940e-02 1.58406526e-03 -1.17282467e-02 -7.90452678e-03 1.44839697e-02 1.32788848e-02
-3.94453993e-03 8.29723664e-03 4.48209373e-03 6.86170813e-03 6.93703815e-03 -2.04468262e-03 9.74579714e-03 -4.18241844e-02 1.28079602e-03 -9.11301654e-03 1.20758871e-02 -1.42476952e-03 1.05485562e-02 7.11056171e-03 -1.30307097e-02 -1.19470246e-02
2.83019152e-03 -9.91011411e-03 -5.44159953e-03 -6.69521140e-03 -6.90003857e-03 1.96586247e-03 -9.65527818e-03 4.13471609e-02 -1.26827613e-03 9.00246669e-03 -1.19283395e-02 1.40724296e-03 -1.04189655e-02 -7.02264905e-03 1.28693460e-02 1.17989033e-02
2.73008458e-03 -2.26226076e-03 -1.34501443e-03 -1.67003309e-03 -1.59414252e-03 4.41752461e-04 -2.20478186e-03 9.43361595e-03 -2.91018107e-04 2.06404831e-03 -2.73472001e-03 3.22654931e-04 -2.38881377e-03 -1.61005370e-03 2.95044063e-03 2.70502688e-03
2.60058651e-03 -7.35464320e-03 -4.41189110e-03 -5.80968196e-03 -6.17088843e-03 1.83989282e-03 -8.67053401e-03 3.72079313e-02 -1.14160799e-03 8.12860485e-03 -1.07717905e-02 1.27097638e-03 -9.40995384e-03 -6.34310953e-03 1.16244406e-02 1.06577482e-02
-5.24402689e-03 1.53662628e-02 7.01564085e-03 9.58357099e-03 1.01122661e-02 -3.09483358e-03 1.43853314e-02 -6.16117381e-02 1.89212931e-03 -1.34970834e-02 1.78886726e-02 -2.11117626e-03 1.56302396e-02 1.05371475e-02 -1.93117596e-02 -1.77061353e-02
-1.95149297e-03 6.80221245e-03 3.97103978e-03 5.73572097e-03 6.23250380e-03 -1.90448586e-03 8.87068361e-03 -3.80497500e-02 1.16942648e-03 -8.33758619e-03 1.10508604e-02 -1.30399992e-03 9.65432916e-03 6.50831219e-03 -1.19277705e-02 -1.09360125e-02
-2.62456085e-03 1.17715271e-02 5.14606200e-03 6.19560154e-03 6.08966267e-03 -1.64895481e-03 8.35225265e-03 -3.58596481e-02 1.09608041e-03 -7.76694436e-03 1.03093684e-02 -1.21300551e-03 8.98389146e-03 6.05253316e-03 -1.10870562e-02 -1.01633454e-02
7.77812442e-04 -6.33604126e-04 8.15625535e-04 1.46375096e-03 1.77021255e-03 -5.55889332e-04 2.55491002e-03 -1.09691266e-02 3.37159785e-04 -2.39612232e-03 3.17560369e-03 -3.74655501e-04 2.77403137e-03 1.86981924e-03 -3.42617743e-03 -3.14112892e-03
3.08086886e-03 -1.03622675e-02 -5.23839379e-03 -6.50711590e-03 -6.67254068e-03 1.90843630e-03 -9.34115611e-03 3.99954692e-02 -1.23102940e-03 8.72817170e-03 -1.15749687e-02 1.36430922e-03 -1.01016173e-02 -6.80737523e-03 1.24730309e-02 1.14351492e-02
-1.23184791e-03 3.95851443e-03 1.40755193e-03 1.49421836e-03 1.47930253e-03 -3.98463686e-04 2.02320330e-03 -8.67362227e-03 2.67035794e-04 -1.88649527e-03 2.50125490e-03 -2.94713740e-04 2.18185270e-03 1.47025299e-03 -2.69358442e-03 -2.46936223e-03
-5.29147452e-03 1.49458842e-02 7.30897021e-03 8.62929411e-03 8.70150141e-03 -2.41835928e-03 1.20747061e-02 -5.16976863e-02 1.59053516e-03 -1.12894708e-02 1.49632646e-02 -1.76493975e-03 1.30668804e-02 8.80753063e-03 -1.61396861e-02 -1.47971082e-02
-5.09854127e-03 1.51784774e-02 8.39244016e-03 1.09928008e-02 1.15815978e-02 -3.43317608e-03 1.63886324e-02 -7.02724606e-02 2.16054404e-03 -1.53450333e-02 2.03429740e-02 -2.39940546e-03 1.77641753e-02 1.19728828e-02 -2.19400115e-02 -2.01149564e-02
8.30880739e-03 -2.27085426e-02 -1.38281249e-02 -1.62204616e-02 -1.74059961e-02 5.15833404e-03 -2.45086122e-02 1.05199948e-01 -3.22748232e-03 2.29174308e-02 -3.03752683e-02 3.58466012e-03 -2.65391003e-02 -1.78894047e-02 3.27842198e-02 3.00579090e-02
4.11123317e-03 -1.28790168e-02 -7.51149002e-03 -9.34927538e-03 -1.03390757e-02 3.18251294e-03 -1.47383697e-02 6.31993115e-02 -1.94096030e-03 1.38444761e-02 -1.83496214e-02 2.16551381e-03 -1.60319936e-02 -1.08081037e-02 1.98083315e-02 1.81614254e-02
-1.39636686e-03 3.72835505e-03 1.52526109e-03 1.78348552e-03 1.63653726e-03 -4.47249738e-04 2.23725219e-03 -9.57832672e-03 2.93760619e-04 -2.08261795e-03 2.75972858e-03 -3.25426867e-04 2.40932824e-03 1.62377150e-03 -2.97540915e-03 -2.72787991e-03
2.20010034e-03 -8.03840160e-03 -4.60029626e-03 -5.61253028e-03 -4.74430900e-03 9.85051272e-04 -6.33336930e-03 2.75799371e-02 -8.44187161e-04 5.81033528e-03 -7.68497586e-03 9.03375971e-04 -6.70039700e-03 -4.50805202e-03 8.24925303e-03 7.55500607e-03
-1.24590946e-02 4.66368310e-02 2.06704885e-02 2.50481851e-02 2.13277340e-02 -5.52755967e-03 2.88130064e-02 -1.22664675e-01 3.80322919e-03 -2.65935194e-02 3.53225470e-02 -4.15678509e-03 3.07338182e-02 2.07265709e-02 -3.79143730e-02 -3.47407386e-02
-2.26457301e-03 1.13650449e-02 6.54681725e-03 1.00514283e-02 1.08470824e-02 -3.34549439e-03 1.54396761e-02 -6.62811399e-02 2.03726650e-03 -1.45184575e-02 1.92423109e-02 -2.27091508e-03 1.68128498e-02 1.13341175e-02 -2.07719058e-02 -1.90447606e-02
3.75180854e-04 -1.51300977e-03 -6.31111674e-04 -8.31068668e-04 -8.32737889e-04 2.20092217e-04 -1.13510783e-03 4.92197042e-03 -1.48552528e-04 1.05535181e-03 -1.39821740e-03 1.64855694e-04 -1.22057274e-03 -8.22577626e-04 1.50727702e-03 1.38188177e-03
-6.55329204e-04 3.91685497e-03 2.78298301e-03 3.95512022e-03 4.33240738e-03 -1.32612640e-03 6.17760280e-03 -2.64934506e-02 8.14188388e-04 -5.80340996e-03 7.69226113e-03 -9.07693116e-04 6.72013592e-03 4.53028735e-03 -8.30263831e-03 -7.61229778e-03
-5.35059767e-03 1.92782506e-02 1.18200444e-02 1.56209655e-02 1.65426172e-02 -5.05032390e-03 2.35210005e-02 -1.00993641e-01 3.10277264e-03 -2.20910236e-02 2.92822551e-02 -3.45501117e-03 2.55791079e-02 1.72431413e-02 -3.16005722e-02 -2.89728101e-02
2.05499586e-03 -8.45876709e-03 -4.27724887e-03 -4.70325537e-03 -4.51411493e-03 1.19316229e-03 -6.24277629e-03 2.67839413e-02 -8.25855474e-04 5.79797151e-03 -7.69130699e-03 9.05738329e-04 -6.70894794e-03 -4.51683998e-03 8.27134121e-03 7.58184725e-03
-1.49853155e-03 4.97307815e-03 2.92820064e-03 4.04257374e-03 4.34676372e-03 -1.32766762e-03 6.19355543e-03 -2.65833382e-02 8.15756794e-04 -5.81369130e-03 7.70577043e-03 -9.09270660e-04 6.73183007e-03 4.53812722e-03 -8.31697322e-03 -7.62543175e-03
2.31059617e-03 -6.57143351e-03 -4.26691491e-03 -6.12549996e-03 -6.82799006e-03 2.11761869e-03 -9.75377765e-03 4.18513827e-02 -1.28621771e-03 9.17626265e-03 -1.21622849e-02 1.43540942e-03 -1.06272465e-02 -7.16448156e-03 1.31305885e-02 1.20388912e-02
2.63241492e-03 -1.27802428e-03 -4.57529561e-04 -4.33802285e-04 -4.16841882e-04 1.09945729e-04 -5.71783865e-04 2.44318461e-03 -7.51700718e-05 5.35516243e-04 -7.09679152e-04 8.37179614e-05 -6.19789294e-04 -4.17816103e-04 7.65729405e-04 7.02060701e-04
-1.63845485e-03 9.22193099e-03 5.89426281e-03 8.43918975e-03 9.16457362e-03 -2.76869582e-03 1.29913213e-02 -5.57682216e-02 1.71434111e-03 -1.22159608e-02 1.61881149e-02 -1.91029336e-03 1.41431261e-02 9.53437202e-03 -1.74732506e-02 -1.60202887e-02
-3.65744159e-03 7.58060999e-03 4.53382079e-03 7.08784303e-03 6.35837996e-03 -1.92728464e-03 8.98720231e-03 -3.85986976e-02 1.18508399e-03 -8.43581464e-03 1.11796912e-02 -1.31934753e-03 9.76760406e-03 6.58464618e-03 -1.20675964e-02 -1.10641886e-02
-1.09496724e-03 7.38124922e-03 4.04639123e-03 5.76097425e-03 6.16979226e-03 -1.88894628e-03 8.76956619e-03 -3.75413224e-02 1.15436560e-03 -8.21977854e-03 1.08945742e-02 -1.28572271e-03 9.51911975e-03 6.41724467e-03 -1.17610069e-02 -1.07831443e-02
-3.30170314e-03 9.38160345e-03 5.69651136e-03 8.45761318e-03 8.79689865e-03 -2.71868473e-03 1.24925319e-02 -5.35814390e-02 1.64689601e-03 -1.17474953e-02 1.55707644e-02 -1.83760736e-03 1.36049353e-02 9.17181466e-03 -1.68093853e-02 -1.54118026e-02
-1.89957779e-03 7.01503502e-03 4.08709608e-03 5.89746004e-03 6.27277419e-03 -1.87869999e-03 8.87589250e-03 -3.81233618e-02 1.16742367e-03 -8.32505245e-03 1.10306954e-02 -1.30149757e-03 9.63598490e-03 6.49570627e-03 -1.19044706e-02 -1.09146219e-02
8.62507499e-04 -3.69290309e-03 -2.51058536e-03 -3.46050435e-03 -3.78827704e-03 1.15849311e-03 -5.40739205e-03 2.31937058e-02 -7.12313049e-04 5.07773226e-03 -6.72981935e-03 7.94179214e-04 -5.87978493e-03 -3.96376103e-03 7.26437243e-03 6.66035851e-03
-3.86394677e-03 1.60477217e-02 8.97739921e-03 1.15545876e-02 1.20653510e-02 -3.59000312e-03 1.69186797e-02 -7.25278035e-02 2.23175436e-03 -1.58744324e-02 2.10375767e-02 -2.48209061e-03 1.83765795e-02 1.23872589e-02 -2.27006637e-02 -2.08126958e-02
2.87570967e-03 -9.09735728e-03 -4.65999311e-03 -6.07686769e-03 -6.73132064e-03 2.05621496e-03 -9.57011338e-03 4.11231481e-02 -1.26094988e-03 8.99496675e-03 -1.19222216e-02 1.40700280e-03 -1.04168421e-02 -7.02259829e-03 1.28704859e-02 1.18004000e-02
8.11701466e-04 -3.34196212e-03 -2.14216160e-03 -3.38237453e-03 -3.39437020e-03 1.02422154e-03 -4.82053868e-03 2.06774790e-02 -6.35314733e-04 4.52579232e-03 -5.99627988e-03 7.07653642e-04 -5.23921195e-03 -3.53187439e-03 6.47269841e-03 5.93445636e-03
2.99682794e-03 -1.06206816e-02 -5.73119102e-03 -8.39053560e-03 -8.79256334e-03 2.67240778e-03 -1.25352461e-02 5.36745153e-02 -1.65027159e-03 1.17550232e-02 -1.55801130e-02 1.83832948e-03 -1.36100268e-02 -9.17490758e-03 1.68146491e-02 1.54165095e-02
3.01296497e-03 -7.34365638e-03 -4.63821087e-03 -6.60439534e-03 -7.27016618e-03 2.25276197e-03 -1.03827920e-02 4.45546210e-02 -1.36868400e-03 9.76684317e-03 -1.29448976e-02 1.52780430e-03 -1.13112573e-02 -7.62562081e-03 1.39757404e-02 1.28137786e-02
-3.92881548e-03 1.39156887e-02 8.70738924e-03 1.22806514e-02 1.34506235e-02 -4.01168829e-03 1.89534016e-02 -8.13414529e-02 2.49511306e-03 -1.77885611e-02 2.35765185e-02 -2.78210104e-03 2.05976982e-02 1.38857644e-02 -2.54484806e-02 -2.33325213e-02
5.77816390e-04 -2.11103307e-03 -1.09045277e-03 -1.39045203e-03 -1.38041715e-03 3.62338673e-04 -1.87621778e-03 8.09943303e-03 -2.48633703e-04 1.74334610e-03 -2.30790884e-03 2.72076752e-04 -2.01667123e-03 -1.35735923e-03 2.48479471e-03 2.27755099e-03
-3.50562297e-03 1.27319228e-02 7.14389421e-03 1.03440154e-02 1.08826645e-02 -3.28198541e-03 1.54240523e-02 -6.62371218e-02 2.03098450e-03 -1.44788986e-02 1.91903394e-02 -2.26448802e-03 1.67650785e-02 1.13018993e-02 -2.07129288e-02 -1.89906973e-02
-2.14134227e-03 5.64913638e-03 3.34589812e-03 4.28736769e-03 4.23448300e-03 -1.24962337e-03 5.92854153e-03 -2.54329778e-02 7.81651237e-04 -5.54809952e-03 7.35413143e-03 -8.67380877e-04 6.42190035e-03 4.32844320e-03 -7.93184713e-03 -7.27205677e-03
7.18179217e-05 4.63595672e-04 4.95270418e-04 7.51541753e-04 8.18520435e-04 -2.47767195e-04 1.16043037e-03 -4.97789402e-03 1.53025161e-04 -1.08964951e-03 1.44418457e-03 -1.70400512e-04 1.26157154e-03 8.50428594e-04 -1.55853189e-03 -1.42893067e-03
5.65217901e-03 -1.76126305e-02 -1.12256035e-02 -1.56214004e-02 -1.68481022e-02 5.19953715e-03 -2.40332521e-02 1.03209592e-01 -3.16890352e-03 2.25997306e-02 -2.99530290e-02 3.53491702e-03 -2.61711814e-02 -1.76433139e-02 3.23352255e-02 2.96467561e-02
-9.32841445e-04 2.48544430e-03 1.11653632e-03 1.44836283e-03 1.31066306e-03 -3.46875924e-04 1.79527944e-03 -7.68881850e-03 2.35877349e-04 -1.67180027e-03 2.21457239e-03 -2.61102861e-04 1.93321425e-03 1.30278140e-03 -2.38698930e-03 -2.18836614e-03
-7.06623262e-03 1.94143895e-02 1.11107193e-02 1.44849503e-02 1.48550468e-02 -4.42735385e-03 2.09850036e-02 -9.01101977e-02 2.76992726e-03 -1.96919087e-02 2.60981116e-02 -3.07864067e-03 2.27926522e-02 1.53636700e-02 -2.81545166e-02 -2.58128271e-02
4.47024917e-03 -1.30777573e-02 -6.89976057e-03 -8.67340807e-03 -9.44716949e-03 2.75253970e-03 -1.32114757e-02 5.67725673e-02 -1.73901068e-03 1.23828351e-02 -1.64113995e-02 1.93622627e-03 -1.43348938e-02 -9.66313668e-03 1.77091379e-02 1.62365381e-02
1.98509614e-03 -4.78687696e-03 -3.09435721e-03 -3.86255933e-03 -4.06300370e-03 1.21850520e-03 -5.68821840e-03 2.43859589e-02 -7.49444822e-04 5.33719407e-03 -7.07413815e-03 8.34787730e-04 -6.18038373e-03 -4.16632742e-03 7.63558969e-03 7.00069638e-03
-2.18731281e-03 7.28810392e-03 3.62384622e-03 4.89241537e-03 5.12047391e-03 -1.54200045e-03 7.23782368e-03 -3.10357884e-02 9.52369883e-04 -6.77386206e-03 8.97811446e-03 -1.05947955e-03 7.84375519e-03 5.28756529e-03 -9.69028566e-03 -8.88453517e-03
-1.51807594e-03 -7.32806628e-04 -1.90350076e-03 -3.18552228e-03 -3.98180494e-03 1.31511455e-03 -5.83486632e-03 2.50512697e-02 -7.70879560e-04 5.50647685e-03 -7.29991868e-03 8.61698529e-04 -6.37983903e-03 -4.30121832e-03 7.88318180e-03 7.22781941e-03
