1.20307375e-02 -3.29588796e-03 2.29455810e-03 -6.54187286e-03 -4.25560487e-04 -9.68510809e-04 -1.43938828e-02 3.31809446e-02 1.45583693e-03 6.04706677e-03 -1.27075128e-02 5.65401278e-04 -8.50422308e-03 -5.16833737e-03 1.38516501e-02 1.24831712e-02
5.03082294e-03 -7.67028658e-04 5.43192262e-04 -1.34372944e-03 -1.28772626e-05 -1.62015407e-04 -2.07139505e-03 4.69322084e-03 2.22817805e-04 8.38283799e-04 -1.73622696e-03 7.50281179e-05 -1.15313451e-03 -7.01686076e-04 1.87861919e-03 1.69116142e-03
7.42415991e-03 -2.34092912e-03 1.38204847e-03 -4.74755187e-03 -2.84494221e-04 -6.73873466e-04 -9.84683726e-03 2.28617545e-02 9.94794187e-04 4.13975073e-03 -8.68478138e-03 3.84690502e-04 -5.80754085e-03 -3.53075960e-03 9.46055260e-03 8.52352008e-03
-1.95393600e-02 5.87816071e-03 -3.59865115e-03 1.10973055e-02 8.56819795e-04 1.68306031e-03 2.58661602e-02 -6.00233376e-02 -2.53393105e-03 -1.09935841e-02 2.31406577e-02 -1.04071293e-03 1.55237149e-02 9.43034235e-03 -2.52825152e-02 -2.27930564e-02
7.71388784e-03 -2.79663177e-03 1.68671145e-03 -5.49512263e-03 -4.34057525e-04 -8.69243231e-04 -1.30906207e-02 3.04821711e-02 1.28774531e-03 5.58127323e-03 -1.17345490e-02 5.27771539e-04 -7.87437335e-03 -4.78384970e-03 1.28248772e-02 1.15617160e-02
-1.52654175e-05 -2.28107765e-05 -2.38772609e-05 -3.14170829e-05 -4.20553442e-06 -8.58637668e-06 -1.32019020e-04 3.09539086e-04 1.23030022e-05 5.86605202e-05 -1.24592872e-04 5.83068959e-06 -8.42868176e-05 -5.10904283e-05 1.37172348e-04 1.23874095e-04
-3.67604382e-03 1.76980684e-03 -1.29845110e-03 3.02471779e-03 2.30071571e-04 4.51938366e-04 6.64706947e-03 -1.54047552e-02 -6.99123135e-04 -2.80775758e-03 5.85814891e-03 -2.48138414e-04 3.88201256e-03 2.36984412e-03 -6.34519244e-03 -5.69766900e-03
-3.47497733e-03 1.09923212e-03 -7.08653533e-04 2.20113876e-03 1.24748170e-04 3.09733732e-04 4.45627840e-03 -1.02725448e-02 -4.52583714e-04 -1.87532906e-03 3.92933609e-03 -1.73134235e-04 2.62436271e-03 1.59596570e-03 -4.27587470e-03 -3.85134690e-03
7.13067688e-03 -1.77331339e-03 9.73942340e-04 -3.42250336e-03 -1.65637350e-04 -5.01841074e-04 -6.62360433e-03 1.52791161e-02 7.00879027e-04 2.79049296e-03 -5.84067916e-03 2.52461527e-04 -3.87655850e-03 -2.35983240e-03 6.31698128e-03 5.68664772e-03
-8.83766077e-03 2.84830295e-03 -1.77978794e-03 5.16268518e-03 3.72046867e-04 8.19605368e-04 1.23361610e-02 -2.88280174e-02 -1.21173379e-03 -5.18777454e-03 1.09157460e-02 -4.89054713e-04 7.31826015e-03 4.44629928e-03 -1.19190793e-02 -1.07438965e-02
7.46052712e-03 -2.30212463e-03 1.47119281e-03 -4.44113743e-03 -2.89689604e-04 -6.60688791e-04 -9.77077056e-03 2.27323957e-02 9.66073014e-04 4.12736414e-03 -8.66978895e-03 3.87235341e-04 -5.80640882e-03 -3.52827017e-03 9.45692882e-03 8.52362625e-03
1.67433582e-02 -4.91905771e-03 3.06841172e-03 -9.37836245e-03 -6.48667105e-04 -1.39430643e-03 -2.12130360e-02 4.91427258e-02 2.10100575e-03 8.96050222e-03 -1.88508816e-02 8.42179696e-04 -1.26310280e-02 -7.67563796e-03 2.05735434e-02 1.85428876e-02
-3.10840737e-03 1.00185326e-03 -6.03960885e-04 1.84482289e-03 1.30262197e-04 2.87451840e-04 4.30402718e-03 -9.97109059e-03 -4.28917672e-04 -1.82500470e-03 3.83594120e-03 -1.71135165e-04 2.56919907e-03 1.56132679e-03 -4.18472243e-03 -3.77153489e-03
-1.69586744e-02 5.20149712e-03 -3.41481646e-03 9.69599932e-03 6.27690053e-04 1.49029249e-03 2.18892898e-02 -5.07925563e-02 -2.21125456e-03 -9.19316523e-03 1.93240177e-02 -8.61394161e-04 1.29444525e-02 7.86705688e-03 -2.10847445e-02 -1.90012865e-02
2.22251862e-02 -7.04504503e-03 4.46477905e-03 -1.30112860e-02 -1.08474970e-03 -2.02758145e-03 -3.13654393e-02 7.27630183e-02 3.09466920e-03 1.33259958e-02 -2.80620512e-02 1.26294547e-03 -1.88323092e-02 -1.14399036e-02 3.06709632e-02 2.76514590e-02
-7.42048249e-02 2.73455922e-02 -1.70773119e-02 5.15771322e-02 4.83367452e-03 8.30883346e-03 1.31981298e-01 -3.06731492e-01 -1.29155042e-02 -5.63856959e-02 1.18767127e-01 -5.35138603e-03 7.97253549e-02 4.84291725e-02 -1.29845113e-01 -1.17065430e-01
-1.36365937e-02 4.74640122e-03 -2.58174050e-03 8.99770297e-03 6.76862372e-04 1.36142911e-03 2.07564905e-02 -4.83316146e-02 -2.03000824e-03 -8.80742539e-03 1.85399093e-02 -8.34137725e-04 1.24403369e-02 7.55713508e-03 -2.02607475e-02 -1.82659738e-02
1.67463087e-02 -5.60957426e-03 3.48459790e-03 -1.07091628e-02 -7.99102476e-04 -1.63231045e-03 -2.49186400e-02 5.79446442e-02 2.48037977e-03 1.05624814e-02 -2.22130399e-02 9.94803151e-04 -1.48900114e-02 -9.04814061e-03 2.42523383e-02 2.18599401e-02
-2.36124406e-03 8.45711969e-04 -6.47736015e-04 1.76055997e-03 1.61052754e-04 2.78946187e-04 4.42449609e-03 -1.02787837e-02 -4.33104462e-04 -1.88767596e-03 3.97558650e-03 -1.79081064e-04 2.66846083e-03 1.62096531e-03 -4.34598653e-03 -3.91821889e-03
3.97883728e-02 -1.37706622e-02 8.49014148e-03 -2.63594575e-02 -2.44797161e-03 -4.26896429e-03 -6.75116479e-02 1.57014191e-01 6.60749804e-03 2.88623404e-02 -6.07935190e-02 2.73921713e-03 -4.08085436e-02 -2.47891527e-02 6.64630383e-02 5.99215738e-02
-8.27755593e-03 2.67920922e-03 -1.78619334e-03 5.21618500e-03 4.08545777e-04 8.11063219e-04 1.24027953e-02 -2.88397744e-02 -1.21909706e-03 -5.25322743e-03 1.10547571e-02 -4.95998305e-04 7.41271023e-03 4.50341450e-03 -1.20727727e-02 -1.08832074e-02
-3.89273614e-02 1.34771653e-02 -8.11082590e-03 2.58043576e-02 2.20813975e-03 4.00502887e-03 6.29021600e-02 -1.46053165e-01 -6.15532883e-03 -2.68156566e-02 5.64750619e-02 -2.54305708e-03 3.79038528e-02 2.30251364e-02 -6.17321208e-02 -5.56553677e-02
-8.18041153e-03 2.52494006e-03 -1.52255013e-03 4.40407917e-03 2.57479318e-04 6.33342890e-04 9.23621282e-03 -2.13138256e-02 -9.26221837e-04 -3.85035365e-03 8.07138905e-03 -3.55823460e-04 5.39196236e-03 3.27981007e-03 -8.78549553e-03 -7.91340601e-03
-1.91919859e-02 4.64762002e-03 -1.26195478e-03 7.14325346e-03 1.79754483e-04 9.32882889e-04 1.11906771e-02 -2.59981770e-02 -1.17515284e-03 -4.69440548e-03 9.79639776e-03 -4.20045573e-04 6.49659801e-03 3.96166276e-03 -1.05937598e-02 -9.53103695e-03
5.47881331e-03 -1.82468281e-03 7.89768877e-04 -3.26274335e-03 -1.91704690e-04 -4.61072457e-04 -6.79002097e-03 1.57522988e-02 6.68339082e-04 2.87546334e-03 -6.04933035e-03 2.71525205e-04 -4.05614823e-03 -2.46417359e-03 6.60597207e-03 5.95517782e-03
2.38221809e-02 -8.63385759e-03 5.31428773e-03 -1.62898265e-02 -1.45636499e-03 -2.58282688e-03 -4.08930890e-02 9.50819775e-02 4.00108239e-03 1.74526852e-02 -3.67591009e-02 1.65599072e-03 -2.46744230e-02 -1.49884960e-02 4.01859581e-02 3.62306088e-02
-1.94666050e-02 6.14953972e-03 -3.61560984e-03 1.13511365e-02 5.80919441e-04 1.66413700e-03 2.30517741e-02 -5.32890856e-02 -2.36746436e-03 -9.68188699e-03 2.03073807e-02 -8.87695001e-04 1.35185812e-02 8.22411384e-03 -2.20324229e-02 -1.98359378e-02
1.59534439e-03 2.74868216e-04 -1.55316654e-03 1.88297755e-03 3.30309151e-04 2.84263631e-04 6.16792589e-03 -1.43883182e-02 -5.81048545e-04 -2.66175927e-03 5.62645122e-03 -2.57985113e-04 3.79641727e-03 2.30445340e-03 -6.18196605e-03 -5.57723688e-03
8.18457361e-03 -2.49078195e-03 1.98886008e-03 -5.10251615e-03 -3.65068670e-04 -7.59871851e-04 -1.14636226e-02 2.65547782e-02 1.13471854e-03 4.82671196e-03 -1.01722470e-02 4.51414933e-04 -6.80607650e-03 -4.13629506e-03 1.10852886e-02 9.99045279e-03
8.44454207e-03 -2.71398108e-03 1.81548309e-03 -5.38162841e-03 -3.18785897e-04 -7.81930401e-04 -1.13297747e-02 2.64423303e-02 1.15348806e-03 4.78455052e-03 -1.00293588e-02 4.41508833e-04 -6.69733109e-03 -4.07353463e-03 1.09130545e-02 9.82903875e-03
1.32976547e-02 -4.17570677e-03 2.53009307e-03 -7.52461189e-03 -4.18952375e-04 -1.13508699e-03 -1.61040984e-02 3.79231498e-02 1.68124458e-03 6.72352361e-03 -1.40212076e-02 6.13538781e-04 -9.36437771e-03 -5.71081555e-03 1.52834831e-02 1.37458304e-02
2.77878549e-02 -8.68545379e-03 4.99822851e-03 -1.51665080e-02 -1.35400589e-03 -2.46672449e-03 -3.81394103e-02 8.87468606e-02 3.73319979e-03 1.62721928e-02 -3.42713483e-02 1.54319976e-03 -2.29995586e-02 -1.39710372e-02 3.74578983e-02 3.37711088e-02
-5.29701486e-02 1.83127020e-02 -1.08663077e-02 3.64542156e-02 2.82357330e-03 5.41919749e-03 8.38963240e-02 -1.95188835e-01 -8.23769905e-03 -3.57332341e-02 7.52293468e-02 -3.38615943e-03 5.04907221e-02 3.06714773e-02 -8.22310299e-02 -7.41352439e-02
3.69760171e-02 -1.24838119e-02 7.63260666e-03 -2.27029677e-02 -1.95407914e-03 -3.58222960e-03 -5.68220019e-02 1.31825015e-01 5.55897085e-03 2.41745301e-02 -5.09273931e-02 2.29312596e-03 -3.41736749e-02 -2.07589176e-02 5.56568205e-02 5.01786284e-02
-1.01223094e-02 3.70746711e-03 -2.25336617e-03 6.97901705e-03 6.46589557e-04 1.13478233e-03 1.80080384e-02 -4.18240428e-02 -1.76035764e-03 -7.68429600e-03 1.61866918e-02 -7.29364343e-04 1.08655151e-02 6.60025142e-03 -1.76961776e-02 -1.59544796e-02
1.11872777e-02 -4.01074998e-03 2.45859637e-03 -7.59009644e-03 -6.46093278e-04 -1.20425294e-03 -1.86629873e-02 4.33408096e-02 1.83073163e-03 7.94996880e-03 -1.67335253e-02 7.52835418e-04 -1.12282131e-02 -6.82089990e-03 1.82867553e-02 1.64861791e-02
-4.01802221e-03 8.95238132e-04 -4.41129552e-04 1.48741785e-03 9.88353786e-05 2.12751576e-04 3.18123004e-03 -7.46697607e-03 -3.12807329e-04 -1.34900911e-03 2.83951615e-03 -1.27704887e-04 1.90494466e-03 1.15718180e-03 -3.10241571e-03 -2.79695517e-03
1.46465069e-02 -7.55680539e-03 4.25508525e-03 -1.42551381e-02 -1.34258321e-03 -2.30329670e-03 -3.65948007e-02 8.51263255e-02 3.58121283e-03 1.56385358e-02 -3.29378024e-02 1.48412480e-03 -2.21103672e-02 -1.34309726e-02 3.60101238e-02 3.24658640e-02
3.73305986e-03 -9.25636268e-04 5.34192601e-04 -1.63486868e-03 -9.89869950e-05 -2.42734226e-04 -3.65370791e-03 8.45824275e-03 3.60088045e-04 1.54650060e-03 -3.25474935e-03 1.46072343e-04 -2.18225783e-03 -1.32573175e-03 3.55404709e-03 3.20394710e-03
2.19445676e-03 -6.48439571e-04 3.54679156e-04 -1.15563860e-03 -9.37033474e-05 -1.74859873e-04 -2.73814239e-03 6.35027746e-03 2.68101430e-04 1.16644683e-03 -2.45640776e-03 1.10660090e-04 -1.64882257e-03 -1.00157910e-03 2.68535246e-03 2.42104288e-03
6.77607674e-03 -2.06746231e-03 1.21462077e-03 -3.90111096e-03 -2.21073380e-04 -5.81715140e-04 -8.38121586e-03 1.94838047e-02 8.40463210e-04 3.52684059e-03 -7.40673300e-03 3.28751717e-04 -4.95340303e-03 -3.01081431e-03 8.06834176e-03 7.27020344e-03
-2.56170481e-02 7.79034384e-03 -4.74776747e-03 1.50152594e-02 9.94007569e-04 2.21442222e-03 3.37114185e-02 -7.80688375e-02 -3.32645443e-03 -1.41772674e-02 2.97961868e-02 -1.33462413e-03 1.99791715e-02 1.21398754e-02 -3.25419717e-02 -2.93321405e-02
6.45208173e-03 -2.01305049e-03 1.27056637e-03 -3.80644016e-03 -2.40864902e-04 -5.81590692e-04 -8.32574908e-03 1.93059444e-02 8.21525638e-04 3.50615336e-03 -7.36619486e-03 3.28880356e-04 -4.93077375e-03 -2.99611734e-03 8.03079084e-03 7.23854266e-03
-1.55673884e-02 6.15826249e-03 -4.19252040e-03 1.25261713e-02 1.14052626e-03 1.98744074e-03 3.15249488e-02 -7.33298734e-02 -3.08861607e-03 -1.34679722e-02 2.83663459e-02 -1.27794931e-03 1.90405007e-02 1.15661733e-02 -3.10103130e-02 -2.79580895e-02
2.13739015e-02 -6.63258042e-03 3.96805303e-03 -1.20709036e-02 -7.11383997e-04 -1.80594111e-03 -2.58497335e-02 6.10394701e-02 2.70953542e-03 1.08627249e-02 -2.27609724e-02 9.97166382e-04 -1.52234416e-02 -9.28348117e-03 2.48178169e-02 2.23439988e-02
-1.73176955e-02 6.12667250e-03 -3.87901440e-03 1.17439069e-02 9.32987954e-04 1.88226206e-03 2.84420345e-02 -6.61969706e-02 -2.80839740e-03 -1.20653529e-02 2.53820438e-02 -1.13910018e-03 1.70156248e-02 1.03381500e-02 -2.77137961e-02 -2.49823779e-02
-5.58500662e-02 1.79355741e-02 -1.03049390e-02 3.22067514e-02 2.13078572e-03 5.02530672e-03 7.30951577e-02 -1.69077858e-01 -7.24888360e-03 -3.08441091e-02 6.44868761e-02 -2.87639396e-03 4.31669690e-02 2.62379199e-02 -7.03332126e-02 -6.33707494e-02
-1.92823093e-02 7.46181794e-03 -4.68376558e-03 1.47519633e-02 1.36712077e-03 2.36071786e-03 3.74710411e-02 -8.71498436e-02 -3.66803608e-03 -1.60191804e-02 3.37410457e-02 -1.52035407e-03 2.26496384e-02 1.37585234e-02 -3.68884504e-02 -3.32577825e-02
7.28493929e-03 -2.56463978e-03 1.61922514e-03 -5.31123811e-03 -4.38811578e-04 -7.99544097e-04 -1.23992469e-02 2.88090836e-02 1.21460215e-03 5.29375533e-03 -1.11468183e-02 5.02083567e-04 -7.48174265e-03 -4.54481924e-03 1.21851452e-02 1.09857693e-02
2.34614518e-02 -1.36728054e-02 9.41388495e-03 -2.88846884e-02 -2.80695874e-03 -4.70845029e-03 -7.53258318e-02 1.75212860e-01 7.37470109e-03 3.22178118e-02 -6.78656399e-02 3.05813015e-03 -4.55573685e-02 -2.76737995e-02 7.41972700e-02 6.68946132e-02
-1.07259499e-02 2.25847960e-03 -1.08441606e-03 3.30327055e-03 2.90741184e-04 5.29226207e-04 8.35855491e-03 -1.93990320e-02 -8.16970307e-04 -3.56247555e-03 7.50353653e-03 -3.38092097e-04 5.03684860e-03 3.05963168e-03 -8.20328202e-03 -7.39588682e-03
-9.36166756e-03 2.92140944e-03 -2.07460858e-03 5.60165569e-03 3.17142927e-04 8.17184744e-04 1.14619490e-02 -2.64621116e-02 -1.17491267e-03 -4.80926968e-03 1.00789471e-02 -4.42663091e-04 6.72251405e-03 4.08863788e-03 -1.09542031e-02 -9.86475311e-03
1.06335394e-02 -3.39961192e-03 2.03312212e-03 -6.37437077e-03 -5.22167655e-04 -9.87912994e-04 -1.51550658e-02 3.52194309e-02 1.49020960e-03 6.44810731e-03 -1.35767097e-02 6.10735617e-04 -9.10842791e-03 -5.53310337e-03 1.48343015e-02 1.33737754e-02
5.46650309e-03 -1.42797199e-03 8.75984668e-04 -2.66564405e-03 -1.29161490e-04 -3.82639235e-04 -5.39000798e-03 1.25284819e-02 5.41246263e-04 2.26069335e-03 -4.74505965e-03 2.10192986e-04 -3.17010144e-03 -1.92682771e-03 5.16330916e-03 4.65264590e-03
7.75949424e-03 -4.99173254e-03 3.35300597e-03 -1.02437055e-02 -1.00847916e-03 -1.67891092e-03 -2.69100145e-02 6.25954419e-02 2.63428292e-03 1.15123615e-02 -2.42510997e-02 1.09285931e-03 -1.62797645e-02 -9.88911744e-03 2.65141334e-02 2.39045862e-02
1.06086936e-02 -2.78908899e-03 2.38353387e-03 -5.64577058e-03 -3.23916349e-04 -8.32426187e-04 -1.15185501e-02 2.72471700e-02 1.18555455e-03 4.82535735e-03 -1.01237772e-02 4.39214869e-04 -6.72288239e-03 -4.09157900e-03 1.09587926e-02 9.86588746e-03
5.20748179e-03 -1.59643451e-03 1.00277783e-03 -3.19947000e-03 -2.47411372e-04 -4.76152403e-04 -7.35333515e-03 1.70895681e-02 7.23338861e-04 3.12863989e-03 -6.58379961e-03 2.95810227e-04 -4.41617426e-03 -2.68283347e-03 7.19235791e-03 6.48397300e-03
-7.03112409e-03 2.40267627e-03 -1.47137558e-03 4.56155883e-03 3.63643107e-04 6.93692302e-04 1.08895525e-02 -2.52858102e-02 -1.06866553e-03 -4.63438453e-03 9.75675229e-03 -4.39011783e-04 6.54681260e-03 3.97699187e-03 -1.06624197e-02 -9.61267296e-03
-6.47360133e-03 2.54410319e-03 -1.35546958e-03 4.44176421e-03 3.82372295e-04 7.09177984e-04 1.11113284e-02 -2.58049425e-02 -1.08913775e-03 -4.73129842e-03 9.96681582e-03 -4.48738399e-04 6.68784790e-03 4.06255806e-03 -1.08921127e-02 -9.81999468e-03
2.98217218e-03 -1.18505559e-03 9.13101831e-04 -2.41865031e-03 -2.28858567e-04 -3.92048241e-04 -6.23606332e-03 1.44984415e-02 6.10262039e-04 2.66518747e-03 -5.61395613e-03 2.52959609e-04 -3.76850087e-03 -2.28917436e-03 6.13758713e-03 5.53351082e-03
1.79753150e-03 -5.68627554e-04 3.77843855e-04 -1.04424835e-03 -6.67616696e-05 -1.57740680e-04 -2.31189048e-03 5.35352901e-03 2.29888959e-04 9.73519636e-04 -2.04557530e-03 9.12889736e-05 -1.36954070e-03 -8.32209887e-04 2.23059789e-03 2.01042998e-03
2.35718042e-02 -8.09253752e-03 4.88348538e-03 -1.42371021e-02 -1.20077643e-03 -2.32472573e-03 -3.55316736e-02 8.24617893e-02 3.48818186e-03 1.51126562e-02 -3.18259038e-02 1.43148936e-03 -2.13470887e-02 -1.29674422e-02 3.47659476e-02 3.13437209e-02
9.07552429e-03 -2.55099731e-03 1.54459523e-03 -4.48343530e-03 -3.04894173e-04 -7.01414770e-04 -1.02473330e-02 2.37758104e-02 1.01631787e-03 4.32447949e-03 -9.09314677e-03 4.06437495e-04 -6.09321939e-03 -3.70242260e-03 9.92376171e-03 8.94474797e-03
-4.51053679e-02 1.47441877e-02 -8.64614733e-03 2.75101233e-02 2.19607726e-03 4.20713145e-03 6.54638186e-02 -1.51924685e-01 -6.39635138e-03 -2.77793650e-02 5.84909096e-02 -2.63148570e-03 3.92420515e-02 2.38381773e-02 -6.39108196e-02 -5.76189235e-02
3.53898713e-03 -9.92055866e-04 6.24679029e-04 -1.85477326e-03 -1.23218328e-04 -2.78889172e-04 -4.10254672e-03 9.49758478e-03 4.04438528e-04 1.73381600e-03 -3.64582962e-03 1.63304954e-04 -2.44313176e-03 -1.48432667e-03 3.97895742e-03 3.58675304e-03
-2.70259641e-02 7.26683764e-03 -3.34712141e-03 1.23299547e-02 5.04642143e-04 1.82647724e-03 2.55396329e-02 -5.94778843e-02 -2.54980568e-03 -1.06478874e-02 2.23807264e-02 -9.93967871e-04 1.49587356e-02 9.08974558e-03 -2.43610051e-02 -2.19531972e-02
6.54693507e-03 -2.19444674e-03 1.36578083e-03 -4.15128469e-03 -3.19364335e-04 -6.34861644e-04 -9.76822991e-03 2.26447508e-02 9.55830968e-04 4.14038496e-03 -8.71444494e-03 3.91600275e-04 -5.84388245e-03 -3.55003774e-03 9.51755513e-03 8.58023204e-03
2.14603804e-02 -6.52250601e-03 3.79112223e-03 -1.19370176e-02 -9.95922135e-04 -1.81633083e-03 -2.80781556e-02 6.52115941e-02 2.74970871e-03 1.19751226e-02 -2.52219625e-02 1.13518536e-03 -1.69247966e-02 -1.02809314e-02 2.75641270e-02 2.48508900e-02
2.92719994e-03 -1.05501234e-03 3.39045015e-04 -1.62915327e-03 -4.27890554e-05 -2.52615777e-04 -3.20323068e-03 7.42321974e-03 3.36016965e-04 1.33030943e-03 -2.77914712e-03 1.18690434e-04 -1.84315792e-03 -1.12314837e-03 3.00570461e-03 2.70340289e-03
-2.13166699e-04 -3.40138155e-04 3.49299196e-04 -9.35407006e-04 -1.24395112e-04 -1.58599170e-04 -2.73734285e-03 6.40111463e-03 2.63940048e-04 1.18588819e-03 -2.50389474e-03 1.14263246e-04 -1.68618327e-03 -1.02367403e-03 2.74578715e-03 2.47666938e-03
-2.30966806e-02 8.21688771e-03 -5.99638652e-03 1.51546942e-02 1.16174156e-03 2.35418533e-03 3.56945284e-02 -8.28039721e-02 -3.54124373e-03 -1.51517792e-02 3.18627618e-02 -1.42624474e-03 2.13590786e-02 1.29769966e-02 -3.47879231e-02 -3.13555710e-02
-4.06658219e-04 -2.40272770e-04 1.05982625e-04 -4.37874463e-04 -5.74392543e-05 -8.15751700e-05 -1.36455498e-03 3.18453554e-03 1.32455578e-04 5.87264250e-04 -1.23878173e-03 5.60134431e-05 -8.32373102e-04 -5.05578762e-04 1.35567039e-03 1.22234819e-03
-6.63119107e-02 2.05371436e-02 -1.15761533e-02 3.72684002e-02 2.75208033e-03 5.70788980e-03 8.67124721e-02 -2.00743705e-01 -8.52754898e-03 -3.66529785e-02 7.71001726e-02 -3.45703331e-03 5.16719967e-02 3.13944034e-02 -8.41579884e-02 -7.58642107e-02
-2.15585306e-02 7.38823600e-03 -4.31759655e-03 1.37176206e-02 1.17138133e-03 2.18602503e-03 3.43345702e-02 -7.97407627e-02 -3.35377012e-03 -1.46220513e-02 3.07969060e-02 -1.38737482e-03 2.06712373e-02 1.25567606e-02 -3.36662196e-02 -3.03526148e-02
7.93928746e-03 -2.11225776e-03 1.36065576e-03 -3.59185692e-03 -2.07022589e-04 -5.48493816e-04 -7.86377117e-03 1.81402434e-02 8.01264483e-04 3.30054481e-03 -6.92910422e-03 3.06254282e-04 -4.63219034e-03 -2.81628664e-03 7.54608959e-03 6.79831021e-03
-7.04020169e-03 2.12583179e-03 -1.33706955e-03 4.13929485e-03 2.48027063e-04 6.19084574e-04 8.85809399e-03 -2.06885803e-02 -9.10585281e-04 -3.74158751e-03 7.83962104e-03 -3.44328728e-04 5.24109369e-03 3.18887667e-03 -8.54182150e-03 -7.69128883e-03
1.46210119e-02 -4.72703343e-03 3.01565137e-03 -9.43397731e-03 -7.39320763e-04 -1.42882240e-03 -2.18201820e-02 5.07477671e-02 2.14563799e-03 9.29407030e-03 -1.95600819e-02 8.78340041e-04 -1.31162936e-02 -7.96857197e-03 2.13621296e-02 1.92576665e-02
-3.35800387e-02 1.17510930e-02 -7.21198227e-03 2.14370638e-02 1.87146163e-03 3.43506131e-03 5.41301556e-02 -1.25838533e-01 -5.29767945e-03 -2.30969191e-02 4.86468337e-02 -2.19137687e-03 3.26517187e-02 1.98343303e-02 -5.31781316e-02 -4.79440168e-02
1.07824281e-02 -3.39882029e-03 2.08491064e-03 -6.26909174e-03 -4.05457336e-04 -9.52033384e-04 -1.38456067e-02 3.21663022e-02 1.39278534e-03 5.84205240e-03 -1.22665893e-02 5.45026851e-04 -8.20783898e-03 -4.98900097e-03 1.33693479e-02 1.20473001e-02
1.73681974e-02 -6.15422940e-03 3.81256221e-03 -1.19876303e-02 -9.24414140e-04 -1.84349448e-03 -2.81876568e-02 6.54433221e-02 2.79085827e-03 1.19923754e-02 -2.52308436e-02 1.13090524e-03 -1.69155002e-02 -1.02777258e-02 2.75507439e-02 2.48343758e-02
-1.93937048e-02 6.58658659e-03 -3.65796662e-03 1.24915037e-02 9.74358059e-04 1.90006720e-03 2.94646602e-02 -6.84722885e-02 -2.88761687e-03 -1.25163924e-02 2.63446793e-02 -1.18486944e-03 1.76756214e-02 1.07377255e-02 -2.87874006e-02 -2.59526707e-02
1.31294867e-02 -4.34350409e-03 2.77865725e-03 -8.13688152e-03 -5.85762493e-04 -1.25449616e-03 -1.88005809e-02 4.35243137e-02 1.84982910e-03 7.93000218e-03 -1.66791081e-02 7.48739054e-04 -1.11856619e-02 -6.79545011e-03 1.82175115e-02 1.64225679e-02
6.37958199e-03 -8.78826540e-04 6.70944064e-05 -1.16631156e-03 5.22848859e-05 -1.28557891e-04 -9.44603700e-04 2.07221042e-03 1.08055348e-04 3.69258283e-04 -7.61422270e-04 3.21812113e-05 -5.04391908e-04 -3.06930451e-04 8.21252353e-04 7.39057490e-04
1.41006671e-02 -4.67076991e-03 2.80177686e-03 -8.75302777e-03 -6.93593465e-04 -1.35396165e-03 -2.10145954e-02 4.88337763e-02 2.06202082e-03 8.94064363e-03 -1.88175775e-02 8.46245850e-04 -1.26251448e-02 -7.66959088e-03 2.05617901e-02 1.85370389e-02
-2.59141671e-04 1.24397513e-04 -1.01631311e-04 2.64922477e-04 2.69121792e-05 4.38209536e-05 7.04708218e-04 -1.64031552e-03 -6.90334564e-05 -3.01706546e-04 6.35557692e-04 -2.86410104e-05 4.26651532e-04 2.59169406e-04 -6.94869319e-04 -6.26479159e-04
-1.56916827e-02 4.85145627e-03 -2.87200557e-03 9.05359909e-03 7.69010046e-04 1.41988834e-03 2.21022125e-02 -5.13388626e-02 -2.16668169e-03 -9.42835398e-03 1.98544394e-02 -8.93829914e-04 1.33231720e-02 8.09326675e-03 -2.16986444e-02 -1.95626821e-02
-1.46584120e-02 4.83346544e-03 -2.97802128e-03 8.58745351e-03 4.91932326e-04 1.27034925e-03 1.83100365e-02 -4.25201543e-02 -1.82106241e-03 -7.67449383e-03 1.61459297e-02 -7.10611173e-04 1.07562318e-02 6.54209219e-03 -1.75274238e-02 -1.57860592e-02
-9.82339866e-03 3.02184466e-03 -1.96031923e-03 6.30055647e-03 2.85787130e-04 9.02465021e-04 1.22477654e-02 -2.86099706e-02 -1.28055993e-03 -5.04729338e-03 1.05499141e-02 -4.55076690e-04 7.02171912e-03 4.27911570e-03 -1.14530912e-02 -1.03031006e-02
1.71104260e-02 -4.94779088e-03 3.02924123e-03 -8.85158870e-03 -6.01028092e-04 -1.34838768e-03 -1.99000016e-02 4.60314937e-02 1.98118016e-03 8.40308238e-03 -1.76835451e-02 7.87618512e-04 -1.18297869e-02 -7.18902377e-03 1.92676578e-02 1.73649192e-02
1.86491455e-03 -5.18632296e-04 3.43410182e-04 -9.31717339e-04 -5.37532469e-05 -1.40261443e-04 -2.00312654e-03 4.64196922e-03 2.02093128e-04 8.43458984e-04 -1.77221396e-03 7.84689910e-05 -1.18392706e-03 -7.19722069e-04 1.92856113e-03 1.73774827e-03
-1.88426301e-02 4.69520269e-03 -2.79294676e-03 8.16125609e-03 4.58657276e-04 1.22384436e-03 1.71139985e-02 -3.95316109e-02 -1.69996382e-03 -7.21037062e-03 1.51632540e-02 -6.78131822e-04 1.01575330e-02 6.17196131e-03 -1.65440328e-02 -1.49120893e-02
-1.75290201e-02 5.45605784e-03 -3.35163553e-03 1.02113038e-02 7.83354510e-04 1.58196839e-03 2.40223240e-02 -5.57315350e-02 -2.37927190e-03 -1.01821739e-02 2.14308929e-02 -9.58995428e-04 1.43599920e-02 8.72487202e-03 -2.33878009e-02 -2.10815724e-02
3.32024470e-02 -9.61934216e-03 6.15199935e-03 -1.74140576e-02 -1.29229098e-03 -2.70472793e-03 -4.12681885e-02 9.58833173e-02 4.07845806e-03 1.74296889e-02 -3.66955325e-02 1.64807215e-03 -2.46186592e-02 -1.49560003e-02 4.00942378e-02 3.61448936e-02
1.48016606e-02 -5.43782767e-03 3.33428290e-03 -9.97601729e-03 -9.13654978e-04 -1.60067808e-03 -2.53727753e-02 5.89616597e-02 2.48233299e-03 1.08326450e-02 -2.28164736e-02 1.02788769e-03 -1.53150894e-02 -9.30315070e-03 2.49429718e-02 2.24880017e-02
-1.04337162e-03 5.98314451e-04 -3.66647786e-04 1.14808918e-03 1.13725800e-04 1.88862890e-04 3.03111481e-03 -7.05215288e-03 -2.96662765e-04 -1.29727623e-03 2.73288321e-03 -1.23179125e-04 1.83468580e-03 1.11447205e-03 -2.98807584e-03 -2.69399933e-03
1.84027888e-02 -6.14856929e-03 3.71345785e-03 -1.16231600e-02 -4.73873719e-04 -1.71993976e-03 -2.21586619e-02 5.23949414e-02 2.40878155e-03 9.19743441e-03 -1.90896560e-02 8.05481337e-04 -1.26552731e-02 -7.73082580e-03 2.07004622e-02 1.85676441e-02
-5.19770384e-02 1.64335836e-02 -1.05222445e-02 3.01935636e-02 1.15601416e-03 3.86219076e-03 5.41614480e-02 -1.23506382e-01 -5.72260981e-03 -2.23238692e-02 4.68047895e-02 -1.92639220e-03 3.08833532e-02 1.89163461e-02 -5.05557209e-02 -4.53613177e-02
-7.81653821e-03 4.06173244e-03 -2.81037157e-03 8.52648914e-03 8.20860267e-04 1.38105045e-03 2.20716931e-02 -5.13374507e-02 -2.16123322e-03 -9.43828467e-03 1.98809542e-02 -8.95811361e-04 1.33456578e-02 8.10682494e-03 -2.17354707e-02 -1.95961930e-02
-2.61715148e-03 3.21595056e-04 -8.25167808e-05 3.85684718e-04 -1.25424231e-05 4.94397100e-05 4.63170873e-04 -1.14684377e-03 -4.50855659e-05 -1.79240960e-04 3.72125913e-04 -1.61350381e-05 2.46935670e-04 1.50140186e-04 -4.02068370e-04 -3.62161372e-04
-2.23699119e-03 1.70424883e-03 -1.26047689e-03 3.70847597e-03 3.79494770e-04 6.12185453e-04 9.91612393e-03 -2.30814070e-02 -9.70201218e-04 -4.24710475e-03 8.94723088e-03 -4.03350597e-04 6.00711768e-03 3.64899472e-03 -9.78356227e-03 -8.82070884e-03
-1.91497840e-02 6.92644296e-03 -4.74616606e-03 1.37393987e-02 1.20575901e-03 2.14560400e-03 3.38279270e-02 -7.86770955e-02 -3.32095334e-03 -1.44362664e-02 3.04038953e-02 -1.36855291e-03 2.04027984e-02 1.23939887e-02 -3.32289673e-02 -2.99577862e-02
1.20530548e-02 -3.47113539e-03 2.72887736e-03 -6.37400756e-03 -2.77231797e-04 -9.14083328e-04 -1.22233909e-02 2.82741934e-02 1.29559613e-03 5.04748570e-03 -1.05707310e-02 4.48445993e-04 -7.00837653e-03 -4.26987791e-03 1.14264572e-02 1.02763698e-02
-8.33593588e-03 3.04274890e-03 -1.90838042e-03 5.87360514e-03 5.20062342e-04 9.27338901e-04 1.45978481e-02 -3.39391232e-02 -1.42964453e-03 -6.22560689e-03 1.31116342e-02 -5.90419222e-04 8.79950076e-03 5.34531241e-03 -1.43312626e-02 -1.29205910e-02
8.99240933e-03 -2.42430554e-03 1.30714069e-03 -4.15884517e-03 -3.54911346e-04 -6.54900621e-04 -1.02417888e-02 2.37946846e-02 1.00292009e-03 4.37162537e-03 -9.20735765e-03 4.14832408e-04 -6.18034182e-03 -3.75424977e-03 1.00656217e-02 9.07492172e-03
2.72543309e-03 2.25612405e-03 -1.87808170e-03 5.58859017e-03 5.90211945e-04 9.23898362e-04 1.52038299e-02 -3.54029536e-02 -1.48864975e-03 -6.50995318e-03 1.37148639e-02 -6.18163263e-04 9.20768455e-03 5.59319789e-03 -1.49961868e-02 -1.35202585e-02
-1.19347693e-02 3.62181896e-03 -2.68146815e-03 7.48108979e-03 5.87775197e-04 1.15265837e-03 1.74930431e-02 -4.06687073e-02 -1.72409287e-03 -7.45890522e-03 1.56922452e-02 -7.05694605e-04 1.05280215e-02 6.39580423e-03 -1.71466991e-02 -1.54580800e-02
-3.77026736e-03 6.08924660e-04 -3.64690524e-04 1.46384910e-03 6.26948968e-05 1.46433624e-04 2.21029087e-03 -5.14272880e-03 -2.18582165e-04 -9.35141230e-04 1.96746737e-03 -8.84207184e-05 1.31989154e-03 8.01802787e-04 -2.14959774e-03 -1.93793897e-03
1.94559991e-03 -1.99443894e-05 -2.10540791e-04 4.26665327e-04 9.79845354e-05 1.08650740e-04 1.86991063e-03 -4.43842588e-03 -1.82478849e-04 -8.24566057e-04 1.73820078e-03 -7.84642689e-05 1.16755452e-03 7.09225191e-04 -1.90161704e-03 -1.71451562e-03
-1.06905084e-02 3.25930421e-03 -1.95733225e-03 6.39595138e-03 5.25468960e-04 9.48440575e-04 1.50480270e-02 -3.49616483e-02 -1.47324009e-03 -6.42529223e-03 1.35337263e-02 -6.09689741e-04 9.08413343e-03 5.51817007e-03 -1.47948666e-02 -1.33386748e-02
-1.08104413e-02 3.92150925e-03 -2.38899165e-03 7.55873509e-03 6.26622234e-04 1.18077884e-03 1.83060970e-02 -4.25835811e-02 -1.78977591e-03 -7.79486122e-03 1.64040904e-02 -7.38316972e-04 1.10070445e-02 6.68635452e-03 -1.79263987e-02 -1.61616765e-02
1.08670397e-02 -3.61098070e-03 2.32198066e-03 -6.64946577e-03 -5.26869495e-04 -1.03464234e-03 -1.57689713e-02 3.65737975e-02 1.54544530e-03 6.69340184e-03 -1.40895750e-02 6.33735035e-04 -9.45294555e-03 -5.74238552e-03 1.53953414e-02 1.38795460e-02
-1.30951721e-02 4.09267517e-03 -3.04809376e-03 8.19079857e-03 6.24161214e-04 1.22605253e-03 1.89161394e-02 -4.38835472e-02 -1.86535518e-03 -8.04889761e-03 1.69383734e-02 -7.61084899e-04 1.13616372e-02 6.90228399e-03 -1.85042173e-02 -1.66815594e-02
3.78053403e-03 -1.05222513e-03 5.05039294e-04 -1.59821298e-03 -1.29607652e-04 -2.53031991e-04 -3.89179541e-03 9.06576309e-03 3.80600337e-04 1.65810657e-03 -3.49212182e-03 1.57286224e-04 -2.34375848e-03 -1.42372551e-03 3.81716061e-03 3.44144623e-03
3.80782713e-03 -1.01926760e-03 6.60285703e-04 -2.35346751e-03 -1.32726156e-04 -3.00907210e-04 -4.40499978e-03 1.02026984e-02 4.34700865e-04 1.86321768e-03 -3.91260069e-03 1.75654684e-04 -2.62456317e-03 -1.59453787e-03 4.27457644e-03 3.85336182e-03
2.18847767e-02 -7.53286155e-03 4.36572451e-03 -1.41016273e-02 -1.16377894e-03 -2.15396029e-03 -3.35105471e-02 7.76479542e-02 3.28371511e-03 1.42531106e-02 -3.00110616e-02 1.35058793e-03 -2.01366041e-02 -1.22322869e-02 3.27953734e-02 2.95668636e-02
1.99764669e-02 -6.10956643e-03 3.61440843e-03 -1.13167353e-02 -1.01225462e-03 -1.78930070e-03 -2.82676294e-02 6.57155365e-02 2.76586413e-03 1.20754261e-02 -2.54343860e-02 1.14602363e-03 -1.70733929e-02 -1.03712277e-02 2.78066434e-02 2.50698328e-02
-2.41925269e-02 7.64783798e-03 -4.92127379e-03 1.47927878e-02 1.21305895e-03 2.34511285e-03 3.60702053e-02 -8.38226080e-02 -3.52827576e-03 -1.53529905e-02 3.23294103e-02 -1.45574077e-03 2.16957815e-02 1.31792678e-02 -3.53347287e-02 -3.18565369e-02
2.25809170e-03 -6.05756417e-04 4.52566746e-04 -1.21532101e-03 -6.74294715e-05 -1.76935515e-04 -2.49450072e-03 5.85037610e-03 2.62879097e-04 1.03992515e-03 -2.16566166e-03 9.28227309e-05 -1.44311762e-03 -8.79539235e-04 2.35304842e-03 2.11611460e-03
-7.33490754e-03 1.58591126e-03 -8.90999858e-04 2.97382590e-03 1.65501580e-04 4.07363172e-04 5.90959471e-03 -1.37455221e-02 -5.77986822e-04 -2.49485089e-03 5.24994731e-03 -2.35837346e-04 3.52047454e-03 2.13860325e-03 -5.73348021e-03 -5.16892038e-03
-4.44855914e-03 1.28828001e-03 -8.63865716e-04 2.55729561e-03 1.88179241e-04 3.72175098e-04 5.76969888e-03 -1.33976983e-02 -5.69704396e-04 -2.44958024e-03 5.15594892e-03 -2.31446931e-04 3.45721166e-03 2.10032123e-03 -5.63060818e-03 -5.07587660e-03
-2.52033724e-03 9.86656640e-04 -6.69556379e-04 1.98506191e-03 1.68866638e-04 3.09726282e-04 4.83003864e-03 -1.12216640e-02 -4.74534521e-04 -2.05919519e-03 4.33552405e-03 -1.95041284e-04 2.90895067e-03 1.76711450e-03 -4.73765098e-03 -4.27118735e-03
3.11982855e-02 -1.09000150e-02 6.70406222e-03 -2.08525658e-02 -1.82837166e-03 -3.25543387e-03 -5.13163544e-02 1.19390078e-01 5.02737518e-03 2.19127499e-02 -4.61495742e-02 2.07885308e-03 -3.09758894e-02 -1.88163817e-02 5.04488237e-02 4.54832651e-02
-4.17695520e-03 1.07334228e-03 -5.10061509e-04 1.93325337e-03 7.44853896e-05 2.63324269e-04 3.51636065e-03 -8.11720826e-03 -3.50430462e-04 -1.46872504e-03 3.07792681e-03 -1.36662071e-04 2.05823034e-03 1.25099148e-03 -3.35230213e-03 -3.02097271e-03
-3.34648751e-02 9.77817178e-03 -5.85364923e-03 1.83146037e-02 1.36739574e-03 2.73394608e-03 4.16789688e-02 -9.69228595e-02 -4.12173849e-03 -1.77369192e-02 3.73200066e-02 -1.67493417e-03 2.50232387e-02 1.52023518e-02 -4.07544672e-02 -3.67392786e-02
1.96815953e-02 -6.64782990e-03 3.86136933e-03 -1.18390629e-02 -9.58381686e-04 -1.90054416e-03 -2.90959254e-02 6.77127764e-02 2.85248831e-03 1.23835681e-02 -2.60715336e-02 1.17297727e-03 -1.74921881e-02 -1.06259119e-02 2.84883827e-02 2.56836955e-02
7.93798268e-03 -2.93246773e-03 2.06414214e-03 -5.83568215e-03 -4.80412826e-04 -8.97823775e-04 -1.41068753e-02 3.27589214e-02 1.38371950e-03 6.01075916e-03 -1.26587711e-02 5.69870928e-04 -8.49533360e-03 -5.16055478e-03 1.38358362e-02 1.24738347e-02
-1.31594073e-02 4.64572618e-03 -2.74331821e-03 8.63517262e-03 7.02078512e-04 1.32410403e-03 2.07522437e-02 -4.81807329e-02 -2.03640899e-03 -8.81269202e-03 1.85577590e-02 -8.35054729e-04 1.24533940e-02 7.56503688e-03 -2.02820115e-02 -1.82853155e-02
1.80863924e-02 -7.65455840e-03 4.48633591e-03 -1.45605523e-02 -1.24392426e-03 -2.28369934e-03 -3.57607305e-02 8.31432939e-02 3.50017264e-03 1.52612403e-02 -3.21324766e-02 1.44702347e-03 -2.15658769e-02 -1.31003521e-02 3.51233073e-02 3.16660143e-02
