1.06073823e-02 -2.07577134e-03 9.85680800e-03 -4.66637313e-03 -7.14870589e-03 1.69234909e-03 -2.56053228e-02 4.85618562e-02 -2.20744731e-03 1.03645353e-02 -1.60733126e-02 -3.38973175e-03 -1.07178148e-02 -7.03202328e-03 1.53874727e-02 1.33532966e-02
1.85443892e-03 6.65776897e-05 -2.64126738e-03 1.01804791e-03 2.06879945e-03 -5.05785167e-04 7.29185715e-03 -1.39583088e-02 6.49276946e-04 -2.99658487e-03 4.65254486e-03 9.85393417e-04 3.10948095e-03 2.04140437e-03 -4.46790457e-03 -3.87821649e-03
5.92576945e-03 -1.25068799e-03 4.41011228e-03 -2.57948902e-03 -3.16438824e-03 7.28122774e-04 -1.14668719e-02 2.17611231e-02 -9.66414402e-04 4.60024318e-03 -7.12218927e-03 -1.49500603e-03 -4.74043330e-03 -3.10754706e-03 6.79807924e-03 5.89737715e-03
-1.41598247e-02 2.56493129e-03 -1.09628495e-02 5.16043697e-03 7.94443861e-03 -1.89143186e-03 2.82776300e-02 -5.38191088e-02 2.47114152e-03 -1.14991171e-02 1.78348813e-02 3.76947876e-03 1.19047221e-02 7.81338010e-03 -1.70990434e-02 -1.48407603e-02
6.32616878e-03 -1.43938337e-03 6.97136810e-03 -3.28142266e-03 -5.14045171e-03 1.21123763e-03 -1.82609707e-02 3.48723717e-02 -1.59675954e-03 7.44536612e-03 -1.15313372e-02 -2.43775221e-03 -7.70006469e-03 -5.05376142e-03 1.10593671e-02 9.59846657e-03
1.15137060e-04 -4.66494093e-05 3.11651587e-04 -1.38967240e-04 -2.41164322e-04 5.75551021e-05 -8.59975815e-04 1.63950084e-03 -7.49442770e-05 3.50115297e-04 -5.42947499e-04 -1.14555311e-04 -3.62275692e-04 -2.37688975e-04 5.20109956e-04 4.51347791e-04
-3.10918805e-03 1.11533306e-03 -1.52708578e-03 1.36442541e-03 7.79033406e-04 -7.86664023e-05 3.32962233e-03 -6.05464308e-03 1.66521539e-04 -1.23994320e-03 1.89825334e-03 3.33998585e-04 1.18143600e-03 7.59851246e-04 -1.66377285e-03 -1.41665619e-03
-2.76475190e-03 6.13160606e-04 -1.97741785e-03 1.18191517e-03 1.38272578e-03 -3.13857483e-04 5.01318183e-03 -9.44621395e-03 4.20500495e-04 -2.01236783e-03 3.11352289e-03 6.51962182e-04 2.06978666e-03 1.35641079e-03 -2.96720909e-03 -2.57353927e-03
5.70566161e-03 -1.04789750e-03 2.71249213e-03 -1.54922006e-03 -1.87140447e-03 4.20704513e-04 -6.78062951e-03 1.28192659e-02 -5.67886687e-04 2.73784064e-03 -4.24451195e-03 -8.84872046e-04 -2.81257415e-03 -1.84261694e-03 4.02950728e-03 3.49506433e-03
-6.49898918e-03 1.34632690e-03 -4.64545796e-03 2.17977120e-03 3.27652064e-03 -7.59711838e-04 1.18431319e-02 -2.26419698e-02 1.00876461e-03 -4.73251846e-03 7.33835204e-03 1.54754310e-03 4.89415880e-03 3.21061350e-03 -7.02543650e-03 -6.09655539e-03
5.78447664e-03 -1.26948277e-03 4.54984047e-03 -2.32118857e-03 -3.26844840e-03 7.61432981e-04 -1.17133958e-02 2.23099738e-02 -1.00844458e-03 4.73349169e-03 -7.33330566e-03 -1.54537661e-03 -4.88807680e-03 -3.20650428e-03 7.01615214e-03 6.08850457e-03
1.36518236e-02 -2.55946000e-03 9.97576304e-03 -4.90589067e-03 -7.16431579e-03 1.69244502e-03 -2.56660879e-02 4.87150550e-02 -2.21361243e-03 1.03706028e-02 -1.60852708e-02 -3.39193223e-03 -1.07274568e-02 -7.03799026e-03 1.54001219e-02 1.33639108e-02
-2.89637456e-03 6.31663133e-04 -2.56081345e-03 1.20736926e-03 1.84207561e-03 -4.32272151e-04 6.58585737e-03 -1.25016859e-02 5.68088552e-04 -2.66963406e-03 4.13782615e-03 8.71701457e-04 2.75806268e-03 1.80924125e-03 -3.95867322e-03 -3.43509275e-03
-1.38245095e-02 2.92580854e-03 -1.07156038e-02 5.23853395e-03 7.59023195e-03 -1.75955088e-03 2.73358002e-02 -5.19066565e-02 2.32420000e-03 -1.09822331e-02 1.70236919e-02 3.58724431e-03 1.13522951e-02 7.44638219e-03 -1.62929092e-02 -1.41372187e-02
1.69602018e-02 -3.21090128e-03 1.26389358e-02 -5.74487075e-03 -8.98217782e-03 2.13690428e-03 -3.20515223e-02 6.09233119e-02 -2.78773927e-03 1.30020883e-02 -2.01699063e-02 -4.26469930e-03 -1.34680746e-02 -8.83951038e-03 1.93449352e-02 1.67901460e-02
-5.58641106e-02 1.24988705e-02 -6.94686323e-02 2.92243212e-02 5.16457334e-02 -1.24865146e-02 1.83098748e-01 -3.49322766e-01 1.61412098e-02 -7.48686865e-02 1.16161808e-01 2.45765597e-02 7.75907263e-02 5.09312265e-02 -1.11464374e-01 -9.67469811e-02
-9.53400973e-03 2.02815654e-03 -8.46662559e-03 4.24962072e-03 6.22933684e-03 -1.47421914e-03 2.22271178e-02 -4.24128436e-02 1.93610846e-03 -9.01030283e-03 1.39731541e-02 2.95399129e-03 9.32910107e-03 6.12293649e-03 -1.33996746e-02 -1.16300369e-02
1.37288235e-02 -3.00170388e-03 1.10629015e-02 -5.52511727e-03 -7.97250215e-03 1.86844042e-03 -2.85755806e-02 5.43981008e-02 -2.45090085e-03 1.15416357e-02 -1.78860482e-02 -3.76982102e-03 -1.19260186e-02 -7.82409590e-03 1.71182193e-02 1.48540679e-02
-1.76974246e-03 3.81665217e-04 -1.83166761e-03 8.20579648e-04 1.34123676e-03 -3.21722502e-04 4.76874737e-03 -9.07803234e-03 4.17859061e-04 -1.94169476e-03 3.01195332e-03 6.37013116e-04 2.01136386e-03 1.32021285e-03 -2.88927462e-03 -2.50775507e-03
2.77785026e-02 -5.15025482e-03 3.11260596e-02 -1.31631093e-02 -2.33195834e-02 5.62927686e-03 -8.25834796e-02 1.57679036e-01 -7.28650065e-03 3.37934010e-02 -5.24319448e-02 -1.10929227e-02 -3.50214802e-02 -2.29883939e-02 5.03107235e-02 4.36678566e-02
-7.58310501e-03 1.57281931e-03 -7.53318844e-03 3.47934221e-03 5.48134558e-03 -1.29860698e-03 1.95933096e-02 -3.73312607e-02 1.70057092e-03 -7.93712772e-03 1.23096351e-02 2.59922189e-03 8.21313355e-03 5.38958097e-03 -1.17942048e-02 -1.02359084e-02
-3.29343975e-02 7.39880651e-03 -3.95223573e-02 1.76096372e-02 2.93710474e-02 -7.07011949e-03 1.04240142e-01 -1.98683903e-01 9.16509237e-03 -4.25445475e-02 6.60066754e-02 1.39616244e-02 4.40829247e-02 2.89353766e-02 -6.33249283e-02 -5.49630709e-02
-6.59113983e-03 1.49856671e-03 -4.27775644e-03 2.32268707e-03 3.00568505e-03 -6.91211491e-04 1.09448936e-02 -2.06642244e-02 9.19166254e-04 -4.36958019e-03 6.76585780e-03 1.41943851e-03 4.50195745e-03 2.95190117e-03 -6.45673415e-03 -5.60092460e-03
-9.76445898e-03 1.01377815e-03 4.97938134e-03 -1.02597801e-03 -3.93035542e-03 1.00186083e-03 -1.37374988e-02 2.63149627e-02 -1.24603685e-03 5.67113189e-03 -8.81115254e-03 -1.87772629e-03 -5.91064012e-03 -3.88015923e-03 8.49758834e-03 7.38000358e-03
2.78063584e-03 -4.94440144e-04 3.46566230e-04 -5.37673477e-04 -2.07905556e-04 3.59431870e-05 -7.86938239e-04 1.44756748e-03 -5.97244725e-05 2.94533413e-04 -4.54178866e-04 -9.45109496e-05 -3.00307991e-04 -1.96675654e-04 4.30094631e-04 3.73042276e-04
1.63183808e-02 -3.60492873e-03 1.81981344e-02 -7.88930897e-03 -1.34500572e-02 3.24167358e-03 -4.77085710e-02 9.10283849e-02 -4.19738563e-03 1.94782466e-02 -3.02197002e-02 -6.39298791e-03 -2.01843549e-02 -1.32488618e-02 2.89953426e-02 2.51667779e-02
-1.64880529e-02 3.63375200e-03 -1.05644083e-02 6.33071177e-03 7.27522373e-03 -1.60661747e-03 2.65348125e-02 -5.00603467e-02 2.19439878e-03 -1.06112249e-02 1.64584368e-02 3.42374900e-03 1.08947195e-02 7.13436585e-03 -1.56077631e-02 -1.35310106e-02
-7.99058471e-04 6.76191819e-04 -5.15122293e-03 2.30561360e-03 3.59381945e-03 -8.39583925e-04 1.28120612e-02 -2.43549142e-02 1.10378873e-03 -5.20358840e-03 8.06676317e-03 1.69538695e-03 5.36823412e-03 3.52039561e-03 -7.70256622e-03 -6.68306416e-03
6.93171658e-03 -1.47315301e-03 4.90744784e-03 -2.54820567e-03 -3.38709913e-03 7.83819065e-04 -1.22441240e-02 2.31703483e-02 -1.04025472e-03 4.89931786e-03 -7.62132416e-03 -1.59933849e-03 -5.06759435e-03 -3.32313962e-03 7.26971822e-03 6.30723499e-03
7.01996032e-03 -1.55344233e-03 5.03394939e-03 -2.90983263e-03 -3.47964233e-03 7.85991666e-04 -1.26081156e-02 2.40493063e-02 -1.05305074e-03 5.06658806e-03 -7.83981569e-03 -1.63755729e-03 -5.20570530e-03 -3.41081154e-03 7.46031152e-03 6.46947278e-03
1.10922083e-02 -2.63540098e-03 8.34499486e-03 -4.38149273e-03 -5.87927829e-03 1.33944163e-03 -2.14800760e-02 4.11826484e-02 -1.77717314e-03 8.59006494e-03 -1.32512152e-02 -2.77605630e-03 -8.82857479e-03 -5.79239707e-03 1.26657719e-02 1.09773735e-02
1.24289226e-02 -1.93333765e-03 4.35684249e-03 -1.88230467e-03 -2.96318601e-03 6.92513946e-04 -1.05462149e-02 2.01293528e-02 -9.21343395e-04 4.28539049e-03 -6.64846413e-03 -1.40509114e-03 -4.43700468e-03 -2.91219307e-03 6.37327507e-03 5.53174037e-03
-3.70834842e-02 8.07476789e-03 -3.83675322e-02 1.88622344e-02 2.83255279e-02 -6.76499167e-03 1.00579835e-01 -1.91941753e-01 8.81310552e-03 -4.09848839e-02 6.35648668e-02 1.34433750e-02 4.24530320e-02 2.78637037e-02 -6.09785616e-02 -5.29256761e-02
2.72402316e-02 -5.79288229e-03 2.61812061e-02 -1.12687908e-02 -1.91635899e-02 4.61459579e-03 -6.81479350e-02 1.29682034e-01 -5.97010786e-03 2.77301520e-02 -4.30373400e-02 -9.10031516e-03 -2.87327636e-02 -1.88599266e-02 4.12750430e-02 3.58250067e-02
-8.98881350e-03 1.96116534e-03 -1.28205661e-02 5.36879897e-03 9.63231456e-03 -2.32847547e-03 3.41581255e-02 -6.51454404e-02 3.00955027e-03 -1.39581608e-02 2.16579512e-02 4.58218716e-03 1.44663407e-02 9.49583668e-03 -2.07819194e-02 -1.80379469e-02
8.75397772e-03 -2.04821816e-03 9.35493503e-03 -4.20047622e-03 -6.90701511e-03 1.64711569e-03 -2.45631561e-02 4.67804670e-02 -2.14964407e-03 1.00041972e-02 -1.55129107e-02 -3.27929622e-03 -1.03570381e-02 -6.79750042e-03 1.48758031e-02 1.29110962e-02
-3.47550772e-03 6.23134954e-04 -3.77646252e-03 1.63462746e-03 2.82936846e-03 -6.83428312e-04 1.00308452e-02 -1.91715453e-02 8.83943983e-04 -4.10154602e-03 6.36366382e-03 1.34624692e-03 4.25038114e-03 2.78994138e-03 -6.10584253e-03 -5.29962359e-03
8.62519071e-03 -2.10527354e-03 7.35814031e-03 -3.65462014e-03 -5.31031657e-03 1.25848176e-03 -1.89737212e-02 3.61829288e-02 -1.65279279e-03 7.68826623e-03 -1.19143436e-02 -2.51993188e-03 -7.95724522e-03 -5.22280205e-03 1.14297746e-02 9.92046297e-03
2.55073304e-03 -4.03623329e-04 1.70580531e-03 -7.77051086e-04 -1.23397761e-03 2.94425176e-04 -4.38570883e-03 8.34688451e-03 -3.83493520e-04 1.78483361e-03 -2.76887743e-03 -5.85239264e-04 -1.84834190e-03 -1.21309934e-03 2.65478389e-03 2.30416702e-03
1.04329840e-03 -1.68311264e-04 6.11317577e-04 -2.84802722e-04 -4.46995080e-04 1.07288812e-04 -1.58688135e-03 3.02014407e-03 -1.39297132e-04 6.46868604e-04 -1.00347481e-03 -2.12286846e-04 -6.70235604e-04 -4.39940603e-04 9.62817983e-04 8.35687562e-04
5.02668275e-03 -9.59893863e-04 2.72777723e-03 -1.58874097e-03 -1.88136625e-03 4.20589320e-04 -6.83571724e-03 1.29693821e-02 -5.70697419e-04 2.72636581e-03 -4.22303565e-03 -8.84533103e-04 -2.80654361e-03 -1.83922565e-03 4.02328372e-03 3.48997698e-03
-2.10565180e-02 4.09412244e-03 -1.50010660e-02 7.75542576e-03 1.08127724e-02 -2.53446680e-03 3.89499217e-02 -7.37797469e-02 3.32821230e-03 -1.56264622e-02 2.42021568e-02 5.10765752e-03 1.61486436e-02 1.05961394e-02 -2.31864769e-02 -2.01207325e-02
5.30923437e-03 -1.14524679e-03 3.57490662e-03 -1.92037108e-03 -2.52479897e-03 5.68898453e-04 -9.10355803e-03 1.72577444e-02 -7.75433320e-04 3.65339499e-03 -5.66006638e-03 -1.19077181e-03 -3.76711786e-03 -2.47118482e-03 5.40700834e-03 4.69203573e-03
-1.59988720e-02 3.63727519e-03 -2.31127013e-02 1.00630997e-02 1.71778202e-02 -4.14485391e-03 6.08813800e-02 -1.16235651e-01 5.36215631e-03 -2.48868577e-02 3.86109948e-02 8.16804171e-03 2.57883705e-02 1.69273727e-02 -3.70458476e-02 -3.21543068e-02
1.76384803e-02 -3.96468164e-03 1.16695128e-02 -6.33144472e-03 -8.20501521e-03 1.86343514e-03 -2.97684930e-02 5.73765859e-02 -2.46996596e-03 1.19364671e-02 -1.84629336e-02 -3.86871072e-03 -1.23117678e-02 -8.08173511e-03 1.76426992e-02 1.53014548e-02
-1.46292895e-02 3.12635629e-03 -1.27388630e-02 6.05439302e-03 9.18332394e-03 -2.12683110e-03 3.29527073e-02 -6.27929717e-02 2.82935286e-03 -1.32935466e-02 2.06037406e-02 4.34289128e-03 1.37297427e-02 9.00897104e-03 -1.97128784e-02 -1.71065778e-02
-4.39304113e-02 1.00478046e-02 -3.18216607e-02 1.61146708e-02 2.28993502e-02 -5.24316309e-03 8.28343332e-02 -1.56672001e-01 7.03161350e-03 -3.33488956e-02 5.14193848e-02 1.08179254e-02 3.42429206e-02 2.24624481e-02 -4.91589792e-02 -4.26432043e-02
-1.35024562e-02 2.81622959e-03 -1.77196320e-02 7.67891202e-03 1.33248605e-02 -3.21850204e-03 4.71977778e-02 -9.01140720e-02 4.16340958e-03 -1.93109401e-02 2.99605597e-02 6.33883709e-03 2.00123638e-02 1.31362705e-02 -2.87490841e-02 -2.49531362e-02
6.27977680e-03 -1.34228054e-03 7.14915153e-03 -3.43927182e-03 -5.32367686e-03 1.27432635e-03 -1.88725181e-02 3.59908678e-02 -1.66087248e-03 7.71117676e-03 -1.19610820e-02 -2.53017223e-03 -7.98848365e-03 -5.24359662e-03 1.14756618e-02 9.96038876e-03
2.32704878e-02 -6.73851697e-03 4.00019437e-02 -1.65573601e-02 -2.98620854e-02 7.23556662e-03 -1.05788566e-01 2.01987267e-01 -9.33629181e-03 4.32945080e-02 -6.71760291e-02 -1.42129697e-02 -4.48714681e-02 -2.94540524e-02 6.44610673e-02 5.59498556e-02
-1.41338143e-03 -4.13983216e-04 5.98121062e-03 -2.49553239e-03 -4.55732225e-03 1.10606861e-03 -1.61404014e-02 3.08345333e-02 -1.42577675e-03 6.61097793e-03 -1.02577955e-02 -2.17034109e-03 -6.85192598e-03 -4.49767243e-03 9.84329171e-03 8.54361895e-03
-7.94163626e-03 1.87017466e-03 -5.83239645e-03 3.25448485e-03 4.01778379e-03 -8.98896018e-04 1.45788323e-02 -2.75331642e-02 1.21844641e-03 -5.84666478e-03 9.05576069e-03 1.89374830e-03 6.01386977e-03 3.94060463e-03 -8.62107053e-03 -7.47641828e-03
7.82834180e-03 -1.53001072e-03 6.70229923e-03 -3.11289076e-03 -4.88993712e-03 1.16337079e-03 -1.74066108e-02 3.31737697e-02 -1.52108097e-03 7.08281295e-03 -1.09877456e-02 -2.32231151e-03 -7.33418670e-03 -4.81361616e-03 1.05343172e-02 9.14308708e-03
4.12738882e-03 -7.64586381e-04 2.41211453e-03 -1.28212641e-03 -1.68462412e-03 3.88959044e-04 -6.06164942e-03 1.15301004e-02 -5.18071058e-04 2.44304375e-03 -3.78704676e-03 -7.96543085e-04 -2.52099964e-03 -1.65344449e-03 3.61766457e-03 3.13911494e-03
8.32363963e-03 -2.03960808e-03 1.03104385e-02 -4.94858343e-03 -7.69345183e-03 1.84025313e-03 -2.73086280e-02 5.20690642e-02 -2.39428249e-03 1.11273425e-02 -1.72595643e-02 -3.65015119e-03 -1.15253357e-02 -7.56511046e-03 1.65560897e-02 1.43698566e-02
9.86321457e-03 -1.90360309e-03 7.32111651e-03 -3.76133085e-03 -5.08937053e-03 1.14929734e-03 -1.83848925e-02 3.53283472e-02 -1.55428424e-03 7.40979379e-03 -1.15046529e-02 -2.40403740e-03 -7.62843806e-03 -5.00104250e-03 1.09410984e-02 9.49059799e-03
4.31957375e-03 -8.05683900e-04 3.65812192e-03 -1.79660320e-03 -2.68092589e-03 6.38566387e-04 -9.54170153e-03 1.81836989e-02 -8.32916121e-04 3.88257764e-03 -6.02037273e-03 -1.27192307e-03 -4.01802128e-03 -2.63691857e-03 5.77052776e-03 5.00828121e-03
-4.95252851e-03 1.10648177e-03 -4.50895168e-03 2.11612904e-03 3.30406707e-03 -7.90647115e-04 1.17431572e-02 -2.23579090e-02 1.02635880e-03 -4.77707060e-03 7.40913209e-03 1.56629598e-03 4.94645257e-03 3.24654067e-03 -7.10488809e-03 -6.16657920e-03
-1.94804685e-03 3.17701342e-04 2.63643474e-03 -1.00642932e-03 -2.12801690e-03 5.26997494e-04 -7.48764211e-03 1.43726608e-02 -6.70948648e-04 3.09832930e-03 -4.80524637e-03 -1.01802242e-03 -3.21326870e-03 -2.10940349e-03 4.61661397e-03 4.00712248e-03
3.80432047e-03 -9.27812536e-04 6.58617634e-03 -2.74325907e-03 -4.91935154e-03 1.19029824e-03 -1.74303129e-02 3.32721435e-02 -1.53770193e-03 7.13130552e-03 -1.10648926e-02 -2.34103459e-03 -7.39086047e-03 -4.85142320e-03 1.06174797e-02 9.21558309e-03
1.19460141e-03 -2.48243392e-04 6.70017907e-04 -3.62557184e-04 -4.46863851e-04 1.00576857e-04 -1.62248604e-03 3.06226220e-03 -1.36121322e-04 6.46692119e-04 -1.00149610e-03 -2.10336570e-04 -6.66170090e-04 -4.36819129e-04 9.55681375e-04 8.29179306e-04
1.63651034e-02 -3.65353283e-03 1.34388274e-02 -5.81275392e-03 -9.68845095e-03 2.28803279e-03 -3.45108546e-02 6.56330809e-02 -3.00891441e-03 1.40172718e-02 -2.17513330e-02 -4.59474698e-03 -1.45109771e-02 -9.52372700e-03 2.08418816e-02 1.80897322e-02
4.87583037e-03 -7.96949025e-04 6.40268088e-04 -4.66742524e-04 -3.04048648e-04 4.89598460e-05 -1.18296023e-03 2.17611343e-03 -8.50985743e-05 4.34546120e-04 -6.69631583e-04 -1.37929863e-04 -4.41657845e-04 -2.88556039e-04 6.30424940e-04 5.46319410e-04
-3.52623388e-02 7.23301992e-03 -2.74537969e-02 1.30388970e-02 2.00251713e-02 -4.77198279e-03 7.14989454e-02 -1.35947496e-01 6.22686418e-03 -2.89715882e-02 4.49428149e-02 9.49872285e-03 2.99976114e-02 1.96883325e-02 -4.30868492e-02 -3.73967886e-02
2.62261205e-03 -4.91396408e-04 1.73818145e-03 -8.60828208e-04 -1.24146498e-03 2.90024880e-04 -4.44004452e-03 8.42788443e-03 -3.84180341e-04 1.79680274e-03 -2.78568268e-03 -5.87807270e-04 -1.85773976e-03 -1.21897447e-03 2.66744150e-03 2.31496710e-03
-1.81846563e-02 2.89671356e-03 -5.44331968e-03 3.47886188e-03 3.66015057e-03 -7.96544307e-04 1.34917926e-02 -2.55880374e-02 1.10624661e-03 -5.29639516e-03 8.21567886e-03 1.71879318e-03 5.45357959e-03 3.57210240e-03 -7.81466719e-03 -6.77940296e-03
5.38643263e-03 -1.18567515e-03 5.49275754e-03 -2.52972124e-03 -4.00050124e-03 9.53932526e-04 -1.42694814e-02 2.71353163e-02 -1.24439085e-03 5.79279987e-03 -8.98544304e-03 -1.89849699e-03 -5.99619607e-03 -3.93529516e-03 8.61221179e-03 7.47473678e-03
1.63547657e-02 -3.37022310e-03 1.42219756e-02 -6.51140604e-03 -1.05080344e-02 2.52171932e-03 -3.72851640e-02 7.10975230e-02 -3.28032719e-03 1.52282221e-02 -2.36289650e-02 -4.99703363e-03 -1.57784503e-02 -1.03563443e-02 2.26649642e-02 1.96722709e-02
2.00154912e-03 -4.91875864e-04 3.46684858e-04 -4.59066418e-04 -1.93537024e-04 1.94952263e-05 -8.63132998e-04 1.56088569e-03 -4.77789799e-05 3.02932487e-04 -4.64575074e-04 -8.77731654e-05 -2.95156031e-04 -1.90578154e-04 4.14983486e-04 3.57455108e-04
4.72374551e-04 -3.01210443e-04 1.63131079e-03 -7.56014197e-04 -1.18522823e-03 2.77080981e-04 -4.25697165e-03 8.05796031e-03 -3.63771571e-04 1.71522959e-03 -2.65890406e-03 -5.58749773e-04 -1.76975247e-03 -1.16061768e-03 2.53921445e-03 2.20310618e-03
-2.00529192e-02 5.02003683e-03 -1.94614325e-02 8.96801986e-03 1.35329422e-02 -3.17759602e-03 4.83925715e-02 -9.19378847e-02 4.17788466e-03 -1.96094178e-02 3.03910561e-02 6.40798500e-03 2.02709101e-02 1.32955536e-02 -2.90952139e-02 -2.52466574e-02
1.67109523e-04 -1.79786235e-04 1.00368063e-03 -4.43974975e-04 -7.52105843e-04 1.80630814e-04 -2.66543333e-03 5.08133136e-03 -2.34062682e-04 1.08824112e-03 -1.68792135e-03 -3.56899225e-04 -1.12704281e-03 -7.39736366e-04 1.61888439e-03 1.40509440e-03
-5.42880073e-02 1.11467317e-02 -3.98263186e-02 1.93023831e-02 2.90734824e-02 -6.85681822e-03 1.04249634e-01 -1.97683707e-01 9.00280196e-03 -4.21097465e-02 6.52935579e-02 1.37755610e-02 4.35328335e-02 2.85676699e-02 -6.25126287e-02 -5.42526618e-02
-1.25773400e-02 2.19968683e-03 -9.23765078e-03 4.12423816e-03 6.77474542e-03 -1.61695224e-03 2.40936391e-02 -4.58410643e-02 2.10772548e-03 -9.78698023e-03 1.51837254e-02 3.21163889e-03 1.01400074e-02 6.65583555e-03 -1.45663861e-02 -1.26430299e-02
6.60022255e-03 -1.20594061e-03 3.50559666e-03 -1.72992144e-03 -2.40904372e-03 5.52725745e-04 -8.69732443e-03 1.64302979e-02 -7.34902744e-04 3.49358027e-03 -5.41436300e-03 -1.13720424e-03 -3.60450777e-03 -2.36326153e-03 5.17020747e-03 4.48526535e-03
-6.30878331e-03 1.32221926e-03 -4.69659362e-03 2.50456645e-03 3.36289383e-03 -7.68193335e-04 1.21016363e-02 -2.31064614e-02 1.02309824e-03 -4.88710264e-03 7.56184338e-03 1.58617075e-03 5.03772683e-03 3.30196833e-03 -7.22287502e-03 -6.26365282e-03
1.23958178e-02 -2.47011706e-03 1.00968471e-02 -5.05727716e-03 -7.35428045e-03 1.73541449e-03 -2.61731856e-02 4.99055609e-02 -2.28285650e-03 1.06514422e-02 -1.65184829e-02 -3.48683633e-03 -1.10176727e-02 -7.23026646e-03 1.58217233e-02 1.37313241e-02
-2.38195248e-02 5.22672059e-03 -2.54040528e-02 1.07514970e-02 1.86517294e-02 -4.48838389e-03 6.61036596e-02 -1.26116261e-01 5.81630552e-03 -2.69931853e-02 4.18804251e-02 8.85923579e-03 2.79706623e-02 1.83598269e-02 -4.01807651e-02 -3.48753072e-02
8.47165380e-03 -1.86410185e-03 6.45628897e-03 -3.27189523e-03 -4.57064388e-03 1.05656369e-03 -1.64461322e-02 3.12665701e-02 -1.40287622e-03 6.63372269e-03 -1.02771651e-02 -2.16153427e-03 -6.84533501e-03 -4.48905118e-03 9.82110482e-03 8.52126069e-03
1.48373619e-02 -3.09281982e-03 1.25537720e-02 -6.30456768e-03 -9.00805462e-03 2.11139722e-03 -3.21633816e-02 6.11178279e-02 -2.77771894e-03 1.30414823e-02 -2.02160999e-02 -4.26124176e-03 -1.34776719e-02 -8.84204730e-03 1.93470400e-02 1.67886410e-02
-1.51122194e-02 2.94147618e-03 -1.16703035e-02 5.91745507e-03 8.62238090e-03 -2.04387261e-03 3.08070146e-02 -5.86291142e-02 2.67437403e-03 -1.24712493e-02 1.93353463e-02 4.08530142e-03 1.29050873e-02 8.46939255e-03 -1.85341034e-02 -1.60858650e-02
9.90916695e-03 -2.25645863e-03 8.51778686e-03 -4.10569645e-03 -6.08168077e-03 1.42262608e-03 -2.18315888e-02 4.13828120e-02 -1.88054075e-03 8.79657362e-03 -1.36343213e-02 -2.87942635e-03 -9.09822993e-03 -5.97032392e-03 1.30651714e-02 1.13389250e-02
1.75344502e-03 3.25914880e-04 -4.81727859e-03 1.89104513e-03 3.65566369e-03 -8.90044728e-04 1.29313674e-02 -2.47062128e-02 1.14309776e-03 -5.29701496e-03 8.21954478e-03 1.73928728e-03 5.49071934e-03 3.60424444e-03 -7.88805168e-03 -6.84658904e-03
1.00007523e-02 -1.96112879e-03 7.97521975e-03 -3.72668239e-03 -5.78276766e-03 1.37526530e-03 -2.05826014e-02 3.92019004e-02 -1.79498037e-03 8.36328138e-03 -1.29673742e-02 -2.74029886e-03 -8.65579769e-03 -5.68070309e-03 1.24315452e-02 1.07895238e-02
-1.39929238e-03 4.08222782e-04 -3.33626033e-03 1.39613228e-03 2.51995865e-03 -6.10804243e-04 8.92810710e-03 -1.70472935e-02 7.88016710e-04 -3.65424785e-03 5.66996308e-03 1.19963405e-03 3.78734409e-03 2.48604664e-03 -5.44078602e-03 -4.72240383e-03
-1.28373615e-02 2.39860872e-03 -1.13603408e-02 5.04875835e-03 8.42242315e-03 -2.02161144e-03 2.98744366e-02 -5.69594093e-02 2.62657483e-03 -1.21993730e-02 1.89263765e-02 4.00245050e-03 1.26376916e-02 8.29506572e-03 -1.81537084e-02 -1.57565642e-02
-1.32460129e-02 3.40569485e-03 -1.08868387e-02 5.64121641e-03 7.69267604e-03 -1.77423353e-03 2.77952347e-02 -5.27979583e-02 2.36439891e-03 -1.11685758e-02 1.73589624e-02 3.63383070e-03 1.15204128e-02 7.55351223e-03 -1.65256783e-02 -1.43349376e-02
-8.47384799e-03 1.92615774e-03 -5.23973303e-03 3.57542885e-03 3.58897075e-03 -7.56687135e-04 1.34319440e-02 -2.55149007e-02 1.05957570e-03 -5.24350163e-03 8.10560863e-03 1.68084423e-03 5.37122972e-03 3.51728057e-03 -7.68903410e-03 -6.66263839e-03
1.47842821e-02 -2.88396329e-03 9.26593691e-03 -4.58173314e-03 -6.56502554e-03 1.52762211e-03 -2.35678740e-02 4.46493365e-02 -2.02269573e-03 9.51271597e-03 -1.47681003e-02 -3.10615404e-03 -9.82966926e-03 -6.44726865e-03 1.41064804e-02 1.22405877e-02
1.60165387e-03 -3.38708749e-04 1.17340230e-03 -5.62184257e-04 -8.33731901e-04 1.94893888e-04 -2.98450678e-03 5.67410421e-03 -2.57171836e-04 1.20891363e-03 -1.87537761e-03 -3.94793606e-04 -1.24895573e-03 -8.19374283e-04 1.79280178e-03 1.55569171e-03
-1.48079908e-02 2.73768744e-03 -1.07556926e-02 5.05078863e-03 7.76262907e-03 -1.82901672e-03 2.76541244e-02 -5.25940619e-02 2.41061836e-03 -1.12407962e-02 1.74362995e-02 3.68332118e-03 1.16359852e-02 7.63652939e-03 -1.67116281e-02 -1.45038720e-02
-1.38769336e-02 2.79655401e-03 -1.10404380e-02 5.20619610e-03 7.98269734e-03 -1.88458513e-03 2.85520330e-02 -5.42719737e-02 2.47020531e-03 -1.15661044e-02 1.79463755e-02 3.78400623e-03 1.19642159e-02 7.84947816e-03 -1.71762481e-02 -1.49058448e-02
2.58157551e-02 -4.59778355e-03 1.76018775e-02 -8.00341275e-03 -1.24725355e-02 2.95061455e-03 -4.46356870e-02 8.49453583e-02 -3.85882868e-03 1.80259906e-02 -2.79630031e-02 -5.90930134e-03 -1.86693985e-02 -1.22516481e-02 2.68105883e-02 2.32689865e-02
8.15925840e-03 -1.68822194e-03 5.94670838e-03 -2.53394828e-03 -4.26366646e-03 1.02427066e-03 -1.51384529e-02 2.88346242e-02 -1.32956763e-03 6.17185561e-03 -9.57525522e-03 -2.02536210e-03 -6.39452878e-03 -4.19737678e-03 9.18604713e-03 7.97313638e-03
-1.36195333e-03 4.02651931e-04 -2.16480531e-03 9.74877679e-04 1.60609593e-03 -3.85282707e-04 5.70418127e-03 -1.08710248e-02 5.00212307e-04 -2.32539512e-03 3.60719021e-03 7.62669428e-04 2.40844488e-03 1.58077665e-03 -3.45946336e-03 -3.00260470e-03
1.59958489e-02 -3.93034983e-03 9.78704076e-03 -6.86438289e-03 -6.48057694e-03 1.29083742e-03 -2.45645978e-02 4.72411551e-02 -1.86859479e-03 9.63489432e-03 -1.48113705e-02 -3.03312275e-03 -9.78737883e-03 -6.39590016e-03 1.40045648e-02 1.20996684e-02
-4.51678410e-02 1.10749481e-02 -2.45228782e-02 1.73678473e-02 1.59255844e-02 -3.50277382e-03 5.97253740e-02 -1.10902280e-01 4.70215501e-03 -2.34237481e-02 3.64703685e-02 7.45718647e-03 2.39545591e-02 1.57344081e-02 -3.43819372e-02 -2.97460184e-02
-7.81337731e-03 2.17671786e-03 -1.11065153e-02 5.02415979e-03 8.28380324e-03 -1.99440983e-03 2.93591712e-02 -5.60336746e-02 2.58196774e-03 -1.19946795e-02 1.86079014e-02 3.93575197e-03 1.24273673e-02 8.15699901e-03 -1.78514682e-02 -1.54941930e-02
-1.61807064e-03 1.68081315e-04 -7.67289835e-04 3.39342339e-04 5.74604084e-04 -1.38304284e-04 2.04229774e-03 -3.90355103e-03 1.79755967e-04 -8.34374048e-04 1.29443966e-03 2.73792684e-04 8.64481670e-04 5.67430397e-04 -1.24182086e-03 -1.07784278e-03
-3.30366963e-03 9.93534457e-04 -6.03608601e-03 2.62469356e-03 4.47436702e-03 -1.07546838e-03 1.58772413e-02 -3.02680489e-02 1.39563147e-03 -6.48129592e-03 1.00559164e-02 2.12669931e-03 6.71491725e-03 4.40755254e-03 -9.64591838e-03 -8.37221835e-03
-1.52327232e-02 3.20993061e-03 -1.47796450e-02 6.72280742e-03 1.07325763e-02 -2.57403217e-03 3.81112434e-02 -7.27144480e-02 3.34104290e-03 -1.55419232e-02 2.41137650e-02 5.09736966e-03 1.60975419e-02 1.05655305e-02 -2.31221020e-02 -2.00685039e-02
1.00152884e-02 -2.29309918e-03 6.88100420e-03 -3.73482518e-03 -4.55295108e-03 1.01630040e-03 -1.66704841e-02 3.15474942e-02 -1.37459429e-03 6.64831279e-03 -1.03186173e-02 -2.14805547e-03 -6.84577134e-03 -4.48083598e-03 9.79975238e-03 8.49678274e-03
-6.79872418e-03 1.51611492e-03 -7.66550424e-03 3.39067355e-03 5.66360028e-03 -1.36143726e-03 2.01152265e-02 -3.83677781e-02 1.76645361e-03 -8.20446014e-03 1.27290729e-02 2.69196904e-03 8.49984307e-03 5.57910744e-03 -1.22098438e-02 -1.05975745e-02
3.92775144e-03 -5.26735676e-04 1.97247649e-03 -8.64158850e-04 -1.44224346e-03 3.46303248e-04 -5.11026895e-03 9.74469725e-03 -4.49794257e-04 2.08748458e-03 -3.23863397e-03 -6.85152656e-04 -2.16312986e-03 -1.41988404e-03 3.10744857e-03 2.69714720e-03
-3.03396117e-03 1.50493975e-03 -1.07077491e-02 4.51267976e-03 8.04096833e-03 -1.94349175e-03 2.84852758e-02 -5.43764234e-02 2.51329667e-03 -1.16565395e-02 1.80859696e-02 3.82640259e-03 1.20803453e-02 7.92962871e-03 -1.73542146e-02 -1.50628174e-02
-9.90037620e-03 2.07324652e-03 -1.07170912e-02 4.87587042e-03 7.86309969e-03 -1.87140098e-03 2.78789029e-02 -5.31890728e-02 2.44636508e-03 -1.13842916e-02 1.76518895e-02 3.73211107e-03 1.17858807e-02 7.73577671e-03 -1.69292632e-02 -1.46934241e-02
-2.05794978e-03 1.98351161e-04 -9.15388227e-04 5.21641865e-04 6.70913782e-04 -1.61528791e-04 2.38071312e-03 -4.54417011e-03 2.09199410e-04 -9.71859146e-04 1.50764268e-03 3.18903534e-04 1.00690278e-03 6.60918013e-04 -1.44642114e-03 -1.25542935e-03
8.28791759e-04 1.45259219e-05 -1.94804728e-04 9.92573187e-05 1.32056448e-04 -3.04051464e-05 4.76135727e-04 -8.85959424e-04 4.00598292e-05 -1.87946513e-04 2.91467004e-04 6.15953104e-05 1.94541339e-04 1.27672480e-04 -2.79403350e-04 -2.42502967e-04
-5.96652646e-03 9.52258648e-04 -3.98624362e-03 1.94828352e-03 2.92632356e-03 -7.05202576e-04 1.03648324e-02 -1.97603796e-02 9.12330463e-04 -4.23382968e-03 6.56908378e-03 1.38962548e-03 4.38736659e-03 2.87985266e-03 -6.30259933e-03 -5.47040533e-03
-9.42903385e-03 2.17000674e-03 -1.02439029e-02 4.73966403e-03 7.56425643e-03 -1.80268812e-03 2.69111190e-02 -5.13327308e-02 2.35509989e-03 -1.09533658e-02 1.69810168e-02 3.58986761e-03 1.13363741e-02 7.44050601e-03 -1.62832309e-02 -1.41329588e-02
7.67781027e-03 -1.77140336e-03 7.22695561e-03 -3.28172860e-03 -5.19443583e-03 1.23339798e-03 -1.85122266e-02 3.52152064e-02 -1.61576364e-03 7.51984771e-03 -1.16631258e-02 -2.46550119e-03 -7.78626371e-03 -5.11035044e-03 1.11837368e-02 9.70676821e-03
-1.15163196e-02 2.60156952e-03 -1.25004342e-02 5.73121198e-03 9.08482261e-03 -2.17228965e-03 3.22560519e-02 -6.14369810e-02 2.82404874e-03 -1.31495586e-02 2.03942526e-02 4.31058090e-03 1.36146126e-02 8.93553253e-03 -1.95546616e-02 -1.69718247e-02
1.79800240e-03 -2.96407496e-04 6.02746091e-04 -2.67483061e-04 -4.24283702e-04 1.00570847e-04 -1.50589226e-03 2.87793297e-03 -1.31989495e-04 6.13005483e-04 -9.51032329e-04 -2.01139977e-04 -6.35064556e-04 -4.16851486e-04 9.12280579e-04 7.91820756e-04
2.01024348e-03 -3.19282990e-04 7.17612857e-04 -6.18811464e-04 -4.87752812e-04 1.08987319e-04 -1.75896229e-03 3.32112797e-03 -1.49269588e-04 7.04569800e-04 -1.08813809e-03 -2.29639874e-04 -7.26028520e-04 -4.76366869e-04 1.04235532e-03 9.04556189e-04
1.51359346e-02 -3.51687032e-03 1.42871169e-02 -6.71723345e-03 -1.05358148e-02 2.52066227e-03 -3.75143662e-02 7.12989122e-02 -3.28149833e-03 1.52611332e-02 -2.36741733e-02 -5.00509934e-03 -1.58047397e-02 -1.03736604e-02 2.27024630e-02 1.97044984e-02
1.42088067e-02 -2.61586648e-03 1.55039895e-02 -6.62017241e-03 -1.15817552e-02 2.79962458e-03 -4.10322100e-02 7.83263743e-02 -3.61919799e-03 1.67853739e-02 -2.60435063e-02 -5.51012857e-03 -1.73960160e-02 -1.14188790e-02 2.49905363e-02 2.16908660e-02
-1.82929784e-02 3.52621591e-03 -1.76020302e-02 7.85580277e-03 1.29919304e-02 -3.09377909e-03 4.61215563e-02 -8.79287124e-02 4.04438749e-03 -1.87876150e-02 2.91453917e-02 6.16373681e-03 1.94616485e-02 1.27742449e-02 -2.79563814e-02 -2.42648069e-02
2.03460245e-03 -3.98815580e-04 1.43958058e-03 -7.78808841e-04 -1.00909267e-03 2.27553042e-04 -3.68097704e-03 7.03176111e-03 -3.03477078e-04 1.47341925e-03 -2.27466901e-03 -4.74723085e-04 -1.51528034e-03 -9.91470064e-04 2.16770289e-03 1.87918008e-03
-4.19110805e-03 6.73251634e-04 -2.72321468e-03 1.30542519e-03 1.99838029e-03 -4.77139110e-04 7.10125826e-03 -1.35490736e-02 6.22848340e-04 -2.89364927e-03 4.48903441e-03 9.49261885e-04 2.99735228e-03 1.96737959e-03 -4.30558901e-03 -3.73704266e-03
-3.35003482e-03 5.69126569e-04 -2.32077786e-03 1.17233442e-03 1.65694708e-03 -3.93786177e-04 5.91019727e-03 -1.12456093e-02 5.12875442e-04 -2.39698938e-03 3.71808186e-03 7.84897828e-04 2.48013437e-03 1.62750052e-03 -3.56149534e-03 -3.09093180e-03
-1.89362280e-03 4.42934339e-04 -1.43045571e-03 7.37552415e-04 1.01545081e-03 -2.36840686e-04 3.62023269e-03 -6.87621161e-03 3.13226104e-04 -1.46617147e-03 2.27315561e-03 4.79708804e-04 1.51591981e-03 9.94732603e-04 -2.17676139e-03 -1.88915653e-03
2.17782930e-02 -4.60369140e-03 2.43778788e-02 -1.07619585e-02 -1.80181805e-02 4.34223982e-03 -6.38713390e-02 1.21958315e-01 -5.62406098e-03 2.61038691e-02 -4.04980518e-02 -8.56694113e-03 -2.70479824e-02 -1.77541580e-02 3.88552211e-02 3.37247476e-02
-3.02985054e-03 5.66490751e-04 -1.53537758e-03 9.17448429e-04 1.08808104e-03 -2.48537341e-04 3.92042939e-03 -7.42883142e-03 3.35521967e-04 -1.57881714e-03 2.44485564e-03 5.15017018e-04 1.62918703e-03 1.06875284e-03 -2.33842386e-03 -2.02921755e-03
-2.61475109e-02 4.98888968e-03 -2.24094782e-02 1.04879197e-02 1.63389444e-02 -3.90033168e-03 5.80662712e-02 -1.10764839e-01 5.07968944e-03 -2.36742385e-02 3.67177203e-02 7.75752077e-03 2.45042574e-02 1.60821825e-02 -3.51939686e-02 -3.05451173e-02
1.47688221e-02 -3.14732525e-03 1.22836651e-02 -5.46113309e-03 -8.94701108e-03 2.11956166e-03 -3.17996368e-02 6.06829002e-02 -2.78009917e-03 1.29364412e-02 -2.00654548e-02 -4.24121646e-03 -1.33939106e-02 -8.79087951e-03 1.92384124e-02 1.66977458e-02
5.93567034e-03 -1.36137102e-03 5.64061338e-03 -2.67060357e-03 -4.00887569e-03 9.54221701e-04 -1.42386556e-02 2.70808246e-02 -1.24275626e-03 5.78546524e-03 -8.97540525e-03 -1.89733447e-03 -5.99201815e-03 -3.93269118e-03 8.60652700e-03 7.46991346e-03
-9.59654152e-03 2.27247830e-03 -9.11028124e-03 4.23618546e-03 6.67055184e-03 -1.59602857e-03 2.37833560e-02 -4.52588834e-02 2.07304000e-03 -9.65000689e-03 1.49703901e-02 3.16519523e-03 9.99579206e-03 6.56063249e-03 -1.43575473e-02 -1.24615235e-02
1.59339607e-02 -4.23641829e-03 1.69756655e-02 -8.27343762e-03 -1.25981355e-02 2.99135246e-03 -4.47235256e-02 8.52390230e-02 -3.91580956e-03 1.82118285e-02 -2.82352697e-02 -5.96965896e-03 -1.88507903e-02 -1.23729967e-02 2.70779394e-02 2.35021170e-02
