4.97515779e-03 -4.15986776e-03 7.99818896e-03 -6.39368221e-03 -2.54199631e-03 3.78545810e-04 -1.92175657e-02 4.60509323e-02 1.85503357e-03 6.19138731e-03 -2.01964378e-02 -2.38801283e-03 -3.79690318e-03 -6.50865491e-03 1.39971850e-02 1.63565427e-02
1.97974173e-03 3.05163162e-03 -5.69285918e-03 5.10826055e-03 1.91819645e-03 -2.85821036e-04 1.59903243e-02 -3.89579907e-02 -1.60062429e-03 -5.24934195e-03 1.71901956e-02 2.03144155e-03 3.22964694e-03 5.54734375e-03 -1.19325770e-02 -1.39469793e-02
2.93728127e-03 -1.78725668e-03 3.17563792e-03 -2.73903785e-03 -1.04489794e-03 1.58736511e-04 -7.63474032e-03 1.82785392e-02 7.25445105e-04 2.44690850e-03 -7.93853588e-03 -9.39112215e-04 -1.49506587e-03 -2.55654729e-03 5.49643207e-03 6.42115297e-03
-5.71118016e-03 5.72840590e-03 -1.04009910e-02 8.88480246e-03 3.31765763e-03 -4.96332999e-04 2.71672662e-02 -6.61646277e-02 -2.72235321e-03 -8.90226755e-03 2.91821044e-02 3.44804372e-03 5.48119983e-03 9.41777788e-03 -2.02588085e-02 -2.36798134e-02
2.08856957e-03 -3.41718062e-03 6.17159484e-03 -5.37606236e-03 -2.07538414e-03 3.20946769e-04 -1.62889902e-02 3.97455543e-02 1.62691611e-03 5.34552848e-03 -1.74723119e-02 -2.06512865e-03 -3.28321196e-03 -5.63947437e-03 1.21303760e-02 1.41780945e-02
5.21971378e-06 -2.42074369e-04 4.69478895e-04 -3.95848183e-04 -1.58959752e-04 2.55172417e-05 -1.20972772e-03 2.90576601e-03 1.15698800e-04 3.89781635e-04 -1.26502919e-03 -1.49741943e-04 -2.38560286e-04 -4.07484826e-04 8.75952013e-04 1.02313841e-03
-1.99365383e-03 1.58239226e-03 -2.32351688e-03 2.01299204e-03 7.66248442e-04 -1.02821221e-04 5.40593127e-03 -1.27869211e-02 -4.99220332e-04 -1.74386206e-03 5.55115426e-03 6.56731834e-04 1.05353945e-03 1.78011600e-03 -3.82454460e-03 -4.45636269e-03
-1.42248510e-03 8.81131040e-04 -1.59224076e-03 1.31593237e-03 5.17511275e-04 -7.77056630e-05 3.61995399e-03 -8.60605761e-03 -3.42611311e-04 -1.16372469e-03 3.76250921e-03 4.45245823e-04 7.09134794e-04 1.21077721e-03 -2.60279141e-03 -3.03993863e-03
3.67178908e-03 -7.98346358e-04 1.30088953e-03 -8.14848696e-04 -3.18809325e-04 5.67592142e-05 -2.02453998e-03 4.69040731e-03 1.75374866e-04 6.43394480e-04 -2.03304552e-03 -2.40343012e-04 -3.84578423e-04 -6.48288347e-04 1.39112538e-03 1.62272912e-03
-3.11733317e-03 1.73176173e-03 -3.20416479e-03 2.37210351e-03 1.01018767e-03 -1.46581733e-04 7.29091745e-03 -1.76099259e-02 -7.01677171e-04 -2.32172501e-03 7.58781191e-03 8.97162943e-04 1.42664637e-03 2.44682352e-03 -5.26250713e-03 -6.15002634e-03
2.76521267e-03 -1.71243236e-03 3.01644742e-03 -2.41188169e-03 -1.00287504e-03 1.45531172e-04 -7.00753182e-03 1.68957617e-02 6.78738463e-04 2.25979462e-03 -7.35420221e-03 -8.69238575e-04 -1.38288166e-03 -2.36974237e-03 5.09612542e-03 5.95514150e-03
7.02239713e-03 -4.54189442e-03 8.35713372e-03 -6.76692557e-03 -2.66991602e-03 3.85807129e-04 -2.02567447e-02 4.88495864e-02 1.98209356e-03 6.55455980e-03 -2.14233771e-02 -2.53350078e-03 -4.02858341e-03 -6.90820767e-03 1.48569373e-02 1.73616782e-02
-1.46074989e-03 1.38735608e-03 -2.60799844e-03 2.06126482e-03 8.39601387e-04 -1.23239966e-04 6.25292119e-03 -1.50933228e-02 -6.12379634e-04 -2.03424669e-03 6.63352711e-03 7.84484728e-04 1.24755292e-03 2.13824422e-03 -4.59826458e-03 -5.37324045e-03
-6.83274493e-03 5.14656352e-03 -9.53906216e-03 7.46113993e-03 3.09909345e-03 -4.55966423e-04 2.25128997e-02 -5.41449934e-02 -2.16614758e-03 -7.22997030e-03 2.35952344e-02 2.79124849e-03 4.43978468e-03 7.60823954e-03 -1.63613856e-02 -1.91181321e-02
8.13942961e-03 -5.01993205e-03 9.49852634e-03 -7.28479167e-03 -2.70060170e-03 4.15282790e-04 -2.22176723e-02 5.38921617e-02 2.20524333e-03 7.23616965e-03 -2.37282515e-02 -2.80419667e-03 -4.45743091e-03 -7.65833724e-03 1.64740663e-02 1.92559250e-02
-1.36710247e-02 3.04001160e-02 -5.41201979e-02 4.72706929e-02 1.72013380e-02 -2.60379515e-03 1.48261338e-01 -3.62397522e-01 -1.49775194e-02 -4.88247983e-02 1.60241649e-01 1.89351737e-02 3.00983004e-02 5.17309345e-02 -1.11283757e-01 -1.30079269e-01
-3.59340757e-03 3.24777234e-03 -5.69792790e-03 5.00825746e-03 1.89238274e-03 -2.85131333e-04 1.48443030e-02 -3.60902622e-02 -1.47211587e-03 -4.82290192e-03 1.58001091e-02 1.86711643e-03 2.96803191e-03 5.09890914e-03 -1.09682214e-02 -1.28202531e-02
6.63967524e-03 -4.82295128e-03 8.54631141e-03 -7.01157423e-03 -2.80382438e-03 4.07662883e-04 -2.08903551e-02 5.05264811e-02 2.03665858e-03 6.76678633e-03 -2.20842268e-02 -2.61085760e-03 -4.15308634e-03 -7.12173944e-03 1.53149907e-02 1.78968627e-02
-6.17409009e-04 7.49457802e-04 -1.34160637e-03 1.14659802e-03 4.28163417e-04 -6.37555422e-05 3.52792535e-03 -8.58326256e-03 -3.53252603e-04 -1.15458446e-03 3.78617784e-03 4.47389320e-04 7.11157336e-04 1.22207147e-03 -2.62886961e-03 -3.07283807e-03
7.51834828e-03 -1.27423955e-02 2.22822055e-02 -2.02615298e-02 -7.46780727e-03 1.12612685e-03 -6.35347515e-02 1.55516937e-01 6.42826175e-03 2.09519397e-02 -6.87622055e-02 -8.12520646e-03 -1.29154874e-02 -2.21982338e-02 4.77529094e-02 5.58182411e-02
-3.40782432e-03 3.30099626e-03 -6.25375193e-03 5.07146958e-03 1.97809981e-03 -2.97364080e-04 1.54565675e-02 -3.74482758e-02 -1.52220950e-03 -5.00967773e-03 1.63914412e-02 1.93729030e-03 3.07963858e-03 5.28709730e-03 -1.13722188e-02 -1.32915154e-02
-1.03786904e-02 1.66668203e-02 -2.97646113e-02 2.59634592e-02 9.61516704e-03 -1.43375946e-03 7.95566961e-02 -1.93853885e-01 -7.99226481e-03 -2.60934345e-02 8.55976120e-02 1.01149436e-02 1.60784274e-02 2.76296884e-02 -5.94356991e-02 -6.94731399e-02
-3.64283426e-03 1.92399579e-03 -3.18941148e-03 2.52416963e-03 1.02206669e-03 -1.52816894e-04 7.29668513e-03 -1.72747001e-02 -6.83098915e-04 -2.31292169e-03 7.48778088e-03 8.86194408e-04 1.41118804e-03 2.41067121e-03 -5.18127950e-03 -6.05163025e-03
-5.95472613e-03 1.76246263e-04 1.13461271e-03 -4.25836188e-04 -2.96999468e-04 5.97214530e-05 -1.09523244e-03 2.39935284e-03 7.44589488e-05 3.27713380e-04 -9.71153611e-04 -1.16074218e-04 -1.83426324e-04 -3.06008209e-04 6.52279297e-04 7.57413800e-04
1.20456470e-03 -6.63827464e-04 9.66937747e-04 -9.60776932e-04 -3.31443909e-04 4.95287932e-05 -2.81992508e-03 6.89191790e-03 2.84379785e-04 9.28031688e-04 -3.04459711e-03 -3.59763857e-04 -5.71886310e-04 -9.82777448e-04 2.11411971e-03 2.47115595e-03
4.06800816e-03 -8.30871053e-03 1.47936409e-02 -1.29359812e-02 -4.78914753e-03 7.10877182e-04 -4.03039269e-02 9.84976292e-02 4.06413665e-03 1.32541768e-02 -4.34944481e-02 -5.13962749e-03 -8.16982053e-03 -1.40409190e-02 3.02047282e-02 3.53061035e-02
-9.49946698e-03 5.45132207e-03 -9.86074563e-03 7.87313562e-03 3.23185953e-03 -4.88209247e-04 2.19548419e-02 -5.22563085e-02 -2.06421409e-03 -7.05055939e-03 2.27910355e-02 2.69313855e-03 4.29390185e-03 7.31950859e-03 -1.57345887e-02 -1.83719937e-02
-3.80248501e-04 7.61611154e-04 -2.17375765e-03 1.13879051e-03 5.69838798e-04 -1.06507578e-04 2.70174583e-03 -6.13913964e-03 -2.21758761e-04 -8.37905507e-04 2.61486648e-03 3.08788265e-04 4.93868312e-04 8.31084850e-04 -1.78388727e-03 -2.08031572e-03
4.29332396e-03 -9.73962247e-04 1.85235683e-03 -1.02015305e-03 -4.66707395e-04 7.00961682e-05 -2.47008144e-03 5.53719746e-03 2.02235358e-04 7.18267635e-04 -2.32373364e-03 -2.76995037e-04 -4.38243122e-04 -7.40756805e-04 1.58993504e-03 1.85502949e-03
3.88337113e-03 -1.95171020e-03 3.67382681e-03 -2.80825188e-03 -1.17841247e-03 1.70929765e-04 -7.63159804e-03 1.82989631e-02 7.11236789e-04 2.44941749e-03 -7.88277574e-03 -9.33442556e-04 -1.48752169e-03 -2.53372779e-03 5.44491038e-03 6.35723583e-03
5.66453952e-03 -4.28848760e-03 7.55455811e-03 -5.97118028e-03 -2.44522514e-03 3.74328753e-04 -1.78110171e-02 4.29125316e-02 1.65926095e-03 5.69622824e-03 -1.83375217e-02 -2.17251503e-03 -3.46862804e-03 -5.91751421e-03 1.27117988e-02 1.48345362e-02
4.11635451e-03 -3.33159603e-03 5.59331663e-03 -4.97840112e-03 -1.81593280e-03 2.77296960e-04 -1.56487953e-02 3.82967927e-02 1.58137723e-03 5.15619759e-03 -1.69212632e-02 -1.99945224e-03 -3.17821209e-03 -5.46228420e-03 1.17504541e-02 1.37350652e-02
-1.14284754e-02 1.53342951e-02 -2.73211263e-02 2.43722554e-02 9.04564839e-03 -1.33721915e-03 7.23997056e-02 -1.76649764e-01 -7.25291716e-03 -2.37256307e-02 7.77848735e-02 9.19287931e-03 1.46136247e-02 2.51085144e-02 -5.40115312e-02 -6.31322414e-02
9.61911958e-03 -1.14472797e-02 2.06249766e-02 -1.71469487e-02 -6.52870862e-03 9.41573409e-04 -5.35673499e-02 1.30329326e-01 5.36781130e-03 1.75257530e-02 -5.75161837e-02 -6.79516327e-03 -1.08009912e-02 -1.85625870e-02 3.99315208e-02 4.66756225e-02
-1.96904596e-03 5.79188252e-03 -1.01686055e-02 9.20343958e-03 3.43569578e-03 -5.11402439e-04 2.90434062e-02 -7.08627105e-02 -2.92697293e-03 -9.54110827e-03 3.13170366e-02 3.70044168e-03 5.88215562e-03 1.01098847e-02 -2.17484403e-02 -2.54217014e-02
2.93899793e-03 -4.16491646e-03 7.27911294e-03 -6.28583785e-03 -2.38570618e-03 3.62080027e-04 -1.93740334e-02 4.71344478e-02 1.93620590e-03 6.34337775e-03 -2.07766946e-02 -2.45520729e-03 -3.90314194e-03 -6.70496374e-03 1.44228544e-02 1.68580562e-02
-1.75018306e-03 2.00061550e-04 -4.63053759e-04 1.94515247e-04 9.07528665e-05 -1.36439585e-05 3.78375407e-04 -9.28241643e-04 -3.20089785e-05 -1.11224028e-04 3.58761608e-04 4.23723650e-05 6.73719551e-05 1.15294300e-04 -2.47918768e-04 -2.89693475e-04
2.91234092e-03 -2.20964709e-03 3.82802053e-03 -3.25140404e-03 -1.17510278e-03 1.80838673e-04 -9.79159772e-03 2.38566622e-02 9.78769152e-04 3.19908862e-03 -1.04827927e-02 -1.23872224e-03 -1.96922943e-03 -3.38396919e-03 7.27940025e-03 8.50877259e-03
1.12347526e-03 -7.17677816e-04 1.33923732e-03 -1.08025933e-03 -4.31225722e-04 6.08732553e-05 -3.30008939e-03 8.02109204e-03 3.29391361e-04 1.07907422e-03 -3.53668653e-03 -4.17911302e-04 -6.64327934e-04 -1.14121346e-03 2.45484011e-03 2.86933430e-03
2.13780702e-04 -6.12961478e-04 1.05441525e-03 -9.81398625e-04 -3.56624369e-04 5.35706495e-05 -3.07434448e-03 7.52033666e-03 3.10837349e-04 1.01324683e-03 -3.32556828e-03 -3.92965594e-04 -6.24651089e-04 -1.07360166e-03 2.30953563e-03 2.69960915e-03
2.58957944e-03 -1.68645452e-03 2.97958893e-03 -2.50485726e-03 -1.00088480e-03 1.45926198e-04 -7.39609636e-03 1.78843774e-02 7.22050259e-04 2.39776704e-03 -7.82085676e-03 -9.24548192e-04 -1.47089327e-03 -2.52055260e-03 5.42048085e-03 6.33398537e-03
-1.09042032e-02 6.98447321e-03 -1.24056833e-02 1.03958817e-02 4.26012836e-03 -5.90500946e-04 3.09654251e-02 -7.44017586e-02 -3.00844433e-03 -9.94888879e-03 3.24923620e-02 3.84224602e-03 6.10800739e-03 1.04830433e-02 -2.25470215e-02 -2.63501648e-02
2.92213680e-03 -1.73055299e-03 3.00025521e-03 -2.42071226e-03 -1.01166114e-03 1.54709589e-04 -7.04301614e-03 1.68983880e-02 6.79449993e-04 2.26251222e-03 -7.36473082e-03 -8.70114251e-04 -1.38349715e-03 -2.37204134e-03 5.10122580e-03 5.96132688e-03
-6.11337554e-03 4.94230818e-03 -9.99707356e-03 7.68397748e-03 2.93752830e-03 -4.25718463e-04 2.28735916e-02 -5.57752997e-02 -2.28743977e-03 -7.48775527e-03 2.45458670e-02 2.90025142e-03 4.61042626e-03 7.92205706e-03 -1.70415342e-02 -1.99194700e-02
9.68551170e-03 -5.79515286e-03 9.86069813e-03 -7.89113715e-03 -3.21258768e-03 4.86774195e-04 -2.30021924e-02 5.59184700e-02 2.16665957e-03 7.39431242e-03 -2.39549801e-02 -2.84342864e-03 -4.53335838e-03 -7.73815205e-03 1.66042242e-02 1.93885490e-02
-7.02749798e-03 5.12814056e-03 -9.55438893e-03 7.56931445e-03 3.10519687e-03 -4.78350848e-04 2.29914505e-02 -5.55689707e-02 -2.23539607e-03 -7.42117735e-03 2.42097545e-02 2.85970489e-03 4.54786466e-03 7.80337537e-03 -1.67826377e-02 -1.96129847e-02
-2.11494043e-02 1.57778002e-02 -2.63149217e-02 2.19124947e-02 8.92700255e-03 -1.35998882e-03 6.62921816e-02 -1.59014463e-01 -6.41510962e-03 -2.14664079e-02 6.94855675e-02 8.21095519e-03 1.30634699e-02 2.23980378e-02 -4.81746346e-02 -5.62856197e-02
-2.61563528e-03 7.08961114e-03 -1.22320512e-02 1.14327706e-02 4.17426322e-03 -6.28064328e-04 3.55955213e-02 -8.71204808e-02 -3.60031589e-03 -1.17361443e-02 3.85151654e-02 4.55114897e-03 7.23438803e-03 1.24339312e-02 -2.67479103e-02 -3.12655456e-02
2.47686100e-03 -2.23987456e-03 3.95811815e-03 -3.58356861e-03 -1.28900143e-03 2.00934839e-04 -1.03263445e-02 2.51597427e-02 1.03659777e-03 3.38956644e-03 -1.11088771e-02 -1.31266681e-03 -2.08654418e-03 -3.58564663e-03 7.71329971e-03 9.01593640e-03
3.49998847e-03 -1.56820510e-02 2.76685245e-02 -2.42237896e-02 -8.83837137e-03 1.32402417e-03 -7.63905644e-02 1.86996907e-01 7.73151172e-03 2.51935925e-02 -8.26952159e-02 -9.77167953e-03 -1.55328801e-02 -2.66970228e-02 5.74308075e-02 6.71307370e-02
-1.57648837e-03 -3.60472198e-03 6.41058106e-03 -5.89304185e-03 -2.14776117e-03 3.22759297e-04 -1.85970720e-02 4.55073901e-02 1.88130164e-03 6.13102177e-03 -2.01240778e-02 -2.37795594e-03 -3.77995614e-03 -6.49675354e-03 1.39758540e-02 1.63363405e-02
-4.17669769e-03 3.22877034e-03 -5.76126669e-03 4.63124085e-03 1.87105709e-03 -2.88760959e-04 1.33302929e-02 -3.18735428e-02 -1.27094577e-03 -4.29656589e-03 1.39316162e-02 1.64728647e-03 2.62341369e-03 4.48306371e-03 -9.63879935e-03 -1.12584410e-02
3.13865673e-03 -2.78342655e-03 5.03853103e-03 -4.23784368e-03 -1.56389992e-03 2.42269176e-04 -1.28934784e-02 3.13969702e-02 1.28779374e-03 4.21858951e-03 -1.38280941e-02 -1.63381558e-03 -2.59719091e-03 -4.46211593e-03 9.59850103e-03 1.12193059e-02
2.13573966e-03 -1.33959204e-03 2.39600614e-03 -1.94160640e-03 -7.75155320e-04 1.13673530e-04 -5.73857687e-03 1.38841327e-02 5.61352586e-04 1.86199544e-03 -6.07485510e-03 -7.17908086e-04 -1.14173000e-03 -1.95758161e-03 4.21000505e-03 4.91987029e-03
4.07787366e-03 -2.32503167e-03 3.95671185e-03 -3.61529994e-03 -1.38115592e-03 1.98944166e-04 -1.04693361e-02 2.54401788e-02 1.04193063e-03 3.41349770e-03 -1.11838337e-02 -1.32156792e-03 -2.10047560e-03 -3.60931782e-03 7.76403723e-03 9.07512568e-03
5.72892884e-03 -3.94513225e-03 7.43129058e-03 -5.90827083e-03 -2.41022045e-03 3.89298424e-04 -1.73971895e-02 4.22366261e-02 1.65723730e-03 5.61647397e-03 -1.82093009e-02 -2.15151161e-03 -3.42474133e-03 -5.84944384e-03 1.25748012e-02 1.46865621e-02
2.04047351e-03 -1.52183243e-03 2.75057694e-03 -2.37133563e-03 -8.88210663e-04 1.32068191e-04 -7.01579312e-03 1.70542952e-02 6.97342213e-04 2.29199231e-03 -7.49971066e-03 -8.86313501e-04 -1.40897604e-03 -2.41948501e-03 5.20422822e-03 6.08271407e-03
-1.93948334e-03 1.33175519e-03 -2.30955775e-03 1.89138681e-03 7.54689507e-04 -1.03444363e-04 5.63990790e-03 -1.36797735e-02 -5.60142274e-04 -1.83765928e-03 6.01906655e-03 7.11254659e-04 1.13058614e-03 1.94222666e-03 -4.17788979e-03 -4.88331961e-03
-1.70055358e-03 -2.54181935e-03 4.90206433e-03 -4.37972415e-03 -1.62392820e-03 2.43183327e-04 -1.37766013e-02 3.36517431e-02 1.38829206e-03 4.52948408e-03 -1.48655791e-02 -1.75642606e-03 -2.79194722e-03 -4.79833921e-03 1.03221470e-02 1.20654879e-02
1.50942104e-03 -5.36791282e-04 1.33889506e-03 -6.96841220e-04 -2.89022253e-04 4.23769015e-05 -2.10705097e-03 5.09346835e-03 2.09561782e-04 6.84697705e-04 -2.24541873e-03 -2.65314709e-04 -4.21699311e-04 -7.24731071e-04 1.55903143e-03 1.82234182e-03
5.46152121e-04 -3.71821458e-04 6.57929631e-04 -5.27692260e-04 -2.06403347e-04 3.06377624e-05 -1.57893286e-03 3.81435570e-03 1.55010639e-04 5.12221886e-04 -1.67340878e-03 -1.97759757e-04 -3.14453529e-04 -5.39567613e-04 1.16050651e-03 1.35628274e-03
6.47128606e-03 -5.52330585e-03 9.72599071e-03 -7.73739908e-03 -3.01237940e-03 4.61410149e-04 -2.41293609e-02 5.86245470e-02 2.40596896e-03 7.88256060e-03 -2.58384887e-02 -3.05214780e-03 -4.85159922e-03 -8.33547208e-03 1.79305114e-02 2.09586378e-02
2.71702325e-03 3.58483463e-04 -9.21622268e-04 9.51161142e-04 3.42135143e-04 -5.21655456e-05 3.08897207e-03 -7.58934440e-03 -3.15134006e-04 -1.02395390e-03 3.36418580e-03 3.97484226e-04 6.31785661e-04 1.08631782e-03 -2.33700988e-03 -2.73183174e-03
-1.68099739e-02 1.04497224e-02 -1.79463848e-02 1.49063682e-02 5.67967026e-03 -8.33746104e-04 4.49856073e-02 -1.08922243e-01 -4.45903698e-03 -1.46018909e-02 4.78515401e-02 5.65360207e-03 8.98682419e-03 1.54397087e-02 -3.32124755e-02 -3.88208739e-02
1.56999333e-03 2.24293646e-04 -3.55640630e-04 5.34318911e-04 1.59646384e-04 -2.42206261e-05 1.87830545e-03 -4.70274733e-03 -1.98817914e-04 -6.36340061e-04 2.10226350e-03 2.48412660e-04 3.94755160e-04 6.79843477e-04 -1.46281277e-03 -1.71018892e-03
-9.50446725e-03 5.59191266e-03 -9.14972182e-03 8.14520009e-03 3.12014809e-03 -4.55823319e-04 2.47959495e-02 -6.03427850e-02 -2.46635266e-03 -8.09405558e-03 2.65128016e-02 3.13257426e-03 4.98175900e-03 8.55237897e-03 -1.83962286e-02 -2.15013009e-02
1.98634248e-03 -2.84106052e-03 5.27900178e-03 -4.39253636e-03 -1.67288899e-03 2.48722557e-04 -1.34431748e-02 3.25952061e-02 1.33612147e-03 4.37957700e-03 -1.43443206e-02 -1.69460115e-03 -2.69400934e-03 -4.62753000e-03 9.95425414e-03 1.16348993e-02
6.26977999e-03 -7.73457345e-03 1.31231695e-02 -1.16999410e-02 -4.20986861e-03 6.49469905e-04 -3.58554833e-02 8.75808746e-02 3.61510017e-03 1.17962202e-02 -3.87047976e-02 -4.57347417e-03 -7.26985605e-03 -1.24926586e-02 2.68740002e-02 3.14127468e-02
1.17710675e-03 -5.63601090e-04 7.09708722e-04 -6.80941564e-04 -2.38747016e-04 3.38263962e-05 -1.90006022e-03 4.58888058e-03 1.86118457e-04 6.17186190e-04 -2.01147329e-03 -2.37787463e-04 -3.78512137e-04 -6.48184970e-04 1.39381038e-03 1.62849738e-03
2.41604750e-04 -2.93945603e-04 6.83321385e-04 -3.96940071e-04 -2.08950893e-04 2.97325460e-05 -1.12794084e-03 2.55185482e-03 9.57322554e-05 3.41911917e-04 -1.08691724e-03 -1.28767482e-04 -2.05217468e-04 -3.47740453e-04 7.46759411e-04 8.71466706e-04
-9.10586212e-03 9.10357386e-03 -1.80008113e-02 1.30104572e-02 5.14028361e-03 -7.76152010e-04 3.91789228e-02 -9.46375057e-02 -3.83864087e-03 -1.27313863e-02 4.15445715e-02 4.91285231e-03 7.81554542e-03 1.33950738e-02 -2.88102012e-02 -3.36660966e-02
-2.44364375e-04 -1.16828084e-03 2.06122873e-03 -1.88558071e-03 -7.02619029e-04 1.03839004e-04 -5.87693322e-03 1.43611403e-02 5.92485070e-04 1.93497795e-03 -6.34635054e-03 -7.49930332e-04 -1.19208789e-03 -2.04849266e-03 4.40662680e-03 5.15080569e-03
-2.77083945e-02 1.80734582e-02 -3.03692371e-02 2.56572533e-02 1.00165131e-02 -1.49575120e-03 7.76974857e-02 -1.87161788e-01 -7.61632482e-03 -2.51290277e-02 8.21257606e-02 9.70225129e-03 1.54249463e-02 2.64801439e-02 -5.69542870e-02 -6.65653124e-02
-3.87101201e-03 5.43455593e-03 -9.51042026e-03 8.53526685e-03 3.21782148e-03 -4.74081520e-04 2.67096572e-02 -6.51731566e-02 -2.68824212e-03 -8.76724534e-03 2.87705678e-02 3.39957839e-03 5.40386746e-03 9.28750727e-03 -1.99792590e-02 -2.33536549e-02
3.94211942e-03 -1.93288957e-03 3.38788098e-03 -2.61915196e-03 -1.07001211e-03 1.57082162e-04 -7.92018790e-03 1.90610103e-02 7.70388229e-04 2.56493804e-03 -8.36703554e-03 -9.89630586e-04 -1.57397450e-03 -2.69700051e-03 5.79980575e-03 6.77698664e-03
-3.62041313e-03 2.08047405e-03 -3.73121118e-03 3.01383040e-03 1.29759673e-03 -1.92629843e-04 8.64150003e-03 -2.08243374e-02 -8.14651255e-04 -2.78886408e-03 9.00315493e-03 1.06847647e-03 1.70264393e-03 2.90027680e-03 -6.23250054e-03 -7.27582676e-03
6.16209488e-03 -4.43921937e-03 7.85201415e-03 -6.73390413e-03 -2.52193422e-03 3.87082982e-04 -1.98238939e-02 4.82425652e-02 1.97251746e-03 6.48649922e-03 -2.12175660e-02 -2.50693830e-03 -3.98565829e-03 -6.84293453e-03 1.47182848e-02 1.72022637e-02
-6.92644436e-03 1.13827158e-02 -2.07159389e-02 1.73593964e-02 6.61350088e-03 -9.64603270e-04 5.42988293e-02 -1.32671595e-01 -5.47374086e-03 -1.78549327e-02 5.85896820e-02 6.92299521e-03 1.10046593e-02 1.89130586e-02 -4.06856202e-02 -4.75571714e-02
4.01103357e-03 -3.21535463e-03 5.84653113e-03 -4.66786604e-03 -1.84257980e-03 2.82215391e-04 -1.39089208e-02 3.35725397e-02 1.35020644e-03 4.50536609e-03 -1.46723408e-02 -1.73515640e-03 -2.76055047e-03 -4.72828560e-03 1.01672830e-02 1.18801063e-02
7.41562806e-03 -5.16944192e-03 9.81542654e-03 -7.85066839e-03 -3.09666572e-03 4.57657996e-04 -2.30385475e-02 5.56972362e-02 2.26009567e-03 7.49733066e-03 -2.44671274e-02 -2.89265369e-03 -4.60015051e-03 -7.88792688e-03 1.69635490e-02 1.98234096e-02
-7.13750254e-03 4.79505118e-03 -8.09477456e-03 7.29869399e-03 2.79680057e-03 -4.08371212e-04 2.16878187e-02 -5.25495112e-02 -2.14273529e-03 -7.03887548e-03 2.30367966e-02 2.72234785e-03 4.32786532e-03 7.43282866e-03 -1.59879792e-02 -1.86869483e-02
4.12396993e-03 -3.88130196e-03 7.11386278e-03 -5.67815406e-03 -2.24199262e-03 3.37772857e-04 -1.71885118e-02 4.14116830e-02 1.68424437e-03 5.54870628e-03 -1.81489009e-02 -2.14490225e-03 -3.41004157e-03 -5.85517054e-03 1.25944186e-02 1.47201791e-02
1.09136594e-03 3.64374748e-04 -1.30108884e-03 6.60601654e-04 3.48398025e-04 -5.55955048e-05 1.59095856e-03 -3.64139304e-03 -1.39782715e-04 -4.91660321e-04 1.57609663e-03 1.86767924e-04 2.97194027e-04 5.06662182e-04 -1.08897290e-03 -1.27196382e-03
3.80846579e-03 -4.24552802e-03 7.60154612e-03 -6.52126595e-03 -2.48650578e-03 3.63561558e-04 -2.00578403e-02 4.88848202e-02 2.00899970e-03 6.57374598e-03 -2.15437841e-02 -2.54581845e-03 -4.04702267e-03 -6.95297727e-03 1.49565404e-02 1.74820535e-02
-1.68621598e-04 1.24118105e-03 -2.22239457e-03 1.97520014e-03 7.23620236e-04 -1.07999513e-04 6.13285461e-03 -1.49663975e-02 -6.18238002e-04 -2.01564957e-03 6.61491044e-03 7.81644718e-04 1.24247966e-03 2.13544397e-03 -4.59377375e-03 -5.36964601e-03
-5.52716060e-03 5.47400070e-03 -9.52478871e-03 8.38018488e-03 3.11948336e-03 -4.69891616e-04 2.58504208e-02 -6.30836263e-02 -2.60094693e-03 -8.49683490e-03 2.78664380e-02 3.29251122e-03 5.23379631e-03 8.99376720e-03 -1.93470251e-02 -2.26143710e-02
-6.99305627e-03 6.02514762e-03 -1.05631072e-02 8.31658300e-03 3.47324996e-03 -5.08714409e-04 2.44468860e-02 -5.85961305e-02 -2.33898056e-03 -7.84057099e-03 2.55081523e-02 3.01084132e-03 4.79609612e-03 8.19738209e-03 -1.76234618e-02 -2.05845069e-02
-5.14094159e-03 2.70133023e-03 -4.63526696e-03 3.93350702e-03 1.68376812e-03 -2.47891119e-04 1.05154840e-02 -2.47955266e-02 -9.33160773e-04 -3.26824374e-03 1.04795592e-02 1.24347245e-03 1.98448310e-03 3.36929364e-03 -7.23602995e-03 -8.44264869e-03
8.81988369e-03 -4.39967355e-03 7.65502686e-03 -5.98446652e-03 -2.37489096e-03 3.60191858e-04 -1.78394206e-02 4.29071970e-02 1.73730089e-03 5.76979062e-03 -1.88412350e-02 -2.22608796e-03 -3.54085956e-03 -6.06794935e-03 1.30490102e-02 1.52484244e-02
9.02206870e-04 -4.43825847e-04 7.87180266e-04 -5.71319310e-04 -2.43508344e-04 3.59971818e-05 -1.67724513e-03 4.02452843e-03 1.61032323e-04 5.40422858e-04 -1.75822293e-03 -2.07819350e-04 -3.30460083e-04 -5.65851573e-04 1.21665315e-03 1.42152107e-03
-6.80258777e-03 6.20588800e-03 -1.11822058e-02 9.27668996e-03 3.58196860e-03 -5.47357253e-04 2.82044318e-02 -6.84883296e-02 -2.80796061e-03 -9.21519939e-03 3.01863775e-02 3.56717408e-03 5.67066669e-03 9.73947160e-03 -2.09497828e-02 -2.44861580e-02
-6.63686218e-03 4.41541104e-03 -7.99178518e-03 6.39468059e-03 2.47958419e-03 -3.77659686e-04 1.93380490e-02 -4.67133000e-02 -1.89555215e-03 -6.27127383e-03 2.05012634e-02 2.42329063e-03 3.85297369e-03 6.60801120e-03 -1.42118586e-02 -1.66086797e-02
1.31188706e-02 -7.93679059e-03 1.49386423e-02 -1.15398141e-02 -4.54476429e-03 6.66630163e-04 -3.54813859e-02 8.59922841e-02 3.49722523e-03 1.14938719e-02 -3.76729481e-02 -4.45351005e-03 -7.07957381e-03 -1.21578043e-02 2.61512473e-02 3.05660535e-02
2.88027665e-03 -1.72319228e-03 3.00643733e-03 -2.36547925e-03 -8.82630527e-04 1.31241890e-04 -7.36125465e-03 1.79537944e-02 7.40814547e-04 2.41688499e-03 -7.92999007e-03 -9.37036413e-04 -1.48937607e-03 -2.55977130e-03 5.50657697e-03 6.43661246e-03
-5.99297520e-04 4.11105051e-04 -8.05779360e-04 5.84246591e-04 2.39428336e-04 -3.39789476e-05 1.65636628e-03 -3.97687033e-03 -1.61121861e-04 -5.32799866e-04 1.74022384e-03 2.05639721e-04 3.26904410e-04 5.61098219e-04 -1.20684225e-03 -1.41051144e-03
9.70193557e-03 -5.54222427e-03 9.77414660e-03 -8.02109949e-03 -3.24018113e-03 5.15047519e-04 -2.13502068e-02 5.08703664e-02 1.88522076e-03 6.74825907e-03 -2.13807020e-02 -2.53799930e-03 -4.07124124e-03 -6.87140506e-03 1.47653129e-02 1.71962082e-02
-2.92331390e-02 1.37315420e-02 -2.22077668e-02 1.80766396e-02 7.11983908e-03 -9.83152539e-04 4.60757576e-02 -1.06782436e-01 -4.12031775e-03 -1.44573757e-02 4.64201644e-02 5.52936085e-03 8.77203792e-03 1.49016446e-02 -3.19752917e-02 -3.72543558e-02
-2.82123243e-03 2.85801850e-03 -4.81485296e-03 4.20197938e-03 1.58854865e-03 -2.28991237e-04 1.25014512e-02 -3.04953549e-02 -1.25210069e-03 -4.10055602e-03 1.34420479e-02 1.58861466e-03 2.52517662e-03 4.33844235e-03 -9.33242682e-03 -1.09083168e-02
-4.15710616e-04 1.33597630e-03 -2.30616285e-03 2.16404279e-03 7.96323293e-04 -1.20074837e-04 6.79987995e-03 -1.66446716e-02 -6.86317042e-04 -2.23889085e-03 7.34545710e-03 8.67970055e-04 1.37972936e-03 2.37111491e-03 -5.10068564e-03 -5.96212177e-03
-1.43963704e-03 2.85260059e-04 -8.19462526e-04 2.88691226e-04 1.50055537e-04 -2.32405164e-05 6.26476598e-04 -1.38624769e-03 -5.24832139e-05 -1.82722986e-04 5.89105475e-04 6.94825067e-05 1.10392844e-04 1.88874721e-04 -4.06087580e-04 -4.74510831e-04
-6.51626009e-03 4.74623684e-03 -8.91801063e-03 7.05715362e-03 2.63014901e-03 -3.90199886e-04 2.12241672e-02 -5.17373942e-02 -2.12095352e-03 -6.95134234e-03 2.27849074e-02 2.69228080e-03 4.27945517e-03 7.35168578e-03 -1.58140175e-02 -1.84841566e-02
5.44306729e-03 -3.85183329e-03 7.08698668e-03 -5.36262942e-03 -2.16842815e-03 3.37616075e-04 -1.55698135e-02 3.71036083e-02 1.45682239e-03 4.97561507e-03 -1.61082447e-02 -1.90854270e-03 -3.04393796e-03 -5.17800916e-03 1.11274822e-02 1.29917990e-02
-2.39778147e-03 2.98759993e-03 -5.39746322e-03 4.56542615e-03 1.69645040e-03 -2.55332416e-04 1.40268495e-02 -3.41872051e-02 -1.40526425e-03 -4.59374813e-03 1.50645850e-02 1.77997071e-03 2.82937544e-03 4.86180000e-03 -1.04584396e-02 -1.22246277e-02
6.29809336e-04 -2.73350324e-03 4.72585158e-03 -4.42727562e-03 -1.60881318e-03 2.42423455e-04 -1.39457621e-02 3.41414735e-02 1.41155801e-03 4.60022129e-03 -1.50993112e-02 -1.78420194e-03 -2.83613754e-03 -4.87456843e-03 1.04861967e-02 1.22572891e-02
-1.14161847e-03 6.95384224e-04 -1.40091102e-03 9.06581699e-04 3.63136263e-04 -5.83465589e-05 2.65267771e-03 -6.42731972e-03 -2.64849717e-04 -8.66893562e-04 2.84020114e-03 3.35525459e-04 5.33302606e-04 9.16449819e-04 -1.97143643e-03 -2.30438379e-03
-3.54550965e-03 4.78649978e-03 -8.83767661e-03 7.46414904e-03 2.87992274e-03 -4.35171707e-04 2.26201378e-02 -5.51857874e-02 -2.26650480e-03 -7.43222004e-03 2.43345741e-02 2.87556439e-03 4.57114028e-03 7.85330962e-03 -1.68929826e-02 -1.97451953e-02
-9.42277780e-04 3.31925949e-05 -7.99279078e-05 5.80386295e-05 1.27662379e-05 -1.16677677e-06 1.59260526e-05 -2.90623411e-05 -4.06821385e-07 -2.78373523e-06 7.87876070e-06 9.42742986e-07 1.48229594e-06 2.47158687e-06 -5.29696581e-06 -6.17674323e-06
-2.02773401e-04 -1.94961554e-03 3.36002582e-03 -3.22876731e-03 -1.16579654e-03 1.76355185e-04 -1.02193831e-02 2.50376184e-02 1.03559915e-03 3.37404641e-03 -1.10753328e-02 -1.30871835e-03 -2.08031200e-03 -3.57553922e-03 7.69172562e-03 8.99084285e-03
-2.33479193e-03 7.19596806e-04 -1.25401735e-03 1.04967889e-03 3.84459738e-04 -5.34925784e-05 2.99935881e-03 -7.31004495e-03 -3.01604945e-04 -9.84467100e-04 3.23010911e-03 3.81668331e-04 6.06691756e-04 1.04263611e-03 -2.24289624e-03 -2.62170006e-03
-3.65840993e-03 4.54468606e-03 -8.09831358e-03 6.96058944e-03 2.67479802e-03 -4.00328659e-04 2.11120881e-02 -5.13634197e-02 -2.10287352e-03 -6.89299917e-03 2.25540828e-02 2.66465242e-03 4.23612632e-03 7.27742165e-03 -1.56544317e-02 -1.82978809e-02
2.58684135e-03 -3.54695367e-03 6.49071438e-03 -5.29484916e-03 -1.98717276e-03 3.03693145e-04 -1.62661634e-02 3.95434760e-02 1.62453065e-03 5.31587936e-03 -1.74247921e-02 -2.05898378e-03 -3.27296881e-03 -5.62349334e-03 1.20968483e-02 1.41396094e-02
-4.88886843e-03 4.16410062e-03 -8.00646655e-03 6.14510523e-03 2.44825170e-03 -3.46386048e-04 1.81413926e-02 -4.39821631e-02 -1.79928064e-03 -5.92186535e-03 1.93756036e-02 2.28970591e-03 3.63998604e-03 6.25066319e-03 -1.34449694e-02 -1.57143790e-02
7.88528530e-04 2.78228108e-05 -1.08828390e-04 1.50322405e-04 5.03025476e-05 -7.74475757e-06 4.90489416e-04 -1.20393641e-03 -5.01249597e-05 -1.63026678e-04 5.35426021e-04 6.32730516e-05 1.00580168e-04 1.72885673e-04 -3.71917267e-04 -4.34735819e-04
7.82155083e-04 -5.78435138e-04 9.55195515e-04 -9.23496322e-04 -3.19464860e-04 4.82584655e-05 -2.64281128e-03 6.44198386e-03 2.65045906e-04 8.67368886e-04 -2.84167402e-03 -3.35830671e-04 -5.33848419e-04 -9.17268393e-04 1.97315402e-03 2.30633654e-03
5.29391691e-03 -5.54019446e-03 9.32993647e-03 -8.14425573e-03 -2.98693241e-03 4.53864952e-04 -2.46535633e-02 5.98043725e-02 2.46022502e-03 8.05226900e-03 -2.63953581e-02 -3.11867800e-03 -4.95720096e-03 -8.51784181e-03 1.83230042e-02 2.14172248e-02
4.00862051e-03 -6.86048716e-03 1.21700559e-02 -1.08935945e-02 -3.98665899e-03 5.98053390e-04 -3.39925513e-02 8.31598639e-02 3.43671488e-03 1.12017542e-02 -3.67647633e-02 -4.34431061e-03 -6.90561347e-03 -1.18688438e-02 2.55323034e-02 2.98446342e-02
-6.00055372e-03 9.94255301e-03 -1.77382957e-02 1.56716853e-02 6.01190981e-03 -8.94875091e-04 4.86392453e-02 -1.18673973e-01 -4.88738064e-03 -1.59570519e-02 5.23423254e-02 6.18455047e-03 9.83099174e-03 1.68949105e-02 -3.63439135e-02 -4.24818955e-02
1.17931119e-03 -7.28498620e-04 1.35137048e-03 -1.08486868e-03 -4.78930655e-04 6.92745380e-05 -3.17929173e-03 7.61707313e-03 2.93254066e-04 1.01686071e-03 -3.26160574e-03 -3.87459091e-04 -6.20138599e-04 -1.05056143e-03 2.25626701e-03 2.63303122e-03
-2.10241135e-03 -9.20403341e-04 1.59909821e-03 -1.68991566e-03 -5.91540942e-04 9.00601735e-05 -5.57323406e-03 1.36976754e-02 5.69416559e-04 1.85102143e-03 -6.08084071e-03 -7.18574214e-04 -1.14227307e-03 -1.96359120e-03 4.22416767e-03 4.93767718e-03
-1.69817754e-03 6.70221518e-04 -1.29121763e-03 1.00042718e-03 3.85684660e-04 -5.42137313e-05 2.86050816e-03 -6.91642333e-03 -2.80890701e-04 -9.27584013e-04 3.03369621e-03 3.58465768e-04 5.69901313e-04 9.78215598e-04 -2.10402627e-03 -2.45907623e-03
-1.09410752e-03 -9.22593026e-05 1.74425004e-04 -2.99120147e-04 -8.72877936e-05 1.43157031e-05 -1.12026965e-03 2.79868464e-03 1.18445023e-04 3.78654804e-04 -1.25054491e-03 -1.47772196e-04 -2.34879029e-04 -4.04398335e-04 8.70118733e-04 1.01723673e-03
5.70980646e-03 -1.09737758e-02 1.98350884e-02 -1.73128620e-02 -6.34008786e-03 9.49812704e-04 -5.34565970e-02 1.30759388e-01 5.39323594e-03 1.75971277e-02 -5.77361099e-02 -6.82223961e-03 -1.08445426e-02 -1.86375789e-02 4.00929302e-02 4.68642935e-02
-1.44276209e-03 1.21773640e-03 -2.05191318e-03 1.82250689e-03 6.82983664e-04 -1.03276703e-04 5.39756520e-03 -1.31010134e-02 -5.36214502e-04 -1.76240806e-03 5.76512748e-03 6.81317877e-04 1.08318776e-03 1.85990636e-03 -4.00053849e-03 -4.67577437e-03
-1.13299936e-02 9.46945418e-03 -1.75085086e-02 1.44453235e-02 5.41237323e-03 -8.13628896e-04 4.34093177e-02 -1.05772510e-01 -4.33001295e-03 -1.42275738e-02 4.65746447e-02 5.50366100e-03 8.74862820e-03 1.50250979e-02 -3.23188268e-02 -3.77743952e-02
6.29067887e-03 -5.30663878e-03 9.34658200e-03 -7.64434319e-03 -3.02709593e-03 4.49027895e-04 -2.36112438e-02 5.75539842e-02 2.35862751e-03 7.72225531e-03 -2.53061727e-02 -2.99004745e-03 -4.75290930e-03 -8.16594623e-03 1.75659005e-02 2.05321405e-02
2.34689447e-03 -2.14128429e-03 4.11861343e-03 -3.18755279e-03 -1.26656156e-03 1.74994173e-04 -9.51288547e-03 2.31037531e-02 9.48270259e-04 3.10549024e-03 -1.01818424e-02 -1.20317237e-03 -1.91253098e-03 -3.28580989e-03 7.06818141e-03 8.26173276e-03
-3.74352979e-03 3.19490395e-03 -5.54817542e-03 4.55197319e-03 1.75427797e-03 -2.53021950e-04 1.37500642e-02 -3.32792588e-02 -1.35815132e-03 -4.45636315e-03 1.46066891e-02 1.72630674e-03 2.74394546e-03 4.71368339e-03 -1.01394318e-02 -1.18515166e-02
6.37857104e-03 -7.58887827e-03 1.24334656e-02 -1.12274317e-02 -4.36224928e-03 6.33979449e-04 -3.34387794e-02 8.14056918e-02 3.34365061e-03 1.09453853e-02 -3.58449332e-02 -4.23557544e-03 -6.73220912e-03 -1.15679856e-02 2.48843003e-02 2.90865190e-02
