-5.92558132e-03 -6.70404173e-04 1.42063794e-03 -5.42364176e-03 -1.83825544e-03 2.32586847e-03 -2.47737803e-02 4.72954884e-02 -5.51776914e-03 7.96261244e-03 -3.37995552e-02 -3.78306070e-03 8.61201319e-04 -1.11114960e-02 8.95061158e-03 1.26123363e-02
8.24454054e-03 1.46611826e-03 -1.52537879e-03 4.81109228e-03 1.60663098e-03 -2.03083665e-03 2.16779280e-02 -4.13859673e-02 4.81549324e-03 -6.95978245e-03 2.95020360e-02 3.30132362e-03 -7.50443898e-04 9.69596300e-03 -7.81116029e-03 -1.10052824e-02
-5.02844690e-04 -6.33891788e-04 4.53171466e-04 -8.41693603e-04 -2.01441988e-04 2.51661462e-04 -2.72829412e-03 5.18981228e-03 -5.85031114e-04 8.48904019e-04 -3.58870230e-03 -4.01297730e-04 8.93617544e-05 -1.17472128e-03 9.47472523e-04 1.33295881e-03
9.24151391e-03 9.90297412e-05 -1.34100800e-03 7.80035090e-03 2.74684955e-03 -3.48699302e-03 3.69111113e-02 -7.08192512e-02 8.29466246e-03 -1.19661028e-02 5.08189984e-02 5.68893598e-03 -1.30115415e-03 1.67252608e-02 -1.34692201e-02 -1.89859141e-02
-3.21959867e-03 -3.91555950e-04 5.72073564e-04 -2.62401346e-03 -8.84569599e-04 1.12193613e-03 -1.18236626e-02 2.27442458e-02 -2.64846953e-03 3.82611109e-03 -1.62213165e-02 -1.81621965e-03 4.14581242e-04 -5.33815613e-03 4.29939106e-03 6.05929922e-03
-1.30652648e-03 -1.78564529e-04 2.99346168e-04 -1.02992752e-03 -3.30953160e-04 4.20949887e-04 -4.50571207e-03 8.62314831e-03 -9.88399144e-04 1.43198902e-03 -6.06716564e-03 -6.79012039e-04 1.51641361e-04 -1.98982283e-03 1.60540733e-03 2.25865305e-03
1.75120775e-03 8.62555113e-04 -1.15510565e-03 2.37952592e-03 7.38986884e-04 -8.97378137e-04 9.63482633e-03 -1.83269233e-02 2.07849545e-03 -3.04731890e-03 1.28623107e-02 1.43609755e-03 -3.07835377e-04 4.19016182e-03 -3.40190879e-03 -4.76041157e-03
3.45523382e-04 2.87762494e-04 -2.81003653e-04 5.93366683e-04 1.66186961e-04 -2.06968587e-04 2.21436028e-03 -4.19791602e-03 4.85121273e-04 -7.03343831e-04 2.97738030e-03 3.33040865e-04 -7.46972946e-05 9.76069598e-04 -7.87110592e-04 -1.10776245e-03
1.40190695e-03 1.99766509e-05 2.54095758e-05 -2.89973366e-04 -1.11018955e-04 1.39604250e-04 -1.47236104e-03 2.83696014e-03 -3.34616401e-04 4.81798052e-04 -2.04788311e-03 -2.29497207e-04 5.29750432e-05 -6.75669347e-04 5.43839647e-04 7.67071906e-04
-1.42824510e-03 6.68799970e-04 -3.20934196e-04 -8.59277905e-04 -3.39320803e-04 4.36863047e-04 -4.58051683e-03 8.78780801e-03 -1.04920682e-03 1.51239894e-03 -6.42731320e-03 -7.19688425e-04 1.65263278e-04 -2.11749575e-03 1.70494977e-03 2.40389979e-03
-1.77313155e-03 -2.91151926e-04 4.12729976e-04 -1.96133135e-03 -6.69840549e-04 8.44976283e-04 -8.96303914e-03 1.72110964e-02 -2.00308464e-03 2.89267581e-03 -1.22764464e-02 -1.37400860e-03 3.13289085e-04 -4.03748592e-03 3.25199473e-03 4.58299927e-03
-4.97342180e-03 -1.08232698e-03 1.56586466e-03 -5.11246035e-03 -1.70028477e-03 2.14473438e-03 -2.28764135e-02 4.37406003e-02 -5.08538308e-03 7.34200329e-03 -3.11688911e-02 -3.48935369e-03 7.92723265e-04 -1.02461129e-02 8.25502351e-03 1.16301281e-02
2.60317884e-03 1.09243731e-04 -5.42361813e-04 2.48104450e-03 8.76550330e-04 -1.10754825e-03 1.17395315e-02 -2.24936176e-02 2.63014855e-03 -3.79714672e-03 1.61184985e-02 1.80437975e-03 -4.11108020e-04 5.30103687e-03 -4.27001901e-03 -6.01722253e-03
5.33544831e-03 1.55042531e-03 -2.04706565e-03 5.28382044e-03 1.76077930e-03 -2.21088249e-03 2.36075427e-02 -4.51808646e-02 5.21929469e-03 -7.53083965e-03 3.19534354e-02 3.57770175e-03 -8.11114965e-04 1.05026122e-02 -8.46283045e-03 -1.19206905e-02
-5.77238156e-03 -9.10633476e-04 1.77341036e-03 -5.40456781e-03 -1.87398656e-03 2.38353945e-03 -2.52816621e-02 4.84156236e-02 -5.66209899e-03 8.16214643e-03 -3.46650332e-02 -3.88106820e-03 8.87308444e-04 -1.14088310e-02 9.18788742e-03 1.29507715e-02
4.14142832e-02 2.89271120e-04 -3.84846423e-03 3.01844440e-02 1.10620921e-02 -1.40634505e-02 1.48725241e-01 -2.85532922e-01 3.35192159e-02 -4.83412705e-02 2.05339521e-01 2.29904037e-02 -5.26163727e-03 6.75987378e-02 -5.44376709e-02 -7.67371133e-02
1.41864177e-03 6.85138220e-04 -4.57893388e-04 1.24584464e-03 3.59347992e-04 -4.53877263e-04 4.83862264e-03 -9.30389296e-03 1.06557936e-03 -1.53846410e-03 6.52759988e-03 7.30619184e-04 -1.66678888e-04 2.14681658e-03 -1.72900490e-03 -2.43682484e-03
-4.32450464e-03 -1.08348625e-03 1.13651401e-03 -4.25392482e-03 -1.42836361e-03 1.80205132e-03 -1.91508178e-02 3.67453583e-02 -4.27414477e-03 6.16810285e-03 -2.61780322e-02 -2.93025398e-03 6.67772721e-04 -8.61011911e-03 6.93511590e-03 9.77288838e-03
-9.27754969e-04 3.62500374e-04 -5.87935247e-05 -9.14228614e-04 -3.47511144e-04 4.42072254e-04 -4.66939341e-03 8.98250472e-03 -1.05568790e-03 1.52240321e-03 -6.46752911e-03 -7.24141253e-04 1.65760852e-04 -2.12931866e-03 1.71474833e-03 2.41718604e-03
-1.98248811e-02 1.03789615e-03 1.06942456e-03 -1.45688271e-02 -5.34884678e-03 6.79827295e-03 -7.17884377e-02 1.37954965e-01 -1.61913689e-02 2.33529266e-02 -9.91950408e-02 -1.11058541e-02 2.54167290e-03 -3.26545238e-02 2.62968969e-02 3.70689183e-02
4.86617628e-03 2.99408915e-04 -9.36320692e-04 4.18655993e-03 1.45957235e-03 -1.85080036e-03 1.96460038e-02 -3.77104171e-02 4.39346442e-03 -6.33931858e-03 2.69180015e-02 3.01327603e-03 -6.88263041e-04 8.85615963e-03 -7.13247294e-03 -1.00529278e-02
3.19136605e-02 -1.92007842e-03 -2.25057430e-03 2.71199476e-02 9.78590176e-03 -1.24308588e-02 1.31502286e-01 -2.52462536e-01 2.96209771e-02 -4.27209400e-02 1.81464478e-01 2.03167815e-02 -4.64881258e-03 5.97354509e-02 -4.81056273e-02 -6.78104013e-02
1.69088389e-03 7.71491148e-04 -6.79971650e-04 2.14780727e-03 6.92901784e-04 -8.74132966e-04 9.37029067e-03 -1.78691596e-02 2.06527649e-03 -2.98692775e-03 1.26653994e-02 1.41740975e-03 -3.20700608e-04 4.16027429e-03 -3.35271563e-03 -4.72178822e-03
-2.48971139e-03 2.30881960e-05 6.58756690e-05 -2.78021704e-04 -9.31712348e-05 1.17887626e-04 -1.24564313e-03 2.39178399e-03 -2.79487576e-04 4.03684739e-04 -1.71349815e-03 -1.91790721e-04 4.37044000e-05 -5.63443115e-04 4.53842775e-04 6.39458245e-04
-2.88994081e-04 -9.20086677e-05 8.02400318e-05 -4.40678559e-04 -1.36825664e-04 1.72824453e-04 -1.83193956e-03 3.50926770e-03 -4.08923865e-04 5.90244948e-04 -2.50559114e-03 -2.80431443e-04 6.40031867e-05 -8.24121933e-04 6.63742132e-04 9.35468473e-04
-1.27208699e-02 2.94465804e-04 1.10043061e-03 -9.78574157e-03 -3.56186973e-03 4.52289917e-03 -4.78478000e-02 9.19239819e-02 -1.07805887e-02 1.55477822e-02 -6.60423487e-02 -7.39424862e-03 1.69213628e-03 -2.17411406e-02 1.75083000e-02 2.46801842e-02
4.33211308e-03 1.94346067e-03 -2.56945984e-03 6.17392082e-03 1.90970779e-03 -2.38492247e-03 2.53835525e-02 -4.84167598e-02 5.60058374e-03 -8.11057165e-03 3.44053842e-02 3.84406326e-03 -8.64992267e-04 1.12742744e-02 -9.09153093e-03 -1.27966674e-02
7.26918341e-04 5.09776291e-04 -4.30356769e-04 5.00114984e-04 1.35178736e-04 -1.70499014e-04 1.78881257e-03 -3.40185664e-03 3.91832320e-04 -5.68717194e-04 2.40776036e-03 2.68763950e-04 -6.03029584e-05 7.87572470e-04 -6.34903146e-04 -8.93720251e-04
6.19804021e-03 -1.28841947e-03 1.01673882e-04 4.35392698e-03 1.62848760e-03 -2.07284302e-03 2.19130423e-02 -4.21203673e-02 4.94596316e-03 -7.13289343e-03 3.03002428e-02 3.39250197e-03 -7.76379893e-04 9.97499190e-03 -8.03295709e-03 -1.13234604e-02
-7.00758421e-04 -6.63123676e-04 7.62728800e-04 -1.46626146e-03 -4.33504290e-04 5.37280110e-04 -5.73210046e-03 1.10235224e-02 -1.26196363e-03 1.82902720e-03 -7.74584524e-03 -8.66452581e-04 1.94476350e-04 -2.53954623e-03 2.04784796e-03 2.88222660e-03
-4.13145171e-03 -1.54110324e-03 1.59059570e-03 -4.41653654e-03 -1.44329213e-03 1.81755563e-03 -1.94935184e-02 3.76597010e-02 -4.28956281e-03 6.21133717e-03 -2.62757223e-02 -2.94207851e-03 6.61285594e-04 -8.63920152e-03 6.97095413e-03 9.80415475e-03
3.61696002e-03 -1.17343711e-03 1.94956723e-04 3.20804259e-03 1.20456505e-03 -1.53083727e-03 1.61860287e-02 -3.11099589e-02 3.65604670e-03 -5.27235167e-03 2.23969948e-02 2.50771944e-03 -5.74009493e-04 7.37388618e-03 -5.93823660e-03 -8.37075710e-03
2.14453600e-02 8.62190500e-05 -2.23943475e-03 1.82091556e-02 6.24004006e-03 -7.91569706e-03 8.37251991e-02 -1.60892531e-01 1.88293438e-02 -2.71576047e-02 1.15332283e-01 1.29132299e-02 -2.95343087e-03 3.79643776e-02 -3.05735264e-02 -4.30958159e-02
-1.62405055e-02 -7.71119026e-04 2.25082086e-03 -1.26432776e-02 -4.59151436e-03 5.81886340e-03 -6.17296025e-02 1.18347988e-01 -1.38696022e-02 2.00013258e-02 -8.49720761e-02 -9.51194670e-03 2.17658095e-03 -2.79668160e-02 2.25218777e-02 3.17473672e-02
6.25013746e-03 -3.82762635e-04 -3.17150058e-04 4.77796234e-03 1.76840578e-03 -2.24550068e-03 2.37729326e-02 -4.56081964e-02 5.35124028e-03 -7.71719450e-03 3.27823609e-02 3.67026241e-03 -8.40010063e-04 1.07918931e-02 -8.69077817e-03 -1.22508127e-02
-6.23397809e-03 -4.79500392e-04 7.12273410e-04 -4.80204821e-03 -1.70428795e-03 2.16525444e-03 -2.29109377e-02 4.39426005e-02 -5.14426036e-03 7.42251985e-03 -3.15150693e-02 -3.52810859e-03 8.06558703e-04 -1.03716422e-02 8.35265592e-03 1.17733805e-02
-2.52453052e-03 8.26345524e-04 -1.03075188e-04 -2.33194185e-03 -8.85337940e-04 1.12541020e-03 -1.18940389e-02 2.28407141e-02 -2.68780766e-03 3.87611240e-03 -1.64664090e-02 -1.84368622e-03 4.22054145e-04 -5.42135444e-03 4.36582696e-03 6.15429506e-03
-5.97669743e-03 5.20015776e-04 4.25538077e-04 -5.15505159e-03 -1.85666827e-03 2.36111204e-03 -2.49844566e-02 4.80167046e-02 -5.62392874e-03 8.11223034e-03 -3.44521813e-02 -3.85731878e-03 8.82680295e-04 -1.13416882e-02 9.13354382e-03 1.28748519e-02
-1.73516409e-03 -1.45314145e-04 3.55918426e-04 -1.35486654e-03 -4.72840620e-04 5.97299135e-04 -6.33201096e-03 1.21302744e-02 -1.41900463e-03 2.04713689e-03 -8.69371090e-03 -9.73137096e-04 2.22329356e-04 -2.86031212e-03 2.30355747e-03 3.24684219e-03
-2.33951025e-04 -1.44525256e-04 6.66387205e-05 -3.91690155e-05 -5.26444228e-06 6.40629696e-06 -7.05813654e-05 1.25340855e-04 -1.43010493e-05 2.06338100e-05 -8.72019300e-05 -9.75557123e-06 2.22087942e-06 -2.86498689e-05 2.30738060e-05 3.25174660e-05
-2.05849321e-03 -4.59437695e-04 7.02003308e-04 -2.07697484e-03 -6.76353229e-04 8.48323223e-04 -9.02807061e-03 1.73083078e-02 -2.00163899e-03 2.89272796e-03 -1.22727975e-02 -1.37315481e-03 3.11434414e-04 -4.03135270e-03 3.24806571e-03 4.57566557e-03
5.42022195e-03 1.79357210e-03 -1.85838365e-03 6.14433177e-03 1.99958310e-03 -2.49631144e-03 2.67582238e-02 -5.10805584e-02 5.91160450e-03 -8.53473973e-03 3.61999646e-02 4.05348511e-03 -9.23350046e-04 1.19073940e-02 -9.59178712e-03 -1.35156540e-02
-1.07818411e-03 -8.16091779e-04 6.56028278e-04 -1.34670141e-03 -4.06067178e-04 5.08022029e-04 -5.39914845e-03 1.02982037e-02 -1.18042971e-03 1.70918903e-03 -7.24416412e-03 -8.09769612e-04 1.83541109e-04 -2.37641018e-03 1.91460783e-03 2.69719027e-03
3.25423665e-03 3.99149896e-04 -8.29262135e-04 2.90237344e-03 9.87302279e-04 -1.25093653e-03 1.32401688e-02 -2.54432093e-02 2.97333905e-03 -4.28883638e-03 1.82126500e-02 2.03879690e-03 -4.66244062e-04 5.99388499e-03 -4.82700672e-03 -6.80402620e-03
-4.45055077e-03 -2.16545630e-03 1.97455776e-03 -5.63726854e-03 -1.81993225e-03 2.29150057e-03 -2.44225636e-02 4.73751239e-02 -5.40984701e-03 7.81382434e-03 -3.31143886e-02 -3.71231069e-03 8.33502447e-04 -1.08953109e-02 8.78009386e-03 1.23587763e-02
5.86485723e-03 8.77951737e-04 -1.48719037e-03 5.40256873e-03 1.86332653e-03 -2.36045849e-03 2.50337627e-02 -4.80798110e-02 5.57580870e-03 -8.05024803e-03 3.41656283e-02 3.82254040e-03 -8.71945929e-04 1.12335589e-02 -9.04802606e-03 -1.27509357e-02
1.31602585e-02 5.04364213e-03 -3.61307710e-03 1.27539746e-02 4.26391931e-03 -5.38319582e-03 5.73260225e-02 -1.09398670e-01 1.26863411e-02 -1.83775797e-02 7.77531415e-02 8.69918521e-03 -1.97995431e-03 2.55580451e-02 -2.05943100e-02 -2.90108845e-02
1.03064105e-02 -8.22149217e-04 -3.18854902e-04 7.81605672e-03 2.84095085e-03 -3.61034973e-03 3.81451733e-02 -7.33058825e-02 8.60401336e-03 -1.24091832e-02 5.27092889e-02 5.90144750e-03 -1.35062623e-03 1.73522439e-02 -1.39738750e-02 -1.96980163e-02
2.28374847e-05 -1.11250347e-03 3.62987659e-04 5.53424936e-04 3.29318718e-04 -4.17324045e-04 4.44247155e-03 -8.58301017e-03 1.01199036e-03 -1.45807886e-03 6.20056456e-03 6.94369606e-04 -1.59100804e-04 2.04226957e-03 -1.64461054e-03 -2.31844140e-03
-2.59115845e-02 4.80001792e-04 1.86974287e-03 -1.92747619e-02 -7.16172019e-03 9.09968372e-03 -9.62138474e-02 1.84891671e-01 -2.17076316e-02 3.13061774e-02 -1.32985294e-01 -1.48893958e-02 3.40774772e-03 -4.37802486e-02 3.52565125e-02 4.96987700e-02
-9.05773323e-03 4.35451278e-04 4.61181364e-04 -6.34933403e-03 -2.35397392e-03 2.99091986e-03 -3.16369347e-02 6.07645847e-02 -7.13285897e-03 1.02867270e-02 -4.36963588e-02 -4.89232875e-03 1.11969165e-03 -1.43851750e-02 1.15844766e-02 1.63298547e-02
4.50760638e-03 1.05169322e-03 -1.41789101e-03 4.64824680e-03 1.52603397e-03 -1.92521431e-03 2.04183385e-02 -3.90251428e-02 4.54301387e-03 -6.56531332e-03 2.78533157e-02 3.11609195e-03 -7.07236584e-04 9.14989877e-03 -7.37275276e-03 -1.03856800e-02
-4.55563376e-03 8.68103234e-05 5.21808048e-04 -3.96698387e-03 -1.41457247e-03 1.79916818e-03 -1.90244466e-02 3.65365930e-02 -4.28092154e-03 6.17425423e-03 -2.62248814e-02 -2.93584703e-03 6.71624264e-04 -8.63159914e-03 6.95115747e-03 9.79835447e-03
-9.66782449e-04 -3.02002678e-04 4.34226124e-04 -1.29587378e-03 -4.29743901e-04 5.39423665e-04 -5.73265227e-03 1.09988656e-02 -1.27593160e-03 1.84357539e-03 -7.82399438e-03 -8.75328667e-04 1.98985508e-04 -2.57063704e-03 2.07086047e-03 2.91781453e-03
-2.74716574e-03 -9.65864165e-05 2.16960427e-04 -2.48758239e-03 -8.49864795e-04 1.07760192e-03 -1.14045450e-02 2.18967199e-02 -2.56301672e-03 3.69694806e-03 -1.57004334e-02 -1.75775250e-03 4.02145262e-04 -5.16785309e-03 4.16173413e-03 5.86638646e-03
-5.25337784e-03 -1.48848223e-03 2.03129300e-03 -5.59664611e-03 -1.80999329e-03 2.29034224e-03 -2.42864396e-02 4.70444970e-02 -5.37066907e-03 7.77617423e-03 -3.30089144e-02 -3.68762598e-03 8.31154815e-04 -1.08144609e-02 8.71949177e-03 1.22760879e-02
-2.14692089e-03 -2.46975804e-04 3.78789176e-04 -1.87990454e-03 -6.23851549e-04 7.91090366e-04 -8.38435534e-03 1.60889961e-02 -1.87825586e-03 2.71088211e-03 -1.15079759e-02 -1.28818105e-03 2.94139987e-04 -3.78588168e-03 3.04903719e-03 4.29742644e-03
-1.21380348e-04 2.50722864e-04 -1.06820851e-04 4.60663505e-05 3.12186694e-06 -1.95986809e-06 2.84140860e-05 -4.43409845e-05 3.42146450e-06 -5.11324652e-06 2.07169251e-05 2.27688088e-06 -4.53824953e-07 6.49173990e-06 -5.24717871e-06 -7.34186506e-06
3.16564343e-04 -1.24455849e-03 4.97412402e-04 1.57634937e-03 6.16357662e-04 -7.85848359e-04 8.28175526e-03 -1.59622487e-02 1.88142550e-03 -2.71356967e-03 1.15255583e-02 1.29086443e-03 -2.95587379e-04 3.79612134e-03 -3.05701909e-03 -4.30936553e-03
3.18040210e-03 -9.35182732e-04 9.43678606e-05 3.09698936e-03 1.15848263e-03 -1.47272914e-03 1.55682946e-02 -2.99290698e-02 3.51495296e-03 -5.06911753e-03 2.15333812e-02 2.41094572e-03 -5.51801175e-04 7.08908914e-03 -5.70888817e-03 -8.04744381e-03
-2.10065831e-04 -1.04040504e-04 1.24636688e-04 -2.27255019e-04 -7.21649485e-05 9.06369751e-05 -9.66505148e-04 1.84387132e-03 -2.13328021e-04 3.08271905e-04 -1.30755396e-03 -1.46277380e-04 3.32409436e-05 -4.29525448e-04 3.46014451e-04 4.87519836e-04
4.15914808e-04 -1.22243387e-03 6.24921347e-04 1.13222239e-04 6.78021170e-05 -8.79185027e-05 9.26219393e-04 -1.83479686e-03 2.23093608e-04 -3.20979510e-04 1.36445451e-03 1.53400310e-04 -3.53819050e-05 4.51938540e-04 -3.63955012e-04 -5.13139181e-04
7.10808299e-03 -2.36721127e-04 -6.58991456e-04 5.05232951e-03 1.82012597e-03 -2.31429026e-03 2.45002583e-02 -4.70311642e-02 5.50106075e-03 -7.93631189e-03 3.37022245e-02 3.77318636e-03 -8.61783337e-04 1.10901855e-02 -8.93175602e-03 -1.25888260e-02
2.76397914e-03 2.45215418e-03 -1.54574029e-03 4.23997035e-03 1.36645872e-03 -1.72604166e-03 1.84230171e-02 -3.52036245e-02 4.08844976e-03 -5.90020558e-03 2.50530541e-02 2.80370866e-03 -6.40573911e-04 8.24058335e-03 -6.63644588e-03 -9.35418252e-03
6.17476646e-04 3.04188306e-05 -3.01311411e-05 1.01325233e-04 3.35977384e-05 -4.22769481e-05 4.47961502e-04 -8.57283652e-04 1.00089346e-04 -1.44475460e-04 6.13335927e-04 6.86465282e-05 -1.56727801e-05 2.01745948e-04 -1.62481621e-04 -2.29005775e-04
7.24158203e-03 1.40850747e-03 -2.13880884e-03 7.50536378e-03 2.52217986e-03 -3.16622248e-03 3.37292440e-02 -6.47522658e-02 7.48450635e-03 -1.08072944e-02 4.58871536e-02 5.13293780e-03 -1.16713194e-03 1.50775341e-02 -1.21458387e-02 -1.71144530e-02
-4.41076048e-03 -7.74354034e-04 1.09087687e-03 -3.23653035e-03 -1.07899657e-03 1.36651879e-03 -1.45637188e-02 2.78299414e-02 -3.23659810e-03 4.67366120e-03 -1.98407266e-02 -2.21971306e-03 5.06521726e-04 -6.52305782e-03 5.25376201e-03 7.40448106e-03
-1.46195581e-02 -9.56836389e-04 1.35510997e-03 -1.16400663e-02 -4.10839031e-03 5.22843283e-03 -5.52337132e-02 1.06045343e-01 -1.24410149e-02 1.79441068e-02 -7.62236640e-02 -8.53346754e-03 1.95216597e-03 -2.50885058e-02 2.02041436e-02 2.84801163e-02
-4.15731804e-04 -2.11357969e-04 2.39179019e-04 -6.77814533e-04 -2.13761756e-04 2.67179188e-04 -2.85980129e-03 5.45952888e-03 -6.26913214e-04 9.09004360e-04 -3.85194272e-03 -4.30773740e-04 9.64109931e-05 -1.26225490e-03 1.01810822e-03 1.43266714e-03
-3.44021071e-04 1.16017218e-04 1.22701304e-05 -4.70915955e-04 -1.77379363e-04 2.24019474e-04 -2.36556376e-03 4.54979576e-03 -5.34968975e-04 7.71311694e-04 -3.27691832e-03 -3.66923428e-04 8.40754437e-05 -1.07911951e-03 8.68964300e-04 1.22502435e-03
1.18573327e-02 2.71184114e-03 -4.78811655e-03 1.03253033e-02 3.51348566e-03 -4.44966508e-03 4.72024642e-02 -9.03704539e-02 1.05401613e-02 -1.52182784e-02 6.45796359e-02 7.22959684e-03 -1.64497271e-03 2.12354697e-02 -1.71073005e-02 -2.41044257e-02
-5.97730931e-03 -2.65541021e-05 5.68047282e-04 -4.42861160e-03 -1.57078856e-03 1.99048431e-03 -2.10678708e-02 4.04236130e-02 -4.73763235e-03 6.83523342e-03 -2.90238969e-02 -3.24918306e-03 7.42742443e-04 -9.55135282e-03 7.69209163e-03 1.08422264e-02
1.54394088e-02 5.24245203e-03 -3.73832020e-03 1.57534424e-02 5.29793510e-03 -6.70711091e-03 7.14625940e-02 -1.36485100e-01 1.58870909e-02 -2.29398888e-02 9.73712578e-02 1.08946031e-02 -2.48548458e-03 3.20145413e-02 -2.57849898e-02 -3.63395698e-02
1.06873997e-02 -6.62442879e-04 -8.19598790e-04 8.61676782e-03 3.13890120e-03 -3.98139423e-03 4.21658605e-02 -8.09232369e-02 9.48099140e-03 -1.36738475e-02 5.80816939e-02 6.50263438e-03 -1.48806570e-03 1.91194415e-02 -1.53970327e-02 -2.17040535e-02
-4.52267122e-05 -7.50848791e-04 6.52698218e-04 -9.23708198e-04 -2.93014658e-04 3.64338950e-04 -3.89255956e-03 7.39134056e-03 -8.55687482e-04 1.23660953e-03 -5.24351979e-03 -5.86858892e-04 1.32453613e-04 -1.72106375e-03 1.38706947e-03 1.95325469e-03
-1.98531081e-04 8.54595273e-04 -5.62390254e-04 6.30532159e-04 1.48063482e-04 -1.72693224e-04 1.85650005e-03 -3.58503778e-03 3.91139882e-04 -5.71301323e-04 2.40134564e-03 2.69645854e-04 -5.72405006e-05 7.83614872e-04 -6.34623051e-04 -8.88763694e-04
-6.23368192e-03 -7.46019999e-04 1.12850999e-03 -5.97357005e-03 -2.00320664e-03 2.54479935e-03 -2.69005485e-02 5.16670942e-02 -6.03230624e-03 8.70881695e-03 -3.69747803e-02 -4.13792254e-03 9.44354688e-04 -1.21606747e-02 9.79425758e-03 1.38036441e-02
2.02321205e-02 1.70991290e-04 -2.55644205e-03 1.53999412e-02 5.63555537e-03 -7.14617223e-03 7.55914003e-02 -1.45195916e-01 1.70235299e-02 -2.45520622e-02 1.04289211e-01 1.16758216e-02 -2.67183338e-03 3.43298800e-02 -2.76461020e-02 -3.89706381e-02
-3.79273528e-03 -9.59010096e-04 1.25221990e-03 -3.57434549e-03 -1.17755611e-03 1.49040262e-03 -1.58463400e-02 3.03734932e-02 -3.51913646e-03 5.08580124e-03 -2.15713698e-02 -2.41415459e-03 5.47218136e-04 -7.08683906e-03 5.71006350e-03 8.04359186e-03
-7.39853643e-03 -9.86407744e-04 2.06099451e-03 -7.08665233e-03 -2.35203467e-03 2.97422800e-03 -3.15449424e-02 6.04116395e-02 -7.04326946e-03 1.01721426e-02 -4.31674123e-02 -4.83148731e-03 1.09835935e-03 -1.41896447e-02 1.14313532e-02 1.61058269e-02
1.54651434e-03 1.11548370e-03 -5.60531102e-04 1.93412532e-03 5.67003852e-04 -7.12016190e-04 7.62472488e-03 -1.45793259e-02 1.67874421e-03 -2.42472324e-03 1.02846688e-02 1.15098187e-03 -2.62266753e-04 3.38140898e-03 -2.72351294e-03 -3.83807067e-03
-4.47967881e-03 -8.24457849e-04 1.22622179e-03 -4.00230521e-03 -1.35827647e-03 1.71917060e-03 -1.82931796e-02 3.49630490e-02 -4.06755274e-03 5.87000931e-03 -2.49136388e-02 -2.78882869e-03 6.36514218e-04 -8.19576718e-03 6.60092849e-03 9.30315256e-03
1.63965253e-03 1.21340432e-04 -2.46559270e-04 8.60616623e-04 2.85864924e-04 -3.62767722e-04 3.83051718e-03 -7.32782716e-03 8.57789011e-04 -1.23783748e-03 5.25366189e-03 5.88192546e-04 -1.34179543e-04 1.72835332e-03 -1.39202818e-03 -1.96185522e-03
-6.65718922e-03 -4.36709030e-04 1.09800335e-03 -5.29049523e-03 -1.85052934e-03 2.34274426e-03 -2.48363446e-02 4.76632006e-02 -5.56881027e-03 8.03572033e-03 -3.41173187e-02 -3.81928892e-03 8.72753386e-04 -1.12266820e-02 9.04138014e-03 1.27438242e-02
4.19498095e-03 -2.58074549e-04 -2.24241696e-04 3.35810147e-03 1.22304610e-03 -1.55397458e-03 1.64427031e-02 -3.15650962e-02 3.70470900e-03 -5.34298690e-03 2.26956904e-02 2.54103332e-03 -5.81534288e-04 7.47143477e-03 -6.01679692e-03 -8.48146621e-03
7.87561387e-03 8.19987967e-04 -9.87972599e-04 6.14123838e-03 2.15827627e-03 -2.74160644e-03 2.89850477e-02 -5.55982962e-02 6.51507219e-03 -9.39921010e-03 3.99182811e-02 4.46819142e-03 -1.02173642e-03 1.31356651e-02 -1.05784722e-02 -1.49110742e-02
7.61208683e-03 3.17098433e-03 -3.01014027e-03 7.57506303e-03 2.42869137e-03 -3.03762290e-03 3.25090550e-02 -6.22375011e-02 7.15135364e-03 -1.03562949e-02 4.40041088e-02 4.91225719e-03 -1.10602728e-03 1.44117046e-02 -1.16212200e-02 -1.63577273e-02
-6.11919793e-04 1.27773639e-03 -9.83262085e-04 1.27499574e-03 2.90139753e-04 -3.16053396e-04 3.53155634e-03 -6.75541349e-03 7.07349158e-04 -1.03681174e-03 4.36236057e-03 4.88136662e-04 -1.02346225e-04 1.41832337e-03 -1.15073414e-03 -1.60955824e-03
-2.40336871e-03 -1.55803910e-03 1.45336415e-03 -3.97325074e-03 -1.31825858e-03 1.66762155e-03 -1.77207794e-02 3.38422433e-02 -3.94109357e-03 5.69156371e-03 -2.41736732e-02 -2.70363968e-03 6.14379591e-04 -7.93942716e-03 6.39588106e-03 9.01153591e-03
-8.84763664e-04 -1.20223951e-04 2.00997645e-04 -9.25584463e-04 -3.24365508e-04 4.10811423e-04 -4.35253093e-03 8.34730826e-03 -9.74801194e-04 1.40712108e-03 -5.97504713e-03 -6.68659981e-04 1.52428780e-04 -1.96455163e-03 1.58239296e-03 2.22995202e-03
1.04449661e-02 5.89823350e-04 -1.82844279e-03 9.67099704e-03 3.40760476e-03 -4.32461454e-03 4.57053892e-02 -8.76356140e-02 1.02647906e-02 -1.48073183e-02 6.28857911e-02 7.03974953e-03 -1.60909246e-03 2.06939261e-02 -1.66660268e-02 -2.34907679e-02
3.07328138e-03 9.71490284e-04 -1.02480559e-03 3.21157463e-03 1.08181476e-03 -1.37193815e-03 1.45809818e-02 -2.79060826e-02 3.24909505e-03 -4.68990952e-03 1.99155770e-02 2.22867494e-03 -5.07235585e-04 6.54565357e-03 -5.27259475e-03 -7.42973946e-03
-6.59265323e-03 -1.85568561e-03 2.85922713e-03 -6.93829823e-03 -2.38169637e-03 3.00963083e-03 -3.20806839e-02 6.15047850e-02 -7.13437237e-03 1.02848802e-02 -4.36751582e-02 -4.89058532e-03 1.11562700e-03 -1.43701583e-02 1.15735289e-02 1.63114015e-02
-5.42305270e-03 4.05586266e-04 4.58663068e-04 -4.65881266e-03 -1.71617838e-03 2.18072161e-03 -2.30656192e-02 4.43010591e-02 -5.19914459e-03 7.49834906e-03 -3.18512395e-02 -3.56607605e-03 8.16122105e-04 -1.04852375e-02 8.44382960e-03 1.19026899e-02
-7.33337540e-04 1.20839308e-04 9.32571311e-06 -5.16627217e-04 -1.90270206e-04 2.42131602e-04 -2.56101531e-03 4.91995830e-03 -5.77244908e-04 8.32558319e-04 -3.53636104e-03 -3.95924842e-04 9.05892666e-05 -1.16408966e-03 9.37456905e-04 1.32144906e-03
-2.82220030e-03 -2.46142969e-03 2.99678347e-03 -5.72926551e-03 -1.62735383e-03 2.01026723e-03 -2.15634331e-02 4.17301655e-02 -4.65389714e-03 6.77789096e-03 -2.85959393e-02 -3.19916871e-03 7.02534104e-04 -9.36320331e-03 7.58085959e-03 1.06307613e-02
2.25500902e-03 6.40123896e-03 -6.31174725e-03 1.33086648e-02 3.84070352e-03 -4.70512547e-03 5.08765653e-02 -9.62086469e-02 1.11025246e-02 -1.60989873e-02 6.83529675e-02 7.65658589e-03 -1.70213997e-03 2.23864522e-02 -1.80896614e-02 -2.54087225e-02
2.11128569e-03 4.18698939e-04 -2.36778753e-04 1.68708689e-03 5.77096944e-04 -7.31249806e-04 7.73570780e-03 -1.48594510e-02 1.74042187e-03 -2.51013227e-03 1.06602442e-02 1.19352934e-03 -2.72932986e-04 3.50870541e-03 -2.82563455e-03 -3.98293370e-03
3.00191343e-03 -1.22896745e-05 -1.93355023e-04 2.29864428e-03 8.27466662e-04 -1.05053198e-03 1.11145750e-02 -2.14016568e-02 2.49799318e-03 -3.60384118e-03 1.53047871e-02 1.71336066e-03 -3.91871581e-04 5.03717456e-03 -4.05653846e-03 -5.71802724e-03
1.52165082e-03 -2.38983484e-04 -1.10186047e-04 1.55044545e-03 5.66989940e-04 -7.20757351e-04 7.62201846e-03 -1.46368500e-02 1.71719643e-03 -2.47669639e-03 1.05202524e-02 1.17777486e-03 -2.69471609e-04 3.46282264e-03 -2.78865523e-03 -3.93091561e-03
3.39816371e-03 1.13734347e-03 -1.16887200e-03 2.72374554e-03 8.87806469e-04 -1.12551940e-03 1.19321868e-02 -2.29112189e-02 2.67092581e-03 -3.85323563e-03 1.63639933e-02 1.83140766e-03 -4.18148644e-04 5.38201537e-03 -4.33449587e-03 -6.10917388e-03
-4.19251714e-03 -1.66032847e-03 2.21242360e-03 -4.73120483e-03 -1.51001196e-03 1.90114637e-03 -2.03066487e-02 3.88063453e-02 -4.47340589e-03 6.47225371e-03 -2.74662226e-02 -3.07331816e-03 6.88787608e-04 -9.00613610e-03 7.26280408e-03 1.02224378e-02
4.77374997e-03 2.73812970e-04 -6.41893886e-04 3.71930795e-03 1.31159858e-03 -1.66637171e-03 1.76529419e-02 -3.38925943e-02 3.96333588e-03 -5.71712153e-03 2.42820196e-02 2.71814456e-03 -6.21591753e-04 7.99081940e-03 -6.43518660e-03 -9.07086488e-03
-3.17287678e-03 1.08542503e-04 2.34318111e-04 -2.32322095e-03 -8.47999472e-04 1.07727142e-03 -1.13856159e-02 2.18685921e-02 -2.56681652e-03 3.70182935e-03 -1.57242585e-02 -1.76048547e-03 4.02901176e-04 -5.17641054e-03 4.16859798e-03 5.87618258e-03
1.54077704e-03 5.09934209e-04 -2.69179873e-04 3.70953610e-04 1.13880153e-04 -1.45742495e-04 1.52283581e-03 -2.89886724e-03 3.39663413e-04 -4.90409613e-04 2.08163704e-03 2.32911523e-04 -5.32462145e-05 6.84611849e-04 -5.51330100e-04 -7.77136360e-04
7.93084875e-03 3.98632837e-04 -1.18930568e-03 6.36467105e-03 2.21860735e-03 -2.81554949e-03 2.96986308e-02 -5.70411608e-02 6.67967461e-03 -9.63859446e-03 4.09178101e-02 4.58065514e-03 -1.04721671e-03 1.34659410e-02 -1.08447075e-02 -1.52858039e-02
-4.27791197e-03 6.85037929e-04 1.43482277e-04 -3.63957370e-03 -1.30938739e-03 1.66379102e-03 -1.75955761e-02 3.38184685e-02 -3.96774337e-03 5.72222332e-03 -2.43059974e-02 -2.72135297e-03 6.22742868e-04 -8.00142810e-03 6.44362252e-03 9.08307638e-03
-2.58820225e-03 -5.93096716e-04 4.40811302e-04 -1.56766281e-03 -5.21159614e-04 6.58965844e-04 -7.02565303e-03 1.33901788e-02 -1.56675989e-03 2.25874456e-03 -9.59330332e-03 -1.07396545e-03 2.45666830e-04 -3.15753557e-03 2.54280958e-03 3.58434115e-03
-4.38791281e-03 1.08159590e-03 -1.89321236e-05 -3.95376282e-03 -1.47832406e-03 1.87940313e-03 -1.98671017e-02 3.81874330e-02 -4.48444346e-03 6.46731118e-03 -2.74726879e-02 -3.07592121e-03 7.03992439e-04 -9.04434267e-03 7.28346547e-03 1.02670211e-02
4.63281944e-03 9.95123293e-04 -9.11258860e-04 3.63937044e-03 1.20960153e-03 -1.53174298e-03 1.62540935e-02 -3.12146898e-02 3.62340570e-03 -5.23475884e-03 2.22068131e-02 2.48510973e-03 -5.67642855e-04 7.30444305e-03 -5.88258915e-03 -8.29150435e-03
-6.31876988e-03 -2.26175645e-04 1.02507416e-03 -5.22027910e-03 -1.85889308e-03 2.36277399e-03 -2.50071138e-02 4.79671210e-02 -5.61729446e-03 8.10263958e-03 -3.44118439e-02 -3.85247287e-03 8.81199667e-04 -1.13261491e-02 9.12114885e-03 1.28570907e-02
4.00409149e-03 6.23800093e-04 -9.83714126e-04 3.76721821e-03 1.29735062e-03 -1.63972413e-03 1.73557252e-02 -3.32795084e-02 3.89909511e-03 -5.62508916e-03 2.38854326e-02 2.67388579e-03 -6.11195515e-04 7.86012132e-03 -6.33009709e-03 -8.92236829e-03
4.72080137e-05 1.20295474e-04 -3.23543463e-05 -1.90049919e-04 -7.29054736e-05 9.27195360e-05 -9.80353332e-04 1.88325986e-03 -2.21802751e-04 3.19857209e-04 -1.35880720e-03 -1.52145018e-04 3.48265094e-05 -4.47379105e-04 3.60276666e-04 5.07861492e-04
-2.36603781e-03 9.76285082e-05 2.32109640e-04 -2.15531187e-03 -7.25907506e-04 9.22562729e-04 -9.76192765e-03 1.87277906e-02 -2.19186232e-03 3.16297403e-03 -1.34253614e-02 -1.50315976e-03 3.43613938e-04 -4.41882154e-03 3.55871115e-03 5.01602842e-03
-4.77719586e-03 -1.07753859e-03 7.11766246e-04 -3.78218549e-03 -1.27781811e-03 1.62396743e-03 -1.72255002e-02 3.29319350e-02 -3.85748572e-03 5.56481443e-03 -2.36322004e-02 -2.64525320e-03 6.04905072e-04 -7.77633861e-03 6.26246771e-03 8.82737804e-03
-1.07483109e-02 1.19123841e-04 8.92246608e-04 -7.76297133e-03 -2.80780694e-03 3.56714707e-03 -3.77042107e-02 7.24233910e-02 -8.49823002e-03 1.22563969e-02 -5.20609021e-02 -5.82883274e-03 1.33396999e-03 -1.71386041e-02 1.38018299e-02 1.94554832e-02
2.12312974e-02 -4.25391365e-04 -1.97766325e-03 1.64197087e-02 5.90990065e-03 -7.49752205e-03 7.92537183e-02 -1.52182683e-01 1.78215560e-02 -2.57053450e-02 1.09179653e-01 1.22227427e-02 -2.79667415e-03 3.59372757e-02 -2.89406795e-02 -4.07951511e-02
-7.52421154e-04 -3.15266050e-04 3.53078911e-04 -8.65445938e-04 -2.73102080e-04 3.36850499e-04 -3.62266484e-03 6.97959866e-03 -7.90741178e-04 1.14785798e-03 -4.85063018e-03 -5.43670962e-04 1.19998338e-04 -1.59144390e-03 1.28472981e-03 1.80616486e-03
-6.14362443e-03 8.95677367e-05 4.56841197e-04 -4.43834625e-03 -1.57408672e-03 2.00004270e-03 -2.11477112e-02 4.06346172e-02 -4.75959666e-03 6.86501386e-03 -2.91590355e-02 -3.26447887e-03 7.46943231e-04 -9.59803909e-03 7.72939483e-03 1.08954851e-02
-2.23874042e-04 1.54445763e-04 -1.25852355e-04 9.34110576e-05 1.69309824e-05 -2.03302152e-05 2.22994262e-04 -4.20222059e-04 4.70712439e-05 -6.81110396e-05 2.88486917e-04 3.22072628e-05 -7.23231005e-06 9.43363848e-05 -7.60269395e-05 -1.07040039e-04
-1.32695807e-03 -5.97368053e-05 1.28395724e-04 -7.13673886e-04 -2.46033014e-04 3.12301563e-04 -3.30415391e-03 6.33685244e-03 -7.41520431e-04 1.06985564e-03 -4.54289420e-03 -5.08516736e-04 1.16207128e-04 -1.49472035e-03 1.20376865e-03 1.69672130e-03
-1.70317758e-02 1.64023135e-04 1.81781163e-03 -1.30552351e-02 -4.66204854e-03 5.92231564e-03 -6.26131520e-02 1.20353989e-01 -1.41073363e-02 2.03468613e-02 -8.64219293e-02 -9.67552885e-03 2.21398030e-03 -2.84482390e-02 2.29096208e-02 3.22938561e-02
1.68897305e-03 2.05644465e-04 -3.22283915e-04 1.67165301e-03 5.61106543e-04 -7.10544933e-04 7.51845632e-03 -1.44106802e-02 1.68474007e-03 -2.43147579e-03 1.03221387e-02 1.15547609e-03 -2.64005270e-04 3.39635136e-03 -2.73526181e-03 -3.85532365e-03
1.20683741e-02 1.17226294e-03 -2.38202675e-03 1.05218431e-02 3.61292879e-03 -4.58646705e-03 4.85201962e-02 -9.31957439e-02 1.09005813e-02 -1.57285258e-02 6.67847171e-02 7.47558661e-03 -1.70797703e-03 2.19726283e-02 -1.76958721e-02 -2.49418616e-02
-5.03581949e-03 -1.41979440e-03 1.29366165e-03 -3.95713141e-03 -1.37786206e-03 1.74321188e-03 -1.84440799e-02 3.54489498e-02 -4.12199460e-03 5.94884157e-03 -2.52568386e-02 -2.82672257e-03 6.45782857e-04 -8.30818620e-03 6.69097574e-03 9.43089556e-03
-1.38399797e-03 -9.45634441e-04 8.69314710e-04 -7.20028765e-04 -1.82556862e-04 2.22827774e-04 -2.39140214e-03 4.52380441e-03 -5.22071612e-04 7.53062544e-04 -3.19612585e-03 -3.57615121e-04 8.14251034e-05 -1.05021766e-03 8.45863135e-04 1.19204528e-03
-4.50074353e-04 9.85863968e-04 -3.86932312e-04 -3.45147564e-04 -1.78860835e-04 2.31093218e-04 -2.39577028e-03 4.65067057e-03 -5.57026593e-04 8.03482428e-04 -3.41541250e-03 -3.82456172e-04 8.78656065e-05 -1.12561299e-03 9.06391244e-04 1.27790682e-03
-1.29620973e-02 -1.30902347e-03 1.11568568e-03 -1.07261790e-02 -3.70353577e-03 4.68992488e-03 -4.95872833e-02 9.52035934e-02 -1.11434385e-02 1.60787478e-02 -6.82703406e-02 -7.64300209e-03 1.74842123e-03 -2.24701222e-02 1.80955455e-02 2.55074259e-02
