-2.96525694e-02 9.10163112e-03 1.87211931e-02 6.47046929e-03 -2.16426421e-03 1.20554073e-02 -1.21862143e-02 3.49011682e-02 -2.64433660e-02 1.75561849e-03 -2.29463391e-02 -1.20048625e-02 -1.31433131e-03 -9.82617959e-04 9.78474622e-04 2.41295528e-02
4.64009680e-03 6.47963898e-04 -5.09539095e-05 6.21436979e-04 7.74394503e-05 9.64929786e-05 3.99278710e-04 -6.31343282e-05 -2.94961006e-04 -3.42435233e-05 -1.96244917e-04 -1.54626046e-04 -1.91039417e-05 -3.03436082e-06 8.01225724e-06 3.23384942e-04
-5.08220168e-03 1.49304210e-03 3.44542949e-03 1.14143384e-03 -3.89653083e-04 2.19586166e-03 -2.20073806e-03 6.37897803e-03 -4.81756544e-03 3.20434250e-04 -4.18236619e-03 -2.18863599e-03 -2.39595844e-04 -1.79455004e-04 1.78573799e-04 4.39939415e-03
4.66326997e-02 -1.48642100e-02 -2.97230631e-02 -1.08285528e-02 3.36532295e-03 -1.92287043e-02 1.88226625e-02 -5.53414039e-02 4.22520489e-02 -2.75956560e-03 3.66074294e-02 1.92140061e-02 2.10627983e-03 1.56235043e-03 -1.56137149e-03 -3.86382788e-02
-3.43002304e-02 1.14605781e-02 2.30350289e-02 8.51377565e-03 -2.61007645e-03 1.49450870e-02 -1.45802656e-02 4.30418514e-02 -3.28156650e-02 2.15183594e-03 -2.84269918e-02 -1.49214249e-02 -1.63551758e-03 -1.21465290e-03 1.21314335e-03 3.00052483e-02
-7.38904299e-03 2.23298068e-03 4.68436489e-03 1.52352359e-03 -5.54462662e-04 3.02863866e-03 -3.18980380e-03 8.95446911e-03 -6.60021743e-03 4.59854375e-04 -5.77151217e-03 -2.99395085e-03 -3.26244655e-04 -2.53558333e-04 2.48597353e-04 6.01170026e-03
3.38839516e-02 -1.10485675e-02 -2.33686175e-02 -8.02479498e-03 2.72952649e-03 -1.50218084e-02 1.53786857e-02 -4.38763089e-02 3.28424089e-02 -2.30641966e-03 2.88172010e-02 1.49109922e-02 1.62414636e-03 1.27652660e-03 -1.25306193e-03 -2.99474783e-02
-5.73607511e-04 3.70133755e-04 4.81732655e-04 3.08117917e-04 -4.75228953e-05 3.40639264e-04 -2.79684522e-04 9.57031734e-04 -7.65598787e-04 4.38078605e-05 -6.54170697e-04 -3.50101676e-04 -3.86729989e-05 -2.71853714e-05 2.78198477e-05 7.05778250e-04
1.06957331e-02 -3.44744953e-03 -6.85806153e-03 -2.65966379e-03 7.60801195e-04 -4.44699451e-03 4.28381888e-03 -1.27700493e-02 9.80155542e-03 -6.32929092e-04 8.47850926e-03 4.45968052e-03 4.89199883e-04 3.61234153e-04 -3.61786835e-04 -8.97000171e-03
-2.01080348e-02 7.02845072e-03 1.35056395e-02 5.11279330e-03 -1.53742346e-03 8.81982874e-03 -8.65470897e-03 2.55016796e-02 -1.93919111e-02 1.26640568e-03 -1.68015640e-02 -8.81794002e-03 -9.66504624e-04 -7.17553077e-04 7.16850744e-04 1.77315716e-02
-1.78323593e-02 5.87671297e-03 1.19199445e-02 4.31610039e-03 -1.36559131e-03 7.72050582e-03 -7.61171896e-03 2.23149024e-02 -1.69486385e-02 1.11479743e-03 -1.46958949e-02 -7.70552130e-03 -8.44349212e-04 -6.27953152e-04 6.26798137e-04 1.54933315e-02
-3.19590978e-02 9.89426393e-03 2.06178147e-02 7.18021533e-03 -2.37398432e-03 1.32479174e-02 -1.32914782e-02 3.84115428e-02 -2.90750638e-02 1.92229054e-03 -2.52363011e-02 -1.32125160e-02 -1.44658424e-03 -1.08220370e-03 1.07747596e-03 2.65585128e-02
1.36377793e-02 -4.21639951e-03 -8.56601913e-03 -2.98010372e-03 1.00464711e-03 -5.52277500e-03 5.53982193e-03 -1.59617905e-02 1.20950313e-02 -8.07393517e-04 1.05060106e-02 5.49420109e-03 6.01339096e-04 4.50614112e-04 -4.48218634e-04 -1.10422866e-02
2.95684859e-02 -8.79182667e-03 -1.90009791e-02 -6.45302050e-03 2.22094916e-03 -1.21375611e-02 1.23932082e-02 -3.54523249e-02 2.65705176e-02 -1.76813244e-03 2.30475385e-02 1.20560946e-02 1.31917058e-03 9.91076115e-04 -9.84970946e-04 -2.42295247e-02
-2.56737918e-02 7.66526163e-03 1.60605088e-02 5.62571641e-03 -1.80336088e-03 1.02511393e-02 -1.01952571e-02 2.95881964e-02 -2.24943869e-02 1.47028232e-03 -1.94747411e-02 -1.02186082e-02 -1.11994636e-03 -8.31522979e-04 8.30630015e-04 2.05470547e-02
1.57504037e-01 -4.99935374e-02 -9.96578857e-02 -3.75131816e-02 1.11508546e-02 -6.45471960e-02 6.27604499e-02 -1.85490564e-01 1.42018989e-01 -9.24733840e-03 1.23004310e-01 6.45926148e-02 7.08152913e-03 5.24971308e-03 -5.24804508e-03 -1.29897445e-01
-2.88193151e-02 1.05869677e-02 2.06503663e-02 8.02478474e-03 -2.29739910e-03 1.34225450e-02 -1.29574938e-02 3.85167673e-02 -2.95746550e-02 1.92263513e-03 -2.56131049e-02 -1.34526137e-02 -1.47495046e-03 -1.09308132e-03 1.09291077e-03 2.70543117e-02
-3.52761410e-02 1.13844648e-02 2.33160071e-02 8.52996670e-03 -2.64371512e-03 1.50706740e-02 -1.47801219e-02 4.34707776e-02 -3.31313722e-02 2.16728216e-03 -2.87026539e-02 -1.50616867e-02 -1.65082293e-03 -1.22613227e-03 1.22450490e-03 3.02866232e-02
-1.09102596e-02 3.78106860e-03 7.36273872e-03 2.77220178e-03 -8.28929478e-04 4.78511350e-03 -4.66145482e-03 1.37629323e-02 -1.05282404e-02 6.85961044e-04 -9.11903288e-03 -4.78814542e-03 -5.24929666e-04 -3.89192748e-04 3.89042456e-04 9.62900463e-03
-9.80011895e-02 3.18149030e-02 6.29728362e-02 2.37637721e-02 -7.08797062e-03 4.08788919e-02 -3.96663174e-02 1.17453881e-01 -8.98998901e-02 5.85612189e-03 -7.78703988e-02 -4.08890769e-02 -4.48279688e-03 -3.32330656e-03 3.32219247e-03 8.22288021e-02
2.15865448e-02 -6.59202738e-03 -1.33968089e-02 -4.72274842e-03 1.54192280e-03 -8.64430983e-03 8.65261629e-03 -2.51116045e-02 1.89454462e-02 -1.24750496e-03 1.64295062e-02 8.61076266e-03 9.43415042e-04 7.01891084e-04 -7.00457080e-04 -1.73118878e-02
1.12320725e-02 5.39403642e-04 1.63357891e-03 1.95313268e-03 -4.79514856e-05 1.08396774e-03 -6.19234226e-04 3.05340113e-03 -2.57224450e-03 1.54591224e-04 -2.21426412e-03 -1.17688533e-03 -1.29496038e-04 -9.41708640e-05 9.51462280e-05 2.37064273e-03
1.39600188e-02 -4.29301010e-03 -9.22863465e-03 -3.20198853e-03 1.05964299e-03 -5.93959447e-03 5.99452807e-03 -1.72430333e-02 1.30253602e-02 -8.66038841e-04 1.13088982e-02 5.91868954e-03 6.47999463e-04 4.85353114e-04 -4.82805364e-04 -1.18973916e-02
-3.53007531e-03 7.18890980e-04 1.42388360e-03 4.95748594e-04 -1.62672892e-04 9.22058243e-04 -9.11568699e-04 2.66363728e-03 -2.02083355e-03 1.34766145e-04 -1.75654411e-03 -9.18481150e-04 -1.00547928e-04 -7.55542787e-05 7.49793835e-05 1.84598856e-03
1.39887277e-02 -5.01900725e-03 -9.91059560e-03 -3.84822977e-03 1.10048661e-03 -6.43210812e-03 6.21449947e-03 -1.84763018e-02 1.41712576e-02 -9.20863647e-04 1.22719575e-02 6.44622138e-03 7.06786872e-04 5.23692695e-04 -5.23659750e-04 -1.29640009e-02
-6.30617514e-02 2.07469594e-02 4.11945693e-02 1.54986419e-02 -4.62535443e-03 2.67015267e-02 -2.59577353e-02 7.68000782e-02 -5.87605201e-02 3.82590317e-03 -5.08937612e-02 -2.67253909e-02 -2.92999228e-03 -2.17212201e-03 2.17141164e-03 5.37454709e-02
1.18145552e-02 -2.49062013e-03 -7.03571737e-03 -1.35514850e-03 8.98957078e-04 -4.29956988e-03 4.81400825e-03 -1.27211576e-02 9.22096148e-03 -6.81803911e-04 8.16509780e-03 4.16746270e-03 4.52806649e-04 3.56728444e-04 -3.48331232e-04 -8.35843664e-03
4.38017435e-02 -1.51023874e-02 -3.05280779e-02 -1.15383510e-02 3.40684573e-03 -1.97554510e-02 1.91769861e-02 -5.67903519e-02 4.34761383e-02 -2.83358106e-03 3.76623124e-02 1.97732132e-02 2.16768403e-03 1.60758547e-03 -1.60679396e-03 -3.97637635e-02
4.32911962e-02 -1.43910190e-02 -2.75015905e-02 -9.81360860e-03 3.20448051e-03 -1.79740731e-02 1.81433149e-02 -5.22551052e-02 3.94021720e-02 -2.60798121e-03 3.42996046e-02 1.79111678e-02 1.95900467e-03 1.47278316e-03 -1.46253174e-03 -3.59827131e-02
-5.15455473e-03 1.45187113e-03 3.50206671e-03 1.04267895e-03 -4.07850981e-04 2.18503759e-03 -2.23347708e-03 6.41471567e-03 -4.77343705e-03 3.26037698e-04 -4.15838975e-03 -2.16635759e-03 -2.36755397e-04 -1.79458497e-04 1.77659196e-04 4.35212441e-03
-1.83986574e-02 5.05612511e-03 1.15765501e-02 3.70127428e-03 -1.36549969e-03 7.38299359e-03 -7.80592114e-03 2.22181231e-02 -1.61332767e-02 1.12345163e-03 -1.40301902e-02 -7.30893295e-03 -7.97560031e-04 -6.22746185e-04 6.08677918e-04 1.46860937e-02
6.42490685e-02 -2.23872550e-02 -4.39538956e-02 -1.66906156e-02 4.92992299e-03 -2.85641272e-02 2.77498513e-02 -8.21571648e-02 6.28371537e-02 -4.09400370e-03 5.44334352e-02 2.85792053e-02 3.13314353e-03 2.32290663e-03 -2.32203398e-03 -5.74726462e-02
4.09864448e-02 -1.12425964e-02 -2.25835256e-02 -6.87229168e-03 2.69255089e-03 -1.46363806e-02 1.46243451e-02 -4.24808338e-02 3.19994651e-02 -2.10495712e-03 2.77126748e-02 1.45386988e-02 1.59304088e-03 1.18454837e-03 -1.18232111e-03 -2.92313769e-02
-8.05408433e-02 2.56973635e-02 5.16151451e-02 1.92523655e-02 -5.83317177e-03 3.33626643e-02 -3.26944664e-02 9.60763767e-02 -7.34109581e-02 4.78232140e-03 -6.35985062e-02 -3.33839469e-02 -3.65989399e-03 -2.71351356e-03 2.71244906e-03 6.71349615e-02
1.61347929e-02 -4.89807269e-03 -9.64820106e-03 -3.63732805e-03 1.09506515e-03 -6.26163557e-03 6.13309909e-03 -1.80045310e-02 1.37676829e-02 -8.96314043e-04 1.19247148e-02 6.26152614e-03 6.86478335e-04 5.08896599e-04 -5.08739788e-04 -1.25921573e-02
-3.47134061e-02 1.11983065e-02 2.25150008e-02 8.36441666e-03 -2.54455791e-03 1.46022215e-02 -1.42631661e-02 4.20039259e-02 -3.20902206e-02 2.09615869e-03 -2.77997460e-02 -1.45928329e-02 -1.59967376e-03 -1.18669134e-03 1.18589168e-03 2.93452553e-02
-1.20022623e-02 3.96670634e-03 7.45958462e-03 2.68795690e-03 -8.57286446e-04 4.86717792e-03 -4.79005650e-03 1.41545506e-02 -1.06814979e-02 6.99119526e-04 -9.25512519e-03 -4.85574221e-03 -5.32219710e-04 -3.95036914e-04 3.94666800e-04 9.76401754e-03
4.61790711e-02 -1.70371104e-02 -3.39687094e-02 -1.31930141e-02 3.77914403e-03 -2.20446941e-02 2.12827418e-02 -6.32739738e-02 4.85743843e-02 -3.15792509e-03 4.20714580e-02 2.20943261e-02 2.42234580e-03 1.79549959e-03 -1.79508491e-03 -4.44327965e-02
3.60162510e-03 -1.63576251e-03 -3.11626564e-03 -1.30864535e-03 3.28519731e-04 -2.04977649e-03 1.92888652e-03 -5.86578622e-03 4.53265943e-03 -2.91622418e-04 3.92045174e-03 2.06343620e-03 2.26376826e-04 1.67188133e-04 -1.67452439e-04 -4.15076269e-03
-3.83138098e-02 1.34805357e-02 2.68303528e-02 1.02332644e-02 -2.99606146e-03 1.74083561e-02 -1.68789849e-02 5.00409938e-02 -3.83270495e-02 2.49470118e-03 -3.31959315e-02 -1.74324587e-02 -1.91119977e-03 -1.41679321e-03 1.41636166e-03 3.50573435e-02
-1.64120775e-02 5.25469147e-03 1.08316941e-02 3.84092983e-03 -1.24493288e-03 6.97582122e-03 -6.91107521e-03 2.01808680e-02 -1.53042944e-02 1.00880442e-03 -1.32754464e-02 -6.95594633e-03 -7.62015756e-04 -5.67627896e-04 5.66174509e-04 1.39848413e-02
3.22402194e-02 -9.67512187e-03 -2.06477493e-02 -7.01174792e-03 2.42999196e-03 -1.32691721e-02 1.35167269e-02 -3.86771485e-02 2.90977154e-02 -1.92680827e-03 2.52200700e-02 1.32184783e-02 1.44777726e-03 1.08039624e-03 -1.07681460e-03 -2.65730135e-02
4.41585248e-03 -2.07571452e-03 -3.43058119e-03 -1.52093009e-03 3.65476764e-04 -2.27890047e-03 2.11760565e-03 -6.49977010e-03 5.06937969e-03 -3.22373788e-04 4.37836954e-03 2.30797683e-03 2.53274426e-04 1.86704900e-04 -1.87165511e-04 -4.64318227e-03
-1.36117814e-02 5.47131663e-03 1.05901482e-02 4.29088064e-03 -1.16491818e-03 6.92930399e-03 -6.64578564e-03 1.98426209e-02 -1.52868843e-02 9.90590663e-04 -1.32371923e-02 -6.95602363e-03 -7.62755983e-04 -5.64909540e-04 5.65008551e-04 1.39897550e-02
-3.24089974e-02 9.69059113e-03 2.12618504e-02 7.24026002e-03 -2.46088160e-03 1.36501007e-02 -1.37708317e-02 4.02380005e-02 -2.99239699e-02 2.00216100e-03 -2.59533320e-02 -1.35781029e-02 -1.48428045e-03 -1.13751995e-03 1.11465331e-03 2.72852797e-02
3.79732735e-02 -1.20703541e-02 -2.46355459e-02 -8.93696584e-03 2.81713577e-03 -1.59243252e-02 1.57507341e-02 -4.60702181e-02 3.49127725e-02 -2.29510921e-03 3.02669201e-02 1.58679597e-02 1.73899718e-03 1.29268458e-03 -1.29051961e-03 -3.19066867e-02
4.03749272e-02 -1.01725496e-02 -2.38917712e-02 -7.87575077e-03 2.84432387e-03 -1.53814824e-02 1.58470329e-02 -4.47186679e-02 3.35121118e-02 -2.29944941e-03 2.91077867e-02 1.52172865e-02 1.66605914e-03 1.24778994e-03 -1.24308700e-03 -3.05900089e-02
7.95382187e-02 -2.69527864e-02 -5.33799119e-02 -2.01891102e-02 5.98194310e-03 -3.46495844e-02 3.36116888e-02 -9.95930359e-02 7.62562305e-02 -4.96491557e-03 6.60472140e-02 3.46834995e-02 3.80249764e-03 2.81887199e-03 -2.81799003e-03 -6.97497278e-02
-2.42969245e-02 8.35987460e-03 1.70878265e-02 6.56205276e-03 -1.89842714e-03 1.10634649e-02 -1.07178036e-02 3.18126641e-02 -2.43732799e-02 1.58545980e-03 -2.11098734e-02 -1.10861929e-02 -1.21544558e-03 -9.00964544e-04 9.00722400e-04 2.22948939e-02
-1.28502846e-01 4.23950516e-02 8.41688216e-02 3.19946073e-02 -9.41279531e-03 5.45547567e-02 -5.29350154e-02 1.56832948e-01 -1.20096967e-01 7.81740621e-03 -1.04018539e-01 -5.46240769e-02 -5.98868448e-03 -4.43947781e-03 4.43812646e-03 1.09851092e-01
-4.52894196e-02 1.48929395e-02 2.94862315e-02 1.12038245e-02 -3.30310687e-03 1.91264935e-02 -1.85810737e-02 5.49862459e-02 -4.20996062e-02 2.74061086e-03 -3.64630260e-02 -1.91478580e-02 -2.09926162e-03 -1.55622023e-03 1.55573850e-03 3.85070331e-02
4.18096147e-02 -1.34849576e-02 -2.78366469e-02 -9.88752209e-03 3.18065402e-03 -1.79658346e-02 1.77556761e-02 -5.17645329e-02 3.93969640e-02 -2.60067242e-03 3.41770723e-02 1.79036222e-02 1.96127431e-03 1.46144070e-03 -1.45778549e-03 -3.59950215e-02
-1.69106126e-02 5.27516985e-03 1.04935281e-02 3.81693267e-03 -1.18371099e-03 6.79818215e-03 -6.64457446e-03 1.95622314e-02 -1.49314338e-02 9.74146766e-04 -1.29343523e-02 -6.78931316e-03 -7.44280464e-04 -5.51957521e-04 5.51672420e-04 1.36530530e-02
3.95145314e-03 -1.71205646e-03 -3.08042951e-03 -1.39682775e-03 3.18584207e-04 -2.03963602e-03 1.85142923e-03 -5.74050890e-03 4.53260541e-03 -2.82205787e-04 3.90135660e-03 2.06567184e-03 2.27071665e-04 1.65479854e-04 -1.66748243e-04 -4.15796041e-03
-2.01667845e-02 6.59417734e-03 1.31354546e-02 4.86975862e-03 -1.48201454e-03 8.52656551e-03 -8.29846226e-03 2.45283525e-02 -1.87566690e-02 1.22208823e-03 -1.62459835e-02 -8.53043143e-03 -9.35205724e-04 -6.93370181e-04 6.93103881e-04 1.71547774e-02
-4.56102043e-02 1.43359499e-02 3.00608892e-02 1.04607893e-02 -3.45509732e-03 1.93644259e-02 -1.93582550e-02 5.66279143e-02 -4.23464030e-02 2.83629657e-03 -3.68815549e-02 -1.92379430e-02 -2.10513431e-03 -1.58185954e-03 1.57251186e-03 3.86647172e-02
-1.20441914e-02 3.78473219e-03 7.67285842e-03 2.74371216e-03 -8.70846969e-04 4.96409601e-03 -4.86804498e-03 1.43095981e-02 -1.09070577e-02 7.14228605e-04 -9.45159607e-03 -4.95917257e-03 -5.43550821e-04 -4.03535261e-04 4.03101614e-04 9.97197535e-03
-3.03194835e-03 1.11141801e-03 2.07914808e-03 8.00049864e-04 -2.33288243e-04 1.35612360e-03 -1.31469697e-03 3.89813911e-03 -2.98574078e-03 1.94336768e-04 -2.58601527e-03 -1.35802024e-03 -1.48886058e-04 -1.10370420e-04 1.10337023e-04 2.73103197e-03
2.61422228e-02 -9.50996950e-03 -1.81670971e-02 -6.89295679e-03 2.05499539e-03 -1.18475631e-02 1.15500716e-02 -3.40915136e-02 2.60653719e-02 -1.69799628e-03 2.25802045e-02 1.18536083e-02 1.29950908e-03 9.63517465e-04 -9.63126542e-04 -2.38375682e-02
-2.79721133e-02 1.02226976e-02 2.05991343e-02 7.90270325e-03 -2.28708982e-03 1.33532705e-02 -1.29233338e-02 3.83915156e-02 -2.94167288e-02 1.91418547e-03 -2.54780147e-02 -1.33800339e-02 -1.46692316e-03 -1.08742760e-03 1.08710804e-03 2.69078687e-02
-6.58401009e-03 2.25772755e-03 4.57044365e-03 1.71192747e-03 -5.11814724e-04 2.95252423e-03 -2.87774066e-03 8.49635433e-03 -6.49517123e-03 4.23866441e-04 -5.62714040e-03 -2.95375404e-03 -3.23790271e-04 -2.40220281e-04 2.40056193e-04 5.93981519e-03
7.41284192e-02 -2.64104530e-02 -5.18246330e-02 -1.97969005e-02 5.79724414e-03 -3.36782709e-02 3.26574296e-02 -9.68098491e-02 7.41452351e-02 -4.82627330e-03 6.42192513e-02 3.37236822e-02 3.69727612e-03 2.74084345e-03 -2.74000061e-03 -6.78195730e-02
5.26386052e-02 -1.74040049e-02 -3.45395394e-02 -1.28442552e-02 3.91254481e-03 -2.24085562e-02 2.19573453e-02 -6.45615980e-02 4.92311530e-02 -3.21973534e-03 4.26590033e-02 2.23846268e-02 2.45333905e-03 1.82214810e-03 -1.81984226e-03 -4.50107753e-02
-3.15173762e-03 2.37683463e-03 3.09626851e-03 1.59424590e-03 -3.19709332e-04 2.11120746e-03 -1.82123552e-03 5.90302516e-03 -4.70423652e-03 2.98156490e-04 -4.06059250e-03 -2.14301841e-03 -2.35206928e-04 -1.73411536e-04 1.73859575e-04 4.31171572e-03
-2.49134540e-03 1.00510276e-03 1.97542179e-03 7.63470714e-04 -2.19732974e-04 1.28371769e-03 -1.24068733e-03 3.68880760e-03 -2.82834144e-03 1.83819095e-04 -2.44931108e-03 -1.28653611e-03 -1.41058190e-04 -1.04530212e-04 1.04517429e-04 2.58734240e-03
1.59785338e-02 -3.62304249e-03 -8.55634455e-03 -2.15572328e-03 1.14691665e-03 -5.41447476e-03 6.07970031e-03 -1.64753255e-02 1.16750924e-02 -8.16415297e-04 1.02340924e-02 5.28625026e-03 5.76477440e-04 4.40573087e-04 -4.34738904e-04 -1.06139230e-02
-3.98724787e-02 1.30395982e-02 2.65406780e-02 9.74396151e-03 -2.99405074e-03 1.71302315e-02 -1.68532766e-02 4.94027101e-02 -3.76489386e-02 2.46510608e-03 -3.26366797e-02 -1.71195157e-02 -1.87640614e-03 -1.39297883e-03 1.39167940e-03 3.44247930e-02
-8.09218660e-02 2.57907808e-02 5.18286563e-02 1.90990381e-02 -5.81628457e-03 3.36168036e-02 -3.26982401e-02 9.65808481e-02 -7.38966390e-02 4.81600221e-03 -6.40185028e-02 -3.36083658e-02 -3.68436938e-03 -2.73188576e-03 2.73077120e-03 6.75854906e-02
-2.88552325e-03 8.44234833e-04 1.90526992e-03 5.79569489e-04 -2.31556274e-04 1.21800648e-03 -1.29014230e-03 3.58992908e-03 -2.64879479e-03 1.85486875e-04 -2.31969473e-03 -1.20151520e-03 -1.31001274e-04 -1.01040489e-04 9.93037902e-05 2.41227285e-03
5.22789406e-03 -1.88393774e-03 -3.81455128e-03 -1.50142238e-03 4.14160168e-04 -2.46867281e-03 2.34035263e-03 -7.06515787e-03 5.44855231e-03 -3.49918642e-04 4.71031899e-03 2.47948430e-03 2.72064004e-04 2.00586481e-04 -2.01039191e-04 -4.98782564e-03
5.44763021e-02 -1.60713438e-02 -3.49234864e-02 -1.19761610e-02 3.92933330e-03 -2.20100656e-02 2.18922682e-02 -6.35454506e-02 4.82443459e-02 -3.19016329e-03 4.18414809e-02 2.19212268e-02 2.40078964e-03 1.78989873e-03 -1.78539671e-03 -4.40680608e-02
-2.45863255e-02 7.50073884e-03 1.49890846e-02 5.34098828e-03 -1.74136017e-03 9.71200876e-03 -9.56743956e-03 2.79764310e-02 -2.13267580e-02 1.40235445e-03 -1.84861142e-02 -9.69393179e-03 -1.06230413e-03 -7.89545302e-04 7.88271544e-04 1.94912888e-02
7.40486681e-02 -2.14445330e-02 -4.62074876e-02 -1.62462201e-02 5.31888334e-03 -2.98464820e-02 2.98939645e-02 -8.63119662e-02 6.54461160e-02 -4.31526639e-03 5.67705147e-02 2.97450386e-02 3.25935637e-03 2.42454186e-03 -2.41947058e-03 -5.98062463e-02
4.68439050e-02 -1.50758773e-02 -2.98014414e-02 -1.11004254e-02 3.39638721e-03 -1.93334762e-02 1.89428087e-02 -5.56766428e-02 4.24990691e-02 -2.76918546e-03 3.68116982e-02 1.93278976e-02 2.11894861e-03 1.57096551e-03 -1.57039275e-03 -3.88686173e-02
6.86394935e-03 -2.72010756e-03 -4.68412368e-03 -1.94064842e-03 5.17940382e-04 -3.12442333e-03 2.95094168e-03 -8.94245785e-03 6.90158783e-03 -4.42393793e-04 5.96777489e-03 3.14244418e-03 3.44924425e-04 2.53725360e-04 -2.54529732e-04 -6.32217666e-03
1.11518931e-02 -3.69424885e-03 -8.01219139e-03 -2.93801911e-03 8.95617879e-04 -5.14297560e-03 5.01714787e-03 -1.48191340e-02 1.13106007e-02 -7.40145973e-04 9.80052259e-03 5.14296116e-03 5.63610985e-04 4.19105811e-04 -4.18411073e-04 -1.03412084e-02
-4.68049087e-02 1.49960835e-02 3.03940289e-02 1.08361198e-02 -3.46320472e-03 1.96983833e-02 -1.93399414e-02 5.68070635e-02 -4.32160571e-02 2.84274854e-03 -3.74873616e-02 -1.96483880e-02 -2.15297029e-03 -1.60188635e-03 1.59844372e-03 3.95059772e-02
1.01649843e-01 -3.28116342e-02 -6.55445829e-02 -2.45101042e-02 7.42752291e-03 -4.23949137e-02 4.13372479e-02 -1.22007228e-01 9.32323486e-02 -6.07588375e-03 8.07593167e-02 4.24004905e-02 4.64837346e-03 3.44648864e-03 -3.44509189e-03 -8.52674693e-02
-1.46989170e-02 4.12364863e-03 9.08778794e-03 2.95321341e-03 -1.05900667e-03 5.79392817e-03 -5.91858523e-03 1.69153754e-02 -1.26533238e-02 8.54929211e-04 -1.10046919e-02 -5.74300438e-03 -6.28023990e-04 -4.73531283e-04 4.69655293e-04 1.15394918e-02
-2.92363949e-02 8.41767807e-03 1.77765992e-02 5.64011605e-03 -2.10817391e-03 1.13750286e-02 -1.16040520e-02 3.30711044e-02 -2.48464178e-02 1.68499420e-03 -2.16316935e-02 -1.12767490e-02 -1.23259425e-03 -9.33233765e-04 9.24095802e-04 2.26557199e-02
-2.23768316e-02 8.45470931e-03 1.62395835e-02 6.37640851e-03 -1.79868145e-03 1.05559826e-02 -1.01614865e-02 3.02809644e-02 -2.32614856e-02 1.51080557e-03 -2.01444793e-02 -1.05816144e-02 -1.16021163e-03 -8.59641645e-04 8.59607186e-04 2.12807748e-02
-2.01080479e-02 6.00411976e-03 1.26947695e-02 4.33576992e-03 -1.47394219e-03 8.14764574e-03 -8.28354806e-03 2.36590672e-02 -1.78176444e-02 1.17939373e-03 -1.54480850e-02 -8.09350424e-03 -8.86562513e-04 -6.60536985e-04 6.58815843e-04 1.62711833e-02
3.16935629e-02 -1.08438767e-02 -2.16388553e-02 -8.15914664e-03 2.42464012e-03 -1.40279597e-02 1.36250136e-02 -4.03162241e-02 3.08654737e-02 -2.01126607e-03 2.67344881e-02 1.40373576e-02 1.53888552e-03 1.14116329e-03 -1.14063127e-03 -2.82289647e-02
-3.13239098e-02 9.72822774e-03 1.97099447e-02 7.05265999e-03 -2.27034534e-03 1.27308611e-02 -1.26067316e-02 3.68191823e-02 -2.79465169e-02 1.83829002e-03 -2.42273901e-02 -1.27040893e-02 -1.39209314e-03 -1.03518402e-03 1.03324803e-03 2.55435612e-02
6.23350590e-03 -1.69299077e-03 -3.28107201e-03 -1.13753672e-03 3.77965247e-04 -2.12695869e-03 2.10928149e-03 -6.11839676e-03 4.66862367e-03 -3.04661604e-04 4.04408248e-03 2.12303363e-03 2.32742619e-04 1.72563872e-04 -1.72496686e-04 -4.26935777e-03
2.11097784e-02 -5.68307517e-03 -1.18010929e-02 -4.11649235e-03 1.36292388e-03 -7.63682090e-03 7.53660640e-03 -2.19664853e-02 1.67295206e-02 -1.09950907e-03 1.45077985e-02 7.60468049e-03 8.33420316e-04 6.19032537e-04 -6.18213380e-04 -1.52909504e-02
3.11950035e-02 -7.77437072e-03 -1.92865059e-02 -5.68151381e-03 2.34516338e-03 -1.21792927e-02 1.30812591e-02 -3.62928063e-02 2.64704358e-02 -1.85868156e-03 2.33738590e-02 1.20167322e-02 1.30938797e-03 1.01830042e-03 -9.98759991e-04 -2.41283253e-02
-9.16276500e-03 3.68652539e-03 5.84756164e-03 2.68187025e-03 -6.34236261e-04 3.94514296e-03 -3.58775770e-03 1.10519361e-02 -8.74015037e-03 5.46180527e-04 -7.53113953e-03 -3.98246432e-03 -4.38077026e-04 -3.15133831e-04 3.19011102e-04 8.01593997e-03
-1.82589330e-02 5.33497427e-03 1.19959060e-02 4.07742336e-03 -1.37788989e-03 7.65980501e-03 -7.69081991e-03 2.21318007e-02 -1.67669468e-02 1.11254328e-03 -1.45765776e-02 -7.61754205e-03 -8.34001054e-04 -6.23508822e-04 6.20813516e-04 1.53116435e-02
-1.98872085e-03 4.60998155e-04 1.05369475e-03 2.87594041e-04 -1.35500086e-04 6.72705297e-04 -7.24194921e-04 1.98233896e-03 -1.45377847e-03 1.02157122e-04 -1.27487537e-03 -6.58378587e-04 -7.18051815e-05 -5.50943805e-05 5.41929730e-05 1.32148038e-03
2.85932217e-02 -7.87545834e-03 -1.63178965e-02 -5.29775536e-03 1.94185670e-03 -1.05234515e-02 1.05704730e-02 -3.02575231e-02 2.29088143e-02 -1.51565694e-03 1.98745895e-02 1.04054585e-02 1.13976817e-03 8.49622884e-04 -8.47121526e-04 -2.09183581e-02
1.25308996e-02 -3.58427339e-03 -7.78126717e-03 -2.69155856e-03 8.88522191e-04 -4.98570874e-03 4.98553831e-03 -1.44244209e-02 1.09270606e-02 -7.21469172e-04 9.48471297e-03 4.96489881e-03 5.43762580e-04 4.05438448e-04 -4.04194492e-04 -9.98050254e-03
-3.61918025e-02 1.08220056e-02 2.32221000e-02 8.08217935e-03 -2.65413290e-03 1.47561682e-02 -1.48805464e-02 4.29882817e-02 -3.23611051e-02 2.12202314e-03 -2.80304030e-02 -1.46987578e-02 -1.61020202e-03 -1.19910622e-03 1.19593332e-03 2.95503810e-02
-1.90597288e-02 6.03008550e-03 1.18661076e-02 4.41442709e-03 -1.33941066e-03 7.68119935e-03 -7.50553515e-03 2.20948569e-02 -1.68895163e-02 1.10098673e-03 -1.46303708e-02 -7.68115325e-03 -8.42086622e-04 -6.24301494e-04 6.24080189e-04 1.54466517e-02
-4.29034978e-03 1.41676085e-03 2.75465124e-03 1.01200154e-03 -3.13705852e-04 1.79049419e-03 -1.75389892e-03 5.15619898e-03 -3.93542601e-03 2.57161679e-04 -3.40977218e-03 -1.78950524e-03 -1.96157474e-04 -1.45547732e-04 1.45433543e-04 3.59850028e-03
-7.36698462e-03 8.73966026e-04 4.80812509e-03 7.54828798e-05 -6.52767601e-04 2.75023421e-03 -3.77599685e-03 9.46925767e-03 -5.70521550e-03 5.30992518e-04 -5.16282627e-03 -2.54710275e-03 -2.70339689e-04 -2.59285502e-04 2.41272894e-04 5.08766342e-03
4.84851636e-02 -1.34562710e-02 -3.49159278e-02 -9.25950985e-03 4.16430784e-03 -2.16651857e-02 2.34580729e-02 -6.37672916e-02 4.73639220e-02 -3.34189110e-03 4.17422988e-02 2.15061214e-02 2.33795121e-03 1.87917287e-03 -1.81731035e-03 -4.31267172e-02
3.96741517e-02 -1.35963997e-02 -2.72011831e-02 -1.02860555e-02 3.04711284e-03 -1.76476203e-02 1.71284359e-02 -5.07415049e-02 3.88458036e-02 -2.52951239e-03 3.36454064e-02 1.76675003e-02 1.93692488e-03 1.43602362e-03 -1.43549812e-03 -3.55296545e-02
2.82419231e-02 -9.48891975e-03 -1.88556127e-02 -7.09475158e-03 2.12609419e-03 -1.22434562e-02 1.19253015e-02 -3.52902114e-02 2.69247983e-02 -1.75561942e-03 2.33240351e-02 1.22454511e-02 1.34244503e-03 9.95463459e-04 -9.95001756e-04 -2.46254504e-02
-3.54452967e-03 1.46027457e-03 2.98949517e-03 1.24206371e-03 -3.18766426e-04 1.93499331e-03 -1.81895937e-03 5.54505270e-03 -4.28712508e-03 2.75621278e-04 -3.70684545e-03 -1.95171440e-03 -2.14102081e-04 -1.58218289e-04 1.58428258e-04 3.92596656e-03
6.09969459e-02 -2.06575859e-02 -4.17388119e-02 -1.56809650e-02 4.66422830e-03 -2.69921366e-02 2.62340270e-02 -7.76489824e-02 5.94046526e-02 -3.87072377e-03 5.14586940e-02 2.70166136e-02 2.96177180e-03 2.19633407e-03 -2.19528237e-03 -5.43299951e-02
-3.22607122e-02 9.82813351e-03 2.15112679e-02 7.23609282e-03 -2.45743990e-03 1.36706345e-02 -1.38555411e-02 3.97710018e-02 -2.99215242e-02 2.00799364e-03 -2.60467716e-02 -1.35884136e-02 -1.48550165e-03 -1.12223753e-03 1.11282000e-03 2.73020491e-02
2.61909291e-02 -8.36146250e-03 -1.68143567e-02 -6.16972521e-03 1.90024846e-03 -1.08862007e-02 1.06787449e-02 -3.13956439e-02 2.39235498e-02 -1.56299374e-03 2.07303502e-02 1.08782127e-02 1.19242573e-03 8.84723908e-04 -8.84049514e-04 -2.18749009e-02
3.01262154e-03 -1.43773656e-03 -2.86995806e-03 -1.13524345e-03 3.15187674e-04 -1.86626113e-03 1.80176494e-03 -5.36880409e-03 4.11658268e-03 -2.67700612e-04 3.56555055e-03 1.87261542e-03 2.05306511e-04 1.52185967e-04 -1.52145512e-04 -3.76592553e-03
1.04352608e-01 -3.65536027e-02 -7.27704167e-02 -2.77502891e-02 8.12667422e-03 -4.72149514e-02 4.57798503e-02 -1.35718346e-01 1.03948116e-01 -6.76608551e-03 9.00320336e-02 4.72791456e-02 5.18342573e-03 3.84253566e-03 -3.84136173e-03 -9.50801522e-02
1.15916684e-01 -3.94999124e-02 -7.88027942e-02 -2.95459069e-02 8.86990409e-03 -5.11078537e-02 4.96583432e-02 -1.46915153e-01 1.12388529e-01 -7.33227655e-03 9.73520502e-02 5.11109084e-02 5.60310949e-03 4.15570242e-03 -4.15336899e-03 -1.02783062e-01
-2.60057282e-02 8.58117826e-03 1.68100055e-02 5.94949769e-03 -1.90710975e-03 1.09148622e-02 -1.06667774e-02 3.14669833e-02 -2.40057372e-02 1.56674138e-03 -2.07923129e-02 -1.09151453e-02 -1.19652750e-03 -8.87525617e-04 8.86975322e-04 2.19494384e-02
-1.51327858e-02 4.76812618e-03 9.83421877e-03 3.63048073e-03 -1.10693893e-03 6.35542627e-03 -6.22305181e-03 1.82840619e-02 -1.39830038e-02 9.10748320e-04 -1.21097201e-02 -6.35845540e-03 -6.97084470e-04 -5.16826170e-04 5.16632572e-04 1.27869425e-02
-2.94945724e-02 9.91910510e-03 1.93039682e-02 7.08816573e-03 -2.18774448e-03 1.25370519e-02 -1.22072222e-02 3.60452347e-02 -2.75861621e-02 1.79729890e-03 -2.38954891e-02 -1.25458818e-02 -1.37540000e-03 -1.01982546e-03 1.01938494e-03 2.52297521e-02
8.18894990e-03 -1.75141951e-03 -4.14531212e-03 -1.21529307e-03 5.03766176e-04 -2.65407632e-03 2.75605172e-03 -7.81340711e-03 5.76280477e-03 -3.90660571e-04 5.00860158e-03 2.61821365e-03 2.86743802e-04 2.13770749e-04 -2.13066916e-04 -5.26327780e-03
-4.20535654e-02 1.38391238e-02 2.77445447e-02 1.02603259e-02 -3.12332832e-03 1.79476496e-02 -1.75470654e-02 5.16357087e-02 -3.94406281e-02 2.57299654e-03 -3.41651104e-02 -1.79356337e-02 -1.96620240e-03 -1.45812880e-03 1.45738549e-03 3.60679179e-02
3.00246514e-02 -9.72519815e-03 -1.98158659e-02 -7.20371818e-03 2.24786275e-03 -1.27833961e-02 1.24957142e-02 -3.67735997e-02 2.81018410e-02 -1.83699850e-03 2.43467875e-02 1.27773788e-02 1.40057050e-03 1.03942852e-03 -1.03851676e-03 -2.56937686e-02
1.92298423e-02 -6.76023448e-03 -1.34848673e-02 -5.14814723e-03 1.50463567e-03 -8.74827988e-03 8.48032348e-03 -2.51449049e-02 1.92621835e-02 -1.25371118e-03 1.66833438e-02 8.76114052e-03 9.60525009e-04 7.12043256e-04 -7.11828994e-04 -1.76190026e-02
-2.22154744e-02 7.47374212e-03 1.48265203e-02 5.29188709e-03 -1.68565230e-03 9.63057764e-03 -9.44483932e-03 2.77325176e-02 -2.11498383e-02 1.38666411e-03 -1.83204152e-02 -9.61591303e-03 -1.05397077e-03 -7.82612304e-04 7.81748735e-04 1.93361621e-02
1.45916361e-02 -6.13952335e-03 -1.16226412e-02 -4.68044402e-03 1.28332607e-03 -7.56193046e-03 7.23368768e-03 -2.17310302e-02 1.66830067e-02 -1.08204142e-03 1.44449212e-02 7.59030320e-03 8.32258316e-04 6.16602949e-04 -6.16609061e-04 -1.52652450e-02
-2.77263746e-02 8.15855525e-03 1.62302479e-02 5.95408259e-03 -1.83729036e-03 1.05116991e-02 -1.02411555e-02 3.02153714e-02 -2.31028255e-02 1.50535570e-03 -2.00100318e-02 -1.05071412e-02 -1.15191902e-03 -8.54003360e-04 8.53700389e-04 2.11300161e-02
2.19285652e-01 -7.42243305e-02 -1.47445664e-01 -5.56122400e-02 1.66061986e-02 -9.56799090e-02 9.30128098e-02 -2.75108039e-01 2.10453540e-01 -1.37067819e-02 1.82286620e-01 9.57168192e-02 1.04937209e-02 7.77964154e-03 -7.77697470e-03 -1.92488968e-01
-4.44935868e-03 1.28660526e-03 2.86318595e-03 9.28713940e-04 -3.42252344e-04 1.82772533e-03 -1.89747789e-03 5.41870482e-03 -3.99613380e-03 2.75984203e-04 -3.47960251e-03 -1.81298179e-03 -1.97723260e-04 -1.52457564e-04 1.49789252e-04 3.64103192e-03
-4.15523127e-02 1.38277803e-02 2.74673514e-02 1.02178697e-02 -3.09493579e-03 1.78227350e-02 -1.73479915e-02 5.12815937e-02 -3.91943678e-02 2.55390094e-03 -3.39506008e-02 -1.78256631e-02 -1.95424212e-03 -1.44890230e-03 1.44834886e-03 3.58474739e-02
-4.04895796e-03 1.42315519e-03 2.73612235e-03 1.06011215e-03 -3.07092472e-04 1.78779219e-03 -1.73143204e-03 5.13755251e-03 -3.93652637e-03 2.56116939e-04 -3.40935425e-03 -1.79053587e-03 -1.96309222e-04 -1.45506390e-04 1.45471728e-04 3.60086956e-03
-8.97635240e-03 2.90881284e-03 5.82714938e-03 2.15963810e-03 -6.58181263e-04 3.77667579e-03 -3.68209393e-03 1.08627286e-02 -8.30364041e-03 5.41993591e-04 -7.19376095e-03 -3.77598009e-03 -4.13926988e-04 -3.07045295e-04 3.06850940e-04 7.59324059e-03
-8.76877606e-02 2.86519863e-02 5.70126325e-02 2.11987495e-02 -6.40588580e-03 3.69329043e-02 -3.59111540e-02 1.06264241e-01 -8.12466964e-02 5.29377116e-03 -7.03726262e-02 -3.69503796e-02 -4.05092165e-03 -3.00339144e-03 3.00225057e-03 7.43076801e-02
1.15205580e-03 -2.96826984e-05 -2.29608660e-04 1.19386066e-04 4.55330846e-05 -1.38333053e-04 1.98176625e-04 -4.15275776e-04 2.65733426e-04 -2.21037626e-05 2.34854873e-04 1.19128716e-04 1.29230184e-05 1.01577180e-05 -9.84894541e-06 -2.38540189e-04
1.38180051e-02 -2.45631183e-03 -5.72525989e-03 -1.34286960e-03 6.92428031e-04 -3.57957068e-03 3.68403411e-03 -1.04451040e-02 7.76930945e-03 -5.26805641e-04 6.75494084e-03 3.52323172e-03 3.85553139e-04 2.88824376e-04 -2.87184783e-04 -7.07972469e-03
2.43118592e-02 -9.96354409e-03 -1.87725183e-02 -7.46202748e-03 2.05085776e-03 -1.22605320e-02 1.17266197e-02 -3.50802206e-02 2.70857178e-02 -1.75191869e-03 2.34429743e-02 1.23240296e-02 1.35149702e-03 1.00049342e-03 -1.00089307e-03 -2.47868318e-02
-1.47069730e-02 4.72760526e-03 1.00066978e-02 3.70524707e-03 -1.10900018e-03 6.39871275e-03 -6.21950999e-03 1.83997415e-02 -1.40829422e-02 9.17149591e-04 -1.21979807e-02 -6.40495215e-03 -7.02182529e-04 -5.20606642e-04 5.20412228e-04 1.28804268e-02
-6.76996075e-04 4.25575301e-04 2.85740331e-04 1.03924169e-04 -4.19960852e-05 2.16402332e-04 -2.31722064e-04 6.39062491e-04 -4.72282700e-04 3.12461452e-05 -4.09146509e-04 -2.14218511e-04 -2.34601357e-05 -1.74830748e-05 1.74267425e-05 4.30585322e-04
-6.40108287e-02 2.00129021e-02 4.05354202e-02 1.46297850e-02 -4.64926986e-03 2.63241045e-02 -2.57224105e-02 7.57498890e-02 -5.78113794e-02 3.77752795e-03 -5.00820577e-02 -2.62910072e-02 -2.88218539e-03 -2.13731476e-03 2.13627052e-03 5.28701320e-02
