-1.64113641e-02 4.41233106e-02 1.22278454e-02 -7.17733055e-03 5.50761679e-03 -1.22213643e-03 1.76033527e-02 1.11999633e-02 -5.68105234e-03 -7.17460085e-03 -2.11958364e-02 -5.09681413e-03 -1.86852720e-02 -2.93061254e-03 -8.79700202e-03 1.95479896e-02
4.29393984e-02 -1.27269179e-01 -3.34599987e-02 2.06810310e-02 -1.60010662e-02 3.67845432e-03 -5.13911173e-02 -3.26713137e-02 1.65909994e-02 2.10203025e-02 6.20539077e-02 1.49229597e-02 5.47391102e-02 8.58584233e-03 2.57740468e-02 -5.72738238e-02
7.58100813e-03 -2.18784884e-02 -5.90547640e-03 3.93001176e-03 -2.97052343e-03 6.76312833e-04 -9.58231185e-03 -6.11865427e-03 3.09273880e-03 3.91866686e-03 1.15710171e-02 2.78292084e-03 1.02068651e-02 1.60090462e-03 4.80568083e-03 -1.06789246e-02
1.61675550e-02 -4.26375493e-02 -1.21577177e-02 7.60510936e-03 -5.84727153e-03 1.36421667e-03 -1.88800525e-02 -1.19748916e-02 6.09178422e-03 7.74109643e-03 2.28480306e-02 5.49565768e-03 2.01690700e-02 3.16382688e-03 9.49854683e-03 -2.11077929e-02
2.89840046e-02 -8.91035870e-02 -2.45506018e-02 1.57882050e-02 -1.21759446e-02 2.60084169e-03 -3.87902930e-02 -2.49110125e-02 1.25237815e-02 1.58833675e-02 4.68540899e-02 1.12730544e-02 4.13474329e-02 6.48561912e-03 1.94677357e-02 -4.32597585e-02
-1.11145619e-02 3.84940244e-02 9.97414719e-03 -5.68741653e-03 4.29062778e-03 -8.17634223e-04 1.35667436e-02 8.85067694e-03 -4.36357688e-03 -5.48524875e-03 -1.62358172e-02 -3.90248746e-03 -1.42756486e-02 -2.23803427e-03 -6.71403715e-03 1.49177238e-02
1.45804575e-02 -4.73042130e-02 -1.29676685e-02 7.19367247e-03 -5.55559574e-03 1.00054836e-03 -1.72913596e-02 -1.11541739e-02 5.59134176e-03 7.02540250e-03 2.08213683e-02 4.99657402e-03 1.82657447e-02 2.86397594e-03 8.59156996e-03 -1.90860312e-02
9.04425606e-03 -2.67734751e-02 -7.01217027e-03 4.05412633e-03 -3.02145584e-03 6.23299391e-04 -9.51219443e-03 -6.07315963e-03 3.06655094e-03 3.86979687e-03 1.14409495e-02 2.74985470e-03 1.00711510e-02 1.57922693e-03 4.73932689e-03 -1.05306534e-02
2.32175495e-02 -7.40211606e-02 -1.91421770e-02 1.14839775e-02 -8.72969348e-03 1.95586053e-03 -2.82446258e-02 -1.79592930e-02 9.14248731e-03 1.15672080e-02 3.42015326e-02 8.21677502e-03 3.01194135e-02 4.72364342e-03 1.41775375e-02 -3.15041430e-02
-1.89122036e-02 5.54331988e-02 1.54431313e-02 -8.52590706e-03 6.71230769e-03 -1.41368306e-03 2.12300010e-02 1.39893526e-02 -6.80105295e-03 -8.60087667e-03 -2.54138671e-02 -6.11242699e-03 -2.24035755e-02 -3.51341069e-03 -1.05457520e-02 2.34334171e-02
-5.92911057e-03 1.69655681e-02 4.25526546e-03 -2.61945277e-03 2.01885030e-03 -4.48111183e-04 6.41424442e-03 4.10455139e-03 -2.06679129e-03 -2.62284908e-03 -7.74361799e-03 -1.86214922e-03 -6.83118682e-03 -1.07146869e-03 -3.21654207e-03 7.14771496e-03
-1.42262820e-02 3.89659442e-02 1.07096815e-02 -6.45716209e-03 4.96989116e-03 -1.13000767e-03 1.58919916e-02 1.01243174e-02 -5.12195705e-03 -6.49190694e-03 -1.91736668e-02 -4.61222790e-03 -1.69128757e-02 -2.65274500e-03 -7.96306785e-03 1.76950488e-02
1.35445520e-02 -3.86582762e-02 -1.06146382e-02 6.04129303e-03 -4.70516784e-03 1.04036147e-03 -1.49297602e-02 -9.49335936e-03 4.81967628e-03 6.10466022e-03 1.80310253e-02 4.33649076e-03 1.58985853e-02 2.49355962e-03 7.48500042e-03 -1.66326053e-02
1.17727909e-02 -3.63075249e-02 -9.77791287e-03 5.44574438e-03 -4.23446111e-03 8.77110579e-04 -1.33433649e-02 -8.63101799e-03 4.30597598e-03 5.41634997e-03 1.60071775e-02 3.85080767e-03 1.41072199e-02 2.21228041e-03 6.63947919e-03 -1.47529589e-02
6.02275729e-02 -1.60461068e-01 -4.57137190e-02 2.58143879e-02 -1.97891574e-02 4.59674606e-03 -6.42380491e-02 -4.07726020e-02 2.07451042e-02 2.62919851e-02 7.75975734e-02 1.86690744e-02 6.85110316e-02 1.07468879e-02 3.22647579e-02 -7.16990530e-02
-3.43729109e-02 9.41446871e-02 2.61135828e-02 -1.71738453e-02 1.33307967e-02 -3.22422362e-03 4.36028242e-02 2.75515020e-02 -1.40920756e-02 -1.79202314e-02 -5.28789945e-02 -1.27229113e-02 -4.67005484e-02 -7.32599944e-03 -2.19950601e-02 4.88781184e-02
-4.57980949e-03 9.33728367e-03 2.19239620e-03 -1.27883570e-03 9.49989539e-04 -1.97377158e-04 2.98356428e-03 1.93837332e-03 -9.55642143e-04 -1.21211552e-03 -3.57778533e-03 -8.60521337e-04 -3.15709272e-03 -4.95206390e-04 -1.48666347e-03 3.30364960e-03
-1.40434671e-02 3.86246853e-02 1.00023346e-02 -6.20566728e-03 4.78593726e-03 -1.08140765e-03 1.52942082e-02 9.78230406e-03 -4.93909186e-03 -6.25362154e-03 -1.84643231e-02 -4.44099540e-03 -1.62898432e-02 -2.55512330e-03 -7.66997784e-03 1.70438103e-02
1.31732160e-02 -3.60172242e-02 -9.73034091e-03 6.26544282e-03 -4.83513065e-03 1.13383704e-03 -1.56588461e-02 -9.93163511e-03 5.05054183e-03 6.41470496e-03 1.89318787e-02 4.55418928e-03 1.67134386e-02 2.62175594e-03 7.87112024e-03 -1.74913201e-02
5.90241551e-02 -1.60014510e-01 -4.56003882e-02 3.15571055e-02 -2.46317685e-02 5.85702481e-03 -7.99792632e-02 -5.06208055e-02 2.58563999e-02 3.28871161e-02 9.70489681e-02 2.33482141e-02 8.56986865e-02 1.34436637e-02 4.03621197e-02 -8.96938965e-02
7.92137813e-03 -2.05845013e-02 -5.88659989e-03 3.69146769e-03 -2.85543641e-03 6.60849328e-04 -9.22310445e-03 -5.88146178e-03 2.97354511e-03 3.77590419e-03 1.11458171e-02 2.68110563e-03 9.83780529e-03 1.54317135e-03 4.63288277e-03 -1.02951974e-02
2.74327472e-02 -7.10627288e-02 -1.84709001e-02 1.20040886e-02 -9.21135861e-03 2.17303238e-03 -2.98330095e-02 -1.88819896e-02 9.62880068e-03 1.22385025e-02 3.61188836e-02 8.68951529e-03 3.18915620e-02 5.00275847e-03 1.50195658e-02 -3.33767608e-02
7.99994729e-03 -2.96623614e-02 -7.41753168e-03 4.56480589e-03 -3.49035487e-03 7.62973563e-04 -1.11646894e-02 -7.16694910e-03 3.58922197e-03 4.53972444e-03 1.34177534e-02 3.22613283e-03 1.18202101e-02 1.85381935e-03 5.56335133e-03 -1.23619484e-02
8.93258117e-03 -3.49221826e-02 -9.65074450e-03 6.26267400e-03 -4.71345102e-03 1.05757767e-03 -1.51303904e-02 -9.64849815e-03 4.88947984e-03 6.19871821e-03 1.83143504e-02 4.40350454e-03 1.61386710e-02 2.53183534e-03 7.59882620e-03 -1.68848820e-02
-5.18626207e-03 1.74899437e-02 4.86674160e-03 -3.36657441e-03 2.55280267e-03 -5.77992585e-04 8.15833453e-03 5.19353431e-03 -2.63075694e-03 -3.33896629e-03 -9.85739473e-03 -2.37071863e-03 -8.69811513e-03 -1.36436045e-03 -4.09593247e-03 9.10192728e-03
2.78715603e-02 -8.17470923e-02 -2.35352200e-02 1.60266273e-02 -1.24596171e-02 3.00747668e-03 -4.06018160e-02 -2.57121287e-02 1.31220222e-02 1.66863166e-02 4.92390618e-02 1.18469829e-02 4.34854031e-02 6.82157138e-03 2.04805471e-02 -4.55124788e-02
4.17520385e-03 -1.67675279e-02 -4.77147894e-03 2.98751285e-03 -2.28854781e-03 4.95401327e-04 -7.26453727e-03 -4.63812426e-03 2.34536012e-03 2.96661141e-03 8.77448451e-03 2.10751803e-03 7.72429537e-03 1.21132913e-03 3.63574922e-03 -8.07865802e-03
-4.02997062e-03 1.77589599e-02 4.75880178e-03 -2.49379897e-03 1.88119744e-03 -3.68577719e-04 5.84344473e-03 3.73368920e-03 -1.88573590e-03 -2.38238578e-03 -7.04492256e-03 -1.69139518e-03 -6.19856780e-03 -9.72035166e-04 -2.91757728e-03 6.48303004e-03
3.92325893e-02 -1.28060281e-01 -3.30419019e-02 1.78888366e-02 -1.35530494e-02 2.80956971e-03 -4.29246575e-02 -2.77413055e-02 1.37754986e-02 1.73746459e-02 5.15265092e-02 1.23924240e-02 4.52708676e-02 7.09830737e-03 2.12988146e-02 -4.73238714e-02
-9.57658328e-03 2.77818777e-02 7.66003691e-03 -4.35762340e-03 3.31214513e-03 -7.05254322e-04 1.04154302e-02 6.72203954e-03 -3.36330780e-03 -4.25077276e-03 -1.25628477e-02 -3.02003673e-03 -1.10653238e-02 -1.73533743e-03 -5.20828320e-03 1.15730092e-02
-1.30154733e-02 4.17775437e-02 1.06309410e-02 -6.31208112e-03 4.85883467e-03 -1.06045464e-03 1.55429170e-02 1.01441937e-02 -5.01610665e-03 -6.32905122e-03 -1.86829735e-02 -4.49446822e-03 -1.64761730e-02 -2.58479314e-03 -7.75591657e-03 1.72327515e-02
4.00214270e-02 -1.10094003e-01 -3.18409465e-02 2.06538532e-02 -1.60768274e-02 3.81701253e-03 -5.24549820e-02 -3.32980752e-02 1.69504657e-02 2.15501469e-02 6.36059344e-02 1.53006110e-02 5.61551787e-02 8.80890526e-03 2.64469739e-02 -5.87712564e-02
9.92732681e-03 -2.54155137e-02 -6.63114293e-03 4.33862861e-03 -3.27089708e-03 7.54028792e-04 -1.04895430e-02 -6.67641405e-03 3.38717690e-03 4.30166256e-03 1.26933735e-02 3.05415317e-03 1.12087773e-02 1.75826007e-03 5.27871773e-03 -1.17304409e-02
-2.74005234e-02 7.56293535e-02 2.11427324e-02 -1.36241475e-02 1.06435223e-02 -2.55894451e-03 3.45548391e-02 2.18633357e-02 -1.11558652e-02 -1.41808018e-02 -4.18545976e-02 -1.00681651e-02 -3.69555838e-02 -5.79725392e-03 -1.74052157e-02 3.86784002e-02
2.23090239e-02 -5.85237779e-02 -1.63190495e-02 1.12073012e-02 -8.80448520e-03 2.09041499e-03 -2.85821334e-02 -1.80795379e-02 9.21693910e-03 1.17166303e-02 3.45790125e-02 8.31820257e-03 3.05337943e-02 4.78987908e-03 1.43808015e-02 -3.19574736e-02
-1.11057181e-02 3.12671587e-02 8.03930219e-03 -5.25048794e-03 4.06901818e-03 -9.39631718e-04 1.31418686e-02 8.34105816e-03 -4.24125185e-03 -5.38681634e-03 -1.58984158e-02 -3.82434460e-03 -1.40335467e-02 -2.20131199e-03 -6.60867710e-03 1.46857947e-02
-9.64007247e-03 2.55688373e-02 7.02761440e-03 -4.58801817e-03 3.52429994e-03 -8.17870779e-04 1.13934185e-02 7.33530708e-03 -3.67875677e-03 -4.66981530e-03 -1.37846274e-02 -3.31563503e-03 -1.21668736e-02 -1.90848939e-03 -5.72964037e-03 1.27323437e-02
-2.48767203e-03 1.16478233e-02 3.91114596e-03 -3.08068097e-03 2.41339928e-03 -5.97602280e-04 7.93976057e-03 5.01187658e-03 -2.57050944e-03 -3.26990313e-03 -9.64912865e-03 -2.32163630e-03 -8.52224417e-03 -1.33690494e-03 -4.01384803e-03 8.91970750e-03
2.34487187e-02 -6.53993413e-02 -1.93765331e-02 1.25434166e-02 -9.80017614e-03 2.31805397e-03 -3.15786079e-02 -1.99870933e-02 1.02037005e-02 1.29674850e-02 3.82713228e-02 9.20689479e-03 3.37912440e-02 5.30074444e-03 1.59142949e-02 -3.53650823e-02
3.85845895e-03 -1.13120656e-02 -3.29823559e-03 2.35337601e-03 -1.82539353e-03 4.42997378e-04 -5.96583029e-03 -3.77030834e-03 1.92896184e-03 2.45286571e-03 7.23790890e-03 1.74144434e-03 6.39231689e-03 1.00277131e-03 3.01064947e-03 -6.69035874e-03
-2.34649540e-03 7.06668012e-03 2.04296014e-03 -1.22178567e-03 9.47428402e-04 -2.04685319e-04 2.97460821e-03 1.90834049e-03 -9.58464749e-04 -1.21371588e-03 -3.58553533e-03 -8.62032932e-04 -3.16082663e-03 -4.95729735e-04 -1.48805731e-03 3.30664427e-03
1.60780631e-03 -2.42001703e-03 -3.23139451e-04 2.66013249e-05 -8.54533209e-06 -1.43692505e-05 3.95361058e-05 6.29352144e-06 -1.71201791e-05 -2.56159765e-05 -7.48614548e-05 -1.79943690e-05 -6.81486126e-05 -1.07291016e-05 -3.23755812e-05 7.20557146e-05
-7.38936942e-03 2.02110335e-02 4.54118755e-03 -2.32348568e-03 1.77386065e-03 -3.09352414e-04 5.42541826e-03 3.51518486e-03 -1.73537654e-03 -2.19469098e-03 -6.48860587e-03 -1.55817694e-03 -5.70988050e-03 -8.95475154e-04 -2.68780394e-03 5.97257167e-03
-8.27490934e-04 8.04219116e-03 2.77704210e-03 -2.00762809e-03 1.56168151e-03 -3.74431635e-04 5.06554265e-03 3.21258581e-03 -1.63757603e-03 -2.08129873e-03 -6.14202209e-03 -1.47761696e-03 -5.42353466e-03 -8.50780518e-04 -2.55429349e-03 5.67621319e-03
-7.42001459e-03 2.39531938e-02 5.51255839e-03 -3.04443063e-03 2.31828867e-03 -4.69850900e-04 7.28315394e-03 4.84422874e-03 -2.36315653e-03 -2.95825838e-03 -8.74258392e-03 -2.10629962e-03 -7.70512596e-03 -1.20913249e-03 -3.62442946e-03 8.05350114e-03
1.74675845e-02 -4.61600274e-02 -1.29449703e-02 8.07793159e-03 -6.29291637e-03 1.40434084e-03 -2.01953240e-02 -1.29251815e-02 6.51321327e-03 8.26076511e-03 2.43893731e-02 5.86417224e-03 2.15170644e-02 3.37520498e-03 1.01325819e-02 -2.25163884e-02
-5.50935976e-03 1.64885148e-02 4.22211271e-03 -2.73093232e-03 2.12450605e-03 -4.74786299e-04 6.80579012e-03 4.33322834e-03 -2.19156756e-03 -2.78247939e-03 -8.20874982e-03 -1.97395007e-03 -7.24240113e-03 -1.13604101e-03 -3.41048441e-03 7.57849822e-03
6.86863996e-03 -1.55671444e-02 -4.35309205e-03 3.19046085e-03 -2.47381791e-03 5.98902465e-04 -8.08237772e-03 -5.11221401e-03 2.61413492e-03 3.32485419e-03 9.81078763e-03 2.36049364e-03 8.66466668e-03 1.35924097e-03 4.08089021e-03 -9.06868186e-03
1.91349827e-03 -1.66481361e-03 1.41765631e-04 -2.99406849e-04 2.89587828e-04 -9.48195520e-05 1.02305086e-03 6.42661820e-04 -3.33215052e-04 -4.25420556e-04 -1.25533657e-03 -3.02215398e-04 -1.11012650e-03 -1.74166067e-04 -5.22955379e-04 1.16215646e-03
-3.45584303e-02 9.91255268e-02 2.69683432e-02 -1.78975873e-02 1.39773088e-02 -3.40783014e-03 4.57100272e-02 2.89026629e-02 -1.47811817e-02 -1.88010056e-02 -5.54778203e-02 -1.33481734e-02 -4.89978790e-02 -7.68638914e-03 -2.30771247e-02 5.12827300e-02
-2.50329934e-02 6.72993809e-02 1.87544450e-02 -1.29631115e-02 1.01249944e-02 -2.46140989e-03 3.31026129e-02 2.09266711e-02 -1.07008889e-02 -1.36086233e-02 -4.01566774e-02 -9.66168940e-03 -3.54654826e-02 -5.56352781e-03 -1.67035628e-02 3.71191837e-02
1.18472679e-02 -3.58057804e-02 -9.08024609e-03 5.00226114e-03 -3.79965920e-03 7.66250538e-04 -1.19344229e-02 -7.62998546e-03 3.84954805e-03 4.85895202e-03 1.43650090e-02 3.45142139e-03 1.26478299e-02 1.98340742e-03 5.95306559e-03 -1.32277664e-02
-6.41464489e-03 1.91022996e-02 5.52876946e-03 -3.69790848e-03 2.84834509e-03 -6.75656367e-04 9.27978754e-03 5.88533189e-03 -2.99870176e-03 -3.80989467e-03 -1.12446193e-02 -2.70491419e-03 -9.92770400e-03 -1.55733293e-03 -4.67554154e-03 1.03900880e-02
-1.72031997e-03 5.15980879e-03 1.16763078e-03 -5.04593074e-04 3.75926582e-04 -6.47223205e-05 1.14180963e-03 7.52363179e-04 -3.66209162e-04 -4.60218347e-04 -1.36375055e-03 -3.27185000e-04 -1.19687116e-03 -1.87630270e-04 -5.62978035e-04 1.25088182e-03
-3.52903362e-03 4.43056133e-03 1.26683142e-03 -9.92794870e-04 7.75482098e-04 -1.96807174e-04 2.59138388e-03 1.63227471e-03 -8.39868095e-04 -1.06913014e-03 -3.15460400e-03 -7.59080751e-04 -2.78680702e-03 -4.37176408e-04 -1.31257495e-03 2.91685993e-03
-8.16136133e-03 1.43664144e-02 3.29659274e-03 -1.15401600e-03 8.43931979e-04 -6.50878283e-05 2.43996503e-03 1.77183724e-03 -7.81053095e-04 -9.65834828e-04 -2.89131398e-03 -6.88586675e-04 -2.50423141e-03 -3.92366637e-04 -1.17613131e-03 2.61267996e-03
-4.98987176e-03 1.19695058e-02 3.06548784e-03 -1.84236083e-03 1.38024031e-03 -3.02157860e-04 4.38925903e-03 2.81497510e-03 -1.41456351e-03 -1.79165159e-03 -5.29213762e-03 -1.27245800e-03 -4.66525555e-03 -7.31691485e-04 -2.19632336e-03 4.88050561e-03
2.25239433e-03 -5.86844143e-03 -1.42229022e-03 9.02887841e-04 -6.98056305e-04 1.63349338e-04 -2.23469594e-03 -1.41726073e-03 7.21339136e-04 9.16290097e-04 2.70418683e-03 6.50528702e-04 2.38745799e-03 3.74512339e-04 1.12438342e-03 -2.49862508e-03
-5.53727383e-03 1.75454803e-02 5.13837393e-03 -3.35544744e-03 2.61737150e-03 -6.26407040e-04 8.50806292e-03 5.38704824e-03 -2.74850428e-03 -3.49329202e-03 -1.03103910e-02 -2.48017721e-03 -9.10356082e-03 -1.42807805e-03 -4.28754510e-03 9.52790864e-03
2.36556074e-03 5.09810541e-03 2.13891361e-03 -2.40310747e-03 1.87319575e-03 -4.77558613e-04 6.22671237e-03 3.93343577e-03 -2.01840512e-03 -2.56829080e-03 -7.57809496e-03 -1.82346150e-03 -6.69396529e-03 -1.05010404e-03 -3.15277977e-03 7.00621586e-03
-1.07231624e-02 3.15335020e-02 9.15406644e-03 -5.45527833e-03 4.22304124e-03 -9.60225647e-04 1.35371312e-02 8.60666670e-03 -4.36587213e-03 -5.54019911e-03 -1.63552705e-02 -3.93349724e-03 -1.44323409e-02 -2.26383307e-03 -6.79632090e-03 1.51027283e-02
-1.50046870e-02 4.09034118e-02 1.01647321e-02 -5.71899628e-03 4.48935712e-03 -1.00350101e-03 1.43994540e-02 9.14506987e-03 -4.64306679e-03 -5.89268701e-03 -1.74018983e-02 -4.18345258e-03 -1.53515050e-02 -2.40804814e-03 -7.22947763e-03 1.60655212e-02
-1.26431324e-02 3.62660438e-02 9.02104191e-03 -4.77814255e-03 3.70245054e-03 -7.63249642e-04 1.17239561e-02 7.55594065e-03 -3.77354142e-03 -4.76778392e-03 -1.40914889e-02 -3.38898692e-03 -1.24165099e-02 -1.94711483e-03 -5.84375905e-03 1.29851028e-02
-1.89587995e-02 5.69166616e-02 1.55576663e-02 -1.06089208e-02 8.20252765e-03 -1.95919187e-03 2.66773086e-02 1.69128980e-02 -8.60925298e-03 -1.09450212e-02 -3.23014148e-02 -7.77058117e-03 -2.85210181e-02 -4.47406061e-03 -1.34324655e-02 2.98499800e-02
3.68340779e-03 -1.17210736e-02 -3.57072032e-03 2.44268822e-03 -1.89838128e-03 4.44819219e-04 -6.14264514e-03 -3.89623526e-03 1.98334199e-03 2.51941872e-03 7.43712019e-03 1.78883562e-03 6.56403974e-03 1.02963962e-03 3.09114135e-03 -6.86913216e-03
-3.49175907e-03 5.27692726e-03 9.99294803e-04 -4.33467125e-04 3.08210554e-04 -5.66331946e-05 1.02681376e-03 6.67592161e-04 -3.31234129e-04 -4.18456562e-04 -1.23711291e-03 -2.97268038e-04 -1.09019678e-03 -1.70961401e-04 -5.13186678e-04 1.14036328e-03
-2.06043255e-02 5.79673722e-02 1.64301805e-02 -1.01359906e-02 7.81489909e-03 -1.81585748e-03 2.52221636e-02 1.60186943e-02 -8.12575500e-03 -1.03237815e-02 -3.04766055e-02 -7.32899550e-03 -2.68960167e-02 -4.21895785e-03 -1.26662795e-02 2.81470977e-02
-2.24172175e-02 6.13892972e-02 1.44889513e-02 -9.26265772e-03 7.00092223e-03 -1.62713800e-03 2.27467511e-02 1.44042838e-02 -7.34481588e-03 -9.33381822e-03 -2.75557823e-02 -6.62795547e-03 -2.43214946e-02 -3.81502509e-03 -1.14536714e-02 2.54526772e-02
-2.82765599e-03 1.02256592e-02 2.95781041e-03 -1.88480108e-03 1.46218063e-03 -3.17872007e-04 4.62859543e-03 2.96353968e-03 -1.49141287e-03 -1.88780017e-03 -5.57968020e-03 -1.34123187e-03 -4.91518434e-03 -7.70838291e-04 -2.31359061e-03 5.14096301e-03
-4.72217612e-03 1.11709125e-02 2.95323483e-03 -1.56552193e-03 1.21733546e-03 -2.46178271e-04 3.82556021e-03 2.46337778e-03 -1.22758397e-03 -1.54859095e-03 -4.58503095e-03 -1.10132515e-03 -4.02981834e-03 -6.31859875e-04 -1.89592491e-03 4.21262998e-03
1.67480074e-02 -5.13918549e-02 -1.46260113e-02 7.44287809e-03 -5.73281990e-03 1.25972123e-03 -1.83135290e-02 -1.16828037e-02 5.91142569e-03 7.48141436e-03 2.20976155e-02 5.31510683e-03 1.94858294e-02 3.05572688e-03 9.17260535e-03 -2.03820709e-02
3.25662307e-02 -8.81941319e-02 -2.27661394e-02 1.47725455e-02 -1.14588048e-02 2.68134475e-03 -3.67448702e-02 -2.32651979e-02 1.18753938e-02 1.50849717e-02 4.45196405e-02 1.07096359e-02 3.93028744e-02 6.16525114e-03 1.85095146e-02 -4.11320888e-02
1.28549058e-02 -3.57587039e-02 -8.35865550e-03 5.39158517e-03 -4.15469799e-03 9.54223680e-04 -1.33871036e-02 -8.50404054e-03 4.31197509e-03 5.47416694e-03 1.61611848e-02 3.88625148e-03 1.42599782e-02 2.23687151e-03 6.71537826e-03 -1.49229215e-02
1.35007745e-03 -3.90266860e-03 -1.08000543e-03 6.61299797e-04 -5.21400652e-04 1.16327028e-04 -1.64737250e-03 -1.05079403e-03 5.28996403e-04 6.71822578e-04 1.98299857e-03 4.76945104e-04 1.75036991e-03 2.74572987e-04 8.24338465e-04 -1.83185947e-03
-8.92882328e-03 2.52635553e-02 6.19181432e-03 -3.17261438e-03 2.46960390e-03 -5.21977898e-04 7.76783284e-03 4.95185284e-03 -2.50689476e-03 -3.16471281e-03 -9.35143325e-03 -2.24895496e-03 -8.24158825e-03 -1.29251962e-03 -3.87952058e-03 8.62055738e-03
-3.82101443e-03 1.00803915e-02 2.37334776e-03 -1.26829150e-03 9.69838584e-04 -1.75325753e-04 2.95290397e-03 1.94605172e-03 -9.56368342e-04 -1.19698944e-03 -3.54166934e-03 -8.52837693e-04 -3.11481068e-03 -4.88299353e-04 -1.46455283e-03 3.25364526e-03
-1.51216714e-02 3.91948074e-02 9.91574395e-03 -6.18923968e-03 4.67204535e-03 -1.03074859e-03 1.49561279e-02 9.55827814e-03 -4.82599018e-03 -6.12300029e-03 -1.80881787e-02 -4.34806990e-03 -1.59464534e-02 -2.50120647e-03 -7.50809489e-03 1.66840889e-02
3.20056044e-02 -8.74589160e-02 -2.47242469e-02 1.55226365e-02 -1.21776462e-02 2.90559023e-03 -3.93722840e-02 -2.49291845e-02 1.27236983e-02 1.61790233e-02 4.77438942e-02 1.14865042e-02 4.21627387e-02 6.61410205e-03 1.98576748e-02 -4.41283286e-02
-5.05536841e-03 1.59115214e-02 4.36093844e-03 -2.54906714e-03 1.95847708e-03 -4.25400765e-04 6.24310644e-03 4.00712714e-03 -2.01451150e-03 -2.54735746e-03 -7.52649130e-03 -1.80975697e-03 -6.63318345e-03 -1.04027323e-03 -3.12234857e-03 6.93812454e-03
-9.27999802e-03 2.38894150e-02 6.82482729e-03 -4.25114669e-03 3.26436991e-03 -7.48392427e-04 1.04899537e-02 6.66094990e-03 -3.39000742e-03 -4.30010306e-03 -1.26960864e-02 -3.05374782e-03 -1.12021444e-02 -1.75711233e-03 -5.27481781e-03 1.17215151e-02
-1.93766900e-04 -3.03404871e-03 -1.15810568e-03 8.90487747e-04 -6.98577031e-04 1.71799009e-04 -2.28516222e-03 -1.44497165e-03 7.39089795e-04 9.40041384e-04 2.77393684e-03 6.67407003e-04 2.44981213e-03 3.84304702e-04 1.15380494e-03 -2.56401929e-03
2.07585283e-04 -6.77245727e-04 -1.86203179e-04 3.88967164e-05 -2.95637437e-05 -1.41539385e-06 -6.16851248e-05 -4.71350868e-05 1.75564837e-05 2.04643075e-05 6.10361312e-05 1.45601907e-05 5.25698160e-05 8.21752928e-06 2.46044947e-05 -5.46311530e-05
4.04680148e-03 -8.47597606e-03 -2.44798581e-03 1.71554403e-03 -1.32829952e-03 3.20017949e-04 -4.34423611e-03 -2.74622557e-03 1.40533457e-03 1.78679556e-03 5.27262734e-03 1.26860011e-03 4.65642475e-03 7.30452884e-04 2.19304580e-03 -4.87344665e-03
-1.14537925e-02 3.13908756e-02 8.94156471e-03 -5.78810414e-03 4.49598581e-03 -1.05791329e-03 1.44980596e-02 9.20299254e-03 -4.68125148e-03 -5.94852911e-03 -1.75552182e-02 -4.22320887e-03 -1.54991653e-02 -2.43128277e-03 -7.29927793e-03 1.62205584e-02
-2.09502429e-02 5.85565791e-02 1.48877418e-02 -9.85871255e-03 7.59438705e-03 -1.81022065e-03 2.46777441e-02 1.56007679e-02 -7.96171837e-03 -1.01229949e-02 -2.98725776e-02 -7.18690548e-03 -2.63795033e-02 -4.13813209e-03 -1.24240015e-02 2.76089758e-02
-1.14468113e-02 3.04163583e-02 7.75278499e-03 -4.99215117e-03 3.85169825e-03 -8.87238828e-04 1.24071790e-02 7.86578376e-03 -4.00616927e-03 -5.08780545e-03 -1.50211500e-02 -3.61213484e-03 -1.32548306e-02 -2.07915599e-03 -6.24198839e-03 1.38709638e-02
2.72016414e-02 -9.68611836e-02 -2.26757377e-02 1.23626497e-02 -9.48179513e-03 1.92850758e-03 -2.96575129e-02 -1.92313213e-02 9.50986613e-03 1.20319417e-02 3.56799662e-02 8.55210237e-03 3.13224681e-02 4.91163367e-03 1.47387423e-02 -3.27480994e-02
-4.90483036e-03 1.83447339e-02 5.49503695e-03 -3.52193811e-03 2.74909008e-03 -5.67401235e-04 8.60061776e-03 5.62514318e-03 -2.76734564e-03 -3.48454574e-03 -1.03076911e-02 -2.47879513e-03 -9.07098968e-03 -1.42256473e-03 -4.26793611e-03 9.48286057e-03
1.61848925e-02 -4.90423255e-02 -1.29289441e-02 8.12849309e-03 -6.28195936e-03 1.45484565e-03 -2.02818420e-02 -1.28571419e-02 6.54842937e-03 8.31262674e-03 2.45488957e-02 5.90297394e-03 2.16579828e-02 3.39721167e-03 1.01987841e-02 -2.26636436e-02
-2.91812327e-03 8.53071176e-03 1.89233886e-03 -1.00767985e-03 7.79463153e-04 -1.69760518e-04 2.45831162e-03 1.56580377e-03 -7.93145096e-04 -1.00497901e-03 -2.96869711e-03 -7.13682792e-04 -2.61744787e-03 -4.10558016e-04 -1.23247667e-03 2.73876614e-03
1.17324358e-02 -3.47548164e-02 -9.03651863e-03 5.20385476e-03 -4.01037047e-03 8.74898746e-04 -1.27699375e-02 -8.10669083e-03 4.11939714e-03 5.22428937e-03 1.54253747e-02 3.70977749e-03 1.36098666e-02 2.13482720e-03 6.40887907e-03 -1.42416591e-02
9.39853303e-03 -2.54746564e-02 -6.88500702e-03 4.38542385e-03 -3.38638830e-03 7.94088817e-04 -1.09759737e-02 -6.96343416e-03 3.54470243e-03 4.50035417e-03 1.32863736e-02 3.19578103e-03 1.17260544e-02 1.83935347e-03 5.52205881e-03 -1.22711249e-02
-7.00240431e-04 1.89024804e-03 2.03091593e-04 4.11252317e-04 -3.23297194e-04 1.00871897e-04 -1.15995738e-03 -7.06032035e-04 3.80115293e-04 4.89259022e-04 1.44248153e-03 3.47015564e-04 1.27559586e-03 2.00156821e-04 6.01056672e-04 -1.33574673e-03
-3.24384402e-03 9.66062117e-03 2.80497200e-03 -2.05532718e-03 1.60216819e-03 -3.93338181e-04 5.26171178e-03 3.32579925e-03 -1.70235662e-03 -2.16536829e-03 -6.38962397e-03 -1.53736630e-03 -5.64328721e-03 -8.85273679e-04 -2.65788869e-03 5.90644637e-03
-7.60750193e-03 1.92619115e-02 4.63319337e-03 -2.61726975e-03 1.98537856e-03 -4.33916983e-04 6.27997564e-03 4.00958955e-03 -2.02094507e-03 -2.56168190e-03 -7.56503874e-03 -1.81902118e-03 -6.67168759e-03 -1.04644021e-03 -3.14135454e-03 6.98059564e-03
-5.41772880e-03 1.99150071e-02 5.13168983e-03 -3.06481752e-03 2.28263321e-03 -4.55761852e-04 7.26173026e-03 4.73457109e-03 -2.34497921e-03 -2.95726210e-03 -8.73608980e-03 -2.10055546e-03 -7.69740110e-03 -1.20718870e-03 -3.62309068e-03 8.04972928e-03
-1.76178701e-02 6.53340891e-02 1.59605183e-02 -8.81295186e-03 6.50833733e-03 -1.35352486e-03 2.03746147e-02 1.30335493e-02 -6.55293092e-03 -8.24779924e-03 -2.44692471e-02 -5.88620082e-03 -2.14662235e-02 -3.36901424e-03 -1.01030674e-02 2.24446878e-02
-3.40078538e-03 1.19944662e-02 3.09284450e-03 -2.09972030e-03 1.60820293e-03 -3.78735975e-04 5.17249154e-03 3.28078540e-03 -1.67242135e-03 -2.12413026e-03 -6.26854878e-03 -1.50817621e-03 -5.53497393e-03 -8.68251489e-04 -2.60671042e-03 5.79267833e-03
6.87712850e-03 -1.90825313e-02 -4.80269641e-03 3.13176634e-03 -2.44232640e-03 5.42991213e-04 -7.76587101e-03 -5.02536632e-03 2.49936245e-03 3.17469542e-03 9.37165692e-03 2.25380342e-03 8.26943107e-03 1.29712000e-03 3.89411370e-03 -8.65348056e-03
3.56436893e-03 -6.85269479e-03 -1.75934448e-03 1.09804270e-03 -8.46535666e-04 1.99233589e-04 -2.76018353e-03 -1.74765370e-03 8.91905045e-04 1.13338581e-03 3.34531907e-03 8.04701820e-04 2.95334263e-03 4.63282631e-04 1.39089650e-03 -3.09087709e-03
2.60460135e-02 -6.84593469e-02 -1.91690959e-02 1.16928816e-02 -8.96329619e-03 2.09797430e-03 -2.89823823e-02 -1.84499156e-02 9.36606992e-03 1.18852062e-02 3.50940563e-02 8.44013318e-03 3.09660975e-02 4.85733151e-03 1.45822288e-02 -3.24044749e-02
-1.36674996e-02 4.56712991e-02 1.20911673e-02 -5.98711660e-03 4.53580078e-03 -8.71275435e-04 1.42373648e-02 9.25354660e-03 -4.58791759e-03 -5.75843733e-03 -1.70730148e-02 -4.10197023e-03 -1.49928452e-02 -2.34992499e-03 -7.04957917e-03 1.56629998e-02
1.07479673e-02 -2.91566327e-02 -7.83041306e-03 4.89205075e-03 -3.76237766e-03 8.72675038e-04 -1.21655092e-02 -7.75380433e-03 3.92312463e-03 4.98102792e-03 1.47059700e-02 3.53665673e-03 1.29772378e-02 2.03562039e-03 6.11127308e-03 -1.35804871e-02
-5.68511244e-03 1.51580907e-02 4.25016694e-03 -2.80063483e-03 2.17818958e-03 -5.17277280e-04 7.06177531e-03 4.46721772e-03 -2.28245370e-03 -2.90136738e-03 -8.56176298e-03 -2.05978286e-03 -7.56066805e-03 -1.18604314e-03 -3.56087368e-03 7.91307632e-03
1.63557508e-03 -3.91344493e-03 -1.47019618e-03 1.33085740e-03 -1.04291784e-03 2.69256765e-04 -3.47677781e-03 -2.19863909e-03 1.12642383e-03 1.43343618e-03 4.22919029e-03 1.01779576e-03 3.73647339e-03 5.86157548e-04 1.75985880e-03 -3.91082605e-03
2.12665759e-02 -5.19860052e-02 -1.38034187e-02 8.23776703e-03 -6.34527765e-03 1.40460895e-03 -2.01694109e-02 -1.28150405e-02 6.51981961e-03 8.27589259e-03 2.44222842e-02 5.87450387e-03 2.15566605e-02 3.38149071e-03 1.01517253e-02 -2.25591287e-02
3.12203960e-03 -9.01522581e-03 -2.61197938e-03 1.87962456e-03 -1.41891511e-03 3.43273568e-04 -4.63363202e-03 -2.93602445e-03 1.49855774e-03 1.90480589e-03 5.62097598e-03 1.35240285e-03 4.96382546e-03 7.78674032e-04 2.33781314e-03 -5.19514782e-03
4.58302833e-02 -1.38718560e-01 -3.50377187e-02 2.23099981e-02 -1.71407200e-02 4.01063263e-03 -5.53259142e-02 -3.50033715e-02 1.78271923e-02 2.26179231e-02 6.67517483e-02 1.60579067e-02 5.89380339e-02 9.24532302e-03 2.77570132e-02 -6.16821572e-02
-1.84479486e-02 4.85411324e-02 1.35134012e-02 -9.09089111e-03 6.93143765e-03 -1.65500096e-03 2.23894026e-02 1.41544621e-02 -7.23560667e-03 -9.19826236e-03 -2.71459389e-02 -6.53063320e-03 -2.39703711e-02 -3.76021233e-03 -1.12892734e-02 2.50873212e-02
1.11844894e-02 -3.21560241e-02 -8.46951641e-03 5.39960340e-03 -4.15717298e-03 9.29223024e-04 -1.32977525e-02 -8.52802955e-03 4.27821837e-03 5.43576432e-03 1.60439387e-02 3.85757606e-03 1.41544612e-02 2.22018943e-03 6.66524004e-03 -1.48114935e-02
-1.71269081e-03 2.75602145e-03 3.89211811e-04 2.39104760e-04 -2.03533258e-04 6.77293283e-05 -7.34399597e-04 -4.56756155e-04 2.41783739e-04 3.09305615e-04 9.12200136e-04 2.19660447e-04 8.06940370e-04 1.26605461e-04 3.80145764e-04 -8.44791124e-04
2.36499924e-02 -6.58420920e-02 -1.76828224e-02 1.06913811e-02 -8.23935680e-03 1.92118960e-03 -2.64356956e-02 -1.67379044e-02 8.54294654e-03 1.08497404e-02 3.20214443e-02 7.70301186e-03 2.82689165e-02 4.43441560e-03 1.33131007e-02 -2.95844916e-02
3.57323624e-02 -1.00716516e-01 -2.56155282e-02 1.61587261e-02 -1.25977146e-02 2.97835958e-03 -4.08204459e-02 -2.59511974e-02 1.31868590e-02 1.67661868e-02 4.94787879e-02 1.19033642e-02 4.36914973e-02 6.85391203e-03 2.05775667e-02 -4.57280576e-02
-7.69271702e-03 2.15895325e-02 5.68350591e-03 -3.64419119e-03 2.64750770e-03 -5.62937523e-04 8.41065403e-03 5.37773827e-03 -2.70880223e-03 -3.43104033e-03 -1.01223020e-02 -2.43542856e-03 -8.93163588e-03 -1.40092976e-03 -4.20531258e-03 9.34473332e-03
1.11274019e-01 -3.29132557e-01 -8.39550719e-02 5.72689250e-02 -4.38843146e-02 1.04337204e-02 -1.42917767e-01 -9.03418884e-02 4.61377874e-02 5.86317070e-02 1.73041731e-01 4.16257679e-02 1.52776897e-01 2.39659250e-02 7.19525591e-02 -1.59894660e-01
8.64476990e-03 -2.13382095e-02 -6.19562995e-03 4.42675594e-03 -3.44211352e-03 8.37859465e-04 -1.12667056e-02 -7.12378183e-03 3.64399492e-03 4.63477569e-03 1.36763351e-02 3.29056056e-03 1.20787276e-02 1.89481000e-03 5.68884891e-03 -1.26419421e-02
1.30048469e-02 -2.74088811e-02 -6.98153488e-03 4.01869370e-03 -3.15062189e-03 6.69520756e-04 -9.85533372e-03 -6.29421417e-03 3.17013566e-03 4.02546208e-03 1.18823443e-02 2.85748648e-03 1.04867676e-02 1.64499891e-03 4.93865646e-03 -1.09747294e-02
-6.50935993e-03 1.91162862e-02 4.90309671e-03 -2.75119185e-03 2.13027489e-03 -4.15139890e-04 6.59774104e-03 4.35393676e-03 -2.12921831e-03 -2.67247274e-03 -7.90183153e-03 -1.90225476e-03 -6.95670443e-03 -1.09030260e-03 -3.27015156e-03 7.26561854e-03
-1.27466507e-02 3.70562747e-02 1.00514675e-02 -6.86456775e-03 5.28412079e-03 -1.25331187e-03 1.71444099e-02 1.08754970e-02 -5.53828105e-03 -7.04156421e-03 -2.07803287e-02 -4.99926228e-03 -1.83494873e-02 -2.87848152e-03 -8.64209421e-03 1.92047022e-02
-8.41275137e-03 2.10671462e-02 6.06146781e-03 -3.64435767e-03 2.77164346e-03 -6.39219244e-04 8.87670554e-03 5.65273315e-03 -2.86523881e-03 -3.63322604e-03 -1.07285548e-02 -2.57995771e-03 -9.46505740e-03 -1.48464541e-03 -4.45700297e-03 9.90425609e-03
-8.04093294e-03 2.30363645e-02 6.23046234e-03 -4.04681033e-03 3.11915297e-03 -7.27027829e-04 1.00458879e-02 6.36592833e-03 -3.24574206e-03 -4.12301905e-03 -1.21689402e-02 -2.92723184e-03 -1.07427193e-02 -1.68516440e-03 -5.05928090e-03 1.12428144e-02
-3.08902487e-02 8.42456296e-02 2.43737809e-02 -1.64146759e-02 1.26759373e-02 -3.06087104e-03 4.13408503e-02 2.61815563e-02 -1.33684278e-02 -1.69991776e-02 -5.01625910e-02 -1.20687187e-02 -4.42999564e-02 -6.94937445e-03 -2.08642669e-02 4.63652052e-02
6.59146160e-03 -1.97282005e-02 -4.99144848e-03 3.10778315e-03 -2.35345075e-03 5.23227034e-04 -7.51650473e-03 -4.77673020e-03 2.42307619e-03 3.07645276e-03 9.08041559e-03 2.18405691e-03 8.01366102e-03 1.25702377e-03 3.77374119e-03 -8.38600006e-03
1.36230178e-02 -3.87287512e-02 -1.06401853e-02 6.31931936e-03 -4.81118867e-03 1.10014935e-03 -1.54464049e-02 -9.84090101e-03 4.99161473e-03 6.33090083e-03 1.86929647e-02 4.49528452e-03 1.64905302e-02 2.58666277e-03 7.76526425e-03 -1.72557887e-02
-2.01977673e-04 3.75627331e-03 1.31732051e-03 -1.20274199e-03 9.32672760e-04 -2.42829614e-04 3.12805106e-03 1.96307688e-03 -1.01432286e-03 -1.29161158e-03 -3.81033239e-03 -9.17039171e-04 -3.36699304e-03 -5.28209552e-04 -1.58590998e-03 3.52428737e-03
1.05237113e-02 -2.78525762e-02 -7.91567005e-03 4.58797254e-03 -3.54762515e-03 8.29060504e-04 -1.13491584e-02 -7.18687708e-03 3.66514921e-03 4.65626596e-03 1.37419738e-02 3.30598024e-03 1.21336114e-02 1.90336478e-03 5.71444910e-03 -1.26987770e-02
-2.78725214e-02 8.26793164e-02 2.12685391e-02 -1.37071069e-02 1.05714696e-02 -2.48491252e-03 3.41515355e-02 2.17120145e-02 -1.10135609e-02 -1.39809577e-02 -4.12633866e-02 -9.92740039e-03 -3.64314131e-02 -5.71482768e-03 -1.71572641e-02 3.81271988e-02
-2.32320093e-02 6.64998069e-02 1.54364891e-02 -1.04184663e-02 7.99881667e-03 -1.78507739e-03 2.53701471e-02 1.61596742e-02 -8.17677937e-03 -1.03898309e-02 -3.06611899e-02 -7.37496885e-03 -2.70612631e-02 -4.24495665e-03 -1.27442153e-02 2.83202734e-02
