9.53724515e-03 1.35907414e-03 8.10565311e-04 -8.90710764e-03 -7.68659083e-05 4.13369620e-03 -1.12583712e-02 4.03259248e-02 5.70555544e-03 8.52632988e-03 -1.32203093e-02 -2.84881284e-03 -1.29108280e-02 -5.28629217e-03 1.41944820e-02 9.88307409e-03
1.99270174e-02 2.68552103e-03 8.10205471e-04 -1.59848221e-02 7.22063123e-06 7.60667957e-03 -2.03737170e-02 7.34855831e-02 1.04217418e-02 1.55609269e-02 -2.41291709e-02 -5.18996827e-03 -2.35633664e-02 -9.64770000e-03 2.59080958e-02 1.80397220e-02
9.20111313e-03 1.13414391e-03 6.60927850e-04 -5.98299876e-03 -1.28706553e-04 2.53770058e-03 -7.15345656e-03 2.54517123e-02 3.56556429e-03 5.34248305e-03 -8.27029999e-03 -1.79005717e-03 -8.07908922e-03 -3.30840936e-03 8.87962803e-03 6.18107524e-03
-1.86427329e-02 -3.83625785e-03 -3.99710378e-04 1.81299467e-02 -1.00579578e-04 -8.65420979e-03 2.31065433e-02 -8.36242437e-02 -1.18708881e-02 -1.77052673e-02 2.74687000e-02 5.90346428e-03 2.68234126e-02 1.09822927e-02 -2.94938572e-02 -2.05371231e-02
4.44971304e-03 2.02381541e-03 3.44442204e-04 -4.78841364e-03 -4.85279888e-05 2.16442696e-03 -5.92983747e-03 2.14891769e-02 3.03922035e-03 4.53843968e-03 -7.03480188e-03 -1.51274307e-03 -6.87002344e-03 -2.81295693e-03 7.55379396e-03 5.25968103e-03
-9.25499247e-04 -7.31348759e-04 -9.07709182e-05 8.19466892e-04 1.57692375e-06 -3.70972906e-04 1.02508860e-03 -3.67910834e-03 -5.19314664e-04 -7.75964931e-04 1.20286597e-03 2.59252382e-04 1.17479323e-03 4.81025549e-04 -1.29153451e-03 -8.99219420e-04
-2.95086741e-03 -1.60530442e-03 5.98160317e-04 8.23420472e-03 -4.46917984e-05 -3.97338253e-03 1.06449872e-02 -3.85497361e-02 -5.46959601e-03 -8.17013532e-03 1.26647744e-02 2.72978679e-03 1.23691317e-02 5.06522972e-03 -1.35992114e-02 -9.46725532e-03
-4.16513719e-03 -6.35403267e-04 -2.71538767e-04 3.52770509e-03 5.95398305e-05 -1.57297635e-03 4.34248568e-03 -1.55237960e-02 -2.19233381e-03 -3.28192743e-03 5.08190133e-03 1.09916262e-03 4.96420823e-03 2.03289068e-03 -5.45651605e-03 -3.79824429e-03
1.41384052e-02 1.44876924e-03 1.80415495e-03 -7.76109286e-03 -6.58563949e-05 3.33658815e-03 -9.35998000e-03 3.34597118e-02 4.71907202e-03 7.07631325e-03 -1.09498836e-02 -2.37167836e-03 -1.06955348e-02 -4.38001193e-03 1.17545472e-02 8.18214566e-03
-9.11527686e-03 -2.05161120e-03 -3.84775922e-06 8.71793833e-03 -3.72461218e-05 -4.25535766e-03 1.13818925e-02 -4.12390493e-02 -5.83010819e-03 -8.69366527e-03 1.34907402e-02 2.89969193e-03 1.31741753e-02 5.39384317e-03 -1.44857634e-02 -1.00867078e-02
1.21113537e-02 1.26533676e-03 6.55567041e-04 -1.04621239e-02 -1.75434747e-04 4.81161801e-03 -1.30989980e-02 4.72288281e-02 6.66936720e-03 9.96001810e-03 -1.54407946e-02 -3.32447398e-03 -1.50794694e-02 -6.17411453e-03 1.65787488e-02 1.15432590e-02
1.70876812e-02 3.01252166e-03 4.98672132e-04 -1.46539127e-02 4.50315711e-05 6.99381391e-03 -1.86401382e-02 6.73945323e-02 9.56606120e-03 1.42681981e-02 -2.21386906e-02 -4.76138853e-03 -2.16194969e-02 -8.85181408e-03 2.37713903e-02 1.65520962e-02
-8.75695609e-04 -2.76472798e-04 3.62639912e-05 1.27335521e-03 -1.35704759e-05 -6.26276480e-04 1.65394216e-03 -6.00750884e-03 -8.54455458e-04 -1.27422973e-03 1.97713473e-03 4.25017846e-04 1.93073112e-03 7.90504913e-04 -2.12295284e-03 -1.47824234e-03
-1.94857083e-02 -3.43934144e-03 -6.46651024e-04 1.85493380e-02 5.99207706e-05 -8.85873754e-03 2.38241032e-02 -8.60441402e-02 -1.21843200e-02 -1.81835219e-02 2.82114465e-02 6.06809091e-03 2.75504589e-02 1.12801669e-02 -3.02922893e-02 -2.10924745e-02
1.50754992e-02 2.54093832e-03 4.15629824e-04 -1.48985637e-02 2.57503998e-04 7.26919807e-03 -1.92371309e-02 6.97877631e-02 9.92218591e-03 1.47917932e-02 -2.29594372e-02 -4.93024755e-03 -2.24196631e-02 -9.17905848e-03 2.46531013e-02 1.71670541e-02
-4.24062163e-02 -3.28158913e-03 -2.60710483e-03 3.32645625e-02 -4.96190798e-04 -1.61752589e-02 4.29229550e-02 -1.55436918e-01 -2.21228506e-02 -3.29740494e-02 5.11772335e-02 1.09898821e-02 4.99730967e-02 2.04601623e-02 -5.49523421e-02 -3.82659845e-02
-1.02865100e-02 -2.34134682e-03 5.76168415e-04 8.44970159e-03 -1.51251443e-04 -4.12721466e-03 1.08821476e-02 -3.95963266e-02 -5.62769361e-03 -8.38678889e-03 1.30175324e-02 2.79489299e-03 1.27114169e-02 5.20432461e-03 -1.39778228e-02 -9.73340031e-03
1.13013126e-02 1.70272100e-03 1.81025942e-04 -1.37920883e-02 -9.56903968e-05 6.54621003e-03 -1.76357999e-02 6.36799634e-02 8.99679586e-03 1.34404805e-02 -2.08392050e-02 -4.49014595e-03 -2.03533396e-02 -8.33452865e-03 2.23763231e-02 1.55787086e-02
-1.09271109e-02 -2.12149532e-03 3.18941486e-04 1.12445615e-02 -1.68964441e-04 -5.51777426e-03 1.45562980e-02 -5.28370403e-02 -7.51610985e-03 -1.12028811e-02 1.73874293e-02 3.73350130e-03 1.69785377e-02 6.95138192e-03 -1.86699666e-02 -1.30007267e-02
3.65697965e-02 9.59155988e-03 -2.16906006e-03 -3.41813527e-02 6.84302242e-04 1.70449335e-02 -4.46323901e-02 1.62809029e-01 2.31971350e-02 3.45620960e-02 -5.36504500e-02 -1.15161026e-02 -5.23881353e-02 -2.14488301e-02 5.76084517e-02 4.01156954e-02
-7.02841533e-03 -4.43093188e-04 -7.03341560e-04 4.82273800e-03 1.00599907e-04 -2.17023864e-03 6.05100160e-03 -2.16264185e-02 -3.03473184e-03 -4.53552138e-03 7.03009777e-03 1.51633867e-03 6.86579570e-03 2.81117484e-03 -7.54795270e-03 -5.25517855e-03
-2.68135481e-02 -5.01994649e-03 4.46238555e-04 2.19811611e-02 -2.74074584e-04 -1.06232557e-02 2.81331521e-02 -1.02015868e-01 -1.45087149e-02 -2.16274206e-02 3.35651413e-02 7.21060997e-03 3.27765048e-02 1.34196309e-02 -3.60409059e-02 -2.50964034e-02
-1.11463582e-02 1.59920962e-03 -1.05777755e-03 8.91449396e-03 2.27541183e-04 -3.96884652e-03 1.11303562e-02 -3.94494832e-02 -5.53960586e-03 -8.29389598e-03 1.28419176e-02 2.77888519e-03 1.25446608e-02 5.13783982e-03 -1.37886479e-02 -9.59794130e-03
-1.98876224e-02 -3.23380646e-03 -6.39766804e-04 1.25005171e-02 -2.84751586e-05 -5.58736408e-03 1.51691241e-02 -5.48664965e-02 -7.77025893e-03 -1.16099222e-02 1.79941691e-02 3.88169475e-03 1.75719410e-02 7.19684036e-03 -1.93199459e-02 -1.34510743e-02
6.34992868e-03 5.35510073e-04 3.79691133e-04 -1.71032979e-03 -8.63100649e-05 5.79227053e-04 -1.70126441e-03 6.01010025e-03 8.43113521e-04 1.26094697e-03 -1.95375690e-03 -4.20993398e-04 -1.90794282e-03 -7.81168346e-04 2.09756964e-03 1.46049331e-03
2.51487419e-02 6.10710122e-03 -1.86285703e-04 -2.47912370e-02 3.08006187e-04 1.21495239e-02 -3.20693217e-02 1.16515815e-01 1.65580437e-02 2.46788785e-02 -3.83035801e-02 -8.22603703e-03 -3.74034010e-02 -1.53136943e-02 4.11291309e-02 2.86399368e-02
-2.76558325e-02 -5.62273432e-04 -2.93904264e-03 1.76857151e-02 7.93876592e-04 -7.37426057e-03 2.12244652e-02 -7.51829892e-02 -1.05392933e-02 -1.58225726e-02 2.44689453e-02 5.31427935e-03 2.39048284e-02 9.79021564e-03 -2.62685325e-02 -1.82803757e-02
9.52667743e-03 8.00674316e-03 2.23925803e-03 9.37045738e-03 -2.22984061e-04 -5.11116441e-03 1.28118154e-02 -4.70648333e-02 -6.73285685e-03 -1.00139417e-02 1.55590223e-02 3.33003118e-03 1.51914777e-02 6.21935492e-03 -1.67082269e-02 -1.16362711e-02
1.60608049e-02 2.80823233e-03 5.09013887e-04 -1.27415182e-02 1.02929422e-04 6.07369468e-03 -1.62108410e-02 5.86242490e-02 8.32203124e-03 1.24088060e-02 -1.92582309e-02 -4.14508581e-03 -1.88056864e-02 -7.69961858e-03 2.06776019e-02 1.43982107e-02
1.05307493e-02 8.13255087e-04 1.53506931e-03 -5.44338394e-03 -3.27507354e-04 2.16937624e-03 -6.33510202e-03 2.24876180e-02 3.11659207e-03 4.68979776e-03 -7.24250078e-03 -1.58065953e-03 -7.07753468e-03 -2.89930706e-03 7.77586643e-03 5.41031687e-03
1.63397659e-02 1.25786802e-03 1.13811344e-03 -1.34109836e-02 -1.37850584e-04 6.16534753e-03 -1.70134641e-02 6.12058453e-02 8.56360886e-03 1.28206648e-02 -1.98534429e-02 -4.28558420e-03 -1.93948597e-02 -7.94605166e-03 2.13220362e-02 1.48403151e-02
3.67594287e-02 9.59480368e-03 -1.02116424e-03 -3.47851589e-02 8.02150986e-04 1.73642822e-02 -4.55502868e-02 1.66089356e-01 2.36470215e-02 3.52343433e-02 -5.46937399e-02 -1.17410319e-02 -5.34067973e-02 -2.18657833e-02 5.87282889e-02 4.08954918e-02
-5.44421822e-02 -1.28686028e-02 1.13002490e-03 5.18261380e-02 -4.21787612e-04 -2.45962162e-02 6.51799366e-02 -2.36917228e-01 -3.36450450e-02 -5.01597337e-02 7.78434277e-02 1.67213492e-02 7.60157779e-02 3.11225932e-02 -8.35862532e-02 -5.82039990e-02
3.49193215e-02 6.53570518e-03 6.24684151e-04 -3.18579488e-02 2.58098473e-04 1.56815387e-02 -4.14934829e-02 1.50107861e-01 2.13320237e-02 3.17969732e-02 -4.93549928e-02 -1.05983028e-02 -4.81923595e-02 -1.97309945e-02 5.29934466e-02 3.69017683e-02
-8.41984525e-03 2.54766410e-03 -2.08262727e-03 -3.75296012e-03 4.66386206e-04 2.14048661e-03 -5.01159206e-03 1.92570072e-02 2.77755712e-03 4.13204124e-03 -6.41698390e-03 -1.37700466e-03 -6.26663398e-03 -2.56571011e-03 6.89127017e-03 4.79876390e-03
1.27540063e-02 2.38984847e-03 -9.41153849e-05 -1.19914506e-02 7.80940463e-05 5.76816825e-03 -1.54392654e-02 5.58708385e-02 7.92967528e-03 1.18306726e-02 -1.83511563e-02 -3.94578045e-03 -1.79208703e-02 -7.33740302e-03 1.97044164e-02 1.37202730e-02
-6.62041921e-03 -9.82716447e-04 -2.67767580e-04 6.37149531e-03 -5.54246144e-05 -3.02542280e-03 8.03555828e-03 -2.92870495e-02 -4.14487720e-03 -6.17905101e-03 9.58975218e-03 2.05937191e-03 9.36423987e-03 3.83389532e-03 -1.02970237e-02 -7.17027206e-03
-5.96423354e-03 3.23524303e-03 -4.13342426e-03 -5.65425074e-03 5.24184434e-04 3.67859099e-03 -8.72227177e-03 3.27045247e-02 4.76152357e-03 7.07385223e-03 -1.10024381e-02 -2.35788315e-03 -1.07423468e-02 -4.39798972e-03 1.18145403e-02 8.22755229e-03
9.07621346e-03 2.48689041e-03 -7.05935527e-05 -9.15730372e-03 7.63546122e-05 4.49906196e-03 -1.18446425e-02 4.30565774e-02 6.12782361e-03 9.13338549e-03 -1.41758928e-02 -3.04422271e-03 -1.38425520e-02 -5.66743873e-03 1.52214691e-02 1.05993524e-02
4.06897627e-03 1.23860978e-03 3.37855599e-05 -3.72727634e-03 4.07009284e-05 1.79168663e-03 -4.74069221e-03 1.71829090e-02 2.44564610e-03 3.64536396e-03 -5.65786939e-03 -1.21468096e-03 -5.52481506e-03 -2.26197182e-03 6.07525092e-03 4.23048437e-03
5.25923260e-03 1.21173216e-03 8.96787969e-05 -6.14207098e-03 -4.84129996e-05 2.91562825e-03 -7.83705898e-03 2.83392947e-02 4.01227968e-03 5.98927401e-03 -9.28871427e-03 -1.99950929e-03 -9.07131284e-03 -3.71416239e-03 9.97345150e-03 6.94422517e-03
-2.63984445e-02 -4.52998281e-03 -8.68643401e-04 2.28771158e-02 3.86622152e-04 -1.06504578e-02 2.89369095e-02 -1.03762306e-01 -1.46564851e-02 -2.18808725e-02 3.39337923e-02 7.30325095e-03 3.31392922e-02 1.35689918e-02 -3.64370793e-02 -2.53703818e-02
9.21979267e-03 1.78114779e-03 2.84331501e-04 -7.84085877e-03 -7.82801071e-05 3.64351366e-03 -9.92166251e-03 3.57874297e-02 5.06818900e-03 7.56335584e-03 -1.17302695e-02 -2.52254377e-03 -1.14545356e-02 -4.68984991e-03 1.25946663e-02 8.76980647e-03
-2.05545351e-02 -4.86659259e-03 2.33628089e-04 1.89318638e-02 -3.05310619e-04 -9.27819498e-03 2.43400075e-02 -8.86823684e-02 -1.26202488e-02 -1.88071020e-02 2.91925631e-02 6.26672246e-03 2.85059121e-02 1.16708949e-02 -3.13460939e-02 -2.18278132e-02
2.23593973e-02 1.59013411e-03 1.30790635e-03 -1.89532824e-02 -2.23473297e-04 8.69964994e-03 -2.38336232e-02 8.62629414e-02 1.20752631e-02 1.80714577e-02 -2.80035287e-02 -6.06069202e-03 -2.73602381e-02 -1.12130614e-02 3.00738048e-02 2.09321678e-02
-1.30189490e-02 -2.05692183e-03 -3.04335961e-04 1.24554988e-02 6.78628276e-05 -5.91327203e-03 1.60547309e-02 -5.79784438e-02 -8.18884838e-03 -1.22267120e-02 1.89602301e-02 4.07815166e-03 1.85151752e-02 7.58112501e-03 -2.03576144e-02 -1.41746402e-02
-5.64220622e-02 -5.59301861e-03 -1.94253959e-03 5.00243977e-02 7.80987786e-04 -2.31282599e-02 6.40014187e-02 -2.28842482e-01 -3.22750248e-02 -4.83142510e-02 7.47607946e-02 1.61123779e-02 7.30158910e-02 2.99001206e-02 -8.02767128e-02 -5.58842942e-02
-9.70902108e-03 -2.50417204e-03 6.47689390e-04 1.10072214e-02 -1.55219081e-04 -5.36643574e-03 1.41248144e-02 -5.14524877e-02 -7.32369488e-03 -1.09145297e-02 1.69399288e-02 3.63664445e-03 1.65414885e-02 6.77245576e-03 -1.81896463e-02 -1.26663232e-02
1.06466450e-02 1.32868299e-03 1.78707065e-04 -7.00119091e-03 1.42375939e-05 3.09387944e-03 -8.33386555e-03 3.02090589e-02 4.29612119e-03 6.40636124e-03 -9.93973855e-03 -2.13482114e-03 -9.70599055e-03 -3.97386216e-03 1.06728096e-02 7.43190851e-03
-4.12469096e-02 -1.24513628e-02 4.78776637e-04 3.85836996e-02 -8.05707183e-04 -1.93670169e-02 5.06405421e-02 -1.84489593e-01 -2.62765940e-02 -3.91494296e-02 6.07729480e-02 1.30441375e-02 5.93433641e-02 2.42963731e-02 -6.52567819e-02 -4.54416275e-02
-3.24411206e-02 -9.36057791e-03 2.28365092e-03 3.23946811e-02 -7.81092909e-04 -1.63325984e-02 4.26315069e-02 -1.55387238e-01 -2.21414901e-02 -3.29879522e-02 5.12096547e-02 1.09913321e-02 5.00049815e-02 2.04730853e-02 -5.49878851e-02 -3.82908769e-02
-6.85973000e-03 -2.05406337e-04 -1.16728235e-03 7.31464429e-03 2.98339030e-04 -3.14244023e-03 8.97584576e-03 -3.18435170e-02 -4.46901191e-03 -6.70609018e-03 1.03733605e-02 2.25087069e-03 1.01345163e-02 4.15054755e-03 -1.11374240e-02 -7.75110442e-03
1.15218386e-02 1.49668043e-03 5.74231613e-04 -8.94832332e-03 3.09108145e-05 4.15519765e-03 -1.12743173e-02 4.06926051e-02 5.75584965e-03 8.59226286e-03 -1.33272000e-02 -2.86690355e-03 -1.30143724e-02 -5.32848900e-03 1.43091967e-02 9.96346120e-03
6.67987624e-03 1.68927747e-03 -2.73009064e-05 -6.88085752e-03 4.18794807e-05 3.31143243e-03 -8.80429801e-03 3.19469124e-02 4.53501055e-03 6.76389551e-03 -1.04942657e-02 -2.25569378e-03 -1.02477372e-02 -4.19569761e-03 1.12679424e-02 7.84609374e-03
1.82958646e-03 2.19944585e-03 -1.40811573e-03 -7.34451599e-03 3.62307066e-04 3.99021618e-03 -1.01675559e-02 3.73469256e-02 5.34339342e-03 7.95444939e-03 -1.23532135e-02 -2.64930609e-03 -1.20625533e-02 -4.93856100e-03 1.32649876e-02 9.23726987e-03
4.67065256e-04 7.87183875e-04 1.79600087e-03 -5.25103230e-03 -3.48712754e-04 2.07254360e-03 -6.27949089e-03 2.24004593e-02 3.06558795e-03 4.61503491e-03 -7.12732458e-03 -1.55590242e-03 -6.96219224e-03 -2.85209343e-03 7.64974579e-03 5.32250246e-03
2.80989474e-03 7.92770588e-04 -1.09273271e-04 -4.26435750e-03 4.40589283e-05 2.06216611e-03 -5.45196794e-03 1.98050700e-02 2.81403586e-03 4.19628993e-03 -6.51109917e-03 -1.39920542e-03 -6.35817414e-03 -2.60321400e-03 6.99127000e-03 4.86819586e-03
-1.13705434e-02 -1.73751579e-03 -3.50754126e-04 9.43422783e-03 9.27937217e-05 -4.44632815e-03 1.19044362e-02 -4.29677330e-02 -6.08910155e-03 -9.08622704e-03 1.40945623e-02 3.03100492e-03 1.37637444e-02 5.63530345e-03 -1.51336528e-02 -1.05376979e-02
-5.43148303e-03 -1.15572545e-03 4.95394110e-04 6.01841183e-03 -1.32844565e-04 -3.01921391e-03 7.90001079e-03 -2.87771598e-02 -4.09802049e-03 -6.10627048e-03 9.47897229e-03 2.03478080e-03 9.25591215e-03 3.78956273e-03 -1.01781730e-02 -7.08756549e-03
9.72156785e-03 -1.51709910e-03 3.04819597e-03 9.87735461e-04 -2.75877072e-04 -7.47425773e-04 1.60635519e-03 -6.27103681e-03 -9.08499758e-04 -1.34906115e-03 2.09773192e-03 4.48834791e-04 2.04852992e-03 8.38727807e-04 -2.25293962e-03 -1.56888110e-03
3.99594102e-03 7.45184836e-04 2.79929431e-04 -3.92087270e-03 -2.81310422e-05 1.84104254e-03 -4.99100517e-03 1.79728735e-02 2.54374137e-03 3.79805826e-03 -5.88965509e-03 -1.26770523e-03 -5.75162098e-03 -2.35493435e-03 6.32371241e-03 4.40307474e-03
3.34574096e-02 7.22660357e-03 1.12232962e-03 -2.12273672e-02 4.73998953e-05 1.01401098e-02 -2.75772884e-02 9.94059965e-02 1.40825538e-02 2.10184716e-02 -3.26030962e-02 -7.01175258e-03 -3.18355858e-02 -1.30340038e-02 3.50030474e-02 2.43734568e-02
1.43981967e-02 5.22935670e-03 -9.56820673e-04 -1.91622134e-02 3.28670663e-04 9.49208345e-03 -2.50334106e-02 9.10259560e-02 1.29436739e-02 1.92961693e-02 -2.99461894e-02 -6.43448113e-03 -2.92431768e-02 -1.19729917e-02 3.21551487e-02 2.23904345e-02
-4.42104712e-02 -8.87316838e-03 -9.71883535e-04 3.38245593e-02 -1.35804818e-04 -1.60288904e-02 4.30006199e-02 -1.55090258e-01 -2.19798293e-02 -3.27764824e-02 5.08581698e-02 1.09274443e-02 4.96620759e-02 2.03327164e-02 -5.46073616e-02 -3.80249359e-02
-2.76951119e-04 1.24786631e-03 -8.21202819e-04 -6.86351815e-03 1.71507680e-04 3.52146314e-03 -9.11615510e-03 3.33154202e-02 4.75119753e-03 7.07728742e-03 -1.09875975e-02 -2.35779420e-03 -1.07290633e-02 -4.39269561e-03 1.17983539e-02 8.21585581e-03
-2.37452332e-02 -6.66180253e-03 6.84920233e-04 2.37518046e-02 -1.24472019e-04 -1.15103126e-02 3.06548011e-02 -1.11158907e-01 -1.57628078e-02 -2.35077459e-02 3.64763476e-02 7.83948228e-03 3.56203504e-02 1.45835280e-02 -3.91655676e-02 -2.72716321e-02
4.53069247e-03 4.44942212e-04 3.43776541e-04 -3.48432385e-03 -2.34817708e-06 1.63039297e-03 -4.38580522e-03 1.58020612e-02 2.24139285e-03 3.34269716e-03 -5.18627837e-03 -1.11414480e-03 -5.06424904e-03 -2.07339437e-03 5.56856394e-03 3.87758343e-03
1.72557421e-02 8.37698812e-04 9.14991018e-04 -1.43060721e-02 1.34468472e-04 6.57420000e-03 -1.76809840e-02 6.39896914e-02 9.09169018e-03 1.35586215e-02 -2.10381318e-02 -4.52433154e-03 -2.05441248e-02 -8.41083843e-03 2.25885212e-02 1.57288164e-02
5.34175290e-03 7.52017892e-04 2.84206006e-04 -2.88505014e-03 -6.83416802e-05 1.20947324e-03 -3.51292314e-03 1.24264657e-02 1.73646887e-03 2.60663428e-03 -4.03047213e-03 -8.77278391e-04 -3.93818924e-03 -1.61309179e-03 4.32723202e-03 3.01121571e-03
3.01953685e-03 -1.56532042e-06 2.40800553e-04 3.63845378e-03 -1.27998064e-05 -1.84426177e-03 4.81613027e-03 -1.75240021e-02 -2.49455124e-03 -3.71871842e-03 5.77091053e-03 1.23958883e-03 5.63532952e-03 2.30727321e-03 -6.19662786e-03 -4.31488734e-03
-1.39422026e-02 -1.00945588e-03 -9.73780057e-04 1.34560391e-02 -2.77452637e-05 -6.42334856e-03 1.72224436e-02 -6.22680113e-02 -8.83198716e-03 -1.31833423e-02 2.04465929e-02 4.40163352e-03 1.99688468e-02 8.17566738e-03 -2.19545625e-02 -1.52862724e-02
-1.43216476e-02 -2.44808476e-03 -2.87439208e-04 1.06194280e-02 1.96756737e-05 -5.06109279e-03 1.34220347e-02 -4.86837849e-02 -6.92181289e-03 -1.03232861e-02 1.60170961e-02 3.44164949e-03 1.56407151e-02 6.40369346e-03 -1.71982031e-02 -1.19756395e-02
-5.32920621e-02 -3.83573864e-03 -8.08615703e-04 4.52168435e-02 1.92659209e-05 -2.13668458e-02 5.76842241e-02 -2.07531184e-01 -2.94060241e-02 -4.38835137e-02 6.80651143e-02 1.46357222e-02 6.64653778e-02 2.72137169e-02 -7.30812326e-02 -5.08868694e-02
-2.07977444e-02 -4.71868971e-03 3.82547616e-04 1.73822362e-02 -1.16577721e-04 -8.51713121e-03 2.25826874e-02 -8.18443000e-02 -1.16310529e-02 -1.73335411e-02 2.69046705e-02 5.77594107e-03 2.62716543e-02 1.07561583e-02 -2.88892258e-02 -2.01169681e-02
8.12223926e-03 1.67556363e-03 3.74904077e-04 -7.24466937e-03 -3.86634929e-05 3.43560195e-03 -9.29876324e-03 3.34819779e-02 4.74194810e-03 7.08406698e-03 -1.09840035e-02 -2.36863992e-03 -1.07278489e-02 -4.39269654e-03 1.17939217e-02 8.21112096e-03
-1.05413506e-02 -8.99081584e-04 -9.68421402e-04 8.90835375e-03 3.42262676e-04 -3.92376026e-03 1.09481309e-02 -3.93604375e-02 -5.51902782e-03 -8.27066042e-03 1.28029808e-02 2.77884305e-03 1.25096599e-02 5.12379967e-03 -1.37486421e-02 -9.56876762e-03
1.37826111e-02 2.85888277e-03 -1.74260116e-04 -1.57449357e-02 1.51250337e-04 7.49345357e-03 -1.99131146e-02 7.23616704e-02 1.02796331e-02 1.53301768e-02 -2.37850677e-02 -5.11195185e-03 -2.32262015e-02 -9.50961746e-03 2.55386773e-02 1.77830402e-02
-2.20582634e-02 -4.95904963e-03 -1.28511805e-04 2.17884146e-02 -2.14577507e-04 -1.07958615e-02 2.84045078e-02 -1.03337459e-01 -1.47018638e-02 -2.19094027e-02 3.40075009e-02 7.30095292e-03 3.32074873e-02 1.35958241e-02 -3.65159661e-02 -2.54278127e-02
9.90355574e-03 1.35111518e-03 6.01417036e-04 -8.03804025e-03 -3.61101411e-05 3.72801931e-03 -1.01443501e-02 3.65658626e-02 5.16728731e-03 7.72034004e-03 -1.19683826e-02 -2.57956330e-03 -1.16889076e-02 -4.78608161e-03 1.28505314e-02 8.94707814e-03
8.58306885e-03 2.69027008e-03 -1.16890436e-03 -1.11746714e-02 2.72188714e-04 5.63318701e-03 -1.46811707e-02 5.35664782e-02 7.63335731e-03 1.13735246e-02 -1.76552534e-02 -3.79001279e-03 -1.72400307e-02 -7.05845514e-03 1.89578105e-02 1.32012209e-02
-2.08812058e-02 -3.70241958e-03 5.00817783e-04 1.51843419e-02 -7.38257659e-05 -7.18935113e-03 1.91959254e-02 -6.94536567e-02 -9.84693505e-03 -1.46845859e-02 2.27845982e-02 4.89556743e-03 2.22493447e-02 9.10949986e-03 -2.44649146e-02 -1.70355998e-02
1.55078704e-02 2.54942966e-03 7.11534056e-04 -1.44062359e-02 -2.57954234e-05 6.80993032e-03 -1.84277110e-02 6.63319826e-02 9.39676445e-03 1.40192723e-02 -2.17491407e-02 -4.67472756e-03 -2.12385897e-02 -8.69559497e-03 2.33529899e-02 1.62611585e-02
4.79860511e-03 3.96352867e-03 -1.66449347e-03 -1.08548366e-02 3.69828136e-04 5.59166260e-03 -1.44640161e-02 5.28878756e-02 7.54256733e-03 1.12341978e-02 -1.74418520e-02 -3.74258822e-03 -1.70313790e-02 -6.97300397e-03 1.87288299e-02 1.30419331e-02
1.19015435e-02 2.90045468e-03 -1.34273549e-04 -1.05977068e-02 1.04705789e-04 5.16399741e-03 -1.36469416e-02 4.95695211e-02 7.04496168e-03 1.05028879e-02 -1.62985995e-02 -3.50093958e-03 -1.59155987e-02 -6.51623076e-03 1.75007191e-02 1.21863708e-02
-6.06388459e-03 5.91542223e-04 -7.76969944e-04 1.34859071e-03 7.94209045e-05 -4.98526904e-04 1.46352255e-03 -5.05563198e-03 -7.12333131e-04 -1.06365059e-03 1.64928066e-03 3.54684773e-04 1.61049666e-03 6.59334648e-04 -1.77077332e-03 -1.23305083e-03
-7.61422934e-03 -1.78913411e-03 2.80176988e-04 7.21226959e-03 -1.21798112e-04 -3.54177016e-03 9.31500550e-03 -3.39036919e-02 -4.82764840e-03 -7.19484687e-03 1.11672310e-02 2.39761383e-03 1.09045096e-02 4.46453178e-03 -1.19908853e-02 -8.34980700e-03
-8.75231810e-03 8.09004996e-05 -7.91802478e-04 7.02928612e-03 1.47861661e-04 -3.19843600e-03 8.77317414e-03 -3.14938165e-02 -4.44398308e-03 -6.63807290e-03 1.02908975e-02 2.21789628e-03 1.00494782e-02 4.11500363e-03 -1.10481009e-02 -7.69177545e-03
-3.50701367e-03 -2.51602801e-03 5.44903683e-04 5.01957303e-03 -1.54112960e-04 -2.53125443e-03 6.60509476e-03 -2.41004527e-02 -3.43367574e-03 -5.11604827e-03 7.94173498e-03 1.70491333e-03 7.75498617e-03 3.17508564e-03 -8.52767844e-03 -5.93820075e-03
1.69175211e-02 2.42805993e-03 1.12292834e-03 -1.32576637e-02 -6.75896008e-05 6.16428675e-03 -1.67631116e-02 6.02888353e-02 8.53854790e-03 1.27516501e-02 -1.97742637e-02 -4.26107179e-03 -1.93111114e-02 -7.90688396e-03 2.12303326e-02 1.47815915e-02
1.63840351e-03 -1.70477113e-04 3.64624546e-04 3.93072289e-04 -6.67309650e-05 -2.69772048e-04 6.11884461e-04 -2.32909503e-03 -3.39685124e-04 -5.01907431e-04 7.82179646e-04 1.65740435e-04 7.63579272e-04 3.12524411e-04 -8.40199122e-04 -5.85338450e-04
-2.25433148e-02 -2.80803302e-03 -1.54354889e-03 1.89896952e-02 1.28857966e-04 -8.79958272e-03 2.39048507e-02 -8.62408727e-02 -1.22343944e-02 -1.82566065e-02 2.83210799e-02 6.09167339e-03 2.76564304e-02 1.13236951e-02 -3.04090232e-02 -2.11736578e-02
-2.37315707e-02 -4.13118862e-03 -4.29833075e-04 2.03783307e-02 -1.71638821e-04 -9.78266448e-03 2.61471961e-02 -9.45932940e-02 -1.34209013e-02 -2.00234409e-02 3.10651846e-02 6.68365229e-03 3.03364284e-02 1.24206683e-02 -3.33549902e-02 -2.32250579e-02
3.47672291e-02 6.54337276e-03 1.44425267e-03 -2.96375472e-02 2.34424544e-04 1.44301616e-02 -3.83400284e-02 1.38947487e-01 1.97169501e-02 2.93939896e-02 -4.56238575e-02 -9.79991164e-03 -4.45519947e-02 -1.82405394e-02 4.89894375e-02 3.41133326e-02
1.74424890e-02 4.35710978e-03 -8.59737280e-04 -1.85977649e-02 3.98882898e-04 9.29927081e-03 -2.43556723e-02 8.86783749e-02 1.26293348e-02 1.88186225e-02 -2.92112771e-02 -6.27119327e-03 -2.85238959e-02 -1.16782803e-02 3.13661061e-02 2.18417943e-02
-6.75845332e-03 3.81499704e-04 -8.50157696e-04 2.27442919e-03 1.50835083e-04 -8.62022920e-04 2.53854878e-03 -8.89398158e-03 -1.24159874e-03 -1.86071417e-03 2.87999748e-03 6.22976979e-04 2.81288382e-03 1.15176255e-03 -3.09177069e-03 -2.15242850e-03
1.74963027e-02 3.74681968e-03 4.10933397e-04 -1.26589565e-02 -7.72014901e-05 5.62456623e-03 -1.57537013e-02 5.66668846e-02 7.93613866e-03 1.18882768e-02 -1.84024833e-02 -3.98188038e-03 -1.79790091e-02 -7.36429030e-03 1.97634902e-02 1.37536097e-02
-5.72101325e-02 3.45010683e-03 -6.92934217e-03 4.88461368e-02 1.62222027e-03 -2.10913196e-02 5.88144846e-02 -2.08024740e-01 -2.93052383e-02 -4.39102836e-02 6.79822341e-02 1.48394033e-02 6.64033368e-02 2.72232778e-02 -7.30042234e-02 -5.07915244e-02
-1.15087777e-02 -3.05540394e-03 1.37124257e-03 1.68218389e-02 -3.22876847e-04 -8.36184062e-03 2.18664575e-02 -7.97159448e-02 -1.13503160e-02 -1.69150997e-02 2.62555517e-02 5.63771604e-03 2.56383419e-02 1.04969284e-02 -2.81925052e-02 -1.96316596e-02
-3.10373260e-03 1.00554011e-04 -7.92896957e-04 -7.50626205e-04 2.13500491e-04 6.05049136e-04 -1.23095931e-03 4.70615132e-03 7.23379722e-04 1.06639578e-03 -1.66575890e-03 -3.52226605e-04 -1.62576255e-03 -6.65488769e-04 1.78943318e-03 1.24672311e-03
2.46079871e-03 3.00612417e-04 4.82096249e-04 -3.60118749e-04 -4.67392201e-05 8.92690587e-05 -3.31133633e-04 1.09582709e-03 1.50566149e-04 2.26729346e-04 -3.50329850e-04 -7.60088151e-05 -3.42068612e-04 -1.40053453e-04 3.75931646e-04 2.61719892e-04
-2.52636597e-02 -5.22500975e-03 -4.68662009e-04 2.57174093e-02 -3.55291966e-04 -1.24675352e-02 3.28849144e-02 -1.19594961e-01 -1.69968009e-02 -2.53405962e-02 3.93270217e-02 8.44896585e-03 3.84023860e-02 1.57229193e-02 -4.22270112e-02 -2.94040814e-02
9.38515551e-03 3.95897310e-04 2.54897680e-03 -7.51395896e-03 -3.82958475e-04 3.07031092e-03 -9.10325814e-03 3.19223963e-02 4.43282072e-03 6.66875672e-03 -1.03067625e-02 -2.25739507e-03 -1.00747086e-02 -4.12658695e-03 1.10654272e-02 7.69828120e-03
-8.49881303e-03 -1.93349831e-03 1.43473851e-04 7.74826156e-03 -1.31726731e-04 -3.79191502e-03 9.99850035e-03 -3.63487788e-02 -5.16832899e-03 -7.70308124e-03 1.19559392e-02 2.56726146e-03 1.16746854e-02 4.77986410e-03 -1.28377322e-02 -8.93948693e-03
9.02904198e-03 2.53319670e-03 -4.42441262e-04 -9.71372426e-03 1.81926007e-04 4.82631940e-03 -1.26486979e-02 4.60809954e-02 6.56422693e-03 9.78115853e-03 -1.51830846e-02 -3.25901760e-03 -1.48259103e-02 -6.07003598e-03 1.63031984e-02 1.13527337e-02
1.99788325e-02 5.45761175e-03 -1.29261031e-03 -1.66936908e-02 4.01345314e-04 8.35666619e-03 -2.18462590e-02 7.96834752e-02 1.13574304e-02 1.69214662e-02 -2.62677409e-02 -5.63814258e-03 -2.56497283e-02 -1.05015347e-02 2.82056443e-02 1.96410306e-02
-6.04727864e-03 -1.60243758e-03 -5.07975114e-04 1.01640550e-02 7.11333996e-05 -4.79225488e-03 1.28408317e-02 -4.66196984e-02 -6.61910232e-03 -9.87672620e-03 1.53193315e-02 3.29276593e-03 1.49596250e-02 6.12509437e-03 -1.64490733e-02 -1.14536835e-02
-2.24120673e-02 -5.78048499e-03 6.15773955e-04 2.19821930e-02 -3.40460450e-04 -1.03673413e-02 2.72173751e-02 -9.91079211e-02 -1.40966345e-02 -2.10099295e-02 3.26104611e-02 7.00203516e-03 3.18435542e-02 1.30374366e-02 -3.50161158e-02 -2.43833493e-02
4.70719486e-03 1.85367046e-03 7.16102775e-04 -3.59293562e-03 -7.40546602e-05 1.58554630e-03 -4.37370175e-03 1.54774915e-02 2.18998408e-03 3.26857436e-03 -5.07176807e-03 -1.08952564e-03 -4.95261280e-03 -2.02766526e-03 5.44571923e-03 3.79204727e-03
-1.34578990e-02 -3.59333400e-03 6.79192366e-04 1.37426173e-02 -2.35290980e-04 -6.71852101e-03 1.75620895e-02 -6.39794916e-02 -9.11555439e-03 -1.35823553e-02 2.10839994e-02 4.52598277e-03 2.05880385e-02 8.42917617e-03 -2.26393957e-02 -1.57649238e-02
-1.08471941e-02 -1.84372219e-03 1.54471956e-04 9.90058482e-03 -7.12101610e-05 -4.75843996e-03 1.26614878e-02 -4.59487997e-02 -6.52094418e-03 -9.72294062e-03 1.50852147e-02 3.23960185e-03 1.47304386e-02 6.03093067e-03 -1.61976200e-02 -1.12790717e-02
6.76260982e-03 1.67142018e-03 7.54426175e-04 -6.02602120e-03 6.44920510e-06 2.82028946e-03 -7.64704822e-03 2.75469925e-02 3.90352751e-03 5.82361454e-03 -9.03441571e-03 -1.94204785e-03 -8.82221293e-03 -3.61201726e-03 9.70044266e-03 6.75463863e-03
-1.77394301e-02 -1.67733524e-04 -2.56156945e-03 1.33533124e-02 4.24592639e-04 -5.94355911e-03 1.62551440e-02 -5.83500043e-02 -8.25463329e-03 -1.23373671e-02 1.91228110e-02 4.12119739e-03 1.86756644e-02 7.64689548e-03 -2.05319207e-02 -1.42952446e-02
7.09941704e-03 7.13596994e-04 2.47301592e-04 -4.76479437e-03 4.17965421e-05 2.31877458e-03 -6.14748430e-03 2.23757848e-02 3.17662093e-03 4.73417016e-03 -7.34813418e-03 -1.57760375e-03 -7.17523182e-03 -2.93770013e-03 7.89012015e-03 5.49426442e-03
1.34474621e-03 1.93794770e-03 -1.28849992e-03 -6.10648375e-03 2.73318554e-04 3.35153774e-03 -8.55120271e-03 3.13934460e-02 4.48603136e-03 6.67787157e-03 -1.03715314e-02 -2.22460018e-03 -1.01272697e-02 -4.14626440e-03 1.11368317e-02 7.75531167e-03
2.56173518e-02 4.60044853e-03 -3.08700372e-04 -2.34598797e-02 2.92806217e-04 1.12111494e-02 -2.98769660e-02 1.07966520e-01 1.53499646e-02 2.28902511e-02 -3.55188772e-02 -7.63097452e-03 -3.46833840e-02 -1.42002720e-02 3.81376073e-02 2.65564732e-02
1.64629221e-02 2.42641428e-03 4.20623226e-04 -9.64643434e-03 9.69045359e-05 4.63878224e-03 -1.22631649e-02 4.45754677e-02 6.34348625e-03 9.45307035e-03 -1.46727776e-02 -3.14986450e-03 -1.43276555e-02 -5.86603256e-03 1.57552212e-02 1.09711401e-02
-1.96312163e-02 -4.45778389e-03 -8.09279736e-04 1.89722218e-02 2.51334859e-04 -8.93171038e-03 2.41883844e-02 -8.74031410e-02 -1.23822950e-02 -1.84665285e-02 2.86521148e-02 6.15491811e-03 2.79782005e-02 1.14549547e-02 -3.07644419e-02 -2.14222949e-02
1.29044638e-03 7.59488961e-04 -2.37294138e-04 -3.48235155e-03 2.34232139e-05 1.73227047e-03 -4.56330786e-03 1.65967401e-02 2.35627778e-03 3.51511990e-03 -5.45301801e-03 -1.17310719e-03 -5.32572204e-03 -2.18061754e-03 5.85548021e-03 4.07696888e-03
-2.72327550e-02 -3.36633949e-03 -1.15616526e-03 2.22706515e-02 1.33936701e-04 -1.02327149e-02 2.77038477e-02 -1.00153387e-01 -1.41641814e-02 -2.11303011e-02 3.27798463e-02 7.04773189e-03 3.20092477e-02 1.31053915e-02 -3.51957306e-02 -2.45075524e-02
-7.80103449e-03 -1.34408008e-03 -4.33570764e-04 6.90205395e-03 2.92321347e-05 -3.22019402e-03 8.63460544e-03 -3.11767329e-02 -4.41383570e-03 -6.58922549e-03 1.02199493e-02 2.19972827e-03 9.98041965e-03 4.08639805e-03 -1.09731592e-02 -7.64035434e-03
-1.78511953e-03 -7.67067308e-04 3.88274872e-04 4.04611230e-03 -8.46327093e-05 -2.03806884e-03 5.31631941e-03 -1.93897281e-02 -2.76249927e-03 -4.11629304e-03 6.38959231e-03 1.37169985e-03 6.23931456e-03 2.55451305e-03 -6.86097564e-03 -4.77761822e-03
1.55047812e-02 3.67283123e-03 9.24054766e-05 -1.36517100e-02 2.01831062e-04 6.61613233e-03 -1.74289122e-02 6.34612888e-02 9.02240910e-03 1.34478537e-02 -2.08716951e-02 -4.48143994e-03 -2.03808267e-02 -8.34434200e-03 2.24111993e-02 1.56059247e-02
-2.93469103e-03 -2.33552302e-04 -2.92155164e-04 2.19604606e-03 7.13166955e-05 -9.19506478e-04 2.62183370e-03 -9.32144467e-03 -1.30961102e-03 -1.96078722e-03 3.03547573e-03 6.56182296e-04 2.96493201e-03 1.21413067e-03 -3.25902831e-03 -2.26875744e-03
-3.25544104e-02 -3.54752527e-03 -2.31720344e-03 2.19170954e-02 7.09904125e-05 -1.00520644e-02 2.71380097e-02 -9.81535688e-02 -1.38877472e-02 -2.07426548e-02 3.21608633e-02 6.92640385e-03 3.14070024e-02 1.28596704e-02 -3.45305316e-02 -2.40425058e-02
2.10295189e-02 3.72869195e-03 -2.14187196e-04 -1.79455597e-02 1.42350444e-04 8.78742523e-03 -2.32988521e-02 8.47154334e-02 1.20334364e-02 1.79379378e-02 -2.78385300e-02 -5.97859919e-03 -2.71837469e-02 -1.11296009e-02 2.98915524e-02 2.08147354e-02
1.56356916e-02 5.49536431e-03 -9.60399862e-04 -1.70470607e-02 3.23313230e-04 8.47309921e-03 -2.21643355e-02 8.07464197e-02 1.15008876e-02 1.71371847e-02 -2.66020223e-02 -5.71081182e-03 -2.59763319e-02 -1.06352428e-02 2.85645202e-02 1.98908579e-02
-2.54488699e-02 -3.62708396e-03 -8.91308766e-04 2.05092374e-02 -4.98330337e-05 -9.73789115e-03 2.60272268e-02 -9.39453766e-02 -1.33167254e-02 -1.98578145e-02 3.08179688e-02 6.62153028e-03 3.00937872e-02 1.23210736e-02 -3.30907926e-02 -2.30423361e-02
-3.44403926e-03 -3.12921219e-03 4.29794600e-04 5.67942439e-03 -9.70045512e-05 -2.78398627e-03 7.33665982e-03 -2.66979337e-02 -3.79795325e-03 -5.66110248e-03 8.78535025e-03 1.88665360e-03 8.57872702e-03 3.51233967e-03 -9.43335891e-03 -6.56883884e-03
