-4.91928458e-02 1.42066330e-01 8.18403885e-02 -6.98119402e-04 -2.48209350e-02 6.15363121e-02 -3.60898860e-02 1.01584889e-01 1.96708739e-02 4.18401062e-02 -1.27863035e-01 -4.84871864e-02 -3.08539774e-02 6.33804081e-03 -3.34440805e-02 -7.95493368e-03
-1.89757738e-02 3.62103023e-02 2.14586258e-02 5.51301055e-04 -5.97242918e-03 1.45556144e-02 -8.66261218e-03 2.39989702e-02 4.60961321e-03 9.78589803e-03 -2.99964529e-02 -1.13716088e-02 -7.24070007e-03 1.48548721e-03 -7.84039591e-03 -1.86531700e-03
3.29820812e-03 -2.73066126e-02 -1.67558789e-02 2.25972221e-03 6.35748357e-03 -1.61879491e-02 9.26873833e-03 -2.69386247e-02 -5.29602356e-03 -1.12831360e-02 3.43551971e-02 1.30321756e-02 8.28676112e-03 -1.70543743e-03 8.99625663e-03 2.13921024e-03
3.80407237e-02 -1.06869571e-01 -6.05948791e-02 1.40560325e-04 1.78069565e-02 -4.41187993e-02 2.57576648e-02 -7.27901757e-02 -1.40990196e-02 -2.99886502e-02 9.16086584e-02 3.47378179e-02 2.21033879e-02 -4.54183063e-03 2.39646379e-02 5.69987949e-03
1.31433634e-02 -7.59155899e-02 -4.96973693e-02 5.45807136e-03 1.87975131e-02 -4.79966849e-02 2.79097259e-02 -8.04643854e-02 -1.58180874e-02 -3.37088890e-02 1.02651820e-01 3.89315374e-02 2.47577783e-02 -5.09367744e-03 2.68697664e-02 6.38935901e-03
-1.47538129e-02 4.27447036e-02 2.51155589e-02 -2.07181438e-04 -7.84857385e-03 1.95900146e-02 -1.14559801e-02 3.23023759e-02 6.23691594e-03 1.32599548e-02 -4.05443572e-02 -1.53751150e-02 -9.78669338e-03 2.00937735e-03 -1.06040370e-02 -2.52258824e-03
8.13506842e-02 -2.71208167e-01 -1.54759899e-01 1.85262319e-03 4.77779396e-02 -1.17919557e-01 6.85554221e-02 -1.93439722e-01 -3.74367051e-02 -7.95838684e-02 2.43487924e-01 9.23166797e-02 5.87587915e-02 -1.20644849e-02 6.36716634e-02 1.51466569e-02
1.34743471e-02 -4.52152751e-02 -2.58519705e-02 5.63857611e-05 8.01172573e-03 -1.98561400e-02 1.16011500e-02 -3.27270478e-02 -6.33981824e-03 -1.34799285e-02 4.12150696e-02 1.56288669e-02 9.94725991e-03 -2.04268424e-03 1.07795186e-02 2.56421464e-03
-4.00929488e-02 1.14565268e-01 6.06965087e-02 7.83305150e-04 -1.66918561e-02 4.17198911e-02 -2.42861211e-02 6.83288425e-02 1.32135684e-02 2.80778017e-02 -8.59896094e-02 -3.25913765e-02 -2.07490642e-02 4.25823079e-03 -2.24730391e-02 -5.34648960e-03
-5.39861470e-02 1.41046286e-01 8.04004595e-02 -1.90201448e-04 -2.29307879e-02 5.58867492e-02 -3.32730673e-02 9.31240469e-02 1.76936276e-02 3.76229733e-02 -1.15046762e-01 -4.36282083e-02 -2.77705193e-02 5.70117449e-03 -3.00867055e-02 -7.15706358e-03
-3.40238474e-02 9.36152861e-02 4.99265343e-02 4.51582135e-04 -1.48401465e-02 3.63360606e-02 -2.12478358e-02 5.99322505e-02 1.15578789e-02 2.45739650e-02 -7.51205981e-02 -2.84845252e-02 -1.81272924e-02 3.72352800e-03 -1.96479522e-02 -4.67343628e-03
-3.86879891e-02 1.00965619e-01 5.67162670e-02 5.07257180e-04 -1.63352154e-02 4.00678292e-02 -2.35952679e-02 6.62081465e-02 1.27837574e-02 2.71857195e-02 -8.31036419e-02 -3.15154791e-02 -2.00571846e-02 4.11872519e-03 -2.17349734e-02 -5.17026754e-03
4.38410938e-02 -1.33776814e-01 -7.64543265e-02 1.57970435e-03 2.34538596e-02 -5.81387691e-02 3.38558592e-02 -9.59855467e-02 -1.86249241e-02 -3.96161340e-02 1.21022716e-01 4.58960645e-02 2.92039849e-02 -6.00005127e-03 3.16597633e-02 7.53038423e-03
4.03379910e-02 -1.16881192e-01 -6.58797771e-02 -5.50978817e-04 1.87387411e-02 -4.56466526e-02 2.69717500e-02 -7.52353966e-02 -1.44270780e-02 -3.06795444e-02 9.38443840e-02 3.55905592e-02 2.26567592e-02 -4.65004891e-03 2.45414544e-02 5.83839184e-03
2.44401380e-01 -4.75065768e-01 -2.70837963e-01 -9.20397229e-03 5.99583127e-02 -1.48125947e-01 8.79010484e-02 -2.42460713e-01 -4.65253480e-02 -9.89882946e-02 3.02544743e-01 1.14735670e-01 7.30123892e-02 -1.49964262e-02 7.91314319e-02 1.88213326e-02
-7.47299865e-02 2.05508575e-01 1.15591995e-01 -3.72391008e-03 -3.61777805e-02 9.06627551e-02 -5.27238287e-02 1.49961665e-01 2.91561633e-02 6.20377436e-02 -1.89368173e-01 -7.18200207e-02 -4.56921197e-02 9.39154346e-03 -4.95517403e-02 -1.17853042e-02
-5.78314960e-02 1.45190313e-01 7.89143294e-02 1.43199810e-03 -2.39704344e-02 5.92183881e-02 -3.47150564e-02 9.78948846e-02 1.88212190e-02 4.00317609e-02 -1.22290455e-01 -4.63757105e-02 -2.95085572e-02 6.06319448e-03 -3.19920704e-02 -7.60917738e-03
-2.77169514e-02 1.17032543e-01 6.80977255e-02 -2.82860547e-03 -2.26505958e-02 5.67451976e-02 -3.29573154e-02 9.40465853e-02 1.82873607e-02 3.89144979e-02 -1.18779376e-01 -4.50480394e-02 -2.86607742e-02 5.89078804e-03 -3.10811717e-02 -7.39233196e-03
2.41801906e-02 -8.66019130e-02 -5.08101694e-02 2.02565547e-03 1.68454796e-02 -4.22403403e-02 2.45438199e-02 -6.99899122e-02 -1.36097940e-02 -2.89593767e-02 8.83938223e-02 3.35239209e-02 2.13286411e-02 -4.38383175e-03 2.31300443e-02 5.50121954e-03
2.57650673e-01 -7.39811420e-01 -4.30237830e-01 1.51899606e-02 1.40322536e-01 -3.51151228e-01 2.03517541e-01 -5.80430090e-01 -1.12827629e-01 -2.40057752e-01 7.32829034e-01 2.77923673e-01 1.76817834e-01 -3.63425314e-02 1.91751286e-01 4.56058942e-02
5.76385856e-03 -2.41675563e-02 -1.35417832e-02 1.91890751e-04 4.06023813e-03 -1.00611011e-02 5.89005416e-03 -1.66471284e-02 -3.21666826e-03 -6.84270356e-03 2.09018122e-02 7.92651065e-03 5.04352804e-03 -1.03628973e-03 5.46796527e-03 1.30054518e-03
1.87434167e-01 -6.87703907e-01 -3.92371148e-01 1.43062668e-02 1.28897443e-01 -3.22843611e-01 1.87580615e-01 -5.34716189e-01 -1.03978433e-01 -2.21249297e-01 6.75332487e-01 2.56124616e-01 1.62952662e-01 -3.34924012e-02 1.76713660e-01 4.20294553e-02
1.33477114e-02 -3.84275764e-02 -2.06491631e-02 -4.18500509e-04 5.97871048e-03 -1.46874692e-02 8.73054285e-03 -2.42358800e-02 -4.65513021e-03 -9.89100989e-03 3.02823149e-02 1.14821047e-02 7.31013482e-03 -1.50002714e-03 7.91709684e-03 1.88363355e-03
-4.29758281e-02 1.06253758e-01 5.88019751e-02 8.22698930e-04 -1.77668892e-02 4.43355180e-02 -2.57327314e-02 7.29011521e-02 1.41107189e-02 2.99964976e-02 -9.17370841e-02 -3.47851925e-02 -2.21324079e-02 4.54600062e-03 -2.39896942e-02 -5.70612587e-03
4.68729623e-03 -1.16233742e-02 -7.66731286e-03 2.79609580e-04 2.57588457e-03 -6.48564193e-03 3.76642938e-03 -1.07436972e-02 -2.08854093e-03 -4.44371905e-03 1.35650728e-02 5.14456118e-03 3.27314273e-03 -6.72722585e-04 3.54945636e-03 8.44203227e-04
6.50169924e-02 -2.74062216e-01 -1.68578982e-01 9.32551827e-03 5.91018945e-02 -1.49000123e-01 8.63440633e-02 -2.47077689e-01 -4.81237099e-02 -1.02406904e-01 3.12529445e-01 1.18530527e-01 7.54101872e-02 -1.55005697e-02 8.17837715e-02 1.94512513e-02
4.36584558e-03 -2.08848715e-02 -6.18365733e-03 -3.93621018e-03 -1.44632126e-03 5.16815670e-03 -2.77416827e-03 9.50649846e-03 1.98082207e-03 4.24519181e-03 -1.26486979e-02 -4.82046697e-03 -3.05088330e-03 6.34299009e-04 -3.33935558e-03 -7.92739738e-04
-1.88761093e-02 4.76964079e-02 2.35484820e-02 9.76545969e-04 -5.99595299e-03 1.47924712e-02 -8.51910003e-03 2.38374509e-02 4.59699472e-03 9.76668019e-03 -2.99193673e-02 -1.13390852e-02 -7.21805450e-03 1.48161815e-03 -7.81889632e-03 -1.85991754e-03
1.15574762e-01 -2.95167297e-01 -1.62226707e-01 -3.34987743e-03 4.50300723e-02 -1.10772096e-01 6.56042099e-02 -1.82598338e-01 -3.50811966e-02 -7.45949298e-02 2.28311703e-01 8.65827426e-02 5.50929308e-02 -1.13039417e-02 5.96594624e-02 1.41925868e-02
-2.20976584e-02 6.66090325e-02 3.78385894e-02 6.04002969e-04 -1.09293880e-02 2.67306454e-02 -1.56275649e-02 4.41149548e-02 8.49496853e-03 1.80568229e-02 -5.52483648e-02 -2.09487099e-02 -1.33339772e-02 2.73743016e-03 -1.44464616e-02 -3.43664270e-03
-2.04964131e-02 8.16676170e-02 4.58720662e-02 -1.51357509e-03 -1.48189124e-02 3.70417535e-02 -2.15753950e-02 6.14290051e-02 1.19073028e-02 2.53341254e-02 -7.73570016e-02 -2.93382797e-02 -1.86680239e-02 3.83609883e-03 -2.02415101e-02 -4.81450418e-03
2.62226880e-01 -6.99439406e-01 -4.06109452e-01 1.03704277e-02 1.21927582e-01 -3.05680186e-01 1.77382246e-01 -5.04358053e-01 -9.76658240e-02 -2.07761407e-01 6.34549558e-01 2.40622938e-01 1.53091446e-01 -3.14605944e-02 1.65994495e-01 3.94803807e-02
5.42702116e-02 -1.70607552e-01 -8.99712220e-02 -1.51751889e-03 2.72506736e-02 -6.71189055e-02 3.90974842e-02 -1.10831782e-01 -2.14297287e-02 -4.55890298e-02 1.39223024e-01 5.28029799e-02 3.35986353e-02 -6.90371124e-03 3.64269577e-02 8.66398495e-03
-7.92026613e-03 1.83914118e-02 5.68815786e-03 9.07011214e-04 2.11307488e-04 -1.16281386e-03 4.41081094e-04 -1.92784599e-03 -4.12197580e-04 -8.78503197e-04 2.65249796e-03 1.01093343e-03 6.43141393e-04 -1.32452478e-04 6.98704971e-04 1.66159894e-04
-9.45719182e-02 2.19480917e-01 1.23610102e-01 -3.20285326e-03 -3.85491699e-02 9.53170136e-02 -5.61238974e-02 1.57339796e-01 3.04655749e-02 6.48229495e-02 -1.97924227e-01 -7.50490800e-02 -4.77482229e-02 9.81393550e-03 -5.17803840e-02 -1.23153450e-02
-3.62473987e-02 9.96952131e-02 5.31032234e-02 -3.74662224e-04 -1.60532910e-02 3.98202538e-02 -2.32382715e-02 6.55326918e-02 1.26789976e-02 2.69611701e-02 -8.23956132e-02 -3.12454328e-02 -1.98835712e-02 4.08465276e-03 -2.15532817e-02 -5.12655312e-03
-3.19854878e-02 1.44524843e-01 8.81923661e-02 -6.16665976e-03 -3.13719101e-02 7.91746527e-02 -4.58228029e-02 1.31091282e-01 2.56666970e-02 5.46287186e-02 -1.66644424e-01 -6.32064268e-02 -4.02089581e-02 8.26663803e-03 -4.36149500e-02 -1.03731779e-02
-4.31853607e-02 1.20005935e-01 7.25059435e-02 -2.14747898e-03 -2.36119907e-02 5.92370108e-02 -3.44468541e-02 9.81451347e-02 1.90544911e-02 4.05415855e-02 -1.23754881e-01 -4.69350927e-02 -2.98615023e-02 6.13759877e-03 -3.23833115e-02 -7.70201162e-03
-1.91658083e-02 2.32665706e-02 1.28371706e-02 1.45658758e-03 -2.03164783e-03 4.09125630e-03 -2.50826613e-03 6.50058314e-03 1.21926912e-03 2.58618593e-03 -7.95622356e-03 -3.01358826e-03 -1.91943604e-03 3.93238384e-04 -2.07571127e-03 -4.93839907e-04
2.96067446e-02 -1.30944937e-01 -8.03293362e-02 4.87727486e-03 2.80906949e-02 -7.08553493e-02 4.10290807e-02 -1.17630012e-01 -2.29044091e-02 -4.87420037e-02 1.48742676e-01 5.64129837e-02 3.58901545e-02 -7.37732137e-03 3.89239714e-02 9.25757270e-03
-1.22780595e-02 2.42403410e-02 1.35313710e-02 9.22365172e-04 -3.35723674e-03 7.87953753e-03 -4.66214260e-03 1.28618618e-02 2.44760769e-03 5.19834924e-03 -1.59339141e-02 -6.03969535e-03 -3.84556479e-03 7.88879232e-04 -4.16351249e-03 -9.90481349e-04
5.73733123e-03 -3.14770862e-02 -1.50270201e-02 -1.31059578e-03 3.75627982e-03 -8.35046452e-03 5.22015849e-03 -1.38196787e-02 -2.58820178e-03 -5.49509004e-03 1.68591626e-02 6.39465451e-03 4.07186104e-03 -8.34743667e-04 4.40668920e-03 1.04855851e-03
5.66152073e-02 -1.69273973e-01 -9.98334810e-02 2.91527528e-03 3.25669833e-02 -8.14277232e-02 4.72987667e-02 -1.34547517e-01 -2.61234026e-02 -5.55765182e-02 1.69693768e-01 6.43533096e-02 4.09439541e-02 -8.41475837e-03 4.43987027e-02 1.05598597e-02
3.99031705e-04 -6.15467317e-03 -3.04571795e-03 -6.07263763e-04 2.42799215e-04 -4.08759253e-04 2.69823737e-04 -6.32722862e-04 -9.94414222e-05 -2.08686542e-04 6.57441851e-04 2.48044729e-04 1.58728290e-04 -3.22237684e-05 1.70294763e-04 4.05490791e-05
6.75992947e-03 -2.78189778e-02 -2.15653665e-02 2.89882487e-03 8.91426858e-03 -2.29323693e-02 1.31635396e-02 -3.79506126e-02 -7.53250951e-03 -1.60370991e-02 4.88356128e-02 1.85153112e-02 1.17695723e-02 -2.42402055e-03 1.27840461e-02 3.03872069e-03
2.03654002e-02 -7.35149756e-02 -4.23615873e-02 1.06314337e-03 1.33396527e-02 -3.32254022e-02 1.93424486e-02 -5.48964702e-02 -1.06285382e-02 -2.26098504e-02 6.90563992e-02 2.61865444e-02 1.66619029e-02 -3.42395226e-03 1.80661995e-02 4.29695612e-03
-3.77703533e-02 7.83650279e-02 4.70470525e-02 -1.49599696e-03 -1.54740792e-02 3.87771279e-02 -2.25590989e-02 6.41308576e-02 1.24511952e-02 2.64808480e-02 -8.08796287e-02 -3.06722913e-02 -1.95157602e-02 4.01062286e-03 -2.11618096e-02 -5.03321318e-03
-3.30885388e-02 5.94464950e-02 3.12110912e-02 3.69213172e-04 -9.64051764e-03 2.38457900e-02 -1.38111999e-02 3.91863436e-02 7.59115629e-03 1.61457248e-02 -4.93118949e-02 -1.87013652e-02 -1.18984329e-02 2.44531780e-03 -1.29022291e-02 -3.06866784e-03
4.88256291e-02 -1.22334644e-01 -6.19677640e-02 -2.78028753e-03 1.85596272e-02 -4.61175293e-02 2.66264006e-02 -7.52468407e-02 -1.45904236e-02 -3.10289841e-02 9.47969258e-02 3.59492004e-02 2.28730664e-02 -4.70023649e-03 2.48002764e-02 5.89859858e-03
-8.15676674e-02 2.50720799e-01 1.40784353e-01 -4.76967869e-03 -4.30104956e-02 1.07315823e-01 -6.24660216e-02 1.77796185e-01 3.45419496e-02 7.34979436e-02 -2.24341273e-01 -8.50834101e-02 -5.41317165e-02 1.11262184e-02 -5.87042496e-02 -1.39620714e-02
-1.19985221e-02 8.63226596e-03 1.38307689e-03 4.57120303e-04 7.15546194e-04 -2.02506594e-03 1.08780025e-03 -3.43248970e-03 -6.84162718e-04 -1.45706511e-03 4.43791505e-03 1.68372819e-03 1.07096951e-03 -2.20247297e-04 1.16199465e-03 2.76364386e-04
4.17530313e-02 -1.29800260e-01 -7.09495544e-02 -3.03176232e-04 2.09295470e-02 -5.16657457e-02 3.00962925e-02 -8.47661346e-02 -1.64042879e-02 -3.48853953e-02 1.06654331e-01 4.04395498e-02 2.57360898e-02 -5.28598018e-03 2.78934743e-02 6.63477834e-03
-1.17268320e-02 3.28069888e-02 1.76321678e-02 8.70342483e-05 -4.99049108e-03 1.24433581e-02 -7.24728964e-03 2.04775389e-02 3.95998824e-03 8.42410233e-03 -2.57335715e-02 -9.75785684e-03 -6.20874437e-03 1.27579528e-03 -6.73159538e-03 -1.60107028e-03
-2.39044521e-03 2.11057402e-02 1.13517717e-02 -6.91047113e-04 -3.85511131e-03 9.66813881e-03 -5.59832947e-03 1.60434265e-02 3.12984386e-03 6.66290894e-03 -2.03212202e-02 -7.70789664e-03 -4.90326015e-03 1.00815657e-03 -5.31894946e-03 -1.26498740e-03
-1.75285377e-02 2.61423942e-02 1.14418659e-02 1.77812448e-03 -3.15464870e-03 7.36424187e-03 -4.36784048e-03 1.20187942e-02 2.28583696e-03 4.85733198e-03 -1.48660010e-02 -5.63644245e-03 -3.58615164e-03 7.36610498e-04 -3.88694066e-03 -9.24522639e-04
-2.16171816e-02 5.18928394e-02 2.57330909e-02 2.39852769e-03 -5.44143748e-03 1.29633788e-02 -7.60043133e-03 2.09545121e-02 3.81710706e-03 8.08357168e-03 -2.49969903e-02 -9.45326220e-03 -6.02496695e-03 1.23193662e-03 -6.50700834e-03 -1.54946977e-03
-4.82313335e-03 3.10140960e-02 1.79894790e-02 -1.10788678e-03 -6.18896121e-03 1.55780595e-02 -9.02462751e-03 2.58454159e-02 5.03755081e-03 1.07220486e-02 -3.27107385e-02 -1.24064358e-02 -7.89262075e-03 1.62257918e-03 -8.56079068e-03 -2.03602808e-03
6.07421435e-03 -1.42975869e-02 -6.92599267e-03 -4.11412999e-04 1.79351564e-03 -4.18779161e-03 2.50004558e-03 -6.91412715e-03 -1.32543431e-03 -2.81714415e-03 8.62032175e-03 3.26830102e-03 2.07997719e-03 -4.27118561e-04 2.25387653e-03 5.36112697e-04
-1.41245928e-02 8.11631307e-02 5.63332289e-02 -4.74076765e-03 -2.28432361e-02 5.82138747e-02 -3.35143544e-02 9.67659056e-02 1.89094488e-02 4.02415656e-02 -1.22751512e-01 -4.65654433e-02 -2.96247434e-02 6.09000027e-03 -3.21315601e-02 -7.64203398e-03
1.08583257e-01 -3.17219317e-01 -1.87423095e-01 6.23364607e-03 5.84887974e-02 -1.46214291e-01 8.49723145e-02 -2.41733998e-01 -4.69820052e-02 -9.99657139e-02 3.05155009e-01 1.15729906e-01 7.36289322e-02 -1.51334004e-02 7.98470527e-02 1.89906936e-02
-3.38092148e-02 9.85431895e-02 5.74585758e-02 -7.08785607e-04 -1.72286239e-02 4.26951610e-02 -2.49183085e-02 7.04624802e-02 1.36497291e-02 2.90340390e-02 -8.86923894e-02 -3.36331539e-02 -2.14004442e-02 4.39726003e-03 -2.32019499e-02 -5.51851187e-03
-6.77084178e-02 2.07317188e-01 1.14681818e-01 -2.75327219e-03 -3.42195444e-02 8.51480141e-02 -4.95693833e-02 1.40156925e-01 2.71581765e-02 5.77723160e-02 -1.76487520e-01 -6.69153035e-02 -4.25758362e-02 8.74902960e-03 -4.61624749e-02 -1.09794224e-02
-6.12069890e-02 1.74135417e-01 9.73047167e-02 -8.67353752e-04 -2.86162570e-02 7.09354952e-02 -4.14826423e-02 1.16832837e-01 2.25445740e-02 4.79402244e-02 -1.46555379e-01 -5.55782653e-02 -3.53740305e-02 7.26361712e-03 -3.83306295e-02 -9.11788270e-03
3.84547748e-03 -6.99197501e-03 8.81733745e-03 -4.32387413e-03 -6.40974939e-03 1.71985626e-02 -9.45321284e-03 2.86794491e-02 5.72918449e-03 1.22080203e-02 -3.71420570e-02 -1.40960133e-02 -8.96516722e-03 1.84461498e-03 -9.73131787e-03 -2.31424463e-03
7.92590342e-03 -6.96736723e-02 -4.45532985e-02 4.51680459e-03 1.71462372e-02 -4.36911955e-02 2.52215173e-02 -7.29665235e-02 -1.42702498e-02 -3.03837731e-02 9.26187336e-02 3.51332203e-02 2.23481003e-02 -4.59578214e-03 2.42464803e-02 5.76639688e-03
3.41735892e-02 -6.78939074e-02 -3.77702974e-02 -3.11428634e-03 9.38054919e-03 -2.14153193e-02 1.30568733e-02 -3.52206081e-02 -6.53200969e-03 -1.38534848e-02 4.26347591e-02 1.61425527e-02 1.02965906e-02 -2.10619648e-03 1.11205783e-02 2.64676614e-03
-3.10388394e-02 8.42169896e-02 4.93071862e-02 -3.98332602e-04 -1.47396997e-02 3.65713239e-02 -2.14269701e-02 6.04470894e-02 1.17027331e-02 2.48914938e-02 -7.60403350e-02 -2.88328212e-02 -1.83459520e-02 3.76983359e-03 -1.98911466e-02 -4.73099854e-03
-6.22019842e-02 1.91159651e-01 1.00585528e-01 -8.48116353e-04 -3.09236217e-02 7.75307417e-02 -4.49964367e-02 1.27739385e-01 2.48005968e-02 5.27608804e-02 -1.61131024e-01 -6.11035563e-02 -3.88791412e-02 7.98889156e-03 -4.21523862e-02 -1.00260098e-02
-1.09271230e-02 2.35210173e-02 1.32716568e-02 7.89632322e-04 -3.56085296e-03 8.55772011e-03 -5.07575786e-03 1.39244935e-02 2.65325699e-03 5.62901841e-03 -1.72860883e-02 -6.55127736e-03 -4.17287741e-03 8.55153019e-04 -4.51435056e-03 -1.07423391e-03
-3.96481995e-03 2.78737321e-02 1.69709828e-02 -1.30664720e-03 -6.20414549e-03 1.57832205e-02 -9.06098727e-03 2.62459889e-02 5.13555389e-03 1.09375687e-02 -3.33194733e-02 -1.26394508e-02 -8.03843234e-03 1.65386056e-03 -8.72446224e-03 -2.07460113e-03
1.48768900e-02 -6.86845779e-02 -4.05518226e-02 1.31533248e-03 1.26187680e-02 -3.15491185e-02 1.83403622e-02 -5.22108264e-02 -1.01436544e-02 -2.15818230e-02 6.58944845e-02 2.49907374e-02 1.59011446e-02 -3.26761534e-03 1.72412377e-02 4.10073483e-03
4.08148430e-02 -1.11553296e-01 -6.18678369e-02 7.63959484e-04 1.92433950e-02 -4.74998727e-02 2.76546683e-02 -7.84806609e-02 -1.52337216e-02 -3.24043669e-02 9.89726782e-02 3.75333726e-02 2.38814242e-02 -4.90736216e-03 2.58932002e-02 6.15856191e-03
-8.68711621e-02 1.95253521e-01 1.05529904e-01 -1.55592966e-03 -3.31091173e-02 8.23207349e-02 -4.81542572e-02 1.36038542e-01 2.63652168e-02 5.60823753e-02 -1.71301752e-01 -6.49576336e-02 -4.13301103e-02 8.49318691e-03 -4.48133685e-02 -1.06586656e-02
-1.65483244e-02 8.37130398e-02 5.57021499e-02 -4.35850117e-03 -2.06447169e-02 5.29973395e-02 -3.04435454e-02 8.80547464e-02 1.72257312e-02 3.66615988e-02 -1.11845613e-01 -4.24226113e-02 -2.69890465e-02 5.54805342e-03 -2.92722192e-02 -6.96198735e-03
2.08831485e-03 5.40858414e-03 1.57269300e-03 2.76649866e-04 1.58467155e-05 -2.51963618e-04 1.08875422e-04 -4.94769367e-04 -1.09098342e-04 -2.32700200e-04 6.88483822e-04 2.61579000e-04 1.65332429e-04 -3.45990520e-05 1.81977768e-04 4.31551707e-05
-2.03297772e-02 5.39464913e-02 3.28898951e-02 -1.22241827e-03 -1.09932665e-02 2.76211053e-02 -1.60369743e-02 4.57499772e-02 8.89020320e-03 1.89122297e-02 -5.77414669e-02 -2.18995046e-02 -1.39340581e-02 2.86337500e-03 -1.51084922e-02 -3.59352538e-03
-4.02687117e-02 1.11190997e-01 5.90415448e-02 1.68715371e-03 -1.71165932e-02 4.22947854e-02 -2.46174447e-02 6.94019869e-02 1.33702355e-02 2.84140799e-02 -8.69594291e-02 -3.29649225e-02 -2.09830329e-02 4.30773711e-03 -2.27334369e-02 -5.40804490e-03
5.45004830e-02 -1.53897732e-01 -8.79266039e-02 2.20592669e-03 2.62951329e-02 -6.50059953e-02 3.78441811e-02 -1.07533894e-01 -2.08636727e-02 -4.43905890e-02 1.35523677e-01 5.13952523e-02 3.26993950e-02 -6.72057830e-03 3.54593843e-02 8.43362883e-03
-1.07017402e-02 3.37624587e-02 1.88279692e-02 1.32713350e-04 -5.37191983e-03 1.32642165e-02 -7.76851689e-03 2.18353067e-02 4.20542946e-03 8.93955957e-03 -2.73498371e-02 -1.03706336e-02 -6.60135318e-03 1.35514350e-03 -7.15153990e-03 -1.70125510e-03
-1.69354025e-04 1.33566512e-02 7.33312452e-03 -3.08468589e-06 -2.11445568e-03 5.20386035e-03 -3.03385453e-03 8.57491046e-03 1.66042009e-03 3.53121897e-03 -1.07932277e-02 -4.09290288e-03 -2.60471995e-03 5.34981897e-04 -2.82304641e-03 -6.71506801e-04
-6.90213265e-03 -7.14749610e-03 -2.82117841e-03 4.91324929e-04 1.06181658e-03 -2.69416231e-03 1.53219933e-03 -4.47877822e-03 -8.85099522e-04 -1.88576966e-03 5.74358972e-03 2.17881799e-03 1.38578168e-03 -2.85065791e-04 1.50387804e-03 3.57645069e-04
-3.91873345e-03 2.89480649e-02 1.56663917e-02 -7.95905944e-04 -5.19634644e-03 1.29971476e-02 -7.53677171e-03 2.15533264e-02 4.19876678e-03 8.93684104e-03 -2.72684880e-02 -1.03421090e-02 -6.57945918e-03 1.35253672e-03 -7.13609578e-03 -1.69720605e-03
-4.56623919e-02 1.22393362e-01 7.19568431e-02 -1.53251318e-03 -2.28301380e-02 5.70402220e-02 -3.30711491e-02 9.41346437e-02 1.83005109e-02 3.89372781e-02 -1.18869901e-01 -4.50823046e-02 -2.86829956e-02 5.89497574e-03 -3.11034471e-02 -7.39764050e-03
-2.72470489e-02 8.70296881e-02 4.93962280e-02 -9.79369041e-04 -1.53619330e-02 3.80776301e-02 -2.22063586e-02 6.30221665e-02 1.22159068e-02 2.59858631e-02 -7.93628246e-02 -3.00971325e-02 -1.91504173e-02 3.93514009e-03 -2.07634363e-02 -4.93849721e-03
-3.41981053e-02 1.23000011e-01 7.63307512e-02 -3.76368710e-03 -2.60519609e-02 6.55198395e-02 -3.79876904e-02 1.08643681e-01 2.11441945e-02 4.49940413e-02 -1.37319207e-01 -5.20800985e-02 -3.31340209e-02 6.81057246e-03 -3.59338671e-02 -8.54643341e-03
-5.32235131e-02 1.22464776e-01 6.79228455e-02 -6.52236631e-04 -2.08953246e-02 5.19516319e-02 -3.02226488e-02 8.55750814e-02 1.65939927e-02 3.52937430e-02 -1.07833490e-01 -4.08872552e-02 -2.60170437e-02 5.34561276e-03 -2.82059796e-02 -6.70872675e-03
6.90184608e-02 -1.95766196e-01 -9.97841433e-02 -4.29093419e-03 2.63293907e-02 -6.30008876e-02 3.75442393e-02 -1.03594773e-01 -1.97253656e-02 -4.18724529e-02 1.28588140e-01 4.86836955e-02 3.10161710e-02 -6.35662209e-03 3.35593149e-02 7.98629969e-03
-2.88920216e-02 6.81386068e-02 4.28779945e-02 -7.13718007e-04 -1.40107768e-02 3.51867825e-02 -2.05355715e-02 5.82373627e-02 1.12579446e-02 2.39353888e-02 -7.31472224e-02 -2.77403984e-02 -1.76542867e-02 3.62591189e-03 -1.91344526e-02 -4.55173291e-03
2.85602137e-02 -9.01663005e-02 -5.65863736e-02 3.33884661e-03 2.00011097e-02 -5.04421033e-02 2.92261615e-02 -8.37721378e-02 -1.63185708e-02 -3.47287506e-02 1.05956167e-01 4.01883386e-02 2.55669076e-02 -5.25594596e-03 2.77307481e-02 6.59529353e-03
-4.54997551e-03 7.47309253e-03 3.88538465e-03 1.74100685e-04 -9.41772771e-04 2.26090732e-03 -1.32652186e-03 3.67975887e-03 7.05796876e-04 1.49937277e-03 -4.59438469e-03 -1.74125412e-03 -1.10825035e-03 2.27456039e-04 -1.20040018e-03 -2.85558752e-04
2.95383483e-02 -1.24070019e-01 -6.62354678e-02 1.74547115e-03 2.06428114e-02 -5.13837859e-02 2.98270490e-02 -8.47849920e-02 -1.64705217e-02 -3.50449756e-02 1.06996305e-01 4.05774862e-02 2.58172341e-02 -5.30580478e-03 2.79951803e-02 6.65845908e-03
3.99379507e-02 -1.28492579e-01 -7.20880553e-02 1.87675550e-03 2.26448253e-02 -5.65928556e-02 3.29371095e-02 -9.36056674e-02 -1.81737617e-02 -3.86662669e-02 1.18065335e-01 4.47743982e-02 2.84878127e-02 -5.85431699e-03 3.08893807e-02 7.34682009e-03
2.20800817e-01 -6.16640985e-01 -3.65786433e-01 1.02240266e-02 1.14266880e-01 -2.84851372e-01 1.66176543e-01 -4.71919566e-01 -9.14876983e-02 -1.94670603e-01 5.94282448e-01 2.25390688e-01 1.43403992e-01 -2.94711478e-02 1.55498609e-01 3.69840004e-02
-1.06187314e-02 1.43568432e-02 5.46671264e-03 9.21451428e-04 3.86998116e-04 -1.30925712e-03 6.40077982e-04 -2.32812902e-03 -4.85437922e-04 -1.03829836e-03 3.13380873e-03 1.19050255e-03 7.58295704e-04 -1.56140115e-04 8.23660230e-04 1.95875327e-04
-5.92766237e-03 1.53682120e-02 8.43903236e-03 9.17901634e-05 -2.48836889e-03 6.11695321e-03 -3.58925643e-03 1.00906203e-02 1.94834708e-03 4.14282130e-03 -1.26649644e-02 -4.80229687e-03 -3.05613177e-03 6.27710251e-04 -3.31230112e-03 -7.87868688e-04
5.11957891e-03 5.43831242e-03 1.80752017e-03 1.10106164e-04 -2.44451483e-04 4.54262918e-04 -2.79430882e-04 7.13351357e-04 1.24257363e-04 2.69392302e-04 -8.28195654e-04 -3.13964731e-04 -2.00077237e-04 4.09864115e-05 -2.16398199e-04 -5.14966996e-05
-5.02337515e-02 1.07451171e-01 6.03846312e-02 2.70521967e-04 -1.83477886e-02 4.52070832e-02 -2.65593529e-02 7.47206062e-02 1.44777363e-02 3.07879429e-02 -9.41378698e-02 -3.57025303e-02 -2.27128025e-02 4.66461387e-03 -2.46189889e-02 -5.85703691e-03
9.19195358e-03 -3.69160902e-03 3.98467761e-03 -2.07205885e-03 -2.36668717e-03 6.44260785e-03 -3.68475937e-03 1.08084371e-02 2.14083865e-03 4.56078397e-03 -1.38797993e-02 -5.26451506e-03 -3.34789464e-03 6.89118286e-04 -3.63520929e-03 -8.64467584e-04
6.16163164e-02 -1.77417696e-01 -9.87042636e-02 2.41722912e-03 3.19527984e-02 -7.95315504e-02 4.63085994e-02 -1.31816745e-01 -2.54700109e-02 -5.41798845e-02 1.65466070e-01 6.27489090e-02 3.99254113e-02 -8.20447691e-03 4.32898402e-02 1.02962377e-02
-1.18721686e-02 2.59248391e-02 1.49925351e-02 7.91070634e-05 -4.29263944e-03 1.06301690e-02 -6.22087764e-03 1.74561217e-02 3.37256840e-03 7.17131002e-03 -2.19270941e-02 -8.31291359e-03 -5.29001188e-03 1.08657486e-03 -5.73358033e-03 -1.36378058e-03
5.68679646e-02 -1.48347601e-01 -8.47842619e-02 -7.63428397e-04 2.37835888e-02 -5.88040501e-02 3.44033986e-02 -9.72328112e-02 -1.87596809e-02 -3.98941971e-02 1.21968582e-01 4.62445654e-02 2.94292774e-02 -6.04418805e-03 3.18945423e-02 7.58656813e-03
-3.46370116e-02 1.13301352e-01 6.41123354e-02 1.13459304e-04 -1.82888601e-02 4.52442989e-02 -2.65225358e-02 7.44855404e-02 1.43649783e-02 3.05452421e-02 -9.34463888e-02 -3.54333259e-02 -2.25572400e-02 4.62945038e-03 -2.44321506e-02 -5.81245637e-03
4.49079499e-02 -1.01827957e-01 -5.47732152e-02 -1.29731803e-03 1.48160141e-02 -3.64699736e-02 2.15334017e-02 -6.01846613e-02 -1.15408441e-02 -2.45347619e-02 7.50526115e-02 2.84516737e-02 1.81070101e-02 -3.71846720e-03 1.96218956e-02 4.66731982e-03
6.55521452e-02 -1.38486445e-01 -7.72500113e-02 6.16910867e-04 2.25592200e-02 -5.58236614e-02 3.24418470e-02 -9.18721184e-02 -1.78264175e-02 -3.79250385e-02 1.15804888e-01 4.39159423e-02 2.79415660e-02 -5.74250612e-03 3.02989930e-02 7.20630493e-03
-4.31277230e-02 9.79087502e-02 5.40942438e-02 -1.10816781e-03 -1.66340992e-02 4.15856130e-02 -2.40622703e-02 6.83376864e-02 1.32848499e-02 2.82615498e-02 -8.63013193e-02 -3.27265784e-02 -2.08215471e-02 4.27929359e-03 -2.25786623e-02 -5.37009491e-03
5.81679940e-02 -1.67974100e-01 -9.57316607e-02 1.05025154e-03 2.94661187e-02 -7.31412023e-02 4.23344150e-02 -1.20330736e-01 -2.33376063e-02 -4.96368073e-02 1.51627332e-01 5.75013198e-02 3.65871526e-02 -7.51808146e-03 3.96690182e-02 9.43520386e-03
-4.55540512e-03 4.99816611e-02 3.38516533e-02 -6.85071852e-03 -1.37465587e-02 3.52991521e-02 -2.02911608e-02 5.85510992e-02 1.14928298e-02 2.44667623e-02 -7.45922551e-02 -2.82909069e-02 -1.79972686e-02 3.70091549e-03 -1.95254143e-02 -4.64365259e-03
8.37445557e-02 -3.06788832e-01 -1.82908028e-01 8.23682267e-03 6.16138168e-02 -1.54755190e-01 8.98131058e-02 -2.56525964e-01 -4.99107912e-02 -1.06206022e-01 3.24148118e-01 1.22936644e-01 7.82141760e-02 -1.60764158e-02 8.48223045e-02 2.01739650e-02
-8.23715404e-02 1.99599013e-01 1.11367211e-01 1.99533766e-03 -3.35053094e-02 8.22918862e-02 -4.80694361e-02 1.35998338e-01 2.63948534e-02 5.61520346e-02 -1.71493098e-01 -6.50318339e-02 -4.13790196e-02 8.50272831e-03 -4.48637642e-02 -1.06706200e-02
6.87097609e-02 -2.08949432e-01 -1.19487047e-01 1.97146856e-03 3.79806906e-02 -9.45096686e-02 5.51386587e-02 -1.56357110e-01 -3.02417148e-02 -6.43112659e-02 1.96484521e-01 7.45065212e-02 4.74087931e-02 -9.74163692e-03 5.14007621e-02 1.22255012e-02
-3.45497355e-02 9.34257805e-02 5.15756756e-02 -1.71288149e-04 -1.42488480e-02 3.54335904e-02 -2.06670221e-02 5.83208688e-02 1.12969158e-02 2.40324438e-02 -7.33916461e-02 -2.78321784e-02 -1.77081898e-02 3.63915833e-03 -1.92013010e-02 -4.56685387e-03
4.68439907e-02 -1.37260824e-01 -7.70650357e-02 3.97241674e-05 2.25249380e-02 -5.53899854e-02 3.22807617e-02 -9.13746431e-02 -1.77210253e-02 -3.76932845e-02 1.15150630e-01 4.36672717e-02 2.77855694e-02 -5.70897385e-03 3.01235039e-02 7.16482289e-03
1.52917892e-01 -4.45066571e-01 -2.51301646e-01 7.43751274e-03 7.85802826e-02 -1.96178138e-01 1.13938697e-01 -3.24716151e-01 -6.29738495e-02 -1.33990690e-01 4.09037590e-01 1.55124083e-01 9.86935273e-02 -2.02847049e-02 1.07026860e-01 2.54551768e-02
-3.17275338e-02 8.60058144e-02 5.47497459e-02 -1.60160835e-03 -1.83309894e-02 4.60815579e-02 -2.67747566e-02 7.62820616e-02 1.48202442e-02 3.15272883e-02 -9.62589234e-02 -3.65072899e-02 -2.32278593e-02 4.77362797e-03 -2.51873210e-02 -5.99065050e-03
9.21576917e-02 -2.88568109e-01 -1.57421783e-01 3.40620684e-03 5.03408238e-02 -1.25930339e-01 7.33835697e-02 -2.08167121e-01 -4.04433608e-02 -8.60463530e-02 2.62720823e-01 9.96317491e-02 6.33888841e-02 -1.30277853e-02 6.87381849e-02 1.63487308e-02
1.41083552e-02 -6.48807511e-02 -3.97815816e-02 2.53103557e-03 1.41789597e-02 -3.57864872e-02 2.07505245e-02 -5.94454966e-02 -1.15806367e-02 -2.46448033e-02 7.52061382e-02 2.85230633e-02 1.81465726e-02 -3.73007986e-03 1.96805317e-02 4.68076440e-03
9.07622352e-02 -1.91172466e-01 -9.59429070e-02 -2.84568314e-03 2.57726032e-02 -6.13434874e-02 3.57969664e-02 -9.98081267e-02 -1.91560648e-02 -4.07349728e-02 1.24507673e-01 4.72049788e-02 3.00368685e-02 -6.17157994e-03 3.25640291e-02 7.74515234e-03
-2.67816242e-02 7.47193173e-02 4.22951207e-02 1.51083805e-06 -1.29623823e-02 3.17002535e-02 -1.86229777e-02 5.24765402e-02 1.00788567e-02 2.14202106e-02 -6.55466393e-02 -2.48621572e-02 -1.58345439e-02 3.24798888e-03 -1.71430223e-02 -4.07880591e-03
-1.34760998e-02 2.78133862e-02 1.36204762e-02 7.33490568e-04 -3.64482845e-03 8.87182448e-03 -5.18715661e-03 1.45529900e-02 2.79290462e-03 5.93901984e-03 -1.81531142e-02 -6.88287942e-03 -4.37936466e-03 8.99778854e-04 -4.74764779e-03 -1.12920697e-03
-1.17536448e-02 2.34814323e-02 1.42436372e-02 1.09761138e-04 -4.28798376e-03 1.05979694e-02 -6.21422334e-03 1.75463147e-02 3.39109940e-03 7.21120369e-03 -2.20420845e-02 -8.35766736e-03 -5.31875901e-03 1.09246001e-03 -5.76472934e-03 -1.37121463e-03
-1.04203168e-02 2.84340382e-02 1.74384583e-02 -6.26188179e-04 -5.78893535e-03 1.45198377e-02 -8.43032636e-03 2.40418557e-02 4.67441930e-03 9.94585082e-03 -3.03606931e-02 -1.15143089e-02 -7.32571306e-03 1.50566187e-03 -7.94423278e-03 -1.88945199e-03
-7.79695064e-02 2.16348007e-01 1.23196296e-01 -2.19559227e-03 -3.77638489e-02 9.42435861e-02 -5.47454134e-02 1.55985072e-01 3.02774888e-02 6.44203201e-02 -1.96664393e-01 -7.45839626e-02 -4.74526212e-02 9.75289661e-03 -5.14585897e-02 -1.22388629e-02
1.38518084e-02 -5.57232872e-02 -3.19672562e-02 1.25605380e-03 1.05819972e-02 -2.64901519e-02 1.53793320e-02 -4.38724160e-02 -8.53244215e-03 -1.81561783e-02 5.54177687e-02 2.10176148e-02 1.33718271e-02 -2.74842908e-03 1.45012951e-02 3.44896782e-03
1.21389627e-02 -3.91607285e-02 -2.12689769e-02 -7.59758113e-04 5.48686832e-03 -1.34575982e-02 7.85974134e-03 -2.21212525e-02 -4.25824104e-03 -9.05078743e-03 2.76968088e-02 1.05003994e-02 6.68269116e-03 -1.37216656e-03 7.24108238e-03 1.72244909e-03
6.04148135e-02 -1.30372122e-01 -6.97001815e-02 -4.98324167e-04 1.92611236e-02 -4.68064845e-02 2.73542702e-02 -7.68617243e-02 -1.47288693e-02 -3.13105397e-02 9.57666859e-02 3.63066159e-02 2.31046975e-02 -4.74546524e-03 2.50406321e-02 5.95609052e-03
-7.94653818e-02 1.98681250e-01 1.18263327e-01 -5.80396969e-04 -3.47880721e-02 8.55231434e-02 -4.98713739e-02 1.41385794e-01 2.74399444e-02 5.83833456e-02 -1.78250670e-01 -6.76000789e-02 -4.30097170e-02 8.83921701e-03 -4.66381125e-02 -1.10924086e-02
-7.82179758e-02 2.06630871e-01 1.13966458e-01 -1.23588182e-03 -3.50138806e-02 8.68134946e-02 -5.08932658e-02 1.43859625e-01 2.78511699e-02 5.92580847e-02 -1.80932850e-01 -6.86190203e-02 -4.36582863e-02 8.97203106e-03 -4.73392382e-02 -1.12592829e-02
-2.67973542e-02 1.13717824e-01 7.40897804e-02 -4.41065757e-03 -2.53567845e-02 6.41980097e-02 -3.72236967e-02 1.06589392e-01 2.07676534e-02 4.41982262e-02 -1.34862483e-01 -5.11494130e-02 -3.25417183e-02 6.68912427e-03 -3.52928154e-02 -8.39391816e-03
