5.28449416e-02 -5.65443374e-02 -1.03968084e-02 8.03064834e-03 1.17697869e-03 -6.65492564e-03 3.84439295e-03 -9.52492555e-05 6.28066808e-03 7.05117034e-03 5.27489537e-05 3.26640229e-03 1.14609916e-02 -7.85416923e-03 1.93499885e-02 9.47458204e-03
1.20265730e-01 -1.19680122e-01 -2.01033503e-02 1.55217908e-02 2.20671855e-03 -1.25419218e-02 7.24474108e-03 -1.59716117e-04 1.19238794e-02 1.33775380e-02 8.58053827e-05 6.18905528e-03 2.17481423e-02 -1.49044292e-02 3.67212854e-02 1.79801621e-02
-8.87785107e-02 7.81987906e-02 1.38585493e-02 -3.44408676e-03 -7.75094377e-04 6.51563797e-03 -3.80484876e-03 8.94386903e-04 -5.65844448e-03 -6.34956174e-03 -1.05671170e-04 -2.97705201e-03 -1.03593934e-02 7.09597487e-03 -1.74718779e-02 -8.55576061e-03
-6.26546890e-02 6.82872236e-02 1.41237210e-02 -7.46548362e-03 -1.10294507e-03 7.47486157e-03 -4.33152821e-03 6.25500805e-04 -6.75820932e-03 -7.57540483e-03 -1.21867008e-04 -3.53635894e-03 -1.23446034e-02 8.45707580e-03 -2.08243392e-02 -1.01973703e-02
-1.08294174e-01 1.08582675e-01 2.17850264e-02 5.02332440e-03 6.37249323e-04 4.65444010e-03 -1.99954840e-03 2.05816911e-03 -2.23495346e-03 -2.47898512e-03 -9.46139553e-05 -1.22660294e-03 -4.14501503e-03 2.83651217e-03 -6.96298806e-03 -3.41124996e-03
3.19588296e-02 -3.65335718e-02 -6.61637727e-03 2.59830570e-03 4.60616051e-04 -3.12234135e-03 1.75964751e-03 -2.01664487e-04 2.76956148e-03 3.10785882e-03 2.73215301e-05 1.44293974e-03 5.05614839e-03 -3.46461055e-03 8.53474624e-03 4.17902973e-03
1.25276763e-02 -4.60963510e-03 -1.35470566e-03 -4.49273910e-04 -1.08317945e-04 -1.54915673e-04 4.01429061e-05 -8.26766191e-05 -3.38886966e-05 -3.92536094e-05 1.62501910e-05 -9.87179737e-06 -5.40834881e-05 3.75402378e-05 -9.47182707e-05 -4.61585369e-05
-4.66115922e-02 5.30244373e-02 1.11073209e-02 -1.59584777e-03 -3.88732733e-04 4.48352797e-03 -2.60932511e-03 5.61365334e-04 -3.71274911e-03 -4.15826356e-03 -1.51178072e-04 -2.00004643e-03 -6.82897354e-03 4.67360159e-03 -1.14874169e-02 -5.62698115e-03
8.92045274e-02 -1.03679731e-01 -1.89396925e-02 9.92186554e-03 1.64036965e-03 -9.52819269e-03 5.31769497e-03 -1.93918095e-04 8.68385658e-03 9.73967556e-03 1.61763906e-04 4.54404019e-03 1.58677623e-02 -1.08711459e-02 2.67715659e-02 1.31092295e-02
-6.78567812e-02 6.60628453e-02 1.22956280e-02 -1.06883924e-02 -1.41635176e-03 8.25259183e-03 -4.79157036e-03 7.06141524e-04 -7.76947243e-03 -8.71875323e-03 -4.89080267e-05 -4.03129216e-03 -1.41645260e-02 9.70712956e-03 -2.39165500e-02 -1.17104584e-02
7.49418736e-02 -8.15890878e-02 -1.41517920e-02 7.95881636e-03 1.08887989e-03 -7.99550489e-03 4.56555048e-03 -7.23996141e-04 7.23277498e-03 8.10808782e-03 9.60332836e-05 3.77373071e-03 1.32034989e-02 -9.04628169e-03 2.22811569e-02 1.09102391e-02
5.78490198e-02 -6.31346181e-02 -1.14059784e-02 9.41806473e-03 1.38500636e-03 -7.62668997e-03 4.39834082e-03 -9.54643474e-05 7.28999870e-03 8.18020012e-03 5.02162366e-05 3.78535152e-03 1.32907331e-02 -9.10833664e-03 2.24398188e-02 1.09874923e-02
1.16754603e-02 -6.09338982e-03 -1.17443106e-03 6.66894775e-04 7.49365790e-05 -6.11700758e-04 3.46895104e-04 -3.28739261e-05 5.44416660e-04 6.10627234e-04 9.70370456e-06 2.86271446e-04 9.95523413e-04 -6.81971549e-04 1.67916587e-03 8.22267320e-04
-4.72362339e-02 5.37647121e-02 9.90167260e-03 -8.26278515e-03 -1.15058816e-03 6.55864784e-03 -3.75378388e-03 1.57514805e-04 -6.19772682e-03 -6.95846509e-03 -3.58059915e-05 -3.21668875e-03 -1.13040674e-02 7.74702337e-03 -1.90871377e-02 -9.34579503e-03
1.63881823e-01 -1.45867407e-01 -3.02997530e-02 1.98445860e-02 2.98061757e-03 -1.61541384e-02 9.26047657e-03 -2.78803374e-04 1.52131859e-02 1.70864780e-02 7.56947193e-05 7.88821280e-03 2.77483556e-02 -1.90175027e-02 4.68598120e-02 2.29440071e-02
-7.05361962e-01 7.63237119e-01 1.65275037e-01 -3.66554596e-02 -5.34544047e-03 4.87732217e-02 -2.92310379e-02 5.42673282e-03 -4.04451266e-02 -4.53607179e-02 -7.60753290e-04 -2.14185398e-02 -7.40153268e-02 5.07189184e-02 -1.24897942e-01 -6.11585677e-02
-4.42462824e-02 4.40543853e-02 7.27988314e-03 -4.16500960e-03 -6.99356664e-04 4.57932148e-03 -2.63344357e-03 5.15070045e-04 -4.16651089e-03 -4.67411196e-03 -3.09540192e-05 -2.16317433e-03 -7.59776356e-03 5.20675210e-03 -1.28283072e-02 -6.28122687e-03
6.70014694e-02 -7.02625960e-02 -1.28227957e-02 9.79800895e-03 1.31656078e-03 -8.64658877e-03 5.03742928e-03 -9.01405409e-04 7.92242959e-03 8.89159832e-03 1.44140853e-04 4.16993815e-03 1.45001104e-02 -9.93299205e-03 2.44435426e-02 1.19707212e-02
-4.41187574e-03 9.47975554e-03 2.15320080e-03 2.52215192e-04 -1.20676123e-06 3.88231478e-04 -2.64729169e-04 1.44564852e-04 -2.92444980e-04 -3.28109280e-04 -1.39804160e-05 -1.58188966e-04 -5.39446773e-04 3.69152403e-04 -9.07706970e-04 -4.44586592e-04
1.56553924e-01 -1.25126600e-01 -1.99604351e-02 2.19032764e-02 3.02752201e-03 -1.64457951e-02 9.16280784e-03 7.34754431e-05 1.55695584e-02 1.74622852e-02 8.00428679e-05 8.05732980e-03 2.83590946e-02 -1.94373820e-02 4.78959866e-02 2.34511793e-02
-8.39285627e-02 6.98293522e-02 1.60607882e-02 -2.91654677e-03 -3.53406183e-04 5.08576911e-03 -3.05315107e-03 1.46787905e-03 -4.12203930e-03 -4.62405337e-03 -1.09866247e-04 -2.18450115e-03 -7.55365891e-03 5.17302146e-03 -1.27344346e-02 -6.23614434e-03
3.00668422e-02 -1.84080154e-02 -3.72218387e-03 2.84822076e-04 2.97650113e-05 -1.17838162e-03 7.17862276e-04 -2.73281970e-04 9.01351159e-04 1.01044390e-03 3.66086460e-05 4.85706172e-04 1.65683287e-03 -1.13406591e-03 2.78772670e-03 1.36547233e-03
-8.09665471e-02 9.45290923e-02 1.63385663e-02 -7.81233050e-03 -1.18494360e-03 8.55946541e-03 -5.14221285e-03 1.01871323e-03 -7.66486675e-03 -8.59264098e-03 -1.64725541e-04 -4.04466316e-03 -1.40260560e-02 9.60787106e-03 -2.36430299e-02 -1.15787014e-02
-3.15553814e-01 2.65458792e-01 4.27244529e-02 -2.22627111e-02 -4.06987825e-03 2.44368128e-02 -1.34406853e-02 4.80390911e-04 -2.22890023e-02 -2.49941256e-02 -2.40549343e-04 -1.16066411e-02 -4.06528041e-02 2.78640557e-02 -6.86368719e-02 -3.36081013e-02
3.28376144e-02 -2.94669345e-02 -4.72749304e-03 3.68978409e-03 5.57692081e-04 -3.53552611e-03 1.99446920e-03 -1.09184082e-04 3.26044974e-03 3.65786720e-03 2.45221945e-05 1.69175630e-03 5.94481314e-03 -4.07409761e-03 1.00379046e-02 4.91492357e-03
1.06235504e-01 -6.71412647e-02 -1.29421316e-02 1.69919282e-02 2.18144571e-03 -1.27144419e-02 7.35128485e-03 -7.48200400e-04 1.19552212e-02 1.34125371e-02 9.46361251e-05 6.21838775e-03 2.18050610e-02 -1.49413953e-02 3.68076488e-02 1.80228353e-02
-7.83241987e-02 7.50124380e-02 1.54274860e-02 -8.33743252e-03 -1.11931842e-03 8.75477865e-03 -4.92836069e-03 6.17981947e-04 -7.67335482e-03 -8.60343035e-03 -2.10667145e-04 -4.04326990e-03 -1.40444236e-02 9.61878151e-03 -2.36752182e-02 -1.15944939e-02
5.49265817e-02 -6.67550564e-02 -1.37952939e-02 4.93179308e-04 1.32604851e-04 -4.07407898e-03 2.01437506e-03 -6.32360287e-04 2.77208327e-03 3.10071930e-03 1.80745512e-04 1.50432496e-03 5.11370366e-03 -3.49813025e-03 8.59847758e-03 4.21182346e-03
-7.52482610e-03 2.50057746e-02 5.95195219e-03 2.06107670e-03 1.72292217e-04 3.10501055e-05 -6.57452329e-05 2.49868870e-04 1.64960409e-04 1.83202195e-04 -2.94584916e-05 6.57990822e-05 2.90091208e-04 -1.99795410e-04 4.95118205e-04 2.42216789e-04
5.44727221e-02 -5.68197481e-02 -1.27717312e-02 2.63687153e-03 3.95425886e-04 -4.81269835e-03 2.74813408e-03 -9.66203748e-04 4.05663112e-03 4.54538688e-03 1.44447738e-04 2.17237789e-03 7.45051820e-03 -5.10081556e-03 1.25434417e-02 6.14370080e-03
7.48137981e-02 -8.04158747e-02 -1.34504698e-02 8.47590249e-03 1.22615637e-03 -7.51568889e-03 4.35124617e-03 -8.62772868e-04 6.93772500e-03 7.78566720e-03 5.63545764e-05 3.61406058e-03 1.26726441e-02 -8.68563261e-03 2.13864706e-02 1.04727019e-02
1.45242885e-02 1.31067131e-02 5.12393843e-03 3.26189864e-03 4.24523139e-04 -1.56215229e-03 8.94841913e-04 2.78061372e-04 1.68555696e-03 1.89166435e-03 -1.18583794e-05 8.64543777e-04 3.06498120e-03 -2.10133917e-03 5.17883711e-03 2.53565051e-03
1.39597347e-02 -9.49596521e-03 -2.54089199e-03 -5.48974238e-03 -6.70802314e-04 1.63723563e-03 -9.38432931e-04 -5.60496934e-04 -1.95065781e-03 -2.18680943e-03 1.20198092e-05 -9.90816392e-04 -3.53367976e-03 2.42364779e-03 -5.97689534e-03 -2.92607979e-03
1.01297736e-01 -1.04341656e-01 -1.88162718e-02 1.70302074e-02 2.30165804e-03 -1.27551071e-02 7.49926968e-03 -2.65319308e-04 1.22652976e-02 1.37662683e-02 1.04150655e-04 6.35603117e-03 2.23566107e-02 -1.53225781e-02 3.77554633e-02 1.84861869e-02
-2.94419795e-01 3.01310182e-01 6.59336373e-02 1.18407868e-02 4.43763100e-03 8.45653471e-03 -9.11186356e-03 1.20093981e-02 -1.33692333e-03 -1.57389184e-03 -1.16266857e-03 -9.01169726e-04 -2.80934223e-03 1.90772011e-03 -4.66124108e-03 -2.28511356e-03
2.90878117e-02 -3.50386053e-02 -5.89983724e-03 4.26234072e-03 5.93757024e-04 -3.82723310e-03 2.19169818e-03 -2.68920965e-04 3.46059911e-03 3.87889915e-03 5.52884521e-05 1.81348901e-03 6.32334594e-03 -4.33169864e-03 1.06647164e-02 5.22246631e-03
-1.00426964e-01 9.65025723e-02 1.43538993e-02 -2.70521455e-02 -3.76941636e-03 1.78526789e-02 -1.01191960e-02 -6.08537928e-04 -1.75186358e-02 -1.96550954e-02 -4.89251470e-05 -9.04959440e-03 -3.18998098e-02 2.18649488e-02 -5.38808592e-02 -2.63813175e-02
-1.14301905e-01 1.05997548e-01 1.84379686e-02 -1.96910016e-02 -2.86301249e-03 1.52858552e-02 -8.78129713e-03 8.45697941e-04 -1.44284796e-02 -1.61781479e-02 -7.17393777e-05 -7.47309346e-03 -2.62959171e-02 1.80216450e-02 -4.44015078e-02 -2.17405483e-02
6.93671405e-02 -7.02124089e-02 -1.37630124e-02 1.03438869e-02 1.37958920e-03 -8.26993492e-03 4.72268648e-03 -4.71555977e-05 7.85912015e-03 8.81865062e-03 5.14245694e-05 4.07448132e-03 1.43255973e-02 -9.81787499e-03 2.41905171e-02 1.18444897e-02
-5.45944646e-03 9.77302529e-03 3.04733450e-03 7.15086330e-03 9.42707353e-04 -2.95257429e-03 1.58469926e-03 3.81201331e-04 3.23126558e-03 3.62310163e-03 -1.40530801e-05 1.65369734e-03 5.86255081e-03 -4.01965436e-03 9.90904123e-03 4.85140271e-03
1.91824958e-02 -2.33036727e-02 -4.05845139e-03 4.27532615e-03 6.29884133e-04 -3.28878500e-03 1.87476166e-03 -1.24940270e-05 3.16431071e-03 3.55009083e-03 1.94541572e-05 1.64020061e-03 5.76691609e-03 -3.95225734e-03 9.73764248e-03 4.76791663e-03
-1.11525454e-01 1.10044122e-01 1.88888758e-02 -1.57705508e-02 -2.13657902e-03 1.32662952e-02 -7.79800164e-03 6.43880223e-04 -1.25281168e-02 -1.40581597e-02 -7.81611889e-05 -6.50804117e-03 -2.28491984e-02 1.56592727e-02 -3.85787077e-02 -1.88898593e-02
1.14467397e-01 -1.20738171e-01 -2.12341603e-02 1.34184230e-02 1.86994975e-03 -1.31293861e-02 7.36795459e-03 -8.35737563e-04 1.17249601e-02 1.31461648e-02 1.48553489e-04 6.10493636e-03 2.13914197e-02 -1.46585219e-02 3.61099504e-02 1.76812187e-02
-1.30675554e-01 1.25902638e-01 2.30339505e-02 -2.24280022e-02 -3.27269034e-03 1.72031503e-02 -9.76926554e-03 7.03450351e-05 -1.65435020e-02 -1.85629614e-02 -7.49846367e-05 -8.55989661e-03 -3.01430393e-02 2.06594542e-02 -5.09072505e-02 -2.49256063e-02
6.65530860e-02 -6.71029836e-02 -1.12031978e-02 9.44902096e-03 1.34761503e-03 -7.81334192e-03 4.44127712e-03 -6.56672521e-04 7.29862787e-03 8.19736626e-03 5.77351020e-05 3.81334755e-03 1.33337891e-02 -9.13967192e-03 2.24992335e-02 1.10172480e-02
-7.71308169e-02 8.04745555e-02 1.70652904e-02 -5.50665846e-03 -6.24650973e-04 7.09738676e-03 -4.04802384e-03 1.70861755e-03 -5.75930532e-03 -6.45908341e-03 -1.71900974e-04 -3.03999148e-03 -1.05589926e-02 7.23284157e-03 -1.77999865e-02 -8.71721655e-03
-3.41452330e-01 3.54375124e-01 5.78330904e-02 -3.36099453e-02 -4.17736685e-03 3.41416784e-02 -1.97376534e-02 3.78183206e-03 -2.95492318e-02 -3.30232643e-02 -5.42121939e-04 -1.54798888e-02 -5.40248081e-02 3.70137282e-02 -9.11166221e-02 -4.46230620e-02
-1.25507936e-01 1.14086971e-01 1.78622827e-02 -5.58184227e-03 -8.61094391e-04 9.56737716e-03 -5.20432508e-03 1.36200513e-03 -7.90145434e-03 -8.84334743e-03 -1.22816447e-04 -4.14380338e-03 -1.44422110e-02 9.89504438e-03 -2.43650004e-02 -1.19312182e-02
-2.95048002e-02 2.88695339e-02 4.80645383e-03 -7.42288865e-03 -9.67450556e-04 5.02320193e-03 -2.80869263e-03 -5.71352102e-05 -4.77652531e-03 -5.35808923e-03 -2.16857406e-05 -2.47184653e-03 -8.70202016e-03 5.96425589e-03 -1.46963289e-02 -7.19575305e-03
-5.07003106e-02 2.65457891e-02 -2.12116539e-03 -2.30930410e-02 -3.51817673e-03 1.42099373e-02 -7.80795142e-03 -1.48428953e-03 -1.44047905e-02 -1.61684528e-02 -4.71575913e-06 -7.41811842e-03 -2.62070112e-02 1.79664399e-02 -4.42787074e-02 -2.16788575e-02
-1.10046312e-01 1.08573087e-01 1.74237806e-02 -2.33250856e-02 -3.27179814e-03 1.64011326e-02 -9.38102417e-03 -1.59040908e-04 -1.59032755e-02 -1.78441610e-02 -6.10352945e-05 -8.22354201e-03 -2.89698783e-02 1.98559109e-02 -4.89280745e-02 -2.39565093e-02
-3.02561950e-02 3.61679234e-02 7.08767585e-03 -3.65207251e-03 -5.18405694e-04 3.91597953e-03 -2.20325589e-03 2.82392255e-04 -3.41771217e-03 -3.83305759e-03 -8.19155975e-05 -1.80240558e-03 -6.25731843e-03 4.28558001e-03 -1.05478810e-02 -5.16563840e-03
4.30006199e-02 -4.48174477e-02 -9.11840517e-03 4.26683016e-03 6.61892700e-04 -4.73053567e-03 2.70787254e-03 -6.97518117e-04 4.08503041e-03 4.58452618e-03 1.10995781e-04 2.15629977e-03 7.48309912e-03 -5.12489304e-03 1.26139475e-02 6.17728662e-03
1.12615284e-02 -1.10820048e-02 -1.91890413e-03 2.15495005e-03 3.01774766e-04 -1.60917768e-03 9.13160911e-04 -5.03857154e-06 1.54148857e-03 1.72937929e-03 8.83035409e-06 7.98340072e-04 2.80888216e-03 -1.92510383e-03 4.74348338e-03 2.32255575e-03
-3.28148752e-02 2.71615013e-02 4.04825294e-03 -6.13456359e-04 -1.68683677e-04 2.19865516e-03 -1.29042275e-03 4.61082935e-04 -1.85072888e-03 -2.07531964e-03 -4.15314389e-05 -9.77045391e-04 -3.38826445e-03 2.32149521e-03 -5.71480021e-03 -2.79855705e-03
5.10451570e-02 -4.69772220e-02 -8.88614822e-03 7.11376965e-03 9.70664201e-04 -6.23862958e-03 3.45362839e-03 -7.22210389e-04 5.56566007e-03 6.24109944e-03 1.16835203e-04 2.91514397e-03 1.01666758e-02 -6.96575455e-03 1.71525609e-02 8.39933753e-03
1.81249063e-02 -1.98199898e-02 -3.48305190e-03 2.47421046e-03 4.04541963e-04 -2.34226487e-03 1.34292443e-03 -1.01910220e-04 2.19639693e-03 2.46338570e-03 2.40900026e-05 1.14455807e-03 4.00772970e-03 -2.74615502e-03 6.76420983e-03 3.31214722e-03
-5.89105859e-02 6.30293041e-02 1.11020915e-02 -6.36914000e-03 -8.11788021e-04 6.21301262e-03 -3.68852681e-03 5.58202330e-04 -5.73553704e-03 -6.43442478e-03 -8.82219174e-05 -3.00280075e-03 -1.04809869e-02 7.18068657e-03 -1.76835619e-02 -8.65920912e-03
-2.14895129e-01 2.11744696e-01 4.12518047e-02 -2.86321826e-02 -3.79781751e-03 2.31375843e-02 -1.34278694e-02 1.05301279e-03 -2.15861052e-02 -2.42355503e-02 -2.32612423e-04 -1.12030711e-02 -3.93727534e-02 2.69833785e-02 -6.64855987e-02 -3.25535126e-02
1.03707999e-01 -9.67455506e-02 -2.21022554e-02 1.19911814e-02 1.57527381e-03 -1.01244953e-02 5.78445196e-03 -3.76268814e-04 9.23915114e-03 1.03631932e-02 9.02628308e-05 4.80324961e-03 1.68472081e-02 -1.15454607e-02 2.84458306e-02 1.39281042e-02
4.54436569e-03 -8.08047317e-03 -1.78317155e-03 7.76888279e-04 1.18997486e-04 -7.57909729e-04 4.36195580e-04 -3.82586586e-05 6.98264805e-04 7.83329306e-04 8.11326754e-06 3.63805419e-04 1.27444940e-03 -8.73275800e-04 2.15113373e-03 1.05331291e-03
1.70342475e-02 -2.72394083e-02 -8.32752883e-03 -4.58708219e-03 -8.95135687e-04 9.21089086e-04 -4.89843369e-04 -1.27023796e-03 -1.95510872e-03 -2.19592429e-03 2.25757889e-04 -9.30321985e-04 -3.48779513e-03 2.39861314e-03 -5.93013363e-03 -2.90244981e-03
-2.37442274e-02 2.36808863e-02 6.88970881e-03 6.29037060e-03 9.74167255e-04 -2.11230246e-03 1.16492016e-03 1.03930454e-03 2.80342042e-03 3.14521813e-03 -9.19509766e-05 1.38170703e-03 5.05065219e-03 -3.46771302e-03 8.56706593e-03 4.19295020e-03
7.35211968e-02 -7.32697472e-02 -1.29433321e-02 1.76315568e-03 2.90083815e-04 -4.12890175e-03 2.61379709e-03 -1.05648243e-03 3.45764076e-03 3.87678877e-03 8.61189183e-05 1.81658007e-03 6.32429542e-03 -4.33216989e-03 1.06689334e-02 5.22424700e-03
3.71389017e-02 -3.06586083e-02 -3.76675790e-03 1.36633385e-02 1.90202089e-03 -8.26049224e-03 4.68281563e-03 4.18018200e-04 8.30289070e-03 9.31690447e-03 -1.20191908e-06 4.27738391e-03 1.51087986e-02 -1.03570130e-02 2.55256481e-02 1.24976896e-02
-1.70071758e-02 3.33508030e-02 3.85500910e-03 -1.14193344e-02 -1.76711194e-03 6.96751801e-03 -3.92352650e-03 -6.49288762e-04 -7.10342219e-03 -7.96941947e-03 1.36320123e-05 -3.65593727e-03 -1.29199773e-02 8.85752309e-03 -2.18306500e-02 -1.06885126e-02
-7.07567707e-02 6.86225742e-02 1.11954575e-02 -1.50816776e-02 -2.14518327e-03 1.07000656e-02 -6.09823968e-03 -1.32094166e-04 -1.03832576e-02 -1.16490182e-02 -4.19556709e-05 -5.36831981e-03 -1.89118627e-02 1.29622165e-02 -3.19412611e-02 -1.56392660e-02
-2.96778381e-01 3.53035182e-01 5.68947420e-02 -1.85020678e-02 -3.84660810e-03 2.69584246e-02 -1.49248717e-02 1.95471826e-03 -2.30951756e-02 -2.58925222e-02 -6.28493959e-04 -1.22019993e-02 -4.22346629e-02 2.89147869e-02 -7.11891949e-02 -3.48601602e-02
-1.13261435e-02 9.54580493e-03 2.20171688e-03 1.08426320e-04 4.89717204e-05 6.11145981e-04 -3.52817908e-04 2.27160723e-04 -3.87373118e-04 -4.32890840e-04 -3.53399992e-05 -2.18224071e-04 -7.20150012e-04 4.92109510e-04 -1.20698917e-03 -5.91417076e-04
-4.09348123e-02 4.13514562e-02 6.40419312e-03 -1.03117488e-02 -1.46257563e-03 7.10407738e-03 -4.03816346e-03 -1.35509792e-04 -6.93013612e-03 -7.77502265e-03 -2.74359481e-05 -3.58412741e-03 -1.26225427e-02 8.65146704e-03 -2.13181227e-02 -1.04379524e-02
-5.84450364e-02 7.59961084e-02 2.14460790e-02 -3.47005762e-03 -5.15843742e-04 5.00115333e-03 -2.86926213e-03 6.04264904e-04 -4.23965836e-03 -4.75616194e-03 -1.09039822e-04 -2.25519878e-03 -7.77808158e-03 5.32384170e-03 -1.31002404e-02 -6.41602883e-03
1.99864153e-02 -1.54480133e-02 -2.39015440e-03 3.29712545e-03 4.54790890e-04 -2.33952887e-03 1.32885098e-03 2.99017083e-05 2.26374622e-03 2.53971573e-03 1.07928427e-05 1.17182638e-03 4.12445376e-03 -2.82680499e-03 6.96535595e-03 3.41044879e-03
-5.99005461e-01 5.91193378e-01 9.23541337e-02 -4.88220081e-02 -6.88828481e-03 5.07354029e-02 -3.01128905e-02 4.88025416e-03 -4.53714207e-02 -5.08752875e-02 -8.11007165e-04 -2.37160567e-02 -8.28853101e-02 5.67929037e-02 -1.39868423e-01 -6.84889853e-02
-5.99255189e-02 4.73733507e-02 9.06674936e-03 -6.19885325e-03 -6.15805387e-04 5.60717843e-03 -3.34951957e-03 8.48106341e-04 -4.94652661e-03 -5.54944063e-03 -6.75540141e-05 -2.57776724e-03 -9.03051067e-03 6.18790742e-03 -1.52434036e-02 -7.46392924e-03
-6.69712722e-02 6.42500073e-02 1.26229804e-02 -6.86340919e-03 -8.67772207e-04 6.11004606e-03 -3.48797161e-03 2.19024616e-04 -5.56417927e-03 -6.24679355e-03 -6.79676014e-05 -2.90937955e-03 -1.01659643e-02 6.96538202e-03 -1.71556268e-02 -8.40051658e-03
-5.92334792e-02 5.61571755e-02 9.11013503e-03 -1.14927953e-02 -1.58163963e-03 8.50525498e-03 -4.80665173e-03 1.24251092e-04 -8.09407514e-03 -9.08140000e-03 -5.97068865e-05 -4.21313196e-03 -1.47641255e-02 1.01174237e-02 -2.49200277e-02 -1.22024361e-02
7.46564120e-02 -7.79615343e-02 -1.32212061e-02 8.31657741e-03 1.36090373e-03 -8.28812458e-03 4.62057162e-03 -3.28602269e-04 7.59925786e-03 8.52084532e-03 9.14135890e-05 3.95516539e-03 1.38615873e-02 -9.49876755e-03 2.33979262e-02 1.14568723e-02
-1.40341073e-01 1.51446521e-01 3.07617076e-02 -1.81980450e-02 -2.18977011e-03 1.48235504e-02 -8.50082748e-03 7.32306449e-04 -1.38082216e-02 -1.54923787e-02 -1.14717288e-04 -7.16364756e-03 -2.51766052e-02 1.72538385e-02 -4.25111242e-02 -2.08149273e-02
2.87834108e-02 -3.16978320e-02 -5.75821195e-03 4.84376168e-03 7.02947960e-04 -3.93692218e-03 2.23731576e-03 -1.10018220e-04 3.69641790e-03 4.14722040e-03 3.31338233e-05 1.92309369e-03 6.74347440e-03 -4.62099677e-03 1.13833686e-02 5.57386782e-03
9.80620086e-02 -9.12690610e-02 -1.77657418e-02 1.18764844e-02 1.77568849e-03 -1.04179466e-02 5.88404993e-03 -8.96992715e-05 9.78863612e-03 1.09832399e-02 7.44986974e-05 5.08385710e-03 1.78509112e-02 -1.22334063e-02 3.01392972e-02 1.47574469e-02
-4.08039093e-02 3.63928154e-02 5.87922893e-03 -1.01204282e-02 -1.35948882e-03 6.66264025e-03 -3.78051400e-03 -9.85087318e-05 -6.48251595e-03 -7.27284467e-03 -2.42356400e-05 -3.35201737e-03 -1.18073327e-02 8.09276477e-03 -1.99416857e-02 -9.76398867e-03
1.00376166e-01 -1.06154434e-01 -2.07075607e-02 1.25723798e-02 1.74583460e-03 -1.14024160e-02 6.59611728e-03 -6.82764105e-04 1.03834020e-02 1.16523597e-02 8.05145246e-05 5.39548416e-03 1.89445540e-02 -1.29824104e-02 3.19849178e-02 1.56611558e-02
-3.11943609e-02 2.44960748e-02 9.73018073e-03 1.25918575e-02 1.52728404e-03 -3.93693708e-03 2.40267324e-03 5.20834175e-04 4.76110680e-03 5.33841783e-03 -4.77062931e-05 2.41343165e-03 8.62336624e-03 -5.91468439e-03 1.45862447e-02 7.14089256e-03
1.61161348e-02 -1.96381118e-02 -3.04709678e-03 4.46701841e-03 6.44685118e-04 -3.10259406e-03 1.76202704e-03 6.94750270e-05 3.03524313e-03 3.40543990e-03 9.60590933e-06 1.56849180e-03 5.52750519e-03 -3.78863933e-03 9.33604781e-03 4.57115704e-03
1.74369551e-02 -3.21497545e-02 -5.90040162e-03 -2.92070466e-03 -2.92872923e-04 1.25980878e-05 1.61926073e-04 -4.17518982e-04 -3.20056308e-04 -3.60871025e-04 3.39040344e-05 -1.47908955e-04 -5.67551004e-04 3.90960689e-04 -9.66530642e-04 -4.72963933e-04
-9.38712135e-02 8.46822038e-02 1.33614531e-02 -1.15091624e-02 -1.67066883e-03 9.40776244e-03 -5.30095072e-03 3.73772782e-05 -8.84667970e-03 -9.92415100e-03 -6.87296706e-05 -4.58624912e-03 -1.61254182e-02 1.10512460e-02 -2.72292849e-02 -1.33323865e-02
-3.21432054e-02 4.16708291e-02 6.95808884e-03 -5.55183692e-03 -7.97211076e-04 4.53448994e-03 -2.58726510e-03 7.66979356e-05 -4.30091750e-03 -4.82415920e-03 -3.91722533e-05 -2.22929241e-03 -7.83796143e-03 5.37165347e-03 -1.32346936e-02 -6.48021838e-03
1.08362019e-01 -1.14981286e-01 -1.90989636e-02 1.26847513e-02 1.88404322e-03 -1.25621138e-02 7.14527071e-03 -7.47326529e-04 1.15276771e-02 1.29385721e-02 8.08103505e-05 5.98881021e-03 2.10288167e-02 -1.44118890e-02 3.55058387e-02 1.73851531e-02
8.47578868e-02 -8.00319761e-02 -1.36134028e-02 1.36191715e-02 1.92384957e-03 -1.05284099e-02 5.99444844e-03 -1.00089586e-04 9.95179173e-03 1.11653488e-02 1.06181571e-04 5.17435465e-03 1.81496292e-02 -1.24371722e-02 3.06382068e-02 1.50019778e-02
-5.56113720e-02 5.85977435e-02 9.81970131e-03 -9.12386272e-03 -1.27022248e-03 7.05836713e-03 -3.99486022e-03 4.83437761e-05 -6.68747863e-03 -7.50321662e-03 -5.35940017e-05 -3.47093237e-03 -1.21919159e-02 8.35558027e-03 -2.05861609e-02 -1.00797806e-02
-1.72118679e-01 1.81187242e-01 3.41421813e-02 -2.04709638e-02 -2.85357866e-03 1.89088155e-02 -1.04849283e-02 4.61778225e-04 -1.70249008e-02 -1.91053078e-02 -1.63967037e-04 -8.85585509e-03 -3.10616270e-02 2.12861784e-02 -5.24376407e-02 -2.56760828e-02
-6.92947358e-02 7.47880042e-02 1.30678192e-02 -1.16249165e-02 -1.68402866e-03 9.23508778e-03 -5.28905075e-03 2.16521381e-04 -8.71633831e-03 -9.78068542e-03 -9.15686906e-05 -4.53833677e-03 -1.59011614e-02 1.08960057e-02 -2.68408414e-02 -1.31426817e-02
1.56613797e-01 -1.32484347e-01 -2.58056950e-02 2.05366965e-02 2.85675237e-03 -1.57265496e-02 9.05406475e-03 -4.00589081e-04 1.49932038e-02 1.68318693e-02 6.48943605e-05 7.76731269e-03 2.73301117e-02 -1.87311638e-02 4.61546332e-02 2.25986540e-02
1.05087265e-01 -1.09154932e-01 -2.21634768e-02 1.35853505e-02 1.83002371e-03 -1.12965424e-02 6.58885110e-03 -5.97894075e-04 1.04628354e-02 1.17345611e-02 1.26469939e-04 5.45443641e-03 1.90835241e-02 -1.30781243e-02 3.22216712e-02 1.57769546e-02
9.90963075e-04 -4.59105615e-03 -1.30733498e-03 -2.62838905e-03 -3.43404012e-04 1.00727309e-03 -5.41714777e-04 -2.37692060e-04 -1.12665468e-03 -1.26497925e-03 2.11206698e-05 -5.69288852e-04 -2.04086280e-03 1.39996549e-03 -3.45378835e-03 -1.69074768e-03
9.08618886e-03 -1.17597375e-02 -1.78652362e-03 2.37599458e-03 3.56808567e-04 -1.69849955e-03 9.65263578e-04 4.38801653e-05 1.66677183e-03 1.87007431e-03 4.91663513e-06 8.61106208e-04 3.03513929e-03 -2.08034925e-03 5.12651168e-03 2.51005846e-03
-4.00348425e-01 4.18251514e-01 7.30224550e-02 -5.00317179e-02 -7.77272834e-03 4.47464101e-02 -2.59300414e-02 4.58392315e-05 -4.27164808e-02 -4.79275137e-02 -4.09811444e-04 -2.22647507e-02 -7.78888911e-02 5.33896014e-02 -1.31503552e-01 -6.43922165e-02
-1.69699676e-02 2.01472398e-02 2.94057326e-03 -2.89237755e-03 -4.32864967e-04 2.38356506e-03 -1.35899417e-03 4.75099769e-05 -2.27201730e-03 -2.54967273e-03 -1.76176363e-05 -1.18187617e-03 -4.14445531e-03 2.84004794e-03 -6.99612172e-03 -3.42565682e-03
5.13961539e-02 -4.70930338e-02 -7.61013199e-03 4.24543768e-03 4.73100634e-04 -4.67059668e-03 2.69525358e-03 -1.55500579e-03 3.93404206e-03 4.40364983e-03 1.10021072e-04 2.07962445e-03 7.19916401e-03 -4.92983917e-03 1.21321771e-02 5.94145805e-03
-4.35929932e-02 3.79744098e-02 7.64904078e-03 -4.33962792e-03 -6.25154236e-04 3.98934633e-03 -2.25842791e-03 1.36599338e-04 -3.62858362e-03 -4.07147966e-03 -4.10605389e-05 -1.88708317e-03 -6.61994144e-03 4.53650951e-03 -1.11764539e-02 -5.47245424e-03
-6.13286719e-02 6.61773756e-02 1.34023353e-02 -7.33751012e-03 -1.14252069e-03 6.74571749e-03 -3.86194861e-03 3.52828880e-04 -6.30938262e-03 -7.08108349e-03 -7.76294182e-05 -3.28887207e-03 -1.15160011e-02 7.89116230e-03 -1.94381569e-02 -9.51797888e-03
7.64724165e-02 -9.00419950e-02 -1.95424948e-02 7.33686797e-03 1.09204906e-03 -8.19327496e-03 4.69308905e-03 -8.36419640e-04 7.16077816e-03 8.03687610e-03 1.79684735e-04 3.79445497e-03 1.31167127e-02 -8.98155943e-03 2.21047625e-02 1.08252354e-02
-1.32933073e-02 1.77226532e-02 2.84946058e-03 -4.10664640e-03 -5.93107368e-04 2.88067153e-03 -1.63786008e-03 -4.88878759e-05 -2.80982489e-03 -3.15254251e-03 -1.01700562e-05 -1.45251281e-03 -5.11746947e-03 3.50755313e-03 -8.64327233e-03 -4.23196563e-03
4.80503738e-02 -4.98999208e-02 -1.02444040e-02 3.28972866e-03 4.65835270e-04 -4.02379083e-03 2.29867385e-03 -3.40502214e-04 3.50535428e-03 3.93375847e-03 5.82492903e-05 1.83142640e-03 6.40915520e-03 -4.39091958e-03 1.08140511e-02 5.29530365e-03
-4.70292196e-03 8.84499960e-03 2.70929188e-03 9.12692398e-03 1.19689957e-03 -4.57238266e-03 2.66381702e-03 2.14073458e-04 4.82399436e-03 5.41469455e-03 -1.76130125e-05 2.48229154e-03 8.77603889e-03 -6.01606444e-03 1.48269972e-02 7.25949276e-03
-6.11235313e-02 6.80541471e-02 1.31325927e-02 -7.71588413e-03 -1.07517745e-03 7.59250298e-03 -4.14523436e-03 3.49550479e-04 -6.76511880e-03 -7.58523215e-03 -8.27492986e-05 -3.53029999e-03 -1.23540685e-02 8.46552383e-03 -2.08483506e-02 -1.02088619e-02
-2.20686290e-02 2.24067606e-02 2.54798448e-03 -1.11094275e-02 -1.23378879e-03 5.47317229e-03 -3.08727100e-03 -3.02422792e-04 -5.43654570e-03 -6.09863363e-03 -8.52857920e-06 -2.80285999e-03 -9.89360176e-03 6.78164233e-03 -1.67127214e-02 -8.18285812e-03
1.00768320e-01 -9.91913229e-02 -1.64605491e-02 1.67335849e-02 2.33914005e-03 -1.29797598e-02 7.62537774e-03 -1.95136643e-04 1.23783564e-02 1.38983466e-02 6.88627697e-05 6.41470822e-03 2.25739442e-02 -1.54707208e-02 3.81196737e-02 1.86646245e-02
-7.89064318e-02 6.79550171e-02 1.21550411e-02 -7.48231541e-03 -1.17857021e-03 7.31554301e-03 -4.21436923e-03 3.63015570e-05 -6.95478264e-03 -7.80396862e-03 -5.39243483e-05 -3.60806705e-03 -1.26796076e-02 8.68952367e-03 -2.14093011e-02 -1.04827760e-02
4.08181548e-02 -2.99551561e-02 -4.89983428e-03 5.57522941e-03 7.33876310e-04 -4.24253242e-03 2.40979274e-03 -2.00173119e-04 3.96382157e-03 4.44311043e-03 3.00638821e-05 2.05450901e-03 7.22422544e-03 -4.95089265e-03 1.21984640e-02 5.97277982e-03
-3.83089334e-02 4.55516838e-02 1.11694932e-02 -5.60972607e-04 -9.54223215e-05 2.50435621e-03 -1.47507759e-03 6.96744770e-04 -1.82823360e-03 -2.04989151e-03 -7.01613826e-05 -9.78264143e-04 -3.36104026e-03 2.30069738e-03 -5.66061260e-03 -2.77227093e-03
-1.11868501e-01 1.18442684e-01 2.60382108e-02 -6.57244027e-03 -8.08894227e-04 9.38606635e-03 -5.39674470e-03 8.61227221e-04 -8.14582314e-03 -9.13771894e-03 -1.96589710e-04 -4.30540694e-03 -1.49243390e-02 1.02218417e-02 -2.51584109e-02 -1.23206684e-02
-3.61098945e-02 6.50810152e-02 1.23805013e-02 -4.18639695e-03 -5.57342370e-04 4.34540678e-03 -2.45447387e-03 7.19421194e-04 -3.83796333e-03 -4.30543907e-03 -4.84866359e-05 -1.99763803e-03 -7.00286403e-03 4.79893573e-03 -1.18219322e-02 -5.78857679e-03
2.86885630e-02 -3.50943729e-02 -6.19541109e-03 -5.75692393e-05 4.14506241e-04 -3.02369636e-03 1.70361367e-03 -1.81584663e-04 2.68324860e-03 3.00873560e-03 2.03184936e-05 1.39685383e-03 4.89793764e-03 -3.35643813e-03 8.26822221e-03 4.04854864e-03
1.03667423e-01 -1.13263205e-01 -1.76937077e-02 1.41496211e-02 2.18379218e-03 -1.25367055e-02 7.28297420e-03 -3.22903652e-04 1.16537847e-02 1.30736688e-02 1.41094963e-04 6.06767926e-03 2.12649629e-02 -1.45720942e-02 3.58965695e-02 1.75767988e-02
-5.16573116e-02 5.17898425e-02 1.00142593e-02 -4.89748688e-03 -7.13845540e-04 4.91769426e-03 -2.78653717e-03 2.75957747e-04 -4.45117010e-03 -4.99231881e-03 -3.49613256e-05 -2.31303205e-03 -8.11804365e-03 5.56310173e-03 -1.37058124e-02 -6.71092002e-03
-4.74697053e-02 5.24739884e-02 7.51420483e-03 -1.59136876e-02 -2.27542035e-03 1.03187254e-02 -5.84586430e-03 -4.43105149e-04 -1.02315117e-02 -1.14800623e-02 -1.67221297e-05 -5.28108561e-03 -1.86265055e-02 1.27674621e-02 -3.14638242e-02 -1.54052954e-02
-1.62844937e-02 9.73398797e-03 2.34515150e-03 7.81811425e-04 1.84721910e-04 2.52057565e-04 -1.72059619e-04 4.47610102e-04 -1.47866267e-05 -1.56866809e-05 -3.24238717e-05 -3.59792357e-05 -5.28860328e-05 3.31289812e-05 -7.11998655e-05 -3.56404744e-05
-4.88046231e-03 2.45704083e-03 3.09280527e-04 -2.21003452e-03 -2.96134589e-04 1.17437565e-03 -6.63819257e-04 -1.36888586e-04 -1.21356687e-03 -1.36201247e-03 4.82213864e-06 -6.23125641e-04 -2.20689364e-03 1.51296367e-03 -3.72932083e-03 -1.82588468e-03
-4.36641015e-02 4.24243063e-02 7.62003381e-03 -7.81192537e-03 -1.12836983e-03 6.04600180e-03 -3.47655313e-03 9.58071178e-05 -5.79978805e-03 -6.50778692e-03 -4.84332413e-05 -3.01224086e-03 -1.05761578e-02 7.24778650e-03 -1.78554188e-02 -8.74283630e-03
-4.82351705e-02 4.70683388e-02 8.55213311e-03 -6.35384768e-03 -8.72615667e-04 5.67817688e-03 -3.21759167e-03 2.65942945e-04 -5.18988585e-03 -5.82188508e-03 -7.40954783e-05 -2.71141645e-03 -9.47742723e-03 6.49352791e-03 -1.59929190e-02 -7.83120655e-03
-6.55532163e-03 1.70366326e-03 8.06398515e-04 1.39525160e-03 1.94203210e-04 -5.74321777e-04 3.25390924e-04 1.71052758e-04 6.50108384e-04 7.29708234e-04 -9.18965998e-06 3.30539624e-04 1.17840490e-03 -8.08195735e-04 1.99311809e-03 9.75760457e-04
-4.16030623e-02 4.43960130e-02 8.70800205e-03 -1.66657870e-03 -2.71936355e-04 3.73271876e-03 -2.09313328e-03 5.79663611e-04 -2.98988330e-03 -3.34825576e-03 -8.23676019e-05 -1.58395630e-03 -5.47796860e-03 3.75147071e-03 -9.23223980e-03 -4.52124886e-03
-1.21701039e-01 1.26783907e-01 2.59380601e-02 -1.24960560e-02 -1.94424798e-03 1.30982259e-02 -7.44629744e-03 1.21170224e-03 -1.18047427e-02 -1.32382559e-02 -2.65951996e-04 -6.22013910e-03 -2.15968657e-02 1.47941280e-02 -3.64157446e-02 -1.78332683e-02
1.04892164e-01 -1.08388729e-01 -1.91248171e-02 1.30659873e-02 1.65798073e-03 -1.09694712e-02 6.16500108e-03 -7.14243739e-04 1.00350017e-02 1.12567125e-02 9.04903063e-05 5.21068973e-03 1.82988551e-02 -1.25402305e-02 3.08965165e-02 1.51281049e-02
-2.12967649e-01 2.00252235e-01 6.14632033e-02 1.18476357e-02 2.09247740e-03 3.59359384e-03 -2.40379898e-03 1.93198957e-03 -1.80655147e-03 -2.04718672e-03 -1.60070282e-04 -1.02253258e-03 -3.39207542e-03 2.31768610e-03 -5.69600705e-03 -2.79013184e-03
-2.55520016e-01 2.60058612e-01 4.24949862e-02 -4.56825420e-02 -6.48726523e-03 3.46076339e-02 -2.00487059e-02 7.28323474e-04 -3.32142152e-02 -3.72791439e-02 -1.76299800e-04 -1.72169190e-02 -6.05440512e-02 4.14941758e-02 -1.02240153e-01 -5.00600077e-02
6.13806248e-02 -8.03361386e-02 -1.13274883e-02 -5.64992847e-03 -8.61854176e-04 -2.55499966e-03 1.44765328e-03 -1.96849764e-03 1.01178128e-03 1.10498013e-03 1.79939656e-04 6.12461823e-04 1.90699811e-03 -1.30119035e-03 3.18175531e-03 1.55985088e-03
