1.12000685e-02 3.34391110e-02 -8.14951898e-04 2.06770431e-02 -1.63813140e-02 2.35928558e-02 2.15275623e-02 -1.35716433e-02 1.12614706e-02 1.34339137e-02 -2.91681848e-02 -7.06402306e-03 -3.73836234e-03 -7.81589653e-03 -2.59777531e-02 -8.84862430e-03
9.53060016e-03 2.74076853e-02 -6.53507363e-04 1.58535354e-02 -1.26190288e-02 1.81282964e-02 1.65566839e-02 -1.04441093e-02 8.66340287e-03 1.03391530e-02 -2.24453267e-02 -5.43577364e-03 -2.87679653e-03 -6.01462787e-03 -1.99908670e-02 -6.80935150e-03
-1.17703080e-02 -3.83521318e-02 8.11842037e-04 -2.45266613e-02 1.89776439e-02 -2.74278186e-02 -2.50071865e-02 1.57856867e-02 -1.30882934e-02 -1.56226642e-02 3.39181274e-02 8.21453333e-03 4.34725219e-03 9.08950157e-03 3.02108675e-02 1.02905594e-02
-9.71827656e-03 -2.84092836e-02 7.91288679e-04 -1.69823654e-02 1.32984975e-02 -1.90159436e-02 -1.72890183e-02 1.08804423e-02 -9.01802629e-03 -1.07634114e-02 2.33704429e-02 5.65877976e-03 2.99547636e-03 6.26045652e-03 2.08077617e-02 7.08750030e-03
-2.08329000e-02 -5.50788343e-02 1.67683873e-03 -3.13290730e-02 2.43810862e-02 -3.43786590e-02 -3.05291433e-02 1.91780869e-02 -1.58895869e-02 -1.89483743e-02 4.10873815e-02 9.95244179e-03 5.27308090e-03 1.10058049e-02 3.65782864e-02 1.24583859e-02
9.47695971e-03 2.96353251e-02 -7.49118917e-04 1.73960235e-02 -1.35728773e-02 1.96227077e-02 1.78045798e-02 -1.12228794e-02 9.30498634e-03 1.11044850e-02 -2.41084415e-02 -5.83874108e-03 -3.09014367e-03 -6.46023871e-03 -2.14718599e-02 -7.31380843e-03
-1.44320372e-02 -4.48955707e-02 1.14882272e-03 -2.66546700e-02 2.12927293e-02 -3.06755919e-02 -2.78389063e-02 1.76005978e-02 -1.45953335e-02 -1.74282417e-02 3.78378108e-02 9.16376337e-03 4.84914333e-03 1.01406267e-02 3.37047167e-02 1.14806928e-02
-7.58830458e-03 -2.39893924e-02 5.51848439e-04 -1.46705778e-02 1.13020930e-02 -1.61678791e-02 -1.46910613e-02 9.25042760e-03 -7.67675089e-03 -9.15799756e-03 1.98824257e-02 4.81484924e-03 2.54899100e-03 5.32608991e-03 1.77022591e-02 6.02963753e-03
1.78548899e-02 5.24476655e-02 -1.25866954e-03 2.94670556e-02 -2.30525769e-02 3.35917138e-02 3.05321496e-02 -1.92876048e-02 1.60033368e-02 1.90993026e-02 -4.14710455e-02 -1.00419726e-02 -5.31486841e-03 -1.11107333e-02 -3.69285606e-02 -1.25787286e-02
1.42673068e-02 4.19787280e-02 -1.20390404e-03 2.36679576e-02 -1.92220360e-02 2.71071885e-02 2.46940088e-02 -1.55004477e-02 1.28132943e-02 1.52798425e-02 -3.31784040e-02 -8.03542882e-03 -4.25422005e-03 -8.88805185e-03 -2.95411497e-02 -1.00621041e-02
1.14059364e-02 3.61573920e-02 -7.63960474e-04 2.14708596e-02 -1.70513373e-02 2.44228318e-02 2.22353116e-02 -1.40394811e-02 1.16347494e-02 1.38923526e-02 -3.01613249e-02 -7.30444351e-03 -3.86567297e-03 -8.08251929e-03 -2.68639699e-02 -9.15053114e-03
1.01016518e-02 2.76640095e-02 -6.89096574e-04 1.66497305e-02 -1.31763685e-02 1.88900363e-02 1.72493979e-02 -1.08796638e-02 9.02070012e-03 1.07670026e-02 -2.33782884e-02 -5.66209620e-03 -2.99658836e-03 -6.26463629e-03 -2.08218023e-02 -7.09237019e-03
-8.74872971e-03 -2.47008242e-02 6.77666219e-04 -1.42975785e-02 1.14659891e-02 -1.63862854e-02 -1.49115138e-02 9.40963905e-03 -7.80508714e-03 -9.31544788e-03 2.02251617e-02 4.89825243e-03 2.59233848e-03 5.41937072e-03 1.80123448e-02 6.13540271e-03
-1.00652110e-02 -3.00984513e-02 9.39597725e-04 -1.70574207e-02 1.36458483e-02 -1.92795992e-02 -1.75127219e-02 1.10043809e-02 -9.13195685e-03 -1.08771063e-02 2.36164220e-02 5.71999606e-03 3.02805007e-03 6.32730126e-03 2.10299306e-02 7.16309249e-03
-3.78790945e-02 -9.46963727e-02 3.30770621e-03 -5.19039705e-02 4.04759906e-02 -5.85335977e-02 -5.32615781e-02 3.35127860e-02 -2.78126318e-02 -3.31485309e-02 7.19726309e-02 1.74315255e-02 9.22501367e-03 1.92872677e-02 6.41053468e-02 2.18357760e-02
1.85234845e-02 5.46316020e-02 -1.38215825e-03 2.95316111e-02 -2.34205518e-02 3.38351429e-02 3.07899695e-02 -1.93474982e-02 1.60464682e-02 1.91472415e-02 -4.15671654e-02 -1.00681921e-02 -5.32707572e-03 -1.11374790e-02 -3.70172746e-02 -1.26089407e-02
5.72551088e-03 1.83031242e-02 -3.72653245e-04 1.14735570e-02 -8.94292537e-03 1.28662679e-02 1.17066810e-02 -7.38292607e-03 6.11310825e-03 7.29856687e-03 -1.58458631e-02 -3.83767230e-03 -2.03091442e-03 -4.24649892e-03 -1.41141471e-02 -4.80763009e-03
9.04665608e-03 2.92479768e-02 -7.38491770e-04 1.72708482e-02 -1.36733623e-02 1.94490086e-02 1.77094843e-02 -1.11505818e-02 9.24952980e-03 1.10258264e-02 -2.39388533e-02 -5.79735730e-03 -3.06950766e-03 -6.41313149e-03 -2.13148296e-02 -7.26010557e-03
-9.30397958e-03 -2.62910184e-02 7.02082296e-04 -1.44306459e-02 1.12680653e-02 -1.59501042e-02 -1.45241190e-02 9.08444263e-03 -7.53250718e-03 -8.97754915e-03 1.94920767e-02 4.71967785e-03 2.49929633e-03 5.21964114e-03 1.73481517e-02 5.90894883e-03
-5.09734526e-02 -1.35904044e-01 3.18041281e-03 -7.96106756e-02 6.42239228e-02 -9.18682516e-02 -8.28347951e-02 5.22550605e-02 -4.32900079e-02 -5.17074205e-02 1.12267368e-01 2.71844584e-02 1.43855037e-02 3.00718881e-02 9.99489427e-02 3.40446718e-02
-4.28004283e-03 -1.12972446e-02 2.71914469e-04 -6.84426492e-03 5.44001907e-03 -7.83628598e-03 -7.14177731e-03 4.50475654e-03 -3.73244612e-03 -4.45580995e-03 9.67447273e-03 2.34300853e-03 1.23991654e-03 2.59252149e-03 8.61680228e-03 2.93509336e-03
-1.86250396e-02 -5.22579104e-02 1.38208363e-03 -2.89105549e-02 2.23628674e-02 -3.18491943e-02 -2.89691482e-02 1.82014927e-02 -1.50888423e-02 -1.80051140e-02 3.90959457e-02 9.46812890e-03 5.01208799e-03 1.04738530e-02 3.48115973e-02 1.18574044e-02
-9.72080138e-03 -2.86349524e-02 6.73325558e-04 -1.54148247e-02 1.19928755e-02 -1.70945600e-02 -1.55840889e-02 9.77714267e-03 -8.10647383e-03 -9.66884941e-03 2.09923740e-02 5.08364942e-03 2.69172341e-03 5.62280184e-03 1.86880138e-02 6.36533136e-03
-4.61015664e-03 -1.67216528e-02 2.20950402e-04 -1.10870255e-02 8.79853964e-03 -1.28374258e-02 -1.17126582e-02 7.41274469e-03 -6.14570081e-03 -7.33998837e-03 1.59364622e-02 3.85971228e-03 2.04237271e-03 4.27118037e-03 1.41961863e-02 4.83559119e-03
2.20843102e-03 5.24254236e-03 -9.91612760e-05 3.11016827e-03 -2.31450587e-03 3.28558800e-03 2.97827949e-03 -1.87544629e-03 1.55456190e-03 1.85519864e-03 -4.02795104e-03 -9.75412899e-04 -5.16259868e-04 -1.07919087e-03 -3.58689902e-03 -1.22177473e-03
-1.69221293e-02 -5.20976409e-02 1.27014669e-03 -3.01571898e-02 2.40349863e-02 -3.43374833e-02 -3.13199274e-02 1.97340567e-02 -1.63472891e-02 -1.95117462e-02 4.23627123e-02 1.02602225e-02 5.43061551e-03 1.13516552e-02 3.77295017e-02 1.28514702e-02
-5.38599631e-03 -1.00676659e-02 3.21086613e-04 -4.78967559e-03 3.54249822e-03 -4.87529207e-03 -4.35910327e-03 2.72688875e-03 -2.26500304e-03 -2.69744522e-03 5.85888326e-03 1.41771510e-03 7.50937092e-04 1.56761473e-03 5.21027716e-03 1.77459826e-03
1.86632818e-03 3.80159542e-03 2.17314853e-04 2.44156690e-03 -2.02810671e-03 2.99171126e-03 2.76826299e-03 -1.75760593e-03 1.45630620e-03 1.74069416e-03 -3.77943157e-03 -9.15557903e-04 -4.84406017e-04 -1.01336930e-03 -3.36819678e-03 -1.14731363e-03
-3.88743132e-02 -1.16408348e-01 3.31335259e-03 -6.60372823e-02 5.15855215e-02 -7.40729347e-02 -6.74906075e-02 4.24822271e-02 -3.52176912e-02 -4.20199707e-02 9.12742987e-02 2.21066549e-02 1.16979573e-02 2.44487356e-02 8.12591240e-02 2.76783053e-02
8.06000922e-03 2.30954736e-02 -4.52576147e-04 1.41141200e-02 -1.10942200e-02 1.59156993e-02 1.44916857e-02 -9.15538054e-03 7.59074232e-03 9.06061288e-03 -1.96715109e-02 -4.76406189e-03 -2.52132397e-03 -5.27113397e-03 -1.75196920e-02 -5.96759515e-03
1.16948569e-02 3.97256054e-02 -7.44082965e-04 2.40662228e-02 -1.92279313e-02 2.79030744e-02 2.54733767e-02 -1.61037333e-02 1.33476742e-02 1.59349889e-02 -3.45945060e-02 -8.37875530e-03 -4.43402538e-03 -9.27208643e-03 -3.08176912e-02 -1.04972329e-02
-1.27848163e-02 -3.15228365e-02 5.38872089e-04 -1.74776781e-02 1.40142506e-02 -2.03791037e-02 -1.84482224e-02 1.16425073e-02 -9.64365061e-03 -1.15126856e-02 2.50014178e-02 6.05376624e-03 3.20378970e-03 6.69706147e-03 2.22588796e-02 7.58195017e-03
8.72777426e-04 6.23045349e-03 -6.28791022e-05 4.65423428e-03 -3.77957663e-03 5.52616129e-03 5.05273603e-03 -3.19920573e-03 2.65219063e-03 3.16789211e-03 -6.87811757e-03 -1.66587939e-03 -8.81511311e-04 -1.84355211e-03 -6.12747762e-03 -2.08718702e-03
-5.16955741e-03 -1.88871101e-02 3.99315031e-04 -1.21473456e-02 9.82412044e-03 -1.41724395e-02 -1.29754413e-02 8.19209311e-03 -6.79095881e-03 -8.10842775e-03 1.76072102e-02 4.26388485e-03 2.25627143e-03 4.71842429e-03 1.56827513e-02 5.34196664e-03
-1.15079004e-02 -2.77811326e-02 3.57288111e-04 -1.40517838e-02 1.17036253e-02 -1.61672328e-02 -1.47275282e-02 9.11782216e-03 -7.55055342e-03 -8.98659974e-03 1.95370335e-02 4.72286996e-03 2.50089797e-03 5.22455154e-03 1.73643306e-02 5.91451116e-03
6.24809694e-03 1.86656155e-02 -3.77379911e-04 1.03215463e-02 -8.19719583e-03 1.17451465e-02 1.06474273e-02 -6.69570267e-03 5.55191748e-03 6.62389863e-03 -1.43800043e-02 -3.48226773e-03 -1.84395548e-03 -3.85178579e-03 -1.28020206e-02 -4.36051656e-03
3.71606974e-03 8.30896292e-03 -6.06790272e-05 4.10354463e-03 -3.15323286e-03 4.50487249e-03 4.08319104e-03 -2.57545803e-03 2.12908303e-03 2.53838790e-03 -5.51206805e-03 -1.33467210e-03 -7.06761202e-04 -1.47620891e-03 -4.90644434e-03 -1.67114916e-03
6.56061107e-03 2.07460616e-02 -3.42405809e-04 1.32692009e-02 -1.04645547e-02 1.52345225e-02 1.38986995e-02 -8.77854601e-03 7.27137644e-03 8.68454948e-03 -1.88529417e-02 -4.56611905e-03 -2.41640583e-03 -5.05296234e-03 -1.67945959e-02 -5.72068337e-03
4.93277097e-03 1.60405450e-02 -3.92953691e-04 1.01490151e-02 -8.19190126e-03 1.17331157e-02 1.07078087e-02 -6.76654186e-03 5.61018614e-03 6.69881282e-03 -1.45447301e-02 -3.52254906e-03 -1.86406367e-03 -3.89798125e-03 -1.29558090e-02 -4.41308692e-03
-3.87667352e-03 -9.70753562e-03 2.82474706e-04 -5.30181173e-03 4.09222022e-03 -5.78521704e-03 -5.26373275e-03 3.30046122e-03 -2.73905275e-03 -3.26570892e-03 7.08905375e-03 1.71680236e-03 9.08729387e-04 1.89944403e-03 6.31317031e-03 2.15038913e-03
1.86185283e-03 7.09239859e-03 -1.56354639e-04 4.65314975e-03 -3.72551591e-03 5.35618002e-03 4.88077337e-03 -3.08311568e-03 2.55589164e-03 3.05137015e-03 -6.62516430e-03 -1.60449336e-03 -8.49133299e-04 -1.77538954e-03 -5.90088638e-03 -2.00998457e-03
9.84716695e-04 1.90938148e-03 -3.77721444e-05 1.04449282e-03 -8.24139628e-04 1.14645378e-03 1.04786467e-03 -6.57325785e-04 5.44732145e-04 6.49677240e-04 -1.41029246e-03 -3.41591658e-04 -1.80798510e-04 -3.77893564e-04 -1.25600316e-03 -4.27815015e-04
7.51964515e-03 2.36540269e-02 -5.16243745e-04 1.41553562e-02 -1.12643410e-02 1.61279198e-02 1.46030672e-02 -9.20611806e-03 7.62940291e-03 9.10881069e-03 -1.97767355e-02 -4.78907442e-03 -2.53442558e-03 -5.29895909e-03 -1.76121891e-02 -5.99913672e-03
-1.86741389e-02 -5.05017340e-02 1.44431682e-03 -3.10558416e-02 2.43516713e-02 -3.47822122e-02 -3.16531025e-02 1.99718066e-02 -1.65541470e-02 -1.97520759e-02 4.28847186e-02 1.03850588e-02 5.49669284e-03 1.14906952e-02 3.81916501e-02 1.30089251e-02
2.63195299e-03 6.78438507e-03 -1.47785671e-04 3.50308791e-03 -2.75111548e-03 3.94379115e-03 3.58446781e-03 -2.26351107e-03 1.87679997e-03 2.23676651e-03 -4.85589914e-03 -1.17631839e-03 -6.22697349e-04 -1.30143331e-03 -4.32510255e-03 -1.47321739e-03
-1.38636865e-02 -3.95090543e-02 8.54456564e-04 -2.41127759e-02 1.93745531e-02 -2.78779212e-02 -2.53016837e-02 1.59563273e-02 -1.32233985e-02 -1.57806426e-02 3.42625119e-02 8.29665549e-03 4.39097267e-03 9.18025058e-03 3.05124074e-02 1.03931911e-02
6.78581838e-03 2.09323093e-02 -3.85027030e-04 1.20762447e-02 -9.67067387e-03 1.39264790e-02 1.26696117e-02 -7.98927154e-03 6.62268884e-03 7.90912192e-03 -1.71660092e-02 -4.15717810e-03 -2.20005703e-03 -4.60014213e-03 -1.52897229e-02 -5.20799821e-03
-4.34218580e-03 -1.28977541e-02 3.03226669e-04 -7.84211978e-03 6.13291329e-03 -8.74107331e-03 -7.89157301e-03 4.97199548e-03 -4.11978923e-03 -4.91788238e-03 1.06732082e-02 2.58487649e-03 1.36818411e-03 2.85964110e-03 9.50452778e-03 3.23739578e-03
-7.60665536e-03 -2.65468992e-02 7.02214486e-04 -1.69432182e-02 1.27301998e-02 -1.83387268e-02 -1.65009126e-02 1.03934938e-02 -8.62029195e-03 -1.02882860e-02 2.23324485e-02 5.40816877e-03 2.86251516e-03 5.98321995e-03 1.98863428e-02 6.77367253e-03
1.45064229e-02 4.38691005e-02 -2.68667180e-04 1.95389576e-02 -1.59222148e-02 2.24659648e-02 2.05112826e-02 -1.28743872e-02 1.06563121e-02 1.27191637e-02 -2.76070125e-02 -6.68602902e-03 -3.53967631e-03 -7.39639485e-03 -2.45852638e-02 -8.37356318e-03
-4.10997262e-03 -1.30324746e-02 4.79276729e-04 -7.07044918e-03 5.74949477e-03 -8.17679055e-03 -7.46914698e-03 4.68403427e-03 -3.88314412e-03 -4.63140570e-03 1.00552170e-02 2.43493053e-03 1.28885126e-03 2.69410992e-03 8.95447377e-03 3.05004930e-03
-6.78524747e-03 -2.26800293e-02 4.81737428e-04 -1.31750964e-02 1.03686461e-02 -1.49202608e-02 -1.35392938e-02 8.54202639e-03 -7.08594872e-03 -8.45606159e-03 1.83596928e-02 4.44605108e-03 2.35312711e-03 4.91926260e-03 1.63502395e-02 5.56923123e-03
5.23122307e-03 1.31740235e-02 -3.20245774e-04 7.45337270e-03 -5.76157309e-03 8.32187477e-03 7.53440103e-03 -4.74102050e-03 3.93109582e-03 4.68733441e-03 -1.01788845e-02 -2.46448466e-03 -1.30463240e-03 -2.72633880e-03 -9.06146877e-03 -3.08649521e-03
1.51457987e-03 5.36480127e-03 -2.75837752e-04 2.95283156e-03 -2.29933020e-03 3.20349005e-03 2.89733708e-03 -1.81939686e-03 1.50805211e-03 1.79823907e-03 -3.90471797e-03 -9.45338397e-04 -5.00468479e-04 -1.04559469e-03 -3.47518804e-03 -1.18370005e-03
4.02908958e-03 5.54325618e-03 -5.23761410e-05 3.15619074e-03 -2.40316591e-03 3.40750557e-03 3.09844408e-03 -1.95242465e-03 1.61784119e-03 1.93069084e-03 -4.19166125e-03 -1.01512158e-03 -5.37223299e-04 -1.12307654e-03 -3.73274321e-03 -1.27144624e-03
-9.76978522e-03 -2.25233641e-02 6.58966717e-04 -1.24427266e-02 9.71258525e-03 -1.39524108e-02 -1.25501128e-02 7.91489333e-03 -6.55463338e-03 -7.81874172e-03 1.69813186e-02 4.11067670e-03 2.17580656e-03 4.54707723e-03 1.51130874e-02 5.14777564e-03
2.80751335e-03 8.77032429e-03 -2.17829394e-04 5.39970724e-03 -4.16533928e-03 5.94613096e-03 5.40538039e-03 -3.40093928e-03 2.81989924e-03 3.36326379e-03 -7.30256131e-03 -1.76833267e-03 -9.36440425e-04 -1.95563026e-03 -6.49980502e-03 -2.21389323e-03
-2.82585411e-03 -9.08446498e-03 1.78155533e-04 -5.41204680e-03 4.31274995e-03 -6.13325881e-03 -5.60401333e-03 3.53485206e-03 -2.93063954e-03 -3.49794701e-03 7.59460963e-03 1.83925463e-03 9.73387505e-04 2.03506625e-03 6.76396815e-03 2.30396376e-03
-4.25818050e-03 -8.77381302e-03 4.14948649e-04 -3.64175090e-03 2.90211802e-03 -4.03926428e-03 -3.67018487e-03 2.29698257e-03 -1.90409413e-03 -2.26929598e-03 4.92964266e-03 1.19323144e-03 6.31467265e-04 1.32018363e-03 4.38789045e-03 1.49462093e-03
3.47027974e-03 1.15802791e-03 2.92625453e-04 -2.67055351e-04 2.25696640e-04 -3.90526431e-04 -3.73584742e-04 2.42311129e-04 -2.01217437e-04 -2.40904701e-04 5.22895309e-04 1.26728060e-04 6.70286972e-05 1.40432530e-04 4.66789614e-04 1.59010728e-04
8.57331697e-03 2.73873098e-02 -7.29362539e-04 1.66085269e-02 -1.32270530e-02 1.90089252e-02 1.73107497e-02 -1.09243728e-02 9.05693136e-03 1.08122313e-02 -2.34750342e-02 -5.68516320e-03 -3.00856493e-03 -6.29083533e-03 -2.09089592e-02 -7.12211477e-03
1.60322860e-02 4.85412143e-02 -1.22114702e-03 2.50790864e-02 -2.03862116e-02 2.91229244e-02 2.62865555e-02 -1.64982826e-02 1.36836115e-02 1.63132362e-02 -3.54395621e-02 -8.57638381e-03 -4.54051187e-03 -9.48599260e-03 -3.15274894e-02 -1.07389884e-02
1.36009064e-02 4.30272445e-02 -1.24703441e-03 2.35271603e-02 -1.87705085e-02 2.67565381e-02 2.41970681e-02 -1.51821282e-02 1.25909448e-02 1.50037622e-02 -3.25816572e-02 -7.89097697e-03 -4.18060878e-03 -8.72426387e-03 -2.89959144e-02 -9.87599883e-03
1.41168330e-02 3.87688614e-02 -1.00252626e-03 2.19390169e-02 -1.72153153e-02 2.46573444e-02 2.25189812e-02 -1.41753322e-02 1.17426757e-02 1.40196551e-02 -3.04407012e-02 -7.37162400e-03 -3.90105415e-03 -8.15681648e-03 -2.71109138e-02 -9.23466310e-03
1.06327469e-04 5.88141289e-03 -3.91600275e-04 4.29536449e-03 -3.42348381e-03 4.90098586e-03 4.44311695e-03 -2.79364851e-03 2.31652218e-03 2.76385969e-03 -6.00111298e-03 -1.45310233e-03 -7.69234204e-04 -1.60744134e-03 -5.34261065e-03 -1.81978347e-03
3.17783933e-03 5.74922469e-03 -1.60655749e-04 2.75298441e-03 -2.18247599e-03 2.91834702e-03 2.63383775e-03 -1.64452801e-03 1.36105041e-03 1.62107951e-03 -3.52130993e-03 -8.52218014e-04 -4.51544765e-04 -9.42389830e-04 -3.13218334e-03 -1.06684258e-03
9.90509987e-03 2.81794872e-02 -8.07227567e-04 1.65965892e-02 -1.31002562e-02 1.88310016e-02 1.71830449e-02 -1.08324224e-02 8.97709746e-03 1.07196039e-02 -2.32747588e-02 -5.63629018e-03 -2.98269093e-03 -6.23691455e-03 -2.07297988e-02 -7.06109777e-03
-1.55779105e-02 -5.72624393e-02 1.39056472e-03 -3.54132168e-02 2.74945498e-02 -4.00000662e-02 -3.62591222e-02 2.28566807e-02 -1.89524982e-02 -2.26211883e-02 4.91328388e-02 1.18972063e-02 6.29905751e-03 1.31588858e-02 4.37366292e-02 1.48979099e-02
1.09121553e-03 1.62005774e-03 -5.37831875e-05 6.19820843e-04 -4.58839786e-04 6.17451151e-04 5.51314559e-04 -3.44095170e-04 2.85393588e-04 3.40085244e-04 -7.38312781e-04 -1.78748000e-04 -9.46286673e-05 -1.97678790e-04 -6.57007855e-04 -2.23785260e-04
-1.97184272e-05 -2.94541777e-03 3.37932492e-04 -2.19354290e-03 1.76114892e-03 -2.45498796e-03 -2.23022932e-03 1.38629996e-03 -1.15087628e-03 -1.37036375e-03 2.97648064e-03 7.20478769e-04 3.81844555e-04 7.96063920e-04 2.64574843e-03 9.01104009e-04
-4.48983628e-03 -1.42519418e-02 2.86768598e-04 -7.86778145e-03 6.24309480e-03 -8.96515790e-03 -8.14912375e-03 5.13595715e-03 -4.26076911e-03 -5.08288387e-03 1.10356146e-02 2.67273514e-03 1.41505175e-03 2.95654708e-03 9.82682314e-03 3.34713631e-03
-1.02169979e-02 -2.81106308e-02 6.17369893e-04 -1.61960889e-02 1.29042333e-02 -1.83638558e-02 -1.67383868e-02 1.05699077e-02 -8.76622554e-03 -1.04644429e-02 2.27191187e-02 5.50215039e-03 2.91181845e-03 6.08807476e-03 2.02349834e-02 6.89252000e-03
3.20921000e-03 7.19154300e-03 -1.49361644e-04 3.72692477e-03 -2.93297926e-03 4.20180103e-03 3.83012649e-03 -2.41066632e-03 1.99824385e-03 2.38526403e-03 -5.17888693e-03 -1.25408219e-03 -6.63672632e-04 -1.38763711e-03 -4.61208867e-03 -1.57098914e-03
-6.30993687e-04 -7.73876382e-04 -1.98267426e-05 -2.27447425e-04 1.85105440e-04 -2.40045876e-04 -2.16943852e-04 1.34700225e-04 -1.11240159e-04 -1.32564659e-04 2.87902280e-04 6.96841380e-05 3.69006557e-05 7.70595434e-05 2.56117375e-04 8.72357123e-05
-4.64060437e-03 -1.26010617e-02 2.65135255e-04 -7.47045688e-03 6.01510378e-03 -8.65837280e-03 -7.89218023e-03 4.98429919e-03 -4.13421728e-03 -4.93446970e-03 1.07137319e-02 2.59479578e-03 1.37318170e-03 2.87112291e-03 9.54279210e-03 3.25050321e-03
-6.46201079e-04 -2.29534460e-03 1.09707013e-04 -1.43630779e-03 1.12752314e-03 -1.57410931e-03 -1.41728309e-03 8.91353004e-04 -7.39981537e-04 -8.80979991e-04 1.91233482e-03 4.63304372e-04 2.45404663e-04 5.12185856e-04 1.70230912e-03 5.79789921e-04
1.26658343e-02 3.48164290e-02 -8.67356430e-04 2.03220975e-02 -1.55825075e-02 2.23731901e-02 2.02331245e-02 -1.27545679e-02 1.05721941e-02 1.26177324e-02 -2.73991469e-02 -6.63376786e-03 -3.51202325e-03 -7.33812107e-03 -2.43892744e-02 -8.30735359e-03
-1.47551019e-02 -4.85929325e-02 9.72539594e-04 -2.94116642e-02 2.39120536e-02 -3.43678892e-02 -3.13655287e-02 1.98246967e-02 -1.64314229e-02 -1.96220521e-02 4.26040553e-02 1.03180567e-02 5.46005974e-03 1.14180362e-02 3.79504114e-02 1.29269203e-02
-5.52232203e-04 -2.06983928e-03 6.13896336e-05 -1.29001087e-03 1.02287950e-03 -1.47509493e-03 -1.34132605e-03 8.46117910e-04 -7.01682060e-04 -8.37241707e-04 1.81777438e-03 4.40227828e-04 2.33012266e-04 4.87044279e-04 1.61878101e-03 5.51389763e-04
7.36721233e-03 2.00107694e-02 -4.77334223e-04 1.25726294e-02 -9.93433781e-03 1.43135395e-02 1.30380737e-02 -8.23845156e-03 6.83212327e-03 8.15617479e-03 -1.77084487e-02 -4.28876979e-03 -2.26964033e-03 -4.74558957e-03 -1.57729667e-02 -5.37265465e-03
-3.10956105e-03 -7.24091474e-03 1.59030140e-04 -4.14841529e-03 3.17853643e-03 -4.47575096e-03 -4.07648319e-03 2.55709002e-03 -2.11747759e-03 -2.52580456e-03 5.48348390e-03 1.32786564e-03 7.02968740e-04 1.46888709e-03 4.88207769e-03 1.66291080e-03
5.08052669e-03 1.67084523e-02 -4.78656933e-04 9.72558558e-03 -7.70449685e-03 1.09836701e-02 9.97837912e-03 -6.26210403e-03 5.19079110e-03 6.19092770e-03 -1.34403380e-02 -3.25491675e-03 -1.72291836e-03 -3.60096479e-03 -1.19685344e-02 -4.07669926e-03
-2.23299349e-03 1.08841411e-03 -2.42645358e-04 9.98013420e-04 -7.67834950e-04 1.08017726e-03 9.65055777e-04 -6.06698508e-04 5.03800809e-04 6.00596482e-04 -1.30377372e-03 -3.15767742e-04 -1.67123842e-04 -3.49336100e-04 -1.16108276e-03 -3.95489536e-04
-2.55113537e-03 -8.96815490e-03 2.02640236e-04 -5.74795995e-03 4.60889423e-03 -6.63733017e-03 -6.05827244e-03 3.82789061e-03 -3.17288889e-03 -3.78876831e-03 8.22585262e-03 1.99221517e-03 1.05427147e-03 2.20451690e-03 7.32719013e-03 2.49582739e-03
1.51363853e-02 4.96166684e-02 -1.20897079e-03 2.75007877e-02 -2.14809179e-02 3.05793528e-02 2.79121213e-02 -1.74776278e-02 1.44849876e-02 1.72842871e-02 -3.75286490e-02 -9.08761565e-03 -4.81085572e-03 -1.00522311e-02 -3.34107205e-02 -1.13802627e-02
1.16176885e-02 3.05639133e-02 -7.31500797e-04 1.69352144e-02 -1.33372322e-02 1.90896410e-02 1.72979832e-02 -1.08921016e-02 9.03405622e-03 1.07794479e-02 -2.34086141e-02 -5.66720078e-03 -3.00018326e-03 -6.26927055e-03 -2.08369996e-02 -7.09743751e-03
-1.27625531e-02 -4.10816520e-02 1.02604576e-03 -2.17554606e-02 1.72075499e-02 -2.45332811e-02 -2.23363526e-02 1.40846306e-02 -1.16710486e-02 -1.39355669e-02 3.02646309e-02 7.32732844e-03 3.87810078e-03 8.10741447e-03 2.69466732e-02 9.17860214e-03
1.47208795e-02 4.42195535e-02 -1.01379910e-03 2.66235154e-02 -2.08154693e-02 2.95682047e-02 2.68477779e-02 -1.69156212e-02 1.40199298e-02 1.67272016e-02 -3.63158472e-02 -8.79541505e-03 -4.65472788e-03 -9.73164663e-03 -3.23449932e-02 -1.10174138e-02
-1.68258548e-02 -4.38238122e-02 1.04178255e-03 -2.41018571e-02 1.91042814e-02 -2.75499281e-02 -2.50756722e-02 1.58256683e-02 -1.31237153e-02 -1.56660043e-02 3.40185724e-02 8.23781546e-03 4.35963506e-03 9.11497045e-03 3.02954856e-02 1.03193689e-02
4.42233961e-03 1.30504314e-02 -2.52186903e-04 7.38090370e-03 -5.91930654e-03 8.56037624e-03 7.80525431e-03 -4.93596774e-03 4.09245864e-03 4.88692289e-03 -1.06106652e-02 -2.56976299e-03 -1.35982211e-03 -2.84369360e-03 -9.45165567e-03 -3.21948482e-03
-1.44447843e-02 -4.54078652e-02 1.36859703e-03 -2.57974677e-02 2.04046983e-02 -2.92630140e-02 -2.64699496e-02 1.66878272e-02 -1.38402795e-02 -1.65166128e-02 3.58622558e-02 8.68484471e-03 4.59630322e-03 9.60929412e-03 3.19385007e-02 1.08789587e-02
-1.05952118e-02 -3.07591259e-02 6.37562247e-04 -1.86539963e-02 1.48689849e-02 -2.15731580e-02 -1.96781419e-02 1.24330865e-02 -1.03087053e-02 -1.23075461e-02 2.67235357e-02 6.47201668e-03 3.42490920e-03 7.16149341e-03 2.38027908e-02 8.10783450e-03
-6.01158570e-03 -1.09831952e-02 2.53894337e-04 -5.96878910e-03 4.78006806e-03 -6.84559718e-03 -6.24693744e-03 3.93941673e-03 -3.26522253e-03 -3.89630161e-03 8.45970027e-03 2.04898161e-03 1.08428777e-03 2.26728898e-03 7.53582176e-03 2.56689545e-03
8.03718716e-03 1.98265389e-02 -8.51743913e-04 9.19440296e-03 -7.30144046e-03 1.02665536e-02 9.33302287e-03 -5.83551871e-03 4.83541191e-03 5.76738873e-03 -1.25243599e-02 -3.03248875e-03 -1.60437159e-03 -3.35333822e-03 -1.11454148e-02 -3.79634998e-03
1.94390398e-03 8.73796642e-03 -2.00393610e-04 5.57448436e-03 -4.43525426e-03 6.37790933e-03 5.81499655e-03 -3.66540765e-03 3.03901732e-03 3.62682622e-03 -7.87507743e-03 -1.90706318e-03 -1.00953097e-03 -2.10973620e-03 -7.01210322e-03 -2.38844706e-03
-2.39086524e-02 -8.08219537e-02 1.57120032e-03 -5.19204699e-02 4.10162248e-02 -5.96217588e-02 -5.42672984e-02 3.43233310e-02 -2.84517445e-02 -3.39737535e-02 7.37595335e-02 1.78642645e-02 9.45325661e-03 1.97690148e-02 6.57069981e-02 2.23814808e-02
1.43142454e-02 4.31001224e-02 -1.03227003e-03 2.43058633e-02 -1.87425464e-02 2.68782191e-02 2.45669875e-02 -1.55086741e-02 1.28614176e-02 1.53553989e-02 -3.33422050e-02 -8.07550177e-03 -4.27279668e-03 -8.93493369e-03 -2.96969954e-02 -1.01154437e-02
-6.87902141e-03 -1.98935047e-02 3.30674084e-04 -1.13552697e-02 8.89840722e-03 -1.27429785e-02 -1.16126500e-02 7.33394409e-03 -6.08238718e-03 -7.25737168e-03 1.57570280e-02 3.81636480e-03 2.01990362e-03 4.22230735e-03 1.40336305e-02 4.78015002e-03
1.11953914e-03 3.57759651e-03 -1.52418434e-04 1.99526316e-03 -1.58618193e-03 2.19784491e-03 1.97325624e-03 -1.23579265e-03 1.01835362e-03 1.21464336e-03 -2.63717049e-03 -6.38374302e-04 -3.38148500e-04 -7.05827726e-04 -2.34587491e-03 -7.99013651e-04
-5.13873156e-03 -1.26334466e-02 3.72024952e-04 -7.20488559e-03 5.65333618e-03 -8.08843318e-03 -7.32744159e-03 4.60498268e-03 -3.81941767e-03 -4.55544237e-03 9.89325810e-03 2.39520310e-03 1.26788067e-03 2.64951843e-03 8.80611315e-03 2.99951411e-03
-1.97950229e-02 -5.29791676e-02 1.41566235e-03 -2.97487210e-02 2.30436735e-02 -3.29010375e-02 -2.99245436e-02 1.88417286e-02 -1.56270321e-02 -1.86271388e-02 4.04585935e-02 9.79572907e-03 5.18670212e-03 1.08333612e-02 3.60062532e-02 1.22640477e-02
7.52271898e-03 2.60630678e-02 -6.02028857e-04 1.50631815e-02 -1.18877580e-02 1.71593912e-02 1.56064797e-02 -9.84320417e-03 8.16397648e-03 9.74106509e-03 -2.11521238e-02 -5.12259500e-03 -2.71144137e-03 -5.66707971e-03 -1.88356265e-02 -6.41579647e-03
-5.27851097e-03 -1.43430009e-02 3.27902730e-04 -7.92830344e-03 6.19974360e-03 -8.87933560e-03 -8.07687175e-03 5.07670408e-03 -4.20607394e-03 -5.01667149e-03 1.08950166e-02 2.63776397e-03 1.39649806e-03 2.91762780e-03 9.69719142e-03 3.30300489e-03
3.95437889e-03 1.56467538e-02 -5.76598628e-04 9.61058494e-03 -7.69482972e-03 1.09474864e-02 9.91411693e-03 -6.22940995e-03 5.16884262e-03 6.16208790e-03 -1.33795254e-02 -3.23920185e-03 -1.71523693e-03 -3.58337630e-03 -1.19099328e-02 -4.05668514e-03
-9.29659815e-04 9.20878199e-04 -2.57925916e-04 3.30661569e-04 -2.24175892e-04 2.67449213e-04 1.81436451e-04 -1.00207784e-04 8.46045805e-05 9.94612346e-05 -2.16582048e-04 -5.18778070e-05 -2.76157643e-05 -5.68966316e-05 -1.89041515e-04 -6.43513413e-05
-7.74537353e-03 -2.89125256e-02 6.11334399e-04 -1.83442887e-02 1.46376835e-02 -2.10918840e-02 -1.91289727e-02 1.20889693e-02 -1.00251110e-02 -1.19674532e-02 2.59804279e-02 6.29197666e-03 3.32995108e-03 6.96205115e-03 2.31397897e-02 7.88192637e-03
-4.27878974e-03 -8.46156385e-03 6.49705355e-04 -5.14566805e-03 2.92077544e-03 -3.83213372e-03 -3.45576112e-03 2.14105053e-03 -1.77584193e-03 -2.10393709e-03 4.56677051e-03 1.10607373e-03 5.85969596e-04 1.22166891e-03 4.06019110e-03 1.38282881e-03
-1.84329357e-02 -5.21019325e-02 1.09900255e-03 -2.34682802e-02 1.78310256e-02 -2.45124791e-02 -2.24885158e-02 1.39323967e-02 -1.15750963e-02 -1.37577662e-02 2.98746508e-02 7.23303016e-03 3.83082964e-03 8.00069142e-03 2.65916735e-02 9.05739050e-03
1.59715433e-02 4.53636274e-02 -1.13189663e-03 2.76852101e-02 -2.11572126e-02 2.98633873e-02 2.72567961e-02 -1.71702150e-02 1.42416283e-02 1.69944726e-02 -3.69048230e-02 -8.93645827e-03 -4.73044394e-03 -9.88680683e-03 -3.28604765e-02 -1.11929318e-02
-7.28924014e-03 -2.13672500e-02 4.87628480e-04 -1.20443180e-02 9.43811424e-03 -1.34017058e-02 -1.21502662e-02 7.63610657e-03 -6.31835544e-03 -7.54485512e-03 1.63763743e-02 3.96474777e-03 2.09905556e-03 4.38604970e-03 1.45777175e-02 4.96545294e-03
-5.97156025e-03 -1.85853541e-02 6.50372531e-04 -1.04594696e-02 8.24012142e-03 -1.18887480e-02 -1.08006541e-02 6.80611143e-03 -5.64132258e-03 -6.73439680e-03 1.46212624e-02 3.54097504e-03 1.87387178e-03 3.91819235e-03 1.30229574e-02 4.43594763e-03
-1.87024474e-02 -5.65048829e-02 1.47785747e-03 -3.22935991e-02 2.54657231e-02 -3.62302996e-02 -3.29906456e-02 2.08194610e-02 -1.72692072e-02 -2.06099991e-02 4.47470658e-02 1.08367316e-02 5.73524600e-03 1.19903171e-02 3.98522466e-02 1.35745509e-02
-3.04067098e-02 -1.00712046e-01 2.52620317e-03 -5.52201010e-02 4.44518887e-02 -6.37428984e-02 -5.78487478e-02 3.65042090e-02 -3.02195642e-02 -3.60733829e-02 7.83295557e-02 1.89676657e-02 1.00382594e-02 2.09868196e-02 6.97537586e-02 2.37597320e-02
4.39860811e-03 1.57507621e-02 -3.86338506e-04 1.03101516e-02 -7.69493403e-03 1.10296672e-02 9.99406818e-03 -6.28852518e-03 5.21493470e-03 6.22189371e-03 -1.35026583e-02 -3.27049219e-03 -1.73129141e-03 -3.61805968e-03 -1.20253041e-02 -4.09599952e-03
-3.02279443e-02 -9.72586200e-02 1.99982687e-03 -5.50453961e-02 4.27152552e-02 -6.17077202e-02 -5.62287606e-02 3.53795104e-02 -2.93442365e-02 -3.50187123e-02 7.60373771e-02 1.84122398e-02 9.74430982e-03 2.03715768e-02 6.77090064e-02 2.30632145e-02
-1.72985457e-02 -5.01223430e-02 1.44906959e-03 -2.94059161e-02 2.32245531e-02 -3.31417918e-02 -3.00604235e-02 1.89225432e-02 -1.56803280e-02 -1.87157709e-02 4.06302325e-02 9.84005723e-03 5.20829484e-03 1.08865201e-02 3.61833833e-02 1.23248128e-02
2.24857824e-03 4.63729026e-03 -1.89102415e-04 2.53052101e-03 -2.04001158e-03 2.79095676e-03 2.49502412e-03 -1.55894738e-03 1.29002437e-03 1.53808598e-03 -3.33984243e-03 -8.08397075e-04 -4.28029191e-04 -8.94198427e-04 -2.97199888e-03 -1.01229467e-03
5.37032494e-03 1.62235312e-02 -3.76031792e-04 9.91889648e-03 -7.94191658e-03 1.13059012e-02 1.02953417e-02 -6.49596145e-03 5.38555440e-03 6.42567314e-03 -1.39487749e-02 -3.37863970e-03 -1.78864435e-03 -3.73788271e-03 -1.24234427e-02 -4.23166249e-03
-7.84796011e-03 -2.33824812e-02 5.78112784e-04 -1.30714923e-02 1.01006636e-02 -1.44079430e-02 -1.30593283e-02 8.22689198e-03 -6.81297388e-03 -8.13222583e-03 1.76576264e-02 4.27583791e-03 2.26289919e-03 4.73069493e-03 1.57233961e-02 5.35574276e-03
4.74915188e-03 1.27380025e-02 -3.58268357e-04 7.76863657e-03 -5.99914044e-03 8.50600097e-03 7.76219042e-03 -4.88553988e-03 4.05220501e-03 4.83188918e-03 -1.04929302e-02 -2.54069921e-03 -1.34506985e-03 -2.81043374e-03 -9.34098661e-03 -3.18167359e-03
7.59928836e-04 1.19160488e-03 4.73570435e-05 6.39076112e-04 -5.19173162e-04 7.68803642e-04 7.06197112e-04 -4.48502979e-04 3.71705246e-04 4.44300502e-04 -9.64659790e-04 -2.33664599e-04 -1.23630482e-04 -2.58627755e-04 -8.59616674e-04 -2.92812154e-04
-1.64768882e-02 -5.74363060e-02 1.37171918e-03 -3.64708565e-02 2.88650766e-02 -4.17675674e-02 -3.80745269e-02 2.40698960e-02 -1.99492797e-02 -2.38194577e-02 5.17158285e-02 1.25246858e-02 6.62802346e-03 1.38594499e-02 4.60649021e-02 1.56908855e-02
-4.28609457e-03 -1.34346057e-02 3.66015156e-04 -7.73858232e-03 5.94594516e-03 -8.50218628e-03 -7.70349195e-03 4.85592009e-03 -4.02538106e-03 -4.80560865e-03 1.04329027e-02 2.52661202e-03 1.33712601e-03 2.79565225e-03 9.29191336e-03 3.16505041e-03
-7.34592974e-03 -1.98011920e-02 4.32957633e-04 -1.15942275e-02 9.02660377e-03 -1.29677933e-02 -1.17828744e-02 7.43230898e-03 -6.16458012e-03 -7.35357031e-03 1.59673654e-02 3.86644015e-03 2.04676553e-03 4.27692290e-03 1.42150857e-02 4.84186783e-03
5.68979769e-04 -1.28684263e-03 -8.99234874e-05 -1.52985356e-03 1.23489834e-03 -1.89297879e-03 -1.75668858e-03 1.11995300e-03 -9.29662550e-04 -1.11176388e-03 2.41376157e-03 5.84794325e-04 3.09359282e-04 6.47399807e-04 2.15182221e-03 7.32987304e-04
-9.80093889e-03 -3.34141441e-02 9.75990028e-04 -2.07686238e-02 1.65699236e-02 -2.36465316e-02 -2.15901546e-02 1.36407269e-02 -1.13094803e-02 -1.35032460e-02 2.93186381e-02 7.10074184e-03 3.75750288e-03 7.85764400e-03 2.61166710e-02 8.89603142e-03
1.33508779e-02 4.20005135e-02 -9.35932796e-04 2.36589685e-02 -1.86740737e-02 2.67195385e-02 2.44335067e-02 -1.53852301e-02 1.27524827e-02 1.52147654e-02 -3.30351330e-02 -8.00095312e-03 -4.23417380e-03 -8.85265600e-03 -2.94235665e-02 -1.00223934e-02
8.68456624e-03 2.84756757e-02 -9.63222046e-05 1.60098355e-02 -1.27148470e-02 1.83041636e-02 1.66804288e-02 -1.05443224e-02 8.73889960e-03 1.04370378e-02 -2.26592664e-02 -5.48776239e-03 -2.90409848e-03 -6.07229583e-03 -2.01826151e-02 -6.87469076e-03
