8.91802832e-03 4.12450880e-02 1.14310775e-02 2.50109453e-02 -1.38993962e-02 2.90918648e-02 1.28114345e-02 -2.60175578e-02 1.67606620e-03 1.85862239e-02 -3.23391259e-02 -1.07347220e-02 -3.69269430e-04 -7.32755382e-03 -3.27780657e-02 -1.13822883e-02
7.73532828e-03 3.48876826e-02 9.31375846e-03 2.02567726e-02 -1.13199260e-02 2.36579087e-02 1.04225902e-02 -2.11965181e-02 1.36083097e-03 1.51451565e-02 -2.63455138e-02 -8.74518603e-03 -3.00851243e-04 -5.96965803e-03 -2.67037824e-02 -9.27296653e-03
-9.16821137e-03 -4.65774871e-02 -1.31520508e-02 -2.90712081e-02 1.58481766e-02 -3.33315805e-02 -1.46501269e-02 2.98452359e-02 -1.90770451e-03 -2.13165395e-02 3.70886363e-02 1.23121506e-02 4.23436752e-04 8.40466563e-03 3.75966392e-02 1.30556049e-02
-7.80639332e-03 -3.30067463e-02 -8.62201490e-03 -1.93964262e-02 1.06800506e-02 -2.21922155e-02 -9.75780468e-03 1.97488274e-02 -1.26656215e-03 -1.40983621e-02 2.45261956e-02 8.13933834e-03 2.80216656e-04 5.55587048e-03 2.48520784e-02 8.62987805e-03
-1.43519640e-02 -5.25787771e-02 -1.25940097e-02 -2.95868237e-02 1.63212288e-02 -3.34705636e-02 -1.44393928e-02 2.90920343e-02 -1.90498307e-03 -2.07480509e-02 3.60095240e-02 1.19509352e-02 4.13022382e-04 8.15717597e-03 3.64802592e-02 1.26669593e-02
7.26465648e-03 3.50441486e-02 9.11175925e-03 2.03408226e-02 -1.11517552e-02 2.34154463e-02 1.02587473e-02 -2.07981952e-02 1.33705745e-03 1.48478197e-02 -2.58295573e-02 -8.57372489e-03 -2.95087637e-04 -5.85239334e-03 -2.61787195e-02 -9.09059960e-03
-1.19140698e-02 -6.22856542e-02 -1.74094476e-02 -3.75932232e-02 2.10947916e-02 -4.42978889e-02 -1.93622336e-02 3.95700298e-02 -2.52012676e-03 -2.82809567e-02 4.92080897e-02 1.63358971e-02 5.61585824e-04 1.11517366e-02 4.98858839e-02 1.73231568e-02
-6.48682890e-03 -3.26280743e-02 -8.72044731e-03 -1.98010840e-02 1.07568866e-02 -2.23524384e-02 -9.81436111e-03 1.98767371e-02 -1.28601003e-03 -1.42048644e-02 2.47053839e-02 8.19896255e-03 2.82518566e-04 5.59618464e-03 2.50316001e-02 8.69209319e-03
1.47649590e-02 6.42738268e-02 1.64127871e-02 3.60784531e-02 -1.97919980e-02 4.19312455e-02 1.83511972e-02 -3.74149941e-02 2.40442436e-03 2.67443061e-02 -4.65315282e-02 -1.54426871e-02 -5.31447586e-04 -1.05412463e-02 -4.71528322e-02 -1.63739417e-02
1.13911452e-02 5.06411009e-02 1.30282873e-02 2.87706312e-02 -1.64122581e-02 3.36970426e-02 1.49227222e-02 -3.00192460e-02 1.93168526e-03 2.13372111e-02 -3.71220857e-02 -1.23209823e-02 -4.24547412e-04 -8.40955041e-03 -3.76160555e-02 -1.30620105e-02
8.95296130e-03 4.54294235e-02 1.22840991e-02 2.68674362e-02 -1.49892643e-02 3.12282033e-02 1.37057249e-02 -2.79219076e-02 1.77971623e-03 1.99382883e-02 -3.46893296e-02 -1.15152393e-02 -3.96050484e-04 -7.86067266e-03 -3.51631679e-02 -1.22105712e-02
8.14464036e-03 3.37787494e-02 9.12388973e-03 2.00827196e-02 -1.11582605e-02 2.32284628e-02 1.02372607e-02 -2.07954273e-02 1.33210840e-03 1.48502719e-02 -2.58399136e-02 -8.57752748e-03 -2.95176957e-04 -5.85496379e-03 -2.61903312e-02 -9.09462571e-03
-7.24747777e-03 -3.09978928e-02 -8.22976790e-03 -1.79781597e-02 1.01186056e-02 -2.10403148e-02 -9.23209917e-03 1.87916439e-02 -1.20474352e-03 -1.34274410e-02 2.33610049e-02 7.75448373e-03 2.66812713e-04 5.29316906e-03 2.36774758e-02 8.22206028e-03
-7.90254585e-03 -3.39841992e-02 -8.51583295e-03 -1.91027820e-02 1.07551310e-02 -2.20751185e-02 -9.71984304e-03 1.95981394e-02 -1.28239673e-03 -1.39742205e-02 2.43100561e-02 8.06910172e-03 2.78030668e-04 5.50751016e-03 2.46349294e-02 8.55435152e-03
-2.75096353e-02 -9.23952162e-02 -2.25644428e-02 -5.07197715e-02 2.78507285e-02 -5.85890301e-02 -2.57852394e-02 5.21922484e-02 -3.38279409e-03 -3.72492298e-02 6.48152009e-02 2.15166379e-02 7.40107615e-04 1.46874739e-02 6.57014102e-02 2.28150617e-02
1.46931056e-02 6.51701912e-02 1.63942352e-02 3.59659530e-02 -2.00401414e-02 4.21407036e-02 1.85595080e-02 -3.75132710e-02 2.40853848e-03 2.67954040e-02 -4.66116145e-02 -1.54734086e-02 -5.32134087e-04 -1.05613908e-02 -4.72434312e-02 -1.64054651e-02
4.53467434e-03 2.29387768e-02 6.31342409e-03 1.40843615e-02 -7.71189854e-03 1.61076691e-02 7.07906159e-03 -1.43656069e-02 9.15719720e-04 1.02419071e-02 -1.78194121e-02 -5.91533119e-03 -2.03451011e-04 -4.03796136e-03 -1.80630032e-02 -6.27245754e-03
7.34909158e-03 3.31525579e-02 8.46235268e-03 1.89405419e-02 -1.05227455e-02 2.17036940e-02 9.55779478e-03 -1.93480570e-02 1.25714950e-03 1.38035379e-02 -2.40105614e-02 -7.96887465e-03 -2.74586084e-04 -5.43945050e-03 -2.43299752e-02 -8.44846480e-03
-6.98430231e-03 -2.71593612e-02 -6.46579592e-03 -1.48474276e-02 8.17543361e-03 -1.68057550e-02 -7.45394826e-03 1.48893306e-02 -9.71873640e-04 -1.06163165e-02 1.84617173e-02 6.12544641e-03 2.11291263e-04 4.18061949e-03 1.86989531e-02 6.49305712e-03
-4.11589295e-02 -1.65703118e-01 -4.42261137e-02 -9.66764018e-02 5.47543131e-02 -1.13907851e-01 -4.95671332e-02 1.00787289e-01 -6.42580539e-03 -7.19797686e-02 1.25206336e-01 4.15502116e-02 1.42970181e-03 2.83600241e-02 1.26857743e-01 4.40514833e-02
-3.69500672e-03 -1.74350999e-02 -5.03066694e-03 -1.08344369e-02 6.06465014e-03 -1.27605023e-02 -5.61059965e-03 1.14333685e-02 -7.28024868e-04 -8.16331152e-03 1.42049007e-02 4.71563730e-03 1.62143813e-04 3.21906479e-03 1.43999858e-02 5.00047253e-03
-1.49625260e-02 -6.91062212e-02 -1.84914116e-02 -4.08223718e-02 2.25470047e-02 -4.71617430e-02 -2.07517166e-02 4.21353169e-02 -2.69180560e-03 -3.00923418e-02 5.23610823e-02 1.73809975e-02 5.98076906e-04 1.18644647e-02 5.30719943e-02 1.84293445e-02
-7.31054787e-03 -3.00580226e-02 -7.00330175e-03 -1.59648918e-02 8.73354264e-03 -1.80566218e-02 -7.99319148e-03 1.60505846e-02 -1.04041887e-03 -1.14530372e-02 1.99180543e-02 6.60964008e-03 2.27933619e-04 4.51132003e-03 2.01777481e-02 7.00653903e-03
-3.18511296e-03 -1.34167401e-02 -3.43464408e-03 -7.73003837e-03 4.13888553e-03 -8.73419270e-03 -3.81570030e-03 7.78968818e-03 -4.97347966e-04 -5.56633621e-03 9.68456455e-03 3.21473298e-03 1.10538866e-04 2.19444744e-03 9.81622469e-03 3.40871583e-03
1.68472459e-03 7.60705117e-03 2.11556605e-03 4.75379266e-03 -2.57995049e-03 5.38221048e-03 2.36093951e-03 -4.80134180e-03 3.06948757e-04 3.42862215e-03 -5.96542424e-03 -1.98013778e-03 -6.81191450e-05 -1.35168177e-03 -6.04641996e-03 -2.09963950e-03
-1.31006138e-02 -6.47196919e-02 -1.73811521e-02 -3.79177108e-02 2.12395173e-02 -4.42796685e-02 -1.95043106e-02 3.96390595e-02 -2.52908026e-03 -2.82867141e-02 4.92172651e-02 1.63387507e-02 5.62072732e-04 1.11530619e-02 4.98907492e-02 1.73247419e-02
-3.49571160e-03 -9.21013113e-03 -2.15469208e-03 -5.00219222e-03 2.72565708e-03 -5.61889075e-03 -2.45665899e-03 4.97631589e-03 -3.21890722e-04 -3.55509995e-03 6.18490390e-03 2.05207127e-03 7.06896317e-05 1.40066969e-03 6.26529986e-03 2.17559608e-03
2.85396120e-03 1.90882646e-02 5.92862815e-03 1.24637401e-02 -6.99702837e-03 1.48506043e-02 6.51006913e-03 -1.33266887e-02 8.46745330e-04 9.52440873e-03 -1.65741630e-02 -5.50236367e-03 -1.89148734e-04 -3.75623489e-03 -1.68030877e-02 -5.83498040e-03
-3.26777585e-02 -1.38225406e-01 -3.38734612e-02 -7.66427293e-02 4.19801846e-02 -8.73564854e-02 -3.85185070e-02 7.77808502e-02 -5.00916410e-03 -5.54913953e-02 9.66033861e-02 3.20593566e-02 1.10430736e-03 2.18768530e-02 9.78540331e-02 3.39794382e-02
6.93673687e-03 3.49097885e-02 9.84115619e-03 2.15855874e-02 -1.19609870e-02 2.49882005e-02 1.09630506e-02 -2.23642364e-02 1.43073068e-03 1.59734394e-02 -2.77905632e-02 -9.22495313e-03 -3.17347411e-04 -6.29709288e-03 -2.81684548e-02 -9.78157669e-03
9.06175002e-03 5.00973053e-02 1.39417499e-02 2.98861973e-02 -1.67099498e-02 3.52498963e-02 1.54956561e-02 -3.16345207e-02 2.01855856e-03 2.25869622e-02 -3.92981619e-02 -1.30466847e-02 -4.48607520e-04 -8.90657306e-03 -3.98415439e-02 -1.38351209e-02
-1.30257383e-02 -7.32621253e-02 -2.14928277e-02 -4.56644259e-02 2.57291906e-02 -5.45520633e-02 -2.38995589e-02 4.87699956e-02 -3.10680340e-03 -3.48219723e-02 6.05968013e-02 2.01130640e-02 6.91825291e-04 1.37290191e-02 6.14140257e-02 2.13263705e-02
1.61860930e-03 1.30253015e-02 3.90732568e-03 8.50351248e-03 -4.69704112e-03 9.86701250e-03 4.33032773e-03 -8.84175207e-03 5.63368725e-04 6.31423388e-03 -1.09868860e-02 -3.64760472e-03 -1.25426435e-04 -2.49001989e-03 -1.11387009e-02 -3.86797218e-03
-5.96559420e-03 -3.79809253e-02 -1.11045809e-02 -2.35964861e-02 1.33440429e-02 -2.80140955e-02 -1.23562794e-02 2.51845717e-02 -1.60257646e-03 -1.79894101e-02 3.13088261e-02 1.03931371e-02 3.57263227e-04 7.09490711e-03 3.17382552e-02 1.10213179e-02
-1.08799106e-02 -4.80251089e-02 -1.29811792e-02 -2.80835740e-02 1.62202753e-02 -3.33466753e-02 -1.48701081e-02 2.95671448e-02 -1.92159438e-03 -2.10593790e-02 3.66614535e-02 1.21565517e-02 4.18483891e-04 8.29824805e-03 3.71192805e-02 1.28897149e-02
5.12389373e-03 2.51035839e-02 6.63265958e-03 1.45162614e-02 -8.12137965e-03 1.69800222e-02 7.45272171e-03 -1.50971459e-02 9.71548376e-04 1.07811689e-02 -1.87509470e-02 -6.22319756e-03 -2.14417363e-04 -4.24780743e-03 -1.90003794e-02 -6.59781182e-03
3.82831995e-03 1.80306323e-02 5.09652309e-03 1.10596670e-02 -6.14975579e-03 1.29295141e-02 5.68172242e-03 -1.15716765e-02 7.42593082e-04 8.24522041e-03 -1.43456077e-02 -4.76121251e-03 -1.63978373e-04 -3.24992929e-03 -1.45372543e-02 -5.04800351e-03
4.62414697e-03 2.24219896e-02 6.19965745e-03 1.36498446e-02 -7.46657792e-03 1.57681126e-02 6.93747075e-03 -1.40951099e-02 8.96072655e-04 1.00545986e-02 -1.74894538e-02 -5.80626121e-03 -1.99672446e-04 -3.96370096e-03 -1.77308340e-02 -6.15712954e-03
4.46396787e-03 2.35048626e-02 6.71133632e-03 1.44853471e-02 -8.19137506e-03 1.70253217e-02 7.48118246e-03 -1.52595220e-02 9.72579408e-04 1.09020388e-02 -1.89711973e-02 -6.29782071e-03 -2.16548433e-04 -4.29914566e-03 -1.92315523e-02 -6.67826226e-03
-2.50675203e-03 -9.33472253e-03 -2.32951599e-03 -5.26856724e-03 2.89476616e-03 -5.99298859e-03 -2.64285714e-03 5.33470092e-03 -3.44338216e-04 -3.81018501e-03 6.62759179e-03 2.19998090e-03 7.57030721e-05 1.50173903e-03 6.71761623e-03 2.33270507e-03
1.48301490e-03 7.00550526e-03 1.82981312e-03 4.12898371e-03 -2.29785964e-03 4.70272312e-03 2.06250860e-03 -4.17991402e-03 2.68882373e-04 2.98299454e-03 -5.18947979e-03 -1.72236143e-03 -5.92892538e-05 -1.17565203e-03 -5.25888288e-03 -1.82615162e-03
4.98076202e-04 1.56221504e-04 -1.03871549e-04 -1.28854677e-04 8.01468996e-05 -2.33889819e-04 -9.70470137e-05 2.21010967e-04 -1.27018866e-05 -1.59829651e-04 2.78988009e-04 9.26895445e-05 3.16047749e-06 6.33207383e-05 2.83360481e-04 9.84121361e-05
7.00221583e-03 3.46430354e-02 9.18808766e-03 2.03531832e-02 -1.13737900e-02 2.36176625e-02 1.03179328e-02 -2.09283456e-02 1.33791228e-03 1.49409305e-02 -2.59930324e-02 -8.62710830e-03 -2.96765764e-04 -5.88893425e-03 -2.63427310e-02 -9.14760958e-03
-1.56422127e-02 -6.86143488e-02 -1.89177878e-02 -4.21014801e-02 2.32895203e-02 -4.84225117e-02 -2.12719887e-02 4.32591550e-02 -2.77934247e-03 -3.08694504e-02 5.37053980e-02 1.78254992e-02 6.13472774e-04 1.21679846e-02 5.44299856e-02 1.89009197e-02
1.06779416e-03 4.90527600e-05 -5.15961088e-04 -8.85716057e-04 5.38678782e-04 -1.21902325e-03 -5.37971675e-04 1.12403289e-03 -6.64264371e-05 -8.09396210e-04 1.41016569e-03 4.68213431e-04 1.59989322e-05 3.19642131e-04 1.43076805e-03 4.96877648e-04
-1.16095413e-02 -5.32247573e-02 -1.48444204e-02 -3.22087966e-02 1.81484036e-02 -3.79649810e-02 -1.66354738e-02 3.37944031e-02 -2.16660765e-03 -2.41147634e-02 4.19543795e-02 1.39249451e-02 4.79015551e-04 9.50565003e-03 4.25210148e-02 1.47655299e-02
5.45658357e-03 2.80722324e-02 7.68587831e-03 1.65333170e-02 -9.29102767e-03 1.95057932e-02 8.56316648e-03 -1.74296275e-02 1.11105363e-03 1.24550508e-02 -2.16619466e-02 -7.19096139e-03 -2.47269432e-04 -4.90891840e-03 -2.19592676e-02 -7.62542710e-03
-3.39985918e-03 -1.56544466e-02 -4.30222647e-03 -9.52915009e-03 5.27664321e-03 -1.10023385e-02 -4.80834115e-03 9.78009123e-03 -6.25519140e-04 -6.98366668e-03 1.21448487e-02 4.03145701e-03 1.38710660e-04 2.75191851e-03 1.23098511e-02 4.27460903e-03
-6.59249956e-03 -3.04973423e-02 -7.73247890e-03 -1.85014866e-02 9.64477379e-03 -2.01300066e-02 -8.72655865e-03 1.76598839e-02 -1.13867328e-03 -1.26177007e-02 2.19388641e-02 7.28119398e-03 2.50692276e-04 4.96995682e-03 2.22310144e-02 7.71969557e-03
1.29837990e-02 6.26302436e-02 1.51646202e-02 3.27294432e-02 -1.86751038e-02 3.85978110e-02 1.70865599e-02 -3.44814509e-02 2.20600050e-03 2.45885924e-02 -4.27623168e-02 -1.41946627e-02 -4.88649530e-04 -9.68895759e-03 -4.33427170e-02 -1.50503870e-02
-2.33630254e-03 -6.25240058e-03 -9.70964029e-04 -2.32094270e-03 1.34258776e-03 -2.65472266e-03 -1.19338057e-03 2.32743868e-03 -1.54132926e-04 -1.65546150e-03 2.87820143e-03 9.54842253e-04 3.29336981e-05 6.51716720e-04 2.91507458e-03 1.01222389e-03
-5.82529372e-03 -3.05055100e-02 -8.06591380e-03 -1.78266652e-02 9.85733513e-03 -2.06224173e-02 -9.02277697e-03 1.83589011e-02 -1.17809873e-03 -1.31173860e-02 2.28218436e-02 7.57510215e-03 2.60609610e-04 5.17087989e-03 2.31307019e-02 8.03218968e-03
3.90135311e-03 1.55282011e-02 4.11040848e-03 9.11139324e-03 -5.00405906e-03 1.05447583e-02 4.62230295e-03 -9.38398205e-03 6.03655411e-04 6.69763936e-03 -1.16537623e-02 -3.86770163e-03 -1.33103298e-04 -2.64010462e-03 -1.18097179e-02 -4.10094718e-03
1.05200720e-03 4.01261775e-03 8.19909270e-04 2.01082323e-03 -1.10045040e-03 2.21101148e-03 9.69829969e-04 -1.94973266e-03 1.26862069e-04 1.39004632e-03 -2.41759885e-03 -8.02005699e-04 -2.76519495e-05 -5.47357777e-04 -2.44826660e-03 -8.50146520e-04
3.05374293e-03 7.61768920e-03 2.13908940e-03 4.74123703e-03 -2.60726037e-03 5.42508997e-03 2.38478347e-03 -4.84656077e-03 3.10209580e-04 3.45940422e-03 -6.01846399e-03 -1.99777726e-03 -6.87171923e-05 -1.36370398e-03 -6.10014191e-03 -2.11828947e-03
-7.33926054e-03 -2.41212882e-02 -6.07700506e-03 -1.36189489e-02 7.52328523e-03 -1.57578457e-02 -6.86298497e-03 1.39537053e-02 -8.97581456e-04 -9.94798541e-03 1.73094142e-02 5.74299786e-03 1.97711328e-04 3.91994463e-03 1.75343249e-02 6.08877791e-03
2.35240720e-03 9.25854221e-03 2.27518030e-03 5.38099650e-03 -2.87645380e-03 5.90273784e-03 2.59896996e-03 -5.22487517e-03 3.41704581e-04 3.72645585e-03 -6.47908356e-03 -2.14934838e-03 -7.42583579e-05 -1.46678579e-03 -6.56014774e-03 -2.27790838e-03
-2.53365096e-03 -1.40789524e-02 -3.90806561e-03 -8.50459095e-03 4.76663979e-03 -9.89245530e-03 -4.35906090e-03 8.87267198e-03 -5.67101000e-04 -6.33679843e-03 1.10256197e-02 3.65999271e-03 1.25882623e-04 2.49840226e-03 1.11760823e-02 3.88093945e-03
-1.64388109e-03 4.03924612e-04 8.43564630e-04 1.54480326e-03 -8.76609643e-04 1.95389381e-03 8.53803882e-04 -1.78559730e-03 1.11030044e-04 1.27936364e-03 -2.22590682e-03 -7.39478855e-04 -2.53974249e-05 -5.04870026e-04 -2.25855014e-03 -7.84302829e-04
2.61544203e-03 7.06125423e-03 2.27376679e-03 4.61613480e-03 -2.60611135e-03 5.55169163e-03 2.43874616e-03 -5.00590494e-03 3.16985068e-04 3.57814506e-03 -6.22715242e-03 -2.06753216e-03 -7.10522654e-05 -1.41146732e-03 -6.31410861e-03 -2.19262182e-03
6.52667880e-03 3.34752165e-02 9.17402934e-03 2.00572796e-02 -1.12084299e-02 2.34192703e-02 1.02831805e-02 -2.09285710e-02 1.33649318e-03 1.49483038e-02 -2.60094348e-02 -8.63396376e-03 -2.96904560e-04 -5.89383068e-03 -2.63650343e-02 -9.15538892e-03
1.29415598e-02 6.03501089e-02 1.51178204e-02 3.29295807e-02 -1.87516492e-02 3.91265452e-02 1.71387512e-02 -3.46300453e-02 2.23768037e-03 2.47180592e-02 -4.30156477e-02 -1.42696109e-02 -4.91360028e-04 -9.73973051e-03 -4.35668044e-02 -1.51287271e-02
1.07711991e-02 4.81898449e-02 1.16402740e-02 2.61546671e-02 -1.46763651e-02 3.03942692e-02 1.33437952e-02 -2.68281959e-02 1.75352755e-03 1.91300157e-02 -3.32724378e-02 -1.10402480e-02 -3.81566060e-04 -7.53431953e-03 -3.36965546e-02 -1.17005417e-02
1.06898248e-02 4.15486172e-02 1.04573183e-02 2.32089777e-02 -1.28134349e-02 2.66962256e-02 1.17887901e-02 -2.38761324e-02 1.52212358e-03 1.70377214e-02 -2.96464488e-02 -9.84056666e-03 -3.38416401e-04 -6.71743229e-03 -3.00492216e-02 -1.04347458e-02
-8.13687919e-04 -6.60778582e-03 -2.71131773e-03 -5.25761396e-03 3.02027911e-03 -6.57071639e-03 -2.89257756e-03 5.99587988e-03 -3.75422154e-04 -4.28874744e-03 7.46616302e-03 2.47969199e-03 8.50947617e-05 1.69301743e-03 7.57400179e-03 2.63017463e-03
2.49682367e-03 8.74740817e-03 2.37443787e-03 5.21068694e-03 -2.94277444e-03 6.07381715e-03 2.67220498e-03 -5.42440778e-03 3.47648165e-04 3.87007231e-03 -6.73425011e-03 -2.23495904e-03 -7.69516191e-05 -1.52558705e-03 -6.82424987e-03 -2.36972841e-03
6.91850716e-03 2.98005883e-02 7.90059473e-03 1.74247697e-02 -9.66384914e-03 2.01912019e-02 8.89533293e-03 -1.80580840e-02 1.15061877e-03 1.28947198e-02 -2.24368665e-02 -7.44741922e-03 -2.56104860e-04 -5.08387620e-03 -2.27419157e-02 -7.89724477e-03
-1.70908310e-02 -9.64004695e-02 -2.52352711e-02 -5.63808456e-02 3.06151751e-02 -6.47483096e-02 -2.83151846e-02 5.74775226e-02 -3.68665531e-03 -4.10544202e-02 7.14471862e-02 2.37082988e-02 8.17147258e-04 1.61808319e-02 7.23786205e-02 2.51336563e-02
9.47310822e-04 4.70467005e-03 1.42820133e-03 3.02577531e-03 -1.70202099e-03 3.60217411e-03 1.58176606e-03 -3.23684188e-03 2.05571399e-04 2.31311051e-03 -4.02525626e-03 -1.33635104e-03 -4.59380790e-05 -9.12270742e-04 -4.08093678e-03 -1.41713140e-03
7.86141551e-04 6.64857822e-03 2.49387021e-03 4.95489547e-03 -2.80187349e-03 6.07147347e-03 2.65883678e-03 -5.50653413e-03 3.44662083e-04 3.93739901e-03 -6.85423054e-03 -2.27653701e-03 -7.80766786e-05 -1.55436737e-03 -6.95395144e-03 -2.41487753e-03
-4.21009120e-03 -2.25067232e-02 -5.98858669e-03 -1.31050851e-02 7.32031511e-03 -1.53249661e-02 -6.72737509e-03 1.36736380e-02 -8.79852276e-04 -9.76759661e-03 1.69921871e-02 5.64021990e-03 1.94266933e-04 3.84982349e-03 1.72208771e-02 5.97989513e-03
-8.09184462e-03 -3.36445421e-02 -8.82664230e-03 -1.93971321e-02 1.08585572e-02 -2.24423651e-02 -9.85669158e-03 2.00779568e-02 -1.28575531e-03 -1.43466042e-02 2.49595754e-02 8.28516483e-03 2.85007263e-04 5.65558020e-03 2.52988860e-02 8.78512580e-03
2.31115264e-03 8.23176559e-03 2.15371535e-03 4.67138877e-03 -2.60415417e-03 5.46450308e-03 2.40562344e-03 -4.89151292e-03 3.11948475e-04 3.49383871e-03 -6.07926957e-03 -2.01797904e-03 -6.93894108e-05 -1.37755601e-03 -6.16224576e-03 -2.13987147e-03
-9.35797725e-05 1.98514364e-03 7.10556284e-04 1.47342170e-03 -8.30031000e-04 1.78230531e-03 7.81575334e-04 -1.60902005e-03 1.01716185e-04 1.15073239e-03 -2.00270861e-03 -6.64977415e-04 -2.28472527e-05 -4.53972199e-04 -2.03083223e-03 -7.05223938e-04
-4.22727596e-03 -1.87357701e-02 -5.09996526e-03 -1.09906010e-02 6.19745674e-03 -1.29594468e-02 -5.69010805e-03 1.15960799e-02 -7.42396107e-04 -8.28539673e-03 1.44167962e-02 4.78590606e-03 1.64605008e-04 3.26695875e-03 1.46140633e-02 5.07479161e-03
-6.16730948e-04 -3.09694628e-03 -8.19479057e-04 -1.83512352e-03 1.02287217e-03 -2.11406662e-03 -9.24901222e-04 1.88075798e-03 -1.21889476e-04 -1.34263583e-03 2.33520148e-03 7.75176974e-04 2.67197174e-05 5.29081095e-04 2.36650230e-03 8.21746129e-04
1.07018948e-02 4.21190970e-02 1.07543878e-02 2.45210379e-02 -1.32764354e-02 2.77135912e-02 1.21062631e-02 -2.45723333e-02 1.58048479e-03 1.75431743e-02 -3.05177905e-02 -1.01257116e-02 -3.48945585e-04 -6.91140164e-03 -3.09138466e-02 -1.07346801e-02
-1.25520565e-02 -6.81025907e-02 -1.88929215e-02 -4.04167026e-02 2.30137948e-02 -4.79263850e-02 -2.10591909e-02 4.29550223e-02 -2.73300428e-03 -3.06770783e-02 5.33830673e-02 1.77214779e-02 6.09270879e-04 1.20975692e-02 5.41168377e-02 1.87924020e-02
-5.02244395e-04 -2.78602517e-03 -7.47070939e-04 -1.65010546e-03 9.15753713e-04 -1.91614812e-03 -8.40568333e-04 1.70723256e-03 -1.09973938e-04 -1.21897785e-03 2.12055142e-03 7.03835103e-04 2.42333645e-05 4.80421848e-04 2.14897445e-03 7.46230769e-04
5.85794169e-03 2.46923044e-02 6.86850538e-03 1.51221901e-02 -8.37231800e-03 1.74925607e-02 7.67080858e-03 -1.56343393e-02 1.00104278e-03 1.11704143e-02 -1.94354467e-02 -6.45156810e-03 -2.21941576e-04 -4.40394226e-03 -1.96999069e-02 -6.84085023e-03
-2.10550940e-03 -5.88403177e-03 -1.37734832e-03 -3.24504427e-03 1.74765126e-03 -3.55430599e-03 -1.57454575e-03 3.15370201e-03 -2.04013122e-04 -2.24595563e-03 3.90572986e-03 1.29610486e-03 4.46665435e-05 8.84651090e-04 3.95696983e-03 1.37403863e-03
4.37999843e-03 2.26404686e-02 5.88274654e-03 1.31454291e-02 -7.33240461e-03 1.52051793e-02 6.70168921e-03 -1.34900045e-02 8.70837190e-04 9.62253194e-03 -1.67376138e-02 -5.55544114e-03 -1.91269311e-04 -3.79204005e-03 -1.69623438e-02 -5.89016033e-03
-2.83861044e-03 -1.63298436e-02 -5.44258114e-03 -1.12617547e-02 6.37570210e-03 -1.35779157e-02 -5.96792297e-03 1.22355074e-02 -7.75251712e-04 -8.74472409e-03 1.52184917e-02 5.05263498e-03 1.73655077e-04 3.44928936e-03 1.54301077e-02 5.35821542e-03
-2.16341438e-03 -1.11845499e-02 -3.10404436e-03 -6.76114531e-03 3.78966285e-03 -7.88658019e-03 -3.46811605e-03 7.06153363e-03 -4.50507330e-04 -5.04268613e-03 8.77352804e-03 2.91245291e-03 1.00171448e-04 1.98812969e-03 8.89348052e-03 3.08829919e-03
1.23908836e-02 6.10710569e-02 1.50830671e-02 3.40709761e-02 -1.87569652e-02 3.88150886e-02 1.72212962e-02 -3.45110409e-02 2.22015427e-03 2.46275179e-02 -4.28398885e-02 -1.42168729e-02 -4.89733065e-04 -9.70336329e-03 -4.34046611e-02 -1.50722200e-02
9.67059471e-03 3.56282219e-02 8.88326298e-03 1.98297836e-02 -1.09919915e-02 2.28655115e-02 1.00144222e-02 -2.02833340e-02 1.30806258e-03 1.44881438e-02 -2.52059139e-02 -8.36284086e-03 -2.88125419e-04 -5.70813613e-03 -2.55325790e-02 -8.86611734e-03
-9.90201347e-03 -4.64503691e-02 -1.10923462e-02 -2.47301962e-02 1.37486532e-02 -2.84454022e-02 -1.25032486e-02 2.53786314e-02 -1.62004784e-03 -1.81176141e-02 3.15308124e-02 1.04623772e-02 3.60068108e-04 7.14176707e-03 3.19463946e-02 1.10933967e-02
1.21260136e-02 5.61486110e-02 1.47583326e-02 3.33497524e-02 -1.83720738e-02 3.78576331e-02 1.66143812e-02 -3.36507335e-02 2.16550683e-03 2.40023304e-02 -4.17565517e-02 -1.38609838e-02 -4.76937770e-04 -9.46157891e-03 -4.23231386e-02 -1.46967554e-02
-1.31817041e-02 -4.61297184e-02 -1.14038000e-02 -2.50846911e-02 1.39326844e-02 -2.91654970e-02 -1.27954800e-02 2.60244496e-02 -1.66561303e-03 -1.85916387e-02 3.23537216e-02 1.07381837e-02 3.69414338e-04 7.32999668e-03 3.27889621e-02 1.13860806e-02
3.54063907e-03 1.67054720e-02 4.46318416e-03 9.57416743e-03 -5.37602836e-03 1.13020008e-02 4.95750643e-03 -1.01308338e-02 6.44882850e-04 7.23881926e-03 -1.25968410e-02 -4.18181671e-03 -1.43761819e-04 -2.85470858e-03 -1.27701601e-02 -4.43451572e-03
-1.21388873e-02 -5.72228245e-02 -1.48257259e-02 -3.27277891e-02 1.82324089e-02 -3.81287932e-02 -1.66586693e-02 3.38953249e-02 -2.16892874e-03 -2.42133942e-02 4.21321616e-02 1.39855808e-02 4.81033494e-04 9.54690482e-03 4.27059568e-02 1.48297912e-02
-7.94446655e-03 -3.58635858e-02 -9.92009416e-03 -2.13731099e-02 1.19244624e-02 -2.51439698e-02 -1.10450331e-02 2.25248113e-02 -1.43728824e-03 -1.60910450e-02 2.80014779e-02 9.29530058e-03 3.19652550e-04 6.34522084e-03 2.83842329e-02 9.85656492e-03
-5.78415208e-03 -2.77891029e-02 -8.36348440e-03 -1.77196041e-02 9.99331102e-03 -2.11074557e-02 -9.28198826e-03 1.89664215e-02 -1.20663980e-03 -1.35477511e-02 2.35763527e-02 7.82736205e-03 2.69074866e-04 5.34339296e-03 2.39030384e-02 8.30048416e-03
4.61906055e-03 1.22808507e-02 2.18519103e-03 5.21272328e-03 -2.91519589e-03 5.94027434e-03 2.63028126e-03 -5.24913007e-03 3.39815131e-04 3.74271418e-03 -6.51031267e-03 -2.15996220e-03 -7.43358396e-05 -1.47393323e-03 -6.59311470e-03 -2.28946400e-03
1.86886871e-03 1.03105027e-02 2.54253112e-03 5.88244572e-03 -3.22281616e-03 6.58284733e-03 2.90475111e-03 -5.82900923e-03 3.79741774e-04 4.15765261e-03 -7.23082060e-03 -2.39884574e-03 -8.27999684e-05 -1.63714343e-03 -7.32238917e-03 -2.54261447e-03
-1.89881660e-02 -1.00592285e-01 -2.84269005e-02 -6.21076934e-02 3.42235453e-02 -7.22158700e-02 -3.15954387e-02 6.45360053e-02 -4.11250675e-03 -4.60904129e-02 8.01952630e-02 2.66239550e-02 9.15304874e-04 1.81750190e-02 8.13036263e-02 2.82330941e-02
1.09489607e-02 4.87998948e-02 1.23458048e-02 2.76572201e-02 -1.50308358e-02 3.13533470e-02 1.38078816e-02 -2.81321295e-02 1.79452333e-03 2.01037135e-02 -3.49845812e-02 -1.16137741e-02 -3.99292068e-04 -7.92764965e-03 -3.54622267e-02 -1.23143503e-02
-5.61558269e-03 -2.71158665e-02 -7.30674388e-03 -1.60148218e-02 8.86049215e-03 -1.84997730e-02 -8.12553987e-03 1.65710058e-02 -1.06264686e-03 -1.18347825e-02 2.05916017e-02 6.83567580e-03 2.35208703e-04 4.66605928e-03 2.08722446e-02 7.24793412e-03
5.38311608e-04 7.60752009e-04 -3.40738698e-05 5.38793538e-05 -2.59240896e-05 -1.41452219e-05 -7.66430639e-06 3.93638147e-05 -1.50734877e-06 -3.43711363e-05 6.10584320e-05 2.06320365e-05 6.52416077e-07 1.41669752e-05 6.35655306e-05 2.20935744e-05
-3.64665408e-03 -1.37412511e-02 -3.56979645e-03 -7.98502751e-03 4.42698039e-03 -9.23032593e-03 -4.05128067e-03 8.18702113e-03 -5.28720964e-04 -5.84518258e-03 1.01704514e-02 3.37457098e-03 1.16226845e-04 2.30330438e-03 1.03027755e-02 3.57761979e-03
-1.60060301e-02 -6.34822845e-02 -1.60591844e-02 -3.63299027e-02 1.98980123e-02 -4.13692743e-02 -1.82041414e-02 3.68844494e-02 -2.39608996e-03 -2.63136085e-02 4.57866453e-02 1.51911089e-02 5.23811730e-04 1.03679951e-02 4.63740751e-02 1.61030088e-02
6.55595865e-03 3.56225595e-02 9.30508506e-03 2.05489546e-02 -1.13697983e-02 2.38366909e-02 1.04587348e-02 -2.12472584e-02 1.36669527e-03 1.51736299e-02 -2.64022797e-02 -8.76319967e-03 -3.01708526e-04 -5.98144950e-03 -2.67558731e-02 -9.29098949e-03
-4.43418603e-03 -1.96399502e-02 -5.13753295e-03 -1.14015378e-02 6.30939240e-03 -1.31786149e-02 -5.80961397e-03 1.17429318e-02 -7.57117581e-04 -8.37415457e-03 1.45702939e-02 4.83448524e-03 1.66577141e-04 3.29974876e-03 1.47596942e-02 5.12525206e-03
2.97872163e-03 1.34144612e-02 3.06152180e-03 7.16341240e-03 -4.01398446e-03 8.13547149e-03 3.56252352e-03 -7.12063164e-03 4.69608378e-04 5.07974299e-03 -8.83245654e-03 -2.92955898e-03 -1.01125195e-04 -1.99956074e-03 -8.94341525e-03 -3.10550351e-03
-1.38169853e-03 -8.16789363e-03 -2.76982714e-03 -5.71155548e-03 3.22893704e-03 -6.87331706e-03 -3.02115618e-03 6.19368115e-03 -3.92561167e-04 -4.42655943e-03 7.70351756e-03 2.55764532e-03 8.79040308e-05 1.74603099e-03 7.81072443e-03 2.71233055e-03
-7.33175501e-03 -4.07986082e-02 -1.11851925e-02 -2.46980991e-02 1.37739042e-02 -2.86810547e-02 -1.24933757e-02 2.54531968e-02 -1.63524807e-03 -1.81843378e-02 3.16279233e-02 1.04981381e-02 3.61261598e-04 7.16622779e-03 3.20556089e-02 1.11313267e-02
-1.48805836e-03 4.83376067e-03 2.24593584e-03 3.76186799e-03 -2.46167067e-03 5.38270269e-03 2.35825148e-03 -4.87950910e-03 3.03551147e-04 3.49378376e-03 -6.08256226e-03 -2.01985473e-03 -6.93098045e-05 -1.37912109e-03 -6.16979040e-03 -2.14255089e-03
-1.28958076e-02 -4.75369468e-02 -9.74673498e-03 -2.31386460e-02 1.25871142e-02 -2.53679063e-02 -1.13979420e-02 2.24998519e-02 -1.49188330e-03 -1.60342846e-02 2.78941002e-02 9.25614778e-03 3.19075363e-04 6.31796382e-03 2.82603912e-02 9.81330127e-03
1.30089130e-02 5.60809225e-02 1.46908564e-02 3.38823572e-02 -1.83041263e-02 3.75105217e-02 1.65398680e-02 -3.35284807e-02 2.15523946e-03 2.39496343e-02 -4.16750275e-02 -1.38306674e-02 -4.76266199e-04 -9.44066327e-03 -4.22287509e-02 -1.46639161e-02
-5.90937119e-03 -2.51334906e-02 -6.24294346e-03 -1.42210238e-02 7.85377156e-03 -1.61662139e-02 -7.11150747e-03 1.43102035e-02 -9.18213686e-04 -1.01983082e-02 1.77261420e-02 5.88097284e-03 2.02692536e-04 4.01410926e-03 1.79549810e-02 6.23483071e-03
-4.11019614e-03 -2.00903472e-02 -5.21139475e-03 -1.14484159e-02 6.36253692e-03 -1.33897113e-02 -5.87549899e-03 1.19526265e-02 -7.61912786e-04 -8.53619911e-03 1.48531338e-02 4.93077561e-03 1.69536841e-04 3.36594880e-03 1.50570730e-02 5.22865402e-03
-1.48322796e-02 -7.07179457e-02 -1.85490176e-02 -4.10521030e-02 2.28165090e-02 -4.73415628e-02 -2.07841657e-02 4.23432998e-02 -2.71102414e-03 -3.02548148e-02 5.26396148e-02 1.74736567e-02 6.01047766e-04 1.19279334e-02 5.33568375e-02 1.85283404e-02
-2.52505150e-02 -1.25944152e-01 -3.13838087e-02 -6.86432049e-02 3.87568921e-02 -8.07195157e-02 -3.53672653e-02 7.18805939e-02 -4.58943564e-03 -5.12300842e-02 8.91418681e-02 2.95860991e-02 1.01781695e-03 2.01959107e-02 9.03407708e-02 3.13710980e-02
3.86944506e-03 2.08847299e-02 5.55007812e-03 1.32470801e-02 -6.90825470e-03 1.43359825e-02 6.28172373e-03 -1.26735233e-02 8.21546360e-04 9.04850475e-03 -1.57265812e-02 -5.22027956e-03 -1.79879833e-04 -3.56318871e-03 -1.59378536e-02 -5.53431641e-03
-2.20668688e-02 -1.06322400e-01 -2.67379154e-02 -5.96937053e-02 3.25250328e-02 -6.82736710e-02 -3.00816353e-02 6.08379953e-02 -3.90755106e-03 -4.34596576e-02 7.56146982e-02 2.50955503e-02 8.63387599e-04 1.71302389e-02 7.66274855e-02 2.66091041e-02
-1.48942135e-02 -6.49008900e-02 -1.69912167e-02 -3.78703959e-02 2.10651737e-02 -4.37571481e-02 -1.91962905e-02 3.88891697e-02 -2.49097054e-03 -2.77569219e-02 4.82820161e-02 1.60265677e-02 5.51612466e-04 1.09395813e-02 4.89346758e-02 1.69926379e-02
1.26637681e-03 2.32826779e-03 4.03105660e-04 1.03589613e-03 -5.94301848e-04 1.13459246e-03 4.92249674e-04 -9.68163775e-04 6.33926538e-05 6.87361869e-04 -1.19509874e-03 -3.96279589e-04 -1.36720018e-05 -2.70462391e-04 -1.20971189e-03 -4.20060038e-04
4.24329564e-03 1.82038844e-02 4.87375120e-03 1.07472474e-02 -6.03725761e-03 1.24428803e-02 5.46804629e-03 -1.11087020e-02 7.15889153e-04 7.92780053e-03 -1.37882447e-02 -4.57725488e-03 -1.57688846e-04 -3.12435208e-03 -1.39752887e-02 -4.85290121e-03
-5.58883464e-03 -2.63431706e-02 -6.84860768e-03 -1.52824391e-02 8.39660130e-03 -1.75217204e-02 -7.68221589e-03 1.56194307e-02 -9.96160554e-04 -1.11453477e-02 1.93927512e-02 6.43703016e-03 2.21389157e-04 4.39401297e-03 1.96557306e-02 6.82553882e-03
4.01682686e-03 1.65103544e-02 4.44297865e-03 1.00547448e-02 -5.49813407e-03 1.13704270e-02 5.01663564e-03 -1.01687964e-02 6.56799588e-04 7.25847296e-03 -1.26290470e-02 -4.19102097e-03 -1.44344813e-04 -2.86065391e-03 -1.27958683e-02 -4.44333395e-03
1.06187433e-03 6.69707265e-03 2.10804772e-03 4.42990242e-03 -2.49376311e-03 5.28373662e-03 2.32020859e-03 -4.74890228e-03 3.01676133e-04 3.39367636e-03 -5.90570131e-03 -1.96063612e-03 -6.73987015e-05 -1.33844372e-03 -5.98737225e-03 -2.07915320e-03
-1.44928657e-02 -8.16767365e-02 -2.31756717e-02 -5.03963158e-02 2.79541314e-02 -5.88034689e-02 -2.58075520e-02 5.26957139e-02 -3.35748796e-03 -3.76298651e-02 6.54767081e-02 2.17360016e-02 7.47404934e-04 1.48379654e-02 6.63752183e-02 2.30491497e-02
-3.41948774e-03 -1.66091900e-02 -4.37820144e-03 -9.76618379e-03 5.34284487e-03 -1.11809978e-02 -4.89568012e-03 9.97398328e-03 -6.35453442e-04 -7.12518347e-03 1.23970807e-02 4.11545625e-03 1.41505909e-04 2.80937972e-03 1.25673069e-02 4.36406676e-03
-5.62834507e-03 -2.20581293e-02 -5.62478835e-03 -1.27138011e-02 6.93998300e-03 -1.44539783e-02 -6.33704197e-03 1.28633268e-02 -8.33239581e-04 -9.18378681e-03 1.59751605e-02 5.30095352e-03 1.82654170e-04 3.61808343e-03 1.61834192e-02 5.61960600e-03
-2.67816911e-04 -5.54210879e-03 -1.71922217e-03 -3.63212544e-03 2.05952185e-03 -4.32017352e-03 -1.89455517e-03 3.86209157e-03 -2.46255018e-04 -2.75709736e-03 4.79736086e-03 1.59242970e-03 5.47693089e-05 1.08703424e-03 4.86262981e-03 1.68856932e-03
-7.82069657e-03 -4.08187993e-02 -1.11193061e-02 -2.45039444e-02 1.37023600e-02 -2.83362940e-02 -1.24598164e-02 2.54050810e-02 -1.61917496e-03 -1.81483962e-02 3.15816365e-02 1.04845017e-02 3.60452192e-04 7.15720188e-03 3.20168398e-02 1.11180432e-02
9.85630788e-03 4.72175814e-02 1.20211914e-02 2.65731104e-02 -1.47320116e-02 3.06154154e-02 1.35403974e-02 -2.74137221e-02 1.76022400e-03 1.95568092e-02 -3.40299420e-02 -1.12966727e-02 -3.88587010e-04 -7.71116745e-03 -3.44940722e-02 -1.19782137e-02
8.92755389e-03 4.83950600e-02 1.27860820e-02 2.84908675e-02 -1.58338659e-02 3.26088481e-02 1.42955501e-02 -2.89668087e-02 1.85518432e-03 2.06768233e-02 -3.59560139e-02 -1.19332960e-02 -4.10741195e-04 -8.14525038e-03 -3.64347734e-02 -1.26519669e-02
