-2.22945120e-03 -1.73796043e-02 -5.46056125e-03 -1.05722351e-02 4.24449611e-03 -5.81462029e-03 4.70230263e-03 1.41060771e-02 -5.74786635e-03 -2.62155733e-03 -6.02463959e-03 1.92357786e-03 -4.11764625e-03 -2.62362021e-03 9.66615789e-03 1.62603129e-02
8.07526987e-04 4.32571843e-02 1.36399316e-02 2.43698526e-02 -1.00832265e-02 1.38279460e-02 -1.13473311e-02 -3.41266654e-02 1.39671676e-02 6.36474974e-03 1.46058351e-02 -4.67662932e-03 1.00072911e-02 6.36937981e-03 -2.34762132e-02 -3.94986644e-02
-2.64268834e-03 -4.12913272e-03 -1.46978174e-03 -2.88361032e-03 1.08373817e-03 -1.48455554e-03 1.17622165e-03 3.55237001e-03 -1.42938411e-03 -6.54115574e-04 -1.50212960e-03 4.78158297e-04 -1.02345075e-03 -6.53588795e-04 2.40592402e-03 4.04566899e-03
6.28482923e-03 3.30171585e-02 1.22161545e-02 2.13468783e-02 -8.85956921e-03 1.23717599e-02 -1.01979990e-02 -3.07101980e-02 1.26323393e-02 5.73880924e-03 1.31781166e-02 -4.23104782e-03 9.05268174e-03 5.75332018e-03 -2.12174244e-02 -3.57074849e-02
2.51692440e-03 4.88784760e-02 1.78953260e-02 3.09408214e-02 -1.29096014e-02 1.81211773e-02 -1.46493735e-02 -4.42510396e-02 1.81408506e-02 8.25318694e-03 1.89255495e-02 -6.07555965e-03 1.29993549e-02 8.26611649e-03 -3.04765105e-02 -5.12848161e-02
1.35231460e-03 -1.92298107e-02 -5.60303032e-03 -1.07725104e-02 4.23754798e-03 -5.94607135e-03 4.64437203e-03 1.40419900e-02 -5.62983844e-03 -2.58065062e-03 -5.93178207e-03 1.88079569e-03 -4.02575033e-03 -2.57997960e-03 9.48434137e-03 1.59372427e-02
1.07410029e-02 1.96713880e-02 8.14501755e-03 1.48739377e-02 -6.29989430e-03 8.93526711e-03 -7.60715967e-03 -2.29229499e-02 9.49929561e-03 4.29931190e-03 9.87289846e-03 -3.18172295e-03 6.80687511e-03 4.31707269e-03 -1.59325916e-02 -2.68257502e-02
-1.06215395e-03 -8.84511974e-06 -1.60972282e-04 -1.67192164e-04 8.99336737e-05 -1.29585023e-04 1.10995745e-04 3.35123972e-04 -1.39847762e-04 -6.31769290e-05 -1.44951380e-04 4.69554980e-05 -1.00422687e-04 -6.35261677e-05 2.34681327e-04 3.95289768e-04
2.07593441e-02 6.82851076e-02 2.24366356e-02 4.20786999e-02 -1.68448687e-02 2.39162482e-02 -1.92584991e-02 -5.79702705e-02 2.37231180e-02 1.08322548e-02 2.49215737e-02 -7.93497823e-03 1.69813950e-02 1.08380541e-02 -3.99025157e-02 -6.71056807e-02
-6.03235851e-04 -4.08868631e-03 -1.27597235e-03 -2.48333253e-03 1.05480722e-03 -1.46389054e-03 1.20507646e-03 3.65435006e-03 -1.48471701e-03 -6.74790412e-04 -1.54989038e-03 4.97111061e-04 -1.06370961e-03 -6.76500262e-04 2.49423622e-03 4.19709971e-03
-1.61560753e-03 -6.13470189e-03 -2.38346145e-03 -4.12218552e-03 1.74464576e-03 -2.44889501e-03 2.03264807e-03 6.12900732e-03 -2.52315449e-03 -1.14598603e-03 -2.63143587e-03 8.45054805e-04 -1.80803670e-03 -1.14912458e-03 4.23776265e-03 7.13178469e-03
-3.25118192e-03 -2.88622342e-02 -1.00980476e-02 -1.80728789e-02 7.45980535e-03 -1.02513572e-02 8.42319429e-03 2.53607426e-02 -1.03779882e-02 -4.72184783e-03 -1.08494237e-02 3.47369234e-03 -7.43407290e-03 -4.73294361e-03 1.74427293e-02 2.93453913e-02
1.10430294e-04 6.87209517e-03 2.16591638e-03 4.08967538e-03 -1.71173597e-03 2.34548538e-03 -1.90154789e-03 -5.72056463e-03 2.34128861e-03 1.06700708e-03 2.45109224e-03 -7.83406256e-04 1.67677214e-03 1.06829673e-03 -3.93597037e-03 -6.62109861e-03
3.87932104e-03 3.08604874e-02 1.07070971e-02 1.90415885e-02 -8.02860036e-03 1.10688740e-02 -9.00973100e-03 -2.71828398e-02 1.10825365e-02 5.04397601e-03 1.15853827e-02 -3.71013395e-03 7.93965999e-03 5.05532371e-03 -1.86303444e-02 -3.13427188e-02
-5.84779773e-03 -1.98652372e-02 -7.28764804e-03 -1.24502471e-02 5.16374130e-03 -7.27575645e-03 5.99094993e-03 1.80298723e-02 -7.41215609e-03 -3.36639257e-03 -7.73028890e-03 2.48306571e-03 -5.31284465e-03 -3.37610929e-03 1.24512995e-02 2.09550969e-02
3.18802297e-02 7.01650232e-02 2.70522628e-02 4.60228212e-02 -1.96292792e-02 2.77151018e-02 -2.30792444e-02 -6.94851652e-02 2.86881048e-02 1.30204810e-02 2.98966430e-02 -9.60978959e-03 2.05603261e-02 1.30615253e-02 -4.81765792e-02 -8.10829252e-02
-4.09712037e-03 1.55207813e-02 5.22483420e-03 9.26454924e-03 -3.70069500e-03 5.12510166e-03 -4.14576195e-03 -1.25449691e-02 5.10330778e-03 2.31989962e-03 5.32581145e-03 -1.70923176e-03 3.65725439e-03 2.32481491e-03 -8.57292023e-03 -1.44272652e-02
-5.99140069e-03 -2.10587624e-02 -7.16485875e-03 -1.32941436e-02 5.47548523e-03 -7.54120247e-03 6.17231429e-03 1.86379533e-02 -7.60807097e-03 -3.46282334e-03 -7.95231760e-03 2.54700729e-03 -5.45000238e-03 -3.46979499e-03 1.27865598e-02 2.15124637e-02
-8.67560157e-04 3.73387127e-04 2.91060423e-04 3.42263724e-04 -1.61091302e-04 2.32176477e-04 -1.97170899e-04 -5.95223391e-04 2.47611635e-04 1.12209636e-04 2.57692183e-04 -8.29602432e-05 1.77472335e-04 1.12686568e-04 -4.15720715e-04 -6.99721393e-04
-2.19685175e-02 -6.10453412e-02 -2.49695387e-02 -4.10422310e-02 1.76348761e-02 -2.48648990e-02 2.06791423e-02 6.23082928e-02 -2.57266294e-02 -1.16761243e-02 -2.68105753e-02 8.61772522e-03 -1.84375867e-02 -1.17129805e-02 4.32026125e-02 7.27115497e-02
2.77128164e-03 1.36113307e-02 4.95828595e-03 8.77131429e-03 -3.66796181e-03 5.12056332e-03 -4.21106210e-03 -1.27061391e-02 5.20413136e-03 2.36498355e-03 5.43127907e-03 -1.74281478e-03 3.72924027e-03 2.37070001e-03 -8.74198973e-03 -1.47115188e-02
-4.41104959e-04 1.21395988e-03 -6.57178403e-04 -1.73122564e-04 3.04443034e-04 -5.24216215e-04 5.06895245e-04 1.55247899e-03 -6.62107253e-04 -2.98411411e-04 -6.84900384e-04 2.22037503e-04 -4.74713859e-04 -3.00555694e-04 1.11010112e-03 1.86926988e-03
-8.60050321e-04 3.29576842e-02 9.88457724e-03 1.82502493e-02 -7.35195726e-03 1.01283323e-02 -8.20309948e-03 -2.46986356e-02 1.00129265e-02 4.57245624e-03 1.05051585e-02 -3.34874564e-03 7.16740265e-03 4.57665417e-03 -1.68455578e-02 -2.83256583e-02
-1.50443055e-03 4.95834649e-02 1.55113349e-02 2.91757938e-02 -1.10588633e-02 1.55796474e-02 -1.23704998e-02 -3.73271592e-02 1.52342469e-02 6.95442455e-03 1.59797482e-02 -5.09577943e-03 1.09125357e-02 6.95982529e-03 -2.56194584e-02 -4.30889614e-02
6.01003878e-04 -1.22148609e-02 -4.19749692e-03 -7.77051179e-03 3.03475372e-03 -4.17172024e-03 3.36785242e-03 1.01453373e-02 -4.15106211e-03 -1.88833650e-03 -4.33629705e-03 1.39014085e-03 -2.97460589e-03 -1.89168984e-03 6.97457278e-03 1.17365653e-02
-4.14173398e-03 -1.42843099e-02 -5.34950057e-03 -9.07251332e-03 3.83211533e-03 -5.33826835e-03 4.43027494e-03 1.33517571e-02 -5.49703510e-03 -2.49542529e-03 -5.72975306e-03 1.84132566e-03 -3.93957645e-03 -2.50297948e-03 9.23176762e-03 1.55372005e-02
3.20553407e-03 3.46522965e-02 1.24415318e-02 2.23409478e-02 -9.14284214e-03 1.26410872e-02 -1.01225283e-02 -3.04844249e-02 1.24295279e-02 5.67596592e-03 1.30607961e-02 -4.15798230e-03 8.89782421e-03 5.67893824e-03 -2.09126249e-02 -3.51635925e-02
1.58218741e-02 2.00490113e-02 9.42223519e-03 1.64280087e-02 -7.16732536e-03 1.01194028e-02 -8.66809394e-03 -2.61238795e-02 1.08266342e-02 4.90363361e-03 1.12575293e-02 -3.62722855e-03 7.75973359e-03 4.92490409e-03 -1.81715824e-02 -3.05883586e-02
-1.07989982e-02 -1.01280110e-02 -4.42998810e-03 -7.88855739e-03 3.29715386e-03 -4.61840397e-03 3.80800711e-03 1.14726825e-02 -4.70689777e-03 -2.13908404e-03 -4.92001139e-03 1.57512550e-03 -3.37191322e-03 -2.14554183e-03 7.90861994e-03 1.33069959e-02
-2.72568781e-04 -7.02238083e-03 -1.80842716e-03 -4.19124169e-03 1.58291904e-03 -2.10636249e-03 1.64239760e-03 4.99966647e-03 -1.99212041e-03 -9.15417157e-04 -2.10465561e-03 6.65079453e-04 -1.42420130e-03 -9.13347991e-04 3.35676200e-03 5.63962432e-03
-2.17803847e-03 -2.49036215e-02 -7.98910670e-03 -1.44597366e-02 5.95407467e-03 -8.26699473e-03 6.69615250e-03 2.03796681e-02 -8.19657836e-03 -3.74521338e-03 -8.58643837e-03 2.74260412e-03 -5.86734619e-03 -3.75269982e-03 1.38005987e-02 2.31932942e-02
-5.40804723e-03 -5.15937097e-02 -1.96689814e-02 -3.18395793e-02 1.35898059e-02 -1.92657094e-02 1.58580095e-02 4.78335395e-02 -1.96891483e-02 -8.93975701e-03 -2.05314290e-02 6.59486186e-03 -1.41105670e-02 -8.96514114e-03 3.30661386e-02 5.56510948e-02
1.56007195e-02 6.83909804e-02 2.66265869e-02 4.62826602e-02 -1.90315545e-02 2.65773367e-02 -2.19742153e-02 -6.62666485e-02 2.72723641e-02 1.23831937e-02 2.84298584e-02 -9.13525932e-03 1.95452105e-02 1.24195041e-02 -4.58046347e-02 -7.70883113e-02
-1.62622388e-02 -6.89679235e-02 -2.58207452e-02 -4.33191918e-02 1.85777899e-02 -2.58124247e-02 2.15350557e-02 6.48076385e-02 -2.67047007e-02 -1.21220294e-02 -2.78448500e-02 8.94551165e-03 -1.91393383e-02 -1.21594761e-02 4.48484980e-02 7.54811689e-02
1.35909766e-02 3.90469767e-02 1.57566555e-02 2.60901842e-02 -1.12691382e-02 1.58375241e-02 -1.31963911e-02 -3.97212356e-02 1.63890310e-02 7.43794907e-03 1.70805287e-02 -5.49005624e-03 1.17458031e-02 7.46177044e-03 -2.75224224e-02 -4.63212915e-02
-5.82573051e-03 -2.08333321e-02 -7.59236235e-03 -1.31395087e-02 5.52823301e-03 -7.75269000e-03 6.37042010e-03 1.91844944e-02 -7.88942818e-03 -3.58534860e-03 -8.23095161e-03 2.64228135e-03 -5.65344747e-03 -3.59372189e-03 1.32520907e-02 2.23016329e-02
-1.15124136e-02 8.13513063e-03 2.45347410e-03 3.93198198e-03 -1.57184503e-03 2.17820285e-03 -1.75482640e-03 -5.35317138e-03 2.16276152e-03 9.83598642e-04 2.25869776e-03 -7.24430487e-04 1.55008666e-03 9.85483523e-04 -3.63391382e-03 -6.11532107e-03
3.51177901e-03 -1.36431586e-02 -7.80288549e-03 -1.05164424e-02 5.02940919e-03 -7.13346433e-03 6.09263545e-03 1.83034819e-02 -7.64529686e-03 -3.46450973e-03 -7.96271209e-03 2.56106118e-03 -5.47938282e-03 -3.47970240e-03 1.28366379e-02 2.16053873e-02
5.17967297e-03 1.64949596e-02 5.95044112e-03 1.05594443e-02 -4.49014548e-03 6.14851341e-03 -5.07327076e-03 -1.52697312e-02 6.28382573e-03 2.85456330e-03 6.55604852e-03 -2.10464816e-03 4.50321939e-03 2.86213146e-03 -1.05549376e-02 -1.77631360e-02
-1.50379585e-03 -2.79907137e-03 -1.24723336e-03 -2.04508496e-03 8.91812495e-04 -1.26888580e-03 1.06486212e-03 3.21098440e-03 -1.32726121e-03 -6.02195156e-04 -1.38287665e-03 4.44593607e-04 -9.51186812e-04 -6.04236615e-04 2.22873501e-03 3.75106465e-03
-5.44400886e-04 -1.04497690e-02 -3.79832275e-03 -6.63610315e-03 2.77383602e-03 -3.79940891e-03 3.08105722e-03 9.30226501e-03 -3.79362586e-03 -1.72799174e-03 -3.97020113e-03 1.26981339e-03 -2.71728705e-03 -1.73053856e-03 6.37707766e-03 1.07282875e-02
7.09506497e-03 1.92150176e-02 7.31592625e-03 1.29144881e-02 -5.42262476e-03 7.45759299e-03 -6.17011962e-03 -1.85870305e-02 7.61697348e-03 3.46220657e-03 7.94722792e-03 -2.55081733e-03 5.45825018e-03 3.47051071e-03 -1.27964187e-02 -2.15333570e-02
5.01139741e-03 3.16496193e-03 1.61481474e-03 2.70302338e-03 -1.15727296e-03 1.62953348e-03 -1.34824985e-03 -4.06301022e-03 1.67369947e-03 7.60135648e-04 1.74557790e-03 -5.60582615e-04 1.19941903e-03 7.62227864e-04 -2.81105656e-03 -4.73083928e-03
-7.97392242e-03 -2.53965352e-02 -1.01411799e-02 -1.69898458e-02 7.15885963e-03 -1.00205783e-02 8.31961259e-03 2.50829235e-02 -1.03346780e-02 -4.69193421e-03 -1.07733877e-02 3.46190087e-03 -7.40671065e-03 -4.70585655e-03 1.73565652e-02 2.92112716e-02
-5.59739862e-03 -3.94154638e-02 -1.29117314e-02 -2.35225353e-02 9.64440964e-03 -1.33631760e-02 1.07909357e-02 3.29081267e-02 -1.32541386e-02 -6.04672544e-03 -1.38821034e-02 4.43201279e-03 -9.48567130e-03 -6.07549585e-03 2.23104488e-02 3.75059433e-02
6.03366271e-03 2.90467218e-02 1.09076425e-02 1.88999362e-02 -8.03117640e-03 1.12701477e-02 -9.24598332e-03 -2.79117953e-02 1.14404289e-02 5.20028966e-03 1.19425645e-02 -3.83160403e-03 8.19809549e-03 5.21214725e-03 -1.92185733e-02 -3.23411040e-02
1.63290277e-02 8.45382214e-02 2.96027120e-02 5.16706891e-02 -2.17585564e-02 3.03279832e-02 -2.46702190e-02 -7.42716864e-02 3.03953812e-02 1.38568468e-02 3.17591652e-02 -1.01781730e-02 2.17775218e-02 1.38561921e-02 -5.10815307e-02 -8.59393254e-02
1.49051752e-02 3.55712511e-02 1.51339108e-02 2.48900019e-02 -1.06651047e-02 1.50647229e-02 -1.25763891e-02 -3.78940739e-02 1.56500824e-02 7.10233860e-03 1.63082220e-02 -5.24242176e-03 1.12160118e-02 7.12520909e-03 -2.62810215e-02 -4.42319512e-02
-6.76171435e-03 -2.47655865e-02 -9.86977760e-03 -1.70484763e-02 7.00071640e-03 -9.88689251e-03 8.15721136e-03 2.45659165e-02 -1.01363491e-02 -4.60208999e-03 -1.05656506e-02 3.39538092e-03 -7.26449583e-03 -4.61538509e-03 1.70229673e-02 2.86498889e-02
-1.12759126e-02 1.02642383e-02 7.15943403e-04 2.02313982e-04 -9.12696123e-05 -2.76805840e-05 5.46932024e-05 1.76711561e-04 -8.82728200e-05 -3.95321804e-05 -9.15517012e-05 2.95504069e-05 -6.32016599e-05 -4.01197904e-05 1.47980973e-04 2.49100558e-04
-6.86248299e-03 -2.31025144e-02 -9.18360893e-03 -1.50700398e-02 6.49254443e-03 -9.14217625e-03 7.62955286e-03 2.29779594e-02 -9.48640984e-03 -4.30523837e-03 -9.88569669e-03 3.17776529e-03 -6.79873256e-03 -4.31906059e-03 1.59306470e-02 2.68118586e-02
5.57066966e-03 1.57768093e-02 4.62929858e-03 9.94291622e-03 -3.92451603e-03 5.44012757e-03 -4.32161847e-03 -1.30040897e-02 5.29254926e-03 2.41736323e-03 5.55737689e-03 -1.76990894e-03 3.78794642e-03 2.41749245e-03 -8.90219305e-03 -1.49693899e-02
-3.60737904e-03 -2.31015682e-02 -8.70393589e-03 -1.48715591e-02 6.17658533e-03 -8.72357190e-03 7.17812264e-03 2.16351040e-02 -8.89809802e-03 -4.04157024e-03 -9.28196311e-03 2.98051070e-03 -6.37704786e-03 -4.05252166e-03 1.49456467e-02 2.51528714e-02
-7.98413414e-04 -4.63612098e-03 -1.52024045e-03 -2.84049078e-03 1.16276997e-03 -1.59046589e-03 1.28521596e-03 3.88225238e-03 -1.58014288e-03 -7.20150128e-04 -1.65501225e-03 5.28851000e-04 -1.13180128e-03 -7.20796641e-04 2.65612383e-03 4.46853181e-03
-8.58190376e-03 -7.24105630e-04 -2.48427386e-03 -2.15003104e-03 1.47518655e-03 -2.37007579e-03 2.14459561e-03 6.44846633e-03 -2.73270602e-03 -1.23449846e-03 -2.83687888e-03 9.15653422e-04 -1.95807870e-03 -1.24232937e-03 4.58490616e-03 7.71802478e-03
-1.34439263e-02 -1.59202348e-02 -4.75850934e-03 -1.05049489e-02 4.16030409e-03 -5.83922165e-03 4.55068052e-03 1.39531167e-02 -5.55147743e-03 -2.54219933e-03 -5.86521626e-03 1.85427710e-03 -3.97064118e-03 -2.54039443e-03 9.34536941e-03 1.57068204e-02
-1.81003951e-03 -7.45355617e-03 -2.49332190e-03 -4.80855023e-03 1.87955098e-03 -2.59628193e-03 2.11536651e-03 6.38127886e-03 -2.60850671e-03 -1.18730997e-03 -2.72627780e-03 8.73323705e-04 -1.86888746e-03 -1.18902838e-03 4.38311649e-03 7.37525569e-03
2.53422622e-04 1.23739021e-03 6.41659775e-04 9.99641954e-04 -4.36425878e-04 6.20858453e-04 -5.19860070e-04 -1.56651810e-03 6.47735957e-04 2.93880352e-04 6.74825977e-04 -2.16983986e-04 4.64221608e-04 2.94880971e-04 -1.08769198e-03 -1.83064991e-03
9.66719701e-04 5.98070584e-03 3.35572916e-03 4.96711303e-03 -2.16922024e-03 3.11364140e-03 -2.62935832e-03 -7.92803522e-03 3.28788906e-03 1.49130356e-03 3.42268799e-03 -1.10136683e-03 2.35621841e-03 1.49661175e-03 -5.52050071e-03 -9.29137785e-03
-5.08585759e-03 -3.30259837e-02 -1.33610908e-02 -2.17567831e-02 9.35524888e-03 -1.31775057e-02 1.09653706e-02 3.30241211e-02 -1.36334430e-02 -6.18754653e-03 -1.42080588e-02 4.56686784e-03 -9.77079384e-03 -6.20717322e-03 2.28947941e-02 3.85327674e-02
-1.74564915e-03 -9.56222322e-03 -3.56495311e-03 -6.23275200e-03 2.62465188e-03 -3.66026722e-03 3.01008835e-03 9.06708557e-03 -3.72347026e-03 -1.69263117e-03 -3.88717814e-03 1.24694372e-03 -2.66810483e-03 -1.69643387e-03 6.25519268e-03 1.05262361e-02
4.75755567e-03 1.86417364e-02 5.28809428e-03 9.72326472e-03 -4.16761404e-03 5.78794302e-03 -4.56640311e-03 -1.37288794e-02 5.59966080e-03 2.54923850e-03 5.86285442e-03 -1.87530392e-03 4.01308434e-03 2.55184714e-03 -9.40883439e-03 -1.58341136e-02
4.28945944e-03 1.54131074e-02 5.24582481e-03 9.48650111e-03 -3.97913391e-03 5.55564929e-03 -4.50233975e-03 -1.35779111e-02 5.54761337e-03 2.52453214e-03 5.79881761e-03 -1.85697258e-03 3.97388963e-03 2.52966513e-03 -9.32315085e-03 -1.56860799e-02
-1.14982901e-03 -2.56165601e-02 -9.04290751e-03 -1.55538861e-02 6.49205642e-03 -9.05891694e-03 7.50841573e-03 2.26145610e-02 -9.29611735e-03 -4.22160048e-03 -9.69494134e-03 3.11376434e-03 -6.66216156e-03 -4.23325971e-03 1.56128313e-02 2.62761898e-02
2.67443247e-05 -1.26317786e-02 -4.47806669e-03 -7.58791249e-03 3.17149376e-03 -4.42313775e-03 3.61322868e-03 1.08773978e-02 -4.46809595e-03 -2.03124457e-03 -4.66471445e-03 1.49633910e-03 -3.20173823e-03 -2.03562668e-03 7.50601897e-03 1.26313297e-02
-1.78362150e-03 3.30497436e-02 1.19677689e-02 2.02529151e-02 -8.61284509e-03 1.16380844e-02 -9.41837113e-03 -2.84766685e-02 1.15693351e-02 5.26767829e-03 1.21094678e-02 -3.87358805e-03 8.28753598e-03 5.27581340e-03 -1.94461849e-02 -3.27179469e-02
-7.91180879e-03 -3.41442227e-02 -1.27949379e-02 -2.21432745e-02 9.28312913e-03 -1.29661579e-02 1.07253427e-02 3.22918594e-02 -1.32766124e-02 -6.03159424e-03 -1.38523746e-02 4.44684271e-03 -9.51434299e-03 -6.04656339e-03 2.22994983e-02 3.75285521e-02
-3.11460234e-02 -5.74772656e-02 -2.16702502e-02 -3.76472585e-02 1.54662002e-02 -2.19147746e-02 1.80778094e-02 5.44355474e-02 -2.24488620e-02 -1.01923030e-02 -2.34099850e-02 7.51890708e-03 -1.60874315e-02 -1.02221817e-02 3.77016664e-02 6.34516403e-02
-4.84045595e-04 -1.15857981e-02 -4.24260972e-03 -7.29873031e-03 3.05868266e-03 -4.23057238e-03 3.41074937e-03 1.02849174e-02 -4.18862747e-03 -1.91182352e-03 -4.39454336e-03 1.40108762e-03 -2.99865170e-03 -1.91362319e-03 7.04615517e-03 1.18491119e-02
-2.96261418e-03 1.28026642e-02 4.17840481e-03 7.03005306e-03 -2.96896067e-03 4.05409886e-03 -3.27655091e-03 -9.84898768e-03 4.00757464e-03 1.82993023e-03 4.20687487e-03 -1.34042511e-03 2.86933244e-03 1.83068099e-03 -6.74114516e-03 -1.13370102e-02
7.73171941e-03 4.02077772e-02 1.24067646e-02 2.37115677e-02 -9.83528886e-03 1.36997811e-02 -1.11783193e-02 -3.36646512e-02 1.37977237e-02 6.27980521e-03 1.44210858e-02 -4.61856462e-03 9.88277979e-03 6.29078550e-03 -2.31887344e-02 -3.90127748e-02
3.81237594e-03 1.09214680e-02 3.62741575e-03 6.64713979e-03 -2.74407631e-03 3.69563885e-03 -3.02151055e-03 -9.09050461e-03 3.73300840e-03 1.69838010e-03 3.89902457e-03 -1.25011115e-03 2.67505948e-03 1.70112634e-03 -6.27204822e-03 -1.05544636e-02
9.63739119e-03 1.34510010e-01 4.53340337e-02 7.92430863e-02 -3.29239555e-02 4.57753912e-02 -3.75713073e-02 -1.13032669e-01 4.63273600e-02 2.10700836e-02 4.83938903e-02 -1.55145498e-02 3.31976078e-02 2.11101733e-02 -7.78323114e-02 -1.30974367e-01
5.35026519e-03 2.82580033e-02 1.11873941e-02 1.84945948e-02 -7.95584451e-03 1.10742832e-02 -9.18921642e-03 -2.76763346e-02 1.13956630e-02 5.17302472e-03 1.18786879e-02 -3.81727656e-03 8.16711318e-03 5.18869143e-03 -1.91377643e-02 -3.22092995e-02
-7.41642527e-03 -1.58630032e-02 -5.24167577e-03 -9.62238759e-03 4.05747397e-03 -5.57635725e-03 4.53322846e-03 1.36320880e-02 -5.58332959e-03 -2.54217465e-03 -5.84015902e-03 1.86878594e-03 -3.99955362e-03 -2.54675024e-03 9.38527752e-03 1.57893244e-02
-2.87773693e-03 7.90887885e-03 2.73305946e-03 4.83285589e-03 -2.01279903e-03 2.75360537e-03 -2.19341228e-03 -6.64934563e-03 2.69164727e-03 1.23049505e-03 2.82539707e-03 -8.99692997e-04 1.92604691e-03 1.23225094e-03 -4.53284523e-03 -7.61825265e-03
-8.55558645e-03 -3.02531254e-02 -1.16293319e-02 -2.03043483e-02 8.43689125e-03 -1.18822223e-02 9.81788337e-03 2.96002533e-02 -1.21881803e-02 -5.53653482e-03 -1.27154374e-02 4.08194540e-03 -8.73378292e-03 -5.55140292e-03 2.04714555e-02 3.44511867e-02
1.29641211e-02 5.26350439e-02 1.93928555e-02 3.26708369e-02 -1.41076576e-02 1.95707288e-02 -1.62424687e-02 -4.89399433e-02 2.01697126e-02 9.15578753e-03 2.10244674e-02 -6.75636670e-03 1.44552682e-02 9.18365922e-03 -3.38726304e-02 -5.70084825e-02
-2.44840141e-03 -1.95811354e-02 -6.51370827e-03 -1.18708936e-02 4.85096406e-03 -6.74566207e-03 5.42724831e-03 1.63863469e-02 -6.66623982e-03 -3.04045435e-03 -6.98443456e-03 2.23057019e-03 -4.77383146e-03 -3.04328417e-03 1.12099247e-02 1.88556202e-02
-3.32401111e-03 -2.52254531e-02 -1.02419239e-02 -1.70307662e-02 7.25262519e-03 -1.02098230e-02 8.49399809e-03 2.55905464e-02 -1.05566112e-02 -4.79323883e-03 -1.10070128e-02 3.53581505e-03 -7.56508857e-03 -4.80759470e-03 1.77301336e-02 2.98386645e-02
-2.18148064e-03 7.64200091e-03 2.59126537e-03 4.59068548e-03 -1.85139594e-03 2.51223985e-03 -2.03930633e-03 -6.15400868e-03 2.50139390e-03 1.13869668e-03 2.61392794e-03 -8.37664411e-04 1.79247186e-03 1.14027143e-03 -4.20355704e-03 -7.07322638e-03
-2.45691952e-03 -1.26394052e-02 -4.44595376e-03 -7.98559375e-03 3.33128055e-03 -4.64097317e-03 3.79331899e-03 1.14182932e-02 -4.67588566e-03 -2.12579523e-03 -4.88031004e-03 1.56601716e-03 -3.35079199e-03 -2.13033636e-03 7.85541534e-03 1.32192513e-02
6.91130292e-03 2.61327880e-03 1.94216287e-03 2.99296086e-03 -1.47139991e-03 2.16325466e-03 -1.96894631e-03 -5.96125470e-03 2.48517003e-03 1.12247525e-03 2.57901917e-03 -8.32897029e-04 1.78132986e-03 1.12908008e-03 -4.16805921e-03 -7.01741502e-03
-7.98550528e-03 -3.21998224e-02 -1.24560362e-02 -2.11112555e-02 8.95655435e-03 -1.24743208e-02 1.03438217e-02 3.11731603e-02 -1.28325801e-02 -5.82812540e-03 -1.33814868e-02 4.29822644e-03 -9.19633359e-03 -5.84408827e-03 2.15528924e-02 3.62725966e-02
4.63046413e-03 3.07404697e-02 1.24081625e-02 2.03135889e-02 -8.63378868e-03 1.21437162e-02 -1.01201171e-02 -3.04659531e-02 1.25746494e-02 5.70722995e-03 1.31048914e-02 -4.21220157e-03 9.01196059e-03 5.72516350e-03 -2.11169012e-02 -3.55404615e-02
6.36995398e-03 2.31667515e-02 8.71832948e-03 1.47989597e-02 -6.23888709e-03 8.76127649e-03 -7.24387961e-03 -2.18138769e-02 8.99393391e-03 4.08420805e-03 9.37938131e-03 -3.01257730e-03 6.44554989e-03 4.09561768e-03 -1.51051981e-02 -2.54218075e-02
-2.19835993e-03 3.80795598e-02 9.72312689e-03 1.87421441e-02 -7.57634686e-03 1.02236997e-02 -8.15389771e-03 -2.46437490e-02 9.93798021e-03 4.54203039e-03 1.04821650e-02 -3.32267000e-03 7.11051561e-03 4.54431027e-03 -1.67238545e-02 -2.81140711e-02
8.48012045e-03 6.27102749e-03 3.00583895e-03 5.15426788e-03 -2.18844251e-03 3.13108508e-03 -2.66638654e-03 -8.02300591e-03 3.33793671e-03 1.51128287e-03 3.46994423e-03 -1.11828011e-03 2.39221961e-03 1.51709316e-03 -5.59961097e-03 -9.42752603e-03
-7.24572130e-03 -6.03429228e-03 -2.83915270e-03 -4.84590977e-03 2.03460269e-03 -2.84110080e-03 2.32194737e-03 6.98726671e-03 -2.86828750e-03 -1.30468945e-03 -2.99956580e-03 9.60322039e-04 -2.05494650e-03 -1.30756106e-03 4.81992215e-03 8.10996629e-03
-8.19599896e-04 -9.19862837e-03 -2.76006456e-03 -4.99564921e-03 2.08652881e-03 -2.88154650e-03 2.34133611e-03 7.05463765e-03 -2.88920198e-03 -1.31509360e-03 -3.02256737e-03 9.67195898e-04 -2.06997129e-03 -1.31735066e-03 4.85549960e-03 8.16953555e-03
-7.53373373e-04 2.16357000e-02 6.39638864e-03 1.20255286e-02 -4.88587515e-03 6.77311840e-03 -5.37809357e-03 -1.61651447e-02 6.62178174e-03 3.01282527e-03 6.92090811e-03 -2.21733213e-03 4.74500237e-03 3.01847071e-03 -1.11276247e-02 -1.87238045e-02
1.39904534e-03 1.42355431e-02 5.06029930e-03 8.75142310e-03 -3.62949562e-03 5.07050613e-03 -4.14275751e-03 -1.24778114e-02 5.11100097e-03 2.32514879e-03 5.34417992e-03 -1.71106588e-03 3.66177829e-03 2.33003916e-03 -8.58899951e-03 -1.44517543e-02
-8.00217316e-03 -5.72765581e-02 -2.02539414e-02 -3.49396467e-02 1.47956656e-02 -2.04692055e-02 1.68457255e-02 5.08173071e-02 -2.07906067e-02 -9.44483746e-03 -2.16904320e-02 6.96353847e-03 -1.49002550e-02 -9.47220903e-03 3.49284373e-02 5.87803014e-02
-8.53630900e-03 -4.42758985e-02 -1.82268862e-02 -2.95839682e-02 1.27125531e-02 -1.79286506e-02 1.49606615e-02 4.50667851e-02 -1.86068900e-02 -8.44462868e-03 -1.93909854e-02 6.23282464e-03 -1.33351637e-02 -8.47149733e-03 3.12466845e-02 5.25893085e-02
-8.89267540e-05 3.99497710e-03 1.90044520e-03 2.84114783e-03 -1.24207651e-03 1.75304536e-03 -1.46378297e-03 -4.41014767e-03 1.82184449e-03 8.26797623e-04 1.89849047e-03 -6.10306684e-04 1.30572810e-03 8.29483732e-04 -3.05952574e-03 -5.14930347e-03
-3.74657637e-03 -3.03004012e-02 -1.06901824e-02 -1.91074125e-02 7.78880483e-03 -1.09606041e-02 8.82122573e-03 2.67550610e-02 -1.08455922e-02 -4.95046424e-03 -1.13638267e-02 3.62847187e-03 -7.76354736e-03 -4.95690480e-03 1.82527807e-02 3.06808222e-02
9.50043090e-03 2.20839325e-02 8.10811389e-03 1.58871002e-02 -6.24146219e-03 8.38082470e-03 -6.81261625e-03 -2.04190798e-02 8.30299128e-03 3.79835186e-03 8.75957217e-03 -2.76961620e-03 5.94068551e-03 3.81215685e-03 -1.39975362e-02 -2.35037152e-02
4.88997111e-03 5.29621728e-04 1.87844620e-03 2.35834834e-03 -1.24871521e-03 1.91431260e-03 -1.66455167e-03 -5.00647351e-03 2.09481339e-03 9.47720080e-04 2.17661285e-03 -7.01921992e-04 1.50127499e-03 9.52381466e-04 -3.51476506e-03 -5.91663877e-03
2.53238063e-03 3.54995765e-03 5.97525970e-04 1.53960707e-03 -5.83716785e-04 7.32909073e-04 -5.09187405e-04 -1.61971094e-03 5.96598140e-04 2.74664082e-04 6.30305905e-04 -1.99425500e-04 4.27034247e-04 2.72845587e-04 -1.00417063e-03 -1.68867083e-03
1.17925124e-03 -1.49551954e-03 -2.90870055e-04 -5.23753406e-04 1.68210274e-04 -2.12692685e-04 1.34717600e-04 3.97591910e-04 -1.53719564e-04 -7.10913009e-05 -1.64031226e-04 5.14115563e-05 -1.10180146e-04 -7.04721169e-05 2.59250199e-04 4.35916270e-04
1.85213275e-02 5.87632358e-02 2.29368079e-02 3.94605398e-02 -1.66331716e-02 2.33884472e-02 -1.94515847e-02 -5.86343966e-02 2.41662879e-02 1.09719811e-02 2.51985136e-02 -8.09448119e-03 1.73188243e-02 1.10048186e-02 -4.05869260e-02 -6.83068037e-02
-1.78575935e-03 -2.03231201e-02 -4.53736819e-03 -1.07851643e-02 4.09370800e-03 -5.61716873e-03 4.29339055e-03 1.29779773e-02 -5.14568482e-03 -2.36905483e-03 -5.47211152e-03 1.71389384e-03 -3.67117021e-03 -2.36704852e-03 8.68393853e-03 1.45764928e-02
3.64432833e-03 1.40226688e-02 5.15604252e-03 8.94272607e-03 -3.73060489e-03 5.23207942e-03 -4.32437798e-03 -1.30367260e-02 5.35819819e-03 2.43362226e-03 5.58925001e-03 -1.79469993e-03 3.83997476e-03 2.44022231e-03 -8.99952278e-03 -1.51458485e-02
-3.38085997e-03 -2.25576051e-02 -8.86675995e-03 -1.46029210e-02 6.23668684e-03 -8.75890814e-03 7.27334712e-03 2.19056103e-02 -9.04084276e-03 -4.10363264e-03 -9.42259468e-03 3.02853086e-03 -6.47946633e-03 -4.11636801e-03 1.51828378e-02 2.55531799e-02
1.25429761e-02 1.64973568e-02 8.55735503e-03 1.37362173e-02 -6.02680212e-03 8.53328034e-03 -7.26903835e-03 -2.19289474e-02 9.06451326e-03 4.11145296e-03 9.44083463e-03 -3.03648901e-03 6.49623992e-03 4.12650453e-03 -1.52209438e-02 -2.56177075e-02
1.39701962e-02 2.13213954e-02 7.16564339e-03 1.41911153e-02 -5.81643498e-03 8.10621958e-03 -6.58569299e-03 -1.98554415e-02 8.16182047e-03 3.71082686e-03 8.51675402e-03 -2.73349788e-03 5.84879983e-03 3.71819967e-03 -1.37103600e-02 -2.30723452e-02
3.56884999e-03 3.37311327e-02 1.38373617e-02 2.34394260e-02 -9.67711303e-03 1.35884080e-02 -1.13200983e-02 -3.41222920e-02 1.40697742e-02 6.38683140e-03 1.46649890e-02 -4.71300539e-03 1.00836679e-02 6.40643807e-03 -2.36290414e-02 -3.97680663e-02
1.58438794e-02 4.43716496e-02 1.68648995e-02 2.93897726e-02 -1.23542910e-02 1.72939599e-02 -1.44137489e-02 -4.33570929e-02 1.78788491e-02 8.11552629e-03 1.86353065e-02 -5.98915294e-03 1.28136342e-02 8.14074464e-03 -3.00260410e-02 -5.05344830e-02
9.09651443e-03 4.51661050e-02 1.81564428e-02 3.06107160e-02 -1.28338002e-02 1.79664977e-02 -1.49880480e-02 -4.51393649e-02 1.86373685e-02 8.45877547e-03 1.94240287e-02 -6.24305801e-03 1.33569380e-02 8.48564319e-03 -3.12983990e-02 -5.26761226e-02
3.16716637e-03 1.22497156e-02 4.67369426e-03 8.05225875e-03 -3.37068248e-03 4.70944308e-03 -3.87457456e-03 -1.16925370e-02 4.79716621e-03 2.18031299e-03 5.00447489e-03 -1.60675100e-03 3.43770906e-03 2.18474003e-03 -8.05712119e-03 -1.35597503e-02
-4.64236597e-03 -7.49945641e-03 -2.28057266e-03 -4.66919877e-03 1.89690536e-03 -2.65424349e-03 2.15310487e-03 6.47803769e-03 -2.65443698e-03 -1.20657205e-03 -2.77037499e-03 8.89042858e-04 -1.90229749e-03 -1.20915042e-03 4.45896806e-03 7.50403246e-03
5.46304137e-03 2.16367599e-02 6.91925921e-03 1.32846208e-02 -5.41947503e-03 7.40452809e-03 -6.07135054e-03 -1.82680171e-02 7.51076359e-03 3.41469957e-03 7.84052350e-03 -2.51538237e-03 5.38228918e-03 3.42199928e-03 -1.26178656e-02 -2.12335940e-02
-4.64801630e-03 -2.19523516e-02 -8.50034691e-03 -1.39087532e-02 5.95545303e-03 -8.35881289e-03 6.92239590e-03 2.08847430e-02 -8.59989971e-03 -3.90360015e-03 -8.96387734e-03 2.88074883e-03 -6.16338849e-03 -3.91564844e-03 1.44423451e-02 2.43068356e-02
-3.42750479e-03 -1.56235928e-02 -5.57577470e-03 -1.08338473e-02 4.12092684e-03 -5.76068368e-03 4.69767395e-03 1.41470870e-02 -5.80700487e-03 -2.64095818e-03 -6.05801353e-03 1.94485032e-03 -4.16138582e-03 -2.64564459e-03 9.75536369e-03 1.64164919e-02
2.34654057e-03 7.62108061e-03 1.86638278e-03 3.98238143e-03 -1.48449303e-03 2.06510024e-03 -1.66884577e-03 -4.99272998e-03 2.04579718e-03 9.30921116e-04 2.13829195e-03 -6.85129198e-04 1.46615540e-03 9.32210591e-04 -3.43724783e-03 -5.78429457e-03
-2.33607902e-03 -2.10182667e-02 -7.46391155e-03 -1.25838462e-02 5.25049353e-03 -7.32380431e-03 6.04138616e-03 1.81935243e-02 -7.49910111e-03 -3.40427761e-03 -7.81600643e-03 2.51201470e-03 -5.37448796e-03 -3.41445231e-03 1.25937937e-02 2.11956985e-02
2.41773110e-02 4.04356346e-02 1.61362682e-02 2.80385036e-02 -1.19573921e-02 1.67836621e-02 -1.39139108e-02 -4.19323817e-02 1.72798745e-02 7.84426462e-03 1.80124976e-02 -5.78824151e-03 1.23839201e-02 7.86788389e-03 -2.90192980e-02 -4.88399193e-02
1.00502861e-04 -4.65866597e-03 -1.38013111e-03 -2.76054745e-03 1.13083352e-03 -1.51511026e-03 1.20295223e-03 3.66653781e-03 -1.46017177e-03 -6.70357724e-04 -1.53806689e-03 4.87174169e-04 -1.04229851e-03 -6.70509471e-04 2.46141362e-03 4.13356628e-03
-5.29534277e-03 -1.31129883e-02 -5.60813816e-03 -9.22611821e-03 3.98964575e-03 -5.65554155e-03 4.74413065e-03 1.42920557e-02 -5.90900006e-03 -2.68115429e-03 -6.15653628e-03 1.97939877e-03 -4.23480757e-03 -2.69013899e-03 9.92262084e-03 1.67002361e-02
1.12408641e-04 -7.13244546e-04 -8.63872338e-05 -3.88097455e-04 1.31513210e-04 -1.74280547e-04 1.41181910e-04 4.25782287e-04 -1.72348853e-04 -7.85794618e-05 -1.80668852e-04 5.76640414e-05 -1.23421065e-04 -7.86200908e-05 2.89688207e-04 4.87341400e-04
-1.06753747e-03 -6.60289917e-03 -1.69308705e-03 -3.61215975e-03 1.37887802e-03 -1.84439821e-03 1.44526293e-03 4.34818305e-03 -1.76777027e-03 -8.06336931e-04 -1.85225671e-03 5.91775985e-04 -1.26661605e-03 -8.06394499e-04 2.97189038e-03 5.00015495e-03
-1.51579790e-02 -6.55250102e-02 -2.54231412e-02 -4.29931059e-02 1.80530008e-02 -2.53548585e-02 2.10558511e-02 6.34847730e-02 -2.61655729e-02 -1.18781477e-02 -2.72739697e-02 8.76480900e-03 -1.87523384e-02 -1.19138891e-02 4.39423472e-02 7.39557892e-02
-2.51500751e-05 4.71887924e-03 8.47122108e-04 2.43843999e-03 -8.03068629e-04 1.06087211e-03 -7.75077264e-04 -2.32722959e-03 9.28559049e-04 4.26058279e-04 9.77151562e-04 -3.10562667e-04 6.64913561e-04 4.24414349e-04 -1.56248070e-03 -2.62782560e-03
-2.61462899e-03 3.81177329e-02 1.17421625e-02 2.17971765e-02 -8.50079209e-03 1.17155984e-02 -9.42219608e-03 -2.84521487e-02 1.16045559e-02 5.28807892e-03 1.21470699e-02 -3.88494530e-03 8.31476878e-03 5.29260607e-03 -1.95062105e-02 -3.28190997e-02
-2.12904625e-03 -3.58759016e-02 -1.33377779e-02 -2.20054034e-02 9.46651865e-03 -1.32056801e-02 1.08664678e-02 3.27844955e-02 -1.34757673e-02 -6.12042984e-03 -1.40546812e-02 4.51371865e-03 -9.65753943e-03 -6.13686768e-03 2.26331986e-02 3.80910225e-02
2.96825892e-05 -3.16359568e-03 -9.61025129e-04 -1.78404897e-03 6.78392302e-04 -7.50338251e-04 5.77944971e-04 1.72690232e-03 -6.93944748e-04 -3.16709193e-04 -7.27877778e-04 2.32387640e-04 -4.97456058e-04 -3.16703023e-04 1.16725499e-03 1.96394976e-03
-6.23542815e-03 -3.00460011e-02 -1.05452621e-02 -1.84276886e-02 7.67368311e-03 -1.06474999e-02 8.82883929e-03 2.65972279e-02 -1.09177642e-02 -4.95852996e-03 -1.13869533e-02 3.65689350e-03 -7.82461651e-03 -4.97264322e-03 1.83386076e-02 3.08630392e-02
-7.99133815e-03 -1.60919782e-02 -5.48511418e-03 -1.03090648e-02 4.15740302e-03 -5.72110666e-03 4.67331335e-03 1.40886558e-02 -5.78205101e-03 -2.62823259e-03 -6.03202917e-03 1.93651428e-03 -4.14366508e-03 -2.63333134e-03 9.71149094e-03 1.63438860e-02
