3.38353636e-03 -2.07528770e-02 -2.07022093e-02 -9.47189424e-03 -7.90472981e-03 -6.36312272e-03 -1.37525715e-03 4.51730341e-02 -7.58959772e-03 8.78043752e-03 -1.54114477e-02 1.30883632e-02 -7.65153253e-03 -1.03561142e-02 2.30010916e-02 1.00810062e-02
-3.47485230e-03 2.63581891e-02 1.88952275e-02 9.00108367e-03 6.53649122e-03 5.54414047e-03 1.10485626e-03 -3.87160853e-02 6.52316073e-03 -7.49316346e-03 1.31832436e-02 -1.11900670e-02 6.54312968e-03 8.85373913e-03 -1.96642000e-02 -8.61931685e-03
-8.58573068e-04 -2.94339098e-03 -2.44762283e-03 -1.34087924e-03 -8.68929084e-04 -7.48577586e-04 -1.44114805e-04 5.15101524e-03 -8.66597984e-04 9.94227245e-04 -1.75017898e-03 1.48515543e-03 -8.68588162e-04 -1.17502082e-03 2.60972884e-03 1.14408648e-03
-1.55860488e-03 2.47112047e-02 2.25083623e-02 1.05221421e-02 8.20491463e-03 6.74034888e-03 1.43201230e-03 -4.74018939e-02 7.93559849e-03 -9.20666847e-03 1.61585771e-02 -1.37229748e-02 8.02227296e-03 1.08586270e-02 -2.41170768e-02 -1.05696116e-02
-8.22634343e-03 4.49886359e-02 4.29974347e-02 2.02109832e-02 1.60577670e-02 1.34501942e-02 2.85394164e-03 -9.31057781e-02 1.55897923e-02 -1.80569012e-02 3.17053087e-02 -2.69325972e-02 1.57452747e-02 2.13114452e-02 -4.73326668e-02 -2.07453594e-02
2.86505371e-03 -1.43440608e-02 -1.02584315e-02 -5.47131896e-03 -3.42095783e-03 -3.19607928e-03 -5.27228403e-04 2.09143460e-02 -3.53012444e-03 4.00925241e-03 -7.08321203e-03 6.00411091e-03 -3.51377414e-03 -4.74980287e-03 1.05494568e-02 4.62736189e-03
7.42715457e-03 7.02937739e-03 5.54658705e-04 1.98700349e-03 -1.65603240e-03 3.24156543e-04 -4.74697852e-04 3.84335034e-03 -4.78893402e-04 9.43402876e-04 -1.38255884e-03 1.24920195e-03 -7.11785164e-04 -9.92161571e-04 2.19505210e-03 9.39132238e-04
-5.55527920e-04 -1.26251369e-04 -1.81922063e-04 -9.15082419e-05 -5.50437253e-05 -5.27653247e-05 -8.40363555e-06 3.45032226e-04 -5.87682298e-05 6.61213926e-05 -1.17280637e-04 9.92950081e-05 -5.81338463e-05 -7.85389275e-05 1.74447108e-04 7.65407749e-05
3.14998347e-03 6.01593181e-02 4.68571149e-02 2.29122676e-02 1.65819973e-02 1.41627649e-02 2.79296585e-03 -9.63481814e-02 1.63023118e-02 -1.86274704e-02 3.28789689e-02 -2.78630741e-02 1.63006932e-02 2.20438279e-02 -4.89587598e-02 -2.14698818e-02
-3.66168329e-04 -9.70454188e-04 -2.03337404e-05 -7.28826926e-05 1.45007769e-04 2.21612245e-05 4.12012159e-05 -4.05766768e-04 7.12365654e-05 -9.36251890e-05 1.59211369e-04 -1.36565926e-04 7.95025553e-05 1.08253866e-04 -2.40428461e-04 -1.05130937e-04
3.06156231e-04 -5.83637413e-03 -5.25059225e-03 -2.50128028e-03 -1.90895400e-03 -1.60625728e-03 -3.31982214e-04 1.12135708e-02 -1.87727739e-03 2.17154738e-03 -3.81565490e-03 3.23957577e-03 -1.89412688e-03 -2.56327633e-03 5.69305615e-03 2.49532098e-03
2.28561717e-03 -2.23549400e-02 -1.94338672e-02 -9.23395809e-03 -6.96709147e-03 -5.79578383e-03 -1.19497732e-03 4.07853127e-02 -6.84472080e-03 7.90819339e-03 -1.38915731e-02 1.17946817e-02 -6.89627137e-03 -9.33202635e-03 2.07266193e-02 9.08531062e-03
-8.58948217e-04 5.41287009e-03 4.42465721e-03 2.06373818e-03 1.53400295e-03 1.32308528e-03 2.66065879e-04 -9.13296733e-03 1.53764035e-03 -1.76917866e-03 3.11273686e-03 -2.64172629e-03 1.54480140e-03 2.09002220e-03 -4.64195106e-03 -2.03490863e-03
-2.11345730e-03 2.47270335e-02 2.05727797e-02 9.73266084e-03 7.02906353e-03 6.19540410e-03 1.16839586e-03 -4.24106121e-02 7.15543330e-03 -8.18577688e-03 1.43944211e-02 -1.22189391e-02 7.14578619e-03 9.66728199e-03 -2.14713458e-02 -9.41275991e-03
6.06151298e-05 -1.64649189e-02 -1.52589576e-02 -6.75342791e-03 -5.61884884e-03 -4.51142481e-03 -9.75507020e-04 3.19388770e-02 -5.36061917e-03 6.21155091e-03 -1.08909681e-02 9.25265532e-03 -5.40858414e-03 -7.32146204e-03 1.62610747e-02 7.12635228e-03
-2.02696770e-04 6.35031387e-02 6.28422797e-02 2.70481277e-02 2.44106576e-02 1.90918073e-02 4.34070732e-03 -1.37052596e-01 2.29373500e-02 -2.67052334e-02 4.68054079e-02 -3.97696830e-02 2.32458916e-02 3.14699039e-02 -6.98952377e-02 -3.06309424e-02
-5.79547137e-03 1.73693839e-02 1.75918676e-02 8.15705582e-03 6.85171597e-03 5.46330027e-03 1.21012225e-03 -3.89395505e-02 6.50819484e-03 -7.57022901e-03 1.32722547e-02 -1.12760682e-02 6.59127720e-03 8.92271753e-03 -1.98174901e-02 -8.68493319e-03
3.89631372e-04 -1.95377022e-02 -1.72463413e-02 -8.23089760e-03 -6.28547231e-03 -5.26438095e-03 -1.08051114e-03 3.68840992e-02 -6.20053383e-03 7.13805016e-03 -1.25462580e-02 1.06510669e-02 -6.22837199e-03 -8.42767768e-03 1.87177230e-02 8.20515305e-03
-2.95555359e-03 9.10674315e-03 1.10268509e-02 4.75978991e-03 4.47712839e-03 3.45180742e-03 8.03216884e-04 -2.49795988e-02 4.17948980e-03 -4.86914348e-03 8.53291340e-03 -7.25039607e-03 4.23798664e-03 5.73732797e-03 -1.27427252e-02 -5.58437966e-03
-4.19792719e-04 -4.11576666e-02 -4.08643894e-02 -1.78264603e-02 -1.58702787e-02 -1.25991311e-02 -2.86502251e-03 8.98142830e-02 -1.50229931e-02 1.74965989e-02 -3.06691732e-02 2.60577407e-02 -1.52311465e-02 -2.06196085e-02 4.57965285e-02 2.00699177e-02
-1.67324336e-03 1.45338597e-02 1.44729754e-02 6.53770892e-03 5.46861161e-03 4.42311540e-03 9.50987451e-04 -3.13369446e-02 5.24285110e-03 -6.08367007e-03 1.06739486e-02 -9.06620082e-03 5.29988110e-03 7.17373099e-03 -1.59329511e-02 -6.98283827e-03
-1.40590807e-02 4.95025218e-02 5.99371307e-02 2.58595496e-02 2.44654752e-02 1.88168604e-02 4.39693034e-03 -1.36320978e-01 2.28075702e-02 -2.65762769e-02 4.65711318e-02 -3.95719707e-02 2.31304467e-02 3.13138701e-02 -6.95487633e-02 -3.04790493e-02
-4.22127545e-03 2.56021507e-02 1.79417580e-02 9.25364345e-03 6.10173168e-03 5.43193240e-03 9.42639948e-04 -3.69414538e-02 6.21944107e-03 -7.09958281e-03 1.25321774e-02 -1.06251370e-02 6.21679844e-03 8.40612687e-03 -1.86700448e-02 -8.18890240e-03
-6.94013375e-04 1.34406546e-02 1.36589818e-03 2.96544889e-03 -6.02481421e-04 2.26460732e-04 -1.57283299e-04 1.22248731e-03 -1.66566271e-04 3.03522102e-04 -4.55853035e-04 4.07815067e-04 -2.36589025e-04 -3.24288587e-04 7.22076336e-04 3.14331090e-04
9.50122194e-05 -2.25571450e-03 4.18023352e-04 -5.80745051e-04 4.61090181e-04 1.62809360e-04 9.41584804e-05 -1.81575795e-03 3.00597865e-04 -3.67447326e-04 6.34873402e-04 -5.41885558e-04 3.16373684e-04 4.29045322e-04 -9.52979899e-04 -4.17411356e-04
2.33874749e-03 -1.71740577e-02 -1.80394836e-02 -7.88260065e-03 -7.07224105e-03 -5.53640025e-03 -1.26319297e-03 3.98539342e-02 -6.66640047e-03 7.76151754e-03 -1.36035923e-02 1.15585467e-02 -6.75626146e-03 -9.14633088e-03 2.03141700e-02 8.90252180e-03
-2.27491418e-03 2.74554156e-02 2.13104486e-02 1.15437582e-02 6.68480340e-03 6.48166658e-03 1.07301015e-03 -4.21437174e-02 7.15249451e-03 -8.08333885e-03 1.43322879e-02 -1.21242590e-02 7.09779561e-03 9.59087815e-03 -2.13040635e-02 -9.34624765e-03
2.46613100e-03 3.36727425e-02 3.30865793e-02 1.55351842e-02 1.21939713e-02 1.02699110e-02 2.12682225e-03 -7.05492422e-02 1.18642999e-02 -1.36817740e-02 2.40683425e-02 -2.04232987e-02 1.19424649e-02 1.61591209e-02 -3.58897895e-02 -1.57317482e-02
-4.88163065e-03 -9.40777920e-03 -8.04897584e-03 -3.96410329e-03 -2.75790179e-03 -2.38626823e-03 -4.48492909e-04 1.63916405e-02 -2.75299442e-03 3.16708791e-03 -5.57451136e-03 4.72793821e-03 -2.76440545e-03 -3.73938517e-03 8.30497686e-03 3.64066614e-03
2.49877194e-05 -2.88462965e-03 -1.16230105e-03 -9.27467830e-04 -2.03080708e-04 -3.28061782e-04 -2.44555558e-05 1.85268745e-03 -3.19080718e-04 3.39990569e-04 -6.15137338e-04 5.17612149e-04 -3.03744280e-04 -4.09137225e-04 9.08793707e-04 3.99525248e-04
1.81024859e-03 -1.89212095e-02 -1.42891901e-02 -6.96214521e-03 -4.94255684e-03 -4.32883436e-03 -7.88534817e-04 2.97056530e-02 -5.00009255e-03 5.68559440e-03 -1.00269821e-02 8.50819517e-03 -4.97874618e-03 -6.73386874e-03 1.49564222e-02 6.56127790e-03
5.16421627e-03 -3.60601582e-02 -3.41286808e-02 -1.45068476e-02 -1.29173258e-02 -1.02968616e-02 -2.29482935e-03 7.29830340e-02 -1.22040063e-02 1.41989598e-02 -2.48963311e-02 2.11497992e-02 -1.23625575e-02 -1.67355202e-02 3.71698104e-02 1.62893999e-02
-9.27240215e-03 6.89894110e-02 7.03115463e-02 3.31516899e-02 2.71813832e-02 2.16655992e-02 4.85684536e-03 -1.54649451e-01 2.58809477e-02 -3.00902687e-02 5.27509749e-02 -4.48195376e-02 2.61989813e-02 3.54655348e-02 -7.87694529e-02 -3.45204845e-02
1.97088439e-03 -4.92871925e-02 -4.42091115e-02 -1.90998185e-02 -1.63569003e-02 -1.30611574e-02 -2.86451704e-03 9.37793702e-02 -1.56975053e-02 1.82458591e-02 -3.19925062e-02 2.71750521e-02 -1.58844236e-02 -2.15034578e-02 4.77594845e-02 2.09302362e-02
7.94550870e-04 2.63434239e-02 2.46516448e-02 1.06471442e-02 9.30889510e-03 7.54587958e-03 1.60893833e-03 -5.35210334e-02 8.95348284e-03 -1.04126260e-02 1.82535350e-02 -1.55069465e-02 9.06412769e-03 1.22708119e-02 -2.72537060e-02 -1.19436719e-02
7.44010322e-06 -1.50100933e-02 -1.26726441e-02 -5.85206086e-03 -4.67215152e-03 -3.88310826e-03 -8.10412981e-04 2.70591434e-02 -4.53522382e-03 5.25130192e-03 -9.22125764e-03 7.83103053e-03 -4.57829516e-03 -6.19635172e-03 1.37621118e-02 6.03169249e-03
-9.61079262e-03 1.45970695e-02 1.57096479e-02 6.91047823e-03 6.26391359e-03 4.87880129e-03 1.12067058e-03 -3.51526812e-02 5.87867619e-03 -6.84374152e-03 1.19953090e-02 -1.01918196e-02 5.95738366e-03 8.06485023e-03 -1.79121885e-02 -7.84985628e-03
1.99585524e-03 -4.41349996e-03 -3.18264496e-03 -1.63383083e-03 -9.58439894e-04 -8.66790477e-04 -1.46148246e-04 5.79014700e-03 -9.60711914e-04 1.11002347e-03 -1.95088109e-03 1.65708491e-03 -9.68814362e-04 -1.31124177e-03 2.91221077e-03 1.27634173e-03
5.29280864e-04 1.06978528e-02 9.56177060e-03 4.31944523e-03 3.39577650e-03 2.81932787e-03 6.09369075e-04 -1.99348852e-02 3.34093138e-03 -3.87632824e-03 6.80029904e-03 -5.77602955e-03 3.37647367e-03 4.57039988e-03 -1.01508889e-02 -4.44867928e-03
-5.01366612e-03 1.52262738e-02 1.90569628e-02 8.17051623e-03 7.81943835e-03 5.99860586e-03 1.40628731e-03 -4.35029455e-02 7.27772620e-03 -8.48152954e-03 1.48624079e-02 -1.26287723e-02 7.38171348e-03 9.99333151e-03 -2.21954044e-02 -9.72691365e-03
5.77205676e-04 -6.10930938e-03 -4.52551059e-03 -2.40480830e-03 -1.36094727e-03 -1.33863580e-03 -2.21798953e-04 8.80818255e-03 -1.48398511e-03 1.68733206e-03 -2.98078591e-03 2.52605905e-03 -1.47801684e-03 -1.99825200e-03 4.43814741e-03 1.94614823e-03
1.70521578e-03 1.41166057e-02 1.15779545e-02 5.86269982e-03 3.91468359e-03 3.46272998e-03 6.39511854e-04 -2.40204148e-02 4.02992591e-03 -4.63382155e-03 8.14569928e-03 -6.91682380e-03 4.04418958e-03 5.47256507e-03 -1.21547021e-02 -5.32782637e-03
2.49954313e-03 2.83063343e-03 2.40752497e-03 1.23345596e-03 7.74543383e-04 7.45745783e-04 1.26609957e-04 -4.84672561e-03 8.12527433e-04 -9.32179857e-04 1.64354604e-03 -1.39367313e-03 8.14976520e-04 1.10258092e-03 -2.44881841e-03 -1.07348769e-03
-8.22915323e-03 1.16051398e-02 1.83591787e-02 7.49858050e-03 8.09553452e-03 6.02528313e-03 1.45958376e-03 -4.42075022e-02 7.39387376e-03 -8.63424502e-03 1.51234297e-02 -1.28522934e-02 7.51211774e-03 1.01703517e-02 -2.25886200e-02 -9.89915989e-03
1.76425208e-03 -3.15572731e-02 -2.39395685e-02 -1.19176134e-02 -8.26388877e-03 -7.29399174e-03 -1.37111451e-03 4.99070324e-02 -8.43165629e-03 9.56090260e-03 -1.68478861e-02 1.42989280e-02 -8.36830866e-03 -1.13170464e-02 2.51268987e-02 1.10270968e-02
-1.75157096e-04 1.97337735e-02 1.66967679e-02 7.84047972e-03 5.72972605e-03 5.11820614e-03 9.51726222e-04 -3.44936587e-02 5.78537164e-03 -6.64517423e-03 1.16950050e-02 -9.92276333e-03 5.80214988e-03 7.85133429e-03 -1.74377896e-02 -7.64350174e-03
-4.36603650e-03 7.31033534e-02 6.04431294e-02 2.85479166e-02 2.18804777e-02 1.87905617e-02 3.66878114e-03 -1.29065067e-01 2.16495860e-02 -2.49358695e-02 4.39108238e-02 -3.72725055e-02 2.17943527e-02 2.94925068e-02 -6.55074716e-02 -2.87148058e-02
6.56082761e-04 2.24549808e-02 2.23015528e-02 1.02084288e-02 8.72597005e-03 6.92688022e-03 1.57037494e-03 -4.94263992e-02 8.26859102e-03 -9.62577760e-03 1.68729648e-02 -1.43364444e-02 8.37994274e-03 1.13445343e-02 -2.51964163e-02 -1.10421060e-02
-1.46312418e-03 -1.23317447e-02 -9.19620879e-03 -5.42602967e-03 -3.22260079e-03 -2.82945437e-03 -5.71369776e-04 1.89867057e-02 -3.18341283e-03 3.68818268e-03 -6.47454383e-03 5.49930520e-03 -3.21466825e-03 -4.35142731e-03 9.66453739e-03 4.23552888e-03
1.22053316e-03 -1.82450358e-02 -2.48943586e-02 -1.07604535e-02 -1.01760849e-02 -7.83073436e-03 -1.82778051e-03 5.67138493e-02 -9.48875770e-03 1.10561764e-02 -1.93746202e-02 1.64627507e-02 -9.62274894e-03 -1.30272005e-02 2.89336890e-02 1.26799047e-02
-1.24499202e-03 -8.94840620e-03 -6.94056135e-03 -2.89830379e-03 -2.55680247e-03 -2.03490583e-03 -4.51391301e-04 1.45591768e-02 -2.43641157e-03 2.83481600e-03 -4.96874098e-03 4.22173040e-03 -2.46769632e-03 -3.34069412e-03 7.41974916e-03 3.25163384e-03
1.53331831e-03 1.19926454e-02 8.41936097e-03 4.61931527e-03 2.71661510e-03 2.61532329e-03 4.37079638e-04 -1.69563536e-02 2.87738862e-03 -3.25793517e-03 5.76366438e-03 -4.88183042e-03 2.85697402e-03 3.86185129e-03 -8.57784785e-03 -3.76220304e-03
1.45444390e-03 -1.69639029e-02 -1.52342003e-02 -7.10166572e-03 -5.61678130e-03 -4.60893381e-03 -9.73167305e-04 3.22084688e-02 -5.39891561e-03 6.25223620e-03 -1.09732999e-02 9.31873452e-03 -5.44762844e-03 -7.37359561e-03 1.63768008e-02 7.17735523e-03
1.10241910e-03 -7.01301638e-03 -7.03231432e-03 -3.21720913e-03 -2.67131301e-03 -2.16414640e-03 -4.71509673e-04 1.53409261e-02 -2.56984751e-03 2.97954748e-03 -5.23044355e-03 4.44164546e-03 -2.59666145e-03 -3.51448217e-03 7.80570833e-03 3.42111941e-03
-3.72816389e-03 -4.34894627e-03 -5.28301997e-03 -2.38209241e-03 -2.05047871e-03 -1.64294615e-03 -3.62076447e-04 1.16982041e-02 -1.95771945e-03 2.27449392e-03 -3.98878986e-03 3.38861323e-03 -1.98074477e-03 -2.68136733e-03 5.95534034e-03 2.60991557e-03
-7.19131157e-03 -1.06397215e-02 -7.22721964e-03 -4.03316272e-03 -2.23261700e-03 -2.30856193e-03 -3.43276886e-04 1.44288894e-02 -2.42488785e-03 2.72579398e-03 -4.84880805e-03 4.09533782e-03 -2.39732559e-03 -3.23908939e-03 7.19475653e-03 3.15783918e-03
4.84954915e-04 -7.26359989e-03 -6.87842676e-03 -3.32906307e-03 -2.60104146e-03 -2.11000396e-03 -4.56708687e-04 1.49356462e-02 -2.50239554e-03 2.90020625e-03 -5.09119965e-03 4.32375632e-03 -2.52772099e-03 -3.42118484e-03 7.59846345e-03 3.33026284e-03
-2.73000740e-04 1.68335787e-03 1.74993556e-03 7.88852572e-04 6.70137408e-04 5.33760758e-04 1.19371100e-04 -3.82867968e-03 6.41071703e-04 -7.44987512e-04 1.30638340e-03 -1.10981963e-03 6.48737303e-04 8.78188526e-04 -1.95046957e-03 -8.54792015e-04
-1.81471230e-03 9.49152932e-03 1.02352388e-02 4.39647306e-03 3.94026563e-03 3.10487347e-03 6.99277793e-04 -2.22720355e-02 3.72801954e-03 -4.33658902e-03 7.60207791e-03 -6.45827875e-03 3.77501547e-03 5.11044962e-03 -1.13503980e-02 -4.97422135e-03
-2.58946279e-03 -5.13304025e-03 -6.23343862e-04 -4.15614049e-05 5.65497379e-04 2.01565912e-04 1.13396862e-04 -2.27640290e-03 3.80641257e-04 -4.52444743e-04 7.88208679e-04 -6.71016227e-04 3.92208778e-04 5.31154801e-04 -1.17974298e-03 -5.16993343e-04
-2.20331887e-04 -4.91922814e-03 -3.46742803e-03 -1.74512062e-03 -1.00882899e-03 -9.80899436e-04 -1.59392890e-04 6.42798562e-03 -1.08321593e-03 1.23468856e-03 -2.17821379e-03 1.84684701e-03 -1.08016760e-03 -1.46103348e-03 3.24494019e-03 1.42252864e-03
-4.38592583e-03 2.90526617e-02 2.98824180e-02 1.29160155e-02 1.17268926e-02 9.27397888e-03 2.08554324e-03 -6.61975592e-02 1.10826353e-02 -1.28886215e-02 2.25996934e-02 -1.91978514e-02 1.12218354e-02 1.51911490e-02 -3.37396748e-02 -1.47862723e-02
3.04350746e-03 1.61295407e-03 -2.67937779e-03 -8.86732654e-04 -1.61338330e-03 -9.42952465e-04 -3.24979104e-04 7.92785920e-03 -1.31476880e-03 1.57546671e-03 -2.73867627e-03 2.33276514e-03 -1.36202679e-03 -1.84670207e-03 4.10170713e-03 1.79634325e-03
2.51279771e-03 -1.79533288e-02 -1.45824011e-02 -6.86636427e-03 -5.34544792e-03 -4.37005330e-03 -9.17057798e-04 3.09171155e-02 -5.16837463e-03 6.00143289e-03 -1.05287023e-02 8.94262362e-03 -5.22743724e-03 -7.07608042e-03 1.57160293e-02 6.88756723e-03
3.11532593e-03 -1.46841677e-02 -1.41353905e-02 -6.46112161e-03 -5.32607222e-03 -4.34312131e-03 -9.34923068e-04 3.05795502e-02 -5.12312213e-03 5.94265480e-03 -1.04298024e-02 8.85782298e-03 -5.17826574e-03 -7.00887386e-03 1.55667802e-02 6.82246638e-03
-2.19818950e-03 1.38879921e-02 7.13846879e-03 4.24354617e-03 1.40215224e-03 1.97864999e-03 1.77330672e-04 -1.18455430e-02 1.99085311e-03 -2.21321895e-03 3.93903488e-03 -3.32691777e-03 1.94901833e-03 2.63108150e-03 -5.84378978e-03 -2.56350171e-03
9.32355179e-04 -2.48956084e-02 -2.23299339e-02 -1.03062550e-02 -8.08592141e-03 -6.63683610e-03 -1.39118824e-03 4.67884503e-02 -7.82820769e-03 9.08362400e-03 -1.59433316e-02 1.35392519e-02 -7.91474525e-03 -1.07132215e-02 2.37942655e-02 1.04280068e-02
-8.62465054e-03 -4.46326621e-02 -3.62868048e-02 -1.73543058e-02 -1.36233568e-02 -1.10280849e-02 -2.39928067e-03 7.73565024e-02 -1.29531529e-02 1.50514329e-02 -2.64042579e-02 2.24260613e-02 -1.31096607e-02 -1.77446529e-02 3.94112542e-02 1.72727443e-02
-3.76182230e-04 -3.82396695e-03 -5.16529137e-04 -9.23360465e-04 4.49272397e-04 -1.21347315e-04 1.37133684e-04 -7.28945946e-04 9.53682611e-05 -1.96115725e-04 2.87409552e-04 -2.59964028e-04 1.48246225e-04 2.07067176e-04 -4.59686271e-04 -1.97559115e-04
-3.23897973e-03 9.23313014e-03 6.96494384e-03 3.33193317e-03 2.28828099e-03 2.07789359e-03 3.60345584e-04 -1.40437093e-02 2.36763572e-03 -2.70079216e-03 4.77274554e-03 -4.04401682e-03 2.36610789e-03 3.19899339e-03 -7.10508414e-03 -3.11621511e-03
-1.36014167e-03 3.34025770e-02 2.73572002e-02 1.25234537e-02 9.38405469e-03 8.00041109e-03 1.60275085e-03 -5.52008711e-02 9.29030310e-03 -1.06875487e-02 1.87986437e-02 -1.59564316e-02 9.33210645e-03 1.26240337e-02 -2.80393492e-02 -1.22913746e-02
8.18194239e-04 7.10056536e-03 5.63725038e-03 2.68015289e-03 2.03044247e-03 1.68592879e-03 3.65481828e-04 -1.19111398e-02 1.99821452e-03 -2.31546187e-03 4.06389218e-03 -3.45160137e-03 2.01773783e-03 2.73111695e-03 -6.06582174e-03 -2.65841885e-03
-1.54141905e-02 1.13769263e-01 9.54589322e-02 4.46612984e-02 3.56321223e-02 2.92666592e-02 6.09463733e-03 -2.05927581e-01 3.45023833e-02 -3.99631821e-02 7.01728985e-02 -5.95843047e-02 3.48328538e-02 4.71470244e-02 -1.04713470e-01 -4.58939448e-02
-1.53145567e-03 1.93758830e-02 1.82454642e-02 8.16677511e-03 6.73340447e-03 5.53924823e-03 1.17507251e-03 -3.91809717e-02 6.54843822e-03 -7.61166122e-03 1.33469496e-02 -1.13384966e-02 6.62771333e-03 8.97208974e-03 -1.99271422e-02 -8.73295218e-03
-2.41805450e-03 -1.35237202e-02 -1.09370397e-02 -5.03284764e-03 -3.78814409e-03 -3.26563744e-03 -6.49695343e-04 2.25284658e-02 -3.79905640e-03 4.36422229e-03 -7.67566869e-03 6.51475322e-03 -3.80966929e-03 -5.15422644e-03 1.14476616e-02 5.01831435e-03
-2.10568309e-03 3.85022862e-03 1.90339098e-03 1.23563665e-03 4.13775269e-04 5.75521495e-04 5.74961487e-05 -3.32836970e-03 5.76620048e-04 -6.17800164e-04 1.10985560e-03 -9.37371165e-04 5.50249068e-04 7.40996329e-04 -1.64611812e-03 -7.23997771e-04
-1.43797253e-03 -2.07798593e-02 -1.67208519e-02 -8.61158036e-03 -5.90544613e-03 -5.07789664e-03 -1.02747488e-03 3.47477458e-02 -5.82354236e-03 6.72630267e-03 -1.18296519e-02 1.00390892e-02 -5.86988311e-03 -7.94313755e-03 1.76415369e-02 7.73276808e-03
-2.55275192e-03 3.92892808e-02 3.70386541e-02 1.57925133e-02 1.38713801e-02 1.10683879e-02 2.49548815e-03 -7.92602673e-02 1.32588968e-02 -1.54311182e-02 2.70493515e-02 -2.29815263e-02 1.34332813e-02 1.81853920e-02 -4.03900631e-02 -1.77006070e-02
1.20052241e-03 -1.49065927e-02 -1.20547106e-02 -5.84262703e-03 -4.18576412e-03 -3.63737252e-03 -7.02937192e-04 2.48477794e-02 -4.18274198e-03 4.79669077e-03 -8.44626501e-03 7.16633303e-03 -4.19136789e-03 -5.66968368e-03 1.25923548e-02 5.52063389e-03
2.47346284e-03 -2.13621780e-02 -2.02315059e-02 -9.54522472e-03 -7.30323512e-03 -6.07109163e-03 -1.28447078e-03 4.24900316e-02 -7.13785412e-03 8.24850798e-03 -1.44890854e-02 1.23024303e-02 -7.19278306e-03 -9.73405875e-03 2.16193739e-02 9.47588682e-03
-2.62027979e-03 6.93313126e-03 6.40524318e-03 3.09171877e-03 2.44406378e-03 1.98555528e-03 4.25446080e-04 -1.40863443e-02 2.35652714e-03 -2.73436052e-03 4.79762023e-03 -4.07512905e-03 2.38224282e-03 3.22455727e-03 -7.16176676e-03 -3.13875452e-03
8.94948374e-04 -1.12183560e-02 -9.97987576e-03 -4.64992225e-03 -3.59094888e-03 -3.02815880e-03 -6.06027083e-04 2.10123602e-02 -3.52200354e-03 4.07239236e-03 -7.14963768e-03 6.07203692e-03 -3.54982051e-03 -4.80450504e-03 1.06708873e-02 4.67677601e-03
5.37945936e-03 -5.11031272e-03 -6.70747925e-03 -2.75369780e-03 -2.90298043e-03 -2.13815505e-03 -5.25880081e-04 1.58594381e-02 -2.64707347e-03 3.09625687e-03 -5.42114442e-03 4.60735429e-03 -2.69284472e-03 -3.64604080e-03 8.09796713e-03 3.54872574e-03
-1.59415533e-03 -1.46757681e-02 -1.10365348e-02 -5.26820868e-03 -3.63420416e-03 -3.15716118e-03 -6.32570009e-04 2.19229907e-02 -3.67109547e-03 4.24392428e-03 -7.45483348e-03 6.33024052e-03 -3.70085263e-03 -5.00873011e-03 1.11243259e-02 4.87550627e-03
-1.60265365e-03 1.88819021e-02 1.60265043e-02 7.34472368e-03 6.00925041e-03 4.80587361e-03 1.05206098e-03 -3.42579447e-02 5.73170930e-03 -6.66891318e-03 1.16912238e-02 -9.93294828e-03 5.80607122e-03 7.85991363e-03 -1.74570195e-02 -7.65038701e-03
-1.69023871e-04 1.86674893e-02 1.67802181e-02 7.63638970e-03 6.36379095e-03 5.12806838e-03 1.13245042e-03 -3.63075733e-02 6.08125189e-03 -7.06550153e-03 1.23935165e-02 -1.05270622e-02 6.15362963e-03 8.32991954e-03 -1.85008422e-02 -8.10799189e-03
-6.70859497e-03 3.46103311e-02 2.55253091e-02 1.23960469e-02 9.03155562e-03 7.75256846e-03 1.53767178e-03 -5.37156984e-02 8.99406616e-03 -1.03825564e-02 1.82836559e-02 -1.55012961e-02 9.06594098e-03 1.22650955e-02 -2.72415914e-02 -1.19430665e-02
3.72185884e-03 7.73526821e-03 7.15596322e-03 3.77523690e-03 2.41387775e-03 2.25577201e-03 3.72983224e-04 -1.50274849e-02 2.53472291e-03 -2.87342444e-03 5.07470733e-03 -4.30227676e-03 2.51752767e-03 3.40365223e-03 -7.55978283e-03 -3.31646972e-03
-3.83407576e-03 -4.74038813e-03 -3.78475897e-03 -1.83055107e-03 -1.25307695e-03 -1.11121195e-03 -2.08749814e-04 7.52025377e-03 -1.26666948e-03 1.45414402e-03 -2.56151683e-03 2.17184331e-03 -1.27018418e-03 -1.71822531e-03 3.81615921e-03 1.67292857e-03
4.73911350e-05 -5.02177328e-03 -2.71786610e-03 -1.34541374e-03 -8.20855959e-04 -7.78619142e-04 -1.38713338e-04 5.15592890e-03 -8.70087650e-04 9.93589172e-04 -1.75248832e-03 1.48555450e-03 -8.68761505e-04 -1.17519579e-03 2.61006854e-03 1.14424014e-03
-5.02482150e-03 2.29746178e-02 2.10379940e-02 9.58537962e-03 7.92592485e-03 6.46951795e-03 1.40636659e-03 -4.54346836e-02 7.61494925e-03 -8.83870106e-03 1.55047048e-02 -1.31698493e-02 7.69868074e-03 1.04210256e-02 -2.31452957e-02 -1.01437941e-02
-3.17248655e-03 1.74721442e-02 1.75639279e-02 7.82796461e-03 6.78851875e-03 5.39798243e-03 1.19558326e-03 -3.84764411e-02 6.44742884e-03 -7.48399924e-03 1.31294737e-02 -1.11515569e-02 6.51899772e-03 8.82381387e-03 -1.95978191e-02 -8.58909823e-03
3.60147702e-03 -4.29505445e-02 -3.82813886e-02 -1.68740228e-02 -1.37161380e-02 -1.12649901e-02 -2.36916984e-03 7.96000361e-02 -1.33379139e-02 1.54454447e-02 -2.70864144e-02 2.30108630e-02 -1.34515110e-02 -1.82076171e-02 4.04391065e-02 1.77227352e-02
2.84371455e-03 -3.25041786e-02 -3.01962271e-02 -1.28603270e-02 -1.12863276e-02 -8.94028042e-03 -2.00022524e-03 6.39711097e-02 -1.07035264e-02 1.24550015e-02 -2.18349621e-02 1.85508039e-02 -1.08431308e-02 -1.46790762e-02 3.26024964e-02 1.42877577e-02
2.78912194e-04 -7.81830167e-05 -1.15180330e-03 -3.67433066e-04 -6.20865729e-04 -4.09548869e-04 -1.18293297e-04 3.17383208e-03 -5.29211771e-04 6.24667504e-04 -1.09027361e-03 9.27601941e-04 -5.42012858e-04 -7.34155357e-04 1.63060485e-03 7.14474474e-04
-3.60810780e-04 -1.78478621e-02 -1.08279698e-02 -7.01721106e-03 -2.64661480e-03 -3.40868626e-03 -2.93091638e-04 1.94144901e-02 -3.32516641e-03 3.57380928e-03 -6.42454531e-03 5.42200264e-03 -3.18225054e-03 -4.28922055e-03 9.53366142e-03 4.19154158e-03
3.00092692e-03 2.05538422e-02 1.54771078e-02 8.89614597e-03 4.90795774e-03 4.51960275e-03 7.59016606e-04 -3.07045355e-02 5.21209650e-03 -5.90213481e-03 1.04610063e-02 -8.85402132e-03 5.17882872e-03 7.00309034e-03 -1.55556761e-02 -6.83128834e-03
2.05933256e-03 7.77385954e-04 9.25319502e-04 4.81452211e-04 2.98054976e-04 2.66003452e-04 5.23538693e-05 -1.82620622e-03 3.07462818e-04 -3.53120267e-04 6.20564446e-04 -5.26903663e-04 3.08061572e-04 4.16871975e-04 -9.25858389e-04 -4.05793398e-04
2.16847844e-03 -2.31605163e-03 -3.83611396e-03 -1.58822082e-03 -1.60660758e-03 -1.20293547e-03 -2.89955031e-04 8.81368294e-03 -1.47628493e-03 1.72216177e-03 -3.01642297e-03 2.56346026e-03 -1.49832550e-03 -2.02853815e-03 4.50543687e-03 1.97442737e-03
-3.36757931e-03 1.35711571e-02 1.68501977e-02 7.25415535e-03 6.88503776e-03 5.29297860e-03 1.23697950e-03 -3.83546054e-02 6.41698856e-03 -7.47735705e-03 1.31029822e-02 -1.11337565e-02 6.50785910e-03 8.81030038e-03 -1.95678640e-02 -8.57542176e-03
3.84166557e-03 3.41361426e-02 2.79127024e-02 1.32053271e-02 9.68675874e-03 8.02625064e-03 1.69012777e-03 -5.63777648e-02 9.45839938e-03 -1.09314360e-02 1.91973746e-02 -1.62987877e-02 9.52846371e-03 1.28960283e-02 -2.86420211e-02 -1.25531517e-02
1.11687870e-03 -1.57626569e-02 -1.05756465e-02 -5.57586830e-03 -3.50883743e-03 -3.24499072e-03 -5.53854858e-04 2.14884020e-02 -3.63750686e-03 4.12421906e-03 -7.29487883e-03 6.17814157e-03 -3.61686153e-03 -4.88674501e-03 1.08541027e-02 4.76254802e-03
-2.26438278e-05 9.51045100e-03 8.25688336e-03 3.79216857e-03 3.05276667e-03 2.47660279e-03 5.31164871e-04 -1.75112076e-02 2.93012569e-03 -3.40045616e-03 5.96601004e-03 -5.06711146e-03 2.96203396e-03 4.00946289e-03 -8.90504196e-03 -3.90267000e-03
2.50496762e-03 -1.74532644e-02 -1.74508113e-02 -7.64413830e-03 -6.73131878e-03 -5.32862684e-03 -1.20696437e-03 3.81002948e-02 -6.37794752e-03 7.42191356e-03 -1.30094644e-02 1.10533452e-02 -6.46095956e-03 -8.74660909e-03 1.94263775e-02 8.51344597e-03
9.30612721e-03 -1.06259938e-02 -1.53920799e-02 -6.55463757e-03 -6.54834975e-03 -4.91150189e-03 -1.17735181e-03 3.61333266e-02 -6.04318129e-03 7.04664737e-03 -1.23447189e-02 1.04904836e-02 -6.13182364e-03 -8.30134656e-03 1.84374861e-02 8.08003359e-03
4.00566915e-03 1.48055078e-02 1.28491828e-02 6.15571812e-03 4.64107515e-03 3.93809611e-03 8.36379419e-04 -2.71720234e-02 4.55814414e-03 -5.27697988e-03 9.26451851e-03 -7.86855817e-03 4.59987670e-03 6.22619875e-03 -1.38284042e-02 -6.06060214e-03
-2.51304312e-03 2.06512511e-02 1.94256157e-02 1.05287479e-02 7.20165158e-03 5.79826860e-03 1.27808738e-03 -4.13489230e-02 6.92527276e-03 -8.03566258e-03 1.40921157e-02 -1.19719831e-02 6.99806400e-03 9.47314128e-03 -2.10399479e-02 -9.22071375e-03
-2.20940681e-03 4.77318689e-02 4.47921455e-02 2.06370410e-02 1.69609413e-02 1.35754021e-02 2.94163078e-03 -9.69974175e-02 1.62606798e-02 -1.88758541e-02 3.30915153e-02 -2.81141568e-02 1.64339021e-02 2.22467743e-02 -4.94104661e-02 -2.16538198e-02
-1.63361849e-03 2.81234998e-02 2.59883888e-02 1.25851743e-02 9.75685846e-03 7.77264405e-03 1.75835995e-03 -5.57956174e-02 9.34136473e-03 -1.08689694e-02 1.90531891e-02 -1.61874723e-02 9.46206693e-03 1.28091741e-02 -2.84493584e-02 -1.24677345e-02
-4.11012210e-04 1.04798814e-02 9.40374751e-03 4.45682509e-03 3.47407185e-03 2.88289180e-03 6.03529217e-04 -2.01933440e-02 3.37229064e-03 -3.91321676e-03 6.87097758e-03 -5.83525281e-03 3.41121573e-03 4.61729337e-03 -1.02550164e-02 -4.49436344e-03
-9.51766269e-04 -5.83607284e-03 -5.13107143e-03 -2.32771481e-03 -1.90429564e-03 -1.54955778e-03 -3.32334137e-04 1.09003615e-02 -1.82475219e-03 2.11902545e-03 -3.71668325e-03 3.15722986e-03 -1.84556236e-03 -2.49825930e-03 5.54866204e-03 2.43169977e-03
-3.73506523e-03 2.90471725e-02 2.91811042e-02 1.31631903e-02 1.12277092e-02 8.92309286e-03 2.01195828e-03 -6.38580248e-02 1.06984172e-02 -1.24328798e-02 2.18023472e-02 -1.85217373e-02 1.08268894e-02 1.46560892e-02 -3.25513892e-02 -1.42657198e-02
1.38287665e-03 -1.75561551e-02 -1.57682449e-02 -6.80898922e-03 -5.96152665e-03 -4.75726649e-03 -1.06620847e-03 3.39050293e-02 -5.66663360e-03 6.59521762e-03 -1.15610752e-02 9.82235838e-03 -5.74139459e-03 -7.77247502e-03 1.72627941e-02 7.56528694e-03
8.38011620e-04 -1.23265097e-02 -1.11369090e-02 -6.12481823e-03 -4.10746597e-03 -3.43511184e-03 -7.14744790e-04 2.38621421e-02 -4.00086865e-03 4.63025644e-03 -8.12904816e-03 6.90531125e-03 -4.03684052e-03 -5.46394894e-03 1.21354936e-02 5.31869847e-03
1.77640002e-04 4.99969022e-03 3.90597829e-03 1.87388225e-03 1.49489066e-03 1.20023254e-03 2.60140339e-04 -8.50396510e-03 1.42502086e-03 -1.65468629e-03 2.90247123e-03 -2.46539945e-03 1.44113193e-03 1.95082789e-03 -4.33281064e-03 -1.89885648e-03
3.49734956e-03 -1.97351053e-02 -2.02878304e-02 -8.90165661e-03 -7.96441454e-03 -6.23256154e-03 -1.42936187e-03 4.48038913e-02 -7.49563985e-03 8.73013027e-03 -1.53001565e-02 1.30003598e-02 -7.59895379e-03 -1.02873156e-02 2.28483323e-02 1.00130662e-02
1.13103408e-02 1.06762508e-02 4.23974916e-03 2.59861280e-03 5.16906322e-04 1.15754316e-03 6.46342232e-05 -5.88036841e-03 9.77932126e-04 -1.09817169e-03 1.94690004e-03 -1.64767797e-03 9.63772414e-04 1.30341528e-03 -2.89476546e-03 -1.26887439e-03
8.16869782e-04 -4.24066046e-03 -3.54122883e-03 -1.77219359e-03 -1.22496998e-03 -1.10007229e-03 -2.02670417e-04 7.51578715e-03 -1.26732374e-03 1.44105684e-03 -2.54458259e-03 2.15829676e-03 -1.26374769e-03 -1.70754513e-03 3.79254390e-03 1.66411349e-03
-6.06456026e-03 1.03955017e-02 1.58270132e-02 6.41945936e-03 6.78500393e-03 5.05025731e-03 1.22989842e-03 -3.71543691e-02 6.21905364e-03 -7.25744758e-03 1.27114495e-02 -1.08028492e-02 6.31430512e-03 8.54864623e-03 -1.89867727e-02 -8.32068734e-03
-5.12947270e-04 1.87476014e-03 2.47711921e-03 1.03615026e-03 1.02033722e-03 7.78756512e-04 1.83864264e-04 -5.65604400e-03 9.45982349e-04 -1.10326800e-03 1.93285930e-03 -1.64251274e-03 9.60052712e-04 1.29975693e-03 -2.88678962e-03 -1.26509077e-03
-7.42093194e-04 -1.20611815e-03 5.33215469e-04 2.93214107e-05 3.65049491e-04 2.00825903e-04 6.80885641e-05 -1.71402399e-03 2.83938105e-04 -3.39000369e-04 5.89983480e-04 -5.02449402e-04 2.93543155e-04 3.97718628e-04 -8.83366447e-04 -3.87030217e-04
3.58275976e-03 -4.62734774e-02 -4.46874537e-02 -2.01193094e-02 -1.69827193e-02 -1.34538841e-02 -3.03833582e-03 9.62496921e-02 -1.61025953e-02 1.87317338e-02 -3.28387767e-02 2.78998874e-02 -1.63083319e-02 -2.20772400e-02 4.90338951e-02 2.14887690e-02
-1.65682507e-03 7.39189237e-03 7.25795515e-03 3.39014037e-03 2.85550160e-03 2.27066129e-03 5.09166741e-04 -1.61840562e-02 2.70907581e-03 -3.15019139e-03 5.52421715e-03 -4.69302572e-03 2.74331635e-03 3.71356006e-03 -8.24786816e-03 -3.61467642e-03
-1.12068085e-02 4.45495322e-02 4.42933477e-02 2.01187916e-02 1.70949791e-02 1.35678975e-02 3.04392190e-03 -9.68666524e-02 1.62282828e-02 -1.88438147e-02 3.30563262e-02 -2.80784797e-02 1.64136924e-02 2.22178977e-02 -4.93462384e-02 -2.16266252e-02
4.12110845e-03 -2.79275961e-02 -2.42581200e-02 -1.07032526e-02 -8.83846637e-03 -7.34233717e-03 -1.56901684e-03 5.14339842e-02 -8.60113557e-03 9.98386741e-03 -1.75167583e-02 1.48780420e-02 -8.69707391e-03 -1.17725991e-02 2.61470526e-02 1.14590125e-02
2.15881679e-04 -1.46419113e-03 -1.03160914e-03 -5.02059353e-04 -3.29149916e-04 -2.82335153e-04 -6.03804547e-05 1.99225033e-03 -3.33887438e-04 3.87330278e-04 -6.79335441e-04 5.77065162e-04 -3.37325007e-04 -4.56615729e-04 1.01414940e-03 4.44450445e-04
1.26262056e-03 -2.26282030e-02 -1.91194005e-02 -8.89308751e-03 -7.08396966e-03 -5.74366469e-03 -1.22251350e-03 4.08695452e-02 -6.84514316e-03 7.93628860e-03 -1.39188152e-02 1.18239531e-02 -6.91173691e-03 -9.35591199e-03 2.07795072e-02 9.10673756e-03
-2.55281385e-03 -1.11408588e-02 -7.93820620e-03 -4.23818734e-03 -2.80212378e-03 -2.46338663e-03 -4.96085559e-04 1.69083122e-02 -2.82725715e-03 3.27458559e-03 -5.75252436e-03 4.88501275e-03 -2.85560661e-03 -3.86520871e-03 8.58464371e-03 3.76234250e-03
