5.54227782e-03 -2.26175152e-02 -9.76488087e-03 -1.63176451e-02 1.33911322e-03 -1.16476631e-02 -1.47583813e-03 2.89704297e-02 -3.76036507e-03 -2.96472432e-03 -9.45001375e-03 3.47223389e-03 -8.87386408e-03 -5.37809124e-03 1.75522380e-02 1.36991777e-02
-8.35289620e-03 3.75249833e-02 1.38219958e-02 2.75243558e-02 -2.71480787e-03 2.00706162e-02 2.53816461e-03 -5.00437431e-02 6.45833649e-03 5.18652005e-03 1.64034050e-02 -6.01792475e-03 1.54328067e-02 9.35185887e-03 -3.05316057e-02 -2.38330998e-02
1.44063309e-03 -9.60479304e-03 -3.60742677e-03 -8.13391432e-03 8.39054585e-04 -5.93508361e-03 -7.49702158e-04 1.48059288e-02 -1.90741103e-03 -1.53795653e-03 -4.85370168e-03 1.78083091e-03 -4.56753699e-03 -2.76780548e-03 9.03632026e-03 7.05381995e-03
-6.52828533e-03 3.21509615e-02 1.29187983e-02 2.47045085e-02 -2.40802253e-03 1.79239027e-02 2.26265285e-03 -4.46185842e-02 5.73954312e-03 4.63622250e-03 1.46229602e-02 -5.36239380e-03 1.37612335e-02 8.33850633e-03 -2.72258203e-02 -2.12536193e-02
-1.09003568e-02 4.27866355e-02 1.70925148e-02 3.09363920e-02 -2.54131900e-03 2.22303756e-02 2.77559063e-03 -5.49714752e-02 7.05134077e-03 5.62415598e-03 1.78794432e-02 -6.56389399e-03 1.68235544e-02 1.01958755e-02 -3.32820825e-02 -2.59788856e-02
3.58715327e-03 -1.42888511e-02 -5.61288279e-03 -8.86982027e-03 6.13933953e-04 -6.15667319e-03 -7.69643055e-04 1.52840801e-02 -1.96746062e-03 -1.50948879e-03 -4.91051655e-03 1.81141368e-03 -4.59673721e-03 -2.78794835e-03 9.08772741e-03 7.08860485e-03
4.00583399e-03 8.18398967e-03 1.97999761e-03 4.81764553e-03 -7.66692916e-04 3.29227932e-03 3.81674996e-04 -7.97013100e-03 1.02546706e-03 8.77517916e-04 2.64012418e-03 -9.61869489e-04 2.50471686e-03 1.51491258e-03 -4.95659001e-03 -3.87512171e-03
-4.92578722e-04 7.80736678e-04 2.67450232e-04 7.29660096e-04 -8.69551659e-05 5.51648787e-04 6.97911019e-05 -1.37812214e-03 1.77303751e-04 1.45262689e-04 4.54092515e-04 -1.66384852e-04 4.28038242e-04 2.59329041e-04 -8.46991839e-04 -6.61298516e-04
-6.56847004e-03 6.31803870e-02 2.51182169e-02 3.86968330e-02 -3.25939059e-03 2.72969827e-02 3.42126517e-03 -6.73909038e-02 8.78417771e-03 6.80203876e-03 2.20606476e-02 -8.10800306e-03 2.06319150e-02 1.25101879e-02 -4.07941528e-02 -3.18283886e-02
-7.17416871e-04 2.14593601e-03 8.92414362e-04 2.18448252e-03 -2.34830615e-04 1.62892020e-03 2.06625497e-04 -4.06870898e-03 5.23631345e-04 4.24877624e-04 1.33607478e-03 -4.89985279e-04 1.25807291e-03 7.62306387e-04 -2.48914026e-03 -1.94317172e-03
9.58970166e-04 -5.48117049e-03 -2.16535130e-03 -3.59223085e-03 2.59078137e-04 -2.53270194e-03 -3.19049665e-04 6.31531375e-03 -8.07644450e-04 -6.40257495e-04 -2.04511802e-03 7.50907173e-04 -1.92059064e-03 -1.16394239e-03 3.79873067e-03 2.96488008e-03
6.15083659e-03 -2.85601318e-02 -1.14684990e-02 -2.10492536e-02 1.90896122e-03 -1.51433544e-02 -1.91667315e-03 3.77845503e-02 -4.86601936e-03 -3.89987300e-03 -1.23480316e-02 4.53511300e-03 -1.16107818e-02 -7.03657139e-03 2.29685400e-02 1.79277454e-02
-1.72236119e-03 7.31027126e-03 2.97339237e-03 5.21796709e-03 -4.61211486e-04 3.78485001e-03 4.77165479e-04 -9.40241478e-03 1.21481705e-03 9.68339562e-04 3.07792774e-03 -1.13073178e-03 2.89249001e-03 1.75301824e-03 -5.72157977e-03 -4.46571782e-03
-5.87277580e-03 2.94787195e-02 1.21167321e-02 2.05123238e-02 -1.68755581e-03 1.47854090e-02 1.86511397e-03 -3.68758850e-02 4.75966558e-03 3.76805267e-03 1.19680166e-02 -4.39904630e-03 1.12497034e-02 6.81822700e-03 -2.22523212e-02 -1.73672177e-02
3.99525184e-03 -2.24739797e-02 -9.40412469e-03 -1.69651601e-02 1.72871933e-03 -1.23962155e-02 -1.56594429e-03 3.08630709e-02 -3.98195582e-03 -3.21373204e-03 -1.01151625e-02 3.71012767e-03 -9.52304620e-03 -5.77027583e-03 1.88412014e-02 1.47084789e-02
-1.60337053e-02 8.58077109e-02 3.28040607e-02 6.72573596e-02 -7.22915074e-03 4.97145653e-02 6.27970649e-03 -1.23815492e-01 1.59524139e-02 1.29472734e-02 4.07040641e-02 -1.49266403e-02 3.83305177e-02 2.32255273e-02 -7.58394599e-02 -5.92055582e-02
-7.23402388e-03 2.50340439e-02 9.58131626e-03 1.99115295e-02 -1.90382567e-03 1.43878460e-02 1.81656401e-03 -3.59219871e-02 4.60015191e-03 3.71840736e-03 1.17176296e-02 -4.29765834e-03 1.10301012e-02 6.68350514e-03 -2.18226463e-02 -1.70358643e-02
4.80496651e-03 -2.71102134e-02 -1.05573088e-02 -1.99899934e-02 1.78138656e-03 -1.44120520e-02 -1.82111666e-03 3.60065363e-02 -4.63923998e-03 -3.69680766e-03 -1.17307073e-02 4.30728821e-03 -1.10287443e-02 -6.68447698e-03 2.18165163e-02 1.70280356e-02
-2.47434434e-03 7.01002544e-03 3.04522295e-03 4.74186800e-03 -3.88638029e-04 3.37333325e-03 4.27547231e-04 -8.39309953e-03 1.07853359e-03 8.64992267e-04 2.73598451e-03 -1.00359775e-03 2.57377629e-03 1.55956030e-03 -5.09181712e-03 -3.97482887e-03
1.27830599e-02 -6.54225871e-02 -2.41995472e-02 -5.45097552e-02 5.84010035e-03 -4.04039994e-02 -5.09660458e-03 1.00607410e-01 -1.29573494e-02 -1.05219362e-02 -3.30780447e-02 1.21292891e-02 -3.11487652e-02 -1.88738853e-02 6.16299100e-02 4.81126048e-02
-3.32173216e-03 1.46869868e-02 6.31894590e-03 1.05398111e-02 -9.05071152e-04 7.58569688e-03 9.58932738e-04 -1.89536233e-02 2.42463197e-03 1.94103864e-03 6.15104660e-03 -2.25769356e-03 5.78316208e-03 3.50442342e-03 -1.14403386e-02 -8.93013645e-03
-1.34161059e-02 4.29658443e-02 1.76763348e-02 3.05581223e-02 -2.70558335e-03 2.18106043e-02 2.75616418e-03 -5.41853942e-02 6.97022630e-03 5.62583329e-03 1.77430846e-02 -6.50887052e-03 1.66977178e-02 1.01180086e-02 -3.30350474e-02 -2.57883165e-02
-7.35724624e-03 3.22723798e-02 1.17912879e-02 2.15109196e-02 -1.84336235e-03 1.53015945e-02 1.93475967e-03 -3.82215865e-02 4.91570914e-03 3.88337323e-03 1.24231689e-02 -4.56826575e-03 1.16618546e-02 7.07049994e-03 -2.30660979e-02 -1.79994181e-02
-6.92524528e-03 3.41678001e-02 1.13677355e-02 2.76665315e-02 -3.05601815e-03 2.03140844e-02 2.56383955e-03 -5.06402180e-02 6.52469136e-03 5.30311884e-03 1.66589357e-02 -6.10834127e-03 1.56893712e-02 9.50646400e-03 -3.10426187e-02 -2.42342111e-02
2.62111216e-03 -1.24565260e-02 -4.36725793e-03 -1.08446404e-02 1.21713360e-03 -8.00762139e-03 -1.01116276e-03 1.99718121e-02 -2.57358630e-03 -2.09233048e-03 -6.57224935e-03 2.40990310e-03 -6.18982781e-03 -3.75056849e-03 1.22471144e-02 9.56100412e-03
5.64691704e-03 -2.49691457e-02 -9.69553087e-03 -1.99243352e-02 2.06293212e-03 -1.46575319e-02 -1.85240654e-03 3.65626439e-02 -4.70330659e-03 -3.81496525e-03 -1.19974399e-02 4.39978158e-03 -1.12972036e-02 -6.84526097e-03 2.23518983e-02 1.74493548e-02
-8.09378084e-03 4.10503112e-02 1.67588182e-02 2.99185924e-02 -2.45812279e-03 2.11690888e-02 2.65545724e-03 -5.24573773e-02 6.78685773e-03 5.33322198e-03 1.71346460e-02 -6.29275665e-03 1.60556957e-02 9.73308086e-03 -3.17549072e-02 -2.47769859e-02
-5.41879563e-05 2.17281245e-02 1.06584299e-02 8.87173042e-03 7.64389406e-05 5.56486100e-03 6.63121231e-04 -1.29914386e-02 1.71156938e-03 1.18337653e-03 4.15039388e-03 -1.52969628e-03 3.82360374e-03 2.31985422e-03 -7.54953222e-03 -5.88381710e-03
-3.52762407e-04 -1.56525113e-02 -6.23863097e-03 -1.15647838e-02 1.08261756e-03 -8.32951162e-03 -1.05233840e-03 2.07692310e-02 -2.67163175e-03 -2.14361073e-03 -6.78786868e-03 2.49592541e-03 -6.37631398e-03 -3.86432512e-03 1.26128821e-02 9.84468684e-03
1.95826683e-03 -9.95100662e-03 -3.58890602e-03 -8.27173889e-03 8.86696740e-04 -6.06085733e-03 -7.64435565e-04 1.51133994e-02 -1.94715557e-03 -1.57551956e-03 -4.96326247e-03 1.82063901e-03 -4.67191683e-03 -2.83102226e-03 9.24328808e-03 7.21555157e-03
4.57657827e-03 -2.32736170e-02 -8.89004022e-03 -1.57079566e-02 1.34768232e-03 -1.12855192e-02 -1.42575137e-03 2.84572355e-02 -3.64719681e-03 -2.84744590e-03 -9.14289244e-03 3.36459698e-03 -8.58899765e-03 -5.21232886e-03 1.69930216e-02 1.32551352e-02
1.16989166e-02 -5.09776212e-02 -1.99092533e-02 -4.03412282e-02 4.30687331e-03 -2.99007986e-02 -3.76955629e-03 7.44549334e-02 -9.57763195e-03 -7.76782213e-03 -2.44379733e-02 8.96110386e-03 -2.30075456e-02 -1.39407702e-02 4.55211140e-02 3.55368964e-02
-2.03895643e-02 8.99889246e-02 3.46527919e-02 7.20397085e-02 -6.93491660e-03 5.17841205e-02 6.53286744e-03 -1.29045472e-01 1.65959261e-02 1.34216929e-02 4.22578566e-02 -1.55009422e-02 3.97879146e-02 2.41087787e-02 -7.87192211e-02 -6.14523143e-02
1.29919033e-02 -6.69016019e-02 -2.58376915e-02 -5.11033460e-02 5.22415712e-03 -3.76354866e-02 -4.76660486e-03 9.39381048e-02 -1.20928623e-02 -9.80182830e-03 -3.08340099e-02 1.13042891e-02 -2.90251840e-02 -1.75871551e-02 5.74275702e-02 4.48318012e-02
-2.60310690e-03 1.79862399e-02 6.60288287e-03 1.25161009e-02 -1.18523929e-03 9.24660545e-03 1.17085816e-03 -2.30022985e-02 2.95691960e-03 2.39609089e-03 7.53658125e-03 -2.76274467e-03 7.09505845e-03 4.29907627e-03 -1.40379984e-02 -1.09590422e-02
3.66222346e-03 -2.06610020e-02 -7.57429982e-03 -1.56217022e-02 1.56331924e-03 -1.14580868e-02 -1.44509657e-03 2.85022892e-02 -3.66959744e-03 -2.96163256e-03 -9.34432633e-03 3.42757441e-03 -8.79460759e-03 -5.32907108e-03 1.73993800e-02 1.35825416e-02
-8.00484046e-03 1.72892585e-02 6.73978077e-03 1.30227767e-02 -1.26872293e-03 9.44081228e-03 1.19097694e-03 -2.36441884e-02 3.02392035e-03 2.44266703e-03 7.69692753e-03 -2.82271183e-03 7.24478485e-03 4.38980525e-03 -1.43334977e-02 -1.11894533e-02
8.46938696e-03 -3.61766107e-02 -1.33928685e-02 -3.21343131e-02 3.54847219e-03 -2.38443241e-02 -3.01219383e-03 5.94739057e-02 -7.66007742e-03 -6.22184668e-03 -1.95545852e-02 7.17046671e-03 -1.84152108e-02 -1.11582717e-02 3.64357345e-02 2.84442827e-02
-2.55699269e-03 1.54111683e-02 6.19052490e-03 1.20441299e-02 -1.16910017e-03 8.81628785e-03 1.11352664e-03 -2.19555013e-02 2.82877684e-03 2.28821463e-03 7.20684044e-03 -2.64305505e-03 6.78367447e-03 4.11045505e-03 -1.34212971e-02 -1.04773538e-02
-3.90027021e-03 1.16011016e-02 4.69248556e-03 8.50448385e-03 -7.95787608e-04 6.12061331e-03 7.73600303e-04 -1.52096618e-02 1.96108618e-03 1.58611964e-03 4.99257771e-03 -1.83082884e-03 4.70085116e-03 2.84836721e-03 -9.30075627e-03 -7.26076774e-03
2.10098317e-03 -9.99844447e-03 -3.91774112e-03 -7.69540574e-03 7.13527726e-04 -5.55694150e-03 -6.99978613e-04 1.38491355e-02 -1.78177783e-03 -1.42694265e-03 -4.52334620e-03 1.66036957e-03 -4.25247476e-03 -2.57705012e-03 8.41207989e-03 6.56597363e-03
-2.40296382e-03 1.98447146e-02 7.60122295e-03 1.48582393e-02 -1.31209299e-03 1.06676864e-02 1.35103567e-03 -2.66707912e-02 3.42613109e-03 2.74869194e-03 8.69157445e-03 -3.19091021e-03 8.17854516e-03 4.95624868e-03 -1.61802378e-02 -1.26299867e-02
5.29466080e-04 5.57923270e-03 2.15625321e-03 4.28659283e-03 -3.95521463e-04 3.11235408e-03 3.90901114e-04 -7.72410678e-03 9.92207206e-04 7.96641863e-04 2.52368255e-03 -9.25733475e-04 2.37278175e-03 1.43786357e-03 -4.69410792e-03 -3.66420182e-03
-3.36837466e-03 -1.91043131e-04 1.22294598e-03 -1.58209784e-03 3.89500870e-04 -1.41865446e-03 -1.80224626e-04 3.54831317e-03 -4.62810247e-04 -3.88684217e-04 -1.20336597e-03 4.41231241e-04 -1.13609864e-03 -6.88399014e-04 2.24847323e-03 1.75549055e-03
7.06518628e-03 -3.93623896e-02 -1.48528032e-02 -2.66175829e-02 2.25229282e-03 -1.90423895e-02 -2.39851698e-03 4.79530804e-02 -6.16907561e-03 -4.82493080e-03 -1.54218171e-02 5.69017651e-03 -1.44918449e-02 -8.79919995e-03 2.86618695e-02 2.23616306e-02
-5.64801926e-03 3.08345798e-02 1.21476213e-02 2.38142461e-02 -2.27332255e-03 1.74629726e-02 2.19845376e-03 -4.35049012e-02 5.58738550e-03 4.48357360e-03 1.41895870e-02 -5.20354742e-03 1.33442217e-02 8.08661710e-03 -2.63998937e-02 -2.06075460e-02
-1.86315160e-02 9.91487205e-02 3.64216082e-02 7.05301613e-02 -6.28900807e-03 5.13259508e-02 6.47073379e-03 -1.27585709e-01 1.64022613e-02 1.30199604e-02 4.16028947e-02 -1.52644888e-02 3.91054824e-02 2.37009078e-02 -7.73674026e-02 -6.03824444e-02
-7.39575922e-03 3.80187668e-02 1.38181504e-02 3.22504044e-02 -3.45442235e-03 2.37997007e-02 3.00371810e-03 -5.92954904e-02 7.63687724e-03 6.20033825e-03 1.94920488e-02 -7.14760041e-03 1.83558799e-02 1.11223254e-02 -3.63183171e-02 -2.83525996e-02
1.61801127e-03 -1.35190040e-02 -4.78973240e-03 -1.03738885e-02 1.01242878e-03 -7.35216681e-03 -9.24069551e-04 1.82231981e-02 -2.34796759e-03 -1.90082006e-03 -5.98577317e-03 2.19507609e-03 -5.63560380e-03 -3.41479108e-03 1.11501878e-02 8.70452076e-03
8.12304579e-03 -3.90091576e-02 -1.51501354e-02 -3.21099944e-02 3.49226897e-03 -2.38343924e-02 -3.01174959e-03 5.94416261e-02 -7.65587110e-03 -6.21901220e-03 -1.95441544e-02 7.16661010e-03 -1.84054635e-02 -1.11523503e-02 3.64165083e-02 2.84292866e-02
1.86234643e-03 -1.21913161e-02 -4.38860431e-03 -9.82602593e-03 1.07120560e-03 -7.29551166e-03 -9.21941421e-04 1.81915928e-02 -2.34345230e-03 -1.90317619e-03 -5.98133868e-03 2.19327537e-03 -5.63277071e-03 -3.41304368e-03 1.11448215e-02 8.70042853e-03
-9.21345490e-04 1.31402425e-02 5.10801375e-03 8.37745704e-03 -6.23989385e-04 5.85698290e-03 7.32101558e-04 -1.44505827e-02 1.87370973e-03 1.45915092e-03 4.70527820e-03 -1.72995683e-03 4.40858630e-03 2.67265132e-03 -8.71853437e-03 -6.80237589e-03
5.13863750e-03 -2.43036207e-02 -9.46578849e-03 -1.89319625e-02 1.92465144e-03 -1.38184177e-02 -1.74237392e-03 3.43956277e-02 -4.42794152e-03 -3.57593759e-03 -1.12706516e-02 4.13297536e-03 -1.06070023e-02 -6.42716233e-03 2.09854729e-02 1.63822509e-02
1.12464314e-03 -4.58758185e-03 -2.28266418e-03 -2.42865901e-03 4.59795701e-05 -1.60286075e-03 -2.01580042e-04 3.99273308e-03 -5.09254227e-04 -3.84256855e-04 -1.26656285e-03 4.66107536e-04 -1.18112320e-03 -7.16083799e-04 2.33460660e-03 1.82128348e-03
1.84184848e-03 -1.90936625e-02 -7.07999012e-03 -1.67491529e-02 1.78302231e-03 -1.23439776e-02 -1.55919348e-03 3.07794604e-02 -3.96331912e-03 -3.21553135e-03 -1.01117594e-02 3.70804430e-03 -9.52155516e-03 -5.76941064e-03 1.88389327e-02 1.47069143e-02
-3.11316992e-03 -1.12244794e-02 -4.38495306e-03 -7.21440185e-03 5.60862303e-04 -5.10339392e-03 -6.34114665e-04 1.27383247e-02 -1.62376952e-03 -1.26286503e-03 -4.09112871e-03 1.50314299e-03 -3.82340630e-03 -2.31851079e-03 7.56169530e-03 5.89939626e-03
1.98261440e-03 -9.71242785e-03 -3.80262313e-03 -7.48700323e-03 6.98260148e-04 -5.35615813e-03 -6.76200842e-04 1.33500593e-02 -1.71744276e-03 -1.38011773e-03 -4.36578551e-03 1.60194933e-03 -4.10663104e-03 -2.48849415e-03 8.12415779e-03 6.34175772e-03
-1.01605023e-04 3.06257512e-04 1.44211575e-04 -4.55168702e-05 3.48353933e-05 -6.59601355e-05 -8.09052017e-06 1.63480421e-04 -2.14065240e-05 -1.93334399e-05 -5.76198800e-05 2.10500621e-05 -5.47835079e-05 -3.31846859e-05 1.08497101e-04 8.47438059e-05
-3.68058309e-03 1.54532660e-02 6.23238785e-03 1.20251179e-02 -1.22201408e-03 8.85918643e-03 1.11988594e-03 -2.20815707e-02 2.84275692e-03 2.30207969e-03 7.24403188e-03 -2.65574665e-03 6.81853667e-03 4.13152901e-03 -1.34906592e-02 -1.05316835e-02
3.70400911e-03 -2.33991221e-02 -8.41408689e-03 -2.03833822e-02 2.27287877e-03 -1.51573513e-02 -1.91484380e-03 3.78067605e-02 -4.87123057e-03 -3.95777542e-03 -1.24365594e-02 4.56033135e-03 -1.17120938e-02 -7.09666731e-03 2.31732223e-02 1.80906523e-02
1.20753108e-03 -7.51272915e-03 -2.95007834e-03 -5.68440603e-03 5.56847488e-04 -4.13650367e-03 -5.21447510e-04 1.02974921e-02 -1.32600556e-03 -1.06735283e-03 -3.37215397e-03 1.23704842e-03 -3.17239948e-03 -1.92235352e-03 6.27614930e-03 4.89923451e-03
-3.38258687e-05 -1.77208520e-03 6.80609373e-04 -8.31895694e-03 1.35066023e-03 -6.31600665e-03 -8.05749674e-04 1.60090346e-02 -2.06695590e-03 -1.72447297e-03 -5.33612678e-03 1.95892504e-03 -5.04696183e-03 -3.05816112e-03 9.98889189e-03 7.79851945e-03
1.23682339e-03 2.04617716e-03 1.44783669e-04 1.36541016e-03 -2.26913675e-04 1.03144953e-03 1.29181237e-04 -2.57578492e-03 3.33246950e-04 2.81157700e-04 8.65032547e-04 -3.15942423e-04 8.17808323e-04 4.95344866e-04 -1.61903549e-03 -1.26444758e-03
1.48718257e-03 -5.44946874e-03 -1.91206648e-03 -9.97474883e-04 -9.66569060e-05 -4.55058238e-04 -5.97726212e-05 1.15082483e-03 -1.35860915e-04 -9.73879360e-05 -3.30840325e-04 1.21317447e-04 -3.06424103e-04 -1.85695259e-04 6.05453621e-04 4.72408341e-04
4.15907940e-03 -1.56047810e-02 -6.44156616e-03 -1.08210677e-02 8.85852496e-04 -7.74799660e-03 -9.75230185e-04 1.91977415e-02 -2.46961508e-03 -1.97270582e-03 -6.26504887e-03 2.29890551e-03 -5.88802807e-03 -3.56801902e-03 1.16473744e-02 9.09158587e-03
-6.10339688e-03 2.64380351e-02 9.53306910e-03 2.05980241e-02 -2.12873658e-03 1.50563428e-02 1.89704541e-03 -3.75527143e-02 4.82960604e-03 3.90406209e-03 1.23043926e-02 -4.51240968e-03 1.15796691e-02 7.01646274e-03 -2.29091458e-02 -1.78836621e-02
5.44570573e-03 -2.91837342e-02 -1.18770394e-02 -2.15944890e-02 2.04485958e-03 -1.56273879e-02 -1.97655335e-03 3.89480256e-02 -5.00305556e-03 -4.03476367e-03 -1.27423499e-02 4.67189448e-03 -1.19870985e-02 -7.26335123e-03 2.37153620e-02 1.85130704e-02
5.70019428e-03 -5.97698241e-02 -2.10977253e-02 -4.38234247e-02 4.55013476e-03 -3.18875834e-02 -4.01834352e-03 7.92517737e-02 -1.02080628e-02 -8.27182550e-03 -2.60386746e-02 9.54923593e-03 -2.45104656e-02 -1.48512581e-02 4.84931879e-02 3.78567167e-02
7.69096252e-04 -6.06502453e-03 -1.82883220e-03 -4.32401523e-03 5.11606107e-04 -3.10848979e-03 -3.86318861e-04 7.71533092e-03 -9.94514907e-04 -8.11817299e-04 -2.54112855e-03 9.31251445e-04 -2.39468575e-03 -1.45084981e-03 4.73837741e-03 3.69943283e-03
-3.74947069e-03 1.11312289e-02 4.40896535e-03 7.62939127e-03 -6.44436455e-04 5.50718512e-03 6.95403956e-04 -1.37160001e-02 1.76729914e-03 1.39640807e-03 4.47157165e-03 -1.64374500e-03 4.19480121e-03 2.54280842e-03 -8.29659123e-03 -6.47449214e-03
-7.44433096e-03 4.23919633e-02 1.86045244e-02 2.91489623e-02 -2.63760798e-03 2.10789535e-02 2.65661301e-03 -5.23891859e-02 6.76257489e-03 5.39231393e-03 1.71245430e-02 -6.29091635e-03 1.60988793e-02 9.75543074e-03 -3.18438150e-02 -2.48538107e-02
1.16353284e-03 -1.46094814e-03 -5.78595267e-04 -2.84135900e-03 4.17387404e-04 -2.22579762e-03 -2.81627115e-04 5.57422871e-03 -7.16908777e-04 -5.90529584e-04 -1.84152694e-03 6.74869050e-04 -1.73645653e-03 -1.05210871e-03 3.43618193e-03 2.68273288e-03
-2.90108174e-02 1.27931029e-01 4.60217223e-02 8.77854228e-02 -7.94553943e-03 6.33643419e-02 8.01702868e-03 -1.57843575e-01 2.02928651e-02 1.62620340e-02 5.15439287e-02 -1.89037267e-02 4.84546013e-02 2.93636192e-02 -9.58586857e-02 -7.48266503e-02
-7.69794732e-03 3.58789265e-02 1.36267692e-02 2.96428688e-02 -3.04626254e-03 2.18828227e-02 2.76591838e-03 -5.45660295e-02 7.01756403e-03 5.69257373e-03 1.79024003e-02 -6.56446116e-03 1.68567263e-02 1.02139395e-02 -3.33518721e-02 -2.60367226e-02
2.92316778e-04 -1.32957622e-02 -5.48259821e-03 -8.15226324e-03 6.17137412e-04 -5.84725337e-03 -7.36812188e-04 1.44938584e-02 -1.87981233e-03 -1.47973956e-03 -4.72656125e-03 1.73840311e-03 -4.43733763e-03 -2.68958253e-03 8.77623726e-03 6.84898254e-03
-2.31315428e-03 5.93060441e-03 2.05392600e-03 4.30787262e-03 -4.22769692e-04 3.10649630e-03 3.89998459e-04 -7.73607986e-03 9.98011325e-04 7.97397224e-04 2.52863928e-03 -9.29679547e-04 2.37802695e-03 1.44144660e-03 -4.70421184e-03 -3.67132365e-03
3.27860587e-03 -2.47553494e-02 -9.23198462e-03 -1.80883221e-02 1.69914740e-03 -1.29293939e-02 -1.62605988e-03 3.21269818e-02 -4.13147919e-03 -3.32347467e-03 -1.05162663e-02 3.85742169e-03 -9.88932792e-03 -5.99285681e-03 1.95643157e-02 1.52718797e-02
-1.17917815e-02 5.74841946e-02 2.25236677e-02 4.51674685e-02 -4.65039350e-03 3.33930440e-02 4.21770522e-03 -8.32414702e-02 1.07146576e-02 8.69341008e-03 2.73369849e-02 -1.00239133e-02 2.57406365e-02 1.55969197e-02 -5.09290993e-02 -3.97587195e-02
3.96173168e-03 -2.00234521e-02 -7.99227692e-03 -1.44506544e-02 1.30918482e-03 -1.04288571e-02 -1.31372479e-03 2.59688850e-02 -3.34662036e-03 -2.66136066e-03 -8.46731663e-03 3.11047886e-03 -7.95614719e-03 -4.82198689e-03 1.57372765e-02 1.22827347e-02
7.45624118e-03 -3.34339552e-02 -1.37352301e-02 -2.62762010e-02 2.47652130e-03 -1.90054663e-02 -2.39660614e-03 4.72661592e-02 -6.09915098e-03 -4.89697885e-03 -1.54917408e-02 5.68567775e-03 -1.45709822e-02 -8.83001555e-03 2.88256109e-02 2.25006491e-02
-6.47531683e-03 2.49779224e-02 9.19048116e-03 2.13521998e-02 -2.23938446e-03 1.57003980e-02 1.98453036e-03 -3.91797051e-02 5.04081510e-03 4.08354960e-03 1.28534958e-02 -4.71386034e-03 1.21013802e-02 7.33268308e-03 -2.39427071e-02 -1.86909884e-02
2.95127556e-03 -1.48386164e-02 -6.04020990e-03 -1.08636534e-02 9.84807615e-04 -7.87347648e-03 -9.94056347e-04 1.95895322e-02 -2.51782220e-03 -2.02144776e-03 -6.38991641e-03 2.34443159e-03 -6.01210166e-03 -3.64303589e-03 1.18939886e-02 9.28459410e-03
3.39172548e-03 -3.08123697e-03 -1.70640554e-03 -1.88473158e-03 5.64049406e-05 -1.26790162e-03 -1.57072354e-04 3.05729220e-03 -3.99382261e-04 -3.08778166e-04 -9.94416536e-04 3.66079912e-04 -9.33137722e-04 -5.65511116e-04 1.84517540e-03 1.43999828e-03
4.42205463e-03 -2.71797590e-02 -1.02125015e-02 -2.20137946e-02 2.29368568e-03 -1.61915328e-02 -2.04525306e-03 4.03769687e-02 -5.19772666e-03 -4.21145558e-03 -1.32550020e-02 4.86102235e-03 -1.24796592e-02 -7.56183732e-03 2.46911310e-02 1.92753263e-02
-6.86713634e-03 3.26402858e-02 1.18282260e-02 2.63623856e-02 -2.81900843e-03 1.94262844e-02 2.45531998e-03 -4.84203584e-02 6.23628963e-03 5.06303133e-03 1.59162227e-02 -5.83633268e-03 1.49880154e-02 9.08160768e-03 -2.96546761e-02 -2.31504999e-02
-4.81879665e-03 2.62787919e-02 9.63704661e-03 2.01467723e-02 -2.05567852e-03 1.47692394e-02 1.86273782e-03 -3.67365144e-02 4.73318947e-03 3.83172184e-03 1.20673366e-02 -4.42473218e-03 1.13588534e-02 6.88266242e-03 -2.24734396e-02 -1.75440684e-02
-1.00367777e-02 4.23555672e-02 1.60334762e-02 2.68368237e-02 -2.06558313e-03 1.90683044e-02 2.40753335e-03 -4.76103015e-02 6.09141821e-03 4.82170656e-03 1.54747814e-02 -5.67443576e-03 1.44878365e-02 8.78311507e-03 -2.86550745e-02 -2.23596487e-02
-4.86996956e-04 1.62791573e-02 6.54165028e-03 1.26911281e-02 -1.01854349e-03 9.03652515e-03 1.13677990e-03 -2.26041935e-02 2.90195458e-03 2.27952981e-03 7.30003370e-03 -2.68703327e-03 6.85170153e-03 4.15501138e-03 -1.35526201e-02 -1.05743175e-02
-1.14980631e-03 -7.80170877e-03 -2.97539169e-03 -5.71759837e-03 5.54387458e-04 -4.16020583e-03 -5.24556031e-04 1.03432341e-02 -1.33392005e-03 -1.07165147e-03 -3.39139183e-03 1.24411995e-03 -3.18793161e-03 -1.93185208e-03 6.30647643e-03 4.92268195e-03
8.61726352e-04 -5.68225142e-03 -1.93023216e-03 -3.60191730e-03 3.42943531e-04 -2.61676591e-03 -3.29565635e-04 6.50708470e-03 -8.38993641e-04 -6.73477713e-04 -2.13169237e-03 7.82149611e-04 -2.00413307e-03 -1.21451926e-03 3.96479899e-03 3.09484685e-03
-5.45915589e-03 1.94612294e-02 8.18315241e-03 1.19781420e-02 -8.80007166e-04 8.51521175e-03 1.06528017e-03 -2.09340155e-02 2.70103291e-03 2.15280312e-03 6.83386950e-03 -2.50813854e-03 6.42222725e-03 3.89201660e-03 -1.27045661e-02 -9.91650764e-03
-5.19631431e-03 2.08212528e-02 8.46104883e-03 1.51520865e-02 -1.40027178e-03 1.09853093e-02 1.38772919e-03 -2.73508746e-02 3.52496491e-03 2.81917700e-03 8.93845223e-03 -3.28134489e-03 8.39989819e-03 5.09028090e-03 -1.66160297e-02 -1.29696662e-02
1.15929423e-02 -5.53823784e-02 -2.31570024e-02 -4.09156531e-02 3.91424447e-03 -2.99063232e-02 -3.78305651e-03 7.47101158e-02 -9.60450154e-03 -7.74127059e-03 -2.43832152e-02 8.94737989e-03 -2.29529366e-02 -1.39081283e-02 4.54099178e-02 3.54487151e-02
9.26414505e-03 -4.39973883e-02 -1.70937311e-02 -3.40432823e-02 3.60400579e-03 -2.51511186e-02 -3.17806145e-03 6.26823157e-02 -8.07127263e-03 -6.54886523e-03 -2.05947924e-02 7.55213201e-03 -1.93918291e-02 -1.17500182e-02 3.83678898e-02 2.99526230e-02
-6.81541162e-04 3.78936715e-03 1.26072555e-03 3.41826584e-03 -4.05821484e-04 2.55744066e-03 3.22837412e-04 -6.38090726e-03 8.22594739e-04 6.70564885e-04 2.10301904e-03 -7.71037303e-04 1.98124233e-03 1.20046875e-03 -3.92018585e-03 -3.06044123e-03
4.86695673e-03 -3.06542180e-02 -1.17084514e-02 -2.27750000e-02 2.07858742e-03 -1.61653142e-02 -2.01516016e-03 4.02786769e-02 -5.17988997e-03 -4.07599704e-03 -1.30508794e-02 4.79987869e-03 -1.22553390e-02 -7.43160257e-03 2.42459942e-02 1.89142507e-02
-1.11789000e-03 2.37202756e-02 9.63887945e-03 1.49057936e-02 -9.30342707e-04 9.85261239e-03 1.24906260e-03 -2.45675668e-02 3.19644529e-03 2.44757626e-03 8.01016111e-03 -2.97499401e-03 7.46654160e-03 4.54077544e-03 -1.47791859e-02 -1.15175219e-02
-1.88978622e-04 5.41009847e-03 1.99985737e-03 4.76248795e-03 -5.19619323e-04 3.52340727e-03 4.45070124e-04 -8.78683478e-03 1.13213633e-03 9.19107697e-04 2.88911234e-03 -1.05945813e-03 2.72065867e-03 1.64852303e-03 -5.38297556e-03 -4.20231465e-03
8.95790581e-04 2.98255240e-04 -1.57070463e-06 6.91257534e-04 -1.45914193e-04 5.53646474e-04 7.03345213e-05 -1.35334954e-03 1.83289376e-04 1.54407549e-04 4.73131804e-04 -1.73269465e-04 4.47594270e-04 2.71168363e-04 -8.86028633e-04 -6.91869180e-04
-3.78277060e-03 1.30334776e-02 5.71237830e-03 9.85026266e-03 -9.17917234e-04 7.14871287e-03 9.01276304e-04 -1.77399050e-02 2.28495197e-03 1.84228527e-03 5.81348082e-03 -2.13172962e-03 5.46936831e-03 3.31408554e-03 -1.08207492e-02 -8.44716746e-03
-6.36099232e-03 4.63906080e-02 1.80605985e-02 3.56481187e-02 -3.65506927e-03 2.59870496e-02 3.28163756e-03 -6.48092255e-02 8.34636949e-03 6.74999878e-03 2.12605968e-02 -7.79719325e-03 2.00107619e-02 1.21253179e-02 -3.95908020e-02 -3.09065003e-02
2.99497601e-03 -1.72807071e-02 -6.99168583e-03 -1.06001347e-02 7.89045065e-04 -7.44159380e-03 -9.34225449e-04 1.85096804e-02 -2.39463965e-03 -1.84739765e-03 -5.99345937e-03 2.21222872e-03 -5.60557982e-03 -3.39943077e-03 1.10811731e-02 8.64309818e-03
-2.60521006e-03 1.41304582e-02 5.33949211e-03 1.10484287e-02 -1.14396971e-03 8.10039882e-03 1.02326192e-03 -2.02006027e-02 2.59845192e-03 2.10410985e-03 6.62420457e-03 -2.42907600e-03 6.23567216e-03 3.77838500e-03 -1.23372963e-02 -9.63121466e-03
4.25840262e-03 -1.78422183e-02 -6.85724802e-03 -1.39065385e-02 1.42988516e-03 -1.02352342e-02 -1.29124522e-03 2.54676268e-02 -3.28130275e-03 -2.66090874e-03 -8.36838596e-03 3.06847575e-03 -7.87983462e-03 -4.77459840e-03 1.55906482e-02 1.21711176e-02
1.99511135e-03 8.31776857e-03 2.75913579e-03 8.75957683e-03 -1.05299870e-03 6.57384656e-03 8.33978062e-04 -1.64906066e-02 2.12394493e-03 1.72905775e-03 5.42582199e-03 -1.98974926e-03 5.11116488e-03 3.09699238e-03 -1.01129403e-02 -7.89490715e-03
9.64852981e-04 8.05060938e-03 3.34965391e-03 4.55191685e-03 -2.75959173e-04 3.15090595e-03 3.90667730e-04 -7.71331554e-03 9.94875445e-04 7.87268043e-04 2.51141470e-03 -9.21693805e-04 2.36030784e-03 1.43046724e-03 -4.66919038e-03 -3.64451902e-03
-5.99692855e-03 2.57533360e-02 9.99796763e-03 2.13688426e-02 -2.10341369e-03 1.50556834e-02 1.90224731e-03 -3.75697948e-02 4.83632507e-03 3.91528197e-03 1.23208333e-02 -4.51877620e-03 1.16005614e-02 7.02912873e-03 -2.29519680e-02 -1.79177187e-02
-9.97927971e-03 5.46390377e-02 2.07918882e-02 3.88570726e-02 -3.62054585e-03 2.79271770e-02 3.54343723e-03 -6.95861429e-02 8.97361524e-03 7.24400999e-03 2.28013806e-02 -8.36106855e-03 2.14664005e-02 1.30069507e-02 -4.24710736e-02 -3.31554748e-02
-5.58192749e-03 2.72859856e-02 1.02866199e-02 2.11469438e-02 -2.09227158e-03 1.51808783e-02 1.91841170e-03 -3.78273055e-02 4.87435702e-03 3.95400776e-03 1.24343066e-02 -4.55950061e-03 1.17078852e-02 7.09412387e-03 -2.31645238e-02 -1.80837680e-02
-3.85995233e-03 1.96103975e-02 7.36167002e-03 1.56138940e-02 -1.56019733e-03 1.14144934e-02 1.44069258e-03 -2.84657069e-02 3.65354517e-03 2.95363204e-03 9.31679271e-03 -3.41624394e-03 8.76928866e-03 5.31356782e-03 -1.73497312e-02 -1.35441534e-02
1.73704280e-03 -1.15300082e-02 -4.50867647e-03 -9.19488911e-03 9.55789583e-04 -6.76534604e-03 -8.53997364e-04 1.68445390e-02 -2.16834294e-03 -1.75606390e-03 -5.52766165e-03 2.02710833e-03 -5.20404847e-03 -3.15328524e-03 1.02962498e-02 8.03786237e-03
-5.36024757e-03 2.41905395e-02 1.06512345e-02 1.55790644e-02 -1.14368903e-03 1.09324250e-02 1.37862947e-03 -2.71153487e-02 3.50286136e-03 2.79646413e-03 8.86989944e-03 -3.25497868e-03 8.33949074e-03 5.05362870e-03 -1.64974462e-02 -1.28775621e-02
4.07876447e-03 -2.02314947e-02 -7.51361344e-03 -1.47142271e-02 1.51255995e-03 -1.08550601e-02 -1.36916223e-03 2.70624682e-02 -3.47697525e-03 -2.82046339e-03 -8.87053367e-03 3.25262849e-03 -8.35219771e-03 -5.06083667e-03 1.65252425e-02 1.29007110e-02
6.08041417e-04 -3.96917481e-03 -1.71016355e-03 -1.83830049e-03 -5.51591074e-05 -7.81451759e-04 -9.52517876e-05 1.85446138e-03 -2.36951295e-04 -1.69195366e-04 -5.72351040e-04 2.11605642e-04 -5.35727770e-04 -3.24878492e-04 1.05898571e-03 8.26073403e-04
8.69900570e-04 -2.38547730e-03 -1.00148830e-03 -3.18469130e-03 3.96817573e-04 -2.44447775e-03 -3.08745861e-04 6.11777091e-03 -7.87837547e-04 -6.44091750e-04 -2.01709545e-03 7.39632756e-04 -1.90096907e-03 -1.15182565e-03 3.76138906e-03 2.93648196e-03
7.51034729e-03 -3.07593495e-02 -1.16724242e-02 -2.52152402e-02 2.67780782e-03 -1.85965449e-02 -2.34773359e-03 4.63297889e-02 -5.96650736e-03 -4.84433305e-03 -1.52279101e-02 5.58398012e-03 -1.43402154e-02 -8.68911017e-03 2.83730198e-02 2.21499540e-02
1.54796522e-03 2.05878615e-02 7.24350614e-03 1.67418476e-02 -1.82425347e-03 1.23743424e-02 1.56076893e-03 -3.08293607e-02 3.97010427e-03 3.22323060e-03 1.01327142e-02 -3.71548883e-03 9.54164378e-03 5.78154251e-03 -1.88787151e-02 -1.47380130e-02
1.26142567e-03 -4.94138151e-03 -2.03260686e-03 -3.37325805e-03 2.14840053e-04 -2.37989821e-03 -3.00098269e-04 5.99679677e-03 -7.70792540e-04 -5.86089329e-04 -1.91631261e-03 7.09849177e-04 -1.79572147e-03 -1.08953996e-03 3.54865496e-03 2.76699685e-03
-1.33657944e-03 -3.45387496e-03 -6.22901949e-04 -4.85209236e-03 7.67887454e-04 -3.85944149e-03 -4.89686092e-04 9.66072921e-03 -1.25724589e-03 -1.03329390e-03 -3.22446739e-03 1.18218258e-03 -3.04101221e-03 -1.84260146e-03 6.01752941e-03 4.69792401e-03
-8.84329202e-04 3.22088413e-03 1.41389505e-03 2.61477800e-03 -2.39996298e-04 1.88144902e-03 2.38205612e-04 -4.69746068e-03 6.05047797e-04 4.86169301e-04 1.53666025e-03 -5.63700567e-04 1.44529506e-03 8.75796773e-04 -2.85926950e-03 -2.23196275e-03
-4.87875281e-04 7.35244248e-05 2.28720077e-04 3.78770550e-04 -2.65862709e-05 2.84275768e-04 3.59798796e-05 -7.05668528e-04 9.09536830e-05 7.24110068e-05 2.30167658e-04 -8.44616516e-05 2.16273140e-04 1.31056368e-04 -4.27818886e-04 -3.33944161e-04
1.33421682e-02 -6.30862564e-02 -2.45427974e-02 -5.05656302e-02 5.27302502e-03 -3.70466933e-02 -4.67673829e-03 9.23669040e-02 -1.18873594e-02 -9.63852927e-03 -3.03192623e-02 1.11178169e-02 -2.85479780e-02 -1.72980018e-02 5.64832799e-02 4.40945551e-02
-2.25869194e-03 8.64265487e-03 3.54422699e-03 6.03599008e-03 -4.49330837e-04 4.23009228e-03 5.31782920e-04 -1.04662795e-02 1.34496624e-03 1.06976496e-03 3.40738660e-03 -1.25086901e-03 3.20175476e-03 1.94034202e-03 -6.33333437e-03 -4.94343368e-03
-1.56931784e-02 5.64810075e-02 2.32603662e-02 4.25596125e-02 -4.02717758e-03 3.06863859e-02 3.86939431e-03 -7.64188766e-02 9.84620675e-03 7.90550932e-03 2.50121765e-02 -9.17658396e-03 2.35231798e-02 1.42546101e-02 -4.65367585e-02 -3.63266170e-02
9.31509957e-03 -4.06760126e-02 -1.54604446e-02 -3.06088384e-02 3.00816190e-03 -2.25555692e-02 -2.84285005e-03 5.61773442e-02 -7.21723866e-03 -5.83713688e-03 -1.83921326e-02 6.74452074e-03 -1.73113104e-02 -1.04894610e-02 3.42500843e-02 2.67374702e-02
8.04753625e-04 -3.60139692e-03 -1.37675647e-03 -2.97460798e-03 3.12197022e-04 -2.18795752e-03 -2.76443316e-04 5.45480149e-03 -7.02778983e-04 -5.70118253e-04 -1.79265928e-03 6.57382188e-04 -1.68799690e-03 -1.02280185e-03 3.33977235e-03 2.60724593e-03
4.71023424e-03 -2.51140241e-02 -9.27813817e-03 -1.78225283e-02 1.70038093e-03 -1.28911259e-02 -1.63323572e-03 3.22119035e-02 -4.14134935e-03 -3.34117515e-03 -1.05264829e-02 3.86165292e-03 -9.90819372e-03 -6.00374630e-03 1.96027234e-02 1.53028267e-02
3.48047982e-03 -2.57425569e-02 -9.00238194e-03 -2.06017382e-02 2.10488564e-03 -1.50716240e-02 -1.90153415e-03 3.75403203e-02 -4.83047310e-03 -3.91390640e-03 -1.23223867e-02 4.51884931e-03 -1.16014453e-02 -7.02969125e-03 2.29538474e-02 1.79191828e-02
