-1.70810323e-03 -2.45571509e-03 1.15417223e-02 -1.39886532e-02 -1.43375900e-03 5.19916415e-03 -1.43757435e-02 4.86921445e-02 -6.58662975e-05 1.17861684e-02 -2.42021848e-02 -4.09375783e-03 -2.43584020e-03 -6.75063534e-03 2.16018669e-02 1.85485762e-02
1.12873549e-03 2.11988809e-03 -8.71961098e-03 1.03336275e-02 1.07827934e-03 -3.90935177e-03 1.08841863e-02 -3.69005278e-02 5.12874649e-05 -8.94972589e-03 1.83572844e-02 3.10732774e-03 1.84817531e-03 5.12382388e-03 -1.63961314e-02 -1.40792467e-02
-6.19327533e-04 -1.07294612e-03 4.67039598e-03 -6.03022147e-03 -5.87657851e-04 2.13950733e-03 -5.90219907e-03 2.01017279e-02 -2.75151106e-05 4.84613143e-03 -9.94102936e-03 -1.68057275e-03 -1.00098434e-03 -2.77188676e-03 8.87010992e-03 7.61567010e-03
3.00064776e-03 2.33143102e-03 -1.46517018e-02 1.71054155e-02 1.77486427e-03 -6.57119881e-03 1.83675382e-02 -6.22298717e-02 9.28505397e-05 -1.51185030e-02 3.10802851e-02 5.27008856e-03 3.13013000e-03 8.68803542e-03 -2.78015286e-02 -2.38767341e-02
-3.10537685e-03 1.18271483e-03 2.51144450e-03 -2.22608866e-03 -2.85412796e-04 1.16421410e-03 -3.51753272e-03 1.18148709e-02 -1.94122204e-05 2.90996232e-03 -6.01529656e-03 -1.02194864e-03 -6.06034591e-04 -1.68425438e-03 5.38991485e-03 4.62981500e-03
5.92638331e-04 -1.33431028e-03 1.53839588e-03 -2.34942068e-03 -2.13746942e-04 7.25628342e-04 -1.87410845e-03 6.47882978e-03 -7.19635409e-06 1.52136385e-03 -3.09992116e-03 -5.17696433e-04 -3.12290125e-04 -8.56057392e-04 2.74011143e-03 2.34957715e-03
6.17730955e-04 1.11123605e-03 -2.56734202e-03 3.70813161e-03 3.91388312e-04 -1.24026707e-03 3.20751104e-03 -1.10672452e-02 1.61946646e-05 -2.65491731e-03 5.39058354e-03 8.85731133e-04 5.42792666e-04 1.47130224e-03 -4.72215423e-03 -4.03726427e-03
2.68214731e-04 3.94166767e-04 -1.83297263e-03 2.25055334e-03 2.29731217e-04 -8.40885099e-04 2.33978126e-03 -7.92773440e-03 1.14248523e-05 -1.92684145e-03 3.95573443e-03 6.69423142e-04 3.98351200e-04 1.10396324e-03 -3.53281619e-03 -3.03342426e-03
-5.50614856e-03 7.19051715e-03 -5.29851159e-03 8.02703202e-03 6.61631988e-04 -2.38355924e-03 6.01334544e-03 -2.05118991e-02 2.01305702e-05 -4.95374668e-03 1.01069296e-02 1.67676935e-03 1.01144088e-03 2.77224556e-03 -8.87053367e-03 -7.60776596e-03
1.04275765e-03 8.41331319e-04 -4.42858739e-03 5.09649049e-03 5.53508755e-04 -1.99100305e-03 5.50746545e-03 -1.88758783e-02 2.65169037e-05 -4.50380519e-03 9.25452169e-03 1.56757166e-03 9.32050170e-04 2.58459942e-03 -8.27072375e-03 -7.10231904e-03
-3.92049522e-04 -7.83522963e-04 2.99667194e-03 -3.62423272e-03 -3.78589204e-04 1.36572728e-03 -3.78699065e-03 1.28825903e-02 -1.86226280e-05 3.11459578e-03 -6.39560772e-03 -1.08308578e-03 -6.43974228e-04 -1.78581965e-03 5.71456831e-03 4.90734912e-03
-1.08013116e-03 -2.56854878e-03 1.10005066e-02 -1.33413617e-02 -1.36896479e-03 4.91982792e-03 -1.36721553e-02 4.64028642e-02 -6.51498412e-05 1.12148952e-02 -2.30416581e-02 -3.89970071e-03 -2.32027355e-03 -6.43081963e-03 2.05787309e-02 1.76701657e-02
4.53976303e-04 7.55132001e-04 -3.15849599e-03 3.74048529e-03 3.96530202e-04 -1.41930091e-03 3.90387583e-03 -1.32377921e-02 1.83354732e-05 -3.21041793e-03 6.58871233e-03 1.11424527e-03 6.63274026e-04 1.83757173e-03 -5.88017609e-03 -5.04885986e-03
1.42016797e-03 3.30908597e-03 -1.14471344e-02 1.39425946e-02 1.46617135e-03 -5.16156666e-03 1.40680959e-02 -4.79813255e-02 6.20682840e-05 -1.14960307e-02 2.35947128e-02 3.99032095e-03 2.37662718e-03 6.58139633e-03 -2.10608281e-02 -1.80818271e-02
-2.63613812e-03 -2.20588385e-03 1.36047332e-02 -1.54578462e-02 -1.61655108e-03 6.06428739e-03 -1.69676114e-02 5.74705936e-02 -8.40825451e-05 1.39531242e-02 -2.86924876e-02 -4.86659678e-03 -2.89032585e-03 -8.02272931e-03 2.56726723e-02 2.20485125e-02
2.08842214e-02 7.94742163e-03 -7.46740177e-02 8.26539695e-02 8.97521619e-03 -3.38969305e-02 9.58266854e-02 -3.24408233e-01 4.93594096e-04 -7.90436938e-02 1.62579045e-01 2.75845993e-02 1.63790472e-02 4.54732105e-02 -1.45514801e-01 -1.24975517e-01
1.09087082e-03 1.20998314e-03 -6.25671260e-03 7.73504609e-03 7.75756780e-04 -2.85334466e-03 7.91375618e-03 -2.69425865e-02 3.96157011e-05 -6.49772352e-03 1.33548127e-02 2.26450665e-03 1.34509918e-03 3.73318186e-03 -1.19460691e-02 -1.02595594e-02
-2.57021701e-03 -2.73067341e-03 1.23277977e-02 -1.49588268e-02 -1.54273142e-03 5.55015542e-03 -1.53535670e-02 5.22675030e-02 -7.20652679e-05 1.26082376e-02 -2.58866195e-02 -4.38268483e-03 -2.60689296e-03 -7.22726481e-03 2.31261179e-02 1.98581330e-02
-9.78814671e-04 4.64631448e-04 9.55892261e-04 -9.10667935e-04 -1.19188015e-04 4.81071795e-04 -1.40311103e-03 4.75575030e-03 -7.66364428e-06 1.16856536e-03 -2.40661879e-03 -4.08720633e-04 -2.42586248e-04 -6.73752918e-04 2.15606391e-03 1.85180211e-03
-8.97080731e-03 -3.30340443e-03 3.42457332e-02 -3.81767526e-02 -4.16455232e-03 1.56732500e-02 -4.41869833e-02 1.49654403e-01 -2.27897777e-04 3.64603624e-02 -7.49911889e-02 -1.27233379e-02 -7.55482167e-03 -2.09744312e-02 6.71184063e-02 5.76446950e-02
8.66099610e-04 1.36276684e-03 -7.17661669e-03 8.41367990e-03 8.82014807e-04 -3.24178976e-03 9.01515316e-03 -3.06566730e-02 4.44690668e-05 -7.40266591e-03 1.52130872e-02 2.57780519e-03 1.53186126e-03 4.24992014e-03 -1.35996193e-02 -1.16790971e-02
7.01130414e-03 3.77683714e-03 -2.76801847e-02 3.18845287e-02 3.35876434e-03 -1.25478683e-02 3.53197530e-02 -1.19568199e-01 1.80646646e-04 -2.91012116e-02 5.98492660e-02 1.01526855e-02 6.02904940e-03 1.67369209e-02 -5.35580814e-02 -4.59979437e-02
-9.48618283e-04 3.87229864e-03 -6.21565990e-03 8.30826350e-03 8.02519149e-04 -2.80886353e-03 7.63244787e-03 -2.60069538e-02 3.31046758e-05 -6.22230675e-03 1.27382483e-02 2.14654254e-03 1.28193153e-03 3.54278181e-03 -1.13365706e-02 -9.73021146e-03
1.45314378e-04 1.63316668e-03 -4.70064953e-03 6.42680097e-03 5.84319641e-04 -2.14498374e-03 5.73857967e-03 -1.95692908e-02 2.55690538e-05 -4.73118620e-03 9.69306193e-03 1.63328974e-03 9.73580230e-04 2.69563170e-03 -8.62373691e-03 -7.40116043e-03
3.43758991e-04 -2.69173703e-04 8.88185517e-04 -9.73026617e-04 -1.08501910e-04 4.11293295e-04 -1.19076704e-03 4.02659550e-03 -6.37957601e-06 9.85209364e-04 -2.02794047e-03 -3.44377127e-04 -2.04384720e-04 -5.67671843e-04 1.81658089e-03 1.56024424e-03
-4.23908141e-03 -1.85226591e-03 1.56757142e-02 -1.75663121e-02 -1.89490046e-03 7.09180441e-03 -2.00273301e-02 6.78515285e-02 -1.02892845e-04 1.65114235e-02 -3.39596346e-02 -5.76165039e-03 -3.42123886e-03 -9.49809887e-03 3.03939898e-02 2.61038486e-02
-1.67024892e-03 3.99347208e-03 -7.46643776e-03 1.03831301e-02 1.01023971e-03 -3.43373418e-03 9.23802238e-03 -3.14389430e-02 4.21118311e-05 -7.58087309e-03 1.55441193e-02 2.61170650e-03 1.56145066e-03 4.31059906e-03 -1.37975933e-02 -1.18400957e-02
-3.03188790e-05 1.55184814e-03 -9.39347374e-05 1.07508793e-03 3.17179693e-05 -4.86975478e-05 -3.94549104e-04 1.24378433e-03 -7.57691987e-06 3.37463018e-04 -7.37346709e-04 -1.39000753e-04 -7.73955908e-05 -2.26942662e-04 7.26041442e-04 6.27726840e-04
1.04334322e-04 -1.86295900e-03 4.51357663e-03 -5.71340648e-03 -5.64041315e-04 2.02439888e-03 -5.55357151e-03 1.88916083e-02 -2.56705825e-05 4.53497935e-03 -9.33923572e-03 -1.57564646e-03 -9.38858604e-04 -2.59863352e-03 8.31503794e-03 7.13851769e-03
-2.82221474e-04 -1.50736829e-03 5.58241783e-03 -6.91291597e-03 -7.11200468e-04 2.55009183e-03 -7.07910489e-03 2.41240300e-02 -3.45498775e-05 5.83148561e-03 -1.19680678e-02 -2.02365429e-03 -1.20499928e-03 -3.33775557e-03 1.06813265e-02 9.17075388e-03
-1.01717457e-03 -3.49984737e-03 9.16586816e-03 -1.16191991e-02 -1.17703469e-03 4.18372685e-03 -1.13426009e-02 3.93729471e-02 -4.71027524e-05 9.29454062e-03 -1.89535655e-02 -3.19426437e-03 -1.91314321e-03 -5.28038386e-03 1.69014279e-02 1.44954966e-02
-2.82512512e-03 -1.74294179e-03 1.19922888e-02 -1.32112727e-02 -1.42790447e-03 5.39621850e-03 -1.50960051e-02 5.11961207e-02 -7.72732237e-05 1.24440324e-02 -2.55930871e-02 -4.34103422e-03 -2.57778680e-03 -7.15617277e-03 2.28997339e-02 1.96674205e-02
8.90091062e-03 4.77393949e-03 -3.49874124e-02 4.21773493e-02 4.29744832e-03 -1.59092359e-02 4.45534363e-02 -1.51160255e-01 2.25443087e-04 -3.66995484e-02 7.54523873e-02 1.27992705e-02 7.60162296e-03 2.11001262e-02 -6.75201267e-02 -5.79885468e-02
-6.73287967e-03 -4.76386724e-03 3.02550420e-02 -3.36828530e-02 -3.66186048e-03 1.35300495e-02 -3.82566638e-02 1.29497856e-01 -1.94748951e-04 3.14850733e-02 -6.47700801e-02 -1.09854201e-02 -6.52319798e-03 -1.81095079e-02 5.79504296e-02 4.97705936e-02
3.13255098e-03 1.14509976e-03 -1.45454369e-02 1.61532033e-02 1.77363725e-03 -6.69889804e-03 1.89744737e-02 -6.42501712e-02 9.78932512e-05 -1.56558175e-02 3.22029479e-02 5.46389073e-03 3.24431527e-03 9.00722947e-03 -2.88232472e-02 -2.47548819e-02
-2.62701837e-03 -1.80288986e-03 1.07878139e-02 -1.23950765e-02 -1.31843844e-03 4.91233263e-03 -1.37119824e-02 4.64560091e-02 -6.91466339e-05 1.12926029e-02 -2.32092347e-02 -3.93570587e-03 -2.33776728e-03 -6.48830645e-03 2.07624156e-02 1.78312212e-02
-2.43127858e-03 -6.86478219e-04 7.18819769e-03 -8.20079260e-03 -8.72230332e-04 3.27619934e-03 -9.22160689e-03 3.13269272e-02 -4.70980885e-05 7.60228559e-03 -1.56345535e-02 -2.65222276e-03 -1.57496636e-03 -4.37222002e-03 1.39911184e-02 1.20161762e-02
-3.32908967e-04 -4.18381154e-04 2.75739445e-03 -3.17542115e-03 -3.33092234e-04 1.25516695e-03 -3.53304553e-03 1.19831329e-02 -1.81122487e-05 2.91104871e-03 -5.98513335e-03 -1.01543195e-03 -6.02979562e-04 -1.67395861e-03 5.35665825e-03 4.60055191e-03
-6.58561039e-05 5.01193863e-04 -8.86864436e-04 1.16728875e-03 1.16553390e-04 -3.35839926e-04 8.71762575e-04 -2.95365532e-03 3.55439488e-06 -7.05095590e-04 1.44587667e-03 2.43931339e-04 1.45273429e-04 4.02249396e-04 -1.28707755e-03 -1.10510818e-03
-8.79113446e-04 -6.00936619e-05 2.43767211e-03 -2.68505211e-03 -2.97522842e-04 1.12968602e-03 -3.20541509e-03 1.08573232e-02 -1.65813490e-05 2.64635519e-03 -5.44358185e-03 -9.23635263e-04 -5.48426528e-04 -1.52261299e-03 4.87238262e-03 4.18465398e-03
-5.95664489e-04 -8.48354946e-04 3.81050841e-03 -4.74489806e-03 -4.90695646e-04 1.72972609e-03 -4.71984642e-03 1.60989147e-02 -2.17437537e-05 3.87256895e-03 -7.94710964e-03 -1.34284911e-03 -7.99813308e-04 -2.21474306e-03 7.08718086e-03 6.08493062e-03
2.61492794e-03 2.69247219e-03 -1.36339897e-02 1.66340843e-02 1.74188730e-03 -6.16317522e-03 1.71835534e-02 -5.83618842e-02 8.26901523e-05 -1.40746180e-02 2.88948491e-02 4.89639584e-03 2.91057839e-03 8.07324797e-03 -2.58344486e-02 -2.21847165e-02
7.34113273e-05 7.39640382e-06 5.33659069e-04 -4.41597484e-04 -5.81711283e-05 2.47149670e-04 -7.88824284e-04 2.64351978e-03 -4.78632955e-06 6.59735408e-04 -1.36349688e-03 -2.32943275e-04 -1.37837851e-04 -3.83814942e-04 1.22828013e-03 1.05526717e-03
6.13491284e-04 6.14637742e-04 -4.46970901e-03 5.12777083e-03 5.41644753e-04 -2.01710663e-03 5.68022532e-03 -1.92563478e-02 2.89881136e-05 -4.68286127e-03 9.63011943e-03 1.63364888e-03 9.70104651e-04 2.69309222e-03 -8.61789938e-03 -7.40144169e-03
-8.48794589e-04 -5.10160998e-03 1.31681599e-02 -1.67410523e-02 -1.68873987e-03 6.00803737e-03 -1.62919797e-02 5.64960353e-02 -6.92126414e-05 1.33654363e-02 -2.73655523e-02 -4.61952342e-03 -2.76374561e-03 -7.63544114e-03 2.44134292e-02 2.09531561e-02
2.09799455e-03 2.45589600e-03 -1.34592690e-02 1.57003962e-02 1.67738344e-03 -6.15637470e-03 1.69380102e-02 -5.76862879e-02 8.20086498e-05 -1.39148682e-02 2.85806414e-02 4.83981194e-03 2.87664984e-03 7.97992945e-03 -2.55353898e-02 -2.19283849e-02
5.92137966e-03 1.17498878e-02 -3.87666635e-02 4.71097939e-02 4.94412053e-03 -1.78317409e-02 4.86370847e-02 -1.65219069e-01 2.28721998e-04 -3.99951413e-02 8.17231014e-02 1.38224037e-02 8.22513923e-03 2.27962397e-02 -7.29603469e-02 -6.26376346e-02
5.34287980e-03 1.71527220e-03 -1.88754573e-02 2.14066263e-02 2.30344920e-03 -8.67150724e-03 2.44794246e-02 -8.29108804e-02 1.26174942e-04 -2.01981924e-02 4.15423252e-02 7.04843830e-03 4.18520253e-03 1.16193620e-02 -3.71820889e-02 -3.19338627e-02
-1.04124378e-03 -9.90511151e-04 6.28109882e-03 -7.73148565e-03 -7.67281861e-04 2.87974626e-03 -8.02705623e-03 2.71769688e-02 -4.10146458e-05 6.61830232e-03 -1.36071481e-02 -2.30831886e-03 -1.37072359e-03 -3.80529347e-03 1.21769384e-02 1.04581024e-02
-8.50410759e-03 -3.05391708e-03 3.29229273e-02 -3.63694020e-02 -3.98946321e-03 1.50776515e-02 -4.27216664e-02 1.44677013e-01 -2.20523085e-04 3.52561995e-02 -7.25193024e-02 -1.23044746e-02 -7.30607333e-03 -2.02839393e-02 6.49088621e-02 5.57470620e-02
-2.10274942e-03 -6.43604668e-04 8.92743003e-03 -9.91020165e-03 -1.08723226e-03 4.11274051e-03 -1.16540967e-02 3.94663028e-02 -6.01538231e-05 9.61780455e-03 -1.97831038e-02 -3.35663115e-03 -1.99307967e-03 -5.53340977e-03 1.77069809e-02 1.52076622e-02
1.40929548e-03 2.56041577e-03 -8.42261501e-03 1.06958561e-02 1.07687828e-03 -3.86570347e-03 1.04473708e-02 -3.54900956e-02 4.70469131e-05 -8.58214125e-03 1.75978485e-02 2.96901236e-03 1.77038345e-03 4.89794603e-03 -1.56752653e-02 -1.34558557e-02
-1.08175119e-03 -1.25235179e-03 7.29785115e-03 -8.45501572e-03 -8.79204541e-04 3.30351130e-03 -9.22985654e-03 3.12923826e-02 -4.65472112e-05 7.60089653e-03 -1.56297330e-02 -2.65051215e-03 -1.57414796e-03 -4.36946517e-03 1.39822327e-02 1.20084286e-02
-6.11963100e-04 -8.13614228e-04 2.78609875e-03 -3.58413626e-03 -3.58314137e-04 1.24146254e-03 -3.34562780e-03 1.14401877e-02 -1.48970630e-05 2.74062669e-03 -5.62023791e-03 -9.48059896e-04 -5.64982474e-04 -1.56371156e-03 5.00373309e-03 4.29591676e-03
6.94281654e-04 -3.15010635e-04 2.10764329e-03 -2.41778814e-03 -2.58738466e-04 9.70844238e-04 -2.74597597e-03 9.30117071e-03 -1.41360961e-05 2.26524635e-03 -4.65906877e-03 -7.90469116e-04 -4.69368533e-04 -1.30309211e-03 4.16990509e-03 3.58131970e-03
-1.36256043e-03 -3.05360975e-03 1.04958713e-02 -1.33354226e-02 -1.34637346e-03 4.87081660e-03 -1.29431579e-02 4.48446497e-02 -5.64313850e-05 1.06360633e-02 -2.18319576e-02 -3.66705935e-03 -2.19037198e-03 -6.05207589e-03 1.93702411e-02 1.66252349e-02
-8.78228981e-04 -7.39388517e-04 4.40124795e-03 -5.40029863e-03 -5.39316505e-04 1.98426726e-03 -5.52382600e-03 1.87491197e-02 -2.73430851e-05 4.54606814e-03 -9.34021454e-03 -1.58291729e-03 -9.40547616e-04 -2.60966620e-03 8.35077185e-03 7.17160106e-03
2.89785967e-04 1.13102360e-04 -1.30453357e-03 1.44568167e-03 1.59199772e-04 -6.03978464e-04 1.71353773e-03 -5.80244372e-03 8.88005434e-06 -1.41465489e-03 2.91004684e-03 4.93784959e-04 2.93187157e-04 8.14002356e-04 -2.60482077e-03 -2.23716046e-03
-3.23095894e-03 -2.85396003e-04 8.34386330e-03 -9.26311500e-03 -1.01147487e-03 3.80797405e-03 -1.07604256e-02 3.64445113e-02 -5.51733901e-05 8.87274742e-03 -1.82512216e-02 -3.09619424e-03 -1.83849921e-03 -5.10408776e-03 1.63331181e-02 1.40276840e-02
1.09233847e-03 -4.43533238e-04 2.44608498e-03 -2.74225930e-03 -3.01548018e-04 1.14282989e-03 -3.24550597e-03 1.09922606e-02 -1.67727449e-05 2.67934799e-03 -5.51133882e-03 -9.35135235e-04 -5.55257022e-04 -1.54157158e-03 4.93305083e-03 4.23675682e-03
-7.20764801e-05 -4.67459555e-04 1.53762789e-03 -1.86223444e-03 -1.92881969e-04 6.91808877e-04 -1.90186978e-03 6.45866757e-03 -9.05472007e-06 1.56017405e-03 -3.20315594e-03 -5.42034046e-04 -3.22379055e-04 -8.93752731e-04 2.85997405e-03 2.45587318e-03
-3.32084019e-03 -3.00183403e-03 1.55727770e-02 -1.72861163e-02 -1.88841228e-03 7.04458961e-03 -1.96534414e-02 6.65680170e-02 -9.93402427e-05 1.61819849e-02 -3.32801640e-02 -5.64267440e-03 -3.35108489e-03 -9.30203591e-03 2.97662262e-02 2.55645793e-02
-1.31826324e-03 -6.82718644e-04 1.63940294e-03 -2.14244681e-03 -1.99879956e-04 6.66811189e-04 -1.60027260e-03 5.51957730e-03 -5.04916261e-06 1.28334854e-03 -2.61991797e-03 -4.39816067e-04 -2.63375987e-04 -7.25903781e-04 2.32240674e-03 1.99295441e-03
6.56775152e-03 1.61722454e-03 -1.98322237e-02 2.24655382e-02 2.41706776e-03 -9.06567927e-03 2.55892538e-02 -8.66956040e-02 1.30973858e-04 -2.10850108e-02 4.33640629e-02 7.35583389e-03 4.36811289e-03 1.21261971e-02 -3.88038307e-02 -3.33264694e-02
-1.22331912e-04 -6.51712646e-04 8.82971217e-04 -1.37556833e-03 -1.14145652e-04 3.61258193e-04 -8.41628294e-04 2.87083769e-03 -2.72742250e-06 6.72890223e-04 -1.37121428e-03 -2.29794794e-04 -1.37391267e-04 -3.79136880e-04 1.21304637e-03 1.04113959e-03
1.62526732e-03 2.18694122e-03 -1.05054621e-02 1.26583334e-02 1.34770270e-03 -4.77526058e-03 1.31693585e-02 -4.49095815e-02 6.29738133e-05 -1.07985502e-02 2.21914407e-02 3.75442859e-03 2.23368546e-03 6.19060779e-03 -1.98101085e-02 -1.70111712e-02
-1.09936181e-03 -1.88108650e-03 7.75151467e-03 -9.29817185e-03 -9.47233697e-04 3.43721709e-03 -9.53348540e-03 3.23273540e-02 -4.68494982e-05 7.81544391e-03 -1.60580650e-02 -2.71944678e-03 -1.61604793e-03 -4.48338827e-03 1.43468427e-02 1.23208417e-02
-4.60419292e-03 -5.14835585e-03 2.48263683e-02 -2.89723203e-02 -2.98070884e-03 1.12649016e-02 -3.15562375e-02 1.06846839e-01 -1.61512668e-04 2.60141678e-02 -5.35055436e-02 -9.07530636e-03 -5.38945664e-03 -1.49606708e-02 4.78742644e-02 4.11166772e-02
5.34065417e-04 -4.45871905e-04 4.10610199e-04 -4.79217299e-04 -5.65757291e-05 1.83612530e-04 -6.08888920e-04 2.01946753e-03 -5.60294893e-06 5.03311923e-04 -1.04312936e-03 -1.79780531e-04 -1.05355328e-04 -2.95589649e-04 9.45620879e-04 8.13310442e-04
-9.94822112e-05 3.39872553e-04 2.97125662e-05 1.92965788e-04 6.77130993e-06 4.03515733e-05 -2.43357354e-04 7.92362902e-04 -3.69584268e-06 2.20675487e-04 -4.70740371e-04 -8.52878948e-05 -4.84249140e-05 -1.39557567e-04 4.46632301e-04 3.85370076e-04
3.70001490e-03 5.65264653e-03 -2.17496268e-02 2.52859667e-02 2.63521145e-03 -9.64589417e-03 2.66552679e-02 -9.04202461e-02 1.28027867e-04 -2.19221096e-02 4.50127088e-02 7.62151740e-03 4.53407317e-03 1.25668896e-02 -4.02163118e-02 -3.45324241e-02
2.92096433e-04 -5.56093000e-04 1.16637186e-03 -1.45761948e-03 -1.48120889e-04 5.12157276e-04 -1.41444872e-03 4.79079271e-03 -6.82627433e-06 1.16304262e-03 -2.38780957e-03 -4.04471386e-04 -2.40388021e-04 -6.66844193e-04 2.13384489e-03 1.83249032e-03
3.89086688e-03 1.16598131e-02 -4.33124788e-02 5.17667457e-02 5.37708495e-03 -1.96917653e-02 5.47380894e-02 -1.85534909e-01 2.67732859e-04 -4.49258834e-02 9.22975466e-02 1.56311374e-02 9.28944536e-03 2.57717147e-02 -8.24674740e-02 -7.08210245e-02
2.15588254e-03 1.22297066e-03 -1.00262277e-02 1.12993633e-02 1.23193325e-03 -4.55777720e-03 1.28338300e-02 -4.34702225e-02 6.57290366e-05 -1.05671287e-02 2.17333995e-02 3.68708628e-03 2.18936522e-03 6.07817387e-03 -1.94502007e-02 -1.67047866e-02
-8.35594605e-04 -1.29852502e-03 4.91081411e-03 -5.81585895e-03 -6.18033519e-04 2.20254133e-03 -6.03485154e-03 2.04650443e-02 -2.75049715e-05 4.95239720e-03 -1.01653794e-02 -1.71841541e-03 -1.02344307e-03 -2.83419597e-03 9.06957500e-03 7.78678292e-03
4.76933870e-04 7.07412837e-05 -1.06545305e-03 1.29211519e-03 1.35194932e-04 -4.90315608e-04 1.33533659e-03 -4.56481008e-03 5.88421790e-06 -1.09984516e-03 2.25421158e-03 3.80889454e-04 2.27250726e-04 6.28502457e-04 -2.01142789e-03 -1.72645983e-03
-1.57069520e-03 -2.40197335e-03 1.12633612e-02 -1.39004970e-02 -1.38340553e-03 5.11829322e-03 -1.41167613e-02 4.79525588e-02 -6.99231605e-05 1.16264243e-02 -2.38885377e-02 -4.04589204e-03 -2.40463414e-03 -6.67068781e-03 2.13456079e-02 1.83309373e-02
8.08620546e-03 3.96397943e-03 -3.22086327e-02 3.56048569e-02 3.90628027e-03 -1.45329544e-02 4.10059877e-02 -1.38912827e-01 2.10566854e-04 -3.38104665e-02 6.95400909e-02 1.17976936e-02 7.00540142e-03 1.94485486e-02 -6.22354820e-02 -5.34508936e-02
-1.01965468e-03 -2.13295920e-03 7.64698954e-03 -9.34899691e-03 -9.53346840e-04 3.46280681e-03 -9.46900249e-03 3.22578289e-02 -4.37450617e-05 7.77785107e-03 -1.59560908e-02 -2.69702612e-03 -1.60632702e-03 -4.44827788e-03 1.42342197e-02 1.22212935e-02
-6.32358715e-04 -2.54013785e-03 1.06836334e-02 -1.32631119e-02 -1.33436569e-03 4.79332404e-03 -1.31614003e-02 4.46716696e-02 -6.19184284e-05 1.08234212e-02 -2.22180374e-02 -3.75834829e-03 -2.23665801e-03 -6.19796803e-03 1.98331550e-02 1.70294773e-02
8.93656630e-04 7.70045968e-04 -4.71490296e-03 5.71387075e-03 5.87794639e-04 -2.15804949e-03 6.04011584e-03 -2.05036178e-02 3.02407116e-05 -4.96533699e-03 1.02048330e-02 1.73023192e-03 1.02781074e-03 2.85245781e-03 -9.12776962e-03 -7.83905946e-03
-1.64157769e-03 -1.90251088e-03 8.35141353e-03 -9.92551912e-03 -1.03329902e-03 3.76605429e-03 -1.03867045e-02 3.52323316e-02 -5.02898984e-05 8.50959495e-03 -1.74777769e-02 -2.96176900e-03 -1.76011981e-03 -4.88298479e-03 1.56254843e-02 1.34187685e-02
-6.28268695e-04 -1.42937221e-04 -5.65728231e-04 2.07806821e-04 6.61922750e-05 -3.05727794e-04 1.06524792e-03 -3.62223131e-03 7.29686508e-06 -8.92325363e-04 1.84908777e-03 3.15626210e-04 1.86502759e-04 5.20019967e-04 -1.66424469e-03 -1.43000029e-03
-2.36306665e-03 -2.03327974e-03 1.20620057e-02 -1.39986062e-02 -1.48278219e-03 5.41526591e-03 -1.51523473e-02 5.14035113e-02 -7.59850955e-05 1.24706216e-02 -2.56289020e-02 -4.34527872e-03 -2.58130557e-03 -7.16361264e-03 2.29232684e-02 1.96868237e-02
-1.52649335e-03 -1.97065761e-04 3.05958558e-03 -3.48090078e-03 -3.68961279e-04 1.38163741e-03 -3.89962574e-03 1.31955678e-02 -2.00358645e-05 3.21320444e-03 -6.60869200e-03 -1.12123613e-03 -6.65773987e-04 -1.84835738e-03 5.91476401e-03 5.07989665e-03
3.36725870e-03 2.36157118e-03 -1.54535174e-02 1.77358296e-02 1.87998533e-03 -7.02015217e-03 1.96707584e-02 -6.66100755e-02 1.00105295e-04 -1.62137300e-02 3.33408639e-02 5.65439882e-03 3.35799623e-03 9.32142232e-03 -2.98284683e-02 -2.56178584e-02
2.76251230e-04 7.17623625e-03 -1.29352380e-02 1.69412177e-02 1.71076297e-03 -5.85858244e-03 1.58219021e-02 -5.41826636e-02 7.05357961e-05 -1.29375309e-02 2.65983455e-02 4.46291594e-03 2.66762148e-03 7.36686401e-03 -2.35781576e-02 -2.02338267e-02
6.85977167e-04 3.84406839e-03 -8.09632149e-03 1.24360109e-02 1.20085594e-03 -3.82860354e-03 9.92477871e-03 -3.46881896e-02 3.68963447e-05 -8.03222507e-03 1.63764525e-02 2.73608207e-03 1.64953945e-03 4.52646613e-03 -1.44906258e-02 -1.24224545e-02
-1.83322642e-03 -1.09924190e-03 6.90193148e-03 -8.00942536e-03 -8.47204530e-04 3.13857221e-03 -8.74309149e-03 2.96257120e-02 -4.31054650e-05 7.19524268e-03 -1.47954095e-02 -2.50508497e-03 -1.48925453e-03 -4.13037511e-03 1.32170804e-02 1.13501521e-02
-2.56037398e-04 -4.35444585e-04 1.69065048e-03 -1.97009137e-03 -2.10155893e-04 7.68399565e-04 -2.13774713e-03 7.25337071e-03 -1.05125091e-05 1.76007149e-03 -3.61749437e-03 -6.12429343e-04 -3.64104257e-04 -1.00980606e-03 3.23134498e-03 2.77485582e-03
1.87901699e-03 3.10533331e-03 -1.19497068e-02 1.42358448e-02 1.47288153e-03 -5.39147900e-03 1.47635574e-02 -5.00043742e-02 7.22656114e-05 -1.21332416e-02 2.49363948e-02 4.22496069e-03 2.51069153e-03 6.96570380e-03 -2.22901534e-02 -1.91421490e-02
1.35069399e-03 1.95174781e-03 -8.90075322e-03 1.04769142e-02 1.08633342e-03 -4.00970876e-03 1.11123500e-02 -3.77086550e-02 5.35618456e-05 -9.13044531e-03 1.87678970e-02 3.17682978e-03 1.88909122e-03 5.23800217e-03 -1.67613998e-02 -1.43934339e-02
-2.39312882e-03 -4.52521630e-03 2.11529732e-02 -2.42415704e-02 -2.57889694e-03 9.37683228e-03 -2.61000562e-02 8.87574703e-02 -1.26054219e-04 2.13899277e-02 -4.39758897e-02 -7.45542347e-03 -4.43020742e-03 -1.22913439e-02 3.93312797e-02 3.37774456e-02
7.75191525e-04 -1.18803757e-03 1.16072223e-03 -1.21947448e-03 -1.19501245e-04 4.12496651e-04 -1.12158817e-03 3.78864165e-03 -5.48907383e-06 9.14586068e-04 -1.87931443e-03 -3.18505889e-04 -1.89143611e-04 -5.25041309e-04 1.68012280e-03 1.44295930e-03
-1.23242696e-03 -1.62881886e-04 2.62127863e-03 -3.05705587e-03 -3.18979874e-04 1.17971364e-03 -3.29845026e-03 1.11782160e-02 -1.65488036e-05 2.71478482e-03 -5.58072282e-03 -9.46220302e-04 -5.62047295e-04 -1.55990792e-03 4.99165989e-03 4.28694766e-03
2.70546880e-05 -5.89880254e-03 1.18586207e-02 -1.78181324e-02 -1.66992843e-03 5.64013887e-03 -1.45979300e-02 5.13798259e-02 -6.01286483e-05 1.19595919e-02 -2.42728163e-02 -4.04717401e-03 -2.45072297e-03 -6.70298794e-03 2.14934871e-02 1.83986630e-02
3.88516556e-03 4.97274706e-03 -1.73002239e-02 2.34334003e-02 2.26718653e-03 -7.80131295e-03 2.13894434e-02 -7.25933313e-02 8.98802828e-05 -1.75185855e-02 3.59744616e-02 6.02496881e-03 3.61137278e-03 9.96449776e-03 -3.19043584e-02 -2.73529161e-02
4.80964867e-04 6.39473321e-04 -2.83988239e-03 3.38447443e-03 3.48718546e-04 -1.28662575e-03 3.61563964e-03 -1.22562274e-02 1.82839522e-05 -2.98014353e-03 6.12776540e-03 1.03939336e-03 6.17288519e-04 1.71347335e-03 -5.48308203e-03 -4.70906729e-03
1.91587966e-03 6.26704306e-04 -6.43190462e-03 7.30156759e-03 7.91236293e-04 -2.95918575e-03 8.31101369e-03 -2.82370988e-02 4.24565951e-05 -6.84932480e-03 1.40834600e-02 2.38872459e-03 1.41861476e-03 3.93789029e-03 -1.26012154e-02 -1.08224005e-02
-4.61306307e-04 4.07064421e-04 -5.21128473e-04 6.94127462e-04 6.04630623e-05 -2.07345045e-04 5.34324732e-04 -1.80710026e-03 2.35645962e-06 -4.33628564e-04 8.90221156e-04 1.50407708e-04 8.94391123e-05 2.47978693e-04 -7.93482410e-04 -6.81395235e-04
2.57898867e-03 2.71188375e-03 -1.57301184e-02 1.81688964e-02 1.88747828e-03 -7.02400040e-03 1.97232440e-02 -6.68945983e-02 9.93630820e-05 -1.62505470e-02 3.34181227e-02 5.66643663e-03 3.36553575e-03 9.34141595e-03 -2.98923180e-02 -2.56723277e-02
-1.27413927e-03 -3.90894851e-03 1.01909209e-02 -1.30525455e-02 -1.30281108e-03 4.64980677e-03 -1.25244763e-02 4.27999645e-02 -5.36286134e-05 1.02580674e-02 -2.10463330e-02 -3.53704439e-03 -2.11877073e-03 -5.83961513e-03 1.86901595e-02 1.60382837e-02
1.67769368e-03 1.08986045e-03 -7.48204906e-03 8.54416657e-03 9.04291519e-04 -3.38452775e-03 9.51358862e-03 -3.22524384e-02 4.83888834e-05 -7.83623103e-03 1.61151160e-02 2.73319869e-03 1.62314204e-03 4.50573815e-03 -1.44183235e-02 -1.23830372e-02
-2.11804267e-03 -7.32954475e-04 7.18718162e-03 -8.02523457e-03 -8.69414827e-04 3.26382066e-03 -9.20788199e-03 3.11780162e-02 -4.73614964e-05 7.59530487e-03 -1.56219611e-02 -2.65049865e-03 -1.57381489e-03 -4.36935294e-03 1.39819765e-02 1.20084286e-02
4.90467995e-04 2.07140140e-04 -3.74493655e-03 4.14609769e-03 4.58603405e-04 -1.73852721e-03 4.94942581e-03 -1.67650674e-02 2.55941868e-05 -4.08578711e-03 8.40463303e-03 1.42610713e-03 8.46776820e-04 2.35093897e-03 -7.52303889e-03 -6.46117562e-03
5.59102930e-03 2.41353246e-03 -1.89526752e-02 2.20396630e-02 2.32563633e-03 -8.61689821e-03 2.39042453e-02 -8.10439289e-02 1.20160643e-04 -1.97121222e-02 4.05060463e-02 6.86887559e-03 4.07983502e-03 1.13239521e-02 -3.62363495e-02 -3.11204810e-02
-1.80861400e-03 8.48506752e-05 4.04294999e-03 -3.84042924e-03 -4.94700798e-04 1.90557062e-03 -5.42999618e-03 1.83668155e-02 -2.84552716e-05 4.48742136e-03 -9.23287310e-03 -1.56684301e-03 -9.30263952e-04 -2.58292747e-03 8.26543849e-03 7.09884427e-03
-3.02969711e-05 2.57045077e-03 -5.86864213e-03 7.22314604e-03 7.15425878e-04 -2.56485166e-03 7.19245616e-03 -2.42679548e-02 3.53412761e-05 -5.88637218e-03 1.21038510e-02 2.05295300e-03 1.21920893e-03 3.38433427e-03 -1.08298510e-02 -9.30111203e-03
-4.17729607e-05 5.72159479e-04 -2.02495768e-03 2.64175097e-03 2.44769617e-04 -8.76004633e-04 2.46266997e-03 -8.33031535e-03 1.25198740e-05 -2.02758354e-03 4.16994840e-03 7.07305560e-04 4.20025230e-04 1.16600294e-03 -3.73119814e-03 -3.20451916e-03
2.16271589e-03 1.70559040e-03 -9.57879797e-03 1.13710025e-02 1.18259108e-03 -4.35458962e-03 1.21078249e-02 -4.11463790e-02 6.10876159e-05 -9.96218063e-03 2.04624478e-02 3.46903177e-03 2.06057774e-03 5.71891153e-03 -1.83003061e-02 -1.57168359e-02
-3.20251076e-03 -1.98297109e-03 1.24136927e-02 -1.41322855e-02 -1.49289565e-03 5.58272144e-03 -1.55967101e-02 5.28355911e-02 -7.88731995e-05 1.28360679e-02 -2.63910647e-02 -4.47585387e-03 -2.65821209e-03 -7.37858983e-03 2.36113966e-02 2.02783030e-02
1.67934771e-03 2.38539977e-03 -1.02472147e-02 1.21278726e-02 1.25767139e-03 -4.56252135e-03 1.27417957e-02 -4.31502275e-02 6.34526004e-05 -1.04929516e-02 2.15652771e-02 3.65588092e-03 2.17184005e-03 6.02712296e-03 -1.92865971e-02 -1.65634286e-02
8.05401709e-04 2.84423382e-04 -1.85984676e-03 2.06261175e-03 2.21849899e-04 -8.24009767e-04 2.30357586e-03 -7.82138389e-03 1.17859463e-05 -1.89769373e-03 3.90288397e-03 6.62083097e-04 3.93145368e-04 1.09144859e-03 -3.49263684e-03 -2.99964380e-03
-1.86724286e-03 -1.06941210e-03 6.72687916e-03 -8.91107135e-03 -8.31355981e-04 3.06468504e-03 -8.45124200e-03 2.86536217e-02 -4.16061484e-05 6.95175445e-03 -1.42682157e-02 -2.41927197e-03 -1.43735041e-03 -3.98853701e-03 1.27631985e-02 1.09609403e-02
-2.87625543e-03 -1.42587721e-03 1.04675572e-02 -1.20799858e-02 -1.27171201e-03 4.77894722e-03 -1.34533104e-02 4.55225185e-02 -6.85415362e-05 1.10833254e-02 -2.27924157e-02 -3.86599335e-03 -2.29576672e-03 -6.37315726e-03 2.03940887e-02 1.75153147e-02
-4.35783295e-03 -1.85265765e-03 1.76266599e-02 -1.97594855e-02 -2.13203742e-03 8.01851042e-03 -2.26457044e-02 7.66887516e-02 -1.16695112e-04 1.86812337e-02 -3.84238847e-02 -6.51932741e-03 -3.87103297e-03 -1.07471179e-02 3.43909003e-02 2.95366514e-02
7.88338203e-03 3.64703825e-03 -3.06814443e-02 3.48913670e-02 3.78373265e-03 -1.40132196e-02 3.92017625e-02 -1.32867292e-01 2.00239054e-04 -3.22923623e-02 6.64079264e-02 1.12647703e-02 6.68926490e-03 1.85701344e-02 -5.94244488e-02 -5.10363728e-02
-3.23208515e-04 -7.18451338e-04 2.31402996e-03 -3.06780217e-03 -3.17922502e-04 1.06908043e-03 -2.83732777e-03 9.86345112e-03 -1.02670647e-05 2.32722750e-03 -4.73679742e-03 -7.94707565e-04 -4.79514012e-04 -1.31417974e-03 4.20625135e-03 3.60709196e-03
-1.56317092e-03 -8.58008687e-04 5.98117895e-03 -6.96822349e-03 -7.29816151e-04 2.72208196e-03 -7.63383741e-03 2.58862749e-02 -3.90063433e-05 6.28980156e-03 -1.29348831e-02 -2.19408539e-03 -1.30290713e-03 -3.61697143e-03 1.15743047e-02 9.94053110e-03
1.21557678e-05 2.43760034e-04 -9.63002909e-04 1.22630899e-03 1.17846859e-04 -4.18509415e-04 1.16306613e-03 -3.95015534e-03 5.54382768e-06 -9.54444462e-04 1.96113321e-03 3.32042720e-04 1.97381712e-04 5.47451433e-04 -1.75181252e-03 -1.50437246e-03
-1.44894526e-04 3.95429583e-04 1.62419630e-04 7.08059233e-05 -1.58091880e-05 1.05549407e-04 -3.76528245e-04 1.26514595e-03 -2.68282838e-06 3.19006416e-04 -6.61208120e-04 -1.13314170e-04 -6.69506335e-05 -1.86696110e-04 5.97516540e-04 5.13419393e-04
-7.58754881e-03 -3.49127082e-03 2.92108469e-02 -3.32061388e-02 -3.51799233e-03 1.31888567e-02 -3.71704400e-02 1.25989795e-01 -1.90533450e-04 3.06539778e-02 -6.30424544e-02 -1.06951399e-02 -6.35081809e-03 -1.76310185e-02 5.64193316e-02 4.84556220e-02
3.32567754e-04 9.24315944e-04 -2.79130135e-03 3.66171263e-03 3.53176147e-04 -1.26731838e-03 3.44585255e-03 -1.16948010e-02 1.65677830e-05 -2.82773492e-03 5.80229983e-03 9.82259284e-04 5.84072433e-04 1.61959266e-03 -5.18251164e-03 -4.45039989e-03
3.72484629e-03 4.40676091e-03 -2.38516741e-02 2.80821789e-02 2.88519915e-03 -1.07079791e-02 2.98972558e-02 -1.01438925e-01 1.49005267e-04 -2.46376451e-02 5.06389402e-02 8.58321413e-03 5.09910984e-03 1.41504239e-02 -4.52808402e-02 -3.88873555e-02
-1.07964594e-03 -2.86889123e-03 1.08456481e-02 -1.23676807e-02 -1.34219241e-03 4.88008140e-03 -1.34921921e-02 4.58696000e-02 -6.75144038e-05 1.10968789e-02 -2.28093956e-02 -3.86661524e-03 -2.29675183e-03 -6.37433631e-03 2.03976836e-02 1.75179951e-02
-1.30073237e-03 -8.81057698e-04 4.73617064e-03 -5.61959576e-03 -5.80487598e-04 2.04856694e-03 -5.71541209e-03 1.93559732e-02 -2.83257414e-05 4.69585415e-03 -9.65500996e-03 -1.63697440e-03 -9.72359907e-04 -2.69862637e-03 8.63555167e-03 7.41641223e-03
-7.46301259e-04 -1.84654351e-03 6.18196279e-03 -7.36898277e-03 -7.56838766e-04 2.75365217e-03 -7.71658029e-03 2.61775069e-02 -3.80355232e-05 6.32942654e-03 -1.30133480e-02 -2.20658747e-03 -1.31071452e-03 -3.63768730e-03 1.16404137e-02 9.99708939e-03
-4.50320449e-03 -2.91384128e-03 1.91083290e-02 -2.23548897e-02 -2.36920500e-03 8.77904519e-03 -2.46350337e-02 8.34862664e-02 -1.26012601e-04 2.03075781e-02 -4.17501964e-02 -7.08206324e-03 -4.20551421e-03 -1.16748754e-02 3.73596027e-02 3.20860445e-02
