4.00683843e-03 2.39971839e-03 -1.21130496e-02 -2.10167188e-02 5.92002831e-03 -5.75432833e-03 1.91761795e-02 1.99804772e-02 -7.71338353e-03 -4.08407720e-03 -4.26453305e-03 6.05781749e-03 -9.93395131e-03 -5.44961449e-03 1.07785231e-02 2.04417109e-02
-1.30691035e-02 -6.88662753e-03 3.63013446e-02 6.49166480e-02 -1.86008122e-02 1.76216140e-02 -5.99058494e-02 -6.32849559e-02 2.44543776e-02 1.29263606e-02 1.35358823e-02 -1.91840045e-02 3.14625837e-02 1.72662251e-02 -3.41555476e-02 -6.47791401e-02
-1.77516311e-03 -2.72795674e-04 4.23537754e-03 7.68704806e-03 -2.01122998e-03 2.01374642e-03 -6.51755137e-03 -6.71219267e-03 2.58614286e-03 1.37721072e-03 1.42791460e-03 -2.03272910e-03 3.33468174e-03 1.82825967e-03 -3.61505756e-03 -6.85571367e-03
-3.38892243e-03 -4.16661613e-03 1.20367929e-02 2.27017961e-02 -6.52654609e-03 6.16654567e-03 -2.09887568e-02 -2.24574469e-02 8.68679211e-03 4.56636073e-03 4.81294282e-03 -6.80807978e-03 1.11645432e-02 6.12931466e-03 -1.21269319e-02 -2.30008028e-02
-1.56399123e-02 -4.64131404e-03 3.71632166e-02 6.57573789e-02 -1.82975717e-02 1.89938471e-02 -5.78626059e-02 -6.08202778e-02 2.34567281e-02 1.24797914e-02 1.29833706e-02 -1.84107497e-02 3.01988125e-02 1.65698621e-02 -3.27701755e-02 -6.21493198e-02
3.49327875e-03 -4.51548025e-04 -9.30129737e-03 -1.43430755e-02 3.77155445e-03 -4.23201267e-03 1.24511886e-02 1.22104278e-02 -4.67970083e-03 -2.54341774e-03 -2.56531616e-03 3.69824260e-03 -6.07479550e-03 -3.32125998e-03 6.55748090e-03 1.24329207e-02
1.00110727e-03 -1.81889581e-03 2.97355652e-03 5.48670953e-03 -1.61700672e-03 1.54453993e-03 -5.09181246e-03 -5.43907797e-03 2.10401672e-03 1.11138902e-03 1.16445462e-03 -1.65023585e-03 2.70687579e-03 1.48553459e-03 -2.93855905e-03 -5.57317678e-03
-1.55632163e-03 -1.08168938e-03 5.75050618e-03 1.03207994e-02 -2.80225719e-03 2.79225316e-03 -9.01411008e-03 -9.34718736e-03 3.60665238e-03 1.92421745e-03 1.98946008e-03 -2.83594942e-03 4.65286104e-03 2.55036564e-03 -5.04226843e-03 -9.56192240e-03
-9.71552171e-03 -2.24425923e-03 2.87837535e-02 4.66400012e-02 -1.27580920e-02 1.30598946e-02 -4.14470024e-02 -4.33027223e-02 1.67088695e-02 8.93467385e-03 9.19509120e-03 -1.31448470e-02 2.15707067e-02 1.18203880e-02 -2.33647097e-02 -4.43096049e-02
3.09561333e-03 1.86597393e-03 -1.08301574e-02 -1.74792707e-02 5.09778224e-03 -5.00242133e-03 1.65127870e-02 1.70091931e-02 -6.54527405e-03 -3.46129225e-03 -3.61927110e-03 5.13928290e-03 -8.42947420e-03 -4.62353602e-03 9.14453994e-03 1.73426587e-02
6.60226506e-04 5.37328306e-05 -1.75097282e-03 -2.95826932e-03 8.20157758e-04 -8.08092067e-04 2.60163983e-03 2.70959246e-03 -1.04489026e-03 -5.54257538e-04 -5.77518367e-04 8.20202637e-04 -1.34534226e-03 -7.37984141e-04 1.45963894e-03 2.76827766e-03
3.48126004e-03 2.24639778e-03 -1.02285184e-02 -1.81804430e-02 5.15866885e-03 -4.89868456e-03 1.65963229e-02 1.74869318e-02 -6.75547542e-03 -3.56365042e-03 -3.73803009e-03 5.30113792e-03 -8.69347155e-03 -4.77021514e-03 9.43553913e-03 1.78951696e-02
-1.86997454e-03 -1.37581350e-03 7.18974229e-03 1.19445324e-02 -3.44183482e-03 3.32624605e-03 -1.09710880e-02 -1.15597062e-02 4.46562376e-03 2.36424780e-03 2.46886001e-03 -3.50616104e-03 5.74998930e-03 3.15431505e-03 -6.23859139e-03 -1.18316729e-02
-3.53017519e-03 -1.01797143e-03 1.08662285e-02 1.72017552e-02 -4.89027891e-03 4.89529874e-03 -1.57157555e-02 -1.60969831e-02 6.19665533e-03 3.29313381e-03 3.42358695e-03 -4.87378705e-03 7.99530465e-03 4.38301684e-03 -8.66589788e-03 -1.64337177e-02
-1.30486842e-02 -8.32857285e-03 3.77498567e-02 6.28353879e-02 -1.79870836e-02 1.71947554e-02 -5.82870357e-02 -6.20705523e-02 2.40005981e-02 1.26089705e-02 1.33035211e-02 -1.88138913e-02 3.08516975e-02 1.69375110e-02 -3.35115008e-02 -6.35603070e-02
4.97101061e-03 5.52320853e-03 -1.52521227e-02 -2.93643475e-02 8.64898134e-03 -8.07113294e-03 2.79267840e-02 3.01162209e-02 -1.16572985e-02 -6.11615647e-03 -6.46259589e-03 9.13360436e-03 -1.49776293e-02 -8.22382886e-03 1.62718240e-02 3.08626946e-02
-3.72400787e-03 -1.85950333e-03 8.41164123e-03 1.64255053e-02 -4.55401605e-03 4.40311013e-03 -1.46484096e-02 -1.55094638e-02 5.99006237e-03 3.15040071e-03 3.31904134e-03 -4.69515519e-03 7.69940624e-03 4.22680797e-03 -8.36273748e-03 -1.58613455e-02
2.12508044e-03 2.65326677e-03 -8.88445787e-03 -1.67399291e-02 4.79978463e-03 -4.57735453e-03 1.54089089e-02 1.62989907e-02 -6.29429333e-03 -3.32348747e-03 -3.48358531e-03 4.93887719e-03 -8.10088031e-03 -4.44526365e-03 8.79232585e-03 1.66752171e-02
-3.26154265e-03 -1.95693551e-03 8.66626762e-03 1.58148091e-02 -4.51926142e-03 4.28660121e-03 -1.45822801e-02 -1.54759781e-02 5.98372519e-03 3.14737111e-03 3.31535982e-03 -4.69037285e-03 7.69153610e-03 4.22249688e-03 -8.35417118e-03 -1.58450957e-02
-7.69763347e-03 -2.09721271e-03 1.05484212e-02 1.96594726e-02 -5.76130906e-03 5.49118593e-03 -1.83480121e-02 -1.97747443e-02 7.65252952e-03 4.01815725e-03 4.24140645e-03 -5.99612808e-03 9.83244833e-03 5.39865857e-03 -1.06817959e-02 -2.02600807e-02
-1.68514205e-03 -1.85201387e-03 5.84746385e-03 1.07596656e-02 -3.10369139e-03 2.96445424e-03 -1.00170700e-02 -1.06332600e-02 4.10884293e-03 2.16239598e-03 2.27571931e-03 -3.22145456e-03 5.28262043e-03 2.89973384e-03 -5.73686883e-03 -1.08808121e-02
-1.98345818e-03 -7.31900753e-03 1.40968459e-02 2.96814851e-02 -8.68753530e-03 8.09376873e-03 -2.80051641e-02 -3.01791728e-02 1.16801709e-02 6.12971839e-03 6.47444371e-03 -9.15211905e-03 1.50082372e-02 8.24030396e-03 -1.63041446e-02 -3.09238788e-02
-4.80155135e-03 1.17501384e-03 1.04832537e-02 1.60910562e-02 -4.25308663e-03 4.44108294e-03 -1.40531473e-02 -1.37425549e-02 5.27429953e-03 2.85583432e-03 2.89421831e-03 -4.16265940e-03 6.83374424e-03 3.74029274e-03 -7.38597382e-03 -1.40041821e-02
-2.92180316e-03 -3.36992834e-03 9.89281759e-03 1.97921861e-02 -5.55227138e-03 5.38808620e-03 -1.78829208e-02 -1.90906078e-02 7.37950066e-03 3.89885553e-03 4.08125389e-03 -5.79065038e-03 9.49356891e-03 5.21135842e-03 -1.03065325e-02 -1.95462294e-02
1.01978029e-03 1.14994228e-03 -3.18502868e-03 -6.70138374e-03 1.86474738e-03 -1.78171485e-03 5.97355282e-03 6.36550318e-03 -2.46110652e-03 -1.29523175e-03 -1.36316626e-03 1.92938652e-03 -3.16402502e-03 -1.73683651e-03 3.43618658e-03 6.51724823e-03
-4.50744200e-03 -6.76892232e-03 1.68507695e-02 3.31279486e-02 -9.72401910e-03 9.03997757e-03 -3.12844738e-02 -3.36864628e-02 1.30349379e-02 6.84035663e-03 7.22588971e-03 -1.02134971e-02 1.67487580e-02 9.19597223e-03 -1.81951728e-02 -3.45106199e-02
-2.28046766e-03 -2.04106327e-05 5.91648556e-03 9.02509782e-03 -2.40328046e-03 2.54954328e-03 -7.63865188e-03 -7.69493030e-03 2.95970170e-03 1.60047633e-03 1.62077253e-03 -2.33424897e-03 3.83307529e-03 2.09740549e-03 -4.14412515e-03 -7.85695575e-03
6.27548085e-04 1.70956948e-03 -2.69515603e-03 -5.97086689e-03 1.76272774e-03 -1.66066841e-03 5.69272600e-03 6.13602577e-03 -2.37436150e-03 -1.24812196e-03 -1.31532713e-03 1.86099811e-03 -3.05194664e-03 -1.67541299e-03 3.31474980e-03 6.28694845e-03
-4.50084964e-03 -3.40006780e-04 1.71341896e-02 2.61115097e-02 -7.06253992e-03 7.14824395e-03 -2.30396539e-02 -2.34052986e-02 9.01211891e-03 4.78670094e-03 4.95520793e-03 -7.10317260e-03 1.16357040e-02 6.37536403e-03 -1.26010729e-02 -2.38947608e-02
1.43877603e-03 1.52072939e-03 -5.82069857e-03 -1.04452092e-02 2.92791193e-03 -2.85174535e-03 9.35602188e-03 9.83396359e-03 -3.79323028e-03 -2.01635784e-03 -2.09434098e-03 2.98056914e-03 -4.88921581e-03 -2.68106535e-03 5.30139217e-03 1.00537399e-02
3.32260644e-03 7.71835446e-04 -9.94935445e-03 -1.65156722e-02 4.61551128e-03 -4.66199685e-03 1.51040796e-02 1.54299019e-02 -5.92526142e-03 -3.18084378e-03 -3.27035808e-03 4.66394937e-03 -7.65947066e-03 -4.19982756e-03 8.29513092e-03 1.57270264e-02
-1.49185141e-03 -1.61511148e-03 4.09321394e-03 7.75188301e-03 -2.29274714e-03 2.16219318e-03 -7.39491684e-03 -7.97758531e-03 3.08701885e-03 1.62022561e-03 1.71099568e-03 -2.41885940e-03 3.96651076e-03 2.17782729e-03 -4.30906517e-03 -8.17298144e-03
-1.43830234e-03 -5.84541121e-03 1.06311683e-02 2.29340643e-02 -6.65823184e-03 6.20826846e-03 -2.14163158e-02 -2.31002066e-02 8.93892627e-03 4.69140057e-03 4.95541096e-03 -7.00426241e-03 1.14861606e-02 6.30645780e-03 -1.24778915e-02 -2.36666724e-02
5.80320368e-03 7.66345765e-03 -2.08598208e-02 -3.97034101e-02 1.17349895e-02 -1.08332084e-02 3.77954692e-02 4.05573323e-02 -1.56936795e-02 -8.23520217e-03 -8.69784784e-03 1.22969728e-02 -2.01650653e-02 -1.10718971e-02 2.19069347e-02 4.15507331e-02
-4.65035019e-03 -8.30125250e-03 1.78276412e-02 3.65425348e-02 -1.08954385e-02 1.01688243e-02 -3.51470709e-02 -3.76608744e-02 1.45735983e-02 7.64604937e-03 8.07845592e-03 -1.14185140e-02 1.87249407e-02 1.02813588e-02 -2.03429181e-02 -3.85843255e-02
1.96475931e-03 2.49989051e-03 -7.17362063e-03 -1.41627248e-02 4.12235223e-03 -3.92951583e-03 1.32712973e-02 1.41873145e-02 -5.48715750e-03 -2.88713840e-03 -3.03999381e-03 4.30117175e-03 -7.05367047e-03 -3.87211400e-03 7.66074983e-03 1.45298140e-02
-4.33855504e-03 2.05482799e-03 3.31011601e-03 4.11875173e-03 -9.83332749e-04 1.05410453e-03 -3.11242254e-03 -3.16236471e-03 1.20912469e-03 6.42227300e-04 6.68246183e-04 -9.49636335e-04 1.55736494e-03 8.54263199e-04 -1.68975466e-03 -3.20461206e-03
5.60546119e-04 3.75913270e-03 -6.13769190e-03 -1.33343227e-02 3.92653421e-03 -3.65595869e-03 1.26899686e-02 1.36998910e-02 -5.30195329e-03 -2.78208149e-03 -2.93931970e-03 4.15402837e-03 -6.81214174e-03 -3.74033162e-03 7.40066171e-03 1.40367951e-02
-5.63447317e-03 -6.34623459e-03 1.77236404e-02 3.29935178e-02 -9.68140177e-03 8.99313297e-03 -3.08719296e-02 -3.31500247e-02 1.28266225e-02 6.73625385e-03 7.10837496e-03 -1.00519285e-02 1.64837483e-02 9.04992595e-03 -1.79057755e-02 -3.39615457e-02
-9.35748802e-04 -6.80968806e-04 2.37207627e-03 4.61124489e-03 -1.32470985e-03 1.23676041e-03 -4.25700005e-03 -4.57293494e-03 1.76980568e-03 9.28881869e-04 9.81144374e-04 -1.38673093e-03 2.27406132e-03 1.24860345e-03 -2.47050053e-03 -4.68578003e-03
7.10294582e-04 2.63646885e-04 -2.10577389e-03 -3.49860359e-03 9.76994284e-04 -9.69781366e-04 3.09990300e-03 3.20836459e-03 -1.23640313e-03 -6.57449244e-04 -6.82408689e-04 9.71591799e-04 -1.59386813e-03 -8.73866433e-04 1.72800885e-03 3.27706966e-03
-1.91797189e-05 -1.89602491e-03 2.86479620e-03 6.35578716e-03 -1.88618037e-03 1.74868968e-03 -6.08843099e-03 -6.56564953e-03 2.54086545e-03 1.33371889e-03 1.40845345e-03 -1.99101912e-03 3.26501345e-03 1.79263903e-03 -3.54685099e-03 -6.72724377e-03
1.47228199e-03 8.94295750e-04 -5.24108671e-03 -9.27950349e-03 2.61947303e-03 -2.66825035e-03 8.36050510e-03 8.69436376e-03 -3.35415406e-03 -1.77884020e-03 -1.85294787e-03 2.63283891e-03 -4.31760261e-03 -2.36882525e-03 4.68535675e-03 8.88608675e-03
-6.79699180e-04 -5.47687407e-04 1.80555950e-03 3.29005090e-03 -9.40325786e-04 8.81069049e-04 -3.00954841e-03 -3.23304301e-03 1.25053385e-03 6.56797958e-04 6.93122391e-04 -9.79968230e-04 1.60704600e-03 8.82320281e-04 -1.74573960e-03 -3.31111881e-03
3.70166986e-03 1.08458195e-03 -1.07254852e-02 -1.84626151e-02 5.15245553e-03 -5.18968748e-03 1.66312642e-02 1.72107238e-02 -6.61059748e-03 -3.53150629e-03 -3.64935584e-03 5.21018822e-03 -8.55297502e-03 -4.69053164e-03 9.25458502e-03 1.75506957e-02
-3.66639020e-03 -3.39759444e-03 1.23322206e-02 2.22230013e-02 -6.44167606e-03 6.34779455e-03 -2.07149927e-02 -2.18333229e-02 8.42809025e-03 4.45069047e-03 4.66358243e-03 -6.61053276e-03 1.08416406e-02 5.95043460e-03 -1.17709963e-02 -2.23247502e-02
-2.78286613e-03 -2.93634227e-03 1.00891693e-02 1.96905229e-02 -5.70642436e-03 5.55977039e-03 -1.84359811e-02 -1.94216724e-02 7.50294700e-03 3.97928338e-03 4.15218389e-03 -5.88487322e-03 9.65221319e-03 5.29731018e-03 -1.04792267e-02 -1.98738482e-02
-1.72655925e-03 -7.25875795e-03 1.16391433e-02 2.59049758e-02 -7.65297934e-03 7.10647693e-03 -2.46563572e-02 -2.66775135e-02 1.03267198e-02 5.41741448e-03 5.72503079e-03 -8.09076335e-03 1.32678049e-02 7.28501426e-03 -1.44142862e-02 -2.73395125e-02
9.59353405e-04 -2.90721073e-04 -5.04958909e-04 -8.78232415e-04 1.85817946e-04 -2.06003897e-04 5.76584309e-04 6.00768661e-04 -2.32058650e-04 -1.22877012e-04 -1.28474698e-04 1.82013726e-04 -2.98455852e-04 -1.63817880e-04 3.24086344e-04 6.14672841e-04
-1.53949455e-04 8.28409195e-03 -1.09570082e-02 -2.50173733e-02 7.46368058e-03 -6.89884368e-03 2.41041575e-02 2.61089150e-02 -1.01074809e-02 -5.30132465e-03 -5.60356444e-03 7.91886263e-03 -1.29859410e-02 -7.13027641e-03 1.41081410e-02 2.67588589e-02
4.50831978e-03 7.67764729e-03 -1.60118174e-02 -3.31425220e-02 9.86636057e-03 -9.13668144e-03 3.18274945e-02 3.43792140e-02 -1.33077148e-02 -6.98066503e-03 -7.37770181e-03 1.04263378e-02 -1.70978885e-02 -9.38801374e-03 1.85753386e-02 3.52317616e-02
-5.01048693e-04 -1.55030680e-03 4.90482058e-03 8.86429753e-03 -2.50126608e-03 2.49255612e-03 -8.03164206e-03 -8.41513183e-03 3.24866967e-03 1.72541244e-03 1.79366861e-03 -2.55205599e-03 4.18682769e-03 2.29589641e-03 -4.54025064e-03 -8.61017965e-03
2.01544794e-03 1.52261509e-03 -5.54461917e-03 -1.02261920e-02 2.90774950e-03 -2.80512334e-03 9.38891433e-03 1.00199319e-02 -3.87394777e-03 -2.03738338e-03 -2.14596069e-03 3.03672487e-03 -4.97989869e-03 -2.73379870e-03 5.40876947e-03 1.02586243e-02
6.35453791e-04 7.19414500e-04 -3.07436031e-03 -5.44855418e-03 1.55052985e-03 -1.50366104e-03 4.96093137e-03 5.21790283e-03 -2.01400556e-03 -1.06650800e-03 -1.11282547e-03 1.58104522e-03 -2.59316410e-03 -1.42250524e-03 2.81348359e-03 5.33587905e-03
-6.44989428e-04 1.76918576e-03 -2.03510048e-03 -4.71037347e-03 1.42856990e-03 -1.31464517e-03 4.62669088e-03 5.02688903e-03 -1.94653717e-03 -1.02043722e-03 -1.07926084e-03 1.52491604e-03 -2.50070821e-03 -1.37310522e-03 2.71689217e-03 5.15313307e-03
-1.06633385e-03 2.31994479e-03 -2.76556867e-03 -6.53630123e-03 1.95596274e-03 -1.80322258e-03 6.33249758e-03 6.86250906e-03 -2.65646772e-03 -1.39323610e-03 -1.47268316e-03 2.08129268e-03 -3.41305416e-03 -1.87401264e-03 3.70794721e-03 7.03283818e-03
9.84950108e-04 6.02017040e-04 -3.01463809e-03 -5.59140742e-03 1.53109373e-03 -1.48343260e-03 4.91693057e-03 5.18065225e-03 -2.00031628e-03 -1.05804286e-03 -1.10636256e-03 1.56977202e-03 -2.57440284e-03 -1.41252007e-03 2.79395608e-03 5.29894000e-03
-1.84967052e-04 -5.31430356e-04 1.04842894e-03 2.20890297e-03 -6.49346446e-04 6.00372092e-04 -2.08610785e-03 -2.24813237e-03 8.70013086e-04 4.56670416e-04 4.82255302e-04 -6.81719161e-04 1.11792458e-03 6.13798446e-04 -1.21445651e-03 -2.30344618e-03
8.55319449e-05 -7.40166070e-05 -1.61949320e-05 6.54756004e-05 -2.00648446e-05 1.84658675e-05 -6.61736558e-05 -7.27110310e-05 2.81685461e-05 1.47622623e-05 1.56232818e-05 -2.20644997e-05 3.61837665e-05 1.98685866e-05 -3.93130176e-05 -7.45650614e-05
2.73984601e-03 -1.93937111e-03 -6.47044450e-04 1.53711764e-03 -4.85641649e-04 4.10813373e-04 -1.61341089e-03 -1.80702750e-03 7.00462202e-04 3.66489170e-04 3.88562185e-04 -5.48583281e-04 8.99702020e-04 4.94045089e-04 -9.77553311e-04 -1.85412937e-03
2.00103712e-03 1.22798118e-03 -6.50887657e-03 -1.07667930e-02 3.06647713e-03 -2.97308434e-03 9.82813817e-03 1.03475926e-02 -3.99714662e-03 -2.11002654e-03 -2.21204222e-03 3.13543994e-03 -5.14191203e-03 -2.82187178e-03 5.58230979e-03 1.05874417e-02
4.10037255e-03 7.12315924e-03 -1.81399509e-02 -3.50420997e-02 1.03875548e-02 -9.86068137e-03 3.34562175e-02 3.58910151e-02 -1.38853323e-02 -7.29474844e-03 -7.69269513e-03 1.08818430e-02 -1.78446528e-02 -9.79699194e-03 1.93838887e-02 3.67652364e-02
3.14015127e-03 2.53232569e-03 -1.18502975e-02 -2.05736645e-02 5.94084803e-03 -5.85336657e-03 1.91709977e-02 2.01510508e-02 -7.77937332e-03 -4.11264831e-03 -4.30230983e-03 6.10719481e-03 -1.00169815e-02 -5.49485441e-03 1.08675668e-02 2.06106752e-02
6.34925812e-03 2.03384319e-03 -1.35130277e-02 -2.48907246e-02 7.06684170e-03 -6.66258251e-03 2.27942802e-02 2.42014304e-02 -9.35691409e-03 -4.91712987e-03 -5.18438313e-03 7.33309193e-03 -1.20250955e-02 -6.60194317e-03 1.30622825e-02 2.47750003e-02
1.93262403e-03 -6.07719179e-04 -3.38666374e-03 -4.87123569e-03 1.30221294e-03 -1.37087563e-03 4.14657965e-03 4.20654193e-03 -1.62043271e-03 -8.64298840e-04 -8.93722521e-04 1.27358129e-03 -2.08892464e-03 -1.14529952e-03 2.26480258e-03 4.29508043e-03
-4.26406856e-04 4.77709254e-04 1.19037519e-04 -2.12997009e-04 8.58503045e-05 -4.95907407e-05 2.89614982e-04 3.90050671e-04 -1.54116598e-04 -7.72047060e-05 -8.69617797e-05 1.19555625e-04 -1.95521847e-04 -1.08041997e-04 2.14169355e-04 4.06383304e-04
4.55574738e-03 4.32411628e-03 -1.50060132e-02 -2.73126382e-02 7.84476474e-03 -7.42086442e-03 2.53075659e-02 2.69101299e-02 -1.04055237e-02 -5.47341770e-03 -5.76340174e-03 8.15571845e-03 -1.33746201e-02 -7.34227570e-03 1.45268021e-02 2.75524929e-02
2.34948634e-03 6.08488405e-03 -1.37223443e-02 -2.85649691e-02 8.26408155e-03 -7.79625354e-03 2.66712457e-02 2.87506506e-02 -1.11270864e-02 -5.84094925e-03 -6.16652984e-03 8.71938840e-03 -1.42985787e-02 -7.85019342e-03 1.55322924e-02 2.94600129e-02
4.15332906e-04 3.76675336e-04 -1.54516054e-03 -2.75538652e-03 7.81750190e-04 -7.72096973e-04 2.49647116e-03 2.59812619e-03 -1.00237841e-03 -5.33423154e-04 -5.52993268e-04 7.87849131e-04 -1.29252626e-03 -7.08610809e-04 1.40103546e-03 2.65696575e-03
-2.33706203e-03 1.94211747e-03 2.24898430e-03 1.39295182e-03 -2.95073376e-04 4.66408179e-04 -9.86837083e-04 -5.12567698e-04 1.82325050e-04 1.32212241e-04 8.71440061e-05 -1.55310496e-04 2.56462459e-04 1.35689610e-04 -2.63417547e-04 -4.97828878e-04
-4.15563211e-03 -2.73822201e-03 1.71594732e-02 2.58893445e-02 -7.37056509e-03 7.21829059e-03 -2.37036757e-02 -2.49135755e-02 9.62009933e-03 5.09557361e-03 5.31880278e-03 -7.55446870e-03 1.23931132e-02 6.79589016e-03 -1.34414621e-02 -2.54909489e-02
-6.01038570e-03 -3.42297833e-03 1.48685370e-02 2.81391349e-02 -8.11248273e-03 7.55835231e-03 -2.57841758e-02 -2.76443269e-02 1.06947375e-02 5.62401861e-03 5.92592219e-03 -8.38261284e-03 1.37461983e-02 7.54653383e-03 -1.49308573e-02 -2.83189099e-02
-1.24841062e-02 -7.66216125e-03 3.33660990e-02 6.44493029e-02 -1.84719134e-02 1.76662989e-02 -5.97360395e-02 -6.31077960e-02 2.43907943e-02 1.28544644e-02 1.35024069e-02 -1.91244651e-02 3.13618295e-02 1.72152072e-02 -3.40573043e-02 -6.45945743e-02
-1.48841238e-04 -1.70409214e-03 2.72868387e-03 5.91854332e-03 -1.75780791e-03 1.63327763e-03 -5.66763198e-03 -6.10714313e-03 2.36343616e-03 1.24008360e-03 1.31015317e-03 -1.85178430e-03 3.03668086e-03 1.66733842e-03 -3.29901627e-03 -6.25722297e-03
2.25981628e-03 1.72126340e-03 -9.00260266e-03 -1.51862409e-02 4.39805910e-03 -4.25363053e-03 1.40825640e-02 1.48190940e-02 -5.72418794e-03 -3.02687869e-03 -3.16578988e-03 4.49427962e-03 -7.37068662e-03 -4.04348550e-03 7.99738895e-03 1.51672009e-02
-1.64708283e-04 1.12171425e-03 -2.26368639e-03 -4.66620876e-03 1.35511230e-03 -1.31030870e-03 4.36662184e-03 4.63599106e-03 -1.78976334e-03 -9.48038243e-04 -9.89489956e-04 1.40617043e-03 -2.30677682e-03 -1.26503559e-03 2.50131451e-03 4.74346615e-03
2.56262440e-03 2.40475102e-03 -9.17354412e-03 -1.76329669e-02 4.92475275e-03 -4.78764065e-03 1.57910753e-02 1.68265048e-02 -6.50331285e-03 -3.43048247e-03 -3.59837455e-03 5.10031125e-03 -8.36436916e-03 -4.59066266e-03 9.08111874e-03 1.72233731e-02
-4.94019501e-03 -9.55580082e-03 2.17913557e-02 4.26072925e-02 -1.26685454e-02 1.17302388e-02 -4.06498127e-02 -4.38826047e-02 1.69841629e-02 8.91068298e-03 9.41530243e-03 -1.33070974e-02 2.18219217e-02 1.19817425e-02 -2.37072743e-02 -4.49654646e-02
1.82606163e-03 1.00511953e-03 -5.83128259e-03 -9.96366329e-03 2.80727539e-03 -2.78705498e-03 9.05415323e-03 9.47078224e-03 -3.65355308e-03 -1.93916773e-03 -2.01845751e-03 2.87013454e-03 -4.70795901e-03 -2.58184643e-03 5.10561187e-03 9.68269818e-03
3.37634212e-03 3.13423644e-03 -1.07291825e-02 -1.96307264e-02 5.57628972e-03 -5.33034233e-03 1.78380236e-02 1.89980157e-02 -7.34456629e-03 -3.87223740e-03 -4.06589452e-03 5.76071022e-03 -9.44718346e-03 -5.18484553e-03 1.02566686e-02 1.94528326e-02
2.66109913e-04 4.78026195e-04 -1.43309298e-03 -2.96271057e-03 8.36438558e-04 -7.96626031e-04 2.69753719e-03 2.84976698e-03 -1.10079674e-03 -5.80024323e-04 -6.09613839e-04 8.63139168e-04 -1.41549634e-03 -7.76954985e-04 1.53706933e-03 2.91525829e-03
3.27594549e-04 -1.01754922e-04 -6.56837074e-04 -8.97441991e-04 2.41917092e-04 -2.55424908e-04 7.85166863e-04 7.80789065e-04 -3.00319545e-04 -1.59867603e-04 -1.65970763e-04 2.35967207e-04 -3.87020526e-04 -2.12248196e-04 4.19775868e-04 7.96091743e-04
2.42469920e-04 -8.04539741e-05 -3.68763693e-04 -5.23775700e-04 1.35733018e-04 -1.41945769e-04 4.23659396e-04 4.41647397e-04 -1.70580781e-04 -9.03342589e-05 -9.44066633e-05 1.33916794e-04 -2.19604568e-04 -1.20482386e-04 2.38322202e-04 4.51994041e-04
2.77938857e-03 4.27303556e-03 -1.03939800e-02 -2.04443429e-02 5.97698288e-03 -5.57308458e-03 1.91780329e-02 2.06018854e-02 -7.97029678e-03 -4.18684538e-03 -4.41729045e-03 6.24598796e-03 -1.02426689e-02 -5.62344724e-03 1.11262593e-02 2.11029537e-02
2.87194666e-03 6.24182960e-03 -1.36911664e-02 -2.85561346e-02 8.36258102e-03 -7.77128711e-03 2.69842763e-02 2.90694702e-02 -1.12515278e-02 -5.90334972e-03 -6.23741467e-03 8.81560706e-03 -1.44564146e-02 -7.93754030e-03 1.57053694e-02 2.97882892e-02
1.06504478e-03 4.44379402e-05 -1.97917689e-03 -3.46159469e-03 9.75151663e-04 -9.44469240e-04 3.11262556e-03 3.31154070e-03 -1.28051860e-03 -6.74396753e-04 -7.08962558e-04 1.00389915e-03 -1.64629426e-03 -9.03688546e-04 1.78788649e-03 3.39100300e-03
-7.87028670e-03 -8.13695602e-04 2.46670023e-02 3.96525227e-02 -1.10190567e-02 1.10152457e-02 -3.53446975e-02 -3.61881256e-02 1.39359087e-02 7.43945315e-03 7.65251648e-03 -1.09595489e-02 1.79872774e-02 9.85697936e-03 -1.94842126e-02 -3.69468294e-02
-8.10313853e-04 -2.30029970e-03 5.03214728e-03 1.06751081e-02 -3.10891285e-03 3.02028470e-03 -1.01329498e-02 -1.06809139e-02 4.12082067e-03 2.18205573e-03 2.27756985e-03 -3.23677482e-03 5.30976150e-03 2.91253766e-03 -5.75890951e-03 -1.09215435e-02
-3.65918502e-03 1.90789811e-04 8.79155751e-03 1.37793012e-02 -3.84213193e-03 3.80409299e-03 -1.23267863e-02 -1.28897158e-02 4.97787120e-03 2.63283029e-03 2.74947216e-03 -3.90763488e-03 6.40866673e-03 3.51572200e-03 -6.95379265e-03 -1.31882112e-02
8.57699197e-04 1.14612514e-03 -3.51842749e-03 -6.73662312e-03 1.96549739e-03 -1.86200102e-03 6.30521029e-03 6.74942322e-03 -2.61033047e-03 -1.37355865e-03 -1.44550100e-03 2.04654108e-03 -3.35592777e-03 -1.84221205e-03 3.64460493e-03 6.91252854e-03
-3.12142400e-03 -1.27420784e-03 9.47632827e-03 1.59299728e-02 -4.51631658e-03 4.47217328e-03 -1.44031513e-02 -1.52366236e-02 5.88909676e-03 3.10403924e-03 3.25999316e-03 -4.61892691e-03 7.57447863e-03 4.15731594e-03 -8.22423398e-03 -1.55981611e-02
-2.06374563e-03 -1.19097217e-03 5.38580306e-03 9.72757395e-03 -2.78780377e-03 2.67253187e-03 -8.99709668e-03 -9.55917407e-03 3.69508401e-03 1.94595451e-03 2.04543723e-03 -2.89796316e-03 4.75217076e-03 2.60819308e-03 -5.15981019e-03 -9.78622679e-03
5.54976100e-03 4.00869129e-03 -1.59894098e-02 -2.73419041e-02 7.95825478e-03 -7.52953626e-03 2.56397780e-02 2.72176918e-02 -1.05175478e-02 -5.52623440e-03 -5.82915684e-03 8.24554823e-03 -1.35213798e-02 -7.42264371e-03 1.46854008e-02 2.78532729e-02
3.72167910e-03 4.99125244e-03 -1.32841533e-02 -2.52941288e-02 7.47307297e-03 -6.94824336e-03 2.40868814e-02 2.59701535e-02 -1.00515671e-02 -5.27414354e-03 -5.57198143e-03 7.87559804e-03 -1.29146064e-02 -7.09104212e-03 1.40304714e-02 2.66115274e-02
1.55872013e-03 2.17126263e-03 -6.67572720e-03 -1.28831342e-02 3.68656474e-03 -3.48476972e-03 1.18417572e-02 1.26268631e-02 -4.88253217e-03 -2.56910897e-03 -2.70442478e-03 3.82762728e-03 -6.27685292e-03 -3.44559969e-03 6.81685889e-03 1.29292207e-02
4.87299729e-03 1.11587811e-03 -1.44271478e-02 -2.37626843e-02 6.37369044e-03 -6.96192216e-03 2.07066312e-02 2.08720528e-02 -8.00242834e-03 -4.33733547e-03 -4.39889170e-03 6.31314516e-03 -1.03716385e-02 -5.67677990e-03 1.12147750e-02 2.12565232e-02
3.61396559e-03 1.91637315e-04 -1.42706903e-02 -2.20524240e-02 5.67249302e-03 -5.66197000e-03 1.84011105e-02 1.80797074e-02 -6.94817118e-03 -3.77927930e-03 -3.78508470e-03 5.51533327e-03 -9.02454276e-03 -4.94727166e-03 9.75271687e-03 1.84843969e-02
9.32164898e-04 9.19491227e-04 -2.56780023e-03 -5.40675456e-03 1.56054657e-03 -1.45057205e-03 5.00409771e-03 5.39527088e-03 -2.08773417e-03 -1.09600916e-03 -1.15725654e-03 1.63602142e-03 -2.68282811e-03 -1.47297641e-03 2.91439029e-03 5.52768214e-03
1.42715406e-03 -1.22495228e-04 -1.92972913e-03 -3.46535840e-03 9.83152189e-04 -9.78241325e-04 3.12909461e-03 3.27400840e-03 -1.26107922e-03 -6.66445936e-04 -6.97692391e-04 9.89148510e-04 -1.62214867e-03 -8.90200608e-04 1.76100945e-03 3.33995325e-03
-1.77335460e-03 -2.77755503e-03 6.74088951e-03 1.31287910e-02 -3.82453087e-03 3.61078372e-03 -1.23179760e-02 -1.32270269e-02 5.11790207e-03 2.68794806e-03 2.83606770e-03 -4.01072344e-03 6.57695066e-03 3.61093855e-03 -7.14446604e-03 -1.35507863e-02
-4.92286030e-03 -4.64866776e-03 1.59774907e-02 2.90526208e-02 -8.30873474e-03 7.82413874e-03 -2.67212372e-02 -2.86299773e-02 1.10709704e-02 5.82137192e-03 6.13217754e-03 -8.67894758e-03 1.42319724e-02 7.81275705e-03 -1.54570909e-02 -2.93167811e-02
2.16004136e-03 1.27300131e-03 -9.94707085e-03 -1.53105836e-02 4.21489403e-03 -4.39424533e-03 1.37422532e-02 1.39261074e-02 -5.35562867e-03 -2.88018887e-03 -2.93844542e-03 4.22713347e-03 -6.94109965e-03 -3.79633368e-03 7.49884546e-03 1.42188109e-02
-1.52908382e-03 -1.85002130e-03 5.28167374e-03 1.02088936e-02 -2.95457663e-03 2.78640725e-03 -9.53529496e-03 -1.02112293e-02 3.94919654e-03 2.07499880e-03 2.18815170e-03 -3.09509505e-03 5.07549895e-03 2.78648664e-03 -5.51315397e-03 -1.04566719e-02
2.68082973e-03 3.64497374e-03 -8.98678228e-03 -1.77686885e-02 5.22160297e-03 -4.88435663e-03 1.67646669e-02 1.80730633e-02 -6.99478714e-03 -3.67090991e-03 -3.87752755e-03 5.48063358e-03 -8.98759253e-03 -4.93475469e-03 9.76395048e-03 1.85192153e-02
7.27067119e-04 -2.88203650e-04 -3.99314449e-04 -4.43141966e-04 1.16628638e-04 -1.28897518e-04 3.61247279e-04 3.79095844e-04 -1.46627906e-04 -7.73653301e-05 -8.11565260e-05 1.14951399e-04 -1.88484773e-04 -1.03473358e-04 2.04723576e-04 3.88293120e-04
-1.01155718e-03 -4.00770968e-03 8.02515447e-03 1.64853148e-02 -4.82785143e-03 4.55030520e-03 -1.54745281e-02 -1.66898016e-02 6.45844964e-03 3.39271850e-03 3.57965427e-03 -5.06105786e-03 8.29949602e-03 4.55675879e-03 -9.01577994e-03 -1.71000492e-02
-6.19857525e-03 -2.42002448e-03 1.11621777e-02 2.22736336e-02 -5.71974274e-03 5.35802636e-03 -1.83043107e-02 -1.95768066e-02 7.56856194e-03 3.97829805e-03 4.19467269e-03 -5.93253225e-03 9.72796697e-03 5.34073776e-03 -1.05668167e-02 -2.00418197e-02
-9.66744963e-03 -9.14362073e-03 3.42241935e-02 6.50584921e-02 -1.85933523e-02 1.73583981e-02 -6.00503571e-02 -6.37037978e-02 2.46392619e-02 1.29397660e-02 1.36577301e-02 -1.93103198e-02 3.16675231e-02 1.73861012e-02 -3.43996845e-02 -6.52453005e-02
-9.66449443e-04 3.87991837e-04 6.93725888e-04 9.97416559e-04 -2.27144978e-04 2.07569334e-04 -6.94727758e-04 -7.31053413e-04 2.82682187e-04 1.48696359e-04 1.56580441e-04 -2.21599548e-04 3.63389030e-04 1.99488830e-04 -3.94686445e-04 -7.48590450e-04
-1.20621629e-03 -1.42258417e-03 4.59336024e-03 8.94039962e-03 -2.56044348e-03 2.45374022e-03 -8.22951272e-03 -8.74889549e-03 3.38089233e-03 1.78181287e-03 1.87245512e-03 -2.65002856e-03 4.34595440e-03 2.38568056e-03 -4.71997401e-03 -8.95222742e-03
-1.37682469e-03 2.54097069e-03 -8.21786234e-04 -3.88588384e-03 1.22142758e-03 -1.07706641e-03 3.95672116e-03 4.36512474e-03 -1.69170916e-03 -8.85343761e-04 -9.38321115e-04 1.32490927e-03 -2.17272202e-03 -1.19314564e-03 2.36088643e-03 4.47792793e-03
-4.28272178e-03 -3.62369558e-03 1.43333357e-02 2.58014221e-02 -7.39528984e-03 6.92219706e-03 -2.35687178e-02 -2.52593420e-02 9.77180060e-03 5.13812294e-03 5.41440723e-03 -7.65941711e-03 1.25604132e-02 6.89549232e-03 -1.36426352e-02 -2.58754790e-02
-5.70086669e-03 -7.90022500e-03 2.17530429e-02 4.24563549e-02 -1.25425002e-02 1.17362477e-02 -4.03163992e-02 -4.34871651e-02 1.68262590e-02 8.82905442e-03 9.32731386e-03 -1.31836710e-02 2.16193888e-02 1.18704969e-02 -2.34870799e-02 -4.45477888e-02
2.05139350e-03 1.75442500e-03 -6.92987908e-03 -1.39251379e-02 3.68154747e-03 -3.61670530e-03 1.18230022e-02 1.24785975e-02 -4.82098199e-03 -2.54774070e-03 -2.67042778e-03 3.78123438e-03 -6.20104419e-03 -3.40345874e-03 6.73279027e-03 1.27694234e-02
-1.63993053e-02 -1.61148980e-02 5.18611483e-02 1.04942881e-01 -3.00148260e-02 2.83248480e-02 -9.70412269e-02 -1.03868939e-01 4.01909277e-02 2.11124644e-02 2.22723372e-02 -3.14963534e-02 5.16487285e-02 2.83569731e-02 -5.61061278e-02 -1.06415562e-01
2.65478127e-04 1.38543395e-03 -2.15328531e-03 -4.72836755e-03 1.40233710e-03 -1.29993306e-03 4.52247774e-03 4.89302864e-03 -1.89410732e-03 -9.93544585e-04 -1.05007878e-03 1.48398511e-03 -2.43354612e-03 -1.33619888e-03 2.64383387e-03 5.01454901e-03
1.50793919e-03 -3.98730952e-03 3.75584560e-03 9.59154405e-03 -2.89365626e-03 2.62323022e-03 -9.41381697e-03 -1.02756666e-02 3.98042658e-03 2.08556000e-03 2.20735068e-03 -3.11808032e-03 5.11323381e-03 2.80770869e-03 -5.55551611e-03 -1.05371810e-02
1.47910067e-03 3.70552647e-04 -5.03851241e-03 -8.26152787e-03 2.31340551e-03 -2.36914307e-03 7.40118464e-03 7.41002150e-03 -2.83988868e-03 -1.54482177e-03 -1.55959197e-03 2.24565063e-03 -3.69395805e-03 -2.01722467e-03 3.98089783e-03 7.54753221e-03
2.77746352e-03 5.08207921e-03 -1.19691910e-02 -2.46722605e-02 7.14184949e-03 -6.70488039e-03 2.29574777e-02 2.47106403e-02 -9.56069306e-03 -5.01864776e-03 -5.29922359e-03 7.49145588e-03 -1.22848200e-02 -6.74502272e-03 1.33456783e-02 2.53126156e-02
1.30317744e-03 1.63548952e-03 -4.86059999e-03 -9.10310447e-03 2.58081406e-03 -2.41418253e-03 8.28386936e-03 8.84049945e-03 -3.41807376e-03 -1.79856457e-03 -1.89301383e-03 2.67984183e-03 -4.39467886e-03 -2.41233362e-03 4.77256393e-03 9.05185565e-03
6.80772646e-04 2.66720890e-04 -1.65531738e-03 -2.96145608e-03 8.34806589e-04 -7.97507877e-04 2.65762093e-03 2.83466955e-03 -1.09615026e-03 -5.76869759e-04 -6.07165624e-04 8.59331863e-04 -1.40915613e-03 -7.73560547e-04 1.53045775e-03 2.90275738e-03
5.45262545e-03 8.74635018e-03 -2.00655274e-02 -4.01210897e-02 1.16934739e-02 -1.08856549e-02 3.76280434e-02 4.06342149e-02 -1.57255605e-02 -8.25189054e-03 -8.71747360e-03 1.23212757e-02 -2.02053078e-02 -1.10940244e-02 2.19507553e-02 4.16338593e-02
-1.19508279e-03 -1.30610471e-03 4.96629253e-03 9.37865768e-03 -2.61463039e-03 2.54836003e-03 -8.36706348e-03 -8.85960273e-03 3.42407543e-03 1.80635881e-03 1.89561304e-03 -2.68524280e-03 4.40361677e-03 2.41693272e-03 -4.78131510e-03 -9.06837732e-03
-6.69436529e-03 -3.76356440e-03 1.76725555e-02 3.13634127e-02 -8.81412812e-03 8.44431203e-03 -2.82632113e-02 -3.01471092e-02 1.16521167e-02 6.14307914e-03 6.45028939e-03 -9.13827680e-03 1.49851702e-02 8.22499394e-03 -1.62713807e-02 -3.08606569e-02
4.60788747e-03 2.42283707e-03 -1.15843713e-02 -2.07404476e-02 6.09114766e-03 -5.82790887e-03 1.94192789e-02 2.07394101e-02 -8.01702868e-03 -4.21577133e-03 -4.44143498e-03 6.28368696e-03 -1.03042461e-02 -5.65692829e-03 1.11923311e-02 2.12281905e-02
-3.60877952e-03 -4.74361470e-03 1.50711890e-02 2.70822886e-02 -7.83037301e-03 7.25439051e-03 -2.49358155e-02 -2.67388634e-02 1.03449672e-02 5.43209398e-03 5.73354168e-03 -8.10717326e-03 1.32945403e-02 7.29901809e-03 -1.44416178e-02 -2.73911692e-02
5.95499016e-03 5.64372772e-03 -1.99118089e-02 -3.83146442e-02 1.10327909e-02 -1.03222430e-02 3.56008410e-02 3.79072092e-02 -1.46560455e-02 -7.69950869e-03 -8.12242460e-03 1.14877988e-02 -1.88378207e-02 -1.03419423e-02 2.04616878e-02 3.88092473e-02
-1.86088006e-03 4.87772282e-03 -4.53219563e-03 -1.07528912e-02 3.26580531e-03 -2.99338228e-03 1.06194532e-02 1.15567688e-02 -4.47558518e-03 -2.34468817e-03 -2.48180493e-03 3.50598432e-03 -5.74949384e-03 -3.15705198e-03 6.24674279e-03 1.18482281e-02
