-7.38761574e-03 -9.83478781e-03 7.15957955e-03 -3.56185157e-03 -2.71496712e-04 -1.15853164e-03 -1.01659251e-02 3.81954052e-02 -3.66262556e-03 5.26437070e-03 -2.17336193e-02 -4.04350227e-03 8.08881188e-04 -7.90815521e-03 1.72988530e-02 1.89985074e-02
6.69496879e-03 9.27355792e-03 -6.41453639e-03 3.20233707e-03 2.44639581e-04 1.11618603e-03 9.43333469e-03 -3.55971977e-02 3.40433884e-03 -4.91516758e-03 2.02724915e-02 3.77257983e-03 -7.55044864e-04 7.38097262e-03 -1.61462724e-02 -1.77330729e-02
-2.49190722e-03 -3.31979478e-03 2.32555368e-03 -1.33629702e-03 -9.33597039e-05 -3.67389410e-04 -3.35660623e-03 1.26403458e-02 -1.20480079e-03 1.73585478e-03 -7.14753987e-03 -1.32918032e-03 2.65714247e-04 -2.59889849e-03 5.68428682e-03 6.24238793e-03
9.49457381e-03 1.27203614e-02 -8.81554093e-03 4.47338820e-03 3.21783591e-04 1.60765415e-03 1.32873198e-02 -5.03784344e-02 4.80107218e-03 -6.94837375e-03 2.87530161e-02 5.35383122e-03 -1.07230817e-03 1.04789641e-02 -2.29256693e-02 -2.51803622e-02
-1.57815637e-03 -9.95496172e-04 8.78190738e-04 -4.10511799e-04 -3.69411537e-05 -6.08765040e-05 -8.91819654e-04 3.36813065e-03 -3.17547121e-04 4.60256997e-04 -1.87499623e-03 -3.48942820e-04 6.97670257e-05 -6.82392973e-04 1.49239285e-03 1.63889676e-03
-1.74784346e-03 -2.94529111e-03 2.14637653e-03 -1.11464481e-03 -8.66841292e-05 -2.86832656e-04 -2.94394302e-03 1.10318586e-02 -1.05060637e-03 1.51190930e-03 -6.20555505e-03 -1.15292682e-03 2.30056146e-04 -2.25243997e-03 4.92512714e-03 5.40796528e-03
2.92126462e-03 3.21355858e-03 -3.45965195e-03 1.54832145e-03 1.82425923e-04 1.98024209e-05 2.94440985e-03 -1.05200820e-02 1.03149959e-03 -1.48395030e-03 5.79941738e-03 1.05585426e-03 -2.05519682e-04 2.04338855e-03 -4.45861788e-03 -4.88021644e-03
7.96130509e-04 9.29818780e-04 -7.61479489e-04 4.03670885e-04 3.02695044e-05 8.31436046e-05 8.75870115e-04 -3.25269368e-03 3.12556949e-04 -4.50053369e-04 1.84207351e-03 3.41952982e-04 -6.82115278e-05 6.67827087e-04 -1.46030169e-03 -1.60336052e-03
6.61483221e-03 1.19011076e-02 -8.59926734e-03 4.17343387e-03 2.97338644e-04 1.22618198e-03 1.14910845e-02 -4.32660170e-02 4.16187663e-03 -5.99943241e-03 2.46764086e-02 4.57912264e-03 -9.14579490e-04 8.94974079e-03 -1.95711330e-02 -2.14921869e-02
1.91437744e-03 2.23693624e-03 -1.76133774e-03 7.59699440e-04 6.73354662e-05 2.40519075e-04 2.23098369e-03 -8.44281074e-03 7.91775761e-04 -1.14119006e-03 4.71419794e-03 8.77395447e-04 -1.75549998e-04 1.71617756e-03 -3.75419483e-03 -4.12308332e-03
-2.15522386e-03 -3.01890727e-03 2.08750367e-03 -1.08301430e-03 -8.60029832e-05 -3.43781518e-04 -3.03717772e-03 1.14963213e-02 -1.09167409e-03 1.57954113e-03 -6.51757373e-03 -1.21267734e-03 2.42686743e-04 -2.37243460e-03 5.18977782e-03 5.69985155e-03
-7.80112576e-03 -1.03378845e-02 7.42542231e-03 -3.70666035e-03 -2.83215893e-04 -1.24125113e-03 -1.05932113e-02 3.99650969e-02 -3.81099503e-03 5.49939601e-03 -2.27284152e-02 -4.23042383e-03 8.46403418e-04 -8.27492215e-03 1.81013215e-02 1.98800340e-02
2.08577863e-03 2.51182658e-03 -1.99354021e-03 8.84191308e-04 7.56751106e-05 2.68335687e-04 2.47440115e-03 -9.30029899e-03 8.90380004e-04 -1.28394703e-03 5.28865820e-03 9.83560574e-04 -1.96604960e-04 1.92279241e-03 -4.20557009e-03 -4.61853389e-03
7.61845475e-03 1.02308672e-02 -7.74471927e-03 3.62585625e-03 3.06795380e-04 1.11583725e-03 1.02943666e-02 -3.87527384e-02 3.70084122e-03 -5.30384015e-03 2.18896456e-02 4.07400914e-03 -8.14755156e-04 7.96714332e-03 -1.74270179e-02 -1.91385001e-02
-1.01049710e-02 -1.32914279e-02 9.79509205e-03 -4.54567280e-03 -3.18284350e-04 -1.65486243e-03 -1.37345195e-02 5.20052426e-02 -4.96988185e-03 7.16415280e-03 -2.96629611e-02 -5.52486395e-03 1.10657909e-03 -1.08135967e-02 2.36580428e-02 2.59848349e-02
4.26504388e-02 5.85325249e-02 -3.79969440e-02 1.91268194e-02 1.32639834e-03 7.70808430e-03 6.11103848e-02 -2.32328996e-01 2.21771225e-02 -3.21031399e-02 1.32985026e-01 2.47729234e-02 -4.96284431e-03 4.84944694e-02 -1.06098838e-01 -1.16535552e-01
3.03775864e-03 4.53134533e-03 -2.88611418e-03 1.63267797e-03 1.14753377e-04 5.72854071e-04 4.75729583e-03 -1.80770960e-02 1.71683135e-03 -2.48407084e-03 1.02817640e-02 1.91491214e-03 -3.83551494e-04 3.74810840e-03 -8.20011366e-03 -9.00662504e-03
-8.01140815e-03 -1.03391604e-02 7.22459890e-03 -3.68952192e-03 -2.88687472e-04 -1.20688719e-03 -1.05018429e-02 3.97288613e-02 -3.78889451e-03 5.45644853e-03 -2.25250553e-02 -4.19193320e-03 8.38826236e-04 -8.20118655e-03 1.79391615e-02 1.97018255e-02
-4.83018812e-06 3.29454051e-04 -1.80804273e-04 1.12963520e-04 7.70531642e-06 5.06133219e-05 3.87483335e-04 -1.47938333e-03 1.41271958e-04 -2.04617521e-04 8.48004827e-04 1.57982198e-04 -3.16516089e-05 3.09278810e-04 -6.76662370e-04 -7.43226556e-04
-2.05120258e-02 -2.90318578e-02 1.78077519e-02 -9.70374141e-03 -6.90627203e-04 -3.92903481e-03 -3.12015489e-02 1.18845128e-01 -1.13402810e-02 1.64221395e-02 -6.80281073e-02 -1.26720993e-02 2.53866799e-03 -2.48066131e-02 5.42732701e-02 5.96120059e-02
4.93571162e-03 6.45168638e-03 -4.64720791e-03 2.27587391e-03 1.72737025e-04 7.72456173e-04 6.68293238e-03 -2.52890345e-02 2.40051490e-03 -3.46840755e-03 1.43382186e-02 2.66899331e-03 -5.34289633e-04 5.22210449e-03 -1.14242099e-02 -1.25473356e-02
1.43390214e-02 1.93988495e-02 -1.26183573e-02 6.70032110e-03 4.70932689e-04 2.48418166e-03 2.01364160e-02 -7.63936341e-02 7.28682615e-03 -1.05446586e-02 4.36658897e-02 8.13300628e-03 -1.62909599e-03 1.59194991e-02 -3.48288454e-02 -3.82545106e-02
4.10779938e-03 6.70200866e-03 -4.53529693e-03 2.36425269e-03 1.79081268e-04 7.37605384e-04 6.60974067e-03 -2.48212256e-02 2.36323685e-03 -3.41303460e-03 1.40622789e-02 2.61538522e-03 -5.22865506e-04 5.11445059e-03 -1.11857858e-02 -1.22840479e-02
3.41042667e-03 5.33154886e-03 -3.47433030e-03 1.95425074e-03 1.32657224e-04 6.46843459e-04 5.50433900e-03 -2.08936967e-02 1.99516397e-03 -2.88719637e-03 1.19220046e-02 2.21836800e-03 -4.43839323e-04 4.33974387e-03 -9.49205831e-03 -1.04242908e-02
-8.10214900e-04 -1.59546023e-03 9.53321112e-04 -5.68305433e-04 -3.83904080e-05 -2.15326232e-04 -1.71119138e-03 6.51092175e-03 -6.21232612e-04 8.99197883e-04 -3.72400018e-03 -6.93631591e-04 1.38946838e-04 -1.35776668e-03 2.97055906e-03 3.26274359e-03
-1.16066458e-02 -1.70339774e-02 1.10602174e-02 -5.72351320e-03 -4.08849039e-04 -2.26286775e-03 -1.79922748e-02 6.84394464e-02 -6.52381824e-03 9.44256969e-03 -3.91123109e-02 -7.28577096e-03 1.45954033e-03 -1.42620569e-02 3.12031787e-02 3.42724882e-02
6.49263151e-03 1.01463217e-02 -7.77993537e-03 3.95366456e-03 3.17802333e-04 1.02667464e-03 1.00958468e-02 -3.78718488e-02 3.62675567e-03 -5.22792945e-03 2.15023942e-02 3.98876891e-03 -7.96541513e-04 7.79525377e-03 -1.70488600e-02 -1.87197402e-02
2.93623027e-03 4.14282549e-03 -3.13328393e-03 1.52499625e-03 1.20486766e-04 3.84665269e-04 4.05774917e-03 -1.52588896e-02 1.46269251e-03 -2.11112713e-03 8.67480040e-03 1.60988909e-03 -3.21661035e-04 3.14659043e-03 -6.88190386e-03 -7.55716767e-03
-1.41616771e-03 -1.65236578e-03 1.39870460e-03 -6.01230422e-04 -4.65622943e-05 -1.31553752e-04 -1.38958544e-03 5.15773706e-03 -4.89398313e-04 7.01273733e-04 -2.90043862e-03 -5.38641296e-04 1.07305452e-04 -1.05020800e-03 2.29633902e-03 2.52142595e-03
-2.66442262e-03 -3.39811062e-03 2.80817226e-03 -1.37524353e-03 -1.11105641e-04 -3.28816997e-04 -3.25431582e-03 1.22828269e-02 -1.16903824e-03 1.68427546e-03 -6.90661836e-03 -1.28254236e-03 2.55933410e-04 -2.50537554e-03 5.47852321e-03 6.01551170e-03
-6.05720980e-03 -8.64708424e-03 6.29249774e-03 -3.07801133e-03 -2.45538511e-04 -8.95210542e-04 -8.52095615e-03 3.22693624e-02 -3.05638183e-03 4.39211493e-03 -1.79889631e-02 -3.34579707e-03 6.68184366e-04 -6.54597394e-03 1.43107018e-02 1.57106910e-02
-6.98500499e-03 -1.11398939e-02 7.18966778e-03 -3.70027637e-03 -2.59760185e-04 -1.48771284e-03 -1.19239604e-02 4.54099216e-02 -4.32917802e-03 6.26746099e-03 -2.59608719e-02 -4.83538164e-03 9.68640903e-04 -9.46514867e-03 2.07082909e-02 2.27453113e-02
2.02781931e-02 2.96005849e-02 -1.92158055e-02 1.08756134e-02 7.57592090e-04 3.79763357e-03 3.11411489e-02 -1.18411347e-01 1.12816682e-02 -1.63118970e-02 6.75199628e-02 1.25771426e-02 -2.51916214e-03 2.46176682e-02 -5.38584404e-02 -5.91555238e-02
-1.82958040e-02 -2.54647993e-02 1.71414278e-02 -8.38994235e-03 -6.26421534e-04 -3.32357851e-03 -2.64941342e-02 1.00419581e-01 -9.57595930e-03 1.38482042e-02 -5.73749095e-02 -1.06840841e-02 2.14025029e-03 -2.09137760e-02 4.57559787e-02 5.02567589e-02
6.38835644e-03 7.68535957e-03 -4.80715046e-03 2.48905574e-03 1.88368693e-04 9.96843795e-04 8.03548284e-03 -3.04414295e-02 2.90274387e-03 -4.20047529e-03 1.74029898e-02 3.24155390e-03 -6.49408612e-04 6.34568650e-03 -1.38834585e-02 -1.52491489e-02
-6.57304609e-03 -9.15557053e-03 5.92947006e-03 -3.09834885e-03 -2.28495075e-04 -1.12729007e-03 -9.43840947e-03 3.57764252e-02 -3.41156637e-03 4.93643666e-03 -2.04146169e-02 -3.80145223e-03 7.61302595e-04 -7.44003989e-03 1.62769053e-02 1.78775601e-02
-1.08723214e-03 7.66627141e-04 -2.06200464e-04 2.41253336e-04 1.51390286e-05 1.77078298e-04 1.18357281e-03 -4.48930683e-03 4.36394097e-04 -6.34391268e-04 2.63458933e-03 4.91173007e-04 -9.84534636e-05 9.61895974e-04 -2.10461603e-03 -2.31174123e-03
4.95170197e-03 7.88628217e-03 -5.07315435e-03 2.75896187e-03 1.88391947e-04 1.05377089e-03 8.51070415e-03 -3.23692001e-02 3.07939062e-03 -4.45961067e-03 1.84600856e-02 3.43867647e-03 -6.88866188e-04 6.73142122e-03 -1.47271901e-02 -1.61758233e-02
1.42879726e-03 2.05219071e-03 -1.44691661e-03 7.09285086e-04 5.62540554e-05 2.61248293e-04 2.14755768e-03 -8.13998282e-03 7.76862551e-04 -1.12308981e-03 4.64857044e-03 8.65579175e-04 -1.73351000e-04 1.69407402e-03 -3.70623823e-03 -4.07072809e-03
-2.23027798e-03 -3.02935159e-03 1.95664656e-03 -1.04108755e-03 -7.31681648e-05 -3.95670795e-04 -3.17181298e-03 1.20383175e-02 -1.14948058e-03 1.66297704e-03 -6.88721053e-03 -1.28292071e-03 2.57009000e-04 -2.51138443e-03 5.49452752e-03 6.03500055e-03
-2.80223694e-03 -3.75679228e-03 2.80139362e-03 -1.40806392e-03 -1.16970492e-04 -4.22924262e-04 -3.87012470e-03 1.46110179e-02 -1.39011838e-03 2.00565741e-03 -8.27088021e-03 -1.53802591e-03 3.07579990e-04 -3.00770998e-03 6.57888269e-03 7.22504500e-03
9.86929424e-03 1.20499041e-02 -8.59632343e-03 4.46144678e-03 3.74648283e-04 1.38067838e-03 1.22269886e-02 -4.58979532e-02 4.35957219e-03 -6.28565531e-03 2.59321928e-02 4.82849404e-03 -9.66220046e-04 9.44564212e-03 -2.06627119e-02 -2.26929877e-02
-2.46466510e-03 -3.27209430e-03 2.42863176e-03 -1.22228859e-03 -1.04737104e-04 -3.26813868e-04 -3.30815720e-03 1.24337394e-02 -1.17914006e-03 1.70561741e-03 -7.02788727e-03 -1.30637235e-03 2.61337555e-04 -2.55497941e-03 5.58888726e-03 6.13809610e-03
1.90489541e-03 2.21802248e-03 -1.60297961e-03 7.82749208e-04 5.60206754e-05 2.79126805e-04 2.27884063e-03 -8.66569486e-03 8.25757161e-04 -1.19396113e-03 4.94261459e-03 9.20505961e-04 -1.84388453e-04 1.80182408e-03 -3.94206587e-03 -4.32980061e-03
-9.24025849e-03 -1.29212495e-02 9.23353620e-03 -4.63811681e-03 -3.68003384e-04 -1.34493411e-03 -1.26278494e-02 4.81170304e-02 -4.57558036e-03 6.53628679e-03 -2.68816669e-02 -5.00558410e-03 9.99010983e-04 -9.78992507e-03 2.13883091e-02 2.34874003e-02
8.07632133e-03 1.02651305e-02 -7.41882343e-03 3.59654287e-03 2.92333454e-04 1.15144113e-03 1.05615780e-02 -3.99633050e-02 3.79434554e-03 -5.47603471e-03 2.26041358e-02 4.20446321e-03 -8.41610483e-04 8.22699070e-03 -1.79969445e-02 -1.97656173e-02
2.26356648e-02 3.06231789e-02 -2.05822662e-02 1.05596082e-02 8.62903951e-04 3.26513685e-03 3.03761214e-02 -1.14113353e-01 1.08567635e-02 -1.57694686e-02 6.46680966e-02 1.20275086e-02 -2.40663532e-03 2.35312302e-02 -5.14777899e-02 -5.65302633e-02
9.76066478e-03 1.38653237e-02 -8.32524244e-03 4.74969391e-03 3.30606505e-04 1.87526783e-03 1.48869799e-02 -5.66946715e-02 5.40943351e-03 -7.83262309e-03 3.24429534e-02 6.04355149e-03 -1.21074123e-03 1.18307797e-02 -2.58840192e-02 -2.84301601e-02
-5.04084956e-03 -6.72287308e-03 4.25051106e-03 -2.52879132e-03 -1.64692770e-04 -8.34167236e-04 -6.96453359e-03 2.64574420e-02 -2.52538687e-03 3.65576264e-03 -1.51311746e-02 -2.81829899e-03 5.64555114e-04 -5.51670603e-03 1.20696099e-02 1.32567929e-02
-1.56738032e-02 -2.27046534e-02 1.44725312e-02 -7.23763462e-03 -5.09217032e-04 -3.02115316e-03 -2.35973671e-02 8.98671895e-02 -8.57603177e-03 1.24173583e-02 -5.14463522e-02 -9.58373770e-03 1.92000077e-03 -1.87612418e-02 4.10469472e-02 4.50846665e-02
-6.15103077e-03 -9.24736075e-03 5.66817494e-03 -3.03370855e-03 -2.13269421e-04 -1.26368948e-03 -9.89799760e-03 3.76727916e-02 -3.59557988e-03 5.20526571e-03 -2.15654541e-02 -4.01729764e-03 8.04820447e-04 -7.86429178e-03 1.72059517e-02 1.88984685e-02
6.14717184e-03 8.17908719e-03 -6.35346118e-03 3.12174158e-03 2.52219819e-04 7.74249085e-04 7.93352537e-03 -2.96928380e-02 2.84685218e-03 -4.09617648e-03 1.68309193e-02 3.12513532e-03 -6.24179957e-04 6.10749424e-03 -1.33575900e-02 -1.46672092e-02
-4.88563394e-03 -7.08778715e-03 4.69149370e-03 -2.45480402e-03 -1.70189189e-04 -9.08393413e-04 -7.46689271e-03 2.83671822e-02 -2.70538661e-03 3.91131686e-03 -1.61933843e-02 -3.01547186e-03 6.03998022e-04 -5.90231875e-03 1.29131116e-02 1.41831767e-02
-1.57808233e-03 -1.92778010e-03 1.51230651e-03 -7.13841291e-04 -5.88192925e-05 -2.00537819e-04 -1.88043842e-03 7.09171034e-03 -6.73922419e-04 9.72761831e-04 -4.00867639e-03 -7.45016790e-04 1.48972133e-04 -1.45673810e-03 3.18633975e-03 3.49930325e-03
-7.01945799e-04 -1.04152423e-06 5.45347430e-05 -5.10802056e-05 -5.03693764e-06 3.16142068e-05 1.37606679e-04 -5.51703793e-04 5.41937407e-05 -7.94097796e-05 3.33170639e-04 6.22292573e-05 -1.24943854e-05 1.22014761e-04 -2.67028197e-04 -2.93332763e-04
-8.41811486e-03 -1.03895376e-02 8.24561901e-03 -3.95246176e-03 -3.25113622e-04 -9.27368528e-04 -1.02205109e-02 3.88685986e-02 -3.66035686e-03 5.27569186e-03 -2.16789804e-02 -4.01494373e-03 8.00912268e-04 -7.84109160e-03 1.71465594e-02 1.88275538e-02
-3.07067251e-03 -3.85105051e-03 2.61436729e-03 -1.42288185e-03 -1.00227335e-04 -4.74784581e-04 -3.98885692e-03 1.51242809e-02 -1.44112704e-03 2.08393834e-03 -8.61411821e-03 -1.60367019e-03 3.21082422e-04 -3.13810050e-03 6.86515775e-03 7.54017569e-03
1.24884467e-03 1.82369375e-03 -1.18197792e-03 6.28339127e-04 4.72055981e-05 2.33736893e-04 1.88615837e-03 -7.15653272e-03 6.82536513e-04 -9.87069448e-04 4.08545183e-03 7.60843628e-04 -1.52391309e-04 1.48919248e-03 -3.25805182e-03 -3.57848825e-03
-2.51231692e-03 -3.05604027e-03 2.14794138e-03 -9.89823951e-04 -7.41139520e-05 -3.76561569e-04 -3.07565858e-03 1.16602238e-02 -1.11180148e-03 1.60667417e-03 -6.65591471e-03 -1.23926601e-03 2.48239434e-04 -2.42574164e-03 5.30710444e-03 5.82912005e-03
-4.33249772e-03 -7.30755646e-03 4.69022105e-03 -2.43702764e-03 -1.71675754e-04 -1.00369938e-03 -7.90733285e-03 3.00991479e-02 -2.87265074e-03 4.15908871e-03 -1.72306672e-02 -3.20974761e-03 6.43030449e-04 -6.28336752e-03 1.37471072e-02 1.50993839e-02
-6.76390366e-04 -9.02529806e-04 7.26417406e-04 -3.26570822e-04 -2.66370189e-05 -9.70553156e-05 -9.00156039e-04 3.38386185e-03 -3.22318636e-04 4.64980956e-04 -1.91764836e-03 -3.56646138e-04 7.13514237e-05 -6.97568408e-04 1.52591092e-03 1.67583954e-03
4.14608046e-03 1.01252003e-02 -6.00473722e-03 3.53577314e-03 2.44692143e-04 1.48570491e-03 1.16230305e-02 -4.42740880e-02 4.22617514e-03 -6.11833576e-03 2.53478736e-02 4.72161872e-03 -9.45904816e-04 9.24293790e-03 -2.02221815e-02 -2.22113933e-02
5.04767289e-03 8.49206280e-03 -5.64403087e-03 2.89213331e-03 2.14444211e-04 1.07976643e-03 8.99513997e-03 -3.41289937e-02 3.25419195e-03 -4.70378436e-03 1.94598120e-02 3.62361316e-03 -7.25520542e-04 7.09099509e-03 -1.55127924e-02 -1.70380492e-02
7.16037955e-03 6.62447978e-03 -4.66226321e-03 2.27456354e-03 1.68715298e-04 7.17057090e-04 6.21734466e-03 -2.34089512e-02 2.21980270e-03 -3.20992339e-03 1.32765472e-02 2.47115688e-03 -4.94851149e-04 4.83602146e-03 -1.05799772e-02 -1.16204480e-02
-1.08249404e-03 -2.45262939e-03 1.44850230e-03 -8.45177390e-04 -5.90303462e-05 -3.56681150e-04 -2.80227070e-03 1.06709981e-02 -1.01852370e-03 1.47453917e-03 -6.10769726e-03 -1.13766734e-03 2.27902579e-04 -2.22700206e-03 4.87231836e-03 5.35157230e-03
7.69211166e-03 1.02544921e-02 -7.43056228e-03 3.71918548e-03 3.18981096e-04 1.16821763e-03 1.05090830e-02 -3.97163108e-02 3.76560120e-03 -5.43332100e-03 2.24464815e-02 4.17393958e-03 -8.35205195e-04 8.16503353e-03 -1.78613849e-02 -1.96166448e-02
-5.52336965e-03 -7.78711401e-03 5.52141992e-03 -2.72373762e-03 -2.00437149e-04 -9.59177909e-04 -8.03694688e-03 3.03788632e-02 -2.89100851e-03 4.18402301e-03 -1.73065271e-02 -3.22128483e-03 6.45104155e-04 -6.30439771e-03 1.37925753e-02 1.51489023e-02
-1.62384771e-02 -2.21794620e-02 1.39717972e-02 -7.54091330e-03 -5.01525821e-04 -2.75704707e-03 -2.25037336e-02 8.55186954e-02 -8.16065446e-03 1.18117146e-02 -4.89209406e-02 -9.11076739e-03 1.82489853e-03 -1.78326089e-02 3.90147641e-02 4.28524762e-02
-8.43795366e-04 -1.46984996e-03 1.09432242e-03 -5.63007663e-04 -4.86049830e-05 -1.43526544e-04 -1.46116631e-03 5.46730915e-03 -5.21139125e-04 7.51828542e-04 -3.08401464e-03 -5.72341494e-04 1.14149036e-04 -1.11780304e-03 2.44409917e-03 2.68361391e-03
7.89291575e-04 1.62882369e-03 -1.00798765e-03 5.67991752e-04 4.16214643e-05 2.24697389e-04 1.83618860e-03 -6.96250889e-03 6.64475432e-04 -9.61458252e-04 3.97554738e-03 7.40008429e-04 -1.48130028e-04 1.44793931e-03 -3.16753145e-03 -3.47891008e-03
1.34421103e-02 1.78353488e-02 -1.52423298e-02 6.13265624e-03 4.75903420e-04 1.94956828e-03 1.74036380e-02 -6.56443983e-02 6.27375161e-03 -9.04899742e-03 3.73308584e-02 6.94717141e-03 -1.38966751e-03 1.35866385e-02 -2.97218040e-02 -3.26407850e-02
3.96214775e-04 6.31590781e-04 -3.94724600e-04 2.20902322e-04 1.59035826e-05 8.88758295e-05 7.04086560e-04 -2.67859758e-03 2.55765190e-04 -3.70154972e-04 1.53265730e-03 2.85466871e-04 -5.71821292e-05 5.58779750e-04 -1.22250873e-03 -1.34275225e-03
3.35216820e-02 4.62677367e-02 -2.99195088e-02 1.58944130e-02 1.18677411e-03 5.53935021e-03 4.71036509e-02 -1.77759290e-01 1.69333611e-02 -2.44857389e-02 1.01211272e-01 1.88351050e-02 -3.77116795e-03 3.68586071e-02 -8.06338936e-02 -8.85621384e-02
7.06016738e-03 9.91035253e-03 -6.39716489e-03 3.35652055e-03 2.55556428e-04 1.30200421e-03 1.05465781e-02 -4.00131494e-02 3.81052215e-03 -5.51466644e-03 2.28410419e-02 4.25440073e-03 -8.52278841e-04 8.32812395e-03 -1.82206556e-02 -2.00129412e-02
-3.48910596e-03 -4.10160515e-03 3.24249221e-03 -1.40094827e-03 -1.21419638e-04 -4.21303732e-04 -3.93501017e-03 1.47564132e-02 -1.41546584e-03 2.03349697e-03 -8.38085264e-03 -1.55871292e-03 3.11522890e-04 -3.04696150e-03 6.66432129e-03 7.31850276e-03
2.28785118e-03 3.12816422e-03 -2.19109305e-03 1.16200582e-03 9.58779201e-05 3.50799004e-04 3.24478210e-03 -1.22975083e-02 1.17456692e-03 -1.69018155e-03 6.95254235e-03 1.29393407e-03 -2.58385960e-04 2.52869655e-03 -5.53002907e-03 -6.07215893e-03
-8.09095707e-03 -1.01302452e-02 6.92210672e-03 -3.73145938e-03 -2.63467373e-04 -1.17743679e-03 -1.02587081e-02 3.89226042e-02 -3.70613951e-03 5.36389370e-03 -2.21641101e-02 -4.12405562e-03 8.25552619e-04 -8.06946680e-03 1.76526196e-02 1.93879735e-02
1.87895484e-02 2.71563176e-02 -1.83368064e-02 8.93052295e-03 6.74993847e-04 3.55760078e-03 2.84172483e-02 -1.08080827e-01 1.03051895e-02 -1.49150724e-02 6.17791973e-02 1.15071097e-02 -2.30520498e-03 2.25255601e-02 -4.92824204e-02 -5.41301109e-02
-5.20657655e-03 -7.23468885e-03 5.36024012e-03 -2.59761442e-03 -1.99860879e-04 -7.99898291e-04 -7.28361169e-03 2.75021512e-02 -2.62329541e-03 3.78179736e-03 -1.55876838e-02 -2.89931754e-03 5.79744403e-04 -5.66948252e-03 1.24006653e-02 1.36185829e-02
-6.74472656e-03 -8.71244073e-03 6.52869698e-03 -3.23388074e-03 -2.46328156e-04 -1.01056742e-03 -8.89044441e-03 3.35887745e-02 -3.21162469e-03 4.63403761e-03 -1.91267282e-02 -3.55877355e-03 7.11967179e-04 -6.96095079e-03 1.52265709e-02 1.67225227e-02
3.83463665e-03 5.60779683e-03 -3.45903542e-03 1.99979963e-03 1.43249476e-04 7.26656348e-04 5.94884669e-03 -2.25707404e-02 2.14814255e-03 -3.10773239e-03 1.28593361e-02 2.39475328e-03 -4.79627110e-04 4.68715141e-03 -1.02544036e-02 -1.12628816e-02
-5.41696791e-03 -7.30206724e-03 5.45034511e-03 -2.58671003e-03 -2.03924734e-04 -8.16095388e-04 -7.38819409e-03 2.77736653e-02 -2.64200242e-03 3.81184113e-03 -1.57443639e-02 -2.93090194e-03 5.86749054e-04 -5.73485345e-03 1.25459759e-02 1.37793105e-02
2.12590065e-04 2.12185187e-05 -1.27323030e-04 2.29375873e-05 2.03990453e-06 -2.32210441e-05 -1.12423913e-04 4.45688347e-04 -4.19826029e-05 6.16866091e-05 -2.58485583e-04 -4.82425239e-05 9.69452776e-06 -9.46355503e-05 2.07125748e-04 2.27546960e-04
-7.45917857e-03 -9.78540350e-03 6.81391126e-03 -3.40056256e-03 -2.60381086e-04 -1.21931825e-03 -1.01143299e-02 3.83540615e-02 -3.65221011e-03 5.28333848e-03 -2.18499135e-02 -4.06852923e-03 8.14756786e-04 -7.96251465e-03 1.74198449e-02 1.91328637e-02
4.29160241e-03 8.63223802e-03 -5.17113414e-03 2.93386891e-03 2.02428157e-04 1.21747225e-03 9.51601285e-03 -3.62303145e-02 3.45806079e-03 -5.00679947e-03 2.07432080e-02 3.86411930e-03 -7.74129818e-04 7.56439939e-03 -1.65498313e-02 -1.81778055e-02
9.07617435e-03 1.08313542e-02 -6.97668316e-03 3.65307904e-03 2.63010123e-04 1.34194538e-03 1.10351099e-02 -4.18927222e-02 3.99841927e-03 -5.78572927e-03 2.39500850e-02 4.45957854e-03 -8.93252727e-04 8.72891489e-03 -1.90971550e-02 -2.09754575e-02
8.13509990e-03 1.21723358e-02 -8.88254121e-03 4.27216571e-03 3.58394405e-04 1.16778654e-03 1.12035209e-02 -4.20892723e-02 3.98391671e-03 -5.76670421e-03 2.37832554e-02 4.40776488e-03 -8.80512700e-04 8.61664396e-03 -1.88444126e-02 -2.06921268e-02
2.41385237e-03 2.56845285e-03 -2.28889985e-03 1.33607083e-03 1.24504324e-04 6.06750109e-05 1.94115820e-03 -7.06106098e-03 6.59061654e-04 -9.27805668e-04 3.73219303e-03 6.89745590e-04 -1.36284521e-04 1.34163257e-03 -2.92911404e-03 -3.21345497e-03
-6.70954119e-03 -8.13652668e-03 5.90183493e-03 -2.82715051e-03 -2.17498527e-04 -9.01782769e-04 -8.04752484e-03 3.03129572e-02 -2.89592845e-03 4.17862507e-03 -1.72684882e-02 -3.21014295e-03 6.42172818e-04 -6.27858145e-03 1.37339216e-02 1.50833121e-02
-4.61554097e-04 -5.63532987e-04 4.03341692e-04 -1.79367096e-04 -1.44223195e-05 -5.53993523e-05 -4.94583568e-04 1.86764146e-03 -1.78340590e-04 2.57319305e-04 -1.06249365e-03 -1.97571615e-04 3.95216230e-05 -3.86410713e-04 8.45238974e-04 9.28284484e-04
9.06115118e-03 1.26163196e-02 -8.89573060e-03 4.37154248e-03 3.31828342e-04 1.46669580e-03 1.27797592e-02 -4.83539850e-02 4.61725611e-03 -6.66991761e-03 2.75914595e-02 5.13664121e-03 -1.02851447e-03 1.00521231e-02 -2.19911132e-02 -2.41533238e-02
6.06409740e-03 8.15903023e-03 -5.64062688e-03 2.81904987e-03 2.07498219e-04 9.84341488e-04 8.38284194e-03 -3.17077897e-02 3.02595925e-03 -4.36782697e-03 1.80628952e-02 3.36133502e-03 -6.72730850e-04 6.57582749e-03 -1.43852727e-02 -1.57992616e-02
-1.46648008e-02 -1.93700716e-02 1.44334417e-02 -6.58798590e-03 -5.10366750e-04 -2.36628973e-03 -1.99475605e-02 7.55169615e-02 -7.18811713e-03 1.03567308e-02 -4.28705402e-02 -7.98479561e-03 1.59884186e-03 -1.56255905e-02 3.41842398e-02 3.75457443e-02
-2.95215473e-03 -4.46757115e-03 2.99100531e-03 -1.47093111e-03 -1.04871026e-04 -5.89145173e-04 -4.68600495e-03 1.78101957e-02 -1.69901154e-03 2.45948788e-03 -1.01873688e-02 -1.89757987e-03 3.80135549e-04 -3.71450628e-03 8.12679343e-03 8.92620161e-03
6.07842812e-05 1.01493159e-03 -5.13760373e-04 3.33410979e-04 2.17062134e-05 1.64880286e-04 1.22310198e-03 -4.68109176e-03 4.47332626e-04 -6.48258429e-04 2.68879300e-03 5.01062255e-04 -1.00411060e-04 9.81075224e-04 -2.14653183e-03 -2.35772552e-03
-6.68018218e-03 -9.20063443e-03 8.06726795e-03 -4.18347400e-03 -3.39337916e-04 -5.72658144e-04 -8.55987612e-03 3.21438164e-02 -3.03432508e-03 4.34177509e-03 -1.75487846e-02 -3.25040333e-03 6.45410910e-04 -6.34162361e-03 1.38648376e-02 1.52069610e-02
1.74667314e-02 2.33204309e-02 -1.88664906e-02 9.91153903e-03 7.71922059e-04 2.28423951e-03 2.24699285e-02 -8.30231756e-02 7.98000023e-03 -1.14746056e-02 4.71233912e-02 8.74371734e-03 -1.73654524e-03 1.70458071e-02 -3.72481570e-02 -4.08798046e-02
1.43502187e-03 1.35040283e-03 -8.72575270e-04 4.72693850e-04 3.45419830e-05 1.46312668e-04 1.23678928e-03 -4.69196914e-03 4.47772356e-04 -6.45943161e-04 2.67155492e-03 4.97507397e-04 -9.96179733e-05 9.73563292e-04 -2.12987722e-03 -2.33931886e-03
3.86931049e-03 5.17065637e-03 -3.22642620e-03 1.75824703e-03 1.34024944e-04 6.38635771e-04 5.36902342e-03 -2.04587132e-02 1.93730358e-03 -2.80506443e-03 1.16036702e-02 2.16056779e-03 -4.32701054e-04 4.22859564e-03 -9.25115403e-03 -1.01609575e-02
9.15965866e-05 1.56881171e-04 -1.15190574e-04 5.38980275e-05 3.98068687e-06 1.81252490e-05 1.56248672e-04 -5.90621261e-04 5.63465037e-05 -8.14281666e-05 3.36939411e-04 6.27204936e-05 -1.25605511e-05 1.22748126e-04 -2.68543401e-04 -2.94953294e-04
1.03153419e-02 1.34746404e-02 -9.49291233e-03 4.68438677e-03 3.29137023e-04 1.70625816e-03 1.39023121e-02 -5.28402925e-02 5.03962999e-03 -7.28317490e-03 3.01497802e-02 5.61370002e-03 -1.12424907e-03 1.09867528e-02 -2.40364149e-02 -2.64002457e-02
-6.99426699e-03 -9.71226487e-03 8.15311354e-03 -3.63773620e-03 -2.92683137e-04 -8.86781083e-04 -9.27391835e-03 3.46605033e-02 -3.31425085e-03 4.75358265e-03 -1.95307825e-02 -3.62425391e-03 7.22078083e-04 -7.07318075e-03 1.54645452e-02 1.69792343e-02
4.96372208e-03 6.88721938e-03 -4.55320394e-03 2.35211244e-03 1.66148253e-04 8.82397231e-04 7.18465028e-03 -2.72887964e-02 2.59944214e-03 -3.76039417e-03 1.55693851e-02 2.89932964e-03 -5.80737309e-04 5.67497080e-03 -1.24157425e-02 -1.36369104e-02
-3.34222429e-03 -4.93768184e-03 3.09911161e-03 -1.65495102e-03 -1.17066513e-04 -6.67613465e-04 -5.28387120e-03 2.01115534e-02 -1.91977806e-03 2.77887820e-03 -1.15117496e-02 -2.14438699e-03 4.29599895e-04 -4.19784151e-03 9.18426644e-03 1.00877006e-02
5.83014218e-04 -3.97050637e-04 1.57689428e-04 -1.53705812e-04 -9.45097872e-06 -8.38669657e-05 -5.83553803e-04 2.23662565e-03 -2.13400068e-04 3.09007737e-04 -1.28154829e-03 -2.38828696e-04 4.78526745e-05 -4.67580685e-04 1.02301140e-03 1.12364907e-03
1.20221246e-02 1.54559948e-02 -1.08541604e-02 5.48697356e-03 4.19342599e-04 1.82793732e-03 1.58425681e-02 -6.01736605e-02 5.74443163e-03 -8.30761902e-03 3.43308859e-02 6.39233552e-03 -1.28012733e-03 1.25107588e-02 -2.73700096e-02 -3.00613400e-02
-9.99694690e-04 -7.21309276e-04 5.38220978e-04 -3.46134650e-04 -1.85000772e-05 -8.30958597e-05 -6.93531882e-04 2.63246731e-03 -2.50657351e-04 3.61762854e-04 -1.49657310e-03 -2.78722408e-04 5.58193678e-05 -5.45482675e-04 1.19339605e-03 1.31076528e-03
-3.45415989e-04 -9.88364685e-04 5.91403455e-04 -3.64613079e-04 -2.52680766e-05 -1.64491124e-04 -1.26734492e-03 4.83888201e-03 -4.61897696e-04 6.69113419e-04 -2.77251704e-03 -5.16496308e-04 1.03476210e-04 -1.01111084e-03 2.21217168e-03 2.42978218e-03
5.19222952e-03 7.45802140e-03 -4.78892215e-03 2.66257487e-03 1.83260257e-04 1.00246374e-03 7.91138317e-03 -3.00856736e-02 2.87213409e-03 -4.15694015e-03 1.72201488e-02 3.20755551e-03 -6.42568106e-04 6.27892511e-03 -1.37373088e-02 -1.50885871e-02
4.60418593e-03 6.09620754e-03 -4.02354449e-03 2.13888520e-03 1.58523530e-04 7.36467715e-04 6.24437397e-03 -2.36935224e-02 2.24859687e-03 -3.25945369e-03 1.34687871e-02 2.50752852e-03 -5.02212148e-04 4.90782596e-03 -1.07371835e-02 -1.17931962e-02
-5.87503891e-03 -7.97142461e-03 5.83280576e-03 -2.70644785e-03 -1.96438777e-04 -9.48948669e-04 -8.05380102e-03 3.04794759e-02 -2.90385075e-03 4.19911742e-03 -1.73754208e-02 -3.23555828e-03 6.48028450e-04 -6.33270387e-03 1.38546033e-02 1.52172064e-02
7.30417855e-03 1.04431203e-02 -7.35576637e-03 3.65197286e-03 2.73698824e-04 1.29317190e-03 1.06623899e-02 -4.04267125e-02 3.86248808e-03 -5.58297662e-03 2.30941139e-02 4.30013100e-03 -8.61132517e-04 8.41576699e-03 -1.84114836e-02 -2.02219393e-02
-2.61513097e-03 -5.02540078e-03 3.07225366e-03 -1.68962416e-03 -1.18472904e-04 -6.97631098e-04 -5.48653957e-03 2.09055822e-02 -1.99394324e-03 2.88679474e-03 -1.19597483e-02 -2.22785189e-03 4.46320279e-04 -4.36122390e-03 9.54172388e-03 1.04803210e-02
-3.51990736e-03 -4.53825574e-03 3.14652850e-03 -1.92548637e-03 -1.23926278e-04 -5.22863644e-04 -4.64026071e-03 1.75308455e-02 -1.67120027e-03 2.41670408e-03 -9.97177325e-03 -1.85709959e-03 3.71840346e-04 -3.63421743e-03 7.95051828e-03 8.73219222e-03
-4.88491682e-03 -6.81113498e-03 4.29385621e-03 -2.34217593e-03 -1.60415773e-04 -8.45125003e-04 -6.93907542e-03 2.62585953e-02 -2.50711921e-03 3.62606440e-03 -1.50097776e-02 -2.79498636e-03 5.59829525e-04 -5.47067914e-03 1.19687794e-02 1.31459748e-02
-9.93558858e-03 -1.45574408e-02 9.08647850e-03 -4.90323175e-03 -3.42105690e-04 -1.97616033e-03 -1.55948205e-02 5.93726858e-02 -5.66560309e-03 8.20273440e-03 -3.39814983e-02 -6.33018510e-03 1.26816973e-03 -1.23919230e-02 2.71117408e-02 2.97786631e-02
2.09187623e-02 2.71342695e-02 -1.80829037e-02 9.32803098e-03 7.35053967e-04 3.36335949e-03 2.83835176e-02 -1.07716262e-01 1.02520464e-02 -1.48349348e-02 6.14150427e-02 1.14370817e-02 -2.29101861e-03 2.23875120e-02 -4.89798822e-02 -5.37974685e-02
-1.22086238e-03 -1.48240873e-03 1.15980802e-03 -5.77935716e-04 -5.44405193e-05 -1.37123890e-04 -1.46834773e-03 5.52412588e-03 -5.24452713e-04 7.52855965e-04 -3.06678098e-03 -5.70046250e-04 1.13407623e-04 -1.11238670e-03 2.43097846e-03 2.66867806e-03
-2.21675634e-03 -2.53195129e-03 1.73989055e-03 -9.02879634e-04 -6.51809605e-05 -2.84892245e-04 -2.46118242e-03 9.33708157e-03 -8.86665017e-04 1.28274132e-03 -5.30814519e-03 -9.88351763e-04 1.97950081e-04 -1.93439389e-03 4.23205690e-03 4.64829383e-03
8.94861994e-04 1.26484747e-03 -8.91382864e-04 4.62336611e-04 3.33317003e-05 1.62224445e-04 1.33269979e-03 -5.05215256e-03 4.81975381e-04 -6.96120202e-04 2.87987711e-03 5.36099775e-04 -1.07344677e-04 1.04911334e-03 -2.29515648e-03 -2.52082874e-03
-1.78379111e-03 -2.66280421e-03 1.76655175e-03 -9.36113705e-04 -6.86038184e-05 -3.35951889e-04 -2.78263609e-03 1.05593279e-02 -1.00789231e-03 1.45730679e-03 -6.02994347e-03 -1.12275511e-03 2.24850606e-04 -2.19737319e-03 4.80733020e-03 5.28009795e-03
-1.75917801e-02 -2.58512422e-02 1.69181190e-02 -8.87511205e-03 -6.15662779e-04 -3.44012235e-03 -2.74058413e-02 1.04357637e-01 -9.95064527e-03 1.44017255e-02 -5.96460029e-02 -1.11099845e-02 2.22563464e-03 -2.17481088e-02 4.75814119e-02 5.22617437e-02
1.86748873e-03 2.57284124e-03 -1.81446481e-03 9.70917696e-04 7.17582589e-05 2.81013577e-04 2.55536917e-03 -9.63965245e-03 9.18022415e-04 -1.32777379e-03 5.47984615e-03 1.01981219e-03 -2.04122029e-04 1.99525920e-03 -4.36476851e-03 -4.79383254e-03
1.45153087e-02 2.05261260e-02 -1.39929904e-02 7.20427232e-03 5.06600831e-04 2.60248268e-03 2.13580765e-02 -8.11802670e-02 7.74712767e-03 -1.12010576e-02 4.63366508e-02 8.62710644e-03 -1.72757986e-03 1.68835912e-02 -3.69367525e-02 -4.05688956e-02
-6.79410901e-03 -9.50344186e-03 6.40113419e-03 -3.14197992e-03 -2.47696909e-04 -1.15175499e-03 -9.69406869e-03 3.68412733e-02 -3.50399222e-03 5.06930938e-03 -2.09777020e-02 -3.90599738e-03 7.82306248e-04 -7.64490198e-03 1.67254191e-02 1.83703657e-02
-3.91829945e-03 -5.48322219e-03 4.05023014e-03 -1.94613042e-03 -1.50796084e-04 -6.98157761e-04 -5.70708467e-03 2.16319691e-02 -2.06424482e-03 2.98310840e-03 -1.23513630e-02 -2.30024266e-03 4.60720621e-04 -4.50219214e-03 9.84992925e-03 1.08187078e-02
1.01524784e-04 4.49415151e-04 -2.81739136e-04 1.73146487e-04 1.22232568e-05 7.64303040e-05 5.95040678e-04 -2.26756744e-03 2.16451634e-04 -3.13360884e-04 1.29827578e-03 2.41847898e-04 -4.84508637e-05 4.73438704e-04 -1.03581476e-03 -1.13770529e-03
-1.17310937e-02 -1.56314131e-02 9.59807914e-03 -5.52641461e-03 -4.16840950e-04 -1.85601262e-03 -1.56471841e-02 5.93743175e-02 -5.65083558e-03 8.18528887e-03 -3.38481665e-02 -6.30331645e-03 1.26249064e-03 -1.23371696e-02 2.69912798e-02 2.96459701e-02
