-1.20296180e-02 -1.02447886e-02 2.71291414e-04 -3.47416545e-03 1.38898147e-03 1.20244338e-03 -7.50540523e-03 3.37271057e-02 -4.57242224e-03 4.86393319e-03 -2.17313189e-02 2.71303899e-04 1.79146556e-03 -6.94513787e-03 1.38692539e-02 1.98092535e-02
1.12707512e-02 1.00201694e-02 -1.87013356e-04 3.19825276e-03 -1.29602198e-03 -1.12637063e-03 6.97941426e-03 -3.14627402e-02 4.25908715e-03 -4.54274239e-03 2.02667378e-02 -2.53986218e-04 -1.67102984e-03 6.47832593e-03 -1.29370391e-02 -1.84776504e-02
-3.31083266e-03 -2.82121822e-03 1.23401900e-04 -9.66701366e-04 3.39089369e-04 2.89719639e-04 -1.87121925e-03 8.38515721e-03 -1.12629076e-03 1.19956129e-03 -5.34503441e-03 6.51988958e-05 4.39985626e-04 -1.70621614e-03 3.40643781e-03 4.86406917e-03
1.77509971e-02 1.50919883e-02 4.61059040e-04 5.40540833e-03 -2.28882674e-03 -2.00098241e-03 1.20486068e-02 -5.48776835e-02 7.43322959e-03 -7.93816801e-03 3.55182439e-02 -4.54266556e-04 -2.93294690e-03 1.13682104e-02 -2.27061138e-02 -3.24374437e-02
-1.58459158e-03 -1.02099369e-03 7.98855035e-06 -3.60460981e-04 1.44175094e-04 1.26323648e-04 -7.67795776e-04 3.50161782e-03 -4.72879270e-04 5.05351578e-04 -2.25622416e-03 2.87054372e-05 1.86294666e-04 -7.22164346e-04 1.44228246e-03 2.06026644e-03
-3.50999134e-03 -3.54000274e-03 2.66996241e-04 -1.17289880e-03 4.21528093e-04 3.53734358e-04 -2.38791062e-03 1.06067061e-02 -1.41695363e-03 1.50907447e-03 -6.70663454e-03 7.71643245e-05 5.50438242e-04 -2.13655294e-03 4.26338427e-03 6.08341070e-03
6.98393723e-03 6.31833728e-03 -7.14440423e-04 2.34048185e-03 -8.35049490e-04 -7.64684402e-04 4.76455456e-03 -2.12517641e-02 2.87092198e-03 -3.07105784e-03 1.36223286e-02 -1.53038374e-04 -1.11510756e-03 4.33259644e-03 -8.64840951e-03 -1.23290764e-02
7.10464257e-04 5.60710090e-04 -1.26428029e-04 1.70645508e-04 -4.34735230e-05 -3.63290783e-05 2.61640758e-04 -1.12906937e-03 1.52186447e-04 -1.62074735e-04 7.16352195e-04 -7.92418723e-06 -5.85888847e-05 2.27431825e-04 -4.53757821e-04 -6.47263310e-04
1.58046037e-02 1.57620087e-02 -6.03630673e-04 5.09959133e-03 -2.02627340e-03 -1.73698261e-03 1.08640296e-02 -4.90616970e-02 6.65933266e-03 -7.10392883e-03 3.17012407e-02 -3.87317355e-04 -2.60729250e-03 1.01115219e-02 -2.01867465e-02 -2.88259257e-02
2.20853998e-03 1.76615710e-03 -1.80969844e-04 5.19533409e-04 -2.05683755e-04 -1.77226291e-04 1.14312896e-03 -5.16116293e-03 6.82551414e-04 -7.27050297e-04 3.24869342e-03 -4.05700375e-05 -2.67885887e-04 1.03849638e-03 -2.07387051e-03 -2.96205259e-03
-4.03409079e-03 -3.68839060e-03 -3.07238079e-05 -1.25296891e-03 5.07325400e-04 4.40790376e-04 -2.71596643e-03 1.23328986e-02 -1.66226190e-03 1.77555787e-03 -7.93297496e-03 1.00197249e-04 6.54445728e-04 -2.53691361e-03 5.06650144e-03 7.23706512e-03
-1.39545118e-02 -1.19214840e-02 1.96204172e-04 -4.05513495e-03 1.63285760e-03 1.42098079e-03 -8.78189132e-03 3.96554917e-02 -5.35649108e-03 5.71120996e-03 -2.55313292e-02 3.18926293e-04 2.10551056e-03 -8.16310197e-03 1.63013563e-02 2.32824199e-02
3.63655621e-03 3.07456218e-03 -1.37544994e-04 1.01437699e-03 -4.12535417e-04 -3.58542602e-04 2.21796543e-03 -1.00249555e-02 1.35789521e-03 -1.44864700e-03 6.47000037e-03 -8.06449389e-05 -5.33405750e-04 2.06800993e-03 -4.12962819e-03 -5.89812547e-03
1.38965342e-02 1.24142375e-02 -4.89452737e-04 4.12488822e-03 -1.65492506e-03 -1.43077853e-03 9.00635961e-03 -4.06036973e-02 5.47692645e-03 -5.81918890e-03 2.59974562e-02 -3.23597225e-04 -2.14387197e-03 8.31215084e-03 -1.65984333e-02 -2.37052962e-02
-1.94747802e-02 -1.66467130e-02 7.36902002e-05 -5.74359251e-03 2.44364911e-03 2.12987582e-03 -1.28911771e-02 5.85928597e-02 -7.94413406e-03 8.46540555e-03 -3.78841981e-02 4.84232791e-04 3.12870950e-03 -1.21269040e-02 2.42215507e-02 3.46022956e-02
7.47191384e-02 6.49410412e-02 4.06880025e-03 2.29839329e-02 -1.01689659e-02 -8.93382449e-03 5.30680381e-02 -2.42427275e-01 3.28986533e-02 -3.51331346e-02 1.57266542e-01 -2.01750034e-03 -1.29912905e-02 5.03538847e-02 -1.00576364e-01 -1.43684521e-01
3.32710892e-03 2.85629742e-03 -7.12798792e-05 9.05774417e-04 -3.32922966e-04 -2.83716625e-04 1.81332161e-03 -8.20092484e-03 1.09393441e-03 -1.16737373e-03 5.21669863e-03 -6.61603190e-05 -4.30515240e-04 1.66875089e-03 -3.33282491e-03 -4.76093497e-03
-1.38772000e-02 -1.19680129e-02 -1.53921777e-04 -4.07155883e-03 1.67408912e-03 1.46016828e-03 -8.92048422e-03 4.05321307e-02 -5.47934603e-03 5.84062841e-03 -2.61099525e-02 3.30645911e-04 2.15479592e-03 -8.35328829e-03 1.66821219e-02 2.38291249e-02
1.88901229e-03 1.86631083e-03 2.12952771e-04 7.50541454e-04 -3.34389362e-04 -2.94232857e-04 1.74313667e-03 -7.97062553e-03 1.08151289e-03 -1.15497771e-03 5.17007895e-03 -6.63208921e-05 -4.27076186e-04 1.65533635e-03 -3.30634671e-03 -4.72347438e-03
-3.64062712e-02 -3.02320421e-02 -2.51976145e-03 -1.10918740e-02 4.90027992e-03 4.29709395e-03 -2.55669802e-02 1.16946451e-01 -1.58649199e-02 1.69458203e-02 -7.58515969e-02 9.72953450e-04 6.26560114e-03 -2.42853146e-02 4.85071987e-02 6.92978725e-02
8.95371754e-03 7.52049033e-03 5.53283026e-05 2.62833573e-03 -1.09851582e-03 -9.55716241e-04 5.84589923e-03 -2.65556462e-02 3.58157512e-03 -3.82245239e-03 1.70962904e-02 -2.17209832e-04 -1.41113880e-03 5.46981674e-03 -1.09245796e-02 -1.56058650e-02
2.75103282e-02 2.40485035e-02 1.47971080e-03 8.66535306e-03 -3.72802466e-03 -3.27020022e-03 1.95346233e-02 -8.91019106e-02 1.20831002e-02 -1.29027171e-02 5.77510558e-02 -7.39847252e-04 -4.77004936e-03 1.84887461e-02 -3.69287394e-02 -5.27562387e-02
7.39069004e-03 7.26492936e-03 -2.56415457e-04 2.26303376e-03 -8.66752001e-04 -7.44925463e-04 4.76798182e-03 -2.13047955e-02 2.86391145e-03 -3.05598089e-03 1.36273447e-02 -1.66910555e-04 -1.12214300e-03 4.35220636e-03 -8.68877023e-03 -1.24068055e-02
7.60170491e-03 6.99311076e-03 1.50270120e-04 2.46830215e-03 -9.84917278e-04 -8.48628115e-04 5.22768777e-03 -2.37686411e-02 3.21661658e-03 -3.43624037e-03 1.53479567e-02 -1.91162355e-04 -1.26492686e-03 4.90562664e-03 -9.79438704e-03 -1.39878532e-02
-1.37851993e-03 -1.34232326e-03 -1.56264286e-05 -4.62099211e-04 1.71257139e-04 1.46538776e-04 -9.22733045e-04 4.16806713e-03 -5.62074361e-04 5.99742169e-04 -2.68005882e-03 3.38659302e-05 2.21078080e-04 -8.56975326e-04 1.71148952e-03 2.44476204e-03
-2.12725811e-02 -1.88687518e-02 -1.22483633e-03 -6.80048764e-03 2.98272562e-03 2.62255687e-03 -1.55910319e-02 7.12495372e-02 -9.65951011e-03 1.03152599e-02 -4.61736694e-02 5.92205033e-04 3.81419319e-03 -1.47836898e-02 2.95287315e-02 4.21849824e-02
1.30341556e-02 1.22980792e-02 -8.49995064e-04 4.22456628e-03 -1.55758834e-03 -1.33389491e-03 8.57343152e-03 -3.84361558e-02 5.19223977e-03 -5.53762633e-03 2.47006137e-02 -2.98991450e-04 -2.02950020e-03 7.87104014e-03 -1.57156698e-02 -2.24358421e-02
1.02872625e-02 9.80122481e-03 2.99019855e-04 3.55407316e-03 -1.49199727e-03 -1.29836681e-03 7.87534565e-03 -3.58548872e-02 4.86207195e-03 -5.19167818e-03 2.32115444e-02 -2.93963356e-04 -1.91490608e-03 7.42285373e-03 -1.48247946e-02 -2.11762823e-02
-6.10995339e-05 1.56833674e-04 4.33026406e-04 2.47709861e-04 -1.51954446e-04 -1.36823655e-04 7.32779910e-04 -3.45947361e-03 4.75771405e-04 -5.10436716e-04 2.28397059e-03 -3.20087165e-05 -1.89792408e-04 7.35140638e-04 -1.46931293e-03 -2.10038759e-03
-2.73500662e-03 -2.25805445e-03 4.89458209e-04 -6.74319686e-04 1.98710259e-04 1.68199869e-04 -1.15881709e-03 5.17360400e-03 -6.87424326e-04 7.32306740e-04 -3.24577792e-03 3.67980756e-05 2.65864190e-04 -1.03190297e-03 2.05906271e-03 2.93792831e-03
-1.10337585e-02 -1.04200840e-02 3.67866829e-04 -3.36277252e-03 1.32609147e-03 1.14108494e-03 -7.26929819e-03 3.29289287e-02 -4.39715898e-03 4.68289293e-03 -2.08301973e-02 2.54492508e-04 1.71639759e-03 -6.66332617e-03 1.32990647e-02 1.89801212e-02
-1.39282830e-02 -1.26259904e-02 -5.16524364e-04 -4.39896667e-03 1.93104113e-03 1.68282131e-03 -1.01135382e-02 4.62154970e-02 -6.25664648e-03 6.68181898e-03 -2.99057849e-02 3.82682978e-04 2.46960227e-03 -9.57204867e-03 1.91188809e-02 2.73133330e-02
3.77449505e-02 3.36787812e-02 1.81915518e-03 1.24760242e-02 -5.15928073e-03 -4.51193191e-03 2.71356981e-02 -1.23867638e-01 1.67679228e-02 -1.78971961e-02 8.00798610e-02 -1.02448557e-03 -6.61428878e-03 2.56371312e-02 -5.12059741e-02 -7.31517598e-02
-3.15167606e-02 -2.75388025e-02 -9.14575998e-04 -9.36062727e-03 4.08146391e-03 3.59243574e-03 -2.14753356e-02 9.77466032e-02 -1.32471407e-02 1.41400965e-02 -6.33049607e-02 8.11195641e-04 5.22786705e-03 -2.02630982e-02 4.04730402e-02 5.78200221e-02
1.26869977e-02 1.06467409e-02 9.80096520e-04 3.98391904e-03 -1.77325320e-03 -1.55892549e-03 9.27682128e-03 -4.23288718e-02 5.74160414e-03 -6.13117404e-03 2.74474118e-02 -3.52217903e-04 -2.26729480e-03 8.78796168e-03 -1.75530147e-02 -2.50764433e-02
-1.18994415e-02 -1.06375813e-02 -5.37024811e-04 -3.66776320e-03 1.57474563e-03 1.37370382e-03 -8.29027034e-03 3.77561487e-02 -5.11535397e-03 5.46262739e-03 -2.44346876e-02 3.12147546e-04 2.01773457e-03 -7.82088749e-03 1.56207299e-02 2.23151725e-02
-3.11225979e-03 -2.22323253e-03 -3.32487660e-04 -9.83081525e-04 4.49000188e-04 3.97974480e-04 -2.32593995e-03 1.06446557e-02 -1.44903944e-03 1.54803181e-03 -6.93147676e-03 8.91007148e-05 5.72696095e-04 -2.21974356e-03 4.43375530e-03 6.33419212e-03
4.19268990e-03 3.42855207e-03 -1.34841219e-04 1.01714698e-03 -3.94491246e-04 -3.39167891e-04 2.10997695e-03 -9.57254414e-03 1.28403073e-03 -1.37223466e-03 6.13169605e-03 -7.84705771e-05 -5.06426557e-04 1.96294230e-03 -3.92057095e-03 -5.60085289e-03
7.28369458e-04 4.76686051e-04 -2.26957156e-04 4.04840721e-05 4.81720690e-06 6.03137505e-06 8.57332907e-06 1.78833070e-05 -4.36588834e-06 5.58977217e-06 -2.80100576e-05 8.29041824e-07 2.60002184e-06 -1.00214329e-05 2.02065166e-05 2.90966873e-05
-2.81685125e-03 -2.36315024e-03 -9.96460440e-05 -8.09604186e-04 3.43871332e-04 3.01482854e-04 -1.80570269e-03 8.22364911e-03 -1.11581769e-03 1.19114644e-03 -5.33084990e-03 6.83541439e-05 4.40339529e-04 -1.70674419e-03 3.40901734e-03 4.87013860e-03
-5.32685546e-03 -4.64403536e-03 9.01963213e-05 -1.63696986e-03 6.48698653e-04 5.62463654e-04 -3.50608863e-03 1.58711132e-02 -2.13884190e-03 2.28161784e-03 -1.01922629e-02 1.27348583e-04 8.40182183e-04 -3.25723086e-03 6.50450727e-03 9.29011963e-03
1.65887047e-02 1.38048893e-02 -5.23312483e-05 4.73221904e-03 -1.87411404e-03 -1.63875322e-03 1.01783331e-02 -4.58453074e-02 6.17492758e-03 -6.58417307e-03 2.94128824e-02 -3.71274451e-04 -2.42756330e-03 9.41078272e-03 -1.87944993e-02 -2.68456582e-02
-2.60106521e-03 -2.22714455e-03 3.36884230e-04 -5.92499156e-04 1.86794146e-04 1.53595989e-04 -1.09543896e-03 4.82405629e-03 -6.39628153e-04 6.83525810e-04 -3.03989765e-03 3.67637622e-05 2.49619741e-04 -9.67935892e-04 1.93244289e-03 2.75950623e-03
9.48435569e-04 4.39984229e-04 -1.96879759e-04 5.71416494e-05 -2.50247194e-06 -3.49381480e-07 3.23537643e-05 -1.26407132e-04 1.43312636e-05 -1.45777467e-05 6.27737245e-05 -6.28742555e-07 -5.05671278e-06 1.96108776e-05 -3.90953865e-05 -5.57660605e-05
-1.63855664e-02 -1.51116624e-02 4.55618487e-04 -4.85864375e-03 1.90024555e-03 1.63657393e-03 -1.03256116e-02 4.70924750e-02 -6.30817236e-03 6.69303304e-03 -2.98469421e-02 3.61069047e-04 2.46046367e-03 -9.55490675e-03 1.90555006e-02 2.72056907e-02
1.40295085e-02 1.17499940e-02 2.98056984e-05 4.04203311e-03 -1.68202026e-03 -1.45321421e-03 9.00487509e-03 -4.08848822e-02 5.50823146e-03 -5.87639911e-03 2.62646191e-02 -3.33124102e-04 -2.16672197e-03 8.39927886e-03 -1.67746134e-02 -2.39614900e-02
3.83731686e-02 3.47492546e-02 3.94673087e-04 1.12198405e-02 -4.59435116e-03 -3.96981975e-03 2.47550737e-02 -1.11668982e-01 1.50683336e-02 -1.61314253e-02 7.18557984e-02 -9.07860696e-04 -5.92714129e-03 2.29782593e-02 -4.58934605e-02 -6.55468330e-02
1.93269309e-02 1.66120101e-02 1.70182704e-03 6.37649279e-03 -2.80577131e-03 -2.46559642e-03 1.46268737e-02 -6.69162497e-02 9.07901954e-03 -9.69672762e-03 4.34042066e-02 -5.56919782e-04 -3.58551345e-03 1.38973473e-02 -2.77584326e-02 -3.96559909e-02
-7.64771551e-03 -6.33808179e-03 -2.85988848e-04 -2.29141931e-03 9.10508970e-04 7.89258745e-04 -4.78502549e-03 2.18101833e-02 -2.95785326e-03 3.15898634e-03 -1.41316168e-02 1.80942254e-04 1.16712868e-03 -4.52380255e-03 9.03564878e-03 1.29082622e-02
-2.99388077e-02 -2.71571968e-02 -1.95759023e-03 -9.61564295e-03 4.29858873e-03 3.78638203e-03 -2.23920234e-02 1.02442473e-01 -1.39014171e-02 1.48468222e-02 -6.64636418e-02 8.52953119e-04 5.49049024e-03 -2.12809648e-02 4.25064638e-02 6.07252419e-02
-1.11617176e-02 -9.73520707e-03 -7.89032900e-04 -3.49870953e-03 1.56000687e-03 1.37289742e-03 -8.13925732e-03 3.71977873e-02 -5.04723191e-03 5.38995676e-03 -2.41281930e-02 3.09616298e-04 1.99317397e-03 -7.72547815e-03 1.54308127e-02 2.20446270e-02
1.12911398e-02 1.03945211e-02 -4.58608556e-04 3.48770292e-03 -1.34609267e-03 -1.16095110e-03 7.29261013e-03 -3.28578725e-02 4.44771908e-03 -4.74200910e-03 2.11671181e-02 -2.62798363e-04 -1.74371025e-03 6.76064612e-03 -1.35005135e-02 -1.92799773e-02
-8.79431143e-03 -7.61327287e-03 -2.93601537e-04 -2.68732687e-03 1.14459032e-03 9.97775584e-04 -6.01155078e-03 2.74142325e-02 -3.71382921e-03 3.96369444e-03 -1.77383218e-02 2.26977150e-04 1.46480883e-03 -5.67760784e-03 1.13401590e-02 1.62004028e-02
-3.12724081e-03 -2.75529549e-03 6.31160510e-05 -9.57347103e-04 3.84290703e-04 3.34300945e-04 -2.06420757e-03 9.36234463e-03 -1.26269471e-03 1.34777674e-03 -6.02247380e-03 7.55256842e-05 4.96484106e-04 -1.92470348e-03 3.84365581e-03 5.49001014e-03
-1.29173056e-03 -8.58821673e-04 -1.07993939e-04 -3.59564932e-04 1.59870964e-04 1.41275756e-04 -8.31630547e-04 3.80820083e-03 -5.17029606e-04 5.52212819e-04 -2.47221952e-03 3.17362792e-05 2.04233220e-04 -7.91599916e-04 1.58114033e-03 2.25883955e-03
-1.46355657e-02 -1.24788955e-02 8.17032298e-04 -4.15736949e-03 1.58426398e-03 1.35230750e-03 -8.68331734e-03 3.95154022e-02 -5.26286615e-03 5.61580760e-03 -2.50667036e-02 3.02202679e-04 2.05827039e-03 -7.98353646e-03 1.59393977e-02 2.27573030e-02
-5.22608962e-03 -4.26505646e-03 -1.15934410e-04 -1.52225036e-03 6.18891383e-04 5.39743050e-04 -3.27406940e-03 1.49012655e-02 -2.01591570e-03 2.15222500e-03 -9.62405931e-03 1.22389771e-04 7.94425316e-04 -3.07934149e-03 6.15017070e-03 8.78563523e-03
1.49394036e-03 1.32037804e-03 -4.70655505e-06 4.05254716e-04 -1.63403965e-04 -1.43350378e-04 8.71150056e-04 -3.95229086e-03 5.34667342e-04 -5.70512319e-04 2.55164411e-03 -3.25369292e-05 -2.10661121e-04 8.16538464e-04 -1.63086934e-03 -2.32978491e-03
-2.52617104e-03 -2.04770290e-03 1.35862283e-04 -5.66411065e-04 2.35298867e-04 2.04504759e-04 -1.25807931e-03 5.69072412e-03 -7.69090257e-04 8.19766021e-04 -3.67010827e-03 4.68483340e-05 3.02874367e-04 -1.17393979e-03 2.34474498e-03 3.34966159e-03
-2.43326183e-03 -1.68355391e-03 4.44439880e-04 -2.46951444e-04 8.95428384e-05 7.40417599e-05 -4.96983179e-04 2.20541400e-03 -2.97205144e-04 3.17189901e-04 -1.41828659e-03 1.80787356e-05 1.17063129e-04 -4.53732791e-04 9.06255911e-04 1.29467086e-03
-1.10252888e-03 -9.79938777e-04 5.38758104e-05 -3.29308095e-04 1.32302754e-04 1.14729592e-04 -7.12479814e-04 3.21860635e-03 -4.34630289e-04 4.63676581e-04 -2.07188888e-03 2.61194709e-05 1.70882762e-04 -6.62418199e-04 1.32292032e-03 1.88965932e-03
2.29609832e-02 2.25216392e-02 1.80854369e-03 8.38740636e-03 -3.71366949e-03 -3.24969180e-03 1.94353387e-02 -8.87209624e-02 1.20320432e-02 -1.28467241e-02 5.75034656e-02 -7.36666727e-04 -4.74886224e-03 1.84064433e-02 -3.67644168e-02 -5.25218584e-02
1.15075959e-02 1.08930748e-02 2.06281082e-04 3.69978417e-03 -1.57125737e-03 -1.36198231e-03 8.33618641e-03 -3.78770418e-02 5.12181688e-03 -5.46470657e-03 2.44384147e-02 -3.09467083e-04 -2.01704446e-03 7.81879295e-03 -1.56152826e-02 -2.23057326e-02
5.56878373e-03 3.40396864e-03 -3.68434499e-04 8.09406862e-04 -2.84589449e-04 -2.44711788e-04 1.58165710e-03 -7.04328390e-03 9.41340288e-04 -1.00447296e-03 4.48926352e-03 -5.67421994e-05 -3.70170252e-04 1.43483269e-03 -2.86560250e-03 -4.09350451e-03
-1.97830214e-03 -2.01628217e-03 4.93403786e-05 -6.19797676e-04 2.43872724e-04 2.07383375e-04 -1.31641747e-03 5.92923490e-03 -8.00286594e-04 8.54167854e-04 -3.81602324e-03 4.81077914e-05 3.14698962e-04 -1.21987867e-03 2.43622670e-03 3.47997039e-03
1.58236474e-02 1.38780158e-02 -3.57447425e-05 4.85216966e-03 -1.96262798e-03 -1.70652603e-03 1.06059983e-02 -4.80576530e-02 6.46199752e-03 -6.89239241e-03 3.08181401e-02 -3.87927692e-04 -2.54099001e-03 9.84954089e-03 -1.96706001e-02 -2.80968156e-02
-1.25892777e-02 -1.13458829e-02 -2.70348799e-04 -4.06969292e-03 1.71756151e-03 1.49953959e-03 -9.10277013e-03 4.13217358e-02 -5.58738364e-03 5.96745079e-03 -2.66940426e-02 3.40318569e-04 2.20330944e-03 -8.54017120e-03 1.70573592e-02 2.43670866e-02
-2.96483524e-02 -2.62855664e-02 -1.34268322e-03 -8.88570398e-03 3.78037244e-03 3.30099021e-03 -1.97763424e-02 9.02718604e-02 -1.22440066e-02 1.30752586e-02 -5.85268401e-02 7.49048078e-04 4.83346684e-03 -1.87342297e-02 3.74192335e-02 5.34571558e-02
-2.37103784e-03 -2.33369996e-03 4.09216154e-05 -8.29274999e-04 3.22733307e-04 2.78644409e-04 -1.76829170e-03 7.95105565e-03 -1.07089966e-03 1.14326179e-03 -5.09815291e-03 6.17535115e-05 4.19405231e-04 -1.62671297e-03 3.24759888e-03 4.63677663e-03
1.78830570e-03 1.76905910e-03 -4.06915642e-05 5.68461081e-04 -2.27757875e-04 -1.94743610e-04 1.24807551e-03 -5.57774538e-03 7.51676562e-04 -8.02540104e-04 3.58020584e-03 -4.37715789e-05 -2.94639001e-04 1.14254223e-03 -2.28118221e-03 -3.25753097e-03
2.31360979e-02 2.10154168e-02 -1.98407797e-03 6.76116627e-03 -2.76819244e-03 -2.39988533e-03 1.47858886e-02 -6.69725910e-02 9.06662364e-03 -9.67037492e-03 4.32080142e-02 -5.43002388e-04 -3.56461201e-03 1.38176288e-02 -2.75962837e-02 -3.94158624e-02
-2.38961773e-04 -2.58817628e-04 -1.05706727e-04 -1.63621124e-04 8.15922322e-05 7.26269282e-05 -4.15216171e-04 1.91675324e-03 -2.60525383e-04 2.78445892e-04 -1.24839856e-03 1.61947155e-05 1.03225917e-04 -4.00074699e-04 7.99179252e-04 1.14180730e-03
5.97326085e-02 5.25856391e-02 1.32215209e-03 1.71789583e-02 -7.10812677e-03 -6.17757998e-03 3.79726142e-02 -1.71674863e-01 2.31997874e-02 -2.47671437e-02 1.10732853e-01 -1.40560744e-03 -9.13620181e-03 3.54153067e-02 -7.07307160e-02 -1.01038083e-01
1.48150539e-02 1.28238900e-02 9.10795119e-04 4.73820185e-03 -2.06972309e-03 -1.81661185e-03 1.08778737e-02 -4.95856814e-02 6.71589235e-03 -7.17134913e-03 3.20993401e-02 -4.11608838e-04 -2.65137968e-03 1.02766762e-02 -2.05264594e-02 -2.93242410e-02
-5.93796978e-03 -4.96809138e-03 2.58451473e-04 -1.57653098e-03 6.42914558e-04 5.58620261e-04 -3.46376793e-03 1.56318787e-02 -2.11859192e-03 2.25660298e-03 -1.00828893e-02 1.25844992e-04 8.31403129e-04 -3.22328648e-03 6.43675309e-03 9.19325091e-03
3.71141382e-03 3.25695751e-03 -1.28601998e-04 1.05624134e-03 -3.95120966e-04 -3.37408419e-04 2.17371341e-03 -9.83277801e-03 1.32237840e-03 -1.40710582e-03 6.26395503e-03 -7.43790952e-05 -5.15640422e-04 2.00065132e-03 -3.99350235e-03 -5.69999497e-03
-1.52931958e-02 -1.28891263e-02 -3.33527394e-04 -4.55211708e-03 1.85222866e-03 1.60723610e-03 -9.79451556e-03 4.46202010e-02 -6.03405433e-03 6.44539390e-03 -2.88213454e-02 3.65533400e-04 2.37807934e-03 -9.21841711e-03 1.84106138e-02 2.62990128e-02
3.31536345e-02 2.94499360e-02 9.79298493e-04 1.01222927e-02 -4.43367986e-03 -3.89513629e-03 2.32501738e-02 -1.06170125e-01 1.43892774e-02 -1.53650660e-02 6.87746182e-02 -8.81754153e-04 -5.68060949e-03 2.20178887e-02 -4.39780578e-02 -6.28273189e-02
-8.93734209e-03 -8.11619684e-03 3.34662443e-04 -2.67543038e-03 1.06078328e-03 9.12181160e-04 -5.73320594e-03 2.59077568e-02 -3.49392043e-03 3.72461905e-03 -1.66242644e-02 2.05866992e-04 1.36987295e-03 -5.31140156e-03 1.06055168e-02 1.51461428e-02
-1.26145864e-02 -1.06585156e-02 1.86820864e-04 -3.77780641e-03 1.51375472e-03 1.31293328e-03 -8.09329096e-03 3.66766527e-02 -4.96653514e-03 5.29738748e-03 -2.36682557e-02 2.96308717e-04 1.95170054e-03 -7.56665599e-03 1.51102049e-02 2.15814169e-02
5.82729839e-03 4.90247179e-03 1.60028867e-04 1.65553694e-03 -6.55700103e-04 -5.69377269e-04 3.51639674e-03 -1.59211308e-02 2.14395742e-03 -2.28839042e-03 1.02295587e-02 -1.29993990e-04 -8.44334951e-04 3.27284914e-03 -6.53656805e-03 -9.33749508e-03
-9.24668368e-03 -8.35186988e-03 2.19470821e-04 -2.78753531e-03 1.13279489e-03 9.79816774e-04 -6.10313611e-03 2.75181774e-02 -3.71237914e-03 3.95903597e-03 -1.76947005e-02 2.24439456e-04 1.46039482e-03 -5.66082681e-03 1.13059022e-02 1.61501188e-02
-1.09160889e-03 -1.14469172e-03 -1.68608341e-04 -4.74884728e-04 2.14398635e-04 1.88113831e-04 -1.11592025e-03 5.10460185e-03 -6.92849804e-04 7.39890849e-04 -3.31190112e-03 4.24633618e-05 2.73576734e-04 -1.06037990e-03 2.11797981e-03 3.02574970e-03
-1.33183077e-02 -1.13853794e-02 -2.67459720e-04 -3.99538968e-03 1.68559339e-03 1.47495209e-03 -8.91573634e-03 4.05886658e-02 -5.49043342e-03 5.86247165e-03 -2.62202099e-02 3.34336073e-04 2.16484768e-03 -8.39122478e-03 1.67595670e-02 2.39417329e-02
1.13914125e-02 1.09324912e-02 8.37206491e-04 3.93774267e-03 -1.71913847e-03 -1.51055725e-03 8.99234414e-03 -4.10289727e-02 5.56552177e-03 -5.94370021e-03 2.66052894e-02 -3.41269333e-04 -2.19771150e-03 8.51824414e-03 -1.70142557e-02 -2.43067332e-02
1.38706230e-02 1.10313259e-02 3.98049597e-04 3.66667286e-03 -1.55280181e-03 -1.35393045e-03 8.17098282e-03 -3.72210965e-02 5.04619954e-03 -5.38814161e-03 2.41086520e-02 -3.08077550e-04 -1.99047197e-03 7.71512045e-03 -1.54096121e-02 -2.20137704e-02
1.41091216e-02 1.40335402e-02 -1.10521226e-03 4.22442518e-03 -1.56811078e-03 -1.34897081e-03 8.72358121e-03 -3.90986800e-02 5.22521324e-03 -5.58714336e-03 2.49684155e-02 -3.00853077e-04 -2.04843492e-03 7.94631243e-03 -1.58637930e-02 -2.26457193e-02
2.09231908e-03 1.59277546e-03 -5.37644140e-04 5.12241037e-04 -7.06352148e-05 -7.27093211e-05 5.81534870e-04 -2.43928959e-03 3.07911396e-04 -3.23224318e-04 1.41469517e-03 -1.22489482e-05 -1.14553848e-04 4.46600607e-04 -8.89184128e-04 -1.26498041e-03
-1.07626505e-02 -8.99650622e-03 3.46715504e-04 -2.79584248e-03 1.12087827e-03 9.67062195e-04 -6.03117794e-03 2.72010695e-02 -3.68001172e-03 3.92436748e-03 -1.75498147e-02 2.19173831e-04 1.44586456e-03 -5.60529158e-03 1.11934114e-02 1.59873962e-02
2.72840116e-04 3.10421223e-04 1.47535233e-04 2.00563067e-04 -9.85820006e-05 -8.80199950e-05 4.99998103e-04 -2.30910699e-03 3.14346980e-04 -3.36095574e-04 1.50649669e-03 -1.97291938e-05 -1.24683545e-04 4.83175128e-04 -9.65260610e-04 -1.37922086e-03
1.73370391e-02 1.55825429e-02 -2.90339813e-07 5.21762436e-03 -2.16621719e-03 -1.87597156e-03 1.14828805e-02 -5.21510094e-02 7.06725381e-03 -7.54049979e-03 3.37323286e-02 -4.29370179e-04 -2.78452318e-03 1.07934494e-02 -2.15573572e-02 -3.07949502e-02
1.07099880e-02 9.27190389e-03 9.55191790e-05 3.12790880e-03 -1.30778737e-03 -1.13603252e-03 6.94881845e-03 -3.15247290e-02 4.26601712e-03 -4.54994710e-03 2.03523468e-02 -2.56821746e-04 -1.67891942e-03 6.50811754e-03 -1.29976301e-02 -1.85661614e-02
-2.58688666e-02 -2.18802169e-02 7.29599036e-04 -7.25054042e-03 3.03041376e-03 2.63689109e-03 -1.62170026e-02 7.35108331e-02 -9.91454069e-03 1.05558746e-02 -4.72278669e-02 5.99433261e-04 3.89925879e-03 -1.51143372e-02 3.01862601e-02 4.31211628e-02
-7.55356299e-03 -6.90831337e-03 -4.60330222e-04 -2.52472074e-03 1.11833215e-03 9.83261038e-04 -5.83950756e-03 2.66807806e-02 -3.61939636e-03 3.86535167e-03 -1.73024405e-02 2.21895913e-04 1.42922497e-03 -5.53963287e-03 1.10648060e-02 1.58072971e-02
1.51473458e-03 1.66968186e-03 1.17384079e-04 6.10181072e-04 -2.61790410e-04 -2.28717166e-04 1.37649104e-03 -6.27135951e-03 8.49610835e-04 -9.07117152e-04 4.05873451e-03 -5.18548914e-05 -3.35147255e-04 1.29904971e-03 -2.59461766e-03 -3.70659004e-03
-1.04259895e-02 -9.65475012e-03 1.60182384e-03 -3.36066680e-03 1.04713044e-03 8.98648868e-04 -6.10847864e-03 2.73548439e-02 -3.61037347e-03 3.84265278e-03 -1.69867482e-02 1.90709383e-04 1.39232771e-03 -5.40969102e-03 1.07998485e-02 1.53899407e-02
3.13292034e-02 2.95823663e-02 -3.10778175e-03 1.00090001e-02 -3.38684698e-03 -2.94226245e-03 1.90872885e-02 -8.43174979e-02 1.13973459e-02 -1.21464338e-02 5.41989952e-02 -6.02676184e-04 -4.44087898e-03 1.72647908e-02 -3.44437212e-02 -4.91221659e-02
3.29499412e-03 2.81504984e-03 2.68054631e-04 1.06842816e-03 -4.67505539e-04 -4.11459710e-04 2.43974081e-03 -1.11587308e-02 1.51399802e-03 -1.61655701e-03 7.23587489e-03 -9.27520668e-05 -5.97701583e-04 2.31668469e-03 -4.62728553e-03 -6.61054766e-03
6.56464603e-03 5.62983565e-03 3.42619402e-04 1.93780393e-03 -8.29095661e-04 -7.22977566e-04 4.37566172e-03 -2.00051628e-02 2.69564381e-03 -2.87942146e-03 1.28815165e-02 -1.64608093e-04 -1.06365944e-03 4.12278436e-03 -8.23452696e-03 -1.17636230e-02
-1.90413295e-04 -1.89737722e-04 -4.22248304e-05 -8.88973082e-05 4.12996342e-05 3.65971682e-05 -2.13224062e-04 9.79401055e-04 -1.33049107e-04 1.42142206e-04 -6.36476499e-04 8.19075467e-06 5.25961514e-05 -2.03858726e-04 4.07194602e-04 5.81732369e-04
1.75419394e-02 1.47791104e-02 1.84108503e-04 5.12072165e-03 -2.15812819e-03 -1.88843615e-03 1.13487635e-02 -5.17789014e-02 7.01271277e-03 -7.48326071e-03 3.34876291e-02 -4.27197578e-04 -2.76471977e-03 1.07163256e-02 -2.14037020e-02 -3.05763688e-02
-1.17453812e-02 -1.11936666e-02 1.37818907e-03 -3.54331825e-03 1.31558359e-03 1.12567958e-03 -7.29341898e-03 3.26211601e-02 -4.39106720e-03 4.67225257e-03 -2.08449084e-02 2.45919771e-04 1.71265448e-03 -6.64347271e-03 1.32611729e-02 1.89298391e-02
8.56680889e-03 7.45136896e-03 2.34191306e-04 2.55747163e-03 -1.08643959e-03 -9.48685280e-04 5.72585594e-03 -2.60838140e-02 3.52835492e-03 -3.76659003e-03 1.68548655e-02 -2.15349850e-04 -1.39164831e-03 5.39407786e-03 -1.07737267e-02 -1.53910741e-02
-7.63628259e-03 -6.75817672e-03 -5.89719450e-04 -2.55218754e-03 1.12947426e-03 9.92787536e-04 -5.89111587e-03 2.69372910e-02 -3.65550839e-03 3.90368886e-03 -1.74743980e-02 2.24213043e-04 1.44349388e-03 -5.59493806e-03 1.11752739e-02 1.59651134e-02
-2.72871635e-04 -5.65603084e-04 -5.59248838e-05 -2.13873471e-04 9.44391577e-05 8.25306415e-05 -4.92803229e-04 2.25185463e-03 -3.05633090e-04 3.26429465e-04 -1.46109902e-03 1.87371134e-05 1.20684788e-04 -4.67770762e-04 9.34318639e-04 1.33477512e-03
2.12016888e-02 1.82503518e-02 4.68785991e-04 6.44705538e-03 -2.70073302e-03 -2.34879227e-03 1.42263751e-02 -6.49129301e-02 8.79861135e-03 -9.39447340e-03 4.20084707e-02 -5.36365842e-04 -3.46867600e-03 1.34452041e-02 -2.68539358e-02 -3.83620784e-02
-2.46114214e-03 -2.01185374e-03 -1.91772764e-04 -8.23413720e-04 3.50961433e-04 3.08896328e-04 -1.83117308e-03 8.37570895e-03 -1.13609864e-03 1.21308654e-03 -5.42992121e-03 6.96209172e-05 4.48531355e-04 -1.73849927e-03 3.47244507e-03 4.96075256e-03
6.40328508e-04 4.91505954e-04 1.67673541e-04 2.90614436e-04 -1.42553239e-04 -1.26553612e-04 7.24599988e-04 -3.36399022e-03 4.57205228e-04 -4.89245111e-04 2.19088537e-03 -2.81725006e-05 -1.81029289e-04 7.01665122e-04 -1.40152290e-03 -2.00225762e-03
8.81879870e-03 7.50373770e-03 4.19945747e-04 2.74168141e-03 -1.15029467e-03 -1.01257674e-03 6.02229079e-03 -2.74949372e-02 3.73083074e-03 -3.98369227e-03 1.78320128e-02 -2.28602119e-04 -1.47289142e-03 5.70889795e-03 -1.14028091e-02 -1.62901003e-02
8.35315231e-03 7.29533657e-03 2.26525764e-04 2.52260594e-03 -1.04552205e-03 -9.08850052e-04 5.55191468e-03 -2.52630785e-02 3.40564130e-03 -3.64091503e-03 1.62724517e-02 -2.07626508e-04 -1.34328112e-03 5.20662079e-03 -1.03991209e-02 -1.48557751e-02
-9.87847336e-03 -8.93456489e-03 -1.24234939e-05 -3.01893149e-03 1.28264120e-03 1.11734984e-03 -6.76520076e-03 3.07723153e-02 -4.16674139e-03 4.44826856e-03 -1.99031662e-02 2.54542741e-04 1.64361007e-03 -6.37064595e-03 1.27243586e-02 1.81777999e-02
1.22133307e-02 1.09989494e-02 -1.12857437e-04 3.65406112e-03 -1.50132959e-03 -1.31294678e-03 7.94325583e-03 -3.61289494e-02 4.89949808e-03 -5.22856880e-03 2.33855434e-02 -2.98043917e-04 -1.93067000e-03 7.48356851e-03 -1.49467336e-02 -2.13519074e-02
-7.26074772e-03 -6.99265953e-03 -4.54600231e-04 -2.45747319e-03 1.08278508e-03 9.49519512e-04 -5.65909361e-03 2.58867294e-02 -3.50683369e-03 3.74497846e-03 -1.67636070e-02 2.15001972e-04 1.38469855e-03 -5.36706159e-03 1.07200826e-02 1.53147951e-02
-7.00866617e-03 -6.20822096e-03 -2.59973196e-04 -2.40937341e-03 9.42679297e-04 8.20258399e-04 -4.98754205e-03 2.26777270e-02 -3.07048298e-03 3.27877188e-03 -1.46539137e-02 1.86863603e-04 1.21010502e-03 -4.69061546e-03 9.36844572e-03 1.33830672e-02
-6.93545910e-03 -6.24347711e-03 -2.15780019e-04 -2.03723670e-03 8.45888339e-04 7.37351016e-04 -4.46762424e-03 2.02655513e-02 -2.74790730e-03 2.93316739e-03 -1.31238587e-02 1.67731603e-04 1.08358986e-03 -4.20003524e-03 8.38887133e-03 1.19841667e-02
-1.62881576e-02 -1.36473821e-02 -8.07497650e-04 -4.83268825e-03 2.10282160e-03 1.84497773e-03 -1.09905042e-02 5.02179936e-02 -6.81104185e-03 7.27390824e-03 -3.25587466e-02 4.17666364e-04 2.68954178e-03 -1.04245804e-02 2.08219308e-02 2.97464151e-02
3.77736054e-02 3.17662135e-02 1.75520638e-03 1.14373043e-02 -4.92714299e-03 -4.30556806e-03 2.59315390e-02 -1.18278600e-01 1.60150956e-02 -1.71015263e-02 7.65366182e-02 -9.80856363e-04 -6.32125512e-03 2.45011114e-02 -4.89377938e-02 -6.99124932e-02
-1.94168510e-03 -1.63698802e-03 1.10161782e-04 -5.45073824e-04 2.00153445e-04 1.73509368e-04 -1.12802116e-03 5.07601304e-03 -6.77652773e-04 7.21940771e-04 -3.20539949e-03 3.72782524e-05 2.63695867e-04 -1.02339429e-03 2.04203464e-03 2.91399937e-03
-3.16463877e-03 -2.68135429e-03 -1.21230041e-04 -9.40437196e-04 3.96043150e-04 3.46605288e-04 -2.08030874e-03 9.49729607e-03 -1.28564134e-03 1.37290033e-03 -6.14441559e-03 7.87007812e-05 5.07466146e-04 -1.96693093e-03 3.92868649e-03 5.61251957e-03
2.23892392e-03 1.95309275e-03 7.90280756e-05 7.32152374e-04 -3.08166491e-04 -2.70391727e-04 1.62263133e-03 -7.39483396e-03 1.00190321e-03 -1.06920931e-03 4.78424737e-03 -6.10400748e-05 -3.94996110e-04 1.53104775e-03 -3.05796252e-03 -4.36844165e-03
-3.82087287e-03 -3.47069674e-03 -1.08861859e-04 -1.20963866e-03 5.05083357e-04 4.40289412e-04 -2.66626687e-03 1.21380650e-02 -1.64483197e-03 1.75558147e-03 -7.85341579e-03 1.00128673e-04 6.48348592e-04 -2.51306081e-03 5.01931738e-03 7.17034284e-03
-3.21254022e-02 -2.82239951e-02 -1.52528833e-03 -1.02320584e-02 4.41996986e-03 3.87848867e-03 -2.31082235e-02 1.05657965e-01 -1.43203437e-02 1.52915465e-02 -6.84407353e-02 8.77417682e-04 5.65311918e-03 -2.19113715e-02 4.37652580e-02 6.25232160e-02
3.68369790e-03 3.35049815e-03 4.26197657e-05 1.17203197e-03 -4.69538150e-04 -4.07903339e-04 2.49453564e-03 -1.13267619e-02 1.53260946e-03 -1.63666799e-03 7.31745549e-03 -9.31394752e-05 -6.04048255e-04 2.34140339e-03 -4.67635179e-03 -6.68029627e-03
2.27448717e-02 1.94431581e-02 -7.42971897e-05 6.54427055e-03 -2.68232473e-03 -2.33348785e-03 1.41697358e-02 -6.45589679e-02 8.74024257e-03 -9.32717230e-03 4.17093933e-02 -5.29880053e-04 -3.44228721e-03 1.33431638e-02 -2.66493037e-02 -3.80686447e-02
-1.16396202e-02 -1.03008263e-02 -9.89423133e-05 -3.33827292e-03 1.41735876e-03 1.23096129e-03 -7.51906121e-03 3.42606977e-02 -4.62438259e-03 4.93720453e-03 -2.20848266e-02 2.81628512e-04 1.82311668e-03 -7.06651341e-03 1.41139403e-02 2.01625545e-02
-6.57205051e-03 -5.81146218e-03 1.21315825e-04 -1.99836446e-03 8.24717223e-04 7.24191021e-04 -4.36735433e-03 1.98642761e-02 -2.69187358e-03 2.87215575e-03 -1.28534315e-02 1.64285389e-04 1.06141472e-03 -4.11404017e-03 8.21714476e-03 1.17388414e-02
3.69867834e-04 4.26898856e-04 6.59484067e-06 1.38399148e-04 -5.66783856e-05 -4.93501866e-05 3.03275476e-04 -1.37142185e-03 1.85057768e-04 -1.97199071e-04 8.82239663e-04 -1.12291664e-05 -7.28379455e-05 2.82327179e-04 -5.63880720e-04 -8.05532909e-04
-2.13989969e-02 -1.91583298e-02 -1.10696256e-03 -6.54927315e-03 2.71249353e-03 2.37089954e-03 -1.43101355e-02 6.52390644e-02 -8.83044116e-03 9.43401922e-03 -4.21985574e-02 5.39950444e-04 3.48491292e-03 -1.35075804e-02 2.69794315e-02 3.85425426e-02
