-2.69866847e-02 7.76142906e-03 -3.99017055e-03 3.09619121e-04 -5.63932490e-03 6.60999957e-03 2.02266150e-03 3.17610651e-02 -2.20775306e-02 6.52067829e-03 -3.20903733e-02 4.19752585e-04 -1.33313676e-02 -4.41181939e-03 1.20748058e-02 1.94157138e-02
5.44343069e-02 -1.60559528e-02 4.65403823e-03 -4.48524719e-04 8.32674745e-03 -9.47313569e-03 -2.82889046e-03 -4.60323505e-02 3.18182074e-02 -9.32790712e-03 4.61041108e-02 -5.96422527e-04 1.91356000e-02 6.33223914e-03 -1.73226036e-02 -2.78481562e-02
-2.64943601e-03 5.65589464e-04 2.64692819e-04 -2.32278308e-05 5.33491184e-05 -1.18033509e-04 -5.35850195e-05 -4.33932699e-04 3.52132600e-04 -1.18847151e-04 5.48433512e-04 -8.89803778e-06 2.31769111e-04 7.68363607e-05 -2.12144791e-04 -3.42325802e-04
3.56742442e-02 -9.82238911e-03 5.84595744e-03 -4.37436218e-04 7.64432177e-03 -9.08967759e-03 -2.83425441e-03 -4.34295610e-02 3.01848482e-02 -8.97368509e-03 4.40593436e-02 -5.81898028e-04 1.83172561e-02 6.06222823e-03 -1.65967904e-02 -2.66902503e-02
2.96654496e-02 -1.05867395e-02 9.64103173e-03 -6.61251775e-04 1.10254036e-02 -1.32300192e-02 -4.15347191e-03 -6.31580576e-02 4.39353287e-02 -1.30644431e-02 6.41302913e-02 -8.47322284e-04 2.66678445e-02 8.82624276e-03 -2.41634846e-02 -3.88584398e-02
-1.87922157e-02 6.45675510e-03 -2.62901280e-03 1.97504254e-04 -4.19366453e-03 4.80164215e-03 1.41505501e-03 2.35748310e-02 -1.61404572e-02 4.72207880e-03 -2.33929027e-02 2.97621329e-04 -9.70717613e-03 -3.21248383e-03 8.78127664e-03 1.41129065e-02
2.70838700e-02 -9.70877148e-03 1.49832806e-03 -1.15533476e-05 5.23218233e-03 -5.67571865e-03 -1.59192877e-03 -2.77682301e-02 1.90878324e-02 -5.49910124e-03 2.75940094e-02 -3.34740209e-04 1.14046941e-02 3.77787789e-03 -1.03114424e-02 -1.65487863e-02
1.80839759e-03 -5.38373424e-04 2.61175213e-04 -1.32097284e-05 3.78847064e-04 -4.43006807e-04 -1.35897149e-04 -2.12709606e-03 1.47791789e-03 -4.36639617e-04 2.15130532e-03 -2.80389395e-05 8.93628690e-04 2.95733480e-04 -8.09250399e-04 -1.30111095e-03
1.29784957e-01 -4.21201959e-02 1.74004473e-02 -1.43042172e-03 2.61559039e-02 -3.08227800e-02 -9.46495961e-03 -1.48233458e-01 1.03133321e-01 -3.03686634e-02 1.50013208e-01 -1.94183725e-03 6.22345954e-02 2.05952786e-02 -5.63389435e-02 -9.05780345e-02
-1.41318934e-02 4.40568104e-03 -2.19353079e-03 1.79601804e-04 -3.18958261e-03 3.70460632e-03 1.12457795e-03 1.80785544e-02 -1.23435091e-02 3.65620223e-03 -1.79780293e-02 2.35719097e-04 -7.47174630e-03 -2.47257669e-03 6.76772278e-03 1.08823879e-02
-8.01595021e-03 2.59699067e-03 -1.67404290e-03 1.13834096e-04 -2.09256425e-03 2.48369365e-03 7.73907697e-04 1.18858311e-02 -8.24930053e-03 2.45086919e-03 -1.20385205e-02 1.58724550e-04 -5.00458665e-03 -1.65626558e-03 4.53412300e-03 7.29139708e-03
-2.98851542e-02 8.24317709e-03 -3.93704791e-03 3.11188720e-04 -5.69730531e-03 6.65325392e-03 2.04009470e-03 3.20176259e-02 -2.21747141e-02 6.56478200e-03 -3.22966799e-02 4.22267563e-04 -1.34201711e-02 -4.44136048e-03 1.21549945e-02 1.95442643e-02
1.42890904e-02 -4.04335046e-03 1.33180735e-03 -1.26371669e-04 2.36654864e-03 -2.71391659e-03 -8.29069817e-04 -1.30637847e-02 9.06522293e-03 -2.67569209e-03 1.31860347e-02 -1.71573920e-04 5.47634764e-03 1.81226991e-03 -4.95904265e-03 -7.97334407e-03
3.13662551e-02 -9.55914147e-03 3.77307390e-03 -3.22733395e-04 6.15615072e-03 -7.05906469e-03 -2.13074102e-03 -3.42833996e-02 2.36491058e-02 -6.96156872e-03 3.42823900e-02 -4.46248247e-04 1.42445574e-02 4.71399771e-03 -1.28988074e-02 -2.07383037e-02
1.68607710e-03 6.70572044e-05 -1.87303242e-03 8.71691955e-05 -1.50141539e-03 1.86033477e-03 6.00764062e-04 8.76141246e-03 -6.13112608e-03 1.83611317e-03 -8.99801590e-03 1.19562319e-04 -3.74319893e-03 -1.23897439e-03 3.39253666e-03 5.45609556e-03
1.14481896e-02 -1.96154742e-03 3.36339581e-04 -3.74630181e-05 6.67308632e-04 -7.98063469e-04 -2.49168428e-04 -3.80260684e-03 2.64845672e-03 -7.87932950e-04 3.86630441e-03 -5.11296385e-05 1.60775846e-03 5.32114238e-04 -1.45686197e-03 -2.34290934e-03
-3.02389706e-03 9.59633559e-04 -8.60080123e-04 4.54442707e-05 -9.59948928e-04 1.17081986e-03 3.70865542e-04 5.53602492e-03 -3.87569610e-03 1.15499541e-03 -5.66370925e-03 7.50433464e-05 -2.35566101e-03 -7.79661990e-04 2.13471614e-03 3.43307992e-03
-2.11611986e-02 5.73317427e-03 -2.29883264e-03 1.81542884e-04 -3.41853872e-03 3.96916084e-03 1.21873047e-03 1.91453360e-02 -1.32432897e-02 3.91621748e-03 -1.92609821e-02 2.52752186e-04 -8.00457504e-03 -2.64919735e-03 7.25056371e-03 1.16588287e-02
1.34570505e-02 -4.14887443e-03 2.90738349e-03 -2.04743032e-04 3.52662033e-03 -4.22221003e-03 -1.32011378e-03 -2.01395359e-02 1.40145803e-02 -4.16846480e-03 2.04571784e-02 -2.70463555e-04 8.50643683e-03 2.81530549e-03 -7.70783378e-03 -1.23955775e-02
-3.40363570e-02 7.88103230e-03 -5.16373524e-03 3.61379905e-04 -6.27341168e-03 7.49745313e-03 2.35579396e-03 3.57233845e-02 -2.48730369e-02 7.40312226e-03 -3.63279581e-02 4.80464310e-04 -1.51059749e-02 -4.99956822e-03 1.36881769e-02 2.20131595e-02
1.68515872e-02 -4.60464787e-03 2.46776454e-03 -1.89550512e-04 3.41443764e-03 -4.02596593e-03 -1.24067499e-03 -1.93823874e-02 1.33918477e-02 -3.97324422e-03 1.95260886e-02 -2.56852654e-04 8.11545271e-03 2.68574175e-03 -7.35205039e-03 -1.18226921e-02
4.25182618e-02 -1.15149599e-02 5.45333605e-03 -4.16552299e-04 7.31855165e-03 -8.67546722e-03 -2.70026550e-03 -4.14318852e-02 2.88095754e-02 -8.56596604e-03 4.20487262e-02 -5.55324776e-04 1.74830314e-02 5.78618236e-03 -1.58410110e-02 -2.54748575e-02
2.41518561e-02 -8.07391666e-03 4.12791502e-03 -3.08730552e-04 5.60541591e-03 -6.56875409e-03 -2.00100616e-03 -3.16983797e-02 2.19081212e-02 -6.47805538e-03 3.19030620e-02 -4.16303781e-04 1.32536236e-02 4.38667601e-03 -1.20030874e-02 -1.92990378e-02
-3.00268317e-03 1.53735746e-03 -1.14993798e-03 1.10126159e-04 -1.35952106e-03 1.62036507e-03 5.04935393e-04 7.75237381e-03 -5.38855465e-03 1.59813440e-03 -7.86045846e-03 1.03034428e-04 -3.26577970e-03 -1.08114351e-03 2.95867468e-03 4.75731678e-03
3.26327095e-03 -1.32847892e-03 1.45422085e-03 -1.08757085e-04 1.59408851e-03 -1.93433964e-03 -6.10394636e-04 -9.19545256e-03 6.41290192e-03 -1.90982129e-03 9.36790742e-03 -1.24017388e-04 3.89599754e-03 1.28945254e-03 -3.53043666e-03 -5.67764742e-03
-2.72675082e-02 7.56563293e-03 -4.40865941e-03 3.24075983e-04 -5.60000492e-03 6.69306004e-03 2.09651608e-03 3.19297910e-02 -2.22065635e-02 6.60819700e-03 -3.24239470e-02 4.28849045e-04 -1.34834684e-02 -4.46252199e-03 1.22177973e-02 1.96484886e-02
3.20189185e-02 -9.64636169e-03 2.21355981e-03 -1.56663533e-04 5.14837215e-03 -5.72172785e-03 -1.69230718e-03 -2.78701801e-02 1.92265343e-02 -5.62252989e-03 2.78999731e-02 -3.56042088e-04 1.15553616e-02 3.82329081e-03 -1.04555972e-02 -1.68036856e-02
5.44529185e-02 -1.90996956e-02 9.20558721e-03 -6.88388769e-04 1.29326899e-02 -1.52415186e-02 -4.72418917e-03 -7.29884505e-02 5.07493056e-02 -1.50273656e-02 7.39669353e-02 -9.69662098e-04 3.07233091e-02 1.01671536e-02 -2.78283935e-02 -4.47476245e-02
-1.26940440e-02 3.85924801e-03 -1.02018495e-03 9.05094566e-05 -1.99940638e-03 2.29260908e-03 6.82317303e-04 1.11726075e-02 -7.67327705e-03 2.26069544e-03 -1.11687044e-02 1.42081568e-04 -4.63054981e-03 -1.53232110e-03 4.19094227e-03 6.73709391e-03
-6.54492574e-03 1.85417535e-03 -4.80932737e-04 3.38138416e-05 -1.02377683e-03 1.15276047e-03 3.46907851e-04 5.63444942e-03 -3.86591465e-03 1.13443809e-03 -5.61076775e-03 7.21095712e-05 -2.32795719e-03 -7.70407671e-04 2.10708100e-03 3.38706374e-03
-2.14627013e-02 7.07590580e-03 -2.66400445e-03 2.11664519e-04 -4.18707216e-03 4.84896358e-03 1.45457627e-03 2.38390602e-02 -1.62655003e-02 4.77368338e-03 -2.35595647e-02 3.05241236e-04 -9.79128573e-03 -3.24355438e-03 8.86702910e-03 1.42502850e-02
-2.31718402e-02 6.53396919e-03 -3.70237906e-03 2.81514920e-04 -4.87188576e-03 5.83023764e-03 1.82368094e-03 2.78850459e-02 -1.93578210e-02 5.75692533e-03 -2.82634925e-02 3.73240851e-04 -1.17496047e-02 -3.88854882e-03 1.06461290e-02 1.71209294e-02
7.66649544e-02 -2.23921277e-02 1.30658187e-02 -9.13352706e-04 1.68302841e-02 -1.98774934e-02 -6.19311025e-03 -9.52409357e-02 6.60641193e-02 -1.96255408e-02 9.63435397e-02 -1.27183797e-03 4.00624052e-02 1.32586872e-02 -3.62979770e-02 -5.83723262e-02
-6.52939677e-02 1.91213377e-02 -1.14466893e-02 8.43329064e-04 -1.46638853e-02 1.74808353e-02 5.45228925e-03 8.34094658e-02 -5.80207556e-02 1.72579382e-02 -8.47003832e-02 1.11980073e-03 -3.52140665e-02 -1.16545716e-02 3.19085568e-02 5.13148643e-02
8.55544396e-03 -2.41021812e-03 2.30645691e-03 -1.45653481e-04 2.55828770e-03 -3.10759223e-03 -9.81828081e-04 -1.47675481e-02 1.03004957e-02 -3.06720799e-03 1.50464429e-02 -1.99119080e-04 6.25754148e-03 2.07103929e-03 -5.67029649e-03 -9.11892485e-03
-2.56114658e-02 7.81520456e-03 -4.57767444e-03 3.31947376e-04 -5.75502450e-03 6.83901412e-03 2.13050540e-03 3.26938741e-02 -2.27237605e-02 6.75133616e-03 -3.31550352e-02 4.37515933e-04 -1.37842186e-02 -4.56192251e-03 1.24889193e-02 2.00838968e-02
3.64633556e-03 -6.82598096e-04 -7.26003316e-04 1.39106432e-05 -4.44214238e-04 6.13181735e-04 2.07968958e-04 2.63838470e-03 -1.99452555e-03 6.03956170e-04 -2.94284686e-03 3.96934556e-05 -1.22674881e-03 -4.06182342e-04 1.11265515e-03 1.78980071e-03
1.17301624e-02 -3.21775489e-03 2.35629268e-03 -1.55293921e-04 2.80222204e-03 -3.37777939e-03 -1.06021913e-03 -1.60991922e-02 1.12022217e-02 -3.33431619e-03 1.63595285e-02 -2.16449844e-04 6.80331886e-03 2.25166418e-03 -6.16477150e-03 -9.91411600e-03
1.93198510e-02 -5.17291389e-03 2.33964762e-03 -2.02457144e-04 3.57249938e-03 -4.12981771e-03 -1.27716095e-03 -1.97915621e-02 1.37440413e-02 -4.07708855e-03 2.00354233e-02 -2.63718510e-04 8.32677446e-03 2.75565847e-03 -7.54354522e-03 -1.21307755e-02
-3.54492618e-03 6.40681479e-04 1.38021394e-04 1.28158979e-06 -1.22056144e-05 -1.11447307e-05 -8.02892100e-06 -3.57353747e-05 2.91680772e-05 -1.06877287e-05 4.99814450e-05 -7.29166061e-07 2.10370199e-05 6.97882615e-06 -1.91586441e-05 -3.08412818e-05
-8.45046807e-03 2.33653607e-03 -1.01742963e-03 8.16711836e-05 -1.59086892e-03 1.82239793e-03 5.56420535e-04 8.81621521e-03 -6.08190941e-03 1.79755851e-03 -8.85258708e-03 1.15657094e-04 -3.67701147e-03 -1.21676479e-03 3.32997018e-03 5.35431458e-03
1.57760680e-02 -3.79397930e-03 9.85729042e-04 -6.90983579e-05 1.91939645e-03 -2.12391932e-03 -6.23369531e-04 -1.03911031e-02 7.10793445e-03 -2.09341780e-03 1.03131272e-02 -1.34287417e-04 4.28522937e-03 1.41825830e-03 -3.88086657e-03 -6.23955484e-03
-7.34919216e-03 2.16485281e-03 -8.76137638e-04 6.90577508e-05 -1.33410073e-03 1.52856926e-03 4.65922465e-04 7.38884090e-03 -5.09429025e-03 1.50817854e-03 -7.42493337e-03 9.73418282e-05 -3.08363349e-03 -1.02049066e-03 2.79324711e-03 4.49164258e-03
1.50519237e-02 -3.79006471e-03 1.73023762e-03 -1.49854925e-04 2.58989679e-03 -3.03430599e-03 -9.41733480e-04 -1.45799732e-02 1.00961057e-02 -2.99578835e-03 1.47153623e-02 -1.94139604e-04 6.11709198e-03 2.02440866e-03 -5.54211950e-03 -8.91248789e-03
-2.98150070e-02 9.43736825e-03 -3.94035410e-03 2.96752813e-04 -5.83594106e-03 6.77946722e-03 2.06717639e-03 3.31599563e-02 -2.27380618e-02 6.68233214e-03 -3.29257697e-02 4.25517646e-04 -1.36893112e-02 -4.53614164e-03 1.23929745e-02 1.99230891e-02
2.97583621e-02 -8.24122503e-03 4.59910277e-03 -3.50280141e-04 6.23478368e-03 -7.32185040e-03 -2.25825515e-03 -3.52742039e-02 2.43760515e-02 -7.22524058e-03 3.55212986e-02 -4.67659469e-04 1.47604691e-02 4.88516875e-03 -1.33724883e-02 -2.15038229e-02
5.77961206e-02 -1.79787669e-02 8.33186042e-03 -6.15320925e-04 1.13659929e-02 -1.32626528e-02 -4.05528583e-03 -6.38413876e-02 4.41665575e-02 -1.30688921e-02 6.43531084e-02 -8.45327449e-04 2.67398525e-02 8.85001943e-03 -2.42249090e-02 -3.89507487e-02
1.59287825e-02 -4.17490676e-03 3.20127071e-03 -2.14033629e-04 3.71368974e-03 -4.46143188e-03 -1.40284013e-03 -2.12450456e-02 1.47983162e-02 -4.40472458e-03 2.16112118e-02 -2.85930175e-04 8.98719765e-03 2.97445850e-03 -8.14372767e-03 -1.30966548e-02
-1.89892855e-02 5.48732979e-03 -3.65504064e-03 2.60326720e-04 -4.45509516e-03 5.30774659e-03 1.66258600e-03 2.53132321e-02 -1.76261887e-02 5.24176238e-03 -2.57285871e-02 3.40102240e-04 -1.06981359e-02 -3.54068307e-03 9.69374832e-03 1.55892521e-02
-4.63975146e-02 1.44343991e-02 -8.96665361e-03 6.31363655e-04 -1.10101132e-02 1.32550253e-02 4.16761311e-03 6.30915388e-02 -4.39548641e-02 1.30856307e-02 -6.41971901e-02 8.49498669e-04 -2.66974270e-02 -8.83594994e-03 2.41919309e-02 3.89052518e-02
-4.28384729e-02 1.23494435e-02 -8.91667139e-03 6.04151108e-04 -1.05328755e-02 1.26801105e-02 3.98290390e-03 6.03618175e-02 -4.20553721e-02 1.25183370e-02 -6.14156537e-02 8.12650600e-04 -2.55403817e-02 -8.45299941e-03 2.31434163e-02 3.72190215e-02
2.32180525e-02 -7.56564550e-03 2.83321040e-03 -2.03807824e-04 4.55063116e-03 -5.27510932e-03 -1.61303207e-03 -2.53588688e-02 1.76014230e-02 -5.19781979e-03 2.56073996e-02 -3.34382610e-04 1.06347427e-02 3.51926847e-03 -9.63132363e-03 -1.54856481e-02
-2.20997967e-02 6.26795786e-03 -4.00240067e-03 2.90263648e-04 -5.00782533e-03 5.99682610e-03 1.87554944e-03 2.86365263e-02 -1.99156962e-02 5.92109654e-03 -2.90633850e-02 3.84094950e-04 -1.20837940e-02 -3.99924116e-03 1.09491497e-02 1.76081285e-02
-5.14901057e-03 1.56269316e-03 -5.43665781e-04 4.07518964e-05 -9.37469653e-04 1.08126260e-03 3.30176146e-04 5.22262976e-03 -3.60397459e-03 1.06550171e-03 -5.24923299e-03 6.85263440e-05 -2.17976235e-03 -7.21325399e-04 1.97404134e-03 3.17408261e-03
-2.36680824e-02 5.95786143e-03 -4.40509152e-03 2.99881300e-04 -5.18662529e-03 6.18993305e-03 1.93854095e-03 2.95366440e-02 -2.05439813e-02 6.11134153e-03 -2.99908128e-02 3.96544026e-04 -1.24707976e-02 -4.12741723e-03 1.13001959e-02 1.81727540e-02
-1.99118368e-02 5.42074908e-03 -1.73565443e-03 1.24107450e-04 -3.13168159e-03 3.61146592e-03 1.09105429e-03 1.76781956e-02 -1.20585654e-02 3.55008384e-03 -1.75531618e-02 2.26463002e-04 -7.27598229e-03 -2.40808865e-03 6.58778986e-03 1.05907181e-02
-1.16592376e-02 3.08633782e-03 -1.75209786e-03 1.26630825e-04 -2.28830241e-03 2.70621059e-03 8.40807857e-04 1.29698217e-02 -8.99904780e-03 2.67096655e-03 -1.31240161e-02 1.72831205e-04 -5.45512186e-03 -1.80535845e-03 4.94213914e-03 7.94748217e-03
2.66942498e-03 -7.72353087e-04 3.90828121e-04 -2.84425150e-05 5.17531007e-04 -6.09062263e-04 -1.89487429e-04 -2.91252066e-03 2.02365872e-03 -6.01192762e-04 2.95197964e-03 -3.89649213e-05 1.22725975e-03 4.06167936e-04 -1.11196924e-03 -1.78821303e-03
-1.48365526e-02 3.89760779e-03 -1.17602933e-04 6.46679255e-05 -1.14773295e-03 1.27190549e-03 3.76230717e-04 6.20547310e-03 -4.25836258e-03 1.25665031e-03 -6.18810952e-03 8.11782884e-05 -2.56747892e-03 -8.49636621e-04 2.32583610e-03 3.74019518e-03
-1.54657429e-02 4.22208244e-03 -2.73071276e-03 2.02071707e-04 -3.49893724e-03 4.18796903e-03 1.31299812e-03 1.99523885e-02 -1.38949007e-02 4.13534278e-03 -2.02907249e-02 2.68399541e-04 -8.43762327e-03 -2.79255770e-03 7.64569687e-03 1.22957295e-02
-1.36124883e-02 4.26286785e-03 -2.04711198e-03 1.68843078e-04 -3.04986653e-03 3.56257753e-03 1.09541742e-03 1.71293169e-02 -1.18664494e-02 3.51532944e-03 -1.72888059e-02 2.27067852e-04 -7.18373479e-03 -2.37735733e-03 6.50745584e-03 1.04642538e-02
1.18687861e-01 -3.78938392e-02 2.30472758e-02 -1.68605172e-03 2.93280240e-02 -3.49443667e-02 -1.09090935e-02 -1.66875765e-01 1.16075143e-01 -3.45040374e-02 1.69411227e-01 -2.23781844e-03 7.04219788e-02 2.33064499e-02 -6.38082400e-02 -1.02615260e-01
1.79217681e-02 -5.51480055e-03 2.69524893e-03 -2.14218642e-04 3.77226388e-03 -4.44311649e-03 -1.37248996e-03 -2.13466994e-02 1.47917271e-02 -4.38520079e-03 2.15555150e-02 -2.83071218e-04 8.95941816e-03 2.96501117e-03 -8.11574236e-03 -1.30504016e-02
-2.29871646e-02 8.20715073e-03 -6.27342984e-03 4.46285965e-04 -7.48278759e-03 8.93857330e-03 2.78566149e-03 4.27394062e-02 -2.96764597e-02 8.82493705e-03 -4.33227308e-02 5.72284567e-04 -1.80114210e-02 -5.96100697e-03 1.63198933e-02 2.62451246e-02
-7.15891551e-03 2.30756053e-03 -1.58430473e-03 1.17337950e-04 -1.97443157e-03 2.33953889e-03 7.27899722e-04 1.11950571e-02 -7.77829578e-03 2.31008534e-03 -1.13481535e-02 1.49592408e-04 -4.71710134e-03 -1.56111375e-03 4.27368190e-03 6.87260041e-03
1.12471897e-02 -3.01875151e-03 7.39381008e-04 -7.64329525e-05 1.62196381e-03 -1.75171823e-03 -5.09768666e-04 -8.71728361e-03 5.88877313e-03 -1.72650814e-03 8.54548346e-03 -1.09982378e-04 3.54302605e-03 1.17176597e-03 -3.20541020e-03 -5.15297055e-03
-3.34469974e-02 1.00143813e-02 -5.25253080e-03 4.16492869e-04 -7.31950579e-03 8.62147566e-03 2.65524117e-03 4.14030366e-02 -2.86679529e-02 8.50947294e-03 -4.18283455e-02 5.50903729e-04 -1.73810255e-02 -5.75200748e-03 1.57465413e-02 2.53220536e-02
-5.93545437e-02 1.79006755e-02 -1.01893358e-02 7.25550053e-04 -1.25730997e-02 1.50873624e-02 4.72820597e-03 7.19197914e-02 -5.00771925e-02 1.48972468e-02 -7.31218979e-02 9.65951476e-04 -3.04018799e-02 -1.00614717e-02 2.75465623e-02 4.42998596e-02
-7.01726880e-03 2.28487141e-03 -8.39526125e-04 6.12602162e-05 -1.43487763e-03 1.61434070e-03 4.78095055e-04 7.88791198e-03 -5.41653624e-03 1.58758881e-03 -7.86568783e-03 1.00364326e-04 -3.26156523e-03 -1.07932661e-03 2.95112701e-03 4.74338233e-03
5.86321997e-03 -1.77844171e-03 8.08688579e-04 -6.95939307e-05 1.22158020e-03 -1.40249089e-03 -4.21796314e-04 -6.79853745e-03 4.69180942e-03 -1.38244382e-03 6.82744384e-03 -8.82193708e-05 2.83309212e-03 9.37556732e-04 -2.56483536e-03 -4.12342511e-03
3.89921367e-02 -1.24312844e-02 3.64189805e-03 -4.00901859e-04 7.36938603e-03 -8.61575268e-03 -2.65114103e-03 -4.13979590e-02 2.87275240e-02 -8.49900302e-03 4.18171212e-02 -5.47334261e-04 1.73786562e-02 5.75029710e-03 -1.57392379e-02 -2.53072176e-02
3.31810489e-02 -9.58658662e-03 5.07790688e-03 -3.81711696e-04 6.72280043e-03 -7.88878649e-03 -2.45724781e-03 -3.76989432e-02 2.62315683e-02 -7.78620364e-03 3.82514633e-02 -5.04125026e-04 1.59005169e-02 5.26227057e-03 -1.44057851e-02 -2.31662039e-02
8.07611048e-02 -2.35804822e-02 1.40791200e-02 -9.92189744e-04 1.75234918e-02 -2.08190493e-02 -6.45730551e-03 -9.96319503e-02 6.91872016e-02 -2.05488894e-02 1.00944877e-01 -1.33125519e-03 4.19573598e-02 1.38863064e-02 -3.80148664e-02 -6.11328520e-02
2.44180039e-02 -6.14063209e-03 3.53078963e-03 -2.63535243e-04 4.60235495e-03 -5.41499397e-03 -1.68020057e-03 -2.59217042e-02 1.79783832e-02 -5.34726912e-03 2.62433682e-02 -3.46985500e-04 1.09118680e-02 3.61141306e-03 -9.88751091e-03 -1.59009248e-02
-1.78168416e-02 5.19262441e-03 -1.69133174e-03 1.58079842e-04 -2.99401674e-03 3.43696657e-03 1.04400446e-03 1.65703259e-02 -1.14994282e-02 3.38804955e-03 -1.67000256e-02 2.16775617e-04 -6.93583442e-03 -2.29524192e-03 6.28005154e-03 1.00966552e-02
5.70834894e-03 -1.23579975e-03 -5.27361932e-04 2.87373623e-05 -9.32489711e-05 2.31977378e-04 9.29761227e-05 9.14135540e-04 -7.06168707e-04 2.33674073e-04 -1.09535293e-03 1.76208705e-05 -4.58979834e-04 -1.51895918e-04 4.19329852e-04 6.76941359e-04
-3.47888991e-02 9.80900601e-03 -5.50556555e-03 3.84016195e-04 -7.18211476e-03 8.49771779e-03 2.64241942e-03 4.07417864e-02 -2.82565597e-02 8.38520937e-03 -4.12286036e-02 5.41977352e-04 -1.71315409e-02 -5.66982292e-03 1.55195706e-02 2.49562971e-02
5.38266301e-02 -1.61016341e-02 9.88139678e-03 -7.29112886e-04 1.27177993e-02 -1.51347760e-02 -4.74120956e-03 -7.21989498e-02 5.02231605e-02 -1.49429133e-02 7.33284578e-02 -9.69732937e-04 3.04911695e-02 1.00914286e-02 -2.76288725e-02 -4.44323234e-02
-1.37450732e-02 4.22007777e-03 -1.58636994e-03 1.34765331e-04 -2.58588116e-03 2.99504865e-03 9.10519564e-04 1.45142693e-02 -1.00166826e-02 2.95226113e-03 -1.45571223e-02 1.89111845e-04 -6.04533171e-03 -2.00051023e-03 5.47351362e-03 8.80018529e-03
-1.40793119e-02 4.12916811e-03 -2.49735499e-03 1.89499013e-04 -3.34472465e-03 3.93085089e-03 1.21695467e-03 1.88592840e-02 -1.31011810e-02 3.87851172e-03 -1.90834757e-02 2.49817851e-04 -7.92940985e-03 -2.62423907e-03 7.18203560e-03 1.15482043e-02
-6.60894439e-05 1.60456728e-03 -2.84222327e-03 1.88728285e-04 -2.95580504e-03 3.63624538e-03 1.15876622e-03 1.71963703e-02 -1.20400572e-02 3.59016866e-03 -1.76002439e-02 2.33364932e-04 -7.32094003e-03 -2.42304150e-03 6.63447566e-03 1.06697585e-02
-1.22680347e-02 3.85049661e-03 -1.57253607e-03 1.27260108e-04 -2.46892776e-03 2.87434738e-03 8.73806071e-04 1.38623174e-02 -9.57624149e-03 2.83529796e-03 -1.39411399e-02 1.83176307e-04 -5.79407346e-03 -1.91744277e-03 5.24861366e-03 8.43993295e-03
5.20427385e-03 -1.68551470e-03 1.49407622e-03 -9.61348851e-05 1.71110104e-03 -2.06579850e-03 -6.50169619e-04 -9.82743874e-03 6.85015274e-03 -2.03913171e-03 1.00041889e-02 -1.32359928e-04 4.16035904e-03 1.37693563e-03 -3.76988878e-03 -6.06269110e-03
-2.10144669e-02 5.93469897e-03 -3.35657829e-03 2.54271028e-04 -4.50052368e-03 5.29971952e-03 1.64466386e-03 2.54117418e-02 -1.76188461e-02 5.23071596e-03 -2.56984439e-02 3.38588405e-04 -1.06826499e-02 -3.53540294e-03 9.67812072e-03 1.55634228e-02
2.22288556e-02 -6.74056308e-03 3.88273294e-03 -2.82347697e-04 4.83002746e-03 -5.77213755e-03 -1.80237903e-03 -2.75167245e-02 1.91528369e-02 -5.69915166e-03 2.79657431e-02 -3.69866320e-04 1.16290450e-02 3.84876225e-03 -1.05374428e-02 -1.69461798e-02
2.40395293e-02 -5.99124283e-03 3.06629227e-03 -2.28146382e-04 3.99108231e-03 -4.72954568e-03 -1.47465849e-03 -2.25937739e-02 1.57164820e-02 -4.66918293e-03 2.29343530e-02 -3.02591303e-04 9.53273941e-03 3.15485639e-03 -8.63697473e-03 -1.38895065e-02
3.35096195e-02 -1.21591082e-02 3.06357956e-03 -2.67402531e-04 6.07043179e-03 -6.78994600e-03 -2.00129114e-03 -3.33713777e-02 2.27356385e-02 -6.68145111e-03 3.31720971e-02 -4.22988494e-04 1.37259020e-02 4.54279501e-03 -1.24203628e-02 -1.99608561e-02
-6.92019518e-03 2.49227346e-03 -1.36525324e-03 1.51578453e-04 -1.96256698e-03 2.18214863e-03 6.33936026e-04 1.09055303e-02 -7.38152303e-03 2.14852951e-03 -1.06633306e-02 1.34305010e-04 -4.42276290e-03 -1.46455062e-03 4.00112337e-03 6.42873719e-03
-1.10910293e-02 2.58349557e-03 5.54427970e-07 2.59021344e-05 -6.56049699e-04 7.03704020e-04 2.01250732e-04 3.46374931e-03 -2.37648655e-03 6.92846952e-04 -3.44292750e-03 4.36826922e-05 -1.42410654e-03 -4.71108215e-04 1.28814299e-03 2.07052985e-03
2.98396964e-03 -1.01923512e-03 5.61824651e-04 -4.31391600e-05 7.48397200e-04 -8.79866944e-04 -2.72556965e-04 -4.22121258e-03 2.93057878e-03 -8.68262025e-04 4.27137502e-03 -5.59999899e-05 1.77438778e-03 5.87246614e-04 -1.60733040e-03 -2.58459360e-03
2.18732618e-02 -6.56256918e-03 2.97507620e-03 -2.33028695e-04 4.28718328e-03 -5.04268752e-03 -1.56512798e-03 -2.41178088e-02 1.67688504e-02 -4.97718155e-03 2.44507845e-02 -3.22139909e-04 1.01631889e-02 3.36358626e-03 -9.20789223e-03 -1.48071935e-02
2.33750008e-02 -6.55510789e-03 3.44765862e-03 -2.63080467e-04 4.61537577e-03 -5.47273783e-03 -1.69657497e-03 -2.62221489e-02 1.82101727e-02 -5.40176826e-03 2.65490580e-02 -3.49007256e-04 1.10330051e-02 3.65123502e-03 -9.99485329e-03 -1.60724558e-02
-4.37350087e-02 1.17533095e-02 -5.59923286e-03 4.71191510e-04 -8.35574698e-03 9.83198266e-03 3.02944565e-03 4.73262034e-02 -3.27387117e-02 9.70744528e-03 -4.76687253e-02 6.27807924e-04 -1.98195130e-02 -6.55912794e-03 1.79554485e-02 2.88743079e-02
-1.66590922e-02 5.95269538e-03 -5.46156941e-03 3.57345736e-04 -6.20707497e-03 7.48801976e-03 2.35486007e-03 3.56390439e-02 -2.48332340e-02 7.39230076e-03 -3.62682082e-02 4.79831768e-04 -1.50822019e-02 -4.99169761e-03 1.36667313e-02 2.19787117e-02
-5.09242993e-03 1.73940486e-03 -1.39748713e-03 9.77025484e-05 -1.64489576e-03 1.96925527e-03 6.16527279e-04 9.39509086e-03 -6.53740391e-03 1.94410828e-03 -9.54298209e-03 1.26064828e-04 -3.96782067e-03 -1.31318578e-03 3.59518407e-03 5.78163611e-03
-1.53358513e-03 1.31298904e-04 1.40683725e-03 -1.70705476e-04 9.20387742e-04 -1.17110589e-03 -3.90241650e-04 -5.44424681e-03 3.86581291e-03 -1.16623705e-03 5.68391662e-03 -7.70162369e-05 2.36672186e-03 7.83154333e-04 -2.14608107e-03 -3.45382257e-03
-9.73959686e-04 5.00669936e-04 -1.67372508e-03 2.65420007e-04 -1.51535275e-03 1.76540425e-03 5.37941349e-04 8.55015963e-03 -5.92649309e-03 1.74173678e-03 -8.62309895e-03 1.08831387e-04 -3.57371592e-03 -1.18477514e-03 3.23738856e-03 5.20165171e-03
1.95798948e-02 -6.09117514e-03 4.27554781e-03 -2.90124270e-04 5.04027633e-03 -6.03856659e-03 -1.89568312e-03 -2.87810657e-02 2.00421158e-02 -5.96133666e-03 2.92540547e-02 -3.86697706e-04 1.21647930e-02 4.02607908e-03 -1.10226413e-02 -1.77263301e-02
7.64726568e-03 -1.82459154e-03 6.53241063e-04 -5.11254912e-05 9.26774170e-04 -1.06768194e-03 -3.27037502e-04 -5.20825712e-03 3.55203915e-03 -1.05382851e-03 5.18132281e-03 -6.81743331e-05 2.15312443e-03 7.12545007e-04 -1.95055199e-03 -3.13668209e-03
9.00249369e-03 -3.02996323e-03 2.42181192e-03 -1.68048253e-04 2.87067145e-03 -3.44006810e-03 -1.07686780e-03 -1.64086688e-02 1.14221778e-02 -3.39642353e-03 1.66731346e-02 -2.20233516e-04 6.93183346e-03 2.29415344e-03 -6.28084922e-03 -1.01006329e-02
6.68841973e-02 -1.91033296e-02 1.11856051e-02 -8.42896465e-04 1.47079704e-02 -1.75346341e-02 -5.47563098e-03 -8.38593915e-02 5.82729913e-02 -1.73091572e-02 8.50070193e-02 -1.12098351e-03 3.53358053e-02 1.16945691e-02 -3.20153050e-02 -5.14848009e-02
-1.87209044e-02 6.42561959e-03 -1.63099030e-03 1.43681653e-04 -3.51699535e-03 4.04876051e-03 1.21325464e-03 1.96659882e-02 -1.35638369e-02 3.98498122e-03 -1.96969956e-02 2.52437312e-04 -8.17369390e-03 -2.70436867e-03 7.39623886e-03 1.18892211e-02
1.95517689e-02 -5.65541629e-03 3.10736918e-03 -2.36208769e-04 4.07685107e-03 -4.84475028e-03 -1.50493358e-03 -2.32257228e-02 1.61011852e-02 -4.78303712e-03 2.34915577e-02 -3.09886469e-04 9.76466667e-03 3.23163159e-03 -8.84712674e-03 -1.42274555e-02
-7.71942548e-03 2.20360258e-03 -1.74469699e-03 1.16810486e-04 -2.03730352e-03 2.45386246e-03 7.71905819e-04 1.16777197e-02 -8.13840050e-03 2.42255023e-03 -1.18852630e-02 1.57264119e-04 -4.94259736e-03 -1.63583178e-03 4.47873166e-03 7.20265415e-03
1.85193913e-03 -1.02423853e-03 1.24802289e-03 -7.65804798e-05 1.34601747e-03 -1.63508533e-03 -5.15710446e-04 -7.77423568e-03 5.41951740e-03 -1.61391264e-03 7.91633129e-03 -1.04787170e-04 3.29237827e-03 1.08967233e-03 -2.98342668e-03 -4.79793036e-03
3.85839231e-02 -1.13072507e-02 7.02374894e-03 -5.02413546e-04 9.00062546e-03 -1.06759677e-02 -3.34218144e-03 -5.09698391e-02 3.54673676e-02 -1.05378050e-02 5.17441742e-02 -6.83184015e-04 2.15132963e-02 7.12016784e-03 -1.94926206e-02 -3.13468575e-02
1.90310068e-02 -5.11296000e-03 3.17217666e-03 -2.26822172e-04 4.07239888e-03 -4.83217556e-03 -1.50676968e-03 -2.31407136e-02 1.60623007e-02 -4.77044377e-03 2.34205965e-02 -3.09127761e-04 9.73768532e-03 3.22275120e-03 -8.82299431e-03 -1.41887330e-02
6.37466460e-02 -2.13012453e-02 1.41879469e-02 -1.00559718e-03 1.73860416e-02 -2.07500886e-02 -6.46425365e-03 -9.89690498e-02 6.89075738e-02 -2.04867814e-02 1.00529999e-01 -1.32951024e-03 4.18035313e-02 1.38352877e-02 -3.78790013e-02 -6.09163120e-02
7.49401655e-03 -2.92794709e-03 3.13786184e-03 -2.02913914e-04 3.44868097e-03 -4.17925743e-03 -1.31705578e-03 -1.98762827e-02 1.38560133e-02 -4.12563002e-03 2.02388521e-02 -2.67848693e-04 8.41681752e-03 2.78569153e-03 -7.62696285e-03 -1.22656301e-02
1.52609609e-02 -4.13903967e-03 1.40283431e-03 -1.14944312e-04 2.21315119e-03 -2.54001748e-03 -7.71490915e-04 -1.23486454e-02 8.45573470e-03 -2.50516715e-03 1.23332273e-02 -1.62097218e-04 5.12343459e-03 1.69544155e-03 -4.64096805e-03 -7.46308593e-03
-1.02630965e-02 3.11787007e-03 -1.37547369e-03 1.13253009e-04 -2.01181113e-03 2.39178166e-03 7.43917539e-04 1.14346286e-02 -7.94429239e-03 2.36137048e-03 -1.15923723e-02 1.53130473e-04 -4.81974101e-03 -1.59512099e-03 4.36708471e-03 7.02299923e-03
3.96640971e-02 -1.22970054e-02 6.36292342e-03 -4.90205595e-04 8.78478307e-03 -1.03591643e-02 -3.23022809e-03 -4.94733900e-02 3.44353467e-02 -1.02252029e-02 5.02205081e-02 -6.62306848e-04 2.08773781e-02 6.90948265e-03 -1.89153850e-02 -3.04182358e-02
-2.46654153e-02 7.68032903e-03 -4.38260008e-03 3.19940329e-04 -5.54033695e-03 6.61932677e-03 2.07494362e-03 3.16235982e-02 -2.19651666e-02 6.53616525e-03 -3.20730843e-02 4.24196769e-04 -1.33366771e-02 -4.41397447e-03 1.20848529e-02 1.94346886e-02
-1.52102830e-02 5.31991525e-03 -4.71800240e-03 3.54313845e-04 -5.42277889e-03 6.50925562e-03 2.04062834e-03 3.10477801e-02 -2.16121133e-02 6.42669015e-03 -3.15439627e-02 4.16839874e-04 -1.31171299e-02 -4.34130384e-03 1.18854307e-02 1.91136394e-02
5.78661561e-02 -1.87859368e-02 1.15877362e-02 -8.29266442e-04 1.41838230e-02 -1.69555675e-02 -5.28422324e-03 -8.08881745e-02 5.63143827e-02 -1.67401452e-02 8.21828097e-02 -1.08563772e-03 3.41667421e-02 1.13078374e-02 -3.09583861e-02 -4.97862846e-02
4.88481810e-03 -2.08222726e-03 2.22402182e-03 -1.38456249e-04 2.43723090e-03 -2.95597618e-03 -9.31967981e-04 -1.40532814e-02 9.79943667e-03 -2.91783735e-03 1.43138273e-02 -1.89431623e-04 5.95271681e-03 1.97015516e-03 -5.39409462e-03 -8.67474359e-03
5.17654791e-02 -1.35039296e-02 8.66508018e-03 -6.15038502e-04 1.08472463e-02 -1.28607722e-02 -4.02090279e-03 -6.14145845e-02 4.26846184e-02 -1.26983533e-02 6.23187907e-02 -8.24091840e-04 2.59124748e-02 8.57606810e-03 -2.34799739e-02 -3.77600491e-02
-8.39208253e-03 2.56573479e-03 -1.13124936e-03 8.97922873e-05 -1.74473436e-03 1.97072746e-03 5.88618510e-04 9.68746562e-03 -6.62293565e-03 1.93884526e-03 -9.59124696e-03 1.22270212e-04 -3.98626411e-03 -1.31894508e-03 3.60493967e-03 5.79372840e-03
4.41392791e-03 -1.34727801e-03 6.58570789e-04 -4.75002671e-05 8.66718125e-04 -1.02712156e-03 -3.20318126e-04 -4.91520390e-03 3.41000478e-03 -1.01405394e-03 4.97780833e-03 -6.57700366e-05 2.06957967e-03 6.84946135e-04 -1.87525118e-03 -3.01573053e-03
3.74728884e-03 -1.01137161e-03 5.61280816e-04 -4.18600721e-05 7.72738189e-04 -9.12020972e-04 -2.82963709e-04 -4.37061954e-03 3.03413905e-03 -9.00093932e-04 4.42303438e-03 -5.82259527e-05 1.83824974e-03 6.08362374e-04 -1.66536809e-03 -2.67805625e-03
-1.57544538e-02 4.61545913e-03 -2.13825121e-03 1.68797589e-04 -2.99057062e-03 3.50206811e-03 1.08691200e-03 1.67731363e-02 -1.16527183e-02 3.45728570e-03 -1.69879533e-02 2.23779352e-04 -7.06056552e-03 -2.33666482e-03 6.39675418e-03 1.02867335e-02
-6.14317358e-02 1.78726800e-02 -1.21882940e-02 8.69603886e-04 -1.49721922e-02 1.79591253e-02 5.63801918e-03 8.56380016e-02 -5.95900081e-02 1.77307315e-02 -8.70045424e-02 1.15073775e-03 -3.61793377e-02 -1.19740376e-02 3.27832513e-02 5.27215265e-02
4.70992271e-03 -1.38279039e-03 2.18973917e-04 -1.62614779e-05 5.31850848e-04 -5.92192577e-04 -1.77553971e-04 -2.87123048e-03 1.97708630e-03 -5.83745365e-04 2.87631736e-03 -3.76032440e-05 1.19456579e-03 3.95309442e-04 -1.08189171e-03 -1.73965876e-03
3.10141817e-02 -8.50840844e-03 4.23049368e-03 -3.40012979e-04 5.90089429e-03 -6.97644241e-03 -2.17124820e-03 -3.34353372e-02 2.32160538e-02 -6.88606966e-03 3.38434018e-02 -4.45430138e-04 1.40649825e-02 4.65484848e-03 -1.27424113e-02 -2.04909667e-02
-1.08309966e-02 3.39432177e-03 -2.09904066e-03 1.56794471e-04 -2.69703916e-03 3.17611103e-03 9.87553038e-04 1.52544472e-02 -1.05602639e-02 3.13641131e-03 -1.54070836e-02 2.03160482e-04 -6.40402222e-03 -2.11940310e-03 5.80215827e-03 9.33065359e-03
-2.14296617e-02 6.51213620e-03 -3.07308370e-03 2.67838972e-04 -4.60089138e-03 5.35698421e-03 1.66441523e-03 2.56194267e-02 -1.78080797e-02 5.28956531e-03 -2.59700194e-02 3.42801533e-04 -1.07968478e-02 -3.57320928e-03 9.78253130e-03 1.57318395e-02
-3.48197781e-02 1.15359537e-02 -7.89916888e-03 5.57910884e-04 -9.59790964e-03 1.14634484e-02 3.57535598e-03 5.47781587e-02 -3.80689390e-02 1.13175828e-02 -5.55442236e-02 7.33909314e-04 -2.30959170e-02 -7.64381466e-03 2.09271312e-02 3.36544514e-02
-2.94886827e-02 9.05717351e-03 -4.80919145e-03 3.30430339e-04 -6.03125524e-03 7.08179269e-03 2.20687245e-03 3.38825285e-02 -2.35175639e-02 6.99121458e-03 -3.43285389e-02 4.53384360e-04 -1.42721087e-02 -4.72351117e-03 1.29319159e-02 2.07966603e-02
