1.00753158e-02 1.67038909e-03 -4.09689033e-03 -8.45768861e-03 -1.05112866e-02 2.97391647e-03 -1.59303155e-02 3.08632124e-02 -4.98320395e-03 1.55975008e-02 -1.72843952e-02 8.40584515e-04 -1.40534369e-02 -1.00069977e-02 1.45429503e-02 1.08568789e-03
1.31888054e-02 1.67312124e-03 -3.53197707e-03 -8.76198709e-03 -1.12926969e-02 3.12577747e-03 -1.74261145e-02 3.37798372e-02 -5.42919477e-03 1.71121601e-02 -1.89609975e-02 9.17652564e-04 -1.54229114e-02 -1.09825768e-02 1.59611255e-02 1.19135831e-03
5.61472727e-03 4.46198042e-04 -1.41598145e-03 -4.76741418e-03 -6.16403250e-03 1.72186620e-03 -9.67982970e-03 1.87815372e-02 -3.01092421e-03 9.51004028e-03 -1.05464421e-02 5.09988575e-04 -8.57997686e-03 -6.10981509e-03 8.87953956e-03 6.62770064e-04
-1.43255275e-02 -1.96067197e-03 5.16640116e-03 1.16449771e-02 1.46438377e-02 -4.10070969e-03 2.26045083e-02 -4.38244902e-02 7.01240124e-03 -2.21854113e-02 2.46076472e-02 -1.18707470e-03 2.00191177e-02 1.42558496e-02 -2.07185894e-02 -1.54606218e-03
-2.33184919e-02 -1.58992968e-03 6.82247756e-03 1.52171636e-02 1.86705533e-02 -5.49342111e-03 2.80559473e-02 -5.46295457e-02 8.73095542e-03 -2.75801755e-02 3.05256322e-02 -1.47687783e-03 2.48365998e-02 1.76868383e-02 -2.57039331e-02 -1.91860227e-03
6.00676099e-03 4.07176994e-04 -2.85222312e-03 -4.86861169e-03 -5.50216762e-03 1.69060519e-03 -8.10393784e-03 1.58258732e-02 -2.54101981e-03 7.92366639e-03 -8.75785947e-03 4.31828521e-04 -7.11570354e-03 -5.06631797e-03 7.36195641e-03 5.50410536e-04
-2.19584513e-03 -6.03052904e-04 3.66967986e-03 3.93727841e-03 4.28129407e-03 -1.41477713e-03 5.44684986e-03 -1.06769381e-02 1.75691326e-03 -5.36477938e-03 5.87049499e-03 -3.04681686e-04 4.74496745e-03 3.37877334e-03 -4.91106883e-03 -3.69582529e-04
-3.47869121e-03 -5.34269726e-04 1.24405103e-03 3.20446701e-03 3.94152431e-03 -1.12441450e-03 5.99557161e-03 -1.16217183e-02 1.87200622e-03 -5.88679360e-03 6.51748898e-03 -3.17899219e-04 5.29863406e-03 3.77291674e-03 -5.48308762e-03 -4.09555098e-04
-1.37571637e-02 -1.81148178e-03 1.05460798e-02 1.25731016e-02 1.33008156e-02 -4.25056834e-03 1.96625553e-02 -3.81950662e-02 6.24050945e-03 -1.93249136e-02 2.13270690e-02 -1.06018106e-03 1.72876045e-02 1.23074502e-02 -1.78817343e-02 -1.33796094e-03
-3.45340394e-03 -2.16524117e-04 6.55400450e-04 2.70238379e-03 3.63082392e-03 -9.99962329e-04 5.77864377e-03 -1.12048211e-02 1.79286103e-03 -5.68116503e-03 6.30582403e-03 -3.03652167e-04 5.13173966e-03 3.65446159e-03 -5.31128002e-03 -3.96308023e-04
9.94500704e-03 1.42664742e-03 -3.34473560e-03 -8.14836472e-03 -1.03082340e-02 2.88912025e-03 -1.56116821e-02 3.03567518e-02 -4.84960480e-03 1.53210172e-02 -1.69805009e-02 8.21780821e-04 -1.38113610e-02 -9.83480457e-03 1.42930122e-02 1.06683280e-03
1.31124295e-02 1.60975684e-03 -4.74548852e-03 -1.05768563e-02 -1.33263059e-02 3.68241919e-03 -2.03978661e-02 3.95631418e-02 -6.34216657e-03 2.00020224e-02 -2.21832227e-02 1.07552938e-03 -1.80443618e-02 -1.28493179e-02 1.86740104e-02 1.39399269e-03
-4.38398652e-04 -1.93292944e-04 6.46897359e-04 8.10799305e-04 1.00125908e-03 -2.85387563e-04 1.42478920e-03 -2.76426366e-03 4.46167192e-04 -1.39569282e-03 1.54384028e-03 -7.57638772e-05 1.25449221e-03 8.93219956e-04 -1.29800779e-03 -9.69587418e-05
-1.21960742e-02 -1.64490263e-03 5.42587228e-03 9.84825101e-03 1.25248730e-02 -3.55333602e-03 1.86213907e-02 -3.62426192e-02 5.82879968e-03 -1.82179306e-02 2.01906860e-02 -9.82328784e-04 1.64217837e-02 1.16934404e-02 -1.69938281e-02 -1.26883620e-03
1.93910655e-02 2.89304135e-03 -7.12303445e-03 -1.59891769e-02 -2.05159802e-02 5.77566773e-03 -3.22462879e-02 6.24815710e-02 -1.00321071e-02 3.16383988e-02 -3.51106785e-02 1.69237202e-03 -2.85711940e-02 -2.03460585e-02 2.95701344e-02 2.20640865e-03
-4.24945764e-02 -6.01231121e-03 1.30814994e-02 3.21894586e-02 4.22237813e-02 -1.17369238e-02 6.68550059e-02 -1.29395723e-01 2.07330119e-02 -6.56920075e-02 7.29091167e-02 -3.51003488e-03 5.93347214e-02 4.22544144e-02 -6.14113063e-02 -4.58210008e-03
-4.60452819e-03 4.05267056e-04 6.14424236e-04 2.97111110e-03 4.10046242e-03 -1.10595406e-03 6.69191265e-03 -1.29307490e-02 2.07775249e-03 -6.59687538e-03 7.32575310e-03 -3.52051022e-04 5.96283702e-03 4.24642581e-03 -6.17170986e-03 -4.60470386e-04
1.13129392e-02 2.46807118e-03 -4.58418671e-03 -9.55279544e-03 -1.18403956e-02 3.32811708e-03 -1.75952297e-02 3.42805758e-02 -5.50408568e-03 1.72347687e-02 -1.90887023e-02 9.28673020e-04 -1.55220637e-02 -1.10531934e-02 1.60624422e-02 1.19943160e-03
-1.26439249e-02 -1.66739279e-03 3.89319495e-03 9.84444935e-03 1.26168551e-02 -3.50170396e-03 1.96637586e-02 -3.80935743e-02 6.09974097e-03 -1.92962214e-02 2.14091074e-02 -1.03167526e-03 1.74205732e-02 1.24055725e-02 -1.80296991e-02 -1.34531583e-03
2.62831151e-02 2.61428673e-03 -6.60802471e-03 -2.04628669e-02 -2.72114947e-02 7.55925942e-03 -4.28368337e-02 8.29920471e-02 -1.32874865e-02 4.21348512e-02 -4.67647985e-02 2.25084973e-03 -3.80571149e-02 -2.71018408e-02 3.93890366e-02 2.93894648e-03
-6.48633111e-03 -8.04247509e-04 2.32482422e-03 5.46198897e-03 7.00975629e-03 -1.97458616e-03 1.08210780e-02 -2.10375097e-02 3.35924723e-03 -1.06096519e-02 1.17668370e-02 -5.68969874e-04 9.57197323e-03 6.81617344e-03 -9.90614854e-03 -7.39291427e-04
-2.14492455e-02 -2.72566965e-03 6.36020862e-03 1.83925759e-02 2.36427188e-02 -6.54502027e-03 3.70830745e-02 -7.18158707e-02 1.15012527e-02 -3.64259705e-02 4.04249057e-02 -1.94780645e-03 3.28956097e-02 2.34258678e-02 -3.40461358e-02 -2.54043797e-03
-1.31326932e-02 -6.26922294e-04 4.52771410e-03 9.50257108e-03 1.15075344e-02 -3.27538280e-03 1.74226165e-02 -3.38558368e-02 5.42433839e-03 -1.70562193e-02 1.88842788e-02 -9.21675295e-04 1.53523963e-02 1.09325089e-02 -1.58870090e-02 -1.18678785e-03
-1.47437528e-02 -7.95483065e-04 3.58765479e-03 8.94060638e-03 1.04884170e-02 -3.02767218e-03 1.62263922e-02 -3.15009393e-02 5.05633652e-03 -1.59584992e-02 1.76831391e-02 -8.59596243e-04 1.43768685e-02 1.02395229e-02 -1.48795657e-02 -1.11069879e-03
3.43669858e-03 -3.71725735e-04 -4.17974079e-04 -2.12143338e-03 -3.00696562e-03 8.10207683e-04 -4.95492807e-03 9.58797242e-03 -1.53685384e-03 4.88360040e-03 -5.42415772e-03 2.60446832e-04 -4.41557169e-03 -3.14457226e-03 4.57032118e-03 3.40974657e-04
1.53934481e-02 1.94997771e-03 -4.54184413e-03 -1.30894873e-02 -1.72347724e-02 4.73243510e-03 -2.71241609e-02 5.25771491e-02 -8.41235649e-03 2.66552977e-02 -2.95847561e-02 1.42435171e-03 -2.40766257e-02 -1.71456598e-02 2.49189641e-02 1.85930263e-03
-1.74904726e-02 -1.10025227e-03 6.92659849e-03 1.43429041e-02 1.73793789e-02 -4.99413162e-03 2.61373036e-02 -5.07406108e-02 8.16717278e-03 -2.56661810e-02 2.84302030e-02 -1.38584804e-03 2.31012311e-02 1.64489057e-02 -2.39056610e-02 -1.78567483e-03
-1.39379585e-02 -6.14562817e-03 1.26924850e-02 1.43244732e-02 1.46913752e-02 -5.11662290e-03 1.98473055e-02 -3.86678576e-02 6.29259599e-03 -1.94598529e-02 2.14321967e-02 -1.06691953e-03 1.73627138e-02 1.23590454e-02 -1.79582778e-02 -1.34287588e-03
1.25914793e-02 1.32486236e-03 -4.60373983e-03 -1.01491623e-02 -1.26704369e-02 3.57212406e-03 -1.95515659e-02 3.79423685e-02 -6.07605791e-03 1.91586167e-02 -2.12648641e-02 1.03638042e-03 -1.72897447e-02 -1.23117492e-02 1.78922042e-02 1.33552228e-03
7.69942114e-03 5.43330680e-04 -2.24856497e-03 -6.38266793e-03 -8.22042301e-03 2.29170523e-03 -1.27403969e-02 2.47538816e-02 -3.96814151e-03 1.25253508e-02 -1.38848349e-02 6.73102797e-04 -1.12934122e-02 -8.04206356e-03 1.16876336e-02 8.72567645e-04
1.18190357e-02 1.54469931e-03 -4.37295344e-03 -9.50777438e-03 -1.19714439e-02 3.42342211e-03 -1.82692837e-02 3.57676819e-02 -5.71897160e-03 1.79170799e-02 -1.98196545e-02 9.65362182e-04 -1.61216222e-02 -1.14832744e-02 1.66870244e-02 1.24719145e-03
2.91806702e-02 3.19020613e-03 -9.03382618e-03 -2.19629519e-02 -2.90422998e-02 8.20705947e-03 -4.58821692e-02 8.90112147e-02 -1.42343147e-02 4.50992845e-02 -5.00526540e-02 2.41100858e-03 -4.07270789e-02 -2.90026609e-02 4.21514288e-02 3.14509147e-03
-5.26801758e-02 -6.20088121e-03 1.53392721e-02 4.49530184e-02 5.55815771e-02 -1.54317589e-02 8.61420110e-02 -1.67205513e-01 2.67540552e-02 -8.46126303e-02 9.38768387e-02 -4.52585286e-03 7.63960034e-02 5.44028133e-02 -7.90663734e-02 -5.89982327e-03
3.18302624e-02 4.06376272e-03 -1.03357499e-02 -2.42771227e-02 -3.21930684e-02 8.72777123e-03 -5.01201078e-02 9.70617533e-02 -1.55397570e-02 4.91735972e-02 -5.45873493e-02 2.62829987e-03 -4.44130599e-02 -3.16278860e-02 4.59668562e-02 3.42977419e-03
-1.60810500e-02 -1.26808381e-03 3.86508182e-03 1.19877327e-02 1.61427818e-02 -4.44533769e-03 2.53662728e-02 -4.91014048e-02 7.86000583e-03 -2.49019302e-02 2.76428405e-02 -1.32995646e-03 2.24952921e-02 1.60196982e-02 -2.32826155e-02 -1.73718412e-03
1.02215111e-02 1.23251532e-03 -3.00536002e-03 -8.18805583e-03 -1.06301429e-02 2.99565308e-03 -1.65385213e-02 3.20599116e-02 -5.13532432e-03 1.62439272e-02 -1.80144887e-02 8.69436830e-04 -1.46569293e-02 -1.04373265e-02 1.51689397e-02 1.13198115e-03
3.38084856e-03 4.84642078e-05 -7.29912776e-04 -2.28075893e-03 -2.96944799e-03 8.19160778e-04 -4.71751764e-03 9.15402919e-03 -1.46419415e-03 4.63953381e-03 -5.14962710e-03 2.47885328e-04 -4.19080863e-03 -2.98440270e-03 4.33744211e-03 3.23632150e-04
8.04748666e-03 2.93042191e-04 -1.82846258e-03 -6.44073868e-03 -8.49934015e-03 2.34410213e-03 -1.35619575e-02 2.62827855e-02 -4.20669466e-03 1.33381067e-02 -1.48042496e-02 7.12368987e-04 -1.20484568e-02 -8.58013052e-03 1.24701159e-02 9.30439099e-04
-2.94844038e-04 -3.81396330e-06 2.77130632e-04 -2.73898186e-04 -4.19058459e-04 1.19016178e-04 -7.98733032e-04 1.54562551e-03 -2.47190474e-04 7.90814869e-04 -8.79153900e-04 4.19776006e-05 -7.16165989e-04 -5.10061334e-04 7.41356169e-04 5.52989368e-05
-8.74740724e-03 -1.02213817e-03 2.39685737e-03 6.98112510e-03 9.01125744e-03 -2.48368015e-03 1.41431242e-02 -2.73739640e-02 4.38852189e-03 -1.38943698e-02 1.54196452e-02 -7.42255885e-04 1.25487093e-02 8.93631857e-03 -1.29877701e-02 -9.69067041e-04
3.20412405e-03 5.33374841e-04 -1.37712387e-03 -2.82864319e-03 -3.53204668e-03 9.96900024e-04 -5.21334447e-03 1.01479590e-02 -1.62470969e-03 5.10963658e-03 -5.66075696e-03 2.75278988e-04 -4.60233260e-03 -3.27705941e-03 4.76244278e-03 3.55571654e-04
-1.23826023e-02 -1.89745019e-03 4.44330089e-03 1.09306537e-02 1.38675533e-02 -3.79255018e-03 2.08007880e-02 -4.04077470e-02 6.46191323e-03 -2.03568637e-02 2.25613285e-02 -1.09301426e-03 1.83549356e-02 1.30708311e-02 -1.89960822e-02 -1.41790614e-03
7.48515408e-03 1.78621081e-03 -2.90558953e-03 -7.58813648e-03 -9.77087766e-03 2.82367948e-03 -1.47760427e-02 2.86903139e-02 -4.58574574e-03 1.44906593e-02 -1.60632823e-02 7.76645786e-04 -1.30637595e-02 -9.30272415e-03 1.35198329e-02 1.00900698e-03
-1.95278227e-02 -2.18535098e-03 6.23402931e-03 1.64162051e-02 2.11207177e-02 -5.82208391e-03 3.30010131e-02 -6.40167817e-02 1.02480892e-02 -3.24331522e-02 3.59905697e-02 -1.73321459e-03 2.92871334e-02 2.08560452e-02 -3.03113945e-02 -2.26169615e-03
1.76412612e-02 2.31199455e-03 -6.51732646e-03 -1.40871238e-02 -1.74908023e-02 5.01460442e-03 -2.64275037e-02 5.18573448e-02 -8.31895694e-03 2.59227660e-02 -2.87021175e-02 1.40885857e-03 -2.33488958e-02 -1.66346747e-02 2.41620466e-02 1.80690689e-03
-1.50493989e-02 -1.90700474e-03 5.26869297e-03 1.19351735e-02 1.54927531e-02 -4.46800888e-03 2.35939082e-02 -4.59338799e-02 7.34069152e-03 -2.31349897e-02 2.56440733e-02 -1.23945472e-03 2.08551437e-02 1.48512954e-02 -2.15834938e-02 -1.61089771e-03
-4.05031145e-02 -5.92517713e-03 1.30265867e-02 3.25767249e-02 4.19391654e-02 -1.20517770e-02 6.37177825e-02 -1.23669758e-01 1.97974704e-02 -6.25705644e-02 6.91798553e-02 -3.34915705e-03 5.62616922e-02 4.00648229e-02 -5.82304187e-02 -4.34714137e-03
-9.78778582e-03 -1.81679951e-03 2.54657003e-03 7.38004455e-03 9.20388475e-03 -2.58512329e-03 1.41672995e-02 -2.74710096e-02 4.39469470e-03 -1.39239524e-02 1.54461535e-02 -7.43774290e-04 1.25698615e-02 8.95140320e-03 -1.30096525e-02 -9.70704132e-04
9.52800084e-03 4.53112647e-04 -2.20456906e-03 -7.67085189e-03 -9.67353955e-03 2.70111742e-03 -1.52999992e-02 2.96324510e-02 -4.74798447e-03 1.50478138e-02 -1.66997500e-02 8.03859963e-04 -1.35904048e-02 -9.67818033e-03 1.40659707e-02 1.04951905e-03
6.44588191e-03 -2.90372176e-04 -5.99653111e-04 -9.26649850e-03 -1.24587053e-02 3.42666591e-03 -2.01530736e-02 3.90288197e-02 -6.25648722e-03 1.98425055e-02 -2.20284369e-02 1.05978525e-03 -1.79281645e-02 -1.27673307e-02 1.85557175e-02 1.38449681e-03
-1.46278013e-02 -1.78222894e-03 3.74322128e-03 1.09852618e-02 1.47112012e-02 -4.03570523e-03 2.33095493e-02 -4.51355241e-02 7.22933002e-03 -2.29124613e-02 2.54330393e-02 -1.22377416e-03 2.06984673e-02 1.47401076e-02 -2.14228928e-02 -1.59842637e-03
-7.12472945e-03 -1.51427311e-03 3.68268974e-03 6.77236728e-03 8.07714928e-03 -2.41092732e-03 1.18342303e-02 -2.29794346e-02 3.71040986e-03 -1.15982937e-02 1.28304604e-02 -6.28160313e-04 1.04235178e-02 7.42159365e-03 -1.07856253e-02 -8.05774820e-04
1.14684533e-02 1.04689435e-03 -3.31466924e-03 -8.81111249e-03 -1.12670138e-02 3.17846821e-03 -1.77289713e-02 3.43819819e-02 -5.50716929e-03 1.74157582e-02 -1.93253998e-02 9.31321876e-04 -1.57239437e-02 -1.11973239e-02 1.62736829e-02 1.21430797e-03
2.88312184e-03 6.61029306e-04 -1.64500927e-03 -2.46176356e-03 -2.90087727e-03 8.30258825e-04 -4.14682273e-03 8.09365511e-03 -1.29428518e-03 4.05879458e-03 -4.49203188e-03 2.19408466e-04 -3.64937796e-03 -2.59839138e-03 3.77601665e-03 2.81981018e-04
1.34085799e-02 1.55737868e-03 -3.43583897e-03 -1.17683895e-02 -1.48876235e-02 4.10832278e-03 -2.31676996e-02 4.49250787e-02 -7.18885660e-03 2.27596536e-02 -2.52545923e-02 1.21655536e-03 -2.05506552e-02 -1.46348374e-02 2.12696604e-02 1.58704387e-03
-2.39833188e-03 1.34440092e-03 -1.15157338e-03 -8.87288828e-04 -7.80706527e-04 3.88110318e-04 -6.31716917e-04 1.47260493e-03 -2.19653870e-04 5.97571780e-04 -6.38313242e-04 3.95489587e-05 -4.99250134e-04 -3.55001917e-04 5.15319000e-04 3.95023162e-05
4.13089572e-03 9.29700269e-04 -1.66661316e-03 -3.83381126e-03 -4.51109977e-03 1.27394579e-03 -6.82455674e-03 1.32638058e-02 -2.12322059e-03 6.69418648e-03 -7.41777336e-03 3.59541242e-04 -6.03263173e-03 -4.29571513e-03 6.24290109e-03 4.65964054e-04
-9.96148773e-03 -1.19567523e-03 2.84202164e-03 8.29157885e-03 1.08011831e-02 -2.93730898e-03 1.67418905e-02 -3.24505456e-02 5.19806799e-03 -1.64450705e-02 1.82460640e-02 -8.79586965e-04 1.48464944e-02 1.05724968e-02 -1.53655810e-02 -1.14656077e-03
-3.91574390e-03 -1.00523117e-03 1.55169959e-03 3.31054814e-03 4.34748363e-03 -1.20724936e-03 6.69618137e-03 -1.29816001e-02 2.07857229e-03 -6.56363275e-03 7.28567550e-03 -3.51054536e-04 5.92650101e-03 4.22037346e-03 -6.13370491e-03 -4.57672228e-04
1.19119650e-02 -7.22747820e-04 -1.64885353e-03 -8.63507669e-03 -1.16293151e-02 3.17196711e-03 -1.87864453e-02 3.63906547e-02 -5.83118759e-03 1.84963550e-02 -2.05341391e-02 9.87732084e-04 -1.67125314e-02 -1.19016394e-02 1.72975753e-02 1.29061949e-03
4.53733280e-03 6.43540872e-04 -2.04936601e-03 -3.71263921e-03 -4.66785487e-03 1.32510788e-03 -7.02678878e-03 1.36415958e-02 -2.18620733e-03 6.88603288e-03 -7.63134845e-03 3.69800255e-04 -6.20582374e-03 -4.41902364e-03 6.42217742e-03 4.79358103e-04
-5.13782725e-03 -4.25405055e-03 5.80293359e-03 4.76933271e-03 6.17173500e-03 -2.04572082e-03 8.14293511e-03 -1.58499498e-02 2.54220678e-03 -7.88282603e-03 8.72390717e-03 -4.25928592e-04 7.07255537e-03 5.03512053e-03 -7.31655816e-03 -5.46168943e-04
5.37430961e-03 1.91962800e-03 -2.83216825e-03 -4.09797346e-03 -5.09875687e-03 1.53222634e-03 -7.41755823e-03 1.44576905e-02 -2.31541903e-03 7.24469777e-03 -8.01989529e-03 3.92744230e-04 -6.51905034e-03 -4.64159623e-03 6.74500549e-03 5.03748655e-04
-1.42938532e-02 -1.78155967e-03 3.51965218e-03 1.40852928e-02 1.88886505e-02 -5.19663608e-03 3.00612394e-02 -5.82397543e-02 9.32423584e-03 -2.95548458e-02 3.28048356e-02 -1.57904916e-03 2.66964696e-02 1.90114100e-02 -2.76306085e-02 -2.06163456e-03
3.12458491e-03 1.36354764e-03 -2.02612672e-03 -2.45973142e-03 -2.71784654e-03 8.44297116e-04 -3.62942950e-03 7.05983117e-03 -1.13053760e-03 3.52832093e-03 -3.89783154e-03 1.91229527e-04 -3.16477916e-03 -2.25316850e-03 3.27419746e-03 2.44522409e-04
-4.13959147e-03 1.26191793e-04 1.00310869e-03 3.44740856e-03 4.56922734e-03 -1.24981219e-03 7.30405189e-03 -1.41468374e-02 2.26645637e-03 -7.18805287e-03 7.97960628e-03 -3.83857521e-04 6.49440847e-03 4.62492555e-03 -6.72175875e-03 -5.01524308e-04
5.70502970e-03 1.19231711e-03 -3.04468162e-03 -4.09981329e-03 -4.78640385e-03 1.36034633e-03 -7.02575361e-03 1.36399549e-02 -2.17388128e-03 6.85623800e-03 -7.59657379e-03 3.67634784e-04 -6.17522327e-03 -4.39710682e-03 6.39042957e-03 4.76933405e-04
2.15223748e-02 3.15625011e-03 -6.72946218e-03 -1.72630847e-02 -2.11766660e-02 6.05414528e-03 -3.32820378e-02 6.44673258e-02 -1.03276437e-02 3.26974317e-02 -3.62862535e-02 1.75066164e-03 -2.95216497e-02 -2.10221466e-02 3.05527970e-02 2.27995450e-03
2.52043130e-03 -3.89082823e-04 -5.55395731e-04 -1.75481616e-03 -2.26951716e-03 6.08221570e-04 -3.68697126e-03 7.13410461e-03 -1.14214106e-03 3.63252987e-03 -4.03628824e-03 1.93051426e-04 -3.28661804e-03 -2.34062201e-03 3.40192439e-03 2.53702805e-04
6.03447086e-04 -2.54308252e-04 7.44677498e-04 -1.34668057e-03 -2.06163595e-03 5.28005883e-04 -3.76259559e-03 7.25844735e-03 -1.15916890e-03 3.72904958e-03 -4.15825006e-03 1.94432694e-04 -3.39290639e-03 -2.41668988e-03 3.51299602e-03 2.61582987e-04
-1.15166269e-02 -1.47832243e-03 6.64185919e-03 9.30486899e-03 1.16919447e-02 -3.32958391e-03 1.77830402e-02 -3.45021151e-02 5.54471882e-03 -1.74499247e-02 1.93356797e-02 -9.39450867e-04 1.57266222e-02 1.11975837e-02 -1.62740536e-02 -1.21490401e-03
-2.26574633e-02 -2.88391579e-03 6.93103578e-03 1.73500031e-02 2.22775452e-02 -6.07851474e-03 3.40153314e-02 -6.59003034e-02 1.05746230e-02 -3.34247388e-02 3.70706506e-02 -1.78913597e-03 3.01602706e-02 2.14774664e-02 -3.12140342e-02 -2.32926267e-03
-5.55654578e-02 -7.79659813e-03 1.64748728e-02 4.31979373e-02 5.50287701e-02 -1.54337930e-02 8.48838836e-02 -1.64541677e-01 2.63403542e-02 -8.32210332e-02 9.22856256e-02 -4.45638970e-03 7.50630423e-02 5.34538366e-02 -7.76855126e-02 -5.79759758e-03
-1.29758790e-02 -1.40556425e-03 3.71384691e-03 1.02956146e-02 1.36759793e-02 -3.75465164e-03 2.11588759e-02 -4.10136953e-02 6.55464083e-03 -2.07606070e-02 2.30409112e-02 -1.10922020e-03 1.87496860e-02 1.33522209e-02 -1.94056891e-02 -1.44793501e-03
6.88725151e-03 1.34457275e-03 -3.74875311e-03 -5.64237684e-03 -7.16955727e-03 2.04542116e-03 -1.04815001e-02 2.03330144e-02 -3.28630814e-03 1.02629559e-02 -1.13633908e-02 5.56656683e-04 -9.23640467e-03 -6.57659164e-03 9.55727790e-03 7.13911839e-04
-2.15017935e-04 -8.16856627e-05 1.34964066e-04 7.27711886e-04 1.00521755e-03 -2.74733640e-04 1.62815640e-03 -3.15068895e-03 5.04526077e-04 -1.60228612e-03 1.77928596e-03 -8.54128302e-05 1.44821696e-03 1.03133882e-03 -1.49893994e-03 -1.11821770e-04
1.29221361e-02 2.03773822e-03 -4.76256385e-03 -1.13030905e-02 -1.34772100e-02 3.88242444e-03 -2.05945615e-02 4.00198177e-02 -6.40329672e-03 2.02298518e-02 -2.24243477e-02 1.08601153e-03 -1.82346236e-02 -1.29849175e-02 1.88707113e-02 1.40858663e-03
-2.64769103e-02 -3.37780220e-03 8.75084288e-03 2.08147001e-02 2.78895739e-02 -7.61545310e-03 4.32861485e-02 -8.39040354e-02 1.34266233e-02 -4.25319485e-02 4.72048633e-02 -2.27252883e-03 3.84133793e-02 2.73552779e-02 -3.97572294e-02 -2.96644657e-03
6.50124578e-03 6.18709717e-04 -2.35449662e-03 -5.22285141e-03 -6.60025980e-03 1.88070314e-03 -1.01492880e-02 1.97208542e-02 -3.16403247e-03 9.96397622e-03 -1.10425130e-02 5.36053034e-04 -8.98067746e-03 -6.39492646e-03 9.29359440e-03 6.93824957e-04
8.68668221e-03 1.13856012e-03 -3.25209741e-03 -7.69655686e-03 -9.69539490e-03 2.71508703e-03 -1.48842698e-02 2.88615637e-02 -4.63551469e-03 1.46219395e-02 -1.62119549e-02 7.85197306e-04 -1.31868254e-02 -9.39031970e-03 1.36469724e-02 1.01864431e-03
-1.11259390e-02 -8.44178663e-04 2.55416543e-03 8.84221960e-03 1.14511037e-02 -3.15869134e-03 1.79809108e-02 -3.48711684e-02 5.57818450e-03 -1.76631045e-02 1.95990559e-02 -9.44319938e-04 1.59484763e-02 1.13573261e-02 -1.65062416e-02 -1.23166142e-03
1.02967517e-02 1.40925101e-03 -4.00086213e-03 -8.50988459e-03 -1.08172856e-02 3.08393128e-03 -1.64935235e-02 3.20077129e-02 -5.12205809e-03 1.61477104e-02 -1.79020856e-02 8.65378941e-04 -1.45636247e-02 -1.03706373e-02 1.50720049e-02 1.12481869e-03
-1.91191677e-03 5.75862010e-04 -1.88742706e-04 1.82943791e-03 2.80000945e-03 -7.22991128e-04 4.78460919e-03 -9.27297957e-03 1.47895387e-03 -4.71876562e-03 5.24477614e-03 -2.51076446e-04 4.26995661e-03 3.04100267e-03 -4.41987626e-03 -3.29722388e-04
5.89991221e-03 3.47553345e-04 -1.75082951e-03 -4.45511285e-03 -5.79024432e-03 1.59117801e-03 -9.01272334e-03 1.74783561e-02 -2.79754144e-03 8.85566603e-03 -9.82474443e-03 4.73670050e-04 -7.99432769e-03 -5.69291133e-03 8.27377941e-03 6.17388403e-04
-8.78114998e-03 5.05560602e-04 1.55359344e-03 6.20385353e-03 8.33777990e-03 -2.28472403e-03 1.33836316e-02 -2.59244628e-02 4.15359903e-03 -1.31729497e-02 1.46236457e-02 -7.03523401e-04 1.19017307e-02 8.47567711e-03 -1.23183466e-02 -9.19106649e-04
-4.61369427e-03 -6.15951314e-04 1.51906628e-03 4.18366306e-03 5.39891189e-03 -1.50727131e-03 8.43506027e-03 -1.63395572e-02 2.61866162e-03 -8.29012599e-03 9.19875037e-03 -4.43234603e-04 7.48434244e-03 5.32974396e-03 -7.74601242e-03 -5.77984669e-04
-4.11979342e-03 -3.60333477e-04 2.49846512e-03 4.30167653e-03 5.22134127e-03 -1.48516987e-03 7.64909526e-03 -1.49108646e-02 2.37735384e-03 -7.48876017e-03 8.29920266e-03 -4.05308005e-04 6.73704501e-03 4.79715643e-03 -6.97146775e-03 -5.20911010e-04
3.81008745e-03 1.19593635e-04 -1.21602870e-03 -3.16230301e-03 -3.91784776e-03 1.12498226e-03 -5.85816381e-03 1.14329485e-02 -1.82997063e-03 5.73662715e-03 -6.35265186e-03 3.10351985e-04 -5.16509032e-03 -3.67822917e-03 5.34528121e-03 3.99384560e-04
7.35501247e-03 1.47488923e-03 -2.84401397e-03 -7.41619943e-03 -9.59269609e-03 2.70152348e-03 -1.48858419e-02 2.88462862e-02 -4.62881010e-03 1.46154203e-02 -1.62140597e-02 7.84438220e-04 -1.31861800e-02 -9.38974973e-03 1.36462487e-02 1.01852405e-03
4.10733046e-04 -2.94455735e-04 1.86987076e-04 -2.47746721e-05 -8.41108849e-05 1.20168879e-05 -2.44499533e-04 4.65630321e-04 -7.32651679e-05 2.45304254e-04 -2.75112514e-04 1.23628288e-05 -2.25660493e-04 -1.60766576e-04 2.33771891e-04 1.73777662e-05
-8.77117924e-03 -1.22652564e-03 3.51526774e-03 6.99859485e-03 8.81226826e-03 -2.53755366e-03 1.33960992e-02 -2.59556603e-02 4.16500680e-03 -1.31432852e-02 1.45779587e-02 -7.04483886e-04 1.18585667e-02 8.44463520e-03 -1.22728664e-02 -9.15938057e-04
-1.92772765e-02 -2.43366323e-03 6.06411137e-03 1.52561422e-02 1.96431000e-02 -5.51737286e-03 3.06303725e-02 -5.93937784e-02 9.52419359e-03 -3.00713666e-02 3.33612114e-02 -1.61327992e-03 2.71369442e-02 1.93240643e-02 -2.80841924e-02 -2.09593610e-03
2.73123644e-02 3.28102568e-03 -1.05389878e-02 -2.03841738e-02 -2.65432820e-02 7.36685004e-03 -4.08633277e-02 7.93800578e-02 -1.27025237e-02 4.00413759e-02 -4.44328152e-02 2.14508874e-03 -3.61561067e-02 -2.57470291e-02 3.74190137e-02 2.79224943e-03
1.43344626e-02 1.66747929e-03 -4.79584280e-03 -1.03235478e-02 -1.35932667e-02 3.75330425e-03 -2.13412419e-02 4.13345508e-02 -6.61723362e-03 2.09633131e-02 -2.32650638e-02 1.12057326e-03 -1.89313721e-02 -1.34816375e-02 1.95938032e-02 1.46196457e-03
-2.85916217e-03 5.19529858e-04 1.40058954e-04 1.61884609e-03 2.31990637e-03 -6.25064364e-04 3.88908084e-03 -7.52181234e-03 1.20567810e-03 -3.83789092e-03 4.26466251e-03 -2.04291006e-04 3.47250048e-03 2.47302302e-03 -3.59435705e-03 -2.68132339e-04
-2.36379611e-03 -2.50739953e-03 2.73326226e-03 3.84728052e-03 4.07810882e-03 -1.53545104e-03 5.03475918e-03 -1.02771223e-02 1.64547749e-03 -4.88627655e-03 5.30985417e-03 -2.79530621e-04 4.29599732e-03 3.05875088e-03 -4.44750581e-03 -3.35319812e-04
-2.87718140e-02 -4.38645110e-03 1.14253992e-02 2.51505002e-02 2.99082529e-02 -8.27179104e-03 4.49246131e-02 -8.70133638e-02 1.40269436e-02 -4.40317541e-02 4.87888865e-02 -2.41544959e-03 3.96271870e-02 2.82325372e-02 -4.10261825e-02 -3.06892558e-03
-1.25489477e-02 -2.01949407e-03 3.49390204e-03 1.07104043e-02 1.36075597e-02 -3.73596279e-03 2.11789832e-02 -4.10683192e-02 6.58364687e-03 -2.08171215e-02 2.30986234e-02 -1.11387298e-03 1.87960751e-02 1.33850463e-02 -1.94531232e-02 -1.45156821e-03
-2.84573087e-03 -1.90460225e-04 6.95183699e-04 2.70799920e-03 3.63371754e-03 -1.00261020e-03 5.77832852e-03 -1.12063447e-02 1.79264334e-03 -5.68268960e-03 6.30713673e-03 -3.03645036e-04 5.13272081e-03 3.65516846e-03 -5.31230215e-03 -3.96377727e-04
-9.13776085e-03 -1.24994409e-03 3.13138403e-03 7.10294675e-03 9.06743109e-03 -2.56376038e-03 1.40517652e-02 -2.72243265e-02 4.36356617e-03 -1.37918461e-02 1.53015703e-02 -7.38233095e-04 1.24476003e-02 8.86409078e-03 -1.28825540e-02 -9.61300393e-04
-3.17630842e-02 -4.11604531e-03 1.14889964e-02 2.52878368e-02 3.18130553e-02 -8.83501582e-03 4.95373830e-02 -9.61506069e-02 1.54055199e-02 -4.86618094e-02 5.39915115e-02 -2.60675210e-03 4.39221524e-02 3.12775038e-02 -4.54566926e-02 -3.39214061e-03
6.73086848e-03 1.24214450e-03 -3.67349293e-03 -6.22599525e-03 -7.56797753e-03 2.24654470e-03 -1.12664169e-02 2.19445918e-02 -3.53604322e-03 1.10297836e-02 -1.22090280e-02 6.03922934e-04 -9.91654675e-03 -7.05982791e-03 1.02591170e-02 7.67143327e-04
-6.64897356e-03 -6.21705840e-04 1.95732852e-03 5.53143024e-03 7.18174456e-03 -1.99441658e-03 1.13132149e-02 -2.19396260e-02 3.51059041e-03 -1.11143952e-02 1.23342033e-02 -5.94261335e-04 1.00360848e-02 7.14693125e-03 -1.03870491e-02 -7.75046239e-04
4.74581402e-03 1.11673202e-03 -1.71699957e-03 -3.26276734e-03 -4.17475263e-03 1.16717222e-03 -6.35781465e-03 1.23113077e-02 -1.97331025e-03 6.24135602e-03 -6.92525739e-03 3.33408796e-04 -5.63526619e-03 -4.01302008e-03 5.83237736e-03 4.35178605e-04
2.03640200e-03 2.72169185e-04 -4.83943877e-04 -1.16598536e-03 -1.51254504e-03 4.31897206e-04 -2.35577300e-03 4.55868104e-03 -7.30820233e-04 2.31564650e-03 -2.56957719e-03 1.23723337e-04 -2.09082710e-03 -1.48893835e-03 2.16397387e-03 1.61462420e-04
-8.72782804e-03 -2.76085339e-03 4.50107176e-03 8.38078465e-03 1.02634048e-02 -3.01805534e-03 1.49832619e-02 -2.91131623e-02 4.67497343e-03 -1.47201885e-02 1.62975006e-02 -7.89141224e-04 1.32547887e-02 9.43894684e-03 -1.37174595e-02 -1.02387241e-03
-4.01842035e-03 -4.52410604e-04 1.30806584e-03 3.37743014e-03 3.38883488e-03 -9.31306160e-04 5.20559773e-03 -1.01131583e-02 1.61888730e-03 -5.11010736e-03 5.66857215e-03 -2.73526326e-04 4.61235689e-03 3.28453747e-03 -4.77357162e-03 -3.56196484e-04
-2.41935402e-02 -3.17918719e-03 8.77784751e-03 1.79929994e-02 2.19138786e-02 -5.99226775e-03 3.33272964e-02 -6.44182563e-02 1.03431819e-02 -3.25794481e-02 3.61505859e-02 -1.74162281e-03 2.94156391e-02 2.09471826e-02 -3.04437708e-02 -2.27158936e-03
-8.92942026e-03 -9.42849321e-04 2.50284118e-03 7.32729677e-03 9.16816108e-03 -2.49010045e-03 1.43210366e-02 -2.77284849e-02 4.44378750e-03 -1.40772453e-02 1.56248314e-02 -7.52275344e-04 1.27150062e-02 9.05472692e-03 -1.31598162e-02 -9.81913414e-04
-9.60406754e-03 -1.15092983e-03 2.91970861e-03 8.06512125e-03 1.03102457e-02 -2.89219385e-03 1.59511212e-02 -3.09918430e-02 4.94366838e-03 -1.56634860e-02 1.73664540e-02 -8.37172498e-04 1.41289616e-02 1.00613674e-02 -1.46226371e-02 -1.09113741e-03
2.88907182e-03 7.14954745e-04 -1.21306605e-03 -2.75499304e-03 -3.53237474e-03 1.00458879e-03 -5.48095023e-03 1.06235491e-02 -1.70009176e-03 5.37597202e-03 -5.96382748e-03 2.87568662e-04 -4.85236617e-03 -3.45543539e-03 5.02195675e-03 3.74729396e-04
-2.35491972e-02 -3.64684057e-03 9.28165019e-03 1.92080233e-02 2.41352767e-02 -6.64413767e-03 3.65966372e-02 -7.09094331e-02 1.13878064e-02 -3.59394588e-02 3.98523472e-02 -1.92592968e-03 3.24194506e-02 2.30861008e-02 -3.35515738e-02 -2.50390917e-03
1.40153402e-02 1.48955057e-03 -4.03468963e-03 -1.07366396e-02 -1.42365946e-02 3.94613808e-03 -2.23847162e-02 4.34343070e-02 -6.94322586e-03 2.20031738e-02 -2.44222302e-02 1.17550418e-03 -1.98744871e-02 -1.41532989e-02 2.05699634e-02 1.53480202e-03
7.61099253e-03 1.19532365e-03 -2.71787401e-03 -7.17342552e-03 -7.63415638e-03 2.20328802e-03 -1.15467291e-02 2.24038381e-02 -3.59009486e-03 1.13264704e-02 -1.25438180e-02 6.06599555e-04 -1.02060298e-02 -7.26782624e-03 1.05624683e-02 7.88305653e-04
1.23681575e-02 6.92184432e-04 -2.61596497e-03 -9.91556700e-03 -1.31946253e-02 3.63228098e-03 -2.10574251e-02 4.07782085e-02 -6.53385650e-03 2.07110718e-02 -2.29892489e-02 1.10640458e-03 -1.87090449e-02 -1.33233611e-02 1.93637963e-02 1.44480495e-03
3.78053146e-03 -3.64470528e-04 -4.01782396e-04 -2.95494404e-03 -4.08130698e-03 1.11132080e-03 -6.64537260e-03 1.28685748e-02 -2.06279242e-03 6.54434972e-03 -7.26602320e-03 3.49473587e-04 -5.91372699e-03 -4.21140390e-03 6.12076698e-03 4.56685724e-04
-6.32545212e-03 -1.38852373e-03 2.61428836e-03 6.16536476e-03 8.06167070e-03 -2.27496540e-03 1.21239154e-02 -2.35348400e-02 3.75775201e-03 -1.18889026e-02 1.31896026e-02 -6.35466189e-04 1.07311178e-02 7.64185516e-03 -1.11063207e-02 -8.28714052e-04
1.40875962e-03 5.19665366e-04 -1.03691046e-03 -1.57056423e-03 -1.87040726e-03 5.48328157e-04 -2.46964674e-03 4.90358192e-03 -7.87593075e-04 2.41342792e-03 -2.65019108e-03 1.35492315e-04 -2.15281127e-03 -1.53210363e-03 2.22562673e-03 1.67043574e-04
-3.18889543e-02 -4.56693396e-03 9.51659679e-03 2.65869498e-02 3.36519815e-02 -9.42159258e-03 5.22431694e-02 -1.01412825e-01 1.62030030e-02 -5.13012856e-02 5.69244139e-02 -2.74325092e-03 4.63168360e-02 3.29832546e-02 -4.79364619e-02 -3.57684027e-03
-5.37320226e-03 -6.03976718e-04 1.77086156e-03 4.54456452e-03 5.72740240e-03 -1.57386041e-03 8.87045451e-03 -1.72089376e-02 2.75883824e-03 -8.71013477e-03 9.66223795e-03 -4.66783240e-04 7.85994064e-03 5.59709780e-03 -8.13445263e-03 -6.07072492e-04
1.53775758e-03 -4.63196593e-05 -4.70863044e-04 -1.16542378e-03 -1.47387176e-03 4.09027940e-04 -2.29434483e-03 4.44645900e-03 -7.12774228e-04 2.25492357e-03 -2.50187237e-03 1.20634628e-04 -2.03562668e-03 -1.44960673e-03 2.10678834e-03 1.57207920e-04
1.26867741e-02 1.47475710e-03 -4.01317142e-03 -9.33103915e-03 -1.17982896e-02 3.26834619e-03 -1.84488427e-02 3.57951522e-02 -5.72665920e-03 1.81321464e-02 -2.01209169e-02 9.68933105e-04 -1.63732991e-02 -1.16598615e-02 1.69460028e-02 1.26442383e-03
-1.23794074e-03 -4.11741959e-04 7.95988715e-04 1.00554037e-03 9.06976813e-04 -2.92507582e-04 1.14423211e-03 -2.23282469e-03 3.56763136e-04 -1.11007586e-03 1.22291839e-03 -6.03696462e-05 9.92617221e-04 7.06695195e-04 -1.02685380e-03 -7.67227757e-05
-2.51360107e-02 -2.27987207e-03 7.47983903e-03 1.95809454e-02 2.49726065e-02 -6.96124136e-03 3.90726142e-02 -7.57948682e-02 1.21506331e-02 -3.84118855e-02 4.26096208e-02 -2.05689413e-03 3.46649773e-02 2.46855523e-02 -3.58764417e-02 -2.67728535e-03
1.45995747e-02 1.08179997e-03 -4.19524079e-03 -1.05556501e-02 -1.40092559e-02 3.90690332e-03 -2.17032824e-02 4.21366207e-02 -6.73574908e-03 2.13210601e-02 -2.36564502e-02 1.14022254e-03 -1.92478132e-02 -1.37067325e-02 1.99207459e-02 1.48644170e-03
6.33275975e-03 -5.76236562e-05 -1.06262276e-03 -5.59012825e-03 -7.58869061e-03 2.08705547e-03 -1.22434059e-02 2.37124879e-02 -3.79867805e-03 1.20505700e-02 -1.33777838e-02 6.43499661e-04 -1.08879060e-02 -7.75370700e-03 1.12690628e-02 8.40812747e-04
-1.53777422e-04 -9.53738490e-05 -3.10632662e-04 9.90636181e-04 1.57686661e-03 -4.31861350e-04 2.70544877e-03 -5.22386562e-03 8.38722219e-04 -2.68031424e-03 2.97750649e-03 -1.42617195e-04 2.42415094e-03 1.72641315e-03 -2.50922004e-03 -1.87194048e-04
1.57173313e-02 2.97880499e-03 -4.66971844e-03 -1.55846924e-02 -2.02520546e-02 5.61876968e-03 -3.13012898e-02 6.07019067e-02 -9.70806647e-03 3.07575371e-02 -3.41166593e-02 1.64416432e-03 -2.77602226e-02 -1.97688174e-02 2.87311822e-02 2.14382773e-03
