1.68577246e-02 -3.32724769e-03 2.00246274e-03 -4.65943338e-03 -8.11576657e-03 2.02801451e-03 -1.76610444e-02 4.49419804e-02 -2.98289116e-03 1.31720919e-02 -3.90452519e-03 2.40268069e-03 -1.73655786e-02 -8.97146109e-03 2.07834188e-02 9.62363370e-03
1.37442909e-02 -2.15425924e-03 7.57014379e-04 -2.50900444e-03 -4.30227909e-03 1.06086791e-03 -9.24830977e-03 2.35376582e-02 -1.56100059e-03 6.90547004e-03 -2.04235525e-03 1.25609827e-03 -9.08348523e-03 -4.69270395e-03 1.08710146e-02 5.03373519e-03
8.04385357e-03 -1.83924520e-03 1.35192554e-03 -2.60127638e-03 -4.32845484e-03 1.08595402e-03 -9.46590956e-03 2.41878033e-02 -1.60526682e-03 7.07756635e-03 -2.09751842e-03 1.29047479e-03 -9.32237599e-03 -4.81609954e-03 1.11550009e-02 5.16495621e-03
-2.33930983e-02 4.19318955e-03 -2.50277901e-03 5.88693377e-03 1.02486564e-02 -2.54119374e-03 2.23922543e-02 -5.72024435e-02 3.85507429e-03 -1.67642832e-02 4.95499140e-03 -3.05437064e-03 2.21501645e-02 1.14441002e-02 -2.65198462e-02 -1.22811608e-02
-1.13753658e-02 5.27132303e-04 1.13397371e-03 6.34488766e-04 3.61198705e-04 -1.98693888e-04 1.37316340e-04 -3.51210154e-04 -1.40702505e-05 -6.82643004e-05 1.40031061e-05 -7.00481814e-06 2.57934935e-05 1.33167141e-05 -2.66336538e-05 -1.17903073e-05
5.27360057e-03 -7.70738057e-04 -2.12667685e-04 -8.82506254e-04 -1.15200481e-03 3.38858430e-04 -2.31670076e-03 5.84749179e-03 -3.57179291e-04 1.68724847e-03 -5.07051765e-04 3.08069546e-04 -2.18470744e-03 -1.12824747e-03 2.60693906e-03 1.20614935e-03
-4.84706648e-03 8.75707541e-04 6.44029351e-04 9.37370409e-04 1.19080860e-03 -3.54519783e-04 1.97447417e-03 -4.90081869e-03 2.55099440e-04 -1.46312302e-03 4.69499937e-04 -2.69597949e-04 1.78712583e-03 9.25369386e-04 -2.11683242e-03 -9.74187220e-04
-6.24631671e-03 1.27243600e-03 -5.31992991e-04 1.88285112e-03 2.93130404e-03 -7.54596200e-04 6.22229837e-03 -1.57973021e-02 1.03635387e-03 -4.64334013e-03 1.38138107e-03 -8.46434326e-04 6.08545355e-03 3.14359413e-03 -7.27718370e-03 -3.36873857e-03
-1.88104510e-02 2.38258485e-03 8.37489497e-04 2.90400954e-03 3.96315940e-03 -1.15974899e-03 8.32988787e-03 -2.10553277e-02 1.32311229e-03 -6.22037286e-03 1.88709225e-03 -1.13255286e-03 8.05175677e-03 4.15832968e-03 -9.61071253e-03 -4.44740010e-03
-8.63194093e-03 1.65009627e-03 -7.12544075e-04 2.27942737e-03 4.15201113e-03 -1.04613486e-03 8.87420122e-03 -2.27662865e-02 1.49563979e-03 -6.56626746e-03 1.94449164e-03 -1.19804195e-03 8.66470486e-03 4.47615283e-03 -1.03702107e-02 -4.80193598e-03
1.37061980e-02 -2.67603854e-03 1.31189916e-03 -3.51052126e-03 -5.96284028e-03 1.49533653e-03 -1.26708159e-02 3.24027427e-02 -2.15282571e-03 9.46092140e-03 -2.80149025e-03 1.72261149e-03 -1.24578252e-02 -6.43567694e-03 1.49088502e-02 6.90349936e-03
2.21549422e-02 -3.96880182e-03 2.27991282e-03 -5.34580275e-03 -9.32406168e-03 2.28353310e-03 -2.02468168e-02 5.16612045e-02 -3.45922518e-03 1.51245687e-02 -4.47758939e-03 2.76026293e-03 -1.99731793e-02 -1.03190970e-02 2.39075981e-02 1.10706370e-02
-2.13236571e-03 3.50432063e-04 -5.54419530e-05 4.80608083e-04 8.23480077e-04 -2.09273319e-04 1.71874790e-03 -4.36877925e-03 2.87788338e-04 -1.28166005e-03 3.80684040e-04 -2.33757455e-04 1.68347370e-03 8.69653712e-04 -2.01385189e-03 -9.32391209e-04
-2.30650455e-02 4.15996648e-03 -1.29282591e-03 5.50305936e-03 9.53016803e-03 -2.42089457e-03 2.01073438e-02 -5.12477271e-02 3.34867695e-03 -1.49085689e-02 4.41819429e-03 -2.72154063e-03 1.96453445e-02 1.01489294e-02 -2.35067196e-02 -1.08838817e-02
2.64546834e-02 -4.80705919e-03 2.72302167e-03 -6.37763366e-03 -1.14648901e-02 2.84929899e-03 -2.54632998e-02 6.50560483e-02 -4.38009761e-03 1.90622360e-02 -5.62944589e-03 3.47625860e-03 -2.52219178e-02 -1.30313421e-02 3.02001946e-02 1.39857782e-02
-7.04768673e-02 1.60529260e-02 -1.44261457e-02 2.09687371e-02 3.99414971e-02 -9.71839018e-03 8.94681662e-02 -2.29050934e-01 1.55682629e-02 -6.72896057e-02 1.98614486e-02 -1.22702867e-02 8.90819952e-02 4.60276529e-02 -1.06674187e-01 -4.94018234e-02
-1.49736572e-02 2.98319710e-03 -2.17068219e-03 4.39095730e-03 7.36332219e-03 -1.84676703e-03 1.60406884e-02 -4.10869494e-02 2.75604916e-03 -1.19760660e-02 3.53666092e-03 -2.18254258e-03 1.58312004e-02 8.17937218e-03 -1.89550929e-02 -8.77808314e-03
2.14733928e-02 -3.72887263e-03 1.59856840e-03 -5.19291358e-03 -8.72018375e-03 2.19011353e-03 -1.85014233e-02 4.72669192e-02 -3.09552089e-03 1.37752872e-02 -4.08505835e-03 2.51099165e-03 -1.81237292e-02 -9.36395116e-03 2.16836371e-02 1.00394282e-02
-1.83635615e-02 3.22622317e-03 -2.12398008e-03 4.35583247e-03 7.74719007e-03 -1.90064555e-03 1.70445405e-02 -4.35193852e-02 2.93902983e-03 -1.27570787e-02 3.76684149e-03 -2.32511107e-03 1.68715045e-02 8.71704519e-03 -2.02018004e-02 -9.35553107e-03
4.16137911e-02 -9.46174748e-03 1.03111919e-02 -1.29620368e-02 -2.49774214e-02 6.07274054e-03 -5.57662360e-02 1.42932132e-01 -9.71989334e-03 4.19916585e-02 -1.23950746e-02 7.65700825e-03 -5.55925108e-02 -2.87240110e-02 6.65711537e-02 3.08297314e-02
-1.19793136e-02 2.03231699e-03 -9.12540476e-04 2.75740982e-03 4.76455688e-03 -1.20767718e-03 1.02952030e-02 -2.63078809e-02 1.74466928e-03 -7.65712233e-03 2.26818165e-03 -1.39610516e-03 1.00972122e-02 5.21634566e-03 -1.20853027e-02 -5.59618929e-03
-4.26446386e-02 7.00223027e-03 -4.01619263e-03 1.00556882e-02 1.70463584e-02 -4.21392871e-03 3.71743888e-02 -9.48273242e-02 6.40119659e-03 -2.77967416e-02 8.21290910e-03 -5.06821834e-03 3.67562473e-02 1.89908389e-02 -4.40088138e-02 -2.03803070e-02
-1.68492347e-02 3.05201742e-03 -7.54572800e-04 3.69863329e-03 5.84183075e-03 -1.50625885e-03 1.24175688e-02 -3.14759612e-02 2.04398972e-03 -9.17704310e-03 2.73288554e-03 -1.67400623e-03 1.20212687e-02 6.21141540e-03 -1.43739879e-02 -6.65369397e-03
-6.53692102e-03 3.90227069e-05 1.02830306e-03 -1.36846094e-04 -9.43748048e-04 1.81382668e-04 -2.33154627e-03 6.01310749e-03 -4.32290835e-04 1.76978670e-03 -5.13946405e-04 3.22538777e-04 -2.38570431e-03 -1.23128039e-03 2.86095659e-03 1.32590299e-03
8.17769091e-04 -4.24190293e-05 -1.18502307e-04 1.21087884e-04 2.77496205e-04 -7.03188925e-05 6.20376610e-04 -1.58765551e-03 1.07234991e-04 -4.65620629e-04 1.37551193e-04 -8.48713535e-05 6.15674362e-04 3.18098813e-04 -7.37170107e-04 -3.41382314e-04
2.40815543e-02 -4.85015567e-03 3.64957168e-03 -6.64526224e-03 -1.22463722e-02 2.97098514e-03 -2.70102471e-02 6.91521615e-02 -4.68120491e-03 2.02655029e-02 -5.98261785e-03 3.69518274e-03 -2.68192124e-02 -1.38568142e-02 3.21139693e-02 1.48721822e-02
-3.14438753e-02 5.56873390e-03 -2.01881398e-04 7.20393239e-03 1.06865717e-02 -2.84272269e-03 2.17151213e-02 -5.50390258e-02 3.52127338e-03 -1.61353257e-02 4.86712670e-03 -2.94160773e-03 2.10244153e-02 1.08583737e-02 -2.51180641e-02 -1.16232010e-02
-3.55342142e-02 5.47258416e-03 1.69941271e-03 7.76986685e-03 1.09062856e-02 -3.28582665e-03 2.19764058e-02 -5.56630194e-02 3.51808732e-03 -1.63737517e-02 4.94127488e-03 -2.97461799e-03 2.12126374e-02 1.09530427e-02 -2.53323186e-02 -1.17231132e-02
2.18674093e-02 -4.01753653e-03 1.49674690e-03 -5.07839117e-03 -8.47140048e-03 2.13720556e-03 -1.83709618e-02 4.68028486e-02 -3.11308191e-03 1.36574395e-02 -4.06900747e-03 2.50372523e-03 -1.80344675e-02 -9.31684859e-03 2.15811189e-02 9.99281369e-03
1.03203347e-02 -2.27352511e-03 1.21264439e-03 -2.99383863e-03 -5.03544789e-03 1.25349837e-03 -1.07894083e-02 2.76378095e-02 -1.82568352e-03 8.08722340e-03 -2.40193703e-03 1.47515093e-03 -1.06324730e-02 -5.49322926e-03 1.27199078e-02 5.88891283e-03
1.85016636e-02 -3.58588714e-03 9.06850677e-04 -4.51774243e-03 -7.42266607e-03 1.95131730e-03 -1.57899763e-02 4.05883752e-02 -2.55628373e-03 1.17158685e-02 -3.47141130e-03 2.13118503e-03 -1.52859921e-02 -7.90830143e-03 1.82762016e-02 8.45539849e-03
3.44989449e-02 -7.43122818e-03 6.21059258e-03 -9.78967547e-03 -1.86833497e-02 4.61423118e-03 -4.17322814e-02 1.06969751e-01 -7.25824432e-03 3.13871130e-02 -9.26834438e-03 5.72310109e-03 -4.15436737e-02 -2.14648228e-02 4.97468784e-02 2.30382383e-02
-7.37518296e-02 1.56288035e-02 -1.23529220e-02 2.32919306e-02 3.92241031e-02 -9.64541733e-03 8.56437162e-02 -2.19389915e-01 1.47853252e-02 -6.42251745e-02 1.89568698e-02 -1.17089227e-02 8.49408358e-02 4.38857265e-02 -1.01701908e-01 -4.70979959e-02
4.43583578e-02 -9.00243316e-03 6.31510373e-03 -1.15350867e-02 -2.17520930e-02 5.20934444e-03 -4.79165651e-02 1.22387663e-01 -8.27846304e-03 3.58745977e-02 -1.06063541e-02 6.54168474e-03 -4.74778078e-02 -2.45308802e-02 5.68518639e-02 2.63285097e-02
-1.27716362e-02 1.79481797e-03 -1.35862723e-03 2.05420679e-03 3.97552457e-03 -9.64633364e-04 8.76142643e-03 -2.23626439e-02 1.51668501e-03 -6.55935705e-03 1.93687924e-03 -1.19602180e-03 8.68383795e-03 4.48683184e-03 -1.03987511e-02 -4.81576147e-03
1.46474671e-02 -3.19799874e-03 2.50085932e-03 -4.20074258e-03 -7.67526776e-03 1.91212399e-03 -1.68818347e-02 4.31540646e-02 -2.91026337e-03 1.26592657e-02 -3.73890577e-03 2.30657309e-03 -1.67254657e-02 -8.64133518e-03 2.00245529e-02 9.27318633e-03
-1.67901795e-02 5.63330250e-03 -6.25101523e-03 7.63456617e-03 1.45769957e-02 -3.53296800e-03 3.26739699e-02 -8.38085786e-02 5.68998745e-03 -2.45944485e-02 7.26026157e-03 -4.48482716e-03 3.25601436e-02 1.68233477e-02 -3.89898419e-02 -1.80565342e-02
1.62229724e-02 -3.89158539e-03 3.60651081e-03 -5.53079695e-03 -1.00244991e-02 2.46925675e-03 -2.23846063e-02 5.73539026e-02 -3.88184213e-03 1.68017093e-02 -4.95677581e-03 3.06178653e-03 -2.22270265e-02 -1.14843212e-02 2.66154651e-02 1.23258103e-02
7.58777838e-04 -1.64781988e-04 1.09719498e-04 -2.36053616e-04 -4.33736452e-04 1.04602208e-04 -9.36115684e-04 2.39220448e-03 -1.61528646e-04 7.01737881e-04 -2.07384815e-04 1.27937790e-04 -9.27960675e-04 -4.79441398e-04 1.11106643e-03 5.14533080e-04
-2.67998385e-03 -3.40696162e-04 8.65364796e-04 -4.57036542e-04 -1.11151498e-03 2.63954949e-04 -2.60123308e-03 6.70968182e-03 -4.59441508e-04 1.97410025e-03 -5.82833658e-04 3.60244798e-04 -2.61646509e-03 -1.35192811e-03 3.13332560e-03 1.45108264e-03
6.32447191e-03 -1.33878842e-03 8.18927365e-04 -1.90031063e-03 -3.31654632e-03 8.27635988e-04 -7.08494522e-03 1.81120764e-02 -1.20293640e-03 5.29408688e-03 -1.57003105e-03 9.65238374e-04 -6.97568525e-03 -3.60360881e-03 8.34747031e-03 3.86514096e-03
-2.92170886e-02 5.59874531e-03 -3.32039059e-03 7.66534545e-03 1.32596809e-02 -3.22045223e-03 2.82485951e-02 -7.19618350e-02 4.78145387e-03 -2.09908951e-02 6.20058784e-03 -3.82602913e-03 2.76852027e-02 1.43041806e-02 -3.31401490e-02 -1.53456433e-02
1.42398998e-02 -2.52403668e-03 9.06679546e-04 -3.34476703e-03 -5.55880461e-03 1.46175397e-03 -1.16157569e-02 2.95954496e-02 -1.96029246e-03 8.63704458e-03 -2.56142230e-03 1.57157320e-03 -1.13611659e-02 -5.86940162e-03 1.35974437e-02 6.29634969e-03
-5.08722737e-02 1.04751233e-02 -8.77381396e-03 1.50359906e-02 2.73777042e-02 -6.64252369e-03 6.05636761e-02 -1.55198470e-01 1.05149951e-02 -4.55272608e-02 1.34404423e-02 -8.29995237e-03 6.02512211e-02 3.11305802e-02 -7.21475407e-02 -3.34120616e-02
2.92069297e-02 -5.39610023e-03 1.65928807e-03 -6.89241244e-03 -1.12699140e-02 2.93771410e-03 -2.38211770e-02 6.14990368e-02 -3.88692156e-03 1.77261010e-02 -5.26605640e-03 3.25165922e-03 -2.32563708e-02 -1.20375538e-02 2.77933013e-02 1.28633194e-02
-2.60729436e-02 5.09042200e-03 -3.23000620e-03 6.83567114e-03 1.23691121e-02 -3.15975491e-03 2.67705228e-02 -6.85141981e-02 4.55467496e-03 -1.99910700e-02 5.91918873e-03 -3.63917276e-03 2.63566449e-02 1.36177978e-02 -3.15504037e-02 -1.46097271e-02
-7.49766454e-02 1.47235692e-02 -6.99822232e-03 1.88206322e-02 3.25269513e-02 -8.49692617e-03 6.91840649e-02 -1.75821483e-01 1.15641719e-02 -5.16363308e-02 1.52303912e-02 -9.33799613e-03 6.74242526e-02 3.48370895e-02 -8.06844980e-02 -3.73513512e-02
-2.28025578e-02 6.36864733e-03 -7.36287236e-03 8.86684004e-03 1.68807134e-02 -4.09253733e-03 3.77686732e-02 -9.68051776e-02 6.58186013e-03 -2.84386724e-02 8.39366205e-03 -5.18554216e-03 3.76494974e-02 1.94530524e-02 -4.50846367e-02 -2.08791178e-02
1.28460657e-02 -2.96456367e-03 2.83868518e-03 -4.01952956e-03 -7.07202638e-03 1.73922582e-03 -1.57425422e-02 4.03189138e-02 -2.73849210e-03 1.18455375e-02 -3.49620101e-03 2.15946650e-03 -1.56765580e-02 -8.09984840e-03 1.87721010e-02 8.69350880e-03
2.17503700e-02 -7.16734678e-03 7.85883702e-03 -9.60666034e-03 -1.87241379e-02 4.51504951e-03 -4.20466624e-02 1.07771382e-01 -7.33110681e-03 3.16642150e-02 -9.34636500e-03 5.77434991e-03 -4.19260524e-02 -2.16627177e-02 5.02059199e-02 2.32508462e-02
-1.59248784e-02 2.43289443e-03 -1.97949866e-03 3.05744470e-03 5.90345683e-03 -1.42548501e-03 1.31614842e-02 -3.36890295e-02 2.28906656e-03 -9.89336427e-03 2.92024412e-03 -1.80404098e-03 1.30983582e-02 6.76775910e-03 -1.56850591e-02 -7.26389838e-03
-1.02017354e-02 1.87296676e-03 -3.42436950e-04 2.63561821e-03 4.11748700e-03 -1.10876083e-03 8.55679903e-03 -2.17071213e-02 1.39904581e-03 -6.36329735e-03 1.90426467e-03 -1.15995342e-03 8.31345282e-03 4.29403502e-03 -9.93668381e-03 -4.59895376e-03
1.53855607e-02 -2.86650914e-03 1.85479957e-03 -3.84015497e-03 -6.71731774e-03 1.69475505e-03 -1.48339504e-02 3.79483327e-02 -2.55130790e-03 1.11113088e-02 -3.28552537e-03 2.02514860e-03 -1.46861430e-02 -7.58768339e-03 1.75833832e-02 8.14276841e-03
7.03539001e-03 -9.39051446e-04 -2.65555514e-04 -1.39293983e-03 -2.07790686e-03 5.46497933e-04 -4.13878961e-03 1.05371298e-02 -6.75990887e-04 3.05595296e-03 -9.12911200e-04 5.56137413e-04 -3.99530493e-03 -2.06346693e-03 4.77719912e-03 2.21163430e-03
3.05028781e-02 -5.32765780e-03 5.34191728e-03 -7.80011946e-03 -1.37797156e-02 3.35769728e-03 -3.03150509e-02 7.76156783e-02 -5.25059551e-03 2.27561649e-02 -6.71837479e-03 4.14825184e-03 -3.01036350e-02 -1.55541757e-02 3.60471308e-02 1.66935958e-02
-7.73276784e-04 -5.39568719e-04 1.31888164e-03 -1.03067304e-03 -2.20580236e-03 5.08792466e-04 -5.09683462e-03 1.30396485e-02 -9.05592169e-04 3.85368103e-03 -1.12970336e-03 7.02608086e-04 -5.12492098e-03 -2.64805509e-03 6.14031078e-03 2.84414180e-03
7.29227113e-03 -1.21589925e-03 8.19310721e-04 -1.87021785e-03 -3.09748668e-03 7.69985025e-04 -6.73932536e-03 1.72335599e-02 -1.15529285e-03 5.04669221e-03 -1.49220077e-03 9.19554790e-04 -6.66066585e-03 -3.44117731e-03 7.97352288e-03 3.69237666e-03
-1.45127941e-02 3.16340895e-03 -2.32569035e-03 4.18616133e-03 7.52459699e-03 -1.80442061e-03 1.63576845e-02 -4.18211892e-02 2.82057142e-03 -1.22597385e-02 3.62156262e-03 -2.23458908e-03 1.62077993e-02 8.37402139e-03 -1.94060709e-02 -8.98689963e-03
-7.29623251e-03 1.37365074e-03 -6.16192177e-04 1.61598204e-03 2.98082922e-03 -7.30319356e-04 6.51920354e-03 -1.66504961e-02 1.12208654e-03 -4.87435888e-03 1.44206092e-03 -8.88736104e-04 6.44877460e-03 3.33189522e-03 -7.72175519e-03 -3.57598416e-03
1.04732364e-02 -3.24552064e-03 3.67995840e-03 -4.04745946e-03 -7.91744515e-03 1.90757879e-03 -1.78328995e-02 4.57216054e-02 -3.11111799e-03 1.34358117e-02 -3.96587234e-03 2.45023961e-03 -1.77907664e-02 -9.19229444e-03 2.13042405e-02 9.86620132e-03
5.08453697e-03 -1.03556423e-03 4.07250249e-04 -1.30645069e-03 -2.26660632e-03 5.68826450e-04 -4.86881612e-03 1.24159316e-02 -8.26740579e-04 3.63261974e-03 -1.07604486e-03 6.61831000e-04 -4.78795776e-03 -2.47354433e-03 5.73062943e-03 2.65359413e-03
5.59639931e-03 -2.23475741e-03 2.05018814e-03 -2.54811929e-03 -4.93730931e-03 1.20012148e-03 -1.10405330e-02 2.82818675e-02 -1.92023593e-03 8.30615219e-03 -2.45315093e-03 1.51452702e-03 -1.09940376e-02 -5.68040507e-03 1.31647764e-02 6.09671883e-03
1.53424162e-02 -2.49621924e-03 6.38792524e-04 -3.50764953e-03 -6.07819064e-03 1.59134576e-03 -1.29725412e-02 3.30750793e-02 -2.18421570e-03 9.64623783e-03 -2.85936496e-03 1.75988860e-03 -1.27074290e-02 -6.56446302e-03 1.52051030e-02 7.04043033e-03
-3.63507122e-02 8.93759076e-03 -8.12215824e-03 1.22390362e-02 2.24880967e-02 -5.48045198e-03 4.98844720e-02 -1.27596661e-01 8.63135606e-03 -3.73940989e-02 1.10463146e-02 -6.81712292e-03 4.94701453e-02 2.55599096e-02 -5.92355803e-02 -2.74322629e-02
8.36962834e-03 -1.53333112e-03 8.25120718e-04 -2.35496135e-03 -4.04041493e-03 1.03417458e-03 -8.67763814e-03 2.21159738e-02 -1.47746818e-03 6.47604605e-03 -1.91751332e-03 1.17965695e-03 -8.53840355e-03 -4.41107107e-03 1.02200946e-02 4.73258784e-03
-8.92870501e-03 1.70576398e-03 -8.77643179e-04 2.37767096e-03 4.16640611e-03 -1.03703281e-03 8.77403095e-03 -2.24336311e-02 1.48291630e-03 -6.52594352e-03 1.93804421e-03 -1.18941511e-03 8.60290322e-03 4.44347691e-03 -1.02940938e-02 -4.76663932e-03
1.23761529e-02 -3.09033738e-03 2.46191886e-03 -3.90249980e-03 -7.19372090e-03 1.75268378e-03 -1.59572009e-02 4.08141948e-02 -2.76343105e-03 1.19733084e-02 -3.53714800e-03 2.18239427e-03 -1.58374421e-02 -8.18273146e-03 1.89636461e-02 8.78211856e-03
1.60680320e-02 -3.08503094e-03 2.41122209e-03 -3.72549752e-03 -6.66820398e-03 1.64864585e-03 -1.48876673e-02 3.81140858e-02 -2.58652074e-03 1.11932335e-02 -3.30676977e-03 2.04130309e-03 -1.48131279e-02 -7.65339797e-03 1.77371800e-02 8.21421016e-03
2.30696006e-03 -5.45756135e-04 1.42039091e-04 -4.07677027e-04 -6.49410998e-04 1.49447456e-04 -1.35873072e-03 3.46631790e-03 -2.31667247e-04 1.01560971e-03 -3.01337539e-04 1.85317593e-04 -1.33794011e-03 -6.91239606e-04 1.60089938e-03 7.41218973e-04
-4.97943605e-04 -2.44283328e-05 1.63027347e-04 1.31255758e-04 1.69100938e-04 -5.63437679e-05 2.83019268e-04 -6.76864991e-04 3.38299214e-05 -1.93777698e-04 6.16212928e-05 -3.54871663e-05 2.38128749e-04 1.22868572e-04 -2.82157183e-04 -1.30286222e-04
-2.37479359e-02 4.96387482e-03 -1.12752593e-03 6.46205433e-03 1.12674627e-02 -2.85303476e-03 2.43534930e-02 -6.21239617e-02 4.13395744e-03 -1.82089061e-02 5.39208064e-03 -3.32067907e-03 2.39963308e-02 1.23947076e-02 -2.87141521e-02 -1.32952752e-02
-2.65911780e-02 4.38416237e-03 -2.71269120e-03 5.57740079e-03 9.91153717e-03 -2.39036744e-03 2.13790722e-02 -5.46499901e-02 3.68796452e-03 -1.60475168e-02 4.74009663e-03 -2.92418338e-03 2.12055780e-02 1.09561048e-02 -2.53893752e-02 -1.17577063e-02
-9.96129364e-02 1.79078877e-02 -1.12368558e-02 2.31305454e-02 4.04403731e-02 -1.01087531e-02 8.80827755e-02 -2.24370599e-01 1.50118694e-02 -6.56734183e-02 1.94427725e-02 -1.19600110e-02 8.66307467e-02 4.47594114e-02 -1.03707463e-01 -4.80244271e-02
-2.01425273e-02 3.95684177e-03 -3.42588965e-03 5.38563775e-03 1.01610012e-02 -2.46001524e-03 2.22752616e-02 -5.69559075e-02 3.85718769e-03 -1.66899748e-02 4.92761610e-03 -3.04289209e-03 2.20895745e-02 1.14133181e-02 -2.64514163e-02 -1.22498712e-02
1.45954527e-02 -2.34372914e-03 3.21743195e-04 -2.91662081e-03 -5.02386177e-03 1.28826150e-03 -1.04832575e-02 2.65993979e-02 -1.73243950e-03 7.78806116e-03 -2.31924304e-03 1.42308651e-03 -1.02245510e-02 -5.28165977e-03 1.22269886e-02 5.66022145e-03
-8.32755677e-03 1.93413603e-03 -1.11005013e-03 2.49601086e-03 4.30035032e-03 -1.08683971e-03 9.13709402e-03 -2.34146789e-02 1.53773499e-03 -6.84570568e-03 2.03023199e-03 -1.25145994e-03 9.00060404e-03 4.65038326e-03 -1.07652992e-02 -4.98340139e-03
2.33633332e-02 -3.93502368e-03 2.41272897e-03 -5.54313185e-03 -9.17110126e-03 2.32714508e-03 -1.99507475e-02 5.10667078e-02 -3.42867314e-03 1.49636930e-02 -4.42983862e-03 2.72621214e-03 -1.97457988e-02 -1.02018742e-02 2.36375127e-02 1.09459274e-02
-3.50868590e-02 8.41015764e-03 -7.12975627e-03 1.11006536e-02 2.13519838e-02 -5.14670182e-03 4.71670851e-02 -1.20817006e-01 8.19865894e-03 -3.54576670e-02 1.04686040e-02 -6.46512257e-03 4.69343364e-02 2.42501907e-02 -5.62020466e-02 -2.60276422e-02
1.06257871e-02 -2.11628107e-03 8.80214269e-04 -2.81102513e-03 -4.77280281e-03 1.22645288e-03 -1.02771968e-02 2.62469109e-02 -1.73156604e-03 7.67299207e-03 -2.27622758e-03 1.39898865e-03 -1.00947227e-02 -5.21487975e-03 1.20775923e-02 5.59203839e-03
2.19917037e-02 -3.99661250e-03 2.17998750e-03 -5.74945286e-03 -9.81947128e-03 2.44981330e-03 -2.11852677e-02 5.41024171e-02 -3.61899752e-03 1.58714410e-02 -4.69837571e-03 2.89351027e-03 -2.09358986e-02 -1.08163664e-02 2.50588879e-02 1.16036609e-02
-2.15200000e-02 3.77827277e-03 -2.95350188e-03 5.22169005e-03 8.89189262e-03 -2.18372769e-03 1.93619076e-02 -4.94916514e-02 3.32265464e-03 -1.44650573e-02 4.27304395e-03 -2.63569178e-03 1.91108603e-02 9.87387169e-03 -2.28806976e-02 -1.05958516e-02
1.58080235e-02 -2.89532030e-03 8.64494592e-04 -3.89766530e-03 -6.60140393e-03 1.69691793e-03 -1.41072767e-02 3.58526297e-02 -2.37733009e-03 1.04520777e-02 -3.08968010e-03 1.90345850e-03 -1.37817366e-02 -7.11986143e-03 1.64968763e-02 7.63918646e-03
-1.47162634e-03 1.67069351e-03 -2.55134888e-03 1.80255855e-03 3.94652551e-03 -9.04746470e-04 9.16962512e-03 -2.35904809e-02 1.61950861e-03 -6.93388656e-03 2.04556878e-03 -1.26498297e-03 9.19899158e-03 4.75339685e-03 -1.10180136e-02 -5.10275271e-03
9.63801146e-03 -1.96767109e-03 1.45539083e-03 -2.69520539e-03 -4.91018314e-03 1.19434914e-03 -1.07298158e-02 2.74552200e-02 -1.85231306e-03 8.04650504e-03 -2.37649563e-03 1.46645471e-03 -1.06364209e-02 -5.49545372e-03 1.27350530e-02 5.89755643e-03
-1.04797035e-02 2.77634733e-03 -2.64901249e-03 3.46634001e-03 6.54323818e-03 -1.58239144e-03 1.46407941e-02 -3.74860428e-02 2.54828553e-03 -1.10111879e-02 3.25029809e-03 -2.00789538e-03 1.45780146e-02 7.53225992e-03 -1.74568743e-02 -8.08444247e-03
-1.44041684e-02 2.98376498e-03 -2.72531295e-03 4.03640093e-03 7.47667206e-03 -1.83146959e-03 1.65821332e-02 -4.24480997e-02 2.87907710e-03 -1.24668917e-02 3.68205365e-03 -2.27268110e-03 1.64951906e-02 8.52268282e-03 -1.97517313e-02 -9.14714299e-03
-1.37877464e-02 3.28210299e-03 -1.36649748e-03 4.12881095e-03 7.04248669e-03 -1.77478441e-03 1.49839837e-02 -3.82419862e-02 2.52956338e-03 -1.11634526e-02 3.34064802e-03 -2.03559990e-03 1.46817183e-02 7.58515252e-03 -1.75639279e-02 -8.13137554e-03
-1.58968673e-03 6.09370181e-04 -6.03619555e-04 1.31483458e-03 2.31289584e-03 -6.21308456e-04 4.94084926e-03 -1.26308305e-02 8.11971258e-04 -3.66400764e-03 1.09123765e-03 -6.69467263e-04 4.80371201e-03 2.48249806e-03 -5.74412569e-03 -2.65872665e-03
2.14859042e-02 -4.11808025e-03 2.04826891e-03 -5.13462769e-03 -8.98007024e-03 2.26683286e-03 -1.94968209e-02 4.97027971e-02 -3.32012377e-03 1.45710651e-02 -4.33003623e-03 2.65808287e-03 -1.92191284e-02 -9.92875826e-03 2.30009127e-02 1.06504923e-02
-2.89651914e-03 4.84146236e-04 -5.17298467e-05 7.34845118e-04 1.22492702e-03 -3.20286112e-04 2.54217698e-03 -6.47010840e-03 4.22272278e-04 -1.89095433e-03 5.64582238e-04 -3.44887114e-04 2.48100515e-03 1.28174073e-03 -2.96771992e-03 -1.37397193e-03
-1.73154101e-02 2.35013291e-03 1.89857325e-04 3.27199767e-03 5.16941864e-03 -1.40470988e-03 1.06548816e-02 -2.70301234e-02 1.78334117e-03 -7.90198427e-03 2.34518666e-03 -1.44008640e-03 1.04024792e-02 5.37424209e-03 -1.24490391e-02 -5.76428231e-03
-3.14565226e-02 5.55100432e-03 -3.03196488e-03 7.36152660e-03 1.29106678e-02 -3.25152464e-03 2.82177720e-02 -7.20217898e-02 4.81006876e-03 -2.10844651e-02 6.25245040e-03 -3.84708378e-03 2.78272685e-02 1.43758617e-02 -3.33065279e-02 -1.54229281e-02
4.41197529e-02 -7.50154443e-03 3.56202340e-03 -9.75158159e-03 -1.77682340e-02 4.36908333e-03 -3.87401432e-02 9.90397483e-02 -6.62947306e-03 2.89027076e-02 -8.53913371e-03 5.27341291e-03 -3.82324457e-02 -1.97529029e-02 4.57739830e-02 2.11976878e-02
2.10012775e-02 -4.04990278e-03 2.53992295e-03 -5.01490664e-03 -9.43705905e-03 2.29421607e-03 -2.09456123e-02 5.35851233e-02 -3.63566238e-03 1.57287139e-02 -4.64399625e-03 2.86787050e-03 -2.08161920e-02 -1.07554197e-02 2.49267817e-02 1.15438122e-02
-2.04962469e-03 2.36760912e-04 1.21334757e-04 4.63276774e-05 -4.05364881e-06 5.54411145e-07 -5.22150258e-05 1.43077617e-04 -1.15456287e-05 4.41578886e-05 -1.27331605e-05 8.13208135e-06 -6.05598834e-05 -3.13245291e-05 7.27622464e-05 3.37188394e-05
9.75290686e-03 -2.58108648e-03 6.35280740e-04 -3.60226585e-03 -5.57481218e-03 1.57066993e-03 -1.16230780e-02 2.98657957e-02 -1.83948630e-03 8.63702409e-03 -2.58858688e-03 1.57563924e-03 -1.11894859e-02 -5.78405010e-03 1.33628044e-02 6.17746077e-03
-5.68448864e-02 9.96016059e-03 1.57374656e-03 1.43671073e-02 1.91934817e-02 -4.91541438e-03 3.84854712e-02 -9.62097645e-02 5.96573437e-03 -2.82492805e-02 8.70245881e-03 -5.27930539e-03 3.65434885e-02 1.89575981e-02 -4.36641090e-02 -2.01758109e-02
-2.92173140e-02 6.66194083e-03 -6.26954716e-03 9.15629230e-03 1.65782832e-02 -4.01331391e-03 3.66384611e-02 -9.38669518e-02 6.35491638e-03 -2.75478419e-02 8.13380536e-03 -5.02335653e-03 3.64510007e-02 1.88333374e-02 -4.36462946e-02 -2.02127490e-02
5.19228540e-03 -8.88363924e-04 4.99416084e-04 -1.26776379e-03 -2.19827401e-03 5.67744835e-04 -4.64849593e-03 1.19764935e-02 -7.89080688e-04 3.45786428e-03 -1.02350197e-03 6.29422721e-04 -4.55525005e-03 -2.35327682e-03 5.45227388e-03 2.52477289e-03
-1.65074039e-02 3.13207088e-03 -2.26940284e-03 4.38091811e-03 7.93572702e-03 -1.96642778e-03 1.75058860e-02 -4.47504148e-02 3.02687637e-03 -1.31312916e-02 3.88021115e-03 -2.39379797e-03 1.73687562e-02 8.97395890e-03 -2.07971632e-02 -9.63123888e-03
-4.32362854e-02 8.48412700e-03 -6.07261993e-03 1.12770153e-02 2.02977620e-02 -4.95232688e-03 4.49564084e-02 -1.15163170e-01 7.78163318e-03 -3.37720066e-02 9.98078659e-03 -6.15820009e-03 4.46729250e-02 2.30812579e-02 -5.34895882e-02 -2.47710161e-02
8.18411447e-03 -1.71596650e-03 5.50627592e-04 -2.37308443e-03 -3.94359278e-03 1.03118434e-03 -8.45352653e-03 2.15375014e-02 -1.39814022e-03 6.29270123e-03 -1.88549107e-03 1.15331414e-03 -8.25568475e-03 -4.26392397e-03 9.86563228e-03 4.56628995e-03
-9.76709090e-03 2.19328748e-03 -1.92049646e-03 2.94675003e-03 5.44559024e-03 -1.33063481e-03 1.21190846e-02 -3.10348310e-02 2.10184767e-03 -9.10162833e-03 2.68813339e-03 -1.65942614e-03 1.20437518e-02 6.22274354e-03 -1.44215049e-02 -6.67868415e-03
8.61183368e-03 -1.63461268e-03 1.42949610e-03 -2.25080899e-03 -4.22732905e-03 1.02876977e-03 -9.36939288e-03 2.39913948e-02 -1.62936142e-03 7.04638101e-03 -2.07997183e-03 1.28474692e-03 -9.32762492e-03 -4.81945183e-03 1.11695901e-02 5.17273834e-03
-4.05616034e-03 3.61870998e-03 -4.89465985e-03 4.93972702e-03 9.78069287e-03 -2.34066090e-03 2.21015215e-02 -5.66811003e-02 3.85748618e-03 -1.66549534e-02 4.91586886e-03 -3.03752138e-03 2.20555123e-02 1.13958577e-02 -2.64112968e-02 -1.22313341e-02
-1.09807421e-02 2.44380999e-03 -2.07782001e-03 3.62859410e-03 6.57837978e-03 -1.64099410e-03 1.43705690e-02 -3.68035771e-02 2.48538353e-03 -1.08056776e-02 3.18993139e-03 -1.96849555e-03 1.42793050e-02 7.37787876e-03 -1.70972683e-02 -7.91765749e-03
-1.53539721e-02 2.63702148e-03 -2.01478088e-03 4.29457705e-03 6.58340612e-03 -1.59421563e-03 1.45036560e-02 -3.71585004e-02 2.51081260e-03 -1.08904969e-02 3.21499398e-03 -1.98556134e-03 1.44087467e-02 7.44468626e-03 -1.72533691e-02 -7.99013022e-03
-2.30085962e-02 3.87343904e-03 -1.62298838e-03 4.86738654e-03 8.15122016e-03 -1.97085156e-03 1.76858101e-02 -4.49124426e-02 3.02039017e-03 -1.31522054e-02 3.88403703e-03 -2.39746575e-03 1.74001530e-02 8.99004005e-03 -2.08347421e-02 -9.64866672e-03
-2.19794437e-02 4.68457304e-03 -4.35743062e-03 6.72804844e-03 1.19772395e-02 -2.87134177e-03 2.65322421e-02 -6.79398105e-02 4.61631222e-03 -1.99581999e-02 5.89235639e-03 -3.63938487e-03 2.64212340e-02 1.36514492e-02 -3.16385254e-02 -1.46520752e-02
-1.40108727e-02 2.80428305e-03 -2.10015848e-03 3.79340257e-03 6.72923075e-03 -1.66816241e-03 1.47170946e-02 -3.76810804e-02 2.53988570e-03 -1.10288952e-02 3.25565715e-03 -2.00779317e-03 1.45672448e-02 7.52631389e-03 -1.74418949e-02 -8.07737280e-03
3.90928797e-03 -1.22781750e-03 1.31063117e-03 -1.83520408e-03 -3.46760522e-03 8.50670447e-04 -7.73737393e-03 1.98068153e-02 -1.34272967e-03 5.81333041e-03 -1.71646883e-03 1.05989235e-03 -7.69264344e-03 -3.97461886e-03 9.21136420e-03 4.26583365e-03
-3.22996564e-02 6.16137497e-03 -2.64828536e-03 8.09624977e-03 1.38910497e-02 -3.39261512e-03 2.97872256e-02 -7.60520473e-02 5.10731060e-03 -2.23201774e-02 6.59936853e-03 -4.06725612e-03 2.94674672e-02 1.52244680e-02 -3.52767855e-02 -1.63358878e-02
1.50919594e-02 -3.20342206e-03 2.42307293e-03 -3.88744776e-03 -7.37533905e-03 1.80060836e-03 -1.63560659e-02 4.19417284e-02 -2.84390082e-03 1.22963367e-02 -3.63028189e-03 2.24207831e-03 -1.62770189e-02 -8.41011573e-03 1.94912553e-02 9.02657025e-03
5.42343222e-03 -6.11389929e-04 1.07957574e-04 -1.45078858e-03 -1.78159261e-03 4.78667731e-04 -3.70688876e-03 9.41619556e-03 -6.21495303e-04 2.75255158e-03 -8.10281897e-04 4.99807822e-04 -3.61621100e-03 -1.86829513e-03 4.32842690e-03 2.00430793e-03
2.00065468e-02 -4.67519090e-03 3.82492226e-03 -6.18540728e-03 -1.09788496e-02 2.70837452e-03 -2.43888646e-02 6.22666888e-02 -4.21312917e-03 1.82813331e-02 -5.40092587e-03 3.33223050e-03 -2.41777636e-02 -1.24920709e-02 2.89503075e-02 1.34069677e-02
8.75594467e-03 -2.83283903e-03 3.29107861e-03 -3.88806430e-03 -7.51634175e-03 1.81620801e-03 -1.68715473e-02 4.32437696e-02 -2.94139306e-03 1.27054304e-02 -3.75027885e-03 2.31696013e-03 -1.68226641e-02 -8.69207550e-03 2.01449040e-02 9.32929851e-03
-1.03849899e-02 3.08047421e-03 -3.34383710e-03 4.21688845e-03 8.08926858e-03 -1.96680590e-03 1.79906785e-02 -4.60928455e-02 3.12904594e-03 -1.35301705e-02 3.99450678e-03 -2.46693590e-03 1.79093331e-02 9.25348327e-03 -2.14457642e-02 -9.93170403e-03
4.09346540e-03 -7.24153244e-04 2.32181745e-04 -1.13347510e-03 -1.88193726e-03 4.91315965e-04 -3.84793803e-03 9.85890254e-03 -6.15621451e-04 2.85904086e-03 -8.53050442e-04 5.23729192e-04 -3.71993915e-03 -1.92104559e-03 4.43720585e-03 2.05274974e-03
-3.41824926e-02 6.37836615e-03 -3.71963577e-03 8.53009522e-03 1.43612120e-02 -3.58753675e-03 3.11830938e-02 -7.98345208e-02 5.37274964e-03 -2.33366378e-02 6.89654285e-03 -4.25322866e-03 3.08489632e-02 1.59385670e-02 -3.69368307e-02 -1.71054602e-02
-1.18689630e-02 2.05404358e-03 -1.04902335e-03 3.02607566e-03 5.02718752e-03 -1.22544088e-03 1.08702574e-02 -2.77712010e-02 1.85549259e-03 -8.12648889e-03 2.40676641e-03 -1.48143386e-03 1.07271066e-02 5.54199517e-03 -1.28408149e-02 -5.94619708e-03
-2.60300701e-03 4.22411569e-04 -1.09839079e-04 6.98994379e-04 1.11842714e-03 -2.86329188e-04 2.34368234e-03 -5.97117702e-03 3.96837946e-04 -1.74747070e-03 5.17607550e-04 -3.18248320e-04 2.30256189e-03 1.18953025e-03 -2.75603589e-03 -1.27623091e-03
1.49833914e-02 -4.21415223e-03 4.40752227e-03 -5.95673639e-03 -1.12185888e-02 2.72004865e-03 -2.50703916e-02 6.42644465e-02 -4.36398061e-03 1.88679751e-02 -5.56976534e-03 3.44031746e-03 -2.49763876e-02 -1.29049271e-02 2.99084187e-02 1.38508454e-02
-2.91083148e-03 5.30527730e-04 -9.75746952e-05 7.16272392e-04 1.05808617e-03 -2.80140084e-04 2.19724374e-03 -5.58363367e-03 3.66698543e-04 -1.63114630e-03 4.83804819e-04 -2.96769809e-04 2.14000721e-03 1.10551296e-03 -2.56017176e-03 -1.18537270e-03
-3.78722101e-02 6.95289485e-03 -4.08947654e-03 9.61927976e-03 1.65632945e-02 -4.11651190e-03 3.62512879e-02 -9.28097218e-02 6.23081066e-03 -2.72075683e-02 8.04816000e-03 -4.95845778e-03 3.59222591e-02 1.85595881e-02 -4.30049784e-02 -1.99147481e-02
2.58883070e-02 -5.00170561e-03 3.11398925e-03 -6.20220788e-03 -1.15757808e-02 2.87024281e-03 -2.51066275e-02 6.43190444e-02 -4.33283206e-03 1.88176669e-02 -5.56010520e-03 3.42938257e-03 -2.48770248e-02 -1.28530692e-02 2.97864154e-02 1.37941036e-02
5.91698475e-03 -7.18209951e-04 -1.50615058e-04 -1.24425814e-03 -1.99971208e-03 4.75928071e-04 -4.08060569e-03 1.03823543e-02 -6.93621347e-04 3.03485966e-03 -8.97683727e-04 5.53285179e-04 -4.00940655e-03 -2.07136804e-03 4.80000302e-03 2.22283811e-03
-1.18812788e-02 2.93014734e-03 -2.15766393e-03 3.66532337e-03 6.63083559e-03 -1.60795765e-03 1.46328183e-02 -3.74132954e-02 2.52366741e-03 -1.09545505e-02 3.23535642e-03 -1.99776748e-03 1.44942282e-02 7.48876669e-03 -1.73551198e-02 -8.03721789e-03
1.72449872e-02 -4.29864554e-03 4.07976098e-03 -5.66909090e-03 -1.03297774e-02 2.51509459e-03 -2.27269214e-02 5.82032129e-02 -3.94363701e-03 1.70806963e-02 -5.04188472e-03 3.11287120e-03 -2.25901455e-02 -1.16719147e-02 2.70500593e-02 1.25270104e-02
