-2.80065313e-02 8.05547982e-02 5.20164482e-02 3.04822382e-02 -1.37191201e-02 2.23866869e-02 -4.54630777e-02 8.77390578e-02 -6.05775137e-03 -1.63248591e-02 -5.75865656e-02 -1.81533694e-02 -5.24806194e-02 -4.33545094e-03 -2.57975329e-02 -2.44588368e-02
-1.92716792e-02 -6.88817352e-04 1.26461079e-02 1.02133527e-02 -3.36686010e-03 7.21647451e-03 -1.36476662e-02 2.82345768e-02 -1.78843341e-03 -5.40840905e-03 -1.90779138e-02 -6.02255994e-03 -1.74188446e-02 -1.44405290e-03 -8.56157392e-03 -8.12103320e-03
-1.09594706e-02 1.67657640e-02 1.44696124e-02 9.14747640e-03 -3.64295673e-03 6.56287838e-03 -1.28697902e-02 2.56525818e-02 -1.69408182e-03 -4.87550395e-03 -1.71886533e-02 -5.42339031e-03 -1.56839583e-02 -1.29985949e-03 -7.70809921e-03 -7.31097581e-03
2.58365832e-02 -8.83622915e-02 -5.40858023e-02 -3.10380682e-02 1.42324883e-02 -2.28843242e-02 4.64641824e-02 -8.96382704e-02 6.11410104e-03 1.66360121e-02 5.86827062e-02 1.84969231e-02 5.34767546e-02 4.41826554e-03 2.62865722e-02 2.49229148e-02
9.46997665e-04 2.41087861e-02 9.16820019e-03 3.96292144e-03 -2.67962227e-03 3.21816560e-03 -6.58531440e-03 1.23663386e-02 -8.75819009e-04 -2.16506328e-03 -7.61482958e-03 -2.39936658e-03 -6.93416037e-03 -5.70127449e-04 -3.40964459e-03 -3.23084462e-03
-1.05243195e-02 2.40086783e-02 1.65375285e-02 1.00984294e-02 -4.38350998e-03 7.37806410e-03 -1.48203047e-02 2.89083086e-02 -1.96390552e-03 -5.39921364e-03 -1.90430302e-02 -6.00438891e-03 -1.73603259e-02 -1.43499998e-03 -8.53346754e-03 -8.09128489e-03
2.49275714e-02 -1.06137887e-01 -5.91594800e-02 -3.19773741e-02 1.71355717e-02 -2.44656596e-02 5.08083105e-02 -9.48998630e-02 7.01361522e-03 1.72624048e-02 6.09748997e-02 1.91711951e-02 5.53868189e-02 4.53217747e-03 2.72779204e-02 2.58205514e-02
4.84450441e-03 -1.98273994e-02 -1.15650957e-02 -6.35047397e-03 3.12295626e-03 -4.75197891e-03 9.81955417e-03 -1.85847860e-02 1.31947757e-03 3.42519674e-03 1.20859388e-02 3.80685343e-03 1.10028088e-02 9.05812369e-04 5.41050918e-03 5.12748258e-03
-1.77000090e-02 3.35706137e-02 2.34072581e-02 1.48698883e-02 -6.39274111e-03 1.08492654e-02 -2.17295494e-02 4.24704328e-02 -2.87857163e-03 -7.94278830e-03 -2.80161723e-02 -8.83383024e-03 -2.55414043e-02 -2.11152527e-03 -1.25548411e-02 -1.19044678e-02
-3.71506922e-02 1.14633702e-01 7.02099055e-02 4.04451303e-02 -1.89335458e-02 2.98580658e-02 -6.13642707e-02 1.18473411e-01 -8.02729931e-03 -2.16601901e-02 -7.64095187e-02 -2.40871981e-02 -6.96348250e-02 -5.75112458e-03 -3.42299081e-02 -3.24524567e-02
-2.62999162e-02 8.02853405e-02 4.91725467e-02 2.89281476e-02 -1.33006591e-02 2.13084668e-02 -4.31754850e-02 8.36341977e-02 -5.70002198e-03 -1.54994130e-02 -5.46701699e-02 -1.72330607e-02 -4.98225130e-02 -4.11574403e-03 -2.44904831e-02 -2.32197791e-02
-2.93192398e-02 8.64001736e-02 5.55263050e-02 3.27541754e-02 -1.45850871e-02 2.39818729e-02 -4.84247655e-02 9.40348580e-02 -6.40445016e-03 -1.75310615e-02 -6.18351176e-02 -1.94961410e-02 -5.63664250e-02 -4.65850392e-03 -2.77070533e-02 -2.62707919e-02
1.72504503e-02 -6.82638064e-02 -3.93625982e-02 -2.21563596e-02 1.05340015e-02 -1.63928960e-02 3.33231166e-02 -6.40138313e-02 4.43480164e-03 1.18801175e-02 4.19093780e-02 1.32092079e-02 3.81835513e-02 3.15238954e-03 1.87698919e-02 1.77946072e-02
2.65934989e-02 -8.92460421e-02 -5.48792407e-02 -3.14965919e-02 1.46181984e-02 -2.32218280e-02 4.72793467e-02 -9.11640227e-02 6.30253740e-03 1.68743618e-02 5.95211349e-02 1.87650658e-02 5.42494133e-02 4.48099757e-03 2.66672466e-02 2.52828971e-02
2.21138746e-01 -6.65730715e-01 -4.17174011e-01 -2.43310288e-01 1.07393153e-01 -1.78450987e-01 3.60354066e-01 -6.98713005e-01 4.78133261e-02 1.30206868e-01 4.59241897e-01 1.44801721e-01 4.18655425e-01 3.46070379e-02 2.05787420e-01 1.95124134e-01
-3.52730080e-02 1.21147566e-01 7.04031140e-02 4.19542938e-02 -1.84731148e-02 3.07476278e-02 -6.19787425e-02 1.20196067e-01 -8.17075558e-03 -2.24456638e-02 -7.91624710e-02 -2.49610618e-02 -7.21676201e-02 -5.96601702e-03 -3.54737900e-02 -3.36360894e-02
-4.68567759e-02 1.30047619e-01 8.21171999e-02 4.91426326e-02 -2.19407659e-02 3.60795110e-02 -7.28178471e-02 1.41606688e-01 -9.58428252e-03 -2.63085794e-02 -9.27882716e-02 -2.92561240e-02 -8.45868662e-02 -6.99217198e-03 -4.15781848e-02 -3.94238457e-02
5.29571623e-03 1.14034470e-02 2.27810582e-03 -8.95639678e-05 -7.85993354e-04 1.40956836e-04 -9.53590847e-04 9.41174803e-04 -1.79110037e-04 5.47699165e-06 7.27729275e-06 9.13926851e-06 3.20740073e-05 1.05693489e-05 1.14755640e-05 1.60245982e-05
1.10235177e-02 -4.18230295e-02 -2.43248232e-02 -1.41147738e-02 6.40338054e-03 -1.03789205e-02 2.10809186e-02 -4.06575501e-02 2.77147582e-03 7.56068947e-03 2.66663898e-02 8.40722490e-03 2.43068617e-02 2.00904906e-03 1.19478377e-02 1.13286283e-02
1.51402533e-01 -2.83351272e-01 -2.09970102e-01 -1.29957616e-01 5.54712564e-02 -9.46037918e-02 1.89791501e-01 -3.71173233e-01 2.51696706e-02 6.94468990e-02 2.44934738e-01 7.72337839e-02 2.23308742e-01 1.84615664e-02 1.09767050e-01 1.04081109e-01
2.11313181e-03 -1.89803317e-02 -1.01173678e-02 -5.22008678e-03 2.69125216e-03 -3.93884536e-03 8.32625944e-03 -1.56632494e-02 1.08443992e-03 2.81086331e-03 9.92102548e-03 3.12477397e-03 9.03038029e-03 7.44179182e-04 4.43942100e-03 4.20773262e-03
1.28884278e-02 -2.44357467e-01 -1.05507232e-01 -5.48918359e-02 2.85311248e-02 -4.14436199e-02 8.64958167e-02 -1.61394313e-01 1.11471405e-02 2.95988638e-02 1.04435965e-01 3.29095833e-02 9.51253697e-02 7.84953125e-03 4.67609502e-02 4.43286337e-02
1.19803688e-02 -3.82324979e-02 -2.38128360e-02 -1.40268262e-02 6.37019146e-03 -1.03315935e-02 2.11123936e-02 -4.06152196e-02 2.79145315e-03 7.52066448e-03 2.65313853e-02 8.36239662e-03 2.41745897e-02 1.99478376e-03 1.18852425e-02 1.12671610e-02
-3.62350121e-02 6.32784963e-02 4.90496308e-02 3.07802483e-02 -1.29195508e-02 2.22917162e-02 -4.45794351e-02 8.75074267e-02 -5.88953821e-03 -1.64239220e-02 -5.79170212e-02 -1.82669647e-02 -5.28238602e-02 -4.37086076e-03 -2.59628296e-02 -2.46211234e-02
3.46922153e-03 9.72964335e-03 1.36342156e-03 1.62908895e-04 -5.59787906e-04 2.63681664e-04 -7.00200733e-04 9.05274414e-04 -7.61167612e-05 -1.19041440e-04 -4.21191682e-04 -1.31065230e-04 -3.77579068e-04 -3.05803624e-05 -1.85443336e-04 -1.75396184e-04
-2.85783596e-02 1.15708359e-01 6.53206110e-02 3.71761881e-02 -1.72478687e-02 2.73854751e-02 -5.57568334e-02 1.07666932e-01 -7.31147034e-03 -1.99186653e-02 -7.02538118e-02 -2.21498646e-02 -6.40376583e-02 -5.29197278e-03 -3.14768068e-02 -2.98447572e-02
1.24002714e-02 -1.20175146e-01 -6.00862056e-02 -2.96202395e-02 1.73239633e-02 -2.30321903e-02 4.90735061e-02 -8.97625685e-02 6.75671315e-03 1.60879605e-02 5.69252446e-02 1.78673491e-02 5.16228750e-02 4.21961071e-03 2.54089516e-02 2.40532160e-02
-3.97374900e-03 1.74387004e-02 7.22087920e-03 3.60835693e-03 -2.12422712e-03 2.89601181e-03 -5.99556556e-03 1.09586529e-02 -8.38895678e-04 -1.96000561e-03 -6.93583908e-03 -2.17549619e-03 -6.28414890e-03 -5.13302395e-04 -3.09158256e-03 -2.92693265e-03
7.51521215e-02 -2.12910056e-01 -1.32087529e-01 -7.80548155e-02 3.48034687e-02 -5.72682954e-02 1.15826845e-01 -2.24429250e-01 1.52869429e-02 4.17795815e-02 1.47398368e-01 4.64703143e-02 1.34336174e-01 1.11013511e-02 6.60320520e-02 6.26082793e-02
-1.08259441e-02 4.62932438e-02 2.69478802e-02 1.46362539e-02 -7.34630041e-03 1.09556783e-02 -2.26024967e-02 4.33105007e-02 -3.06011527e-03 -7.88604934e-03 -2.78329812e-02 -8.76524858e-03 -2.53312569e-02 -2.08366523e-03 -1.24580683e-02 -1.18054394e-02
1.40884705e-03 1.80505700e-02 6.88961707e-03 2.92365812e-03 -1.85610866e-03 2.31820415e-03 -5.29850647e-03 9.74674243e-03 -7.47304992e-04 -1.59959670e-03 -5.63470554e-03 -1.77310652e-03 -5.12454240e-03 -4.14242939e-04 -2.52947351e-03 -2.39083148e-03
2.25570112e-01 -4.83951986e-01 -3.40472192e-01 -2.08845392e-01 8.99336338e-02 -1.52270764e-01 3.05352807e-01 -5.96853197e-01 4.04678434e-02 1.11627571e-01 3.93703163e-01 1.24142386e-01 3.58935475e-01 2.96740159e-02 1.76434040e-01 1.67294636e-01
4.05689739e-02 -2.32875153e-01 -1.20215885e-01 -6.66677505e-02 3.29516530e-02 -4.98030595e-02 1.01427130e-01 -1.95350811e-01 1.33971078e-02 3.58934030e-02 1.26579493e-01 3.99092399e-02 1.15378156e-01 9.53045301e-03 5.67124635e-02 5.37689216e-02
-2.05047596e-02 1.06272802e-01 5.72869256e-02 3.15081924e-02 -1.49464291e-02 2.31601447e-02 -4.78184596e-02 9.11774859e-02 -6.23363676e-03 -1.68786701e-02 -5.95609955e-02 -1.87696759e-02 -5.42641617e-02 -4.48501622e-03 -2.66729034e-02 -2.52905376e-02
-8.36044773e-02 1.60422355e-01 1.18704423e-01 7.37696066e-02 -3.12958062e-02 5.36925159e-02 -1.07240357e-01 2.10508987e-01 -1.42681012e-02 -3.94217297e-02 -1.39034048e-01 -4.38420363e-02 -1.26761541e-01 -1.04797268e-02 -6.23094887e-02 -5.90818413e-02
-2.83745192e-02 8.56590122e-02 5.24832308e-02 3.09852548e-02 -1.39945950e-02 2.28065513e-02 -4.61524352e-02 8.92678723e-02 -6.10060291e-03 -1.65921617e-02 -5.85210770e-02 -1.84483510e-02 -5.33364266e-02 -4.40623984e-03 -2.62178909e-02 -2.48575658e-02
2.54084580e-02 -4.46875766e-02 -3.39005105e-02 -2.04682071e-02 8.74558743e-03 -1.48871448e-02 2.98455507e-02 -5.83453663e-02 3.95817822e-03 1.09364418e-02 3.85717191e-02 1.21627096e-02 3.51665020e-02 2.90736859e-03 1.72860790e-02 1.63907129e-02
-5.58764413e-02 8.98327976e-02 7.20719248e-02 4.56744321e-02 -1.92263722e-02 3.31033468e-02 -6.59358948e-02 1.29536971e-01 -8.80662818e-03 -2.43773367e-02 -8.59867260e-02 -2.71141976e-02 -7.83959106e-02 -6.48196368e-03 -3.85356694e-02 -3.65398675e-02
-2.24380475e-02 3.98785509e-02 3.00284009e-02 1.90445557e-02 -7.97326025e-03 1.38506461e-02 -2.77091451e-02 5.43251187e-02 -3.67664988e-03 -1.01726055e-02 -3.58772427e-02 -1.13133602e-02 -3.27110328e-02 -2.70447228e-03 -1.60791241e-02 -1.52463317e-02
-1.54569908e-03 5.17558074e-03 2.95713590e-03 1.56194868e-03 -7.19139236e-04 1.14853028e-03 -2.32897955e-03 4.49067261e-03 -3.06685775e-04 -8.37568892e-04 -2.95387837e-03 -9.31364601e-04 -2.69282865e-03 -2.22602248e-04 -1.32364221e-03 -1.25506183e-03
-1.47329206e-02 3.40596996e-02 2.37401798e-02 1.42843081e-02 -6.24416256e-03 1.04314424e-02 -2.09727362e-02 4.09191400e-02 -2.78018089e-03 -7.64038414e-03 -2.69477759e-02 -8.49661324e-03 -2.45659649e-02 -2.03055190e-03 -1.20754251e-02 -1.14496481e-02
6.33874536e-03 -4.68421206e-02 -2.54045576e-02 -1.34205930e-02 7.10704923e-03 -1.00235920e-02 2.12635454e-02 -3.98144722e-02 2.77089700e-03 7.23042386e-03 2.54974924e-02 8.03738087e-03 2.32304726e-02 1.91601075e-03 1.14214336e-02 1.08261276e-02
1.68167427e-02 -1.79602169e-02 -1.74871460e-02 -1.17361015e-02 4.46393341e-03 -8.37969687e-03 1.65683702e-02 -3.29914950e-02 2.22107698e-03 6.24648994e-03 2.20274962e-02 6.94936281e-03 2.00955812e-02 1.66251743e-03 9.87793226e-03 9.36701335e-03
-7.53822085e-03 -5.89413196e-03 2.08617421e-04 1.28204096e-03 -2.48484430e-04 8.65223934e-04 -1.65939936e-03 3.40155885e-03 -2.24354095e-04 -6.67955261e-04 -2.35591317e-03 -7.43477547e-04 -2.14990159e-03 -1.77879643e-04 -1.05689699e-03 -1.00224430e-03
-1.07637607e-02 5.80271669e-02 3.17362025e-02 1.74007900e-02 -8.53557792e-03 1.30024841e-02 -2.68629752e-02 5.20421080e-02 -3.72753269e-03 -9.36186593e-03 -3.30258980e-02 -1.04130842e-02 -3.00941095e-02 -2.46601878e-03 -1.48049826e-02 -1.40304854e-02
8.11334886e-03 -3.45157012e-02 -2.09376104e-02 -1.16099920e-02 5.53783262e-03 -8.61947332e-03 1.76577214e-02 -3.39550264e-02 2.33836123e-03 6.22790540e-03 2.19709128e-02 6.92254445e-03 2.00129841e-02 1.65220094e-03 9.83835850e-03 9.32692271e-03
-2.16365475e-02 1.10968817e-02 1.54228872e-02 1.13210808e-02 -3.92855797e-03 8.00348539e-03 -1.51641918e-02 3.11331116e-02 -2.03108974e-03 -5.99084795e-03 -2.11570300e-02 -6.68079825e-03 -1.93207115e-02 -1.60433212e-03 -9.48819984e-03 -9.00455378e-03
-4.03736308e-02 8.33149552e-02 6.04431629e-02 3.73868681e-02 -1.59853771e-02 2.72314958e-02 -5.45892566e-02 1.06761001e-01 -7.23797455e-03 -1.99768972e-02 -7.04580769e-02 -2.22169813e-02 -6.42366335e-02 -5.31065045e-03 -3.15754041e-02 -2.99398247e-02
2.47386470e-02 -1.27954990e-01 -6.71877414e-02 -3.87058295e-02 1.81365144e-02 -2.89112814e-02 5.78696504e-02 -1.11745343e-01 7.63328699e-03 2.08110902e-02 7.33905062e-02 2.31377166e-02 6.68947324e-02 5.52898506e-03 3.28817032e-02 3.11774481e-02
-6.85518086e-02 1.90324455e-01 1.20181926e-01 7.13623539e-02 -3.11405770e-02 5.20869307e-02 -1.04680754e-01 2.04195037e-01 -1.38384569e-02 -3.81521247e-02 -1.34558380e-01 -4.24288027e-02 -1.22675143e-01 -1.01418011e-02 -6.03007153e-02 -5.71770035e-02
-3.13219540e-02 8.56164247e-02 5.48922382e-02 3.30991074e-02 -1.43787041e-02 2.41526160e-02 -4.85227555e-02 9.46532786e-02 -6.41972013e-03 -1.76942237e-02 -6.24061823e-02 -1.96778141e-02 -5.68948500e-02 -4.70360881e-03 -2.79665422e-02 -2.65178364e-02
2.01586951e-02 -8.26619714e-02 -4.66175899e-02 -2.55958457e-02 1.28978146e-02 -1.93156805e-02 4.00427207e-02 -7.54415393e-02 5.44139463e-03 1.37910498e-02 4.87003140e-02 1.53275561e-02 4.42985557e-02 3.63972154e-03 2.17910353e-02 2.06445437e-02
-1.12393722e-02 4.75644432e-02 2.71345023e-02 1.52329449e-02 -7.09177181e-03 1.13381250e-02 -2.31419280e-02 4.44224775e-02 -3.07336869e-03 -8.17581918e-03 -2.88489368e-02 -9.08983313e-03 -2.62777489e-02 -2.16969568e-03 -1.29169626e-02 -1.22459680e-02
5.52724628e-03 6.89996127e-03 -3.46406712e-04 -1.31008506e-03 -3.83661245e-05 -7.99232628e-04 1.31168845e-03 -3.11366306e-03 1.78873117e-04 6.72445924e-04 2.36409856e-03 7.50076026e-04 2.17227195e-03 1.81557582e-04 1.06776028e-03 1.01379666e-03
-3.60450894e-02 9.57682580e-02 6.35682642e-02 3.85317951e-02 -1.70023255e-02 2.81950571e-02 -5.67411892e-02 1.10545874e-01 -7.50677660e-03 -2.06188988e-02 -7.27216750e-02 -2.29293052e-02 -6.62939921e-02 -5.48005430e-03 -3.25868279e-02 -3.08983400e-02
-1.82603598e-02 8.40558410e-02 4.71001752e-02 2.54797600e-02 -1.27396081e-02 1.92612745e-02 -3.96472402e-02 7.65170902e-02 -5.34296408e-03 -1.37206055e-02 -4.84823771e-02 -1.52496295e-02 -4.40649316e-02 -3.62463854e-03 -2.16732863e-02 -2.05386151e-02
6.59118406e-03 1.07002398e-03 -3.21054552e-03 -2.70106993e-03 7.82433723e-04 -1.85405451e-03 3.48657765e-03 -7.23313168e-03 4.64154000e-04 1.41775422e-03 4.99728043e-03 1.57844427e-03 4.56671510e-03 3.79208854e-04 2.24463013e-03 2.12946930e-03
1.25621008e-02 -3.75220291e-02 -2.32840441e-02 -1.37015032e-02 6.24912372e-03 -1.00471945e-02 2.03634370e-02 -3.94499227e-02 2.69319420e-03 7.33751664e-03 2.58806534e-02 8.15914944e-03 2.35891435e-02 1.94936024e-03 1.15952585e-02 1.09940348e-02
5.60465753e-02 -2.18458772e-01 -1.23333305e-01 -7.00580999e-02 3.21605317e-02 -5.15409969e-02 1.04762606e-01 -2.01989040e-01 1.37910089e-02 3.75070237e-02 1.32325038e-01 4.17094976e-02 1.20589592e-01 9.96779557e-03 5.92745505e-02 5.62030673e-02
5.78403138e-02 -1.64602935e-01 -1.05542950e-01 -6.31083846e-02 2.77310014e-02 -4.61667702e-02 9.27608833e-02 -1.80630744e-01 1.22528234e-02 3.37470397e-02 1.19024478e-01 3.75296548e-02 1.08508982e-01 8.97052139e-03 5.33372164e-02 5.05742207e-02
-2.04769969e-02 5.94515577e-02 3.76510546e-02 2.18152422e-02 -9.99026187e-03 1.60704609e-02 -3.26284654e-02 6.29715249e-02 -4.31598257e-03 -1.16856871e-02 -4.12211381e-02 -1.29932519e-02 -3.75638828e-02 -3.10313585e-03 -1.84648167e-02 -1.75066311e-02
-4.25317138e-02 1.40520364e-01 8.43065232e-02 4.83683720e-02 -2.22300831e-02 3.57405953e-02 -7.25492537e-02 1.39687955e-01 -9.59266443e-03 -2.58965231e-02 -9.13817063e-02 -2.87934486e-02 -8.32419619e-02 -6.87751267e-03 -4.09142710e-02 -3.87934037e-02
-4.10112217e-02 1.20069563e-01 7.51746073e-02 4.44028117e-02 -1.99797489e-02 3.26700732e-02 -6.60838708e-02 1.27994895e-01 -8.75578914e-03 -2.37692725e-02 -8.38452205e-02 -2.64327135e-02 -7.64176175e-02 -6.31214119e-03 -3.75638343e-02 -3.56143340e-02
9.94447060e-03 -8.83483440e-02 -4.34685349e-02 -2.35079583e-02 1.14282118e-02 -1.74701139e-02 3.63029353e-02 -6.88395202e-02 4.67559975e-03 1.26324063e-02 4.45657596e-02 1.40446434e-02 4.06025015e-02 3.35467258e-03 1.99573208e-02 1.89222489e-02
-3.11753098e-02 7.51998425e-02 5.04964553e-02 3.06665823e-02 -1.34681482e-02 2.24505309e-02 -4.51683216e-02 8.79117176e-02 -5.97932842e-03 -1.64033342e-02 -5.78573830e-02 -1.82412621e-02 -5.27395830e-02 -4.35892167e-03 -2.59241685e-02 -2.45804563e-02
3.69255356e-02 -7.95928165e-02 -5.68965413e-02 -3.49328145e-02 1.49390465e-02 -2.54453830e-02 5.09639569e-02 -9.97228175e-02 6.75720302e-03 1.86724234e-02 6.58541545e-02 2.07660887e-02 6.00416884e-02 4.96418355e-03 2.95134317e-02 2.79848836e-02
-2.59508509e-02 5.64936176e-02 3.99200507e-02 2.39017438e-02 -1.03377420e-02 1.74309202e-02 -3.49931642e-02 6.83437958e-02 -4.63437941e-03 -1.27780354e-02 -4.50673141e-02 -1.42104356e-02 -4.10868637e-02 -3.39671038e-03 -2.01961566e-02 -1.91499554e-02
-2.87473705e-02 1.18492797e-01 6.49135932e-02 3.73891741e-02 -1.67865828e-02 2.76320372e-02 -5.56698442e-02 1.07684344e-01 -7.34498585e-03 -2.00480316e-02 -7.07297996e-02 -2.22949293e-02 -6.44550771e-02 -5.32610575e-03 -3.16812992e-02 -3.00394986e-02
-1.19874347e-02 2.58509777e-02 1.84196271e-02 1.11861601e-02 -4.82578762e-03 8.14746786e-03 -1.63546000e-02 3.19715366e-02 -2.16820370e-03 -5.98022249e-03 -2.10905354e-02 -6.65037334e-03 -1.92283988e-02 -1.58968335e-03 -9.45166685e-03 -8.96208175e-03
2.54698168e-03 3.10854171e-03 -9.91098350e-05 -7.02717050e-04 -7.95905944e-05 -4.11363726e-04 4.29836684e-04 -1.52881676e-03 5.72918871e-05 3.57669895e-04 1.24919810e-03 3.99203476e-04 1.15978881e-03 1.00320576e-04 5.67563751e-04 5.41009067e-04
8.38202890e-04 -2.69378200e-02 -1.46558890e-02 -5.95631870e-03 3.19312466e-03 -4.52376064e-03 9.48392320e-03 -1.76988877e-02 1.27797585e-03 3.21863475e-03 1.13573223e-02 3.57721909e-03 1.03382505e-02 8.50602868e-04 5.08295838e-03 4.81601106e-03
3.12455073e-02 -1.00159131e-01 -6.11793324e-02 -3.61876823e-02 1.62875801e-02 -2.65011042e-02 5.33213243e-02 -1.03745788e-01 7.06645427e-03 1.93699449e-02 6.83163777e-02 2.15396788e-02 6.22762106e-02 5.14778122e-03 3.06115467e-02 2.90253311e-02
-5.48690781e-02 1.23158291e-01 7.93317109e-02 4.83069085e-02 -2.13284697e-02 3.53862680e-02 -7.14538395e-02 1.38639703e-01 -9.43265855e-03 -2.58388501e-02 -9.11397040e-02 -2.87329406e-02 -8.30729604e-02 -6.86601689e-03 -4.08346951e-02 -3.87182720e-02
1.87677070e-02 -1.28310010e-01 -6.63756058e-02 -3.67395915e-02 1.83694120e-02 -2.72575673e-02 5.62268235e-02 -1.06943943e-01 7.23376451e-03 1.97001286e-02 6.94860145e-02 2.19050851e-02 6.33315146e-02 5.23485104e-03 3.11299358e-02 2.95167696e-02
-4.49659303e-04 3.68183292e-02 1.72208399e-02 8.00195802e-03 -4.72478475e-03 6.16517803e-03 -1.32829780e-02 2.41087824e-02 -1.84142753e-03 -4.32862481e-03 -1.52950259e-02 -4.81261406e-03 -1.38995340e-02 -1.13745104e-03 -6.83852518e-03 -6.47594314e-03
-1.07299471e-02 1.47180110e-02 1.21270642e-02 8.20126664e-03 -3.18840705e-03 5.91733260e-03 -1.16839008e-02 2.30446812e-02 -1.51895906e-03 -4.36620507e-03 -1.54003380e-02 -4.85687749e-03 -1.40466103e-02 -1.16433867e-03 -6.90251822e-03 -6.54733879e-03
-2.85427049e-02 1.02017179e-01 6.08809441e-02 3.55092697e-02 -1.61440074e-02 2.62056198e-02 -5.28040566e-02 1.02489009e-01 -6.98931050e-03 -1.90397929e-02 -6.71645924e-02 -2.11701225e-02 -6.12040907e-02 -5.05633419e-03 -3.00853271e-02 -2.85245683e-02
3.94647047e-02 -1.12240255e-01 -7.17711002e-02 -4.20809202e-02 1.87431760e-02 -3.07740010e-02 6.19096942e-02 -1.20610073e-01 8.18179641e-03 2.25052591e-02 7.93763697e-02 2.50274818e-02 7.23617524e-02 5.98201575e-03 3.55690643e-02 3.37263793e-02
-7.52535881e-03 3.02832518e-02 1.78016294e-02 9.91008617e-03 -4.65070736e-03 7.34845456e-03 -1.49922762e-02 2.88317390e-02 -1.99989765e-03 -5.31951804e-03 -1.87659077e-02 -5.91416564e-03 -1.70962568e-02 -1.41089526e-03 -8.40414781e-03 -7.96714053e-03
-1.59904957e-02 5.58508262e-02 3.48156579e-02 2.01158952e-02 -9.13395453e-03 1.47897378e-02 -2.98168324e-02 5.78417592e-02 -3.95934889e-03 -1.07777203e-02 -3.80148888e-02 -1.19846724e-02 -3.46489362e-02 -2.86318432e-03 -1.70316957e-02 -1.61484778e-02
-1.63265839e-02 -4.06378321e-03 8.38467479e-03 6.38279691e-03 -1.76486245e-03 4.40715766e-03 -8.09039362e-03 1.70077775e-02 -1.13465439e-03 -3.35856318e-03 -1.18445214e-02 -3.73861077e-03 -1.08130695e-02 -8.95945355e-04 -5.31517481e-03 -5.04123885e-03
8.12121574e-03 3.40896333e-03 -3.41258105e-03 -3.32365395e-03 8.04132782e-04 -2.22660182e-03 3.93962581e-03 -8.76251981e-03 5.56422747e-04 1.74876989e-03 6.16700295e-03 1.94720388e-03 5.63267991e-03 4.67277277e-04 2.76866299e-03 2.62651080e-03
-2.12133788e-02 3.94073650e-02 2.92999670e-02 1.86870731e-02 -7.87761249e-03 1.35792429e-02 -2.72051524e-02 5.33184335e-02 -3.60365631e-03 -9.97932814e-03 -3.51967551e-02 -1.10985134e-02 -3.20899114e-02 -2.65315152e-03 -1.57738179e-02 -1.49568692e-02
-1.44676343e-02 6.04256392e-02 3.47418934e-02 1.97190642e-02 -9.23048146e-03 1.45264510e-02 -2.94872317e-02 5.69829494e-02 -3.88287171e-03 -1.05687603e-02 -3.72756310e-02 -1.17512764e-02 -3.39744352e-02 -2.80748587e-03 -1.66998263e-02 -1.58338994e-02
9.76956729e-03 -7.24924058e-02 -3.38474996e-02 -1.89545769e-02 8.82634055e-03 -1.39891636e-02 2.85970215e-02 -5.46544082e-02 3.71245854e-03 1.01682777e-02 3.58628854e-02 1.13069713e-02 3.26909088e-02 2.70238426e-03 1.60688106e-02 1.52362632e-02
-3.56417224e-02 7.72127211e-02 5.33877276e-02 3.27243581e-02 -1.41392518e-02 2.38747839e-02 -4.78862561e-02 9.35480595e-02 -6.34519709e-03 -1.74930114e-02 -6.16971292e-02 -1.94540303e-02 -5.62477112e-02 -4.65006428e-03 -2.76484266e-02 -2.62161754e-02
5.37713803e-02 -1.82249486e-01 -1.07135341e-01 -6.12499416e-02 2.86428109e-02 -4.52126674e-02 9.21743214e-02 -1.77611575e-01 1.21150808e-02 3.28431465e-02 1.15922257e-01 3.65169086e-02 1.05570711e-01 8.71528871e-03 5.18994033e-02 4.92011756e-02
-1.64854005e-02 4.59100679e-03 1.18215196e-02 9.20828152e-03 -2.47118855e-03 6.28867419e-03 -1.15592871e-02 2.41700597e-02 -1.51769083e-03 -4.83180117e-03 -1.70307681e-02 -5.37747564e-03 -1.55599983e-02 -1.29528728e-03 -7.64290849e-03 -7.25329155e-03
-1.16001163e-03 3.04658115e-02 1.51860397e-02 7.77736073e-03 -3.86915542e-03 5.82496589e-03 -1.20152263e-02 2.27167159e-02 -1.59158581e-03 -4.18380788e-03 -1.47724506e-02 -4.65158327e-03 -1.34451287e-02 -1.10893615e-03 -6.60915906e-03 -6.26503536e-03
-6.78306306e-03 1.46677401e-02 1.02200508e-02 6.28072675e-03 -2.71108071e-03 4.58185980e-03 -9.19078011e-03 1.79563481e-02 -1.21824106e-03 -3.35743674e-03 -1.18416771e-02 -3.73383518e-03 -1.07956408e-02 -8.92462442e-04 -5.30658802e-03 -5.03167696e-03
-7.06996303e-03 -6.31085336e-02 -2.09963154e-02 -8.56815465e-03 6.04464859e-03 -7.07616657e-03 1.49969729e-02 -2.63862237e-02 1.98238436e-03 4.67984751e-03 1.65359545e-02 5.19916741e-03 1.50179919e-02 1.23293302e-03 7.38571258e-03 6.99664280e-03
1.32844094e-02 -6.73204958e-02 -3.69927660e-02 -2.09193937e-02 9.66721959e-03 -1.54675357e-02 3.14948931e-02 -6.05429523e-02 4.17110277e-03 1.12160007e-02 3.95735353e-02 1.24723800e-02 3.60551998e-02 2.97798589e-03 1.77227352e-02 1.68027151e-02
1.17213584e-01 -2.26612657e-01 -1.63741097e-01 -1.01990350e-01 4.35835719e-02 -7.42853954e-02 1.48743644e-01 -2.91113436e-01 1.97237805e-02 5.45017906e-02 1.92223355e-01 6.06121309e-02 1.75250202e-01 1.44886775e-02 8.61440971e-02 8.16819817e-02
-4.25904393e-02 1.27119392e-01 7.88530633e-02 4.63694185e-02 -2.04487685e-02 3.39237563e-02 -6.83579817e-02 1.32891208e-01 -9.01951548e-03 -2.48021930e-02 -8.74780715e-02 -2.75818110e-02 -7.97447562e-02 -6.59244740e-03 -3.91982384e-02 -3.71675864e-02
-5.32382028e-03 1.52142029e-02 9.57533251e-03 5.59106469e-03 -2.53052823e-03 4.10734816e-03 -8.31903145e-03 1.61086377e-02 -1.09941978e-03 -2.99522933e-03 -1.05651300e-02 -3.33059276e-03 -9.62907355e-03 -7.95621134e-04 -4.73318575e-03 -4.48770309e-03
5.52998204e-03 1.35271940e-02 4.43254458e-03 3.33213480e-04 -1.27157196e-03 6.58699893e-04 -2.27179634e-03 3.38269537e-03 -4.03181708e-04 -2.79867731e-04 -9.91277746e-04 -3.00844666e-04 -8.62094923e-04 -5.42085400e-05 -4.46646241e-04 -4.05171479e-04
-2.52058413e-02 5.40800840e-02 3.03798337e-02 1.74277052e-02 -8.67460854e-03 1.28896507e-02 -2.71720104e-02 5.07021025e-02 -3.64311947e-03 -9.29773878e-03 -3.28701250e-02 -1.03506399e-02 -2.98728626e-02 -2.44455901e-03 -1.47210602e-02 -1.39391124e-02
3.04673705e-02 -7.26403520e-02 -4.90229651e-02 -2.98361462e-02 1.29735675e-02 -2.17797775e-02 4.37182300e-02 -8.53759944e-02 5.79756964e-03 1.59547590e-02 5.62716685e-02 1.77433025e-02 5.13009652e-02 4.24090168e-03 2.52168514e-02 2.39104219e-02
2.69734226e-02 -6.73555583e-02 -4.42368388e-02 -2.67191697e-02 1.18817333e-02 -1.95931084e-02 3.95453721e-02 -7.71205351e-02 5.21979667e-03 1.42960632e-02 5.04257157e-02 1.58969462e-02 4.59608436e-02 3.79782799e-03 2.25922484e-02 2.14207266e-02
3.06796911e-03 -1.70667376e-02 -9.41084605e-03 -5.27096586e-03 2.43824534e-03 -3.89903504e-03 7.89144915e-03 -1.51965329e-02 1.03915913e-03 2.82567041e-03 9.96769313e-03 3.14200507e-03 9.08385869e-03 7.50765554e-04 4.46506636e-03 4.23362618e-03
4.88215946e-02 -1.34987235e-01 -8.81476253e-02 -5.19453473e-02 2.28634849e-02 -3.80078405e-02 7.64888749e-02 -1.49065688e-01 1.01465061e-02 2.77964752e-02 9.80451554e-02 3.09117027e-02 8.93719867e-02 7.38707790e-03 4.39305939e-02 4.16538715e-02
-1.28533766e-02 5.68314791e-02 3.25555950e-02 1.71117671e-02 -8.54817033e-03 1.28844259e-02 -2.69757099e-02 5.08135222e-02 -3.66610195e-03 -9.22409073e-03 -3.25913802e-02 -1.02593862e-02 -2.96442024e-02 -2.43154331e-03 -1.45816924e-02 -1.38144093e-02
4.39415760e-02 -1.17232025e-01 -7.60049522e-02 -4.55461591e-02 1.99345257e-02 -3.33057418e-02 6.70119375e-02 -1.30575791e-01 8.86067469e-03 2.43628491e-02 8.59291181e-02 2.70932820e-02 7.83340931e-02 6.47560880e-03 3.85047793e-02 3.65099050e-02
8.16655681e-02 -1.70303687e-01 -1.21280476e-01 -7.46311322e-02 3.20722945e-02 -5.43944985e-02 1.09069832e-01 -2.13244796e-01 1.44569520e-02 3.98877151e-02 1.40681282e-01 4.43597585e-02 1.28258377e-01 1.06034372e-02 6.30451888e-02 5.97794130e-02
-1.64282955e-02 6.52111471e-02 3.92244384e-02 2.35187821e-02 -1.03233783e-02 1.72331650e-02 -3.45015638e-02 6.72737882e-02 -4.56576375e-03 -1.25796022e-02 -4.43676747e-02 -1.39894485e-02 -4.04477194e-02 -3.34386108e-03 -1.98819563e-02 -1.88520271e-02
2.50975583e-02 -6.95527717e-02 -4.48982306e-02 -2.64477655e-02 1.18680773e-02 -1.94229167e-02 3.89787778e-02 -7.59215280e-02 5.17739728e-03 1.41587015e-02 4.99346219e-02 1.57435350e-02 4.55179214e-02 3.76197789e-03 2.23745964e-02 2.12147608e-02
2.44136192e-02 -1.05402261e-01 -6.10150732e-02 -3.48963551e-02 1.59933101e-02 -2.57258061e-02 5.20008728e-02 -1.01018578e-01 6.89015258e-03 1.87642910e-02 6.61794171e-02 2.08662339e-02 6.03273101e-02 4.98654647e-03 2.96534579e-02 2.81167813e-02
2.21076384e-02 -8.10192972e-02 -4.60859872e-02 -2.66814753e-02 1.22813834e-02 -1.96173601e-02 4.01950814e-02 -7.68852085e-02 5.27804298e-03 1.42983152e-02 5.04313558e-02 1.59000102e-02 4.59714569e-02 3.79991089e-03 2.25967392e-02 2.14257296e-02
-6.45752102e-02 1.67534396e-01 1.09731860e-01 6.63431361e-02 -2.91017238e-02 4.84585948e-02 -9.73410755e-02 1.89868197e-01 -1.28872981e-02 -3.54941636e-02 -1.25187621e-01 -3.94730233e-02 -1.14128523e-01 -9.43497568e-03 -5.60994856e-02 -5.31933121e-02
3.11667845e-02 -7.38919899e-02 -5.04825637e-02 -3.06948181e-02 1.33489836e-02 -2.24165488e-02 4.50244062e-02 -8.78876224e-02 5.95673267e-03 1.64144021e-02 5.78916408e-02 1.82537362e-02 5.27771823e-02 4.36304882e-03 2.59424318e-02 2.45985016e-02
-2.86985580e-02 9.58816409e-02 5.73001131e-02 3.27193439e-02 -1.48173533e-02 2.41195261e-02 -4.88665216e-02 9.43199396e-02 -6.42796978e-03 -1.75244957e-02 -6.18108064e-02 -1.94864962e-02 -5.63385077e-02 -4.65619937e-03 -2.76926886e-02 -2.62571909e-02
3.34518887e-02 -1.12604208e-01 -6.80066645e-02 -3.88143100e-02 1.80865396e-02 -2.86017600e-02 5.79535291e-02 -1.11908816e-01 7.70867150e-03 2.08082739e-02 7.33997375e-02 2.31365412e-02 6.68875873e-02 5.52463997e-03 3.28798704e-02 3.11727878e-02
7.83074647e-02 -1.68140382e-01 -1.18212081e-01 -7.25065917e-02 3.12349387e-02 -5.28653376e-02 1.06018201e-01 -2.07226381e-01 1.40499612e-02 3.87549140e-02 1.36686027e-01 4.30998057e-02 1.24615379e-01 1.03022307e-02 6.12544566e-02 5.80814257e-02
-2.33599059e-02 -9.98650119e-03 1.18111577e-02 1.07824216e-02 -2.79890513e-03 7.20529724e-03 -1.36516253e-02 2.88512222e-02 -1.85228989e-03 -5.61302062e-03 -1.98244322e-02 -6.25380035e-03 -1.80886984e-02 -1.49929058e-03 -8.89068656e-03 -8.43310636e-03
5.25383800e-02 -2.16574714e-01 -1.15299463e-01 -6.65372983e-02 3.04595195e-02 -4.91824225e-02 1.00397810e-01 -1.91941977e-01 1.31780524e-02 3.56885605e-02 1.25893354e-01 3.96810398e-02 1.14719078e-01 9.47983656e-03 5.63896187e-02 5.34656309e-02
-5.56662772e-03 1.74409728e-02 1.10431248e-02 6.43864740e-03 -2.83271237e-03 4.70864307e-03 -9.45514999e-03 1.84367951e-02 -1.25019695e-03 -3.44453426e-03 -1.21484902e-02 -3.83062265e-03 -1.10755060e-02 -9.15624434e-04 -5.44413133e-03 -5.16211381e-03
8.44437331e-02 -3.09708357e-01 -1.81649745e-01 -1.04512803e-01 4.99108210e-02 -7.74633512e-02 1.57039419e-01 -3.02806616e-01 2.05730349e-02 5.60032725e-02 1.97541445e-01 6.22677729e-02 1.80027887e-01 1.48778185e-02 8.84916708e-02 8.39035362e-02
-1.48756653e-02 4.31269035e-02 2.74886154e-02 1.61305964e-02 -7.53796007e-03 1.19088301e-02 -2.43462436e-02 4.70451266e-02 -3.26963235e-03 -8.65143444e-03 -3.05160210e-02 -9.61964857e-03 -2.78102122e-02 -2.29015667e-03 -1.36743076e-02 -1.29607273e-02
-2.01093107e-02 4.89440337e-02 3.22387964e-02 1.94269512e-02 -8.57295934e-03 1.42291514e-02 -2.86387391e-02 5.57907484e-02 -3.78476619e-03 -1.03939585e-02 -3.66608948e-02 -1.15586203e-02 -3.34185176e-02 -2.76235212e-03 -1.64267514e-02 -1.55755347e-02
-1.00925807e-02 1.05827283e-02 9.79523454e-03 6.69296924e-03 -2.56136176e-03 4.80399746e-03 -9.38881189e-03 1.87323820e-02 -1.23782246e-03 -3.55824269e-03 -1.25427768e-02 -3.95806180e-03 -1.14463950e-02 -9.47994879e-04 -5.62595110e-03 -5.33574726e-03
-1.33960228e-03 7.79982656e-06 8.19708337e-04 5.32071863e-04 -1.68186540e-04 3.68182460e-04 -7.19281263e-04 1.47038710e-03 -9.53573472e-05 -2.81761197e-04 -9.93142487e-04 -3.13540455e-04 -9.06888396e-04 -7.51306434e-05 -4.45787708e-04 -4.22805024e-04
-6.09898344e-02 1.74241200e-01 1.10991746e-01 6.57592788e-02 -2.89278962e-02 4.81156744e-02 -9.66615230e-02 1.88602000e-01 -1.27973575e-02 -3.51865217e-02 -1.24100804e-01 -3.91295254e-02 -1.13134839e-01 -9.35258530e-03 -5.56109287e-02 -5.27298935e-02
-3.52181634e-03 -1.03330817e-02 -1.67851849e-03 3.79958190e-04 7.36123999e-04 -1.73358421e-05 6.62588573e-04 -4.86760400e-05 8.17892360e-05 -1.53236484e-04 -5.28742152e-04 -1.75517518e-04 -5.15329943e-04 -4.98899062e-05 -2.50056590e-04 -2.41611750e-04
1.07315434e-02 -5.42879850e-02 -3.12579647e-02 -1.73065662e-02 8.08045082e-03 -1.28191011e-02 2.60074604e-02 -5.02596684e-02 3.47460876e-03 9.29406937e-03 3.27893384e-02 1.03330044e-02 2.98699085e-02 2.46615103e-03 1.46833835e-02 1.39204226e-02
4.08646837e-02 -1.01807676e-01 -6.62893578e-02 -4.00900319e-02 1.76955480e-02 -2.93460097e-02 5.89568429e-02 -1.14965707e-01 7.79816136e-03 2.14393288e-02 7.56170526e-02 2.38417946e-02 6.89330250e-02 5.69838751e-03 3.38837244e-02 3.21282037e-02
-6.81325793e-02 1.30944803e-01 9.59216803e-02 6.10725731e-02 -2.57016644e-02 4.44414392e-02 -8.89176056e-02 1.74237594e-01 -1.17952125e-02 -3.26230936e-02 -1.15057528e-01 -3.62810269e-02 -1.04901277e-01 -8.67281295e-03 -5.15642241e-02 -4.88934331e-02
-5.96035831e-02 1.46515295e-01 9.69165117e-02 5.89099750e-02 -2.57205404e-02 4.30272594e-02 -8.66159797e-02 1.68763444e-01 -1.14591308e-02 -3.15035433e-02 -1.11112408e-01 -3.50352228e-02 -1.01296566e-01 -8.37396923e-03 -4.97919396e-02 -4.72124293e-02
-5.91358077e-03 -9.57688130e-03 2.27241777e-03 2.14733160e-03 4.91301762e-05 1.30231958e-03 -2.25989986e-03 5.25270868e-03 -3.41114821e-04 -1.11296203e-03 -3.92731791e-03 -1.24289631e-03 -3.59921041e-03 -2.99523788e-04 -1.76883163e-03 -1.67865772e-03
