-2.49550473e-02 3.34622376e-02 -5.92240691e-03 -2.65517794e-02 -5.92805212e-03 3.25669870e-02 5.40038683e-02 -2.45440900e-02 7.45296180e-02 5.65848462e-02 -6.67864233e-02 -3.65223922e-02 1.33245718e-03 -1.32891089e-02 2.96041537e-02 2.13930216e-02
-8.58432706e-03 5.32458816e-03 -3.37671652e-03 -8.21302924e-03 -1.69010530e-03 9.91812162e-03 1.67891923e-02 -7.65958242e-03 2.30830964e-02 1.75259877e-02 -2.06765272e-02 -1.13123115e-02 4.14420909e-04 -4.11774497e-03 9.17317905e-03 6.62861345e-03
2.91309948e-03 -7.79033219e-03 4.96883038e-03 1.17616067e-02 2.43609678e-03 -1.41269462e-02 -2.36966275e-02 1.07651222e-02 -3.26142386e-02 -2.47636680e-02 2.92189904e-02 1.59837194e-02 -5.84477675e-04 5.81732858e-03 -1.29593369e-02 -9.36467014e-03
2.07708478e-02 -2.84735616e-02 6.32021716e-03 2.53673457e-02 5.62498765e-03 -3.11988983e-02 -5.17031141e-02 2.34194975e-02 -7.12814704e-02 -5.41374013e-02 6.38983101e-02 3.49376611e-02 -1.27467827e-03 1.27136977e-02 -2.83222627e-02 -2.04667337e-02
3.89848202e-02 -5.52497059e-02 7.05542862e-02 1.44863546e-01 2.96120998e-02 -1.75477356e-01 -2.95025557e-01 1.34213775e-01 -4.05431837e-01 -3.07872802e-01 3.63152385e-01 1.98702827e-01 -7.27367075e-03 7.23252818e-02 -1.61119744e-01 -1.16428182e-01
-1.10275252e-02 1.66714583e-02 -9.58849117e-03 -2.32174993e-02 -4.79354942e-03 2.82800756e-02 4.73964512e-02 -2.15703435e-02 6.51996210e-02 4.95026819e-02 -5.84062822e-02 -3.19537707e-02 1.16954756e-03 -1.16305128e-02 2.59095002e-02 1.87225491e-02
3.22602242e-02 -6.51463941e-02 -1.34600643e-02 8.97635333e-03 3.75720253e-03 -1.33626070e-02 -1.81717649e-02 8.10551737e-03 -2.54306477e-02 -1.93620473e-02 2.28703506e-02 1.24623841e-02 -4.45901853e-04 4.52679815e-03 -1.00832805e-02 -7.28856679e-03
8.26904550e-03 -1.43444631e-02 5.98795991e-03 1.69429909e-02 3.70750297e-03 -2.07892843e-02 -3.45450118e-02 1.57099124e-02 -4.76044230e-02 -3.61585207e-02 4.26776782e-02 2.33349856e-02 -8.48271418e-04 8.48908629e-03 -1.89106781e-02 -1.36662275e-02
-1.49098225e-02 1.82640404e-02 -1.32130794e-02 -2.97644325e-02 -5.92186721e-03 3.59519348e-02 6.08233772e-02 -2.77756900e-02 8.35600570e-02 6.34434968e-02 -7.48651177e-02 -4.09526713e-02 1.49928022e-03 -1.49063002e-02 3.32070515e-02 2.39958018e-02
-2.29826607e-02 3.65572013e-02 1.02245612e-02 -2.48734537e-03 -1.77390873e-03 4.29056212e-03 4.71042655e-03 -1.18221587e-03 7.15865148e-03 5.45090111e-03 -6.47056941e-03 -3.51457368e-03 1.15881390e-04 -1.26936345e-03 2.82689976e-03 2.04476481e-03
-1.58325061e-02 2.44759843e-02 -5.08020958e-03 -1.73817892e-02 -3.95254698e-03 2.13866774e-02 3.55193093e-02 -1.60658974e-02 4.89285775e-02 3.71584557e-02 -4.38460372e-02 -2.39807796e-02 8.76170699e-04 -8.72744061e-03 1.94422062e-02 1.40493941e-02
-2.08993219e-02 2.46360619e-02 -5.49855223e-03 -2.03346219e-02 -4.44772653e-03 2.47593205e-02 4.15251181e-02 -1.88780855e-02 5.71907423e-02 4.34218161e-02 -5.12421951e-02 -2.80310232e-02 1.02423562e-03 -1.02009745e-02 2.27247309e-02 1.64215174e-02
2.02251524e-02 -3.40718925e-02 -6.79176254e-03 5.88990934e-03 2.08802847e-03 -7.87226856e-03 -1.18085425e-02 5.26265241e-03 -1.65008418e-02 -1.25485081e-02 1.48299830e-02 8.09166208e-03 -2.87916919e-04 2.93796463e-03 -6.54458953e-03 -4.73045558e-03
2.13777199e-02 -3.26149389e-02 6.18358236e-03 2.62900330e-02 6.01222552e-03 -3.24257016e-02 -5.36141992e-02 2.42145136e-02 -7.39777014e-02 -5.61594814e-02 6.62741363e-02 3.62522565e-02 -1.32164825e-03 1.31908031e-02 -2.93849241e-02 -2.12349035e-02
9.12368819e-02 -9.80738625e-02 -5.89871407e-02 -4.34940495e-02 -7.24489149e-03 4.97085713e-02 8.82959738e-02 -4.07382660e-02 1.20426781e-01 9.14457366e-02 -1.07861191e-01 -5.90403676e-02 2.17352272e-03 -2.15000138e-02 4.78963070e-02 3.46088745e-02
-3.22547182e-02 5.69712110e-02 -6.82012178e-04 -2.74030175e-02 -6.07390888e-03 3.39005440e-02 5.54663837e-02 -2.52290182e-02 7.66435564e-02 5.82034588e-02 -6.86693937e-02 -3.75655517e-02 1.37458893e-03 -1.36691527e-02 3.04512344e-02 2.20044982e-02
-1.74240880e-02 2.48123910e-02 1.55749815e-02 1.79302115e-02 2.73320172e-03 -2.03746874e-02 -3.64552513e-02 1.70575399e-02 -4.97201160e-02 -3.77345160e-02 4.45116833e-02 2.43674610e-02 -8.97173828e-04 8.87353439e-03 -1.97678450e-02 -1.42838219e-02
-1.65969804e-02 3.74123119e-02 -3.24928947e-03 -2.26760246e-02 -5.70779154e-03 2.82427669e-02 4.55921590e-02 -2.02200543e-02 6.32138774e-02 4.80234995e-02 -5.67178763e-02 -3.09855267e-02 1.11151161e-03 -1.12619000e-02 2.50868350e-02 1.81324035e-02
1.75556988e-02 -3.22292261e-02 1.83015503e-03 1.81062166e-02 4.37568501e-03 -2.25569066e-02 -3.65060158e-02 1.63719747e-02 -5.06279282e-02 -3.84589136e-02 4.54010889e-02 2.48137359e-02 -9.00574087e-04 9.02564824e-03 -2.01062560e-02 -1.45301884e-02
1.52043641e-01 -1.75673485e-01 1.19626038e-01 2.71937430e-01 5.65165021e-02 -3.30081940e-01 -5.54289103e-01 2.52682269e-01 -7.61550605e-01 -5.78245401e-01 6.82247519e-01 3.73252541e-01 -1.36853289e-02 1.35868132e-01 -3.02676946e-01 -2.18715131e-01
6.27365336e-03 -9.16669611e-03 6.07282761e-03 1.47596570e-02 3.04325647e-03 -1.78523492e-02 -3.00654694e-02 1.36597054e-02 -4.13555019e-02 -3.13980840e-02 3.70468199e-02 2.02683285e-02 -7.42410310e-04 7.37756444e-03 -1.64351352e-02 -1.18761668e-02
7.70449564e-02 -1.70829430e-01 -2.58351266e-02 2.77730431e-02 9.59445722e-03 -3.73290107e-02 -5.44730984e-02 2.39130855e-02 -7.67768994e-02 -5.83736338e-02 6.90230504e-02 3.76590155e-02 -1.33733172e-03 1.36734536e-02 -3.04584187e-02 -2.20164750e-02
1.15280040e-02 -1.94930509e-02 8.43675155e-03 2.15064939e-02 4.57081757e-03 -2.62496974e-02 -4.39079180e-02 1.99162941e-02 -6.05150536e-02 -4.59582694e-02 5.42405993e-02 2.96635702e-02 -1.08033256e-03 1.07927369e-02 -2.40426902e-02 -1.73747186e-02
-1.68523677e-02 2.00675428e-02 1.66821741e-02 2.19262186e-02 3.92134162e-03 -2.55707595e-02 -4.46293019e-02 2.04872470e-02 -6.11486398e-02 -4.64062691e-02 5.47338799e-02 2.99651138e-02 -1.10243168e-03 1.09125990e-02 -2.43101232e-02 -1.75658111e-02
3.58627946e-03 -4.68514301e-03 1.54889340e-03 4.47253231e-03 1.01908145e-03 -5.47894277e-03 -9.03024338e-03 4.09173407e-03 -1.24466605e-02 -9.45144705e-03 1.11532267e-02 6.09996635e-03 -2.22988150e-04 2.22002668e-03 -4.94558644e-03 -3.57378088e-03
4.24430221e-02 -8.14348236e-02 3.70207876e-02 1.03205182e-01 2.20287926e-02 -1.24891780e-01 -2.09528804e-01 9.49062407e-02 -2.88478941e-01 -2.19028786e-01 2.58429855e-01 1.41388357e-01 -5.17149223e-03 5.14598787e-02 -1.14637874e-01 -8.28391537e-02
-2.59438297e-04 -5.25558926e-03 -1.21519677e-02 -2.01673098e-02 -3.87785048e-03 2.37029362e-02 4.02737521e-02 -1.83890183e-02 5.53046055e-02 4.19882722e-02 -4.95435596e-02 -2.71046702e-02 9.92930261e-04 -9.86632705e-03 2.19792873e-02 1.58824902e-02
-6.38018828e-05 -3.10653402e-03 -5.72035508e-03 -7.52757443e-03 -1.32216793e-03 8.78924690e-03 1.55158630e-02 -7.12440582e-03 2.12440994e-02 1.61208920e-02 -1.90100707e-02 -1.04111033e-02 3.83877312e-04 -3.79160582e-03 8.44674092e-03 6.10332564e-03
5.95804602e-02 -8.87898579e-02 7.81004876e-03 5.13824373e-02 1.14516560e-02 -6.34725541e-02 -1.05156951e-01 4.76338975e-02 -1.45077005e-01 -1.10143103e-01 1.30088970e-01 7.11346269e-02 -2.59240717e-03 2.58744545e-02 -5.76409288e-02 -4.16535474e-02
-9.58223548e-03 1.56033300e-02 -1.50785968e-03 -1.03887739e-02 -2.47833226e-03 1.29427062e-02 2.12879758e-02 -9.57163610e-03 2.93662325e-02 2.23085135e-02 -2.63341926e-02 -1.43950656e-02 5.22472023e-04 -5.23588341e-03 1.16637163e-02 8.42916220e-03
-1.08511653e-02 2.03345567e-02 -1.43892784e-02 -3.20992172e-02 -6.50215242e-03 3.86770628e-02 6.53781220e-02 -2.96836533e-02 8.98849443e-02 6.82433322e-02 -8.05040374e-02 -4.40490171e-02 1.61310192e-03 -1.60337854e-02 3.57186161e-02 2.58111004e-02
1.22069202e-01 -1.68223381e-01 2.46696547e-03 8.88584033e-02 1.93399228e-02 -1.10848799e-01 -1.80555120e-01 8.12167451e-02 -2.48819709e-01 -1.88957676e-01 2.23070741e-01 1.21960260e-01 -4.45922511e-03 4.43830118e-02 -9.88736823e-02 -7.14466348e-02
1.49670979e-02 -2.89061386e-02 -2.08812617e-02 -2.54794490e-02 -4.08415962e-03 2.93676052e-02 5.15804067e-02 -2.38452647e-02 7.05591366e-02 5.35582639e-02 -6.31861016e-02 -3.45815271e-02 1.27326709e-03 -1.25927571e-02 2.80533116e-02 2.02706847e-02
-4.25692135e-03 6.55027013e-03 6.31680014e-03 8.67749937e-03 1.60130183e-03 -1.03172436e-02 -1.76956933e-02 8.10514577e-03 -2.42525842e-02 -1.84111614e-02 2.17163414e-02 1.18861469e-02 -4.36377741e-04 4.32741223e-03 -9.64028481e-03 -6.96601858e-03
-4.30229679e-02 5.58689758e-02 2.06832923e-02 1.05739487e-02 -5.44955954e-04 -9.90884099e-03 -2.29186192e-02 1.13663469e-02 -2.96790898e-02 -2.25180853e-02 2.63616014e-02 1.45716090e-02 -5.44017821e-04 5.31094288e-03 -1.18311793e-02 -8.54819734e-03
-1.63990930e-02 2.66953856e-02 -2.95057055e-03 -1.45666217e-02 -3.44030745e-03 1.83078162e-02 2.96033677e-02 -1.33188777e-02 4.09390591e-02 3.11090164e-02 -3.67204361e-02 -2.00694967e-02 7.25944526e-04 -7.29883509e-03 1.62591394e-02 1.17505277e-02
-1.82616487e-02 4.33346257e-02 -1.27718095e-02 -4.10644971e-02 -8.95144604e-03 5.01575656e-02 8.29320028e-02 -3.67969908e-02 1.14319772e-01 8.68066922e-02 -1.02452107e-01 -5.60264066e-02 2.04442441e-03 -2.03880630e-02 4.54185009e-02 3.28209549e-02
-2.69565508e-02 3.08285691e-02 -1.70757566e-02 -4.26153801e-02 -8.67490470e-03 5.16840443e-02 8.68298188e-02 -3.93373594e-02 1.19469889e-01 9.07158777e-02 -1.07002795e-01 -5.85496873e-02 2.14581308e-03 -2.13137325e-02 4.74812090e-02 3.43100950e-02
-4.34882613e-03 -1.05130312e-03 -7.69998087e-03 -1.19531220e-02 -2.17352342e-03 1.42658763e-02 2.45298985e-02 -1.12315817e-02 3.36341709e-02 2.55321562e-02 -3.01188510e-02 -1.64838228e-02 6.05400593e-04 -6.00143522e-03 1.33695565e-02 9.66074038e-03
2.96489671e-02 -4.70790118e-02 3.82338241e-02 8.47352967e-02 1.73004884e-02 -1.02002956e-01 -1.72466576e-01 7.87685141e-02 -2.37099513e-01 -1.79999933e-01 2.12350890e-01 1.16193175e-01 -4.26046131e-03 4.22980934e-02 -9.42284539e-02 -6.80896267e-02
-6.34672446e-03 5.74736577e-03 -2.00391281e-03 -6.15167432e-03 -1.36217114e-03 7.57789146e-03 1.26755144e-02 -5.75305382e-03 1.74467787e-02 1.32476082e-02 -1.56334545e-02 -8.55094846e-03 3.12457501e-04 -3.11199646e-03 6.93261018e-03 5.00967680e-03
2.68792827e-03 -5.48581081e-03 -3.86818545e-03 -4.85293055e-03 -7.61389849e-04 5.58940042e-03 9.74795409e-03 -4.49895207e-03 1.33114001e-02 1.01032127e-02 -1.19187925e-02 -6.52362080e-03 2.40312133e-04 -2.37577432e-03 5.29264426e-03 3.82427336e-03
2.44853888e-02 -4.55142930e-02 -8.36976524e-03 6.22854615e-03 2.96298508e-03 -9.66461003e-03 -1.20997867e-02 5.05130365e-03 -1.72323100e-02 -1.31302271e-02 1.55383535e-02 8.44993349e-03 -2.99711915e-04 3.06710810e-03 -6.83231140e-03 -4.93847532e-03
-3.03512090e-03 7.66718702e-04 -6.18670415e-03 -1.07164234e-02 -2.05835304e-03 1.28062172e-02 2.19010916e-02 -1.00214053e-02 3.00528165e-02 2.28140783e-02 -2.69143209e-02 -1.47286048e-02 5.40617737e-04 -5.36210742e-03 1.19453063e-02 8.63162428e-03
3.05136433e-03 -8.05375259e-03 6.79817516e-04 5.59688034e-03 1.36732846e-03 -6.89942390e-03 -1.10680088e-02 4.81540710e-03 -1.53322546e-02 -1.16408681e-02 1.37383370e-02 7.51501042e-03 -2.68994627e-04 2.72997818e-03 -6.08239602e-03 -4.39635152e-03
1.41689731e-02 -2.00663432e-02 1.20624145e-02 3.01458184e-02 6.39785035e-03 -3.68050896e-02 -6.13539927e-02 2.77798492e-02 -8.44612867e-02 -6.41327649e-02 7.56798685e-02 4.13915403e-02 -1.51433132e-03 1.50652882e-02 -3.35610732e-02 -2.42519677e-02
-1.16016474e-02 1.87304504e-02 1.02218492e-02 1.09181693e-02 1.52004045e-03 -1.23196552e-02 -2.25312635e-02 1.04739293e-02 -3.06394808e-02 -2.32144855e-02 2.74065174e-02 1.50160734e-02 -5.56185551e-04 5.47044817e-03 -1.21876234e-02 -8.80536716e-03
-1.37389479e-02 1.15291001e-02 -8.68133176e-03 -1.82010289e-02 -3.76633229e-03 2.21126880e-02 3.72315235e-02 -1.69590693e-02 5.11637889e-02 3.88484597e-02 -4.58277091e-02 -2.50750296e-02 9.19123122e-04 -9.12773144e-03 2.03340407e-02 1.46934921e-02
1.29593164e-02 -2.17666607e-02 -1.03762802e-02 -1.11923749e-02 -1.56741659e-03 1.19890096e-02 2.21617185e-02 -1.02173593e-02 3.02451402e-02 2.29421221e-02 -2.70657558e-02 -1.48224626e-02 5.47207426e-04 -5.39899059e-03 1.20275924e-02 8.69060121e-03
-4.71845418e-02 9.12168473e-02 -1.38024427e-03 -4.46107239e-02 -1.02397790e-02 5.44877984e-02 9.04525816e-02 -4.07752730e-02 1.24862805e-01 9.48244035e-02 -1.11852780e-01 -6.11932352e-02 2.23900797e-03 -2.22732462e-02 4.96172234e-02 3.58546935e-02
-8.14426318e-03 5.51654119e-03 -6.99013518e-03 -1.33394320e-02 -2.59574037e-03 1.59644894e-02 2.72465125e-02 -1.24575123e-02 3.73998098e-02 2.83917245e-02 -3.34947817e-02 -1.83291268e-02 6.72638358e-04 -6.67282101e-03 1.48652149e-02 1.07415523e-02
1.87913310e-02 -3.93135473e-02 -3.25745763e-03 1.20604504e-02 3.45275784e-03 -1.60383228e-02 -2.45628562e-02 1.09840753e-02 -3.41672152e-02 -2.59748064e-02 3.07013113e-02 1.67493187e-02 -5.98513754e-04 6.08562306e-03 -1.35556133e-02 -9.79814958e-03
-6.41555060e-03 9.72046331e-03 1.24455558e-03 -2.36373814e-03 -6.52699440e-04 3.20083043e-03 4.80759423e-03 -2.09138868e-03 6.71616662e-03 5.10388706e-03 -6.03716634e-03 -3.29154008e-03 1.17733922e-04 -1.19600794e-03 2.66422145e-03 1.92561571e-03
-1.77770940e-04 4.48553078e-03 1.03788089e-03 -3.26542708e-04 -1.99089409e-04 4.91220329e-04 5.80960710e-04 -2.21896757e-04 8.44759750e-04 6.44866144e-04 -7.66254438e-04 -4.14480543e-04 1.39968770e-05 -1.49910178e-04 3.33913456e-04 2.41453628e-04
-1.49888247e-02 9.72728431e-03 1.36549445e-02 2.11053099e-02 3.61946295e-03 -2.46168897e-02 -4.28419374e-02 1.97449625e-02 -5.86348772e-02 -4.45026532e-02 5.24937734e-02 2.87354197e-02 -1.05716474e-03 1.04639996e-02 -2.33110096e-02 -1.68439765e-02
-4.43291385e-03 8.19640979e-03 2.02812254e-02 3.11571099e-02 5.77421021e-03 -3.66584361e-02 -6.33194968e-02 2.91157961e-02 -8.68064612e-02 -6.58890530e-02 7.77078196e-02 4.25404757e-02 -1.56447338e-03 1.54899824e-02 -3.45077366e-02 -2.49345601e-02
-3.10634775e-03 9.10078362e-03 -2.29584402e-03 -8.17838591e-03 -1.86026911e-03 1.00179221e-02 1.64532997e-02 -7.39239715e-03 2.27205940e-02 1.72621589e-02 -2.03808397e-02 -1.11388788e-02 4.03278158e-04 -4.05087136e-03 9.02391132e-03 6.52153464e-03
5.17595978e-03 -6.90979697e-03 2.37404578e-03 6.29188167e-03 1.36830518e-03 -7.64637254e-03 -1.29025728e-02 5.87017974e-03 -1.77531186e-02 -1.34791341e-02 1.59043409e-02 8.70060828e-03 -3.18508275e-04 3.16684600e-03 -7.05483090e-03 -5.09791169e-03
-4.08681436e-03 1.46032767e-02 -1.95988026e-02 -4.27270718e-02 -8.68802238e-03 5.13358004e-02 8.68652314e-02 -3.96077558e-02 1.19403876e-01 9.06429812e-02 -1.06958598e-01 -5.85155301e-02 2.14623939e-03 -2.13017818e-02 4.74545360e-02 3.42905968e-02
5.04570678e-02 -7.05901533e-02 2.53135338e-03 4.89975810e-02 1.12061147e-02 -6.06293343e-02 -9.94073749e-02 4.51237857e-02 -1.37155980e-01 -1.04153581e-01 1.22921415e-01 6.72241226e-02 -2.45927391e-03 2.44648233e-02 -5.45009561e-02 -3.93830165e-02
-1.49598699e-02 2.39515938e-02 -6.69706147e-04 -1.46361878e-02 -3.46886087e-03 1.81651805e-02 2.97520664e-02 -1.34559032e-02 4.10760008e-02 3.11943740e-02 -3.68157811e-02 -2.01305430e-02 7.34710891e-04 -7.32530514e-03 1.63186248e-02 1.17923431e-02
-3.18273865e-02 6.05008863e-02 3.71318217e-03 -2.20958237e-02 -5.82940271e-03 2.87654288e-02 4.45157886e-02 -1.98098961e-02 6.19005449e-02 4.70374860e-02 -5.56635819e-02 -3.03404406e-02 1.09435897e-03 -1.10307029e-02 2.45738085e-02 1.77585576e-02
-3.14323641e-02 5.39844222e-02 -1.74099114e-03 -2.86923442e-02 -6.97957957e-03 3.63661759e-02 5.81650697e-02 -2.59393062e-02 8.05927143e-02 6.12303838e-02 -7.23270699e-02 -3.95212322e-02 1.41763629e-03 -1.43632330e-02 3.19952518e-02 2.31250729e-02
-1.01162959e-02 1.52361803e-02 -1.50934877e-02 -3.29999961e-02 -6.71958271e-03 3.96078490e-02 6.69572353e-02 -3.04887909e-02 9.20778885e-02 6.99058175e-02 -8.24803710e-02 -4.51262631e-02 1.65453367e-03 -1.64271593e-02 3.65951955e-02 2.64437255e-02
8.98628728e-04 -1.28914136e-02 5.70685603e-03 1.71093140e-02 3.81759275e-03 -2.08658408e-02 -3.42561230e-02 1.55084683e-02 -4.72539440e-02 -3.58913019e-02 4.23667170e-02 2.31619012e-02 -8.43447691e-04 8.42714682e-03 -1.87730528e-02 -1.35663152e-02
1.83836017e-02 -1.35278162e-02 1.85661782e-02 3.68033350e-02 7.34260166e-03 -4.44372036e-02 -7.56770074e-02 3.45632248e-02 -1.03916980e-01 -7.88890198e-02 9.30727795e-02 5.09286523e-02 -1.86811958e-03 1.85403451e-02 -4.13027592e-02 -2.98453365e-02
-1.42207537e-02 1.88955497e-02 2.86348234e-03 -4.56655212e-03 -1.25240069e-03 5.81263565e-03 9.24116559e-03 -4.14170465e-03 1.28449081e-02 9.75822099e-03 -1.15208980e-02 -6.29488239e-03 2.29660523e-04 -2.29063234e-03 5.10285236e-03 3.68746393e-03
-2.43618302e-02 5.73757589e-02 2.50733681e-02 2.37383973e-02 3.74768768e-03 -2.64761932e-02 -4.86859716e-02 2.25429833e-02 -6.63379729e-02 -5.03220148e-02 5.92495017e-02 3.24890353e-02 -1.21347315e-03 1.18437652e-02 -2.63860673e-02 -1.90643147e-02
-4.35771840e-03 4.46397532e-03 2.70851015e-04 -1.31004374e-03 -3.75475298e-04 1.78057211e-03 2.83096265e-03 -1.27157103e-03 3.92400241e-03 2.98166974e-03 -3.52108222e-03 -1.92366494e-03 6.96100760e-05 -6.99515978e-04 1.55828428e-03 1.12616026e-03
-3.89572140e-03 1.02180131e-02 1.18708541e-03 -3.42148356e-03 -1.08187844e-03 4.49437322e-03 6.74259011e-03 -2.94097397e-03 9.49201453e-03 7.22971279e-03 -8.56745243e-03 -4.66129323e-03 1.60998519e-04 -1.68888702e-03 3.76156857e-03 2.71989428e-03
1.23642981e-02 -2.57850029e-02 9.67002567e-03 3.23767848e-02 6.80588977e-03 -3.93346176e-02 -6.58854544e-02 2.99688689e-02 -9.06722248e-02 -6.88514635e-02 8.12491998e-02 4.44428064e-02 -1.62015785e-03 1.61720999e-02 -3.60258706e-02 -2.60339864e-02
2.45871674e-02 -3.45394909e-02 6.44874945e-03 2.29318235e-02 5.22080576e-03 -2.79114582e-02 -4.67804782e-02 2.13146415e-02 -6.43692464e-02 -4.88770343e-02 5.76694645e-02 3.15461755e-02 -1.15431403e-03 1.14816809e-02 -2.55779605e-02 -1.84829924e-02
-3.13111544e-02 4.52672541e-02 2.02423148e-02 2.16738321e-02 3.27356439e-03 -2.49212459e-02 -4.45492566e-02 2.06158981e-02 -6.06632791e-02 -4.60275449e-02 5.42689078e-02 2.97306795e-02 -1.09706598e-03 1.08288042e-02 -2.41237432e-02 -1.74308307e-02
-1.23697445e-02 2.26414464e-02 -1.08703887e-02 -3.11303753e-02 -7.22420448e-03 3.81016769e-02 6.28009513e-02 -2.82493439e-02 8.67686197e-02 6.58868700e-02 -7.77624175e-02 -4.25239466e-02 1.55464059e-03 -1.54762100e-02 3.44765559e-02 2.49134470e-02
5.86668262e-04 2.61918502e-03 2.97725014e-03 4.54554195e-03 8.69055511e-04 -5.39893750e-03 -9.22033098e-03 4.21547191e-03 -1.26537271e-02 -9.60595999e-03 1.13325343e-02 6.20141020e-03 -2.27563272e-04 2.25764303e-03 -5.02940873e-03 -3.63423629e-03
-1.31522752e-02 1.91210546e-02 -4.66241781e-03 -1.60502605e-02 -3.80914612e-03 1.99437812e-02 3.26114893e-02 -1.46336360e-02 4.49999161e-02 3.41831334e-02 -4.03477289e-02 -2.20646132e-02 7.94930791e-04 -8.02081265e-03 1.78667344e-02 1.29134301e-02
-2.23130882e-02 3.05325296e-02 -2.56534573e-03 -1.55331120e-02 -3.64990532e-03 1.97041873e-02 3.20415683e-02 -1.44334594e-02 4.41942587e-02 3.35756652e-02 -3.96467037e-02 -2.16648970e-02 7.87204539e-04 -7.88098201e-03 1.75563339e-02 1.26874205e-02
2.74311565e-02 -3.89938094e-02 1.69665031e-02 4.74392734e-02 9.97099932e-03 -5.71787767e-02 -9.67019722e-02 4.40718904e-02 -1.32899120e-01 -1.00893922e-01 1.19038068e-01 6.51310831e-02 -2.38865474e-03 2.37101037e-02 -5.28196283e-02 -3.81674282e-02
-6.26049377e-03 1.01008862e-02 -3.43434233e-03 -1.03899399e-02 -2.21021357e-03 1.27079384e-02 2.12190561e-02 -9.62966308e-03 2.92109791e-02 2.21811961e-02 -2.61756778e-02 -1.43169276e-02 5.22573944e-04 -5.20993304e-03 1.16061755e-02 8.38701054e-03
-1.16489520e-02 1.19170900e-02 -1.05373394e-02 -2.34232806e-02 -4.73134546e-03 2.82558110e-02 4.79390696e-02 -2.18952000e-02 6.58441186e-02 4.99875881e-02 -5.89756854e-02 -3.22694480e-02 1.18308770e-03 -1.17469011e-02 2.61688419e-02 1.89096797e-02
-7.21182209e-03 2.60103983e-03 -8.18371866e-03 -1.49841597e-02 -2.93251942e-03 1.79843102e-02 3.06714345e-02 -1.40163042e-02 4.21061441e-02 3.19649316e-02 -3.77105549e-02 -2.06357352e-02 7.57146510e-04 -7.51244323e-03 1.67356562e-02 1.20931501e-02
-2.99548847e-03 8.35446827e-03 -8.24709050e-03 -1.78458244e-02 -3.63941048e-03 2.15213411e-02 3.62816602e-02 -1.65252853e-02 4.98967208e-02 3.78819518e-02 -4.46932428e-02 -2.44533401e-02 8.95934063e-04 -8.90124869e-03 1.98294614e-02 1.43289194e-02
-2.14225948e-02 2.55367123e-02 -8.68172757e-03 -2.73938738e-02 -5.87148406e-03 3.34474035e-02 5.58038503e-02 -2.54826657e-02 7.67268836e-02 5.82514778e-02 -6.87234625e-02 -3.76015641e-02 1.37722096e-03 -1.36867855e-02 3.04903556e-02 2.20325459e-02
-1.14111844e-02 1.59898289e-02 -1.77496136e-03 -1.01364618e-02 -2.32852320e-03 1.23869572e-02 2.06466131e-02 -9.35606379e-03 2.84430068e-02 2.15982292e-02 -2.54829861e-02 -1.39396330e-02 5.09945850e-04 -5.07351337e-03 1.13023752e-02 8.16726126e-03
-1.74526572e-02 3.36953104e-02 -1.70337204e-02 -4.36133109e-02 -9.19627212e-03 5.27353808e-02 8.83722603e-02 -4.02438305e-02 1.21745944e-01 9.24400911e-02 -1.09072655e-01 -5.96682280e-02 2.18446087e-03 -2.17183698e-02 4.83823791e-02 3.49614881e-02
-2.66781300e-02 3.22858132e-02 -2.61622202e-03 -1.56505704e-02 -3.64619680e-03 1.94996372e-02 3.18656377e-02 -1.44553985e-02 4.39512208e-02 3.33822556e-02 -3.94126810e-02 -2.15411447e-02 7.85365410e-04 -7.83823989e-03 1.74612943e-02 1.26181496e-02
3.36119570e-02 -6.60792589e-02 -1.76070631e-03 1.93909816e-02 4.98937955e-03 -2.45931912e-02 -4.00117710e-02 1.79864615e-02 -5.53167313e-02 -4.20220494e-02 4.96610440e-02 2.71165669e-02 -9.85885272e-04 9.86505579e-03 -2.19760071e-02 -1.58814043e-02
-1.91365182e-02 2.53667720e-02 -1.39476154e-02 -3.44713703e-02 -7.57971779e-03 4.21949066e-02 7.02518672e-02 -3.18007134e-02 9.67600495e-02 7.34646469e-02 -8.66818577e-02 -4.74203601e-02 1.73416687e-03 -1.72582678e-02 3.84463929e-02 2.77823359e-02
2.01239400e-02 -3.27311046e-02 1.70369092e-02 4.34459522e-02 9.01604071e-03 -5.25612459e-02 -8.83166343e-02 4.02663909e-02 -1.21467650e-01 -9.22232047e-02 1.08845718e-01 5.95322885e-02 -2.17821030e-03 2.16678213e-02 -4.82697524e-02 -3.48804519e-02
-2.04755715e-03 2.02950044e-03 1.51064817e-03 1.98975322e-03 3.59303405e-04 -2.34256452e-03 -4.04114742e-03 1.85142655e-03 -5.54015720e-03 -4.20546671e-03 4.96063055e-03 2.71515967e-03 -9.97502939e-05 9.88575979e-04 -2.20227824e-03 -1.59134343e-03
1.24561237e-02 -3.08514442e-02 1.33646438e-02 3.56393643e-02 7.50802876e-03 -4.34098467e-02 -7.25749806e-02 3.30899470e-02 -9.98089164e-02 -7.57765770e-02 8.94144624e-02 4.89153378e-02 -1.79105299e-03 1.78044457e-02 -3.96631584e-02 -2.86611598e-02
1.70057453e-02 -2.71061193e-02 1.91844255e-03 1.42542310e-02 3.17547936e-03 -1.75311789e-02 -2.89163776e-02 1.31001435e-02 -3.98883745e-02 -3.02875116e-02 3.57568413e-02 1.95503123e-02 -7.12957059e-04 7.11345300e-03 -1.58466734e-02 -1.14513477e-02
1.01708122e-01 -1.27362445e-01 -2.98951976e-02 2.31168400e-02 7.17300503e-03 -2.97533348e-02 -4.62255962e-02 2.01899670e-02 -6.45815358e-02 -4.89993691e-02 5.78308329e-02 3.16336118e-02 -1.15125312e-03 1.15076844e-02 -2.56360415e-02 -1.85255148e-02
-9.55275260e-03 1.39831742e-02 1.80200487e-02 2.40602884e-02 4.43163374e-03 -2.85103321e-02 -4.91460562e-02 2.25309990e-02 -6.73416629e-02 -5.11165112e-02 6.02957457e-02 3.30019891e-02 -1.21205859e-03 1.20160626e-02 -2.67685056e-02 -1.93427224e-02
-5.03075356e-03 7.25333020e-03 -4.41190368e-03 -1.05649419e-02 -2.22141948e-03 1.28297796e-02 2.15707216e-02 -9.80745908e-03 2.96821017e-02 2.25383900e-02 -2.65975539e-02 -1.45481881e-02 5.31616155e-04 -5.29457815e-03 1.17947413e-02 8.52319784e-03
2.75989855e-03 -3.21637839e-03 -5.61886188e-03 -7.36194151e-03 -1.27639610e-03 8.58390704e-03 1.51355611e-02 -7.00066378e-03 2.07097754e-02 1.57175716e-02 -1.85428802e-02 -1.01504149e-02 3.73869436e-04 -3.69633897e-03 8.23465083e-03 5.94998430e-03
-1.88953932e-02 3.45826633e-02 1.09914970e-02 4.36029583e-03 4.00546705e-05 -4.58430825e-03 -8.84093903e-03 4.11408581e-03 -1.18315900e-02 -8.96617118e-03 1.05273016e-02 5.78344101e-03 -2.19294161e-04 2.11667665e-03 -4.71613929e-03 -3.40554328e-03
4.75842878e-03 -6.40571408e-04 -1.51341385e-03 -3.29715689e-03 -6.80638594e-04 3.85435810e-03 6.47692615e-03 -2.94174254e-03 8.90956726e-03 6.76439330e-03 -7.98171293e-03 -4.36655758e-03 1.59576317e-04 -1.58911094e-03 3.54008307e-03 2.55814684e-03
2.54301578e-02 -4.15939502e-02 2.66817864e-03 1.79797690e-02 4.87305410e-03 -2.31596120e-02 -3.62064466e-02 1.54017182e-02 -5.03100716e-02 -3.82508710e-02 4.51808572e-02 2.46699210e-02 -8.88309733e-04 8.96844827e-03 -1.99784227e-02 -1.44388787e-02
2.02175812e-04 -8.18550703e-04 -4.58735274e-03 -7.30843842e-03 -1.37929525e-03 8.67911894e-03 1.49098635e-02 -6.82534929e-03 2.04479359e-02 1.55221857e-02 -1.83102619e-02 -1.00212460e-02 3.68029345e-04 -3.64852557e-03 8.12792126e-03 5.87317208e-03
3.16197462e-02 -4.29073907e-02 -5.24489814e-03 1.35660181e-02 3.49910045e-03 -1.72722153e-02 -2.77368538e-02 1.22906771e-02 -3.84471677e-02 -2.92056464e-02 3.45260203e-02 1.88479349e-02 -6.79078221e-04 6.85104495e-03 -1.52616119e-02 -1.10299960e-02
-1.69515293e-02 3.58820260e-02 -3.36775184e-03 -2.44520828e-02 -5.54587599e-03 3.04104779e-02 4.97578345e-02 -2.24514697e-02 6.87185377e-02 5.21916300e-02 -6.16459325e-02 -3.36912163e-02 1.21753302e-03 -1.22509478e-02 2.72905268e-02 1.97229255e-02
1.96924768e-02 -2.46779770e-02 -2.13224767e-03 6.45960774e-03 1.69042544e-03 -8.37437436e-03 -1.32643254e-02 5.84894558e-03 -1.84370782e-02 -1.40071046e-02 1.65504869e-02 9.03721247e-03 -3.27243353e-04 3.28642922e-03 -7.32112164e-03 -5.29082259e-03
2.54956614e-02 -2.95676701e-02 -1.77264605e-02 -1.60330124e-02 -2.18398636e-03 1.80928353e-02 3.29115540e-02 -1.52403964e-02 4.48336042e-02 3.40183638e-02 -4.01109606e-02 -2.19766889e-02 8.12915736e-04 -8.00494663e-03 1.78330485e-02 1.28851980e-02
-1.06783751e-02 1.21236127e-02 -1.84614444e-03 -7.74613023e-03 -1.70367840e-03 9.61936824e-03 1.57697033e-02 -7.20422994e-03 2.17033476e-02 1.64820477e-02 -1.94514953e-02 -1.06369369e-02 3.89420631e-04 -3.87155311e-03 8.62474274e-03 6.23232359e-03
2.64366958e-02 -4.09677625e-02 8.91222991e-03 3.46012600e-02 7.92372786e-03 -4.29153778e-02 -7.04433843e-02 3.19571868e-02 -9.69676003e-02 -7.36475587e-02 8.68892446e-02 4.75218371e-02 -1.73564057e-03 1.72937959e-02 -3.85253914e-02 -2.78398450e-02
-6.06362196e-03 1.25389528e-02 -1.55608626e-02 -3.37793455e-02 -6.75235642e-03 3.98162901e-02 6.74226135e-02 -3.06774843e-02 9.26687047e-02 7.03523010e-02 -8.30019489e-02 -4.54150140e-02 1.66418159e-03 -1.65312048e-02 3.68269160e-02 2.66113486e-02
5.54169230e-02 -1.30701125e-01 -6.34673052e-03 4.60470729e-02 1.27969841e-02 -5.77675365e-02 -9.17596295e-02 4.11736779e-02 -1.28415927e-01 -9.74591672e-02 1.15064822e-01 6.28859028e-02 -2.28237384e-03 2.28784215e-02 -5.09658270e-02 -3.68309170e-02
-3.94940712e-02 4.79264259e-02 -1.25937602e-02 -4.10569832e-02 -9.14100185e-03 5.00076003e-02 8.42625573e-02 -3.84411439e-02 1.15929432e-01 8.80155936e-02 -1.03865504e-01 -5.68160266e-02 2.07978673e-03 -2.06801631e-02 4.60696816e-02 3.32904495e-02
3.65032479e-02 -5.81645332e-02 1.47668375e-02 4.84902896e-02 1.10329222e-02 -5.99158891e-02 -9.85335633e-02 4.42350172e-02 -1.35951042e-01 -1.03292517e-01 1.21870033e-01 6.66335821e-02 -2.43292237e-03 2.42497232e-02 -5.40215150e-02 -3.90372053e-02
-8.46738834e-03 1.68265030e-02 1.35918194e-02 1.46747706e-02 2.54411483e-03 -1.70858931e-02 -3.00054885e-02 1.38043612e-02 -4.10365053e-02 -3.11474241e-02 3.67405415e-02 2.01119110e-02 -7.39707786e-04 7.32322317e-03 -1.63141619e-02 -1.17883617e-02
2.72997860e-02 -4.72149029e-02 2.79051252e-03 2.73184404e-02 6.47064857e-03 -3.36024128e-02 -5.57185709e-02 2.53248215e-02 -7.67855793e-02 -5.83107248e-02 6.88146576e-02 3.76319811e-02 -1.37302792e-03 1.36936270e-02 -3.05052791e-02 -2.20442787e-02
7.23570138e-02 -1.26869723e-01 3.04116942e-02 1.03151493e-01 2.22268440e-02 -1.25883222e-01 -2.09862590e-01 9.47190896e-02 -2.88789928e-01 -2.19262376e-01 2.58733541e-01 1.41532585e-01 -5.18515054e-03 5.15177101e-02 -1.14767238e-01 -8.29316527e-02
-1.99465826e-02 2.52270531e-02 -1.57243107e-02 -3.84064876e-02 -8.20225384e-03 4.70208675e-02 7.83384666e-02 -3.56009454e-02 1.07842706e-01 8.18981528e-02 -9.66003314e-02 -5.28524555e-02 1.93283404e-03 -1.92358084e-02 4.28516604e-02 3.09656765e-02
4.45444994e-02 -9.62048844e-02 -8.54315050e-03 1.51256304e-02 4.46097134e-03 -2.02142205e-02 -3.01399734e-02 1.35069648e-02 -4.23746966e-02 -3.22116464e-02 3.80836837e-02 2.07664110e-02 -7.48288643e-04 7.54772592e-03 -1.68137979e-02 -1.21515905e-02
9.91690904e-03 -1.93041824e-02 -1.27790961e-03 7.15963682e-03 1.87933142e-03 -9.03089996e-03 -1.43425055e-02 6.43896591e-03 -1.98538657e-02 -1.50806336e-02 1.77918281e-02 9.73033439e-03 -3.55031341e-04 3.54065583e-03 -7.88758788e-03 -5.69978263e-03
2.55343523e-02 -2.96263397e-02 -2.64562108e-02 -3.31776999e-02 -5.21339197e-03 3.81389782e-02 6.75641745e-02 -3.12556922e-02 9.23389792e-02 7.00776353e-02 -8.26438963e-02 -4.52542603e-02 1.66665274e-03 -1.64794046e-02 3.67118455e-02 2.65269466e-02
-1.40776997e-02 1.97805557e-02 -2.67690979e-03 -1.32240867e-02 -3.30620259e-03 1.65004078e-02 2.69222017e-02 -1.19951554e-02 3.72266807e-02 2.82838792e-02 -3.33740301e-02 -1.82508510e-02 6.55803829e-04 -6.63512433e-03 1.47805978e-02 1.06824776e-02
-7.01306853e-03 7.02402089e-03 -7.79367611e-03 -1.54122179e-02 -3.07010021e-03 1.86096728e-02 3.16320136e-02 -1.44375023e-02 4.34388556e-02 3.29774395e-02 -3.89066227e-02 -2.12890208e-02 7.80927192e-04 -7.75007810e-03 1.72650404e-02 1.24757020e-02
-7.42020085e-03 7.23871682e-03 -3.66228330e-03 -1.03214467e-02 -2.20798189e-03 1.25324633e-02 2.10849363e-02 -9.57189780e-03 2.90256571e-02 2.20388696e-02 -2.60124188e-02 -1.42258424e-02 5.19426074e-04 -5.17694931e-03 1.15326503e-02 8.33388604e-03
-4.00314061e-03 6.36429712e-03 -3.56947957e-03 -8.82856827e-03 -1.86158053e-03 1.06956847e-02 1.79586206e-02 -8.18069652e-03 2.46964917e-02 1.87510066e-02 -2.21258029e-02 -1.21035352e-02 4.43093770e-04 -4.40544263e-03 9.81407985e-03 7.09177135e-03
-3.22261825e-02 4.39935625e-02 -3.92613001e-03 -2.74473522e-02 -6.05260581e-03 3.35771739e-02 5.58816344e-02 -2.52524484e-02 7.69308656e-02 5.84139042e-02 -6.89243823e-02 -3.77010554e-02 1.37985463e-03 -1.37224011e-02 3.05697061e-02 2.20900122e-02
5.13661001e-03 -1.56746693e-02 -3.58194462e-03 7.15685717e-04 6.28936919e-04 -1.39774475e-03 -1.16657559e-03 4.11307556e-04 -1.78997475e-03 -1.37432374e-03 1.62978680e-03 8.78887251e-04 -2.82036235e-05 3.16674355e-04 -7.05334183e-04 -5.10256679e-04
1.30823860e-02 -1.70470700e-02 2.10329797e-02 4.31438684e-02 8.58949497e-03 -5.19274995e-02 -8.81704316e-02 4.02281322e-02 -1.21102288e-01 -9.19423848e-02 1.08482271e-01 5.93525916e-02 -2.17458140e-03 2.16046795e-02 -4.81290706e-02 -3.47785167e-02
1.66343842e-02 -2.45026574e-02 -1.96497887e-02 -2.35323962e-02 -3.85191943e-03 2.73639653e-02 4.81214561e-02 -2.22477186e-02 6.58407509e-02 4.99708951e-02 -5.89373559e-02 -3.22673619e-02 1.18726678e-03 -1.17497640e-02 2.61753201e-02 1.89138073e-02
-3.53707969e-02 4.53755483e-02 -5.51691093e-03 -3.61166298e-02 -8.24096613e-03 4.38451506e-02 7.37302676e-02 -3.35989594e-02 1.01445824e-01 7.70125613e-02 -9.08669978e-02 -4.97147664e-02 1.82195019e-03 -1.80967357e-02 4.03145216e-02 2.91313976e-02
-3.59991640e-02 5.82106896e-02 -1.27080707e-02 -4.23893631e-02 -9.27056372e-03 5.15222922e-02 8.62658471e-02 -3.90538462e-02 1.18942656e-01 9.02931616e-02 -1.06543578e-01 -5.82886003e-02 2.13319808e-03 -2.12148521e-02 4.72608469e-02 3.41512002e-02
-2.41572615e-02 4.93015163e-02 -1.19004175e-02 -3.67722511e-02 -9.12107527e-03 4.57948186e-02 7.42116272e-02 -3.32800262e-02 1.02528691e-01 7.79212415e-02 -9.19487327e-02 -5.02619557e-02 1.82961125e-03 -1.82841793e-02 4.07312401e-02 2.94347666e-02
