-2.55326610e-02 -7.18287751e-03 -1.04464246e-02 -1.48822358e-02 1.11237904e-02 -1.09246615e-02 1.04118977e-02 -7.34496687e-04 -1.38935857e-02 -4.88724513e-03 -2.29674391e-02 2.58024316e-03 -4.65425570e-03 -6.45707641e-03 2.80571613e-03 2.41561588e-02
7.25340843e-02 1.64700150e-02 2.95686740e-02 4.17941548e-02 -3.16823609e-02 3.12243700e-02 -2.97141615e-02 2.12086341e-03 3.96441370e-02 1.39793456e-02 6.56881332e-02 -7.38038681e-03 1.33155584e-02 1.84735749e-02 -8.02721828e-03 -6.91109747e-02
4.93408879e-03 1.84433395e-03 2.40855012e-03 3.50988889e-03 -2.58775684e-03 2.58086016e-03 -2.45114369e-03 1.77003240e-04 3.27043422e-03 1.15721091e-03 5.43133495e-03 -6.10508374e-04 1.10160396e-03 1.52829068e-03 -6.64032588e-04 -5.71803749e-03
2.64425706e-02 1.04817925e-02 1.21582309e-02 1.68686919e-02 -1.27987787e-02 1.28093017e-02 -1.21299373e-02 9.28848633e-04 1.61658302e-02 5.74369868e-03 2.69219857e-02 -3.02727171e-03 5.46389818e-03 7.57996319e-03 -3.29304533e-03 -2.83658821e-02
5.25343567e-02 2.67480854e-02 2.97384951e-02 4.19285186e-02 -3.18679549e-02 3.15259062e-02 -2.98403092e-02 2.11545685e-03 3.98171060e-02 1.40959229e-02 6.61436990e-02 -7.43775815e-03 1.34217376e-02 1.86216887e-02 -8.09088815e-03 -6.96704537e-02
-1.64840594e-02 -3.37402010e-03 -7.55242072e-03 -1.14674540e-02 8.28315876e-03 -7.94782769e-03 7.65321497e-03 -3.76439944e-04 -1.01902774e-02 -3.54154967e-03 -1.67650972e-02 1.87941233e-03 -3.38580832e-03 -4.69949655e-03 2.04430544e-03 1.75574105e-02
1.34828854e-02 -6.10684045e-04 4.47615376e-03 7.38100708e-03 -5.39230974e-03 4.89736302e-03 -4.77344403e-03 2.52099417e-04 6.40193373e-03 2.20584753e-03 1.05209555e-02 -1.17606623e-03 2.11697514e-03 2.93993484e-03 -1.28080905e-03 -1.09766871e-02
5.60253533e-03 -7.00558187e-04 1.18013634e-03 2.09490908e-03 -1.33685756e-03 1.21769239e-03 -1.17637636e-03 6.35715551e-05 1.56532030e-03 5.40287874e-04 2.56456574e-03 -2.87129165e-04 5.17076638e-04 7.17574439e-04 -3.12108576e-04 -2.68095336e-03
5.82701489e-02 9.51056741e-03 2.33362652e-02 3.37022953e-02 -2.45989934e-02 2.44139861e-02 -2.32012663e-02 1.63524109e-03 3.10793072e-02 1.09000755e-02 5.14328443e-02 -5.76592097e-03 1.03968438e-02 1.44261606e-02 -6.27000397e-03 -5.39431758e-02
-2.19591763e-02 -5.35994349e-03 -9.04860068e-03 -1.26226349e-02 9.78468452e-03 -9.46960784e-03 9.06010158e-03 -4.72006999e-04 -1.19952010e-02 -4.23455099e-03 -1.98891126e-02 2.23514694e-03 -4.03214758e-03 -5.59383305e-03 2.43071024e-03 2.09268425e-02
-1.81610708e-03 1.08777749e-04 -4.38583345e-04 -6.74925279e-04 4.78644506e-04 -4.40517673e-04 4.21901670e-04 -2.19257308e-05 -5.58059430e-04 -1.95940884e-04 -9.23499872e-04 1.03623606e-04 -1.86877471e-04 -2.59257446e-04 1.12661946e-04 9.69661167e-04
-2.40022130e-02 -6.86088391e-03 -1.00011928e-02 -1.42618930e-02 1.07117174e-02 -1.05169881e-02 1.00135142e-02 -6.98438205e-04 -1.33318743e-02 -4.70896671e-03 -2.21220385e-02 2.48595932e-03 -4.48412308e-03 -6.22140151e-03 2.70358101e-03 2.32727230e-02
1.52128935e-02 2.51065195e-03 5.41679375e-03 7.69467885e-03 -5.85606415e-03 5.67797059e-03 -5.40009188e-03 3.83204169e-04 7.20411260e-03 2.53868918e-03 1.19386967e-02 -1.34108530e-03 2.41869339e-03 3.35570844e-03 -1.45822612e-03 -1.25521906e-02
1.89353172e-02 4.63991240e-03 8.19810666e-03 1.17530655e-02 -8.95263068e-03 8.66345596e-03 -8.27363040e-03 5.16669359e-04 1.10456292e-02 3.87427839e-03 1.82130989e-02 -2.04657740e-03 3.69105069e-03 5.12121944e-03 -2.22576060e-03 -1.91542059e-02
4.54132678e-03 -7.24081602e-03 -3.94986523e-03 -4.94505931e-03 3.90922884e-03 -3.98409041e-03 3.76272271e-03 -3.00169078e-04 -5.02682570e-03 -1.78803853e-03 -8.37487262e-03 9.42056067e-04 -1.70043868e-03 -2.35898467e-03 1.02482748e-03 8.82825721e-03
-9.50838439e-03 -1.53548352e-03 -2.90132989e-03 -3.90758738e-03 3.01038614e-03 -3.04272887e-03 2.87891924e-03 -2.28006858e-04 -3.83895729e-03 -1.36540900e-03 -6.39580237e-03 7.19437259e-04 -1.29856984e-03 -1.80148636e-03 7.82625924e-04 6.74190046e-03
8.78749974e-03 9.12778452e-03 7.89061189e-03 1.07660061e-02 -8.40255432e-03 8.53559095e-03 -8.06796178e-03 6.35661650e-04 1.07725421e-02 3.83302453e-03 1.79541260e-02 -2.01954436e-03 3.64533463e-03 5.05710533e-03 -2.19698832e-03 -1.89256463e-02
-2.17547193e-02 -6.60501793e-03 -9.26518906e-03 -1.30338399e-02 9.85933002e-03 -9.72541701e-03 9.23213642e-03 -6.56316755e-04 -1.23210941e-02 -4.35569324e-03 -2.04375107e-02 2.29745661e-03 -4.14577033e-03 -5.75172901e-03 2.49895174e-03 2.15198081e-02
1.30919199e-02 6.23662863e-03 6.94278767e-03 9.56691708e-03 -7.32141407e-03 7.34264310e-03 -6.95984112e-03 5.31307596e-04 9.27306805e-03 3.29332054e-03 1.54342577e-02 -1.73572171e-03 3.13277659e-03 4.34603542e-03 -1.88808667e-03 -1.62639357e-02
-6.46946393e-03 -3.91711714e-03 -3.78968031e-03 -5.14335372e-03 4.02108626e-03 -4.06267680e-03 3.83706763e-03 -3.04890855e-04 -5.12377312e-03 -1.82340236e-03 -8.54158029e-03 9.60744917e-04 -1.73415116e-03 -2.40576174e-03 1.04514498e-03 9.00333188e-03
1.66191738e-02 6.79800566e-03 7.82387145e-03 1.08196121e-02 -8.28123465e-03 8.27082712e-03 -7.84479547e-03 5.71146607e-04 1.04464032e-02 3.70742031e-03 1.73820835e-02 -1.95446936e-03 3.52722430e-03 4.89324471e-03 -2.12586904e-03 -1.83109380e-02
4.19313833e-02 1.20832864e-02 1.67128295e-02 2.33405903e-02 -1.76364314e-02 1.76902954e-02 -1.67482011e-02 1.30500901e-03 2.23239493e-02 7.93648418e-03 3.71858776e-02 -4.18231217e-03 7.54873222e-03 1.04722530e-02 -4.54954756e-03 -3.91900800e-02
1.92403719e-02 8.22027400e-03 1.06582362e-02 1.50997164e-02 -1.13360127e-02 1.11858519e-02 -1.06661506e-02 7.18911528e-04 1.41785042e-02 5.00198454e-03 2.35197302e-02 -2.64202640e-03 4.76549892e-03 6.61247177e-03 -2.87361443e-03 -2.47316882e-02
2.21977364e-02 1.00052617e-02 1.16836559e-02 1.67174879e-02 -1.23384884e-02 1.23443631e-02 -1.16841514e-02 8.67234892e-04 1.56089300e-02 5.52426185e-03 2.59508900e-02 -2.91586528e-03 5.25969779e-03 7.29879551e-03 -3.17109539e-03 -2.73016952e-02
-7.16706272e-03 -4.47666645e-03 -4.58640186e-03 -6.56513264e-03 4.91365325e-03 -4.90455516e-03 4.64568613e-03 -3.49557638e-04 -6.19432051e-03 -2.19824212e-03 -1.03077302e-02 1.15891884e-03 -2.09153933e-03 -2.90157739e-03 1.26060518e-03 1.08577032e-02
2.19019745e-02 1.22117754e-02 1.25363534e-02 1.69955939e-02 -1.32044889e-02 1.33444462e-02 -1.26181738e-02 9.93839232e-04 1.68416873e-02 5.99251036e-03 2.80679483e-02 -3.15726362e-03 5.69897098e-03 7.90605694e-03 -3.43466410e-03 -2.95877121e-02
1.16542792e-02 7.28870369e-03 7.69249164e-03 1.08298399e-02 -8.22943915e-03 8.16556253e-03 -7.74413208e-03 5.69142867e-04 1.03406087e-02 3.65466182e-03 1.71787217e-02 -1.92908326e-03 3.48041672e-03 4.82862676e-03 -2.09843693e-03 -1.80638600e-02
7.64979050e-04 1.67748006e-03 1.10220385e-03 1.46439171e-03 -1.11346424e-03 1.11182150e-03 -1.05026818e-03 7.92261126e-05 1.40289671e-03 4.96538414e-04 2.33166222e-03 -2.61955603e-04 4.72685468e-04 6.55749755e-04 -2.84910173e-04 -2.45356956e-03
6.40911534e-02 1.20598692e-02 2.66559478e-02 3.92326750e-02 -2.86969114e-02 2.78676283e-02 -2.66965274e-02 1.59883173e-03 3.54444012e-02 1.24506131e-02 5.87556623e-02 -6.59226254e-03 1.18693784e-02 1.64701696e-02 -7.15893181e-03 -6.15730435e-02
-8.43966752e-03 2.63415277e-05 -2.19397619e-03 -3.50350211e-03 2.43579876e-03 -2.26864615e-03 2.17046472e-03 -1.12856331e-04 -2.89732567e-03 -1.00978394e-03 -4.77232598e-03 5.35085506e-04 -9.64269042e-04 -1.33807329e-03 5.81721659e-04 5.00199758e-03
-1.98901594e-02 -5.68965310e-03 -9.48709156e-03 -1.34557020e-02 1.01525746e-02 -1.00020422e-02 9.53856390e-03 -5.53117716e-04 -1.27342250e-02 -4.47180448e-03 -2.10263375e-02 2.36292440e-03 -4.26275143e-03 -5.91761759e-03 2.57256767e-03 2.21227407e-02
5.93554378e-02 3.22334431e-02 3.45804431e-02 4.66090813e-02 -3.62658687e-02 3.66395488e-02 -3.46458629e-02 2.62940605e-03 4.62201275e-02 1.64279751e-02 7.70052895e-02 -8.65849294e-03 1.56268366e-02 2.16783527e-02 -9.41777322e-03 -8.11271220e-02
1.65039990e-02 4.36409377e-03 6.39394857e-03 9.39623266e-03 -6.81438204e-03 6.75013522e-03 -6.39212318e-03 4.72525717e-04 8.52456689e-03 3.02534318e-03 1.41770793e-02 -1.59460469e-03 2.87801027e-03 3.99258360e-03 -1.73454790e-03 -1.49408942e-02
-5.00456467e-02 -2.09342744e-02 -2.44654380e-02 -3.29709612e-02 2.57365331e-02 -2.58264970e-02 2.44728923e-02 -1.90583908e-03 -3.26175280e-02 -1.15973353e-02 -5.43368757e-02 6.11053687e-03 -1.10295005e-02 -1.53010068e-02 6.64727576e-03 5.72624318e-02
3.87648866e-02 1.95826124e-02 2.00031791e-02 2.69839168e-02 -2.12659854e-02 2.13647261e-02 -2.02438943e-02 1.57883065e-03 2.69573219e-02 9.58845858e-03 4.49155308e-02 -5.05171111e-03 9.11867060e-03 1.26501564e-02 -5.49565768e-03 -4.73423228e-02
-1.83296688e-02 -7.53490580e-03 -9.16598551e-03 -1.26231657e-02 9.70810093e-03 -9.72442515e-03 9.20727570e-03 -7.02777936e-04 -1.22760469e-02 -4.35849046e-03 -2.04322264e-02 2.29760585e-03 -4.14675195e-03 -5.75272227e-03 2.49925232e-03 2.15272419e-02
-2.01440305e-02 -3.71097028e-03 -6.90681208e-03 -9.90152918e-03 7.33666355e-03 -7.27719069e-03 6.90521207e-03 -4.31053049e-04 -9.20335948e-03 -3.25903436e-03 -1.52890747e-02 1.71861809e-03 -3.10143572e-03 -4.30248957e-03 1.86925731e-03 1.60993319e-02
-8.95734038e-03 -3.43094906e-03 -3.97006748e-03 -5.52943163e-03 4.15163161e-03 -4.18929104e-03 3.96801159e-03 -2.94968951e-04 -5.28324954e-03 -1.87870977e-03 -8.80157668e-03 9.90021392e-04 -1.78702571e-03 -2.47911084e-03 1.07700774e-03 9.27765854e-03
3.22590694e-02 1.62231438e-02 1.74403582e-02 2.39413977e-02 -1.86111573e-02 1.85201522e-02 -1.75332353e-02 1.35870639e-03 2.33938321e-02 8.30892101e-03 3.89444716e-02 -4.37930925e-03 7.90393073e-03 1.09649543e-02 -4.76365397e-03 -4.10328396e-02
8.80927779e-03 6.23822352e-03 5.95412077e-03 8.15498549e-03 -6.29559578e-03 6.36225659e-03 -6.01728959e-03 4.78279806e-04 8.03178549e-03 2.85652000e-03 1.33800777e-02 -1.50504964e-03 2.71667400e-03 3.76878609e-03 -1.63729221e-03 -1.41043151e-02
-6.17726520e-03 -2.07389798e-03 -2.77070142e-03 -3.96828493e-03 2.98242248e-03 -2.88159284e-03 2.74129980e-03 -1.81345153e-04 -3.65028367e-03 -1.28753821e-03 -6.05289452e-03 6.79844932e-04 -1.22640026e-03 -1.70141412e-03 7.39313080e-04 6.36478653e-03
3.95083567e-03 -8.23573617e-04 4.05357219e-04 7.28231971e-04 -5.07100078e-04 4.60065785e-04 -4.44552337e-04 2.37952154e-05 5.87416289e-04 2.06311277e-04 9.69791203e-04 -1.09006163e-04 1.96596593e-04 2.72772741e-04 -1.18536875e-04 -1.02032279e-03
3.71318217e-03 5.46964351e-03 4.24307305e-03 5.73989656e-03 -4.47074138e-03 4.49169893e-03 -4.24736273e-03 3.21517262e-04 5.66267595e-03 2.01063277e-03 9.42872744e-03 -1.06000237e-03 1.91301131e-03 2.65392172e-03 -1.15300901e-03 -9.93108843e-03
-1.53695336e-02 -1.03769535e-02 -1.00223050e-02 -1.37682473e-02 1.05709741e-02 -1.06243305e-02 1.00507773e-02 -7.70589337e-04 -1.34190442e-02 -4.76717809e-03 -2.23391112e-02 2.51228292e-03 -4.53455886e-03 -6.29067095e-03 2.73291953e-03 2.35414095e-02
-2.18840241e-02 -5.27718198e-03 -9.60882008e-03 -1.37644047e-02 1.03107225e-02 -1.01113049e-02 9.62125231e-03 -5.51511592e-04 -1.29037444e-02 -4.52026492e-03 -2.12505069e-02 2.38944986e-03 -4.30842675e-03 -5.98331541e-03 2.59928661e-03 2.23567281e-02
2.80705765e-02 8.93308502e-03 1.17149334e-02 1.62858069e-02 -1.25136031e-02 1.23334872e-02 -1.17122922e-02 7.97138782e-04 1.55970445e-02 5.51704131e-03 2.58975886e-02 -2.90999049e-03 5.25140436e-03 7.28555024e-03 -3.16535751e-03 -2.72600316e-02
5.69024961e-03 1.66623585e-03 2.61288439e-03 3.63350380e-03 -2.80634407e-03 2.80445837e-03 -2.65909079e-03 2.00158087e-04 3.54308868e-03 1.25696417e-03 5.89584373e-03 -6.62886887e-04 1.19638746e-03 1.65978493e-03 -7.21166434e-04 -6.21087803e-03
1.62944607e-02 7.51297409e-03 7.61683285e-03 1.05443113e-02 -8.10056366e-03 8.17571022e-03 -7.72322342e-03 6.11846510e-04 1.03128217e-02 3.66941327e-03 1.71875656e-02 -1.93336082e-03 3.48979700e-03 4.84133558e-03 -2.10324302e-03 -1.81182735e-02
-1.19187310e-02 -1.02199866e-02 -9.19372030e-03 -1.28062451e-02 9.75798722e-03 -9.87417065e-03 9.32653621e-03 -7.40656047e-04 -1.24541959e-02 -4.42957366e-03 -2.07512639e-02 2.33407202e-03 -4.21300251e-03 -5.84462984e-03 2.53911805e-03 2.18727477e-02
-6.33676648e-02 -3.02061513e-02 -3.43732797e-02 -4.57283966e-02 3.59095074e-02 -3.64079438e-02 3.44121605e-02 -2.74655293e-03 -4.59496081e-02 -1.63553823e-02 -7.65994564e-02 8.61663278e-03 -1.55536328e-02 -2.15772651e-02 9.37390886e-03 8.07515532e-02
-4.09928858e-02 -2.08146833e-02 -2.16104742e-02 -2.90014315e-02 2.27653589e-02 -2.30598282e-02 2.18083039e-02 -1.73317781e-03 -2.91072316e-02 -1.03567494e-02 -4.85078767e-02 5.45646716e-03 -9.84926149e-03 -1.36636924e-02 5.93598140e-03 5.11353351e-02
2.00010166e-02 1.69861317e-03 7.02095311e-03 1.04707358e-02 -7.56159518e-03 7.26122921e-03 -6.91722520e-03 4.65056190e-04 9.22422670e-03 3.23755690e-03 1.52465170e-02 -1.71108765e-03 3.08607356e-03 4.28151200e-03 -1.86076981e-03 -1.60142779e-02
-1.37412976e-02 -8.33748654e-03 -8.27290863e-03 -1.13277230e-02 8.69681779e-03 -8.80143698e-03 8.32223985e-03 -6.48685091e-04 -1.11100692e-02 -3.94902891e-03 -1.85024794e-02 2.08089524e-03 -3.75597039e-03 -5.21057379e-03 2.26366357e-03 1.94997527e-02
-5.19793306e-04 1.68520422e-03 7.90714752e-04 9.60917154e-04 -7.67137564e-04 7.73858046e-04 -7.30439904e-04 5.32947415e-05 9.73865681e-04 3.44685192e-04 1.61874690e-03 -1.81856973e-04 3.28109774e-04 4.55198315e-04 -1.97788875e-04 -1.70300622e-03
7.65935052e-03 9.02362540e-03 7.70992693e-03 1.05824964e-02 -8.22114293e-03 8.33231770e-03 -7.87531119e-03 6.24315871e-04 1.05170291e-02 3.74186388e-03 1.75270066e-02 -1.97150512e-03 3.55861546e-03 4.93681896e-03 -2.14472553e-03 -1.84755381e-02
-2.03130879e-02 -9.99863259e-05 -5.26237721e-03 -8.09831358e-03 5.76767139e-03 -5.40877599e-03 5.19003673e-03 -1.68525134e-04 -6.91592554e-03 -2.40171631e-03 -1.14097772e-02 1.27459620e-03 -2.29563029e-03 -3.18604335e-03 1.38568028e-03 1.19072096e-02
-8.96540191e-03 -2.14186544e-03 -3.20387445e-03 -4.70632408e-03 3.38836806e-03 -3.32614896e-03 3.15994397e-03 -2.18811489e-04 -4.20850189e-03 -1.48755976e-03 -6.98671537e-03 7.85082579e-04 -1.41641975e-03 -1.96502055e-03 8.53761972e-04 7.35184643e-03
-5.52617433e-03 -3.31936264e-03 -3.42007424e-03 -4.71294904e-03 3.62958736e-03 -3.62477638e-03 3.43201659e-03 -2.65897659e-04 -4.57856245e-03 -1.62693509e-03 -7.62344431e-03 8.57381325e-04 -1.54750596e-03 -2.14682356e-03 9.32662922e-04 8.03405140e-03
6.62453426e-03 6.67506503e-03 5.85054141e-03 7.87255075e-03 -6.16328744e-03 6.24248805e-03 -5.90325380e-03 4.66214609e-04 7.88106211e-03 2.80316919e-03 1.31316697e-02 -1.47691590e-03 2.66586966e-03 3.69830546e-03 -1.60667195e-03 -1.38405552e-02
-4.69577126e-03 -1.58649739e-02 -1.20067121e-02 -1.61104389e-02 1.26731163e-02 -1.29305515e-02 1.22133214e-02 -9.83529957e-04 -1.63211245e-02 -5.80999395e-03 -2.72100605e-02 3.06086661e-03 -5.52509585e-03 -7.66486907e-03 3.32988193e-03 2.86853015e-02
-6.65196171e-03 -1.85480970e-03 -2.88550369e-03 -4.07944946e-03 3.08450148e-03 -3.02999211e-03 2.87903263e-03 -2.05832781e-04 -3.83279286e-03 -1.35614781e-03 -6.36561448e-03 7.15387287e-04 -1.29087351e-03 -1.79081829e-03 7.78059301e-04 6.70070248e-03
4.51570377e-02 2.97335442e-02 2.97297202e-02 3.95809375e-02 -3.09780072e-02 3.10483724e-02 -2.93781068e-02 2.25395779e-03 3.91723625e-02 1.39104575e-02 6.52134344e-02 -7.33133359e-03 1.32322283e-02 1.83565561e-02 -7.97464885e-03 -6.86957464e-02
2.51361821e-02 1.91343985e-02 1.83607917e-02 2.49314662e-02 -1.93324015e-02 1.93746556e-02 -1.83539558e-02 1.36459921e-03 2.44826339e-02 8.67990591e-03 4.07116897e-02 -4.57739225e-03 8.25992227e-03 1.14591308e-02 -4.97868657e-03 -4.28762399e-02
-3.70813683e-02 -1.83269363e-02 -2.03527641e-02 -2.81495042e-02 2.15114020e-02 -2.15716101e-02 2.04543322e-02 -1.54155155e-03 -2.72292048e-02 -9.67712235e-03 -4.53531370e-02 5.09997038e-03 -9.20495391e-03 -1.27697922e-02 5.54767670e-03 4.77882177e-02
6.20206352e-03 2.30244710e-03 2.98678386e-03 4.18644911e-03 -3.21175763e-03 3.21975257e-03 -3.04930867e-03 2.35084692e-04 4.06761467e-03 1.44481962e-03 6.77285995e-03 -7.61576288e-04 1.37451000e-03 1.90683245e-03 -8.28417484e-04 -7.13564735e-03
1.17003983e-02 5.62379742e-03 6.46358822e-03 9.09677520e-03 -7.00363889e-03 6.85880147e-03 -6.52160682e-03 4.39968106e-04 8.68196134e-03 3.07104760e-03 1.44245112e-02 -1.62032654e-03 2.92382017e-03 4.05596709e-03 -1.76237326e-03 -1.51750846e-02
-3.31273600e-02 -1.19428746e-02 -1.57166831e-02 -2.20513009e-02 1.66735537e-02 -1.65393874e-02 1.57218203e-02 -1.13543263e-03 -2.08928157e-02 -7.40962336e-03 -3.47706415e-02 3.90735874e-03 -7.05152052e-03 -9.78229195e-03 4.25007008e-03 3.66050601e-02
-4.91205975e-02 -1.49116367e-02 -2.14755069e-02 -3.00669502e-02 2.24838797e-02 -2.27231998e-02 2.14802213e-02 -1.68398931e-03 -2.86589116e-02 -1.01884324e-02 -4.77500968e-02 5.36952075e-03 -9.69115831e-03 -1.34439785e-02 5.84063120e-03 5.03117107e-02
-5.65724820e-03 -2.41172919e-03 -3.11956881e-03 -4.47537610e-03 3.39295459e-03 -3.33412574e-03 3.17218876e-03 -2.21533657e-04 -4.22909809e-03 -1.49307691e-03 -7.02088000e-03 7.88561010e-04 -1.42240257e-03 -1.97349116e-03 8.57618114e-04 7.38201058e-03
-5.19661233e-03 1.76956540e-03 -1.34479575e-04 -4.03708895e-04 2.46190379e-04 -1.52766632e-04 1.65761870e-04 1.00894449e-05 -2.09325211e-04 -6.61229496e-05 -3.29931208e-04 3.62342471e-05 -6.46549743e-05 -8.98366852e-05 3.91890862e-05 3.33794422e-04
4.17263806e-02 8.32562987e-03 1.74322035e-02 2.45778840e-02 -1.85093470e-02 1.81988422e-02 -1.72925536e-02 1.22836221e-03 2.30680536e-02 8.13953299e-03 3.82401720e-02 -4.29734308e-03 7.75241619e-03 1.07542994e-02 -4.67355596e-03 -4.02327143e-02
6.70753187e-03 -1.38136349e-03 6.74697047e-04 1.09952502e-03 -7.63652497e-04 6.77342236e-04 -6.47665118e-04 4.13301241e-05 8.61432985e-04 3.01531458e-04 1.42056879e-03 -1.59440679e-04 2.87519651e-04 3.98879405e-04 -1.73318243e-04 -1.49199052e-03
7.87015334e-02 2.96886824e-02 3.76924276e-02 5.24423979e-02 -4.00926247e-02 4.00534458e-02 -3.80107537e-02 2.83910125e-03 5.06044403e-02 1.79535765e-02 8.42046216e-02 -9.46556311e-03 1.70827862e-02 2.36992445e-02 -1.02961361e-02 -8.86825025e-02
5.52391075e-03 1.20733702e-03 1.81639264e-03 2.50942307e-03 -1.94213190e-03 1.87879405e-03 -1.78934017e-03 1.23740814e-04 2.36929045e-03 8.40874913e-04 3.94196669e-03 -4.43211931e-04 7.99933507e-04 1.10972463e-03 -4.82105912e-04 -4.15287632e-03
-7.72078102e-03 3.35733453e-03 6.64629115e-05 -1.73780994e-04 5.52765850e-05 6.54781688e-05 -4.42129967e-05 2.34284598e-05 6.23606029e-05 3.28014648e-05 1.37972995e-04 -1.61112221e-05 2.97660099e-05 4.12158843e-05 -1.77744241e-05 -1.56299604e-04
-7.57214520e-03 2.16499460e-03 -6.16418372e-04 -1.30004715e-03 7.86543009e-04 -5.55183215e-04 5.54894272e-04 2.67981450e-05 -7.53372617e-04 -2.39090223e-04 -1.16669491e-03 1.30187458e-04 -2.32535880e-04 -3.23414424e-04 1.41309967e-04 1.20086211e-03
-2.26097256e-02 -4.25560586e-03 -7.92783592e-03 -1.16706695e-02 8.46671313e-03 -8.35319143e-03 7.92178232e-03 -5.58490632e-04 -1.05593726e-02 -3.73647641e-03 -1.75580382e-02 1.97210070e-03 -3.55803082e-03 -4.93639568e-03 2.14484544e-03 1.84676517e-02
5.93865961e-02 2.21608393e-02 2.75347810e-02 3.68320830e-02 -2.89045554e-02 2.88047884e-02 -2.72511840e-02 2.11443915e-03 3.63476351e-02 1.29259732e-02 6.05563074e-02 -6.81083044e-03 1.22936089e-02 1.70546304e-02 -7.40911392e-03 -6.38249293e-02
-1.44121051e-02 -4.78793401e-03 -6.95197331e-03 -9.86852869e-03 7.42549356e-03 -7.32345693e-03 6.96248794e-03 -4.74224420e-04 -9.29107517e-03 -3.27516813e-03 -1.53971808e-02 1.72968861e-03 -3.12001747e-03 -4.32871236e-03 1.88103155e-03 1.61919575e-02
-2.66659427e-02 -8.73010233e-03 -1.15755489e-02 -1.66218691e-02 1.24107599e-02 -1.21968454e-02 1.15790311e-02 -8.35062354e-04 -1.54619887e-02 -5.45806205e-03 -2.56475620e-02 2.88157701e-03 -5.19817369e-03 -7.21202418e-03 3.13390489e-03 2.69786753e-02
-2.90631317e-03 3.12744407e-03 1.51672959e-03 1.82444288e-03 -1.58433977e-03 1.69092941e-03 -1.58344058e-03 1.49763160e-04 2.13011797e-03 7.62468379e-04 3.56386276e-03 -4.01197642e-04 7.24416866e-04 1.00494956e-03 -4.36554488e-04 -3.76169919e-03
-2.49676546e-03 -1.54810003e-03 -1.64766831e-03 -2.28139665e-03 1.76037336e-03 -1.76281994e-03 1.67213450e-03 -1.24813116e-04 -2.22795829e-03 -7.90452061e-04 -3.70565336e-03 4.16701485e-04 -7.52051827e-04 -1.04331016e-03 4.53275046e-04 3.90412752e-03
7.13864435e-03 3.72025510e-03 3.93753778e-03 5.49665792e-03 -4.16951906e-03 4.16421285e-03 -3.93780367e-03 3.07251728e-04 5.25937323e-03 1.86576881e-03 8.74593761e-03 -9.83575708e-04 1.77509035e-03 2.46253703e-03 -1.06984831e-03 -9.21499077e-03
-2.29182094e-02 -9.27593000e-03 -1.09808259e-02 -1.52202491e-02 1.17006879e-02 -1.16498545e-02 1.10382615e-02 -8.30073492e-04 -1.47161707e-02 -5.22471080e-03 -2.44936794e-02 2.75425590e-03 -4.97085182e-03 -6.89599803e-03 2.99594458e-03 2.58053243e-02
-6.59544859e-03 6.22319337e-03 2.32405355e-03 2.95280013e-03 -2.52395612e-03 2.66052037e-03 -2.49653985e-03 2.14045460e-04 3.36117693e-03 1.19889772e-03 5.61105134e-03 -6.31367904e-04 1.13977923e-03 1.58123288e-03 -6.86937594e-04 -5.91780897e-03
-8.17481708e-03 -3.37170251e-03 -3.95068666e-03 -5.46743860e-03 4.18441044e-03 -4.19064891e-03 3.96562088e-03 -3.06085276e-04 -5.29094692e-03 -1.87852862e-03 -8.80858023e-03 9.90255736e-04 -1.78722129e-03 -2.47936766e-03 1.07715081e-03 9.27809533e-03
4.40348312e-02 1.33466721e-03 1.71055291e-02 2.56153084e-02 -1.89181268e-02 1.80196799e-02 -1.72632840e-02 9.81756952e-04 2.28783935e-02 8.04392342e-03 3.80461477e-02 -4.25700285e-03 7.67529337e-03 1.06512988e-02 -4.63138847e-03 -3.98186520e-02
-5.46673033e-03 -7.28060212e-03 -5.52625768e-03 -7.57614896e-03 5.82263200e-03 -5.65582560e-03 5.39578218e-03 -2.88098556e-04 -7.18505448e-03 -2.50844168e-03 -1.18377181e-02 1.32838893e-03 -2.39391578e-03 -3.32322135e-03 1.44536176e-03 1.24189397e-02
2.36527678e-02 7.72811286e-03 1.07699325e-02 1.49690621e-02 -1.13601079e-02 1.12725012e-02 -1.06950859e-02 7.91854924e-04 1.42569300e-02 5.04616881e-03 2.36987807e-02 -2.66212481e-03 4.80329571e-03 6.66364376e-03 -2.89524696e-03 -2.49318257e-02
-3.23089445e-03 9.74831870e-04 -4.25237289e-04 -6.73037372e-04 4.91130166e-04 -4.62673197e-04 4.41625481e-04 -2.86559498e-05 -5.88323281e-04 -2.06688419e-04 -9.73461603e-04 1.09226334e-04 -1.96966153e-04 -2.73276732e-04 1.18746109e-04 1.02217973e-03
2.58175153e-02 9.39694978e-03 1.25912540e-02 1.75195392e-02 -1.33800963e-02 1.33304121e-02 -1.26176905e-02 9.68471344e-04 1.68318115e-02 5.97285898e-03 2.80022509e-02 -3.14855878e-03 5.68234827e-03 7.88315572e-03 -3.42488312e-03 -2.94992179e-02
9.92244296e-03 4.12091240e-03 4.87267412e-03 6.71560084e-03 -5.13395015e-03 5.14332810e-03 -4.87509836e-03 3.65665299e-04 6.50323043e-03 2.30521173e-03 1.08140483e-02 -1.21559040e-03 2.19352450e-03 3.04304343e-03 -1.32209517e-03 -1.13865826e-02
-2.34633051e-02 -6.67163311e-03 -9.58601013e-03 -1.32227335e-02 1.01563139e-02 -1.00140590e-02 9.52744298e-03 -6.50339760e-04 -1.26856659e-02 -4.48580924e-03 -2.10322887e-02 2.36529834e-03 -4.26813122e-03 -5.92110399e-03 2.57244403e-03 2.21555308e-02
-1.23917116e-02 -1.08917654e-02 -9.89198126e-03 -1.33661274e-02 1.04778893e-02 -1.06532061e-02 1.00678774e-02 -8.05191346e-04 -1.34467101e-02 -4.78567556e-03 -2.24148203e-02 2.52135145e-03 -4.55114339e-03 -6.31371839e-03 2.74289586e-03 2.36286502e-02
-2.37282156e-03 5.75399492e-03 3.11176153e-03 3.99029488e-03 -3.29394708e-03 3.44476523e-03 -3.24236136e-03 2.78012973e-04 4.34407126e-03 1.55112706e-03 7.25589739e-03 -8.16616172e-04 1.47433742e-03 2.04531988e-03 -8.88527313e-04 -7.65527040e-03
-1.52552202e-02 -2.12278124e-03 -6.07286720e-03 -9.42208711e-03 6.83654705e-03 -6.68685464e-03 6.39134319e-03 -3.93104274e-04 -8.53958074e-03 -3.00493347e-03 -1.41333770e-02 1.58784422e-03 -2.86435429e-03 -3.97467334e-03 1.72816787e-03 1.48653230e-02
-1.48511492e-02 2.78634392e-03 -3.85886384e-03 -6.71151560e-03 4.38124593e-03 -4.02780017e-03 3.89833888e-03 -2.21644819e-04 -5.17423125e-03 -1.79357291e-03 -8.52526911e-03 9.54796851e-04 -1.71492051e-03 -2.38455483e-03 1.03821419e-03 8.89778975e-03
-1.23760980e-02 -6.56849798e-03 -6.95502665e-03 -9.67008527e-03 7.38601713e-03 -7.42813013e-03 7.02329259e-03 -5.49630204e-04 -9.38272942e-03 -3.33424774e-03 -1.56214135e-02 1.75705121e-03 -3.17132846e-03 -4.39952360e-03 1.91131746e-03 1.64642800e-02
1.28257284e-02 4.25410736e-03 5.40181156e-03 7.50795798e-03 -5.77152660e-03 5.71480952e-03 -5.41543774e-03 3.67584522e-04 7.20528420e-03 2.55884719e-03 1.19978534e-02 -1.34896825e-03 2.43459712e-03 3.37744993e-03 -1.46730675e-03 -1.26388557e-02
5.79712633e-03 5.36058913e-04 1.52833655e-03 2.18939246e-03 -1.61156338e-03 1.57283165e-03 -1.49614597e-03 1.05188607e-04 1.98880187e-03 7.02722406e-04 3.30119045e-03 -3.70778493e-04 6.68977911e-04 9.28062422e-04 -4.03208425e-04 -3.47245345e-03
2.25973651e-02 6.89174933e-03 9.41833854e-03 1.31794428e-02 -9.90815833e-03 9.90347005e-03 -9.38210823e-03 6.96502218e-04 1.25258733e-02 4.44017584e-03 2.08269488e-02 -2.34114518e-03 4.22477908e-03 5.86103788e-03 -2.54636398e-03 -2.19314620e-02
-2.45671310e-02 -2.38003395e-03 -9.60676279e-03 -1.42831672e-02 1.03826383e-02 -9.99702606e-03 9.57203284e-03 -5.60790242e-04 -1.27640599e-02 -4.45662532e-03 -2.10521743e-02 2.36069062e-03 -4.25376184e-03 -5.90208266e-03 2.56614457e-03 2.20625512e-02
1.68464836e-02 6.01520808e-03 7.78254680e-03 1.08226128e-02 -8.21121968e-03 8.21450353e-03 -7.79082626e-03 5.69046126e-04 1.03780134e-02 3.68198403e-03 1.72679052e-02 -1.94115296e-03 3.50320130e-03 4.85992432e-03 -2.11138395e-03 -1.81860477e-02
-5.50662214e-03 -1.54566544e-03 -2.01795809e-03 -2.74564745e-03 2.11135065e-03 -2.10753153e-03 1.99296162e-03 -1.55924412e-04 -2.65890779e-03 -9.44950560e-04 -4.42719366e-03 4.97923698e-04 -8.98762897e-04 -1.24683254e-03 5.41667396e-04 4.66610864e-03
1.08824950e-02 5.46902232e-03 5.54590579e-03 7.53711723e-03 -5.84411854e-03 5.89782186e-03 -5.57076093e-03 4.44102188e-04 7.43642310e-03 2.64481944e-03 1.23925544e-02 -1.39368407e-03 2.51556607e-03 3.48978909e-03 -1.51608838e-03 -1.30600808e-02
3.25367972e-02 5.08733559e-03 1.05604902e-02 1.51547557e-02 -1.12319272e-02 1.09004173e-02 -1.03072831e-02 7.53161614e-04 1.37643563e-02 4.86840727e-03 2.28476301e-02 -2.56824307e-03 4.63451305e-03 6.42971275e-03 -2.79347645e-03 -2.40579564e-02
-1.52198263e-02 -2.09301803e-03 -4.08060430e-03 -6.90955948e-03 4.26032394e-03 -4.13076021e-03 3.92849138e-03 -2.58711400e-04 -5.23576885e-03 -1.84798834e-03 -8.67135264e-03 9.74889088e-04 -1.75895111e-03 -2.44016782e-03 1.06014358e-03 9.13056824e-03
5.17407358e-02 1.04040550e-02 2.10199617e-02 2.98946183e-02 -2.22805720e-02 2.19984092e-02 -2.09467765e-02 1.56615349e-03 2.78377030e-02 9.86336078e-03 4.62221727e-02 -5.19800419e-03 9.38218087e-03 1.30154910e-02 -5.65444026e-03 -4.87075858e-02
-3.91886476e-03 5.09611517e-03 2.77012633e-03 3.37036490e-03 -2.99545797e-03 3.18071339e-03 -2.99519626e-03 2.49758130e-04 4.01298469e-03 1.43189763e-03 6.70070248e-03 -7.54067849e-04 1.36129977e-03 1.88851834e-03 -8.20432964e-04 -7.06807943e-03
1.35692731e-02 4.49816976e-03 6.20700233e-03 8.82195774e-03 -6.64180145e-03 6.55225944e-03 -6.22406276e-03 4.24508704e-04 8.26805923e-03 2.93212943e-03 1.37628373e-02 -1.54670142e-03 2.79132067e-03 3.87229188e-03 -1.68231886e-03 -1.44897532e-02
-6.88456045e-03 2.94895447e-03 1.85067911e-05 -8.98261787e-05 -1.17186901e-04 2.18309448e-04 -1.91947591e-04 3.81084174e-05 2.78757943e-04 1.04370876e-04 4.81534662e-04 -5.45135626e-05 9.86201267e-05 1.36838557e-04 -5.94369812e-05 -5.12589060e-04
2.18865462e-02 6.16793334e-03 9.37833637e-03 1.31325116e-02 -9.90917627e-03 9.79943108e-03 -9.27765761e-03 7.15905917e-04 1.23831267e-02 4.39320877e-03 2.05960236e-02 -2.31590401e-03 4.17967932e-03 5.79843018e-03 -2.51910882e-03 -2.16982663e-02
2.42298953e-02 4.50907834e-03 9.08499584e-03 1.23077240e-02 -9.54310317e-03 9.54585336e-03 -9.02876910e-03 6.75216492e-04 1.20384162e-02 4.28052992e-03 2.00555641e-02 -2.25555757e-03 4.07123147e-03 5.64795407e-03 -2.45366734e-03 -2.11366396e-02
-1.87868476e-02 -5.49691869e-03 -8.27247929e-03 -1.29971420e-02 8.88241455e-03 -8.71024001e-03 8.27933010e-03 -5.79771411e-04 -1.10219195e-02 -3.89416795e-03 -1.82784162e-02 2.05522589e-03 -3.70835513e-03 -5.14486572e-03 2.23542680e-03 1.92490146e-02
9.93378684e-02 3.49248126e-02 4.72397208e-02 6.63226619e-02 -4.97372895e-02 4.99978736e-02 -4.73873690e-02 3.67530319e-03 6.31300136e-02 2.24184934e-02 1.05081365e-01 -1.18157091e-02 2.13257577e-02 2.95848530e-02 -1.28528085e-02 -1.10714167e-01
-2.31147744e-02 -1.31928315e-02 -1.30944289e-02 -1.78343449e-02 1.37981400e-02 -1.39341820e-02 1.31703876e-02 -1.04215776e-03 -1.75796710e-02 -6.25489280e-03 -2.92977672e-02 3.29556409e-03 -5.94861107e-03 -8.25238507e-03 3.58511973e-03 3.08838077e-02
2.81919986e-02 3.88644030e-03 7.68796587e-03 1.07702026e-02 -8.25616065e-03 7.98930880e-03 -7.57414382e-03 5.42449532e-04 1.00650527e-02 3.57286702e-03 1.67501196e-02 -1.88322226e-03 3.39902681e-03 4.71538911e-03 -2.04854575e-03 -1.76460948e-02
-6.68099709e-03 3.18357488e-05 -1.72448123e-03 -2.68761464e-03 1.96851580e-03 -1.78348995e-03 1.72310264e-03 -5.81944842e-05 -2.30066408e-03 -7.92116800e-04 -3.75568774e-03 4.21431614e-04 -7.58906011e-04 -1.05332409e-03 4.58282448e-04 3.93242994e-03
-2.61693336e-02 -1.19248182e-02 -1.37526309e-02 -1.91639382e-02 1.45502258e-02 -1.46156410e-02 1.38229718e-02 -1.06366351e-03 -1.84364151e-02 -6.55647228e-03 -3.07179485e-02 3.45483352e-03 -6.23587519e-03 -8.65088962e-03 3.75825074e-03 3.23748253e-02
-1.01455897e-02 -2.65413197e-03 -3.69234942e-03 -5.31762093e-03 3.91163677e-03 -3.86151392e-03 3.66579625e-03 -2.67502939e-04 -4.88837948e-03 -1.73075392e-03 -8.12069047e-03 9.12726391e-04 -1.64705468e-03 -2.28494685e-03 9.92729794e-04 8.54985509e-03
-1.39485765e-02 -4.58890852e-03 -6.22145738e-03 -8.75078514e-03 6.58782618e-03 -6.52870908e-03 6.18160516e-03 -4.68653743e-04 -8.24639294e-03 -2.92470492e-03 -1.37147829e-02 1.54192199e-03 -2.78271805e-03 -3.86040565e-03 1.67714152e-03 1.44459503e-02
-4.30334881e-02 -2.34750416e-02 -2.41405405e-02 -3.30419987e-02 2.53562108e-02 -2.56200992e-02 2.42165327e-02 -1.89644156e-03 -3.23367231e-02 -1.15013318e-02 -5.38778640e-02 6.06006151e-03 -1.09385382e-02 -1.51748033e-02 6.59246277e-03 5.67899570e-02
1.02251396e-02 2.69716862e-03 4.34771413e-03 6.28994545e-03 -4.61870618e-03 4.56859870e-03 -4.32776473e-03 3.25237663e-04 5.76407369e-03 2.04552710e-03 9.59102903e-03 -1.07841578e-03 1.94627733e-03 2.70004314e-03 -1.17301440e-03 -1.01038208e-02
3.98061723e-02 1.72670800e-02 1.98172834e-02 2.75654364e-02 -2.07866356e-02 2.08134241e-02 -1.96969192e-02 1.48909644e-03 2.63076220e-02 9.32917558e-03 4.37537916e-02 -4.91889426e-03 8.87682009e-03 1.23148747e-02 -5.35025401e-03 -4.60817516e-02
-1.44155454e-02 -9.93823726e-03 -9.87298787e-03 -1.34330038e-02 1.05209593e-02 -1.05925398e-02 1.00175869e-02 -7.71598890e-04 -1.33699421e-02 -4.75303270e-03 -2.22725980e-02 2.50479043e-03 -4.52096574e-03 -6.27184147e-03 2.72473670e-03 2.34710556e-02
5.08978451e-03 -1.93931547e-03 -2.30914375e-05 1.61800577e-04 6.71899761e-06 -1.37459298e-04 1.19859964e-04 -2.19529829e-05 -1.69861916e-04 -6.44691099e-05 -2.97339517e-04 3.36705234e-05 -6.09486451e-05 -8.45775721e-05 3.67320354e-05 3.16865218e-04
-4.03606445e-02 -1.29558286e-02 -1.88596528e-02 -2.63504591e-02 1.99725460e-02 -1.98729187e-02 1.88775808e-02 -1.37792667e-03 -2.51324549e-02 -8.91249161e-03 -4.17730920e-02 4.69778944e-03 -8.47826246e-03 -1.17617156e-02 5.10975486e-03 4.40140702e-02
-4.76455279e-02 -1.32332630e-02 -2.05800794e-02 -2.96364520e-02 2.21947599e-02 -2.18391269e-02 2.06777789e-02 -1.54630549e-03 -2.75377035e-02 -9.78192501e-03 -4.58569787e-02 5.15662553e-03 -9.30670369e-03 -1.29110599e-02 5.60908066e-03 4.83162664e-02
