3.43022794e-02 -5.10152392e-02 2.22305022e-03 9.39877704e-03 5.23182843e-03 -1.77935641e-02 -3.82850925e-03 2.38729212e-02 1.89174560e-03 -4.90857149e-03 1.85626484e-02 -6.55240100e-03 2.13163532e-03 2.84141443e-05 1.43179074e-02 -1.61538669e-03
3.38338986e-02 -3.52844819e-02 1.31418486e-03 5.48092509e-03 3.20312241e-03 -1.10076768e-02 -2.37427279e-03 1.47750564e-02 1.15936843e-03 -3.04133352e-03 1.14980787e-02 -4.05912800e-03 1.31888862e-03 1.75129771e-05 8.86896439e-03 -1.00075768e-03
-3.63849895e-03 -1.31378565e-02 5.43675676e-04 2.80402694e-03 1.69401115e-03 -5.90084633e-03 -1.27344590e-03 7.92213995e-03 6.20643783e-04 -1.63046748e-03 6.16383040e-03 -2.17597210e-03 7.07269995e-04 9.40344398e-06 4.75451257e-03 -5.36463398e-04
-4.80409861e-02 7.44028389e-02 -3.34206107e-03 -1.43274385e-02 -7.62619777e-03 2.55758781e-02 5.48636029e-03 -3.43433917e-02 -2.71252217e-03 7.03896675e-03 -2.66420953e-02 9.40220524e-03 -3.06839845e-03 -4.13762573e-05 -2.05506273e-02 2.31750356e-03
2.66890861e-02 -6.16474897e-02 2.63496675e-03 1.18590947e-02 6.40827371e-03 -2.15378758e-02 -4.62518446e-03 2.88509335e-02 2.26454786e-03 -5.92362508e-03 2.24057771e-02 -7.90968165e-03 2.57216976e-03 3.43032298e-05 1.72835160e-02 -1.94999552e-03
-3.09220818e-03 1.26548735e-02 -5.07426623e-04 -2.44133314e-03 -1.47864292e-03 5.16380975e-03 1.11445296e-03 -6.92827115e-03 -5.41234505e-04 1.42697128e-03 -5.39337518e-03 1.90407934e-03 -6.18430029e-04 -8.20255991e-06 -4.16019885e-03 4.69446648e-04
1.93607761e-03 -6.38720021e-03 2.30217862e-04 1.31386798e-03 8.83065688e-04 -3.12356954e-03 -6.75359042e-04 4.19312902e-03 3.26875161e-04 -8.64272297e-04 3.26620741e-03 -1.15312880e-03 3.74432479e-04 4.96311623e-06 2.51942407e-03 -2.84302863e-04
-1.89726911e-02 2.39916630e-02 -1.05935393e-03 -4.92479187e-03 -2.12207646e-03 6.84468029e-03 1.46046223e-03 -9.16887075e-03 -7.42492790e-04 1.87520077e-03 -7.10926112e-03 2.50801607e-03 -8.23708251e-04 -1.13498927e-05 -5.48491254e-03 6.17956801e-04
6.42660856e-02 -1.06490977e-01 4.22840891e-03 1.83266904e-02 1.04728304e-02 -3.64584439e-02 -7.85776600e-03 4.88836579e-02 3.84927564e-03 -1.00607555e-02 3.80487069e-02 -1.34304585e-02 4.36944468e-03 5.82715002e-05 2.93473210e-02 -3.31100589e-03
-1.94238257e-02 1.78753734e-02 -9.02919681e-04 -2.62114475e-03 -1.40410801e-03 4.39223787e-03 9.34846001e-04 -5.94115537e-03 -4.67945618e-04 1.20476203e-03 -4.55829501e-03 1.60881958e-03 -5.24622737e-04 -7.03243040e-06 -3.51601187e-03 3.96597927e-04
3.81489620e-02 -6.41268864e-02 2.49257288e-03 1.15635712e-02 6.53919671e-03 -2.21195593e-02 -4.76086186e-03 2.97006629e-02 2.32888293e-03 -6.10068254e-03 2.30720174e-02 -8.14427715e-03 2.64975708e-03 3.53228243e-05 1.77964009e-02 -2.00780737e-03
4.91188243e-02 -8.48150551e-02 3.33819166e-03 1.55272232e-02 9.40035097e-03 -3.26084308e-02 -7.03947200e-03 4.37765792e-02 3.42230825e-03 -9.01510753e-03 3.40748541e-02 -1.20295510e-02 3.90822766e-03 5.18899178e-05 2.62838416e-02 -2.96581956e-03
3.74832517e-03 -3.49603547e-03 1.35337061e-04 5.57950058e-04 3.38219717e-04 -1.16379128e-03 -2.51013931e-04 1.56170421e-03 1.22408630e-04 -3.21533444e-04 1.21557689e-03 -4.29119129e-04 1.39494092e-04 1.85546105e-06 9.37637407e-04 -1.05794505e-04
-4.58806008e-02 8.94793794e-02 -3.56790423e-03 -1.61021836e-02 -9.94433835e-03 3.43244970e-02 7.40411086e-03 -4.60754298e-02 -3.61304567e-03 9.48400237e-03 -3.58475596e-02 1.26554156e-02 -4.11174167e-03 -5.45950024e-05 -2.76513640e-02 3.12012481e-03
6.48281351e-02 -5.39520830e-02 2.99450499e-03 8.03735293e-03 3.84134753e-03 -1.29420739e-02 -2.77319690e-03 1.73472594e-02 1.38454803e-03 -3.56148439e-03 1.34647433e-02 -4.75325203e-03 1.54523586e-03 2.05324304e-05 1.03858113e-02 -1.17189041e-03
-1.88187838e-01 1.62871644e-01 -6.88480865e-03 -2.16677003e-02 -1.10663883e-02 3.67824025e-02 7.85160344e-03 -4.92550023e-02 -3.91836930e-03 1.00972420e-02 -3.82147916e-02 1.34877171e-02 -4.39017639e-03 -5.88187067e-05 -2.94746477e-02 3.32509913e-03
-5.07475324e-02 1.06441095e-01 -4.06093709e-03 -2.08935700e-02 -1.19596943e-02 4.12962511e-02 8.90210364e-03 -5.54626361e-02 -4.32794075e-03 1.14046484e-02 -4.31077182e-02 1.52185727e-02 -4.94351378e-03 -6.55870972e-05 -3.32511067e-02 3.75209539e-03
4.61490154e-02 -5.60021140e-02 2.70161964e-03 1.06381327e-02 4.57794964e-03 -1.37251932e-02 -2.89322855e-03 1.85628869e-02 1.58201763e-03 -3.73165472e-03 1.41963419e-02 -5.00318035e-03 1.67816738e-03 2.53565668e-05 1.09657347e-02 -1.23050634e-03
-1.90133341e-02 3.92645560e-02 -1.66506553e-03 -7.37919798e-03 -4.18882770e-03 1.42585719e-02 3.06643872e-03 -1.91460047e-02 -1.50758016e-03 3.93220736e-03 -1.48716019e-02 5.24949655e-03 -1.70812570e-03 -2.27859819e-05 -1.14710117e-02 1.29415561e-03
9.39139873e-02 -1.58396080e-01 5.90211991e-03 2.81979181e-02 1.78965274e-02 -6.22207038e-02 -1.34301828e-02 8.34586024e-02 6.50755409e-03 -1.71921197e-02 6.49804026e-02 -2.29405817e-02 7.44991750e-03 9.87922976e-05 5.01223393e-02 -5.65596810e-03
-3.03739961e-02 3.19722667e-02 -1.44435349e-03 -5.79581130e-03 -3.12426500e-03 1.04338555e-02 2.23669596e-03 -1.40296156e-02 -1.10671110e-03 2.87138717e-03 -1.08636208e-02 3.83427250e-03 -1.24946854e-03 -1.67381586e-05 -8.37945007e-03 9.45205858e-04
-9.83805023e-03 2.45104209e-02 -1.32034952e-03 -5.18367440e-03 -2.23532133e-03 7.03254994e-03 1.49519939e-03 -9.42843128e-03 -7.56062218e-04 1.92317972e-03 -7.28679728e-03 2.57075601e-03 -8.43719696e-04 -1.16284236e-05 -5.62173780e-03 6.33437245e-04
-5.49845323e-02 1.01716556e-01 -3.89788486e-03 -1.85627937e-02 -1.05247712e-02 3.59242968e-02 7.72453332e-03 -4.82593216e-02 -3.80778383e-03 9.90547426e-03 -3.74765247e-02 1.32273622e-02 -4.31341166e-03 -5.81888562e-05 -2.89107766e-02 3.26033402e-03
-6.80838451e-02 7.29885176e-02 -2.55884673e-03 -1.32598309e-02 -7.72358757e-03 2.70269401e-02 5.83500788e-03 -3.62631418e-02 -2.83389748e-03 7.46929366e-03 -2.82342229e-02 9.96749941e-03 -3.23779229e-03 -4.30301661e-05 -2.17783879e-02 2.45745038e-03
1.87094938e-02 -4.32440452e-02 1.54729898e-03 8.52295570e-03 5.16677275e-03 -1.80607326e-02 -3.90100386e-03 2.42405217e-02 1.89152476e-03 -4.99407388e-03 1.88747309e-02 -6.66358368e-03 2.16404698e-03 2.86947761e-05 1.45591022e-02 -1.64289540e-03
6.96095526e-02 -1.11946642e-01 5.24198031e-03 2.02423744e-02 1.08342916e-02 -3.55770849e-02 -7.61604216e-03 4.79151011e-02 3.79466056e-03 -9.78424866e-03 3.70335467e-02 -1.30695449e-02 4.27418528e-03 5.78393665e-05 2.85697095e-02 -3.22124944e-03
-8.14101100e-02 1.56342953e-01 -6.68667350e-03 -3.10343690e-02 -1.71167124e-02 5.78125976e-02 1.24244317e-02 -7.75239766e-02 -6.14269730e-03 1.59207899e-02 -6.02514930e-02 2.12631412e-02 -6.93763746e-03 -9.34100535e-05 -4.64761220e-02 5.24104852e-03
3.78928636e-03 -7.38766324e-03 -1.39230571e-04 1.30843150e-03 1.59594568e-03 -6.05267845e-03 -1.32435956e-03 8.15719180e-03 6.17427286e-04 -1.69177877e-03 6.37647370e-03 -2.25279247e-03 7.25406280e-04 9.35912703e-06 4.91891103e-03 -5.55646024e-04
1.15366932e-02 -2.54757460e-02 1.02763274e-03 4.69397800e-03 2.84629222e-03 -9.93397273e-03 -2.14495719e-03 1.33336559e-02 1.04093459e-03 -2.74661928e-03 1.03806639e-02 -3.66473664e-03 1.19027821e-03 1.57872564e-05 8.00704584e-03 -9.03536624e-04
3.08724530e-02 -5.00353463e-02 2.19571823e-03 9.92258545e-03 5.23183821e-03 -1.74555816e-02 -3.74968234e-03 2.34526321e-02 1.86331931e-03 -4.80484543e-03 1.81891583e-02 -6.41899416e-03 2.09673750e-03 2.84005855e-05 1.40317502e-02 -1.58205745e-03
4.72455397e-02 -9.27621350e-02 3.52614396e-03 1.63549129e-02 9.90824308e-03 -3.43552455e-02 -7.40835583e-03 4.61732633e-02 3.62392026e-03 -9.48933139e-03 3.58770788e-02 -1.26655661e-02 4.11790749e-03 5.50278273e-05 2.76765786e-02 -3.12239840e-03
3.58902924e-02 -8.54590088e-02 3.23378271e-03 1.54904453e-02 1.01067843e-02 -3.55889946e-02 -7.68957986e-03 4.77700755e-02 3.72447306e-03 -9.84284468e-03 3.71988155e-02 -1.31328376e-02 4.26454749e-03 5.65274167e-05 2.86934171e-02 -3.23789101e-03
-5.99273518e-02 1.47643417e-01 -5.62840048e-03 -2.95291096e-02 -1.72513053e-02 5.98099492e-02 1.29072899e-02 -8.02998096e-02 -6.27856283e-03 1.65280737e-02 -6.24727607e-02 2.20552403e-02 -7.16600753e-03 -9.51461770e-05 -4.81893979e-02 5.43759670e-03
8.48362297e-02 -1.49198309e-01 6.36145705e-03 2.51680817e-02 1.53352143e-02 -5.20822816e-02 -1.12177748e-02 6.99989572e-02 5.49637433e-03 -1.43894479e-02 5.44028506e-02 -1.92032587e-02 6.24084333e-03 8.29271958e-05 4.19585332e-02 -4.73444629e-03
-4.48431969e-02 -1.18477773e-02 5.67021430e-04 3.82800587e-03 2.74980930e-03 -1.03344833e-02 -2.25714617e-03 1.38645833e-02 1.06677751e-03 -2.87382770e-03 1.08514782e-02 -3.83229740e-03 1.24276779e-03 1.64198409e-05 8.37251451e-03 -9.44871805e-04
3.19370106e-02 -6.31881580e-02 2.51825294e-03 1.14891734e-02 6.61886670e-03 -2.24287920e-02 -4.81503364e-03 3.01018599e-02 2.38133362e-03 -6.17326843e-03 2.33654901e-02 -8.24627746e-03 2.69300235e-03 3.64092994e-05 1.80252995e-02 -2.03245552e-03
-1.77121073e-01 3.88577044e-01 -1.42745469e-02 -7.23168850e-02 -4.51855510e-02 1.58393875e-01 3.42141651e-02 -2.12764293e-01 -1.65960658e-02 4.38012183e-02 -1.65542901e-01 5.84436655e-02 -1.89802572e-02 -2.51662161e-04 -1.27692118e-01 1.44092143e-02
-9.72324461e-02 1.40441597e-01 -6.60774019e-03 -2.75375247e-02 -1.27953384e-02 4.29879762e-02 9.18745436e-03 -5.79151660e-02 -4.53694165e-03 1.18037723e-02 -4.46772277e-02 1.57707110e-02 -5.13885310e-03 -6.89481094e-05 -3.44642103e-02 3.88763729e-03
2.83647478e-02 -4.65879478e-02 1.86521746e-03 8.38396233e-03 5.25429007e-03 -1.81520991e-02 -3.91999818e-03 2.43631806e-02 1.90274359e-03 -5.01908222e-03 1.89697500e-02 -6.69705961e-03 2.17512087e-03 2.88472929e-05 1.46323089e-02 -1.65114668e-03
4.29813713e-02 -8.92192870e-02 3.55250784e-03 1.66386943e-02 9.64018423e-03 -3.31946686e-02 -7.15642329e-03 4.45340760e-02 3.49110994e-03 -9.16917995e-03 3.46603468e-02 -1.22362860e-02 3.97530943e-03 5.27614429e-05 2.67353430e-02 -3.01680737e-03
2.04604100e-02 -3.35751846e-02 1.52405561e-03 6.54673437e-03 3.51283583e-03 -1.15759596e-02 -2.48377118e-03 1.55446474e-02 1.23123161e-03 -3.18563730e-03 1.20553365e-02 -4.25462332e-03 1.38817320e-03 1.86727320e-05 9.29897372e-03 -1.04874885e-03
-7.33042806e-02 1.03037372e-01 -4.11156798e-03 -1.91171505e-02 -1.06582912e-02 3.56219448e-02 7.66224554e-03 -4.78719920e-02 -3.76331666e-03 9.83100943e-03 -3.71728875e-02 1.31225837e-02 -4.26728791e-03 -5.68727010e-05 -2.86745094e-02 3.23515246e-03
4.79239449e-02 -4.32525575e-02 1.90638844e-03 7.01740757e-03 2.85090925e-03 -8.39194842e-03 -1.76729157e-03 1.11979311e-02 8.94192024e-04 -2.27703271e-03 8.63128155e-03 -3.04514542e-03 9.94676724e-04 1.34236207e-05 6.65587652e-03 -7.50612642e-04
-1.25199139e-01 2.25781903e-01 -9.27114021e-03 -4.23767902e-02 -2.56422386e-02 8.92845839e-02 1.92843173e-02 -1.19862869e-01 -9.35676973e-03 2.46884264e-02 -9.33079198e-02 3.29417400e-02 -1.06978118e-02 -1.41829965e-04 -7.19734058e-02 8.12174473e-03
6.08445629e-02 -1.11786753e-01 4.37655160e-03 2.00035833e-02 1.15216868e-02 -3.94325443e-02 -8.49081669e-03 5.30369133e-02 4.20232303e-03 -1.08783199e-02 4.11383845e-02 -1.45216929e-02 4.73289564e-03 6.44496904e-05 3.17383818e-02 -3.57934670e-03
-5.24030440e-02 8.37377161e-02 -3.53201106e-03 -1.53725399e-02 -9.02883522e-03 3.04980166e-02 6.54614111e-03 -4.09655198e-02 -3.23588517e-03 8.39495473e-03 -3.17623578e-02 1.12105068e-02 -3.65118938e-03 -4.89812119e-05 -2.44997237e-02 2.76349718e-03
-1.85024932e-01 2.92077303e-01 -1.12548079e-02 -5.04158214e-02 -2.80629490e-02 9.32229161e-02 1.99506413e-02 -1.25100717e-01 -9.92551912e-03 2.55893897e-02 -9.69714075e-02 3.42219733e-02 -1.11733228e-02 -1.51482149e-04 -7.48190284e-02 8.43399297e-03
-4.20775712e-02 6.41675368e-02 -2.26789666e-03 -1.20348362e-02 -7.24225817e-03 2.51067691e-02 5.41582145e-03 -3.36961672e-02 -2.63347011e-03 6.93480810e-03 -2.62170844e-02 9.25541483e-03 -3.00737214e-03 -3.99661512e-05 -2.02228855e-02 2.28184811e-03
1.62220858e-02 -2.63833888e-02 1.14083965e-03 6.25779945e-03 2.24338030e-03 -7.30963470e-03 -1.55918626e-03 9.74325743e-03 7.70920480e-04 -1.99945620e-03 7.56705040e-03 -2.67092767e-03 8.69365176e-04 1.16122274e-05 5.83655713e-03 -6.58460020e-04
-5.23436144e-02 1.11774147e-01 -4.26292233e-03 -1.88954398e-02 -1.22445868e-02 4.27283533e-02 9.22409166e-03 -5.73889986e-02 -4.47791070e-03 1.18154082e-02 -4.46591377e-02 1.57664642e-02 -5.12146298e-03 -6.79087389e-05 -3.44485752e-02 3.88719747e-03
-3.59153673e-02 4.04552743e-02 -1.63112592e-03 -5.56177972e-03 -3.43225827e-03 1.16490591e-02 2.50692316e-03 -1.56377181e-02 -1.22648862e-03 3.21551994e-03 -1.21556679e-02 4.29128204e-03 -1.39428768e-03 -1.85081026e-05 -9.37619153e-03 1.05799874e-03
-2.40166392e-02 3.12631056e-02 -1.59757538e-03 -5.94235165e-03 -2.19411985e-03 6.37585390e-03 1.33092166e-03 -8.52030888e-03 -7.33916240e-04 1.71747478e-03 -6.54614205e-03 2.30580545e-03 -7.74227199e-04 -1.14701406e-05 -5.05361287e-03 5.67268988e-04
3.50821391e-02 -6.11858033e-02 2.69232597e-03 1.19766193e-02 6.38860743e-03 -2.16047075e-02 -4.62517282e-03 2.90340912e-02 2.32515158e-03 -5.93518326e-03 2.24780049e-02 -7.93071464e-03 2.59774295e-03 3.54760123e-05 1.73400864e-02 -1.95428263e-03
2.02890276e-03 4.34782531e-04 -1.86812558e-05 -1.96722045e-04 -1.61226009e-04 5.86135488e-04 1.27038540e-04 -7.86965596e-04 -6.11704963e-05 1.62417215e-04 -6.13642682e-04 2.16658445e-04 -7.03140613e-05 -9.30747717e-07 -4.73353866e-04 5.34176506e-05
2.53738696e-03 -2.06472296e-02 8.14292463e-04 4.44507692e-03 2.39309901e-03 -8.04443285e-03 -1.72917033e-03 1.08068334e-02 8.51739722e-04 -2.21638591e-03 8.38438794e-03 -2.95942952e-03 9.63313272e-04 1.29092305e-05 6.46736613e-03 -7.29551888e-04
2.89036036e-02 -2.34121438e-02 1.12084718e-03 3.91410897e-03 1.63541595e-03 -5.10390475e-03 -1.07839261e-03 6.87239179e-03 5.56387706e-04 -1.38686690e-03 5.26461145e-03 -1.85611984e-03 6.10203773e-04 8.46052899e-06 4.05987259e-03 -4.57273040e-04
1.44566717e-02 -1.71091352e-02 7.68153113e-04 3.51537066e-03 1.55682117e-03 -5.09485742e-03 -1.09035231e-03 6.84481487e-03 5.45669056e-04 -1.39920809e-03 5.29917749e-03 -1.86991063e-03 6.11383235e-04 8.28822340e-06 4.08756034e-03 -4.60879353e-04
-2.87458412e-02 4.48172688e-02 -1.79923745e-03 -8.06690380e-03 -4.34079021e-03 1.42893055e-02 3.07009555e-03 -1.92100238e-02 -1.52149063e-03 3.93892359e-03 -1.49041442e-02 5.26029477e-03 -1.71478081e-03 -2.30216592e-05 -1.14964284e-02 1.29668403e-03
-5.86166307e-02 9.14730057e-02 -3.52666411e-03 -1.52048040e-02 -9.54050664e-03 3.30619402e-02 7.13271834e-03 -4.43877317e-02 -3.47263506e-03 9.13775526e-03 -3.45385559e-02 1.21929394e-02 -3.96042131e-03 -5.25325304e-05 -2.66402736e-02 3.00614117e-03
8.14644173e-02 -1.37081981e-01 6.28388114e-03 2.37444974e-02 1.46580040e-02 -5.02406135e-02 -1.08185392e-02 6.73770308e-02 5.27087180e-03 -1.38637368e-02 5.24117611e-02 -1.85022168e-02 6.01176918e-03 7.98160763e-05 4.04261425e-02 -4.56165243e-03
3.77062801e-03 -8.23297445e-03 3.10674310e-04 1.52609451e-03 9.53998824e-04 -3.31934867e-03 -7.16311566e-04 4.45591798e-03 3.48596222e-04 -9.17373807e-04 3.46784829e-03 -1.22423540e-03 3.97830881e-04 5.28564715e-06 2.67492654e-03 -3.01824883e-04
-4.08924669e-02 4.14389819e-02 -3.36738979e-03 -4.29834798e-03 -8.07681005e-04 -7.78050860e-04 -3.14201694e-04 1.08691130e-03 -7.85229640e-05 -3.49475595e-04 1.17429718e-03 -4.31913853e-04 8.58088461e-05 -8.71039674e-07 9.23634740e-04 -1.08164095e-04
-1.21251671e-02 2.30343957e-02 -9.00777755e-04 -4.23524063e-03 -2.60586967e-03 8.98083672e-03 1.93424290e-03 -1.20540727e-02 -9.47691151e-04 2.47763959e-03 -9.36932024e-03 3.30726756e-03 -1.07689435e-03 -1.44064034e-05 -7.22740078e-03 8.15297361e-04
-1.25513803e-02 3.29433009e-02 -1.55275571e-03 -5.87823801e-03 -2.73396168e-03 8.89314339e-03 1.90219877e-03 -1.19574862e-02 -9.39910766e-04 2.44597974e-03 -9.25340131e-03 3.26600950e-03 -1.06286956e-03 -1.41659484e-05 -7.13663781e-03 8.05186108e-04
2.41814815e-02 -3.96830887e-02 1.58420426e-03 7.16840802e-03 4.12921282e-03 -1.41089177e-02 -3.03604198e-03 1.89298205e-02 1.48684392e-03 -3.89157445e-03 1.47174112e-02 -5.19501790e-03 1.69057853e-03 2.25581607e-05 1.13521237e-02 -1.28071010e-03
-5.13983816e-02 9.20610726e-02 -3.93924210e-03 -1.69833302e-02 -9.73208342e-03 3.24687250e-02 6.98444108e-03 -4.36125733e-02 -3.42167425e-03 8.95488169e-03 -3.38603035e-02 1.19524682e-02 -3.88799165e-03 -5.17090048e-05 -2.61168126e-02 2.94672768e-03
1.52750853e-02 -5.45369908e-02 1.95494038e-03 1.03983870e-02 6.84523117e-03 -2.41618622e-02 -5.22371754e-03 3.24391536e-02 2.52876757e-03 -6.68599550e-03 2.52673551e-02 -8.92058853e-03 2.89660296e-03 3.83938059e-05 1.94902197e-02 -2.19936366e-03
-1.89349800e-01 2.42655307e-01 -9.99994483e-03 -4.20081429e-02 -1.70626342e-02 5.65179661e-02 1.20311752e-02 -7.55335912e-02 -6.02722121e-03 1.54503547e-02 -5.85380197e-02 2.06486918e-02 -6.78133173e-03 -9.19211088e-05 -4.51461077e-02 5.08768437e-03
6.13832520e-03 -2.17997301e-02 8.30575591e-04 4.27515758e-03 2.71227024e-03 -9.46462713e-03 -2.04321044e-03 1.27046965e-02 9.93782771e-04 -2.61590770e-03 9.88899358e-03 -3.49101401e-03 1.13475265e-03 1.50947326e-05 7.62798684e-03 -8.60662025e-04
-3.67392935e-02 6.07154295e-02 -2.50431709e-03 -1.09550208e-02 -6.47632405e-03 2.19259914e-02 4.71077627e-03 -2.94446666e-02 -2.32809922e-03 6.04293682e-03 -2.28705425e-02 8.07115063e-03 -2.63507874e-03 -3.56286182e-05 -1.76424906e-02 1.98929128e-03
-3.34115587e-02 5.57719618e-02 -2.52108928e-03 -9.51563939e-03 -5.36714401e-03 1.81765072e-02 3.90708959e-03 -2.43834704e-02 -1.93093775e-03 5.00765117e-03 -1.89454369e-02 6.68690773e-03 -2.18134839e-03 -2.92491550e-05 -1.46149304e-02 1.64833397e-03
5.27382409e-03 -6.93127094e-03 2.66241288e-04 1.19487243e-03 6.90497865e-04 -2.34448886e-03 -5.05705539e-04 3.14567192e-03 2.46559561e-04 -6.47619308e-04 2.44833739e-03 -8.64318863e-04 2.80865992e-04 3.73066564e-06 1.88850006e-03 -2.13092775e-04
-3.24590623e-01 4.56301421e-01 -1.67624876e-02 -7.83715248e-02 -4.47544381e-02 1.52647868e-01 3.28392014e-02 -2.04915226e-01 -1.60969999e-02 4.21071611e-02 -1.59244671e-01 5.62110692e-02 -1.82813406e-02 -2.43740229e-04 -1.22827791e-01 1.38577865e-02
-3.93512323e-02 6.85021505e-02 -2.80356989e-03 -1.25409318e-02 -7.60426419e-03 2.56425645e-02 5.51544223e-03 -3.44491974e-02 -2.69556511e-03 7.07534561e-03 -2.67496407e-02 9.44293942e-03 -3.06888158e-03 -4.07736843e-05 -2.06325706e-02 2.32809014e-03
-3.04603484e-02 2.40091607e-02 -1.26733608e-03 -3.26853222e-03 -1.45755021e-03 4.25722124e-03 8.99914012e-04 -5.68936719e-03 -4.73961642e-04 1.15906668e-03 -4.39604605e-03 1.55058689e-03 -5.10094280e-04 -7.04565900e-06 -3.39115434e-03 3.82080529e-04
-8.81308913e-02 1.58197880e-01 -6.44447934e-03 -3.02369241e-02 -1.67982057e-02 5.61725460e-02 1.20688519e-02 -7.54247680e-02 -6.00643177e-03 1.54625308e-02 -5.85188270e-02 2.06531435e-02 -6.75152335e-03 -9.18748992e-05 -4.51522842e-02 5.08996705e-03
4.70584556e-02 -7.19604492e-02 2.67687766e-03 1.34630399e-02 7.77824223e-03 -2.70123035e-02 -5.82710281e-03 3.62447128e-02 2.83315079e-03 -7.46089267e-03 2.82051396e-02 -9.95695125e-03 3.23569681e-03 4.30067157e-05 2.17557251e-02 -2.45480216e-03
-8.34744498e-02 1.33796647e-01 -6.08494319e-03 -2.13589892e-02 -1.31061897e-02 4.39098142e-02 9.45689343e-03 -5.89509867e-02 -4.61396808e-03 1.21193863e-02 -4.58174385e-02 1.61742587e-02 -5.25613176e-03 -6.98028743e-05 -3.53398733e-02 3.98768252e-03
2.80146971e-02 -5.19486144e-02 2.20866897e-03 9.44876857e-03 5.39043825e-03 -1.84408929e-02 -3.96911474e-03 2.47467682e-02 1.94950448e-03 -5.08546736e-03 1.92326121e-02 -6.78890850e-03 2.20940239e-03 2.94907040e-05 1.48350680e-02 -1.67365442e-03
4.43176255e-02 -7.14365020e-02 2.80471006e-03 1.33676752e-02 8.16099346e-03 -2.84463596e-02 -6.14380278e-03 3.81749794e-02 2.98213330e-03 -7.86511786e-03 2.97267307e-02 -1.04947155e-02 3.40859708e-03 4.52133572e-05 2.29298119e-02 -2.58744764e-03
-6.36660606e-02 1.08792879e-01 -4.10391623e-03 -2.16467939e-02 -1.14322267e-02 3.84748317e-02 8.26990884e-03 -5.17181978e-02 -4.06318018e-03 1.06074084e-02 -4.01187502e-02 1.41614694e-02 -4.60839458e-03 -6.15228710e-05 -3.09455842e-02 3.49118537e-03
4.40677479e-02 -6.87416121e-02 2.98089138e-03 1.19519802e-02 6.66599860e-03 -2.25067493e-02 -4.83524194e-03 3.01939044e-02 2.37251562e-03 -6.20311359e-03 2.34538596e-02 -8.27958807e-03 2.69146007e-03 3.57762437e-05 1.80909578e-02 -2.04126304e-03
-1.54977702e-02 4.66542877e-02 -1.49513467e-03 -8.91462527e-03 -6.20644540e-03 2.21020225e-02 4.78325272e-03 -2.96891872e-02 -2.31021270e-03 6.12095557e-03 -2.31298879e-02 8.16610176e-03 -2.65097152e-03 -3.51168892e-05 -1.78415291e-02 2.01335805e-03
2.57806703e-02 -5.73378690e-02 2.17319070e-03 1.06563922e-02 6.74674008e-03 -2.35454980e-02 -5.08623524e-03 3.16111594e-02 2.46686907e-03 -6.51161792e-03 2.46107969e-02 -8.68863240e-03 2.82189390e-03 3.74255578e-05 1.89836565e-02 -2.14216369e-03
-9.43746641e-02 2.61743993e-01 -9.69872251e-03 -4.97066416e-02 -3.13643068e-02 1.09784983e-01 2.37081293e-02 -1.47377282e-01 -1.15016745e-02 3.03588286e-02 -1.14743158e-01 4.05088440e-02 -1.31571228e-02 -1.74464963e-04 -8.85071829e-02 9.98737756e-03
-3.15907337e-02 2.62867045e-02 -9.38379089e-04 -4.12501674e-03 -2.35224282e-03 8.07718839e-03 1.74085191e-03 -1.08298622e-02 -8.47599877e-04 2.22963677e-03 -8.42889119e-03 2.97556096e-03 -9.66780004e-04 -1.28327611e-05 -6.50138222e-03 7.33612804e-04
-4.47887480e-02 1.01087861e-01 -3.77890537e-03 -1.79243013e-02 -1.10252416e-02 3.82807404e-02 8.26458819e-03 -5.13857901e-02 -4.00992949e-03 1.05822943e-02 -3.99991013e-02 1.41207725e-02 -4.58691409e-03 -6.08715818e-05 -3.08526978e-02 3.48142022e-03
5.20305149e-02 -7.07716718e-02 2.74059270e-03 1.32621732e-02 6.80450629e-03 -2.27004811e-02 -4.88056149e-03 3.04584391e-02 2.39181728e-03 -6.25732960e-03 2.36563850e-02 -8.35122541e-03 2.71404069e-03 3.60909289e-05 1.82473771e-02 -2.05892883e-03
7.16934502e-02 -1.00074559e-01 4.08461224e-03 1.69250779e-02 9.54113528e-03 -3.24484147e-02 -6.97847875e-03 4.35161404e-02 3.43137770e-03 -8.94506834e-03 3.38342711e-02 -1.19417049e-02 3.88915907e-03 5.20177819e-05 2.60962825e-02 -2.94386246e-03
-3.87807153e-02 5.58023788e-02 -2.24906323e-03 -8.62240978e-03 -4.87314258e-03 1.64082814e-02 3.53017403e-03 -2.20033340e-02 -1.73311390e-03 4.52341512e-03 -1.71070173e-02 6.03839103e-03 -1.96419354e-03 -2.61916430e-05 -1.31946951e-02 1.48866395e-03
-9.48023424e-02 1.49602622e-01 -6.06731512e-03 -2.62404829e-02 -1.51175121e-02 5.15483208e-02 1.10913357e-02 -6.90799728e-02 -5.42858057e-03 1.42116537e-02 -5.37346490e-02 1.89684145e-02 -6.16854848e-03 -8.22013826e-05 -4.14483808e-02 4.67630615e-03
-6.80113062e-02 1.13101967e-01 -4.72484808e-03 -2.00025402e-02 -1.14798360e-02 3.93508673e-02 8.46946519e-03 -5.28115369e-02 -4.16123914e-03 1.08544994e-02 -4.10497449e-02 1.44893937e-02 -4.71662777e-03 -6.29711576e-05 -3.16626467e-02 3.57201789e-03
9.91827548e-02 -1.59927055e-01 6.61476003e-03 2.80906558e-02 1.77051034e-02 -6.16193227e-02 -1.33045772e-02 8.27388167e-02 6.46370836e-03 -1.70383193e-02 6.43926710e-02 -2.27334853e-02 7.38292001e-03 9.78924727e-05 4.96697910e-02 -5.60491113e-03
3.56383249e-02 -6.94960952e-02 2.47114664e-03 1.24398572e-02 8.07428639e-03 -2.83493791e-02 -6.12446340e-03 3.80609818e-02 2.96988850e-03 -7.84120709e-03 2.96360217e-02 -1.04626575e-02 3.39781540e-03 4.50551015e-05 2.28596497e-02 -2.57955259e-03
-2.96972767e-02 7.55821019e-02 -3.00156861e-03 -1.47296852e-02 -8.81229434e-03 3.03949676e-02 6.55272929e-03 -4.08106670e-02 -3.20064928e-03 8.39359686e-03 -3.17380056e-02 1.12034706e-02 -3.64459842e-03 -4.85991368e-05 -2.44813319e-02 2.76197121e-03
-1.51887750e-02 -9.44065489e-03 -7.04304664e-04 8.15693289e-04 3.53197847e-03 -1.41436411e-02 -3.11795855e-03 1.90060902e-02 1.42352679e-03 -3.97600839e-03 1.49837090e-02 -5.29258978e-03 1.70494558e-03 2.18932109e-05 1.15537113e-02 -1.30545802e-03
-2.22491577e-01 3.08151126e-01 -1.28514506e-02 -5.63440062e-02 -2.63180379e-02 8.75750929e-02 1.88353788e-02 -1.17507115e-01 -9.29163396e-03 2.41562072e-02 -9.13844556e-02 3.22521180e-02 -1.05015161e-02 -1.42370787e-04 -7.04971477e-02 7.94977229e-03
-4.18153182e-02 9.59705785e-02 -3.44798714e-03 -1.80641897e-02 -1.08595649e-02 3.76387425e-02 8.12376291e-03 -5.05407080e-02 -3.96337267e-03 1.04019828e-02 -3.93236764e-02 1.38820000e-02 -4.51381924e-03 -6.01020583e-05 -3.03332228e-02 3.42239090e-03
2.44682673e-02 -4.05971296e-02 1.49619940e-03 7.45669985e-03 4.44253488e-03 -1.50665697e-02 -3.23653733e-03 2.02962197e-02 1.59191294e-03 -4.14983928e-03 1.57043040e-02 -5.54243429e-03 1.80886942e-03 2.43948271e-05 1.21143572e-02 -1.36608805e-03
-1.61935878e-03 -1.05044548e-03 8.39623244e-05 1.85877114e-04 6.41498627e-05 -1.89736267e-04 -3.99874625e-05 2.52374710e-04 2.03073669e-05 -5.15277716e-05 1.95139859e-04 -6.88548826e-05 2.24434789e-05 3.00320920e-07 1.50469044e-04 -1.69748510e-05
-5.52359149e-02 9.70049798e-02 -4.00606729e-03 -1.78358145e-02 -1.05094910e-02 3.64612117e-02 7.86746666e-03 -4.89602387e-02 -3.83667392e-03 1.00750942e-02 -3.80875543e-02 1.34454323e-02 -4.37006075e-03 -5.80986962e-05 -2.93782838e-02 3.31485085e-03
3.84999998e-02 -5.29095829e-02 2.58065853e-03 8.97653867e-03 4.05973662e-03 -1.30298799e-02 -2.77052610e-03 1.74789038e-02 1.42594439e-03 -3.56251188e-03 1.35076176e-02 -4.76407260e-03 1.57072826e-03 2.18016939e-05 1.04208486e-02 -1.17366516e-03
-2.62885597e-02 5.36800958e-02 -2.10341206e-03 -9.73077863e-03 -5.88800432e-03 2.04938129e-02 4.42210212e-03 -2.75164321e-02 -2.14996608e-03 5.66357560e-03 -2.14077290e-02 7.55755464e-03 -2.45507085e-03 -3.25778346e-05 -1.65125821e-02 1.86328986e-03
1.00047393e-02 -5.73335402e-03 2.40669266e-04 7.11154426e-04 3.08761781e-04 -9.34101990e-04 -1.97931091e-04 1.24896609e-03 1.00956226e-04 -2.55003484e-04 9.65986983e-04 -3.40860017e-04 1.11332811e-04 1.50062056e-06 7.45004567e-04 -8.40210996e-05
1.04531329e-02 -1.30052455e-02 5.95527119e-04 2.01116828e-03 1.06132589e-03 -3.54494946e-03 -7.59667135e-04 4.72834753e-03 3.70840746e-04 -9.73355724e-04 3.68084130e-03 -1.29932468e-03 4.22205456e-04 5.60516082e-06 2.83894362e-03 -3.20344523e-04
-2.60273740e-02 8.62168334e-03 -7.77823851e-04 -1.01746677e-03 7.46527570e-04 -3.82355717e-03 -8.55667051e-04 5.19661698e-03 3.77175631e-04 -1.09067804e-03 4.09872038e-03 -1.44851743e-03 4.64245473e-04 5.82286475e-06 3.16131674e-03 -3.57371522e-04
-7.14503154e-02 1.89721569e-01 -6.90543326e-03 -3.79160866e-02 -2.34695412e-02 8.25609192e-02 1.78450216e-02 -1.10852644e-01 -8.64803605e-03 2.28417907e-02 -8.63251463e-02 3.04767396e-02 -9.89678968e-03 -1.31205568e-04 -6.65876344e-02 7.51400413e-03
6.19131029e-02 -1.01788372e-01 4.17676941e-03 1.80035587e-02 9.29509383e-03 -3.09586897e-02 -6.64281892e-03 4.15725373e-02 3.30015388e-03 -8.53851903e-03 3.22845466e-02 -1.13965860e-02 3.70670506e-03 4.93023545e-05 2.49020755e-02 -2.80970242e-03
-1.07555211e-01 2.08713442e-01 -8.15598480e-03 -4.12056372e-02 -2.33053379e-02 8.04911405e-02 1.73831489e-02 -1.08037785e-01 -8.43964145e-03 2.22577974e-02 -8.41253176e-02 2.96992753e-02 -9.64673515e-03 -1.27973122e-04 -6.48897886e-02 7.32227834e-03
8.41908902e-03 -4.17617289e-03 1.71432242e-04 5.73616941e-04 1.60815602e-04 -4.20821743e-04 -8.71494485e-05 5.65906405e-04 4.46973754e-05 -1.12984628e-04 4.29373031e-04 -1.51458924e-04 4.95520180e-05 6.67846109e-07 3.31035088e-04 -3.73354487e-05
-7.53360428e-03 1.48797557e-02 -4.20845987e-04 -2.75082770e-03 -1.85150013e-03 6.55528577e-03 1.41798868e-03 -8.80081020e-03 -6.85739564e-04 1.81433512e-03 -6.85634930e-03 2.42064451e-03 -7.85920070e-04 -1.04139926e-05 -5.28872758e-03 5.96810190e-04
-4.96275797e-02 7.01260120e-02 -2.98788585e-03 -1.25478329e-02 -6.64017862e-03 2.20049191e-02 4.72897571e-03 -2.95195226e-02 -2.34259502e-03 6.06180541e-03 -2.29374636e-02 8.09553731e-03 -2.63983896e-03 -3.55148659e-05 -1.76936090e-02 1.99553557e-03
1.64069477e-02 -5.08127436e-02 2.01568403e-03 9.51668620e-03 6.09485339e-03 -2.12651882e-02 -4.59103286e-03 2.85551809e-02 2.22749962e-03 -5.87808900e-03 2.22167429e-02 -7.84333423e-03 2.54741218e-03 3.37927377e-05 1.71368401e-02 -1.93375221e-03
-3.13550979e-02 9.12965238e-02 -3.39188799e-03 -1.85738355e-02 -1.11298664e-02 3.89649980e-02 8.41503497e-03 -5.22933900e-02 -4.08273004e-03 1.07726892e-02 -4.07164767e-02 1.43747022e-02 -4.66853008e-03 -6.19220446e-05 -3.14071290e-02 3.54404631e-03
6.12265058e-02 -1.08842380e-01 4.11554938e-03 1.97152346e-02 1.04819667e-02 -3.58327143e-02 -7.69892056e-03 4.80580293e-02 3.79339932e-03 -9.87613387e-03 3.73584814e-02 -1.31860422e-02 4.29163268e-03 5.73258731e-05 2.88145952e-02 -3.25068342e-03
3.20059657e-02 -8.49369764e-02 3.35181342e-03 1.58272143e-02 9.75903030e-03 -3.39423940e-02 -7.32640876e-03 4.55501936e-02 3.55509785e-03 -9.38108377e-03 3.54568176e-02 -1.25177111e-02 4.06559836e-03 5.39195971e-05 2.73497645e-02 -3.08621605e-03
-6.68816641e-02 9.10179019e-02 -4.20702901e-03 -1.64842121e-02 -8.58114753e-03 2.68999450e-02 5.72103960e-03 -3.61210518e-02 -2.86676502e-03 7.36226048e-03 -2.78818756e-02 9.83828865e-03 -3.21351038e-03 -4.34346584e-05 -2.15048492e-02 2.42497656e-03
2.19249749e-04 -5.66402497e-03 2.32668346e-04 1.10781321e-03 6.71337126e-04 -2.29765195e-03 -4.95131884e-04 3.08725727e-03 2.43016140e-04 -6.34253083e-04 2.39870697e-03 -8.46735202e-04 2.75942672e-04 3.70013686e-06 1.85046822e-03 -2.08725163e-04
-3.24312709e-02 5.70722893e-02 -2.79819942e-03 -1.18798371e-02 -5.03991917e-03 1.57414228e-02 3.33862309e-03 -2.11849418e-02 -1.69179088e-03 4.29495517e-03 -1.62822958e-02 5.74349100e-03 -1.88270793e-03 -2.57056254e-05 -1.25574926e-02 1.41545630e-03
-5.58172017e-02 8.78848433e-02 -4.17637918e-03 -1.80545580e-02 -9.12676100e-03 3.04149315e-02 6.53449958e-03 -4.08913046e-02 -3.25209624e-03 8.38147383e-03 -3.17194536e-02 1.11939413e-02 -3.65363364e-03 -4.92663421e-05 -2.44671796e-02 2.75913463e-03
-1.03210090e-02 4.83649969e-03 -1.65287100e-04 -5.81803150e-04 -1.50907319e-04 3.77300283e-04 7.76383386e-05 -5.03791205e-04 -4.33543428e-05 1.00992467e-04 -3.84742511e-04 1.35551687e-04 -4.50789630e-05 -6.41892029e-07 -2.96677317e-04 3.33856115e-05
9.89799947e-03 -4.08885479e-02 1.27251190e-03 7.91890360e-03 5.60891116e-03 -2.00211909e-02 -4.33409493e-03 2.68768501e-02 2.09102384e-03 -5.54544525e-03 2.09533051e-02 -7.39781559e-03 2.40108045e-03 3.17856757e-05 1.61627382e-02 -1.82395161e-03
-1.56274475e-02 1.83769073e-02 -7.52069114e-04 -3.58937774e-03 -1.55385269e-03 4.91085742e-03 1.04214193e-03 -6.58588670e-03 -5.32111735e-04 1.33998238e-03 -5.08430647e-03 1.79328979e-03 -5.90751704e-04 -8.24977633e-06 -3.92289134e-03 4.41734854e-04
-9.15675014e-02 1.48888558e-01 -6.67759124e-03 -2.87237782e-02 -1.51390489e-02 5.11176959e-02 1.09819667e-02 -6.86458871e-02 -5.45818452e-03 1.40716899e-02 -5.32673597e-02 1.87976416e-02 -6.13801554e-03 -8.30637728e-05 -4.10897546e-02 4.63309418e-03
6.27446547e-02 -1.15175173e-01 4.40962892e-03 1.99448876e-02 1.26156341e-02 -4.35682796e-02 -9.39911138e-03 5.84780574e-02 4.56594350e-03 -1.20360749e-02 4.54944409e-02 -1.60610471e-02 5.21693844e-03 6.92059111e-05 3.50917503e-02 -3.95980943e-03
-6.86167134e-03 -1.22375200e-02 1.29376387e-03 2.75537255e-03 9.90948640e-04 -2.64525367e-03 -5.61688677e-04 3.54236667e-03 2.85578804e-04 -7.23499979e-04 2.73828860e-03 -9.66367894e-04 3.15053563e-04 4.21178220e-06 2.11182563e-03 -2.38237844e-04
-1.60778299e-01 2.72015572e-01 -1.07466429e-02 -4.66028787e-02 -2.57773139e-02 8.74551907e-02 1.88234560e-02 -1.17544353e-01 -9.24286246e-03 2.41454672e-02 -9.12810713e-02 3.22236754e-02 -1.04751708e-02 -1.39280033e-04 -7.04087093e-02 7.94446468e-03
-8.61607864e-03 7.59737715e-02 -2.73548393e-03 -1.52035253e-02 -1.11707160e-02 4.04290929e-02 8.76560993e-03 -5.42761423e-02 -4.21663653e-03 1.12109520e-02 -4.23438735e-02 1.49511145e-02 -4.84859850e-03 -6.39665450e-05 -3.26625593e-02 3.68642970e-03
