-1.31085385e-02 6.22146428e-02 2.28606649e-02 6.29878696e-03 -1.87238455e-02 2.01018881e-02 -2.13939101e-02 7.05601051e-02 -1.34266941e-02 9.33046546e-03 -3.66228856e-02 -1.27629805e-02 -2.70672496e-02 -3.30773043e-03 1.47259503e-03 -1.38934031e-02
-6.12395909e-03 3.52441818e-02 1.27458172e-02 3.56098474e-03 -1.04484400e-02 1.11898864e-02 -1.19214440e-02 3.93935740e-02 -7.48233823e-03 5.21161687e-03 -2.04501320e-02 -7.12711830e-03 -1.51154269e-02 -1.84724620e-03 8.22371047e-04 -7.75887398e-03
-7.86498189e-04 2.50718277e-03 8.51896417e-04 2.24543212e-04 -7.09854707e-04 7.62729673e-04 -8.11235863e-04 2.68797949e-03 -5.09453646e-04 3.55640688e-04 -1.39592984e-03 -4.86565084e-04 -1.03189959e-03 -1.26121682e-04 5.61436063e-05 -5.29723940e-04
1.23949125e-02 -5.65658361e-02 -2.04302352e-02 -5.54808415e-03 1.66322496e-02 -1.78672206e-02 1.89555269e-02 -6.26625642e-02 1.18602086e-02 -8.28217156e-03 3.25077809e-02 1.13292104e-02 2.40267459e-02 2.93662352e-03 -1.30723359e-03 1.23340683e-02
5.98242972e-03 -2.94569172e-02 -9.42623150e-03 -2.38498650e-03 7.81632587e-03 -8.49139597e-03 8.84018559e-03 -2.92921532e-02 5.53842168e-03 -3.85076716e-03 1.50916586e-02 5.25954831e-03 1.11564882e-02 1.36259641e-03 -6.06936170e-04 5.72459167e-03
-3.05663515e-03 1.67930350e-02 5.91283944e-03 1.59706082e-03 -4.85940883e-03 5.25707472e-03 -5.55825699e-03 1.83536056e-02 -3.47968261e-03 2.42077466e-03 -9.49976221e-03 -3.31048993e-03 -7.02148117e-03 -8.57842097e-04 3.81976628e-04 -3.60346423e-03
1.31128710e-02 -6.14623949e-02 -2.02319808e-02 -5.09283785e-03 1.64007172e-02 -1.77740920e-02 1.84619017e-02 -6.06772490e-02 1.15784919e-02 -8.01045075e-03 3.14131789e-02 1.09379925e-02 2.32005995e-02 2.83293310e-03 -1.26216060e-03 1.19024636e-02
7.06385542e-03 -3.59242857e-02 -1.25393569e-02 -3.19510861e-03 1.02655087e-02 -1.10458694e-02 1.16866399e-02 -3.84457186e-02 7.32217683e-03 -5.07939095e-03 1.99272018e-02 6.94174180e-03 1.47247538e-02 1.79815548e-03 -8.00964772e-04 7.55444774e-03
-1.85309388e-02 9.17601958e-02 3.12011335e-02 8.43814109e-03 -2.52379999e-02 2.73334626e-02 -2.88526099e-02 9.54115465e-02 -1.81683544e-02 1.26331337e-02 -4.95841615e-02 -1.72723811e-02 -3.66346762e-02 -4.47563455e-03 1.99290458e-03 -1.88006125e-02
-1.61542781e-02 7.79009238e-02 2.68523786e-02 7.20783556e-03 -2.18896791e-02 2.34834682e-02 -2.50368714e-02 8.27796012e-02 -1.54985590e-02 1.07537406e-02 -4.22063321e-02 -1.47059504e-02 -3.11931800e-02 -3.80973518e-03 1.69677217e-03 -1.60046220e-02
-1.14376545e-02 5.84364757e-02 2.06212439e-02 5.66908531e-03 -1.69790369e-02 1.81937758e-02 -1.92841478e-02 6.38711900e-02 -1.20781567e-02 8.43352173e-03 -3.30983661e-02 -1.15355421e-02 -2.44646389e-02 -2.99003092e-03 1.33103225e-03 -1.25584872e-02
-1.22010112e-02 5.45430705e-02 1.96800195e-02 5.42528508e-03 -1.61068439e-02 1.72346570e-02 -1.83560438e-02 6.06899224e-02 -1.15027251e-02 8.02499615e-03 -3.15018259e-02 -1.09799346e-02 -2.32857559e-02 -2.84584332e-03 1.26690941e-03 -1.19531220e-02
7.11018266e-03 -3.29606943e-02 -1.17469532e-02 -3.23447702e-03 9.56894271e-03 -1.02503607e-02 1.08615309e-02 -3.59038860e-02 6.81852642e-03 -4.75151930e-03 1.86482910e-02 6.49910141e-03 1.37831615e-02 1.68433087e-03 -7.49867875e-04 7.07470905e-03
1.11738844e-02 -5.07094562e-02 -1.70095488e-02 -4.46947804e-03 1.38607584e-02 -1.48720806e-02 1.57643836e-02 -5.18882908e-02 9.87207610e-03 -6.81048259e-03 2.67267544e-02 9.31326672e-03 1.97543111e-02 2.41262885e-03 -1.07458129e-03 1.01356385e-02
5.86729571e-02 -2.65983433e-01 -9.51738730e-02 -2.61113141e-02 7.65356943e-02 -8.25081468e-02 8.76532644e-02 -2.89697498e-01 5.50207794e-02 -3.83015350e-02 1.50354370e-01 5.24122082e-02 1.11150153e-01 1.35867959e-02 -6.04762277e-03 5.70634604e-02
-2.43179202e-02 1.18982002e-01 4.23948765e-02 1.20382784e-02 -3.44253369e-02 3.70534621e-02 -3.93843502e-02 1.30316585e-01 -2.46965867e-02 1.72703136e-02 -6.77921772e-02 -2.36331597e-02 -5.01164049e-02 -6.12676656e-03 2.72694626e-03 -2.57313885e-02
-9.03853960e-03 4.56503592e-02 1.66507196e-02 4.53252066e-03 -1.37211587e-02 1.47597278e-02 -1.56496987e-02 5.18585108e-02 -9.77718178e-03 6.83140103e-03 -2.68139765e-02 -9.34674125e-03 -1.98216867e-02 -2.42296513e-03 1.07848819e-03 -1.01762833e-02
-1.18327420e-02 5.49666286e-02 1.87317561e-02 4.98112291e-03 -1.53293591e-02 1.64152011e-02 -1.74312927e-02 5.75808138e-02 -1.09313065e-02 7.57481204e-03 -2.97237802e-02 -1.03568425e-02 -2.19681095e-02 -2.68333545e-03 1.19505310e-03 -1.12726735e-02
1.15832165e-02 -5.55342026e-02 -1.93786640e-02 -5.28392848e-03 1.58151351e-02 -1.69796254e-02 1.80767290e-02 -5.96057177e-02 1.12890657e-02 -7.87018239e-03 3.08885872e-02 1.07654463e-02 2.28309054e-02 2.79041962e-03 -1.24215591e-03 1.17200362e-02
2.86051203e-02 -1.60808817e-01 -6.51955009e-02 -1.92595348e-02 5.41904569e-02 -5.82546517e-02 6.18065223e-02 -2.05301777e-01 3.88748236e-02 -2.72188727e-02 1.06850900e-01 3.72485369e-02 7.89908320e-02 9.65674128e-03 -4.29808348e-03 4.05566134e-02
4.61224001e-03 -2.12465748e-02 -7.81074539e-03 -2.15712842e-03 6.37636892e-03 -6.85498491e-03 7.28305150e-03 -2.40935069e-02 4.55225166e-03 -3.17569892e-03 1.24651035e-02 4.34441445e-03 9.21335258e-03 1.12604478e-03 -5.01267437e-04 4.72952100e-03
3.20954844e-02 -1.60791516e-01 -5.80317676e-02 -1.60902347e-02 4.76072729e-02 -5.11070825e-02 5.43160178e-02 -1.79605633e-01 3.40159349e-02 -2.37699375e-02 9.33086574e-02 3.25244293e-02 6.89754039e-02 8.43086373e-03 -3.75288888e-03 3.54099460e-02
4.82175406e-03 -2.37429515e-02 -7.93149043e-03 -2.15057866e-03 6.54352689e-03 -7.03299185e-03 7.49674812e-03 -2.47065574e-02 4.68208129e-03 -3.25859897e-03 1.27875926e-02 4.45572892e-03 9.45084821e-03 1.15441135e-03 -5.14145882e-04 4.84970817e-03
2.90827500e-03 -1.14995241e-02 -2.97674700e-03 -6.11118099e-04 2.35831435e-03 -2.57478934e-03 2.67160963e-03 -8.80741328e-03 1.67488866e-03 -1.15989207e-03 4.54965793e-03 1.58415083e-03 3.35910218e-03 4.10165434e-04 -1.82746386e-04 1.72347436e-03
-2.23901868e-03 1.07420301e-02 3.61119723e-03 8.92606331e-04 -2.98697664e-03 3.20770591e-03 -3.38744884e-03 1.11851180e-02 -2.11740867e-03 1.47597340e-03 -5.79281617e-03 -2.01875763e-03 -4.28137090e-03 -5.23239549e-04 2.32930019e-04 -2.19769659e-03
1.22878794e-02 -6.33236170e-02 -2.32254267e-02 -6.56404207e-03 1.90062448e-02 -2.03608200e-02 2.16679312e-02 -7.18242824e-02 1.35824708e-02 -9.49666556e-03 3.72787304e-02 1.29954303e-02 2.75593624e-02 3.36890970e-03 -1.49950769e-03 1.41490428e-02
5.25500160e-03 -2.06916332e-02 -5.94262779e-03 -1.29035325e-03 4.80003515e-03 -5.18157333e-03 5.41286077e-03 -1.77077223e-02 3.38108977e-03 -2.32735625e-03 9.13312752e-03 3.17716016e-03 6.74115587e-03 8.22488684e-04 -3.66612163e-04 3.45633249e-03
-1.96547341e-03 1.71305239e-02 7.43921613e-03 2.26487569e-03 -6.27214182e-03 6.72596693e-03 -7.17954850e-03 2.38804054e-02 -4.52215178e-03 3.16952378e-03 -1.24437548e-02 -4.33864910e-03 -9.20066237e-03 -1.12490833e-03 5.00650087e-04 -4.72428370e-03
2.65816413e-02 -1.37667939e-01 -4.82939593e-02 -1.29817110e-02 3.92890275e-02 -4.22622934e-02 4.49413061e-02 -1.48203865e-01 2.80731004e-02 -1.95395630e-02 7.67447874e-02 2.67399531e-02 5.67014888e-02 6.92701805e-03 -3.08449822e-03 2.90981177e-02
-1.03337560e-02 5.07173091e-02 1.81916561e-02 4.83228266e-03 -1.49005586e-02 1.59720592e-02 -1.69113092e-02 5.60297668e-02 -1.06226383e-02 7.39036594e-03 -2.90004462e-02 -1.01050241e-02 -2.14319769e-02 -2.61838594e-03 1.16594916e-03 -1.09989587e-02
-1.15925968e-02 5.98469637e-02 2.11453009e-02 5.89399785e-03 -1.73348393e-02 1.86420400e-02 -1.98228788e-02 6.57509938e-02 -1.24411574e-02 8.65380559e-03 -3.39514650e-02 -1.18339509e-02 -2.50999182e-02 -3.06673720e-03 1.36572903e-03 -1.28828976e-02
-7.33489078e-03 2.77427360e-02 7.77792092e-03 1.98503141e-03 -5.99209126e-03 6.55880896e-03 -6.82881707e-03 2.26132367e-02 -4.25775116e-03 2.96883262e-03 -1.16543472e-02 -4.06022742e-03 -8.61009490e-03 -1.05232105e-03 4.68408398e-04 -4.41974867e-03
1.81848481e-02 -8.48623961e-02 -2.95185093e-02 -7.67873507e-03 2.42291857e-02 -2.59703975e-02 2.74909958e-02 -9.11299959e-02 1.72407050e-02 -1.20294662e-02 4.72136289e-02 1.64587442e-02 3.49049866e-02 4.26642643e-03 -1.89910934e-03 1.79190077e-02
-1.88961737e-02 8.94795805e-02 3.16956751e-02 8.97259731e-03 -2.58268341e-02 2.75534987e-02 -2.94625573e-02 9.73816440e-02 -1.84393879e-02 1.28853926e-02 -5.05927466e-02 -1.76337231e-02 -3.73948961e-02 -4.57149372e-03 2.03471817e-03 -1.91995148e-02
7.72289000e-03 -3.19426656e-02 -1.03573957e-02 -2.81430339e-03 8.46169703e-03 -9.06169787e-03 9.69386380e-03 -3.14965360e-02 5.94624178e-03 -4.13367851e-03 1.62326153e-02 5.65445703e-03 1.19915707e-02 1.46586122e-03 -6.52452582e-04 6.15644827e-03
-7.35724671e-03 3.76853049e-02 1.34868026e-02 3.80344526e-03 -1.11181391e-02 1.19762514e-02 -1.26882540e-02 4.19675149e-02 -7.95150362e-03 5.54901315e-03 -2.17765532e-02 -7.58967688e-03 -1.60966143e-02 -1.96714234e-03 8.75745376e-04 -8.26247130e-03
-8.02775659e-03 4.06804867e-02 1.45961819e-02 3.98996379e-03 -1.19372057e-02 1.28569854e-02 -1.36189181e-02 4.53616269e-02 -8.53706524e-03 5.94901713e-03 -2.33505275e-02 -8.13782495e-03 -1.72588695e-02 -2.10927194e-03 9.38971236e-04 -8.85921624e-03
-4.83653089e-03 2.26128437e-02 8.00105464e-03 2.17764685e-03 -6.49797823e-03 7.00904056e-03 -7.44363060e-03 2.46685334e-02 -4.65131691e-03 3.25382920e-03 -1.27692781e-02 -4.45148395e-03 -9.44040064e-03 -1.15403463e-03 5.13658684e-04 -4.84681223e-03
2.54513696e-03 -9.29863565e-03 -3.12473602e-03 -8.39212909e-04 2.52954685e-03 -2.68664979e-03 2.85196607e-03 -9.43014119e-03 1.78757613e-03 -1.24802766e-03 4.89914976e-03 1.70761545e-03 3.62134236e-03 4.42658988e-04 -1.97033543e-04 1.85914210e-03
5.62874600e-03 -3.24300937e-02 -1.27829863e-02 -3.72858718e-03 1.06116384e-02 -1.13883391e-02 1.21220741e-02 -4.02079783e-02 7.62059726e-03 -5.33164991e-03 2.09299922e-02 7.29654916e-03 1.54735958e-02 1.89167261e-03 -8.41953908e-04 7.94467144e-03
-1.84870837e-03 8.14073905e-03 2.95186718e-03 7.95301748e-04 -2.41999165e-03 2.59017269e-03 -2.74213846e-03 9.06963833e-03 -1.71762786e-03 1.19660096e-03 -4.69648093e-03 -1.63662783e-03 -3.47105623e-03 -4.24164144e-04 1.88837395e-04 -1.78161287e-03
3.83194559e-03 -1.15822852e-02 -2.71580345e-03 -4.77427646e-04 2.18389835e-03 -2.26679444e-03 2.45158095e-03 -7.83874746e-03 1.47749681e-03 -1.00536854e-03 3.93781811e-03 1.37152954e-03 2.90940423e-03 3.54888063e-04 -1.58226889e-04 1.49154849e-03
5.69332950e-03 -2.06275955e-02 -7.04057468e-03 -1.89855415e-03 5.79082174e-03 -6.24453556e-03 6.56921463e-03 -2.16985792e-02 4.10341006e-03 -2.86353519e-03 1.12384306e-02 3.91627569e-03 8.30534101e-03 1.01508317e-03 -4.51868749e-04 4.26346529e-03
7.01660942e-03 -3.25287282e-02 -1.23495022e-02 -3.43265827e-03 1.00883394e-02 -1.08121289e-02 1.14813950e-02 -3.81003283e-02 7.21330801e-03 -5.03871264e-03 1.97786875e-02 6.89437706e-03 1.46210808e-02 1.78729719e-03 -7.95533124e-04 7.50646507e-03
-1.33909816e-02 6.09434135e-02 1.94406509e-02 5.10434387e-03 -1.58571806e-02 1.70696806e-02 -1.80496518e-02 6.00144640e-02 -1.13856336e-02 7.84523319e-03 -3.07782609e-02 -1.07278498e-02 -2.27577873e-02 -2.77734199e-03 1.23793760e-03 -1.16734160e-02
1.31563162e-02 -6.10686392e-02 -2.24334858e-02 -6.26381626e-03 1.84281003e-02 -1.98733695e-02 2.10001301e-02 -6.95254579e-02 1.31499395e-02 -9.16297548e-03 3.59626822e-02 1.25321439e-02 2.65782103e-02 3.24832625e-03 -1.44606875e-03 1.36435712e-02
1.80790084e-04 7.40704872e-03 4.41993028e-03 1.40334899e-03 -3.71375703e-03 3.98324663e-03 -4.25554905e-03 1.42049724e-02 -2.69191875e-03 1.88873103e-03 -7.41950795e-03 -2.58715940e-03 -5.48622012e-03 -6.70850859e-04 2.98528146e-04 -2.81724730e-03
4.96259052e-03 -1.77703891e-02 -5.42089576e-03 -1.38316513e-03 4.44489811e-03 -4.78574540e-03 5.01095643e-03 -1.65864583e-02 3.13483016e-03 -2.18925555e-03 8.58876575e-03 2.99377041e-03 6.34882646e-03 7.76044908e-04 -3.45436769e-04 3.25937942e-03
-9.35322023e-05 -3.31585039e-03 -1.58112030e-03 -4.92836465e-04 1.32903003e-03 -1.42428337e-03 1.52263069e-03 -5.06686606e-03 9.59750148e-04 -6.72573457e-04 2.64071394e-03 9.20667255e-04 1.95241452e-03 2.38702371e-04 -1.06238498e-04 1.00248726e-03
-1.94017142e-02 1.05861440e-01 3.78380418e-02 1.08392136e-02 -3.07081454e-02 3.28800343e-02 -3.50293145e-02 1.16126053e-01 -2.19668429e-02 1.53746670e-02 -6.03521578e-02 -2.10398249e-02 -4.46185842e-02 -5.45471068e-03 2.42780405e-03 -2.29086839e-02
1.23371230e-02 -5.99158071e-02 -2.16812156e-02 -6.29332149e-03 1.77626386e-02 -1.90438479e-02 2.02909410e-02 -6.72163218e-02 1.27307791e-02 -8.90550483e-03 3.49599086e-02 1.21874381e-02 2.58455947e-02 3.15967016e-03 -1.40631909e-03 1.32700149e-02
1.04375221e-02 -5.11732176e-02 -1.71703883e-02 -4.44962736e-03 1.39674721e-02 -1.50884343e-02 1.58651005e-02 -5.22540249e-02 9.94621776e-03 -6.89890468e-03 2.70715877e-02 9.43023618e-03 2.00022515e-02 2.44328007e-03 -1.08810328e-03 1.02637988e-02
-4.52744216e-03 2.15411000e-02 7.94523302e-03 2.22361065e-03 -6.51099300e-03 7.02578761e-03 -7.44410092e-03 2.46662181e-02 -4.67312057e-03 3.26123717e-03 -1.28021874e-02 -4.46198694e-03 -9.46271140e-03 -1.15664594e-03 5.14853746e-04 -4.85790474e-03
-3.13523365e-03 1.28122000e-02 3.68319172e-03 8.34460196e-04 -2.93587986e-03 3.14110774e-03 -3.30356276e-03 1.08524216e-02 -2.05353042e-03 1.41839765e-03 -5.56496670e-03 -1.93716248e-03 -4.10920568e-03 -5.01655159e-04 2.23478375e-04 -2.10768939e-03
-6.46157470e-03 2.44441796e-02 8.36647209e-03 2.18412001e-03 -6.95337122e-03 7.44163338e-03 -7.88558461e-03 2.60724407e-02 -4.92968597e-03 3.43741500e-03 -1.34902894e-02 -4.70183231e-03 -9.97088756e-03 -1.21872150e-03 5.42509602e-04 -5.11873700e-03
-6.31241594e-03 2.13518664e-02 6.16672076e-03 1.40010472e-03 -4.89238650e-03 5.38522750e-03 -5.54073788e-03 1.83934420e-02 -3.45526496e-03 2.37549888e-03 -9.32520255e-03 -3.24203284e-03 -6.87725516e-03 -8.39073095e-04 3.74034484e-04 -3.52625712e-03
-3.69277596e-03 1.55326314e-02 5.33965277e-03 1.36537035e-03 -4.36634757e-03 4.69237240e-03 -4.97292727e-03 1.64239351e-02 -3.11138481e-03 2.16253847e-03 -8.48531350e-03 -2.95619597e-03 -6.27015624e-03 -7.65889825e-04 3.41078354e-04 -3.21740191e-03
3.33754066e-03 -1.64290518e-02 -5.54422662e-03 -1.50327024e-03 4.55424935e-03 -4.84159775e-03 5.16062696e-03 -1.70589257e-02 3.23169562e-03 -2.25419761e-03 8.84764548e-03 3.08375852e-03 6.53979601e-03 7.99343281e-04 -3.55817436e-04 3.35727120e-03
1.50432922e-02 -7.17961937e-02 -2.32805144e-02 -6.37665112e-03 1.87021103e-02 -2.00295597e-02 2.13016979e-02 -7.03718513e-02 1.33266905e-02 -9.29835811e-03 3.65095437e-02 1.27238743e-02 2.69830506e-02 3.29853781e-03 -1.46816252e-03 1.38534075e-02
8.45004804e-03 -3.74851599e-02 -1.28705129e-02 -3.48693691e-03 1.02299806e-02 -1.10021643e-02 1.16346925e-02 -3.83940376e-02 7.26689491e-03 -5.07826265e-03 1.99340377e-02 6.94809295e-03 1.47342626e-02 1.80116040e-03 -8.01692833e-04 7.56465690e-03
-8.59457254e-03 4.39960957e-02 1.61376800e-02 4.44592955e-03 -1.31471474e-02 1.41111342e-02 -1.49674034e-02 4.94949296e-02 -9.37823299e-03 6.54432923e-03 -2.56868564e-02 -8.95273779e-03 -1.89863667e-02 -2.32067029e-03 1.03301206e-03 -9.74687841e-03
-2.09341906e-02 1.03679270e-01 3.54148112e-02 9.89550911e-03 -2.87879240e-02 3.11006755e-02 -3.28214355e-02 1.08349256e-01 -2.05384362e-02 1.43082272e-02 -5.61753362e-02 -1.95705630e-02 -4.15044688e-02 -5.07262582e-03 2.25799344e-03 -2.13053562e-02
-1.81755256e-02 8.81602764e-02 2.94804145e-02 7.90337939e-03 -2.39409711e-02 2.58826725e-02 -2.73261461e-02 9.00790244e-02 -1.70760341e-02 1.18429521e-02 -4.64760438e-02 -1.61921810e-02 -3.43475193e-02 -4.19400027e-03 1.86822517e-03 -1.76204182e-02
1.76607780e-02 -7.76221156e-02 -2.60845125e-02 -7.09898071e-03 2.12889761e-02 -2.28130054e-02 2.43207440e-02 -8.02999511e-02 1.51682999e-02 -1.05979061e-02 4.16018479e-02 1.44997565e-02 3.07495557e-02 3.75876110e-03 -1.67306012e-03 1.57865174e-02
1.84300006e-03 -1.00186784e-02 -3.97795811e-03 -1.13838713e-03 3.27947619e-03 -3.52822407e-03 3.74203990e-03 -1.23887891e-02 2.34742952e-03 -1.63935462e-03 6.43479265e-03 2.24268693e-03 4.75625647e-03 5.81310131e-04 -2.58774526e-04 2.44157086e-03
-7.60730298e-04 5.81340585e-03 1.78147911e-03 4.12490335e-04 -1.44649216e-03 1.53827248e-03 -1.62472692e-03 5.32406801e-03 -1.00163405e-03 6.89023233e-04 -2.70456565e-03 -9.40971309e-04 -1.99690624e-03 -2.43622999e-04 1.08563683e-04 -1.02369569e-03
-1.64309982e-02 7.83911943e-02 2.82462891e-02 7.79303303e-03 -2.29844805e-02 2.46510450e-02 -2.62356158e-02 8.67286101e-02 -1.64075941e-02 1.14702899e-02 -4.50256504e-02 -1.56932361e-02 -3.32808048e-02 -4.06826567e-03 1.81080750e-03 -1.70862991e-02
-1.91769376e-02 8.54759961e-02 2.63074618e-02 6.85223378e-03 -2.12765597e-02 2.31073890e-02 -2.43126471e-02 8.03207308e-02 -1.52209774e-02 1.06213400e-02 -4.17009369e-02 -1.45301698e-02 -3.08163073e-02 -3.76565359e-03 1.67640182e-03 -1.58165917e-02
-8.88725626e-04 2.68898671e-03 4.66498837e-04 3.86760294e-05 -3.51722556e-04 3.79901670e-04 -3.84055485e-04 1.20739848e-03 -2.30623293e-04 1.53578876e-04 -6.01027336e-04 -2.08493977e-04 -4.42603166e-04 -5.38050153e-05 2.40382924e-05 -2.26348027e-04
-5.97642502e-03 2.87465379e-02 9.87328030e-03 2.60682125e-03 -8.06313008e-03 8.65938421e-03 -9.21689719e-03 3.01701445e-02 -5.73136192e-03 3.96604743e-03 -1.55618982e-02 -5.41744847e-03 -1.14929508e-02 -1.40234234e-03 6.25060173e-04 -5.89323463e-03
2.09775963e-03 -8.54015350e-03 -2.82596145e-03 -7.61115924e-04 2.27112789e-03 -2.44324794e-03 2.58911587e-03 -8.55807960e-03 1.62515545e-03 -1.13121024e-03 4.43941401e-03 1.54713367e-03 3.28153302e-03 4.00914490e-04 -1.78516988e-04 1.68404658e-03
7.07596308e-03 -2.94908863e-02 -9.98302549e-03 -2.76936451e-03 8.21578223e-03 -8.76441412e-03 9.30831023e-03 -3.08411699e-02 5.84947085e-03 -4.08615451e-03 1.60384811e-02 5.59056411e-03 1.18558826e-02 1.44924282e-03 -6.45075459e-04 6.08672388e-03
4.15732386e-04 1.07274354e-02 6.41082879e-03 2.03398103e-03 -5.39994752e-03 5.80139458e-03 -6.18181191e-03 2.06244923e-02 -3.90849123e-03 2.74157338e-03 -1.07641183e-02 -3.75328283e-03 -7.95934536e-03 -9.73165501e-04 4.33107489e-04 -4.08696663e-03
5.01400698e-03 -1.93544105e-02 -6.08878396e-03 -1.55846390e-03 4.95586311e-03 -5.26887691e-03 5.61024854e-03 -1.83522794e-02 3.44932382e-03 -2.40090722e-03 9.42330901e-03 3.28344363e-03 6.96333079e-03 8.51044606e-04 -3.78843630e-04 3.57447541e-03
-4.90645459e-03 1.30123775e-02 2.71964911e-03 5.60310204e-04 -2.10057315e-03 2.24180566e-03 -2.34834687e-03 7.59783620e-03 -1.46206864e-03 9.94480914e-04 -3.90046160e-03 -1.35769555e-03 -2.88037467e-03 -3.51287919e-04 1.56611364e-04 -1.47639378e-03
-2.46268325e-03 1.25419386e-02 3.98353580e-03 1.00672245e-03 -3.27489176e-03 3.51716927e-03 -3.69183440e-03 1.22120362e-02 -2.32395856e-03 1.60293083e-03 -6.28672959e-03 -2.19053868e-03 -4.64697508e-03 -5.67081792e-04 2.52754020e-04 -2.38304609e-03
-1.40004251e-02 6.00388274e-02 2.01854911e-02 5.20888250e-03 -1.64762624e-02 1.78073123e-02 -1.87301058e-02 6.19867034e-02 -1.17328418e-02 8.17376375e-03 -3.20792161e-02 -1.11748222e-02 -2.37015467e-02 -2.89548840e-03 1.28938188e-03 -1.21632572e-02
2.20355578e-02 -1.15409002e-01 -4.36346568e-02 -1.26206568e-02 3.58098596e-02 -3.83110940e-02 4.07424159e-02 -1.35213450e-01 2.55982224e-02 -1.79126784e-02 7.03207031e-02 2.45140735e-02 5.19862883e-02 6.35538530e-03 -2.82868184e-03 2.66914405e-02
-3.35862953e-03 1.49034560e-02 4.83533088e-03 1.25765405e-03 -3.91592272e-03 4.22475254e-03 -4.46104072e-03 1.47232274e-02 -2.79479614e-03 1.93867751e-03 -7.60702975e-03 -2.65031261e-03 -5.62144490e-03 -6.86633692e-04 3.05785477e-04 -2.88446923e-03
-7.39337597e-03 3.24120037e-02 1.13028800e-02 2.96647288e-03 -9.15608276e-03 9.81734879e-03 -1.03810690e-02 3.43201011e-02 -6.51789876e-03 4.53892164e-03 -1.78139880e-02 -6.20816462e-03 -1.31663084e-02 -1.60895463e-03 7.16308481e-04 -6.75810175e-03
3.17041413e-03 -1.31954234e-02 -4.48305113e-03 -1.18329842e-03 3.71508603e-03 -3.97751294e-03 4.23409743e-03 -1.39755253e-02 2.63852975e-03 -1.83916802e-03 7.21753947e-03 2.51538400e-03 5.33465249e-03 6.51946873e-04 -2.90235126e-04 2.73832679e-03
-1.62411970e-03 9.94975027e-03 4.04057279e-03 1.17858441e-03 -3.35329818e-03 3.60494084e-03 -3.83507926e-03 1.27074225e-02 -2.40695826e-03 1.68201025e-03 -6.60244701e-03 -2.30152346e-03 -4.88091307e-03 -5.96625847e-04 2.65570969e-04 -2.50580488e-03
1.33215077e-03 -7.49542704e-03 -3.17663536e-03 -9.54020419e-04 2.65416689e-03 -2.85058538e-03 3.03522893e-03 -1.00878617e-02 1.91123062e-03 -1.33836921e-03 5.25424257e-03 1.83176366e-03 3.88455251e-03 4.74904373e-04 -2.11369916e-04 1.99449831e-03
-5.34245791e-03 2.14742180e-02 7.06572039e-03 1.86692085e-03 -5.71840350e-03 6.09855028e-03 -6.47510402e-03 2.14033499e-02 -4.04823944e-03 2.82419031e-03 -1.10834017e-02 -3.86288692e-03 -8.19231942e-03 -1.00126176e-03 4.45712998e-04 -4.20540525e-03
-1.88740678e-02 9.95504335e-02 3.52971256e-02 9.86044481e-03 -2.89456639e-02 3.10529452e-02 -3.30934860e-02 1.09262504e-01 -2.06840653e-02 1.44628519e-02 -5.67722656e-02 -1.97897628e-02 -4.19678651e-02 -5.13031054e-03 2.28347466e-03 -2.15465575e-02
-1.53086167e-02 7.03222603e-02 2.46110708e-02 6.84920233e-03 -2.02108435e-02 2.17458066e-02 -2.30114534e-02 7.61532634e-02 -1.44382669e-02 1.00800898e-02 -3.95682938e-02 -1.37890661e-02 -2.92435195e-02 -3.57424608e-03 1.59105239e-03 -1.50120668e-02
1.84307359e-02 -9.17294845e-02 -2.85596959e-02 -7.44355842e-03 2.32996531e-02 -2.49567814e-02 2.64638197e-02 -8.72779787e-02 1.64861344e-02 -1.14865592e-02 4.51065600e-02 1.57042705e-02 3.33111733e-02 4.06875787e-03 -1.81214127e-03 1.70927830e-02
4.14427929e-03 -5.18584531e-03 1.78850023e-03 1.19073107e-03 -1.54909445e-03 1.66052685e-03 -1.85152132e-03 6.46406319e-03 -1.23194722e-03 9.18514968e-04 -3.61659098e-03 -1.26469322e-03 -2.67942832e-03 -3.29378468e-04 1.45957238e-04 -1.38068711e-03
1.60726048e-02 -7.86061585e-02 -2.85499226e-02 -8.08305945e-03 2.34141890e-02 -2.51671951e-02 2.67104749e-02 -8.84501860e-02 1.67718306e-02 -1.17149614e-02 4.59922515e-02 1.60293207e-02 3.39939147e-02 4.15508263e-03 -1.84955436e-03 1.74513906e-02
-1.01520233e-02 5.00053056e-02 1.69473402e-02 4.73861769e-03 -1.38405440e-02 1.48467617e-02 -1.57338995e-02 5.21320775e-02 -9.88467783e-03 6.90202089e-03 -2.70943288e-02 -9.44337063e-03 -2.00263187e-02 -2.44790385e-03 1.08962238e-03 -1.02811679e-02
1.05921812e-02 -5.40429279e-02 -1.95531268e-02 -5.44370385e-03 1.60347112e-02 -1.72796138e-02 1.82460360e-02 -6.03751205e-02 1.14510348e-02 -7.99179822e-03 3.13713923e-02 1.09342327e-02 2.31886171e-02 2.83424836e-03 -1.26167247e-03 1.19040972e-02
1.15210516e-02 -5.37235588e-02 -1.96524132e-02 -5.58356894e-03 1.60961058e-02 -1.73020400e-02 1.83826648e-02 -6.09126575e-02 1.15455063e-02 -8.06561485e-03 3.16636711e-02 1.10367825e-02 2.34055761e-02 2.86102854e-03 -1.27348409e-03 1.20161474e-02
-3.68596823e-03 9.19593964e-04 -2.35412014e-03 -9.83674079e-04 2.25877413e-03 -2.45212531e-03 2.61632260e-03 -8.84033181e-03 1.68012502e-03 -1.19494472e-03 4.69211163e-03 1.63612491e-03 3.46951536e-03 4.24366677e-04 -1.88831618e-04 1.78204582e-03
-9.72839259e-03 4.28821892e-02 1.29508963e-02 3.43476166e-03 -1.02047920e-02 1.09402174e-02 -1.16302604e-02 3.83479185e-02 -7.25517469e-03 5.06657269e-03 -1.98876783e-02 -6.93147629e-03 -1.46982102e-02 -1.79676351e-03 7.99736707e-04 -7.54618598e-03
-3.49969929e-03 1.66311525e-02 5.48395328e-03 1.41302496e-03 -4.46499418e-03 4.78571979e-03 -5.07811038e-03 1.67266484e-02 -3.16840690e-03 2.20296625e-03 -8.64523277e-03 -3.01194401e-03 -6.38823165e-03 -7.80416478e-04 3.47512076e-04 -3.27827549e-03
1.01262573e-02 -6.43550754e-02 -2.65494175e-02 -7.69487116e-03 2.19736397e-02 -2.36783307e-02 2.50994787e-02 -8.33309516e-02 1.57833882e-02 -1.10196276e-02 4.32496332e-02 1.50757069e-02 3.19724903e-02 3.90782719e-03 -1.73967157e-03 1.64133776e-02
-1.51453717e-02 6.84114695e-02 2.19642762e-02 5.41401934e-03 -1.78565420e-02 1.90267079e-02 -2.03229412e-02 6.66920021e-02 -1.26964562e-02 8.81187152e-03 -3.45963538e-02 -1.20516969e-02 -2.55515892e-02 -3.12000397e-03 1.39056484e-03 -1.31110847e-02
5.87932207e-03 -3.04394402e-02 -1.12566119e-02 -3.22292838e-03 9.33700614e-03 -1.00039672e-02 1.06354011e-02 -3.53077203e-02 6.69236667e-03 -4.67711315e-03 1.83601137e-02 6.40037842e-03 1.35732042e-02 1.65921194e-03 -7.38524366e-04 6.96853455e-03
7.01238681e-03 -3.50380838e-02 -1.27849942e-02 -3.61899263e-03 1.06123742e-02 -1.14153922e-02 1.20899007e-02 -4.01851162e-02 7.55790202e-03 -5.27888350e-03 2.07181983e-02 7.22025568e-03 1.53128626e-02 1.87141018e-03 -8.33102327e-04 7.86028244e-03
2.94217514e-03 -1.33597283e-02 -4.55929758e-03 -1.22064515e-03 3.69459577e-03 -3.98326386e-03 4.21143137e-03 -1.38952406e-02 2.63480167e-03 -1.83607836e-03 7.20762275e-03 2.51148501e-03 5.32622030e-03 6.50945003e-04 -2.89776566e-04 2.73406738e-03
2.40612328e-02 -1.06781244e-01 -3.66499498e-02 -9.66470130e-03 2.95289028e-02 -3.17056477e-02 3.36467884e-02 -1.11404285e-01 2.11211853e-02 -1.46859903e-02 5.76531701e-02 2.00869218e-02 4.26011682e-02 5.20518096e-03 -2.31760135e-03 2.18643621e-02
-1.11178430e-02 5.61880507e-02 1.87053513e-02 4.82767262e-03 -1.50914825e-02 1.63148735e-02 -1.72408149e-02 5.67566641e-02 -1.07961055e-02 7.46822869e-03 -2.93151364e-02 -1.02097578e-02 -2.16590315e-02 -2.64376053e-03 1.17793714e-03 -1.11083314e-02
6.76928554e-03 -3.33092883e-02 -1.20427394e-02 -3.35644418e-03 9.85928718e-03 -1.06044747e-02 1.12712188e-02 -3.73192132e-02 7.05880718e-03 -4.92677698e-03 1.93403680e-02 6.74021384e-03 1.42942807e-02 1.74710236e-03 -7.77713605e-04 7.33795669e-03
-3.07628652e-03 1.13119055e-02 3.31106014e-03 8.25588068e-04 -2.61719734e-03 2.80960882e-03 -2.94862851e-03 9.70276818e-03 -1.84124289e-03 1.28069741e-03 -5.02590695e-03 -1.75142661e-03 -3.71445925e-03 -4.53992281e-04 2.02089635e-04 -1.90679205e-03
-2.30033835e-03 1.38409073e-02 5.87227009e-03 1.76934327e-03 -4.91067348e-03 5.27426181e-03 -5.61642321e-03 1.86675061e-02 -3.53660574e-03 2.47667660e-03 -9.72309802e-03 -3.38972220e-03 -7.18845520e-03 -8.78823106e-04 3.91145324e-04 -3.69087071e-03
1.56330988e-02 -7.59228691e-02 -2.75665447e-02 -7.54292263e-03 2.25576740e-02 -2.42911801e-02 2.55345721e-02 -8.46583247e-02 1.60571449e-02 -1.12024052e-02 4.39595133e-02 1.53218331e-02 3.24937552e-02 3.97154037e-03 -1.76795491e-03 1.66809317e-02
7.56461732e-03 -2.47810706e-02 -7.49667780e-03 -1.29446341e-03 5.98138804e-03 -6.37424411e-03 6.76691532e-03 -2.23620310e-02 4.23336914e-03 -2.93224561e-03 1.15052238e-02 4.00955183e-03 8.50302167e-03 1.03901688e-03 -4.62582044e-04 4.36423952e-03
3.52456681e-02 -1.77078784e-01 -5.60996085e-02 -1.45277884e-02 4.56920452e-02 -4.87451591e-02 5.23024760e-02 -1.71050206e-01 3.25122774e-02 -2.25601997e-02 8.85547176e-02 3.08635030e-02 6.54571652e-02 8.00024252e-03 -3.56123294e-03 3.36013772e-02
-1.47555731e-02 7.61256665e-02 2.87429914e-02 7.92451296e-03 -2.36685164e-02 2.52700318e-02 -2.69036554e-02 8.91351029e-02 -1.68965906e-02 1.18128657e-02 -4.63747792e-02 -1.61650814e-02 -3.42814326e-02 -4.19060234e-03 1.86525960e-03 -1.76001452e-02
1.20102223e-02 -5.76786250e-02 -2.00002734e-02 -5.37483441e-03 1.64343044e-02 -1.76818017e-02 1.87197160e-02 -6.19164892e-02 1.16605209e-02 -8.14432092e-03 3.19499634e-02 1.11328438e-02 2.36113891e-02 2.88552698e-03 -1.28454401e-03 1.21197402e-02
-7.90320151e-03 4.06138711e-02 1.45474039e-02 4.05348744e-03 -1.17801959e-02 1.26845045e-02 -1.34509280e-02 4.45302650e-02 -8.43113754e-03 5.89426840e-03 -2.31375601e-02 -8.06551334e-03 -1.71043575e-02 -2.09094025e-03 9.30665061e-04 -8.78164917e-03
1.84268523e-02 -9.24219340e-02 -3.25362049e-02 -8.84414092e-03 2.65144426e-02 -2.83335410e-02 3.00653670e-02 -9.95154455e-02 1.88862067e-02 -1.31770829e-02 5.17201871e-02 1.80268083e-02 3.82302329e-02 4.67272149e-03 -2.08004029e-03 1.96257494e-02
3.30447145e-02 -1.74791351e-01 -6.20194599e-02 -1.76707618e-02 5.06824218e-02 -5.44607341e-02 5.77201098e-02 -1.91746637e-01 3.62206101e-02 -2.53345408e-02 9.94556621e-02 3.46685834e-02 7.35205710e-02 8.98771081e-03 -4.00037318e-03 3.77471000e-02
-3.30502680e-03 1.80387534e-02 6.71365578e-03 1.74185704e-03 -5.54942992e-03 5.98102435e-03 -6.32896367e-03 2.09263433e-02 -3.96660995e-03 2.76569650e-03 -1.08500356e-02 -3.78201553e-03 -8.02097749e-03 -9.80231212e-04 4.36401198e-04 -4.11725789e-03
2.75422260e-02 -1.45432025e-01 -5.15482984e-02 -1.44144325e-02 4.23827358e-02 -4.56105247e-02 4.85015623e-02 -1.60254672e-01 3.03870123e-02 -2.12265756e-02 8.33241493e-02 2.90426314e-02 6.15900345e-02 7.52879167e-03 -3.35113355e-03 3.16203237e-02
-8.20999406e-03 3.56787518e-02 1.28206955e-02 3.59942066e-03 -1.04925567e-02 1.12654576e-02 -1.19461529e-02 3.95997241e-02 -7.49581074e-03 5.24385367e-03 -2.05840319e-02 -7.17573939e-03 -1.52173918e-02 -1.86030194e-03 8.28000950e-04 -7.81296566e-03
1.50873065e-02 -6.09358251e-02 -2.02561673e-02 -5.32187102e-03 1.65513791e-02 -1.77693870e-02 1.86406896e-02 -6.14838898e-02 1.15963100e-02 -8.08509160e-03 3.17324512e-02 1.10575790e-02 2.34507192e-02 2.86620902e-03 -1.27588178e-03 1.20382961e-02
-6.06933422e-03 2.66434178e-02 9.15387738e-03 2.41576135e-03 -7.55426055e-03 8.07811692e-03 -8.56326241e-03 2.83080041e-02 -5.36759384e-03 3.71164037e-03 -1.45547753e-02 -5.07170847e-03 -1.07616270e-02 -1.31321012e-03 5.85212314e-04 -5.51826367e-03
1.15785860e-02 -6.29309863e-02 -2.34939922e-02 -6.62544928e-03 1.93927977e-02 -2.08402891e-02 2.21048538e-02 -7.33352900e-02 1.38679445e-02 -9.69853718e-03 3.80722843e-02 1.32710915e-02 2.81435847e-02 3.44040105e-03 -1.53131667e-03 1.44492527e-02
-4.27898671e-03 2.11840756e-02 7.77356233e-03 2.06327043e-03 -6.34076260e-03 6.77689910e-03 -7.21930526e-03 2.38645375e-02 -4.52665659e-03 3.14921001e-03 -1.23617481e-02 -4.30730963e-03 -9.13533382e-03 -1.11623912e-03 4.96991968e-04 -4.68869554e-03
2.39705294e-03 -9.56505258e-03 -2.56947218e-03 -5.74208505e-04 2.01715995e-03 -2.15962622e-03 2.25844048e-03 -7.42008165e-03 1.40903972e-03 -9.77189629e-04 3.83444037e-03 1.33583671e-03 2.83301994e-03 3.46167828e-04 -1.54117457e-04 1.45402772e-03
-1.39296176e-02 6.32697642e-02 2.25940626e-02 6.25393493e-03 -1.83505770e-02 1.96924768e-02 -2.09009815e-02 6.94011822e-02 -1.31339319e-02 9.18489601e-03 -3.60551402e-02 -1.25686601e-02 -2.66541075e-02 -3.25841759e-03 1.45028927e-03 -1.36848334e-02
3.37360823e-03 -1.73044670e-02 -5.93737792e-03 -1.56705140e-03 4.88033239e-03 -5.25413547e-03 5.54863084e-03 -1.83381420e-02 3.47317313e-03 -2.42398586e-03 9.51277558e-03 3.31542641e-03 7.03125075e-03 8.59346997e-04 -3.82547354e-04 3.60938045e-03
1.12570822e-02 -5.25259562e-02 -1.90366302e-02 -5.24656475e-03 1.55884540e-02 -1.67575665e-02 1.77681129e-02 -5.89191504e-02 1.11725442e-02 -7.79217575e-03 3.05850394e-02 1.06590353e-02 2.26052403e-02 2.76267994e-03 -1.22988678e-03 1.16038295e-02
1.08752446e-03 -9.68403369e-03 -4.80676955e-03 -1.44776260e-03 3.99275031e-03 -4.29007271e-03 4.56685387e-03 -1.51769388e-02 2.87473970e-03 -2.01264420e-03 7.90124759e-03 2.75450316e-03 5.84138557e-03 7.14123948e-04 -3.17844562e-04 2.99918372e-03
2.86142062e-03 -9.16850753e-03 -1.71792554e-03 -1.62614422e-04 1.13693462e-03 -1.12547923e-03 1.18474627e-03 -3.80266248e-03 7.22621335e-04 -4.95394925e-04 1.94401387e-03 6.77085074e-04 1.43595156e-03 1.75424575e-04 -7.81045237e-05 7.36861490e-04
-1.92992240e-02 9.93496999e-02 3.47380750e-02 9.69161000e-03 -2.85036229e-02 3.05068828e-02 -3.25532779e-02 1.07674949e-01 -2.03837287e-02 1.42263649e-02 -5.58469817e-02 -1.94677450e-02 -4.12847176e-02 -5.04664425e-03 2.24629487e-03 -2.11954862e-02
-1.05173383e-02 6.00263104e-02 2.14666910e-02 5.88150090e-03 -1.78715661e-02 1.91578306e-02 -2.02547386e-02 6.70258701e-02 -1.26675544e-02 8.84785876e-03 -3.47165018e-02 -1.20991142e-02 -2.56583840e-02 -3.13601154e-03 1.39602181e-03 -1.31716309e-02
