1.25117861e-02 2.04868950e-02 1.73118711e-03 3.20458151e-02 -1.32621424e-02 2.34985482e-02 1.98094919e-02 -4.32049111e-02 9.67889372e-03 1.17182927e-02 -3.41663398e-02 -1.12084989e-02 4.91301436e-03 -5.69605129e-03 -3.96965407e-02 -1.18851075e-02
1.21529382e-02 1.95372701e-02 1.53665990e-03 2.86986232e-02 -1.19109675e-02 2.10556537e-02 1.77607778e-02 -3.87537330e-02 8.67846515e-03 1.05112335e-02 -3.06415092e-02 -1.00520290e-02 4.40617325e-03 -5.10843517e-03 -3.56013104e-02 -1.06589869e-02
-1.77663527e-02 -3.04109007e-02 -2.73609092e-03 -4.90465127e-02 1.99860912e-02 -3.55071761e-02 -2.99080480e-02 6.53507262e-02 -1.46272238e-02 -1.77219808e-02 5.16706444e-02 1.69513244e-02 -7.43059069e-03 8.61486699e-03 6.00384474e-02 1.79755166e-02
-1.03978571e-02 -1.63032822e-02 -1.14128855e-03 -2.42196526e-02 9.81620513e-03 -1.72836594e-02 -1.45328958e-02 3.16017345e-02 -7.05943583e-03 -8.54894053e-03 2.49184966e-02 8.17268621e-03 -3.58184008e-03 4.15278133e-03 2.89401077e-02 8.66441615e-03
-1.72506496e-02 -2.81935167e-02 -2.06146040e-03 -4.22556698e-02 1.71825849e-02 -3.03354524e-02 -2.51559615e-02 5.48938997e-02 -1.22440578e-02 -1.48259448e-02 4.31618504e-02 1.41601553e-02 -6.20539719e-03 7.19501590e-03 5.01381978e-02 1.50105022e-02
1.09159164e-02 1.90906748e-02 1.54603703e-03 2.89319269e-02 -1.18590966e-02 2.10984237e-02 1.77187882e-02 -3.86788510e-02 8.65527149e-03 1.04851890e-02 -3.05697732e-02 -1.00288354e-02 4.39604605e-03 -5.09668607e-03 -3.55195068e-02 -1.06345257e-02
-1.83426104e-02 -3.17171961e-02 -2.73154955e-03 -4.90759611e-02 2.05125604e-02 -3.64267305e-02 -3.05910558e-02 6.69255704e-02 -1.49890864e-02 -1.81675311e-02 5.29727824e-02 1.73787437e-02 -7.61822658e-03 8.83240905e-03 6.15550093e-02 1.84296407e-02
-9.41368844e-03 -1.57659147e-02 -1.16647466e-03 -2.39507053e-02 9.55665670e-03 -1.68372281e-02 -1.41420607e-02 3.07684876e-02 -6.89203897e-03 -8.34193360e-03 2.43118275e-02 7.97478948e-03 -3.49495909e-03 4.05205227e-03 2.82381643e-02 8.45422689e-03
2.03068759e-02 3.28586288e-02 2.44886079e-03 4.69599292e-02 -1.92445163e-02 3.43500748e-02 2.88434196e-02 -6.30255118e-02 1.41217057e-02 1.71049666e-02 -4.98696789e-02 -1.63583439e-02 7.17030186e-03 -8.31312221e-03 -5.79347648e-02 -1.73455942e-02
1.51641741e-02 2.49301381e-02 1.77729013e-03 3.61355767e-02 -1.51681211e-02 2.65836138e-02 2.24396791e-02 -4.89089265e-02 1.08678378e-02 1.31543195e-02 -3.83496471e-02 -1.25806937e-02 5.51380403e-03 -6.39261492e-03 -4.45499122e-02 -1.33379446e-02
1.35263521e-02 2.32669953e-02 1.87440531e-03 3.48601863e-02 -1.44017292e-02 2.54021883e-02 2.13627871e-02 -4.66688499e-02 1.04353987e-02 1.26457084e-02 -3.68673429e-02 -1.20944129e-02 5.30147599e-03 -6.14641327e-03 -4.28352021e-02 -1.28248343e-02
1.09460875e-02 1.69995409e-02 1.36517861e-03 2.59240698e-02 -1.06965052e-02 1.88806709e-02 1.59258433e-02 -3.47444788e-02 7.77543103e-03 9.41831153e-03 -2.74610333e-02 -9.00898222e-03 3.94877931e-03 -4.57816198e-03 -3.19055729e-02 -9.55244806e-03
-9.99857951e-03 -1.58326719e-02 -1.21342659e-03 -2.34611686e-02 9.78744496e-03 -1.72619335e-02 -1.45159634e-02 3.16871554e-02 -7.09630130e-03 -8.59575253e-03 2.50601154e-02 8.22114665e-03 -3.60345840e-03 4.17778920e-03 2.91153621e-02 8.71708151e-03
-1.10349283e-02 -1.82670988e-02 -1.32988649e-03 -2.67430488e-02 1.11042084e-02 -1.95031315e-02 -1.64077748e-02 3.57332788e-02 -7.99404830e-03 -9.66624077e-03 2.81804632e-02 9.24509391e-03 -4.05203737e-03 4.69789421e-03 3.27395760e-02 9.80205182e-03
-2.52995789e-02 -3.94914523e-02 -2.69367499e-03 -5.72286025e-02 2.34357379e-02 -4.16819267e-02 -3.50935049e-02 7.64344856e-02 -1.71154756e-02 -2.07022168e-02 6.03620000e-02 1.98028926e-02 -8.68023559e-03 1.00636510e-02 7.01350421e-02 2.09983643e-02
1.77009851e-02 2.97731869e-02 1.87539333e-03 4.01332565e-02 -1.65010151e-02 2.92779952e-02 2.46566627e-02 -5.33964671e-02 1.19463261e-02 1.44573618e-02 -4.21323068e-02 -1.38227595e-02 6.05682749e-03 -7.02242972e-03 -4.89380881e-02 -1.46518033e-02
5.73741551e-03 9.64820292e-03 7.96701526e-04 1.50261661e-02 -6.08561188e-03 1.07645476e-02 9.05259140e-03 -1.97591111e-02 4.40700771e-03 5.33928256e-03 -1.55662624e-02 -5.10663167e-03 2.23841704e-03 -2.59517250e-03 -1.80860888e-02 -5.41495951e-03
1.00418534e-02 1.65166631e-02 1.24001817e-03 2.42788754e-02 -9.97189246e-03 1.75168775e-02 1.47528425e-02 -3.21552046e-02 7.18960352e-03 8.69513024e-03 -2.53446121e-02 -8.31387099e-03 3.64366337e-03 -4.22456954e-03 -2.94397511e-02 -8.81394651e-03
-8.67743976e-03 -1.43562062e-02 -9.36289551e-04 -2.01659780e-02 8.17213207e-03 -1.43357245e-02 -1.21113863e-02 2.61928961e-02 -5.84619399e-03 -7.06795929e-03 2.05956306e-02 6.75482210e-03 -2.95981672e-03 3.43167316e-03 2.39137560e-02 7.15938956e-03
-4.60297838e-02 -7.05504715e-02 -5.30927302e-03 -1.03043191e-01 4.30189669e-02 -7.59120584e-02 -6.32241219e-02 1.37944892e-01 -3.08013652e-02 -3.73428762e-02 1.08835794e-01 3.56961228e-02 -1.56428106e-02 1.81365926e-02 1.26391143e-01 3.78406905e-02
-5.47312200e-03 -8.60501453e-03 -7.11483357e-04 -1.33432364e-02 5.53527335e-03 -9.80935991e-03 -8.26196838e-03 1.80373415e-02 -4.03154828e-03 -4.88453032e-03 1.42416572e-02 4.67209658e-03 -2.04795063e-03 2.37434893e-03 1.65472031e-02 4.95422492e-03
-1.67713631e-02 -2.85001993e-02 -2.16242275e-03 -4.22589406e-02 1.72090493e-02 -3.03805508e-02 -2.55881175e-02 5.56754842e-02 -1.24506773e-02 -1.50793325e-02 4.39626761e-02 1.44216800e-02 -6.32071169e-03 7.32826814e-03 5.10699637e-02 1.52899940e-02
-1.14448629e-02 -1.95211340e-02 -1.36888528e-03 -2.73055341e-02 1.10976920e-02 -1.95716508e-02 -1.65189207e-02 3.58913802e-02 -8.02254863e-03 -9.71246976e-03 2.83088256e-02 9.28617083e-03 -4.06970922e-03 4.71852114e-03 3.28821987e-02 9.84461792e-03
-6.32774318e-03 -8.16455856e-03 -6.54540607e-04 -1.21413181e-02 4.90603084e-03 -8.74284469e-03 -7.34314183e-03 1.60639565e-02 -3.59695265e-03 -4.35936498e-03 1.27105061e-02 4.16983804e-03 -1.82782440e-03 2.11916515e-03 1.47687448e-02 4.42176219e-03
2.89880484e-03 4.41260543e-03 3.36461846e-04 6.76929299e-03 -2.64776219e-03 4.65340540e-03 3.90300737e-03 -8.50328617e-03 1.90096151e-03 2.30219844e-03 -6.71141269e-03 -2.20154831e-03 9.64966544e-04 -1.11876486e-03 -7.79672712e-03 -2.33431789e-03
-1.30023696e-02 -2.07856521e-02 -1.38773664e-03 -2.89357565e-02 1.19175594e-02 -2.09048558e-02 -1.76320374e-02 3.83945927e-02 -8.56311340e-03 -1.03681199e-02 3.02239619e-02 9.91535001e-03 -4.34563495e-03 5.03823208e-03 3.51111665e-02 1.05120633e-02
-5.31542627e-03 -8.18534661e-03 -5.50627010e-04 -1.20878788e-02 4.85717878e-03 -8.53270479e-03 -7.14051863e-03 1.55462874e-02 -3.48083396e-03 -4.21311473e-03 1.22817783e-02 4.02792590e-03 -1.76535908e-03 2.04673037e-03 1.42636234e-02 4.27041110e-03
5.60562499e-03 9.07598808e-03 6.18277118e-04 1.22211613e-02 -4.99713654e-03 8.90134275e-03 7.44403526e-03 -1.62683949e-02 3.64349154e-03 4.41449229e-03 -1.28704971e-02 -4.22199629e-03 1.85068161e-03 -2.14563659e-03 -1.49532789e-02 -4.47700638e-03
-4.65389565e-02 -7.47384876e-02 -5.20356093e-03 -1.05876498e-01 4.31156121e-02 -7.62719959e-02 -6.42600209e-02 1.39988631e-01 -3.13072950e-02 -3.79119590e-02 1.10567309e-01 3.62724774e-02 -1.58956684e-02 1.84292160e-02 1.28433064e-01 3.84523906e-02
9.53522604e-03 1.54873058e-02 1.22234551e-03 2.38260720e-02 -9.73603223e-03 1.71726085e-02 1.44364759e-02 -3.15534770e-02 7.05944188e-03 8.55086744e-03 -2.49279290e-02 -8.17758683e-03 3.58438119e-03 -4.15568147e-03 -2.89612580e-02 -8.67092796e-03
1.41389277e-02 2.53778417e-02 2.22199876e-03 3.88875604e-02 -1.62454415e-02 2.89009940e-02 2.43553631e-02 -5.32896519e-02 1.19225848e-02 1.44466870e-02 -4.21214104e-02 -1.38189876e-02 6.05772063e-03 -7.02326559e-03 -4.89462316e-02 -1.46544902e-02
-2.28952114e-02 -3.98289748e-02 -2.97452114e-03 -5.82825951e-02 2.43344363e-02 -4.34401594e-02 -3.63468230e-02 7.93917179e-02 -1.77165233e-02 -2.14612428e-02 6.25731349e-02 2.05228459e-02 -8.99421982e-03 1.04275187e-02 7.26693496e-02 2.17571296e-02
6.34033419e-03 1.12295924e-02 9.57603159e-04 1.79823358e-02 -7.26372283e-03 1.28325960e-02 1.07880915e-02 -2.35766806e-02 5.27175283e-03 6.38562208e-03 -1.86170619e-02 -6.10787794e-03 2.67731631e-03 -3.10402364e-03 -2.16323193e-02 -6.47669146e-03
-1.45129655e-02 -2.51528677e-02 -2.02610483e-03 -3.78004089e-02 1.58937071e-02 -2.80122925e-02 -2.37034671e-02 5.16601726e-02 -1.15573611e-02 -1.40001578e-02 4.08283956e-02 1.33924847e-02 -5.87055925e-03 6.80619944e-03 4.74336445e-02 1.42016672e-02
-1.42332669e-02 -2.15199832e-02 -1.03672082e-03 -2.62091476e-02 1.11945309e-02 -1.90586802e-02 -1.63382459e-02 3.42669040e-02 -7.57285114e-03 -9.09818616e-03 2.65489295e-02 8.68238229e-03 -3.80416005e-03 4.41057002e-03 3.07329148e-02 9.20062698e-03
6.80822134e-03 1.17531717e-02 8.50763929e-04 1.66948847e-02 -6.87815342e-03 1.21536674e-02 1.01965163e-02 -2.21657306e-02 4.95365821e-03 5.99631853e-03 -1.74722187e-02 -5.73099405e-03 2.51143216e-03 -2.91180192e-03 -2.02912539e-02 -6.07489282e-03
4.15568473e-04 9.62614431e-05 -6.84937695e-05 -8.78023042e-04 3.96796793e-04 -7.16859591e-04 -6.07147522e-04 1.32869894e-03 -2.99772568e-04 -3.63990170e-04 1.06173009e-03 3.48396366e-04 -1.52761902e-04 1.77107489e-04 1.23436260e-03 3.69585934e-04
3.71326972e-03 6.08860608e-03 4.65797813e-04 9.31558013e-03 -3.75008048e-03 6.67313160e-03 5.61850704e-03 -1.22526633e-02 2.72959401e-03 3.30823404e-03 -9.64110252e-03 -3.16291233e-03 1.38645840e-03 -1.60744239e-03 -1.12023270e-02 -3.35396361e-03
8.27671960e-03 1.35932229e-02 1.11517473e-03 2.10692100e-02 -8.82726721e-03 1.55111682e-02 1.30638266e-02 -2.85305325e-02 6.38717366e-03 7.73876812e-03 -2.25647856e-02 -7.40252575e-03 3.24486289e-03 -3.76202143e-03 -2.62181424e-02 -7.84971192e-03
-1.41901104e-03 -2.52347207e-03 -2.16627799e-04 -3.88689525e-03 1.60947081e-03 -2.85112835e-03 -2.40375707e-03 5.23993466e-03 -1.17337762e-03 -1.42108439e-03 4.14292887e-03 1.35913340e-03 -5.95760881e-04 6.90713990e-04 4.81366692e-03 1.44120317e-03
2.87167216e-03 4.75725811e-03 3.87782231e-04 7.43598398e-03 -3.07195191e-03 5.40208304e-03 4.54087835e-03 -9.91280004e-03 2.21709162e-03 2.68544978e-03 -7.82931503e-03 -2.56835576e-03 1.12576922e-03 -1.30519306e-03 -9.09600593e-03 -2.72332574e-03
-2.37509405e-04 -5.59264736e-04 -5.50127224e-05 -9.59561497e-04 4.00872872e-04 -7.07528088e-04 -5.97511185e-04 1.30366569e-03 -2.91595788e-04 -3.53247015e-04 1.02987862e-03 3.37879523e-04 -1.48104402e-04 1.71710417e-04 1.19667233e-03 3.58281803e-04
1.26983142e-02 2.09484212e-02 1.56872906e-03 3.06685381e-02 -1.26202870e-02 2.22493894e-02 1.86060481e-02 -4.05487120e-02 9.06259101e-03 1.09799830e-02 -3.20089087e-02 -1.04995882e-02 4.60218918e-03 -5.33569418e-03 -3.71849835e-02 -1.11331344e-02
-2.34428048e-02 -3.75219584e-02 -2.90432805e-03 -5.85346520e-02 2.39048563e-02 -4.20984142e-02 -3.54079306e-02 7.73232877e-02 -1.72788147e-02 -2.09177360e-02 6.09793775e-02 2.00027823e-02 -8.76762252e-03 1.01649882e-02 7.08401948e-02 2.12093033e-02
-2.13654945e-03 -4.15891549e-03 -3.93235619e-04 -6.73334394e-03 2.81615416e-03 -5.00964746e-03 -4.21877578e-03 9.23650898e-03 -2.06686277e-03 -2.50351173e-03 7.29958620e-03 2.39489158e-03 -1.04978250e-03 1.21713779e-03 8.48215725e-03 2.53955321e-03
-1.56084914e-02 -2.44168062e-02 -1.94415008e-03 -3.70911285e-02 1.54606113e-02 -2.73572523e-02 -2.29402501e-02 5.00478074e-02 -1.11788632e-02 -1.35355154e-02 3.94584201e-02 1.29428096e-02 -5.67317568e-03 6.57744519e-03 4.58385013e-02 1.37238912e-02
7.72944838e-03 1.31293209e-02 1.06240145e-03 1.91775560e-02 -7.99038168e-03 1.41525883e-02 1.18985176e-02 -2.59485058e-02 5.80527913e-03 7.03667477e-03 -2.05067657e-02 -6.72724470e-03 2.94887205e-03 -3.41888121e-03 -2.38267910e-02 -7.13367946e-03
-5.10561466e-03 -8.06759764e-03 -6.35589357e-04 -1.22954044e-02 4.98800864e-03 -8.78688693e-03 -7.33941840e-03 1.60002746e-02 -3.57134780e-03 -4.32612514e-03 1.26018915e-02 4.13391925e-03 -1.81168132e-03 2.10050936e-03 1.46380095e-02 4.38245200e-03
-1.18473358e-02 -1.95090435e-02 -1.53521157e-03 -3.05967405e-02 1.19787036e-02 -2.12831479e-02 -1.77340340e-02 3.86384055e-02 -8.64725281e-03 -1.04739238e-02 3.05231754e-02 1.00125642e-02 -4.38840501e-03 5.08790696e-03 3.54574285e-02 1.06157595e-02
1.48624294e-02 2.89034061e-02 1.34213117e-03 3.25111300e-02 -1.36603676e-02 2.36258619e-02 2.00481135e-02 -4.32776175e-02 9.59557109e-03 1.16117690e-02 -3.38072032e-02 -1.10892272e-02 4.85882582e-03 -5.63271809e-03 -3.92582640e-02 -1.17515624e-02
-2.33188923e-03 -3.45171755e-03 -2.07277117e-04 -4.38365107e-03 1.84465805e-03 -3.23363487e-03 -2.73723807e-03 5.92394918e-03 -1.32299948e-03 -1.60018192e-03 4.66411840e-03 1.52983714e-03 -6.70521054e-04 7.77393347e-04 5.41763194e-03 1.62198197e-03
-7.69793149e-03 -1.31620923e-02 -9.57536045e-04 -1.90183986e-02 7.76016898e-03 -1.37292314e-02 -1.15052732e-02 2.50929277e-02 -5.61955944e-03 -6.80474332e-03 1.98377408e-02 6.50740694e-03 -2.85232719e-03 3.30693275e-03 2.30463296e-02 6.89999899e-03
5.58877829e-03 8.77701025e-03 6.23522792e-04 1.29418466e-02 -5.22940187e-03 9.29982122e-03 7.79543910e-03 -1.69753227e-02 3.79304634e-03 4.58818860e-03 -1.33758048e-02 -4.38686693e-03 1.92261871e-03 -2.22906563e-03 -1.55340880e-02 -4.65078605e-03
9.54964722e-04 1.57982111e-03 1.08932581e-04 2.28239270e-03 -9.32634168e-04 1.63595099e-03 1.37415831e-03 -2.99707125e-03 6.69925183e-04 8.11294187e-04 -2.36511300e-03 -7.75788329e-04 3.40028259e-04 -3.94222065e-04 -2.74734548e-03 -8.22546310e-04
-5.13191684e-04 -6.87249994e-05 1.03243929e-05 5.95355523e-05 -3.99914315e-05 7.81925992e-05 6.66831038e-05 -1.48273379e-04 3.34920260e-05 4.07372900e-05 -1.18925935e-04 -3.90297828e-05 1.71193333e-05 -1.98461676e-05 -1.38328745e-04 -4.14185270e-05
-9.70968604e-03 -1.44098643e-02 -1.05908664e-03 -2.12294422e-02 8.69187899e-03 -1.54414149e-02 -1.28957611e-02 2.82089245e-02 -6.29516924e-03 -7.62319425e-03 2.22258605e-02 7.28946691e-03 -3.19489883e-03 3.70414252e-03 2.58142725e-02 7.72868516e-03
2.92069418e-03 4.59696073e-03 3.40306229e-04 6.96022902e-03 -2.77580717e-03 4.88521811e-03 4.10850905e-03 -8.94497521e-03 1.99803058e-03 2.41785636e-03 -7.04604853e-03 -2.31107394e-03 1.01267674e-03 -1.17412093e-03 -8.18194728e-03 -2.44954880e-03
-4.54462226e-03 -7.88675528e-03 -5.98599843e-04 -1.16011035e-02 4.78018029e-03 -8.34501907e-03 -7.04647601e-03 1.53530240e-02 -3.43341660e-03 -4.15714318e-03 1.21188108e-02 3.97540815e-03 -1.74242363e-03 2.02014204e-03 1.40784187e-02 4.21502301e-03
-7.03325903e-04 -7.86665594e-04 5.60302215e-06 -6.04567409e-04 2.37438566e-04 -3.93260561e-04 -3.31126910e-04 7.01725075e-04 -1.55734015e-04 -1.87264857e-04 5.46378142e-04 1.78977134e-04 -7.84216827e-05 9.09191658e-05 6.33594929e-04 1.89693455e-04
6.20392151e-03 9.02121980e-03 4.65699617e-04 1.21937832e-02 -5.07149100e-03 8.87774862e-03 7.43707735e-03 -1.60554647e-02 3.58171319e-03 4.33386536e-03 -1.26309069e-02 -4.14218334e-03 1.81480288e-03 -2.10407493e-03 -1.46625424e-02 -4.38980572e-03
9.60472226e-03 1.66307706e-02 1.30727247e-03 2.54223421e-02 -1.05384039e-02 1.86298061e-02 1.56722534e-02 -3.42027359e-02 7.65383756e-03 9.27255768e-03 -2.70347521e-02 -8.86879675e-03 3.88756488e-03 -4.50715795e-03 -3.14110816e-02 -9.40446835e-03
1.51283927e-02 2.57538687e-02 1.55258260e-03 3.35608646e-02 -1.40963858e-02 2.48851217e-02 2.08027288e-02 -4.51048873e-02 1.00772241e-02 1.21834707e-02 -3.55232880e-02 -1.16445003e-02 5.10260835e-03 -5.91580477e-03 -4.12249751e-02 -1.23425396e-02
1.32754268e-02 2.27139853e-02 1.50705525e-03 3.15248296e-02 -1.30351428e-02 2.30103135e-02 1.92937106e-02 -4.19368856e-02 9.36594792e-03 1.13257132e-02 -3.30094881e-02 -1.08281681e-02 4.74432437e-03 -5.50073851e-03 -3.83313447e-02 -1.14756320e-02
1.71866994e-02 2.72858050e-02 2.07045814e-03 3.96653339e-02 -1.62644666e-02 2.87210513e-02 2.42511686e-02 -5.28235883e-02 1.18008405e-02 1.42983850e-02 -4.16894406e-02 -1.36756115e-02 5.99452527e-03 -6.94991276e-03 -4.84349318e-02 -1.45014049e-02
9.12622781e-04 2.28913501e-03 2.34625055e-04 4.03756974e-03 -1.68874348e-03 3.00143729e-03 2.52557220e-03 -5.51676098e-03 1.23476039e-03 1.49620301e-03 -4.36234521e-03 -1.43106387e-03 6.27285161e-04 -7.27262464e-04 -5.06837945e-03 -1.51746604e-03
1.35956507e-03 2.03178939e-03 1.65061618e-04 3.03955865e-03 -1.26806274e-03 2.22566957e-03 1.87374104e-03 -4.08917014e-03 9.13552707e-04 1.10643334e-03 -3.22602992e-03 -1.05819269e-03 4.63832082e-04 -5.37751301e-04 -3.74763296e-03 -1.12203078e-03
6.04472449e-03 9.15765017e-03 6.46679837e-04 1.33114522e-02 -5.44916186e-03 9.61727649e-03 8.10863730e-03 -1.76622327e-02 3.94881237e-03 4.78512328e-03 -1.39514152e-02 -4.57646372e-03 2.00607185e-03 -2.32578767e-03 -1.62088182e-02 -4.85291705e-03
-4.34339270e-02 -7.44370669e-02 -4.85207653e-03 -1.02149352e-01 4.04208191e-02 -7.21489936e-02 -6.02660552e-02 1.31039649e-01 -2.93009691e-02 -3.54715139e-02 1.03429787e-01 3.39193270e-02 -1.48614272e-02 1.72293801e-02 1.20067857e-01 3.59474495e-02
1.39283284e-03 2.04719510e-03 1.42095087e-04 2.92738387e-03 -1.19250058e-03 2.09500152e-03 1.75724877e-03 -3.83027131e-03 8.57003324e-04 1.03806437e-03 -3.02622840e-03 -9.92723973e-04 4.35130933e-04 -5.04482130e-04 -3.51578370e-03 -1.05262047e-03
-1.65580004e-03 -3.04604066e-03 -2.47410353e-04 -4.84630000e-03 2.01698206e-03 -3.54713248e-03 -2.99113826e-03 6.49667298e-03 -1.45294715e-03 -1.75887370e-03 5.12657315e-03 1.68145075e-03 -7.36806367e-04 8.54268321e-04 5.95311774e-03 1.78228552e-03
-6.55258074e-03 -1.15240542e-02 -7.38991017e-04 -1.62991527e-02 6.71611913e-03 -1.18683940e-02 -9.97033715e-03 2.17270032e-02 -4.86365706e-03 -5.88695658e-03 1.71597935e-02 5.62929315e-03 -2.46713124e-03 2.86031375e-03 1.99335422e-02 5.96790574e-03
-8.75335280e-03 -1.35150319e-02 -1.01514813e-03 -1.95246004e-02 8.06511845e-03 -1.41266091e-02 -1.18877804e-02 2.59442274e-02 -5.80956880e-03 -7.03652762e-03 2.05127690e-02 6.72912691e-03 -2.94949557e-03 3.41959321e-03 2.38313973e-02 7.13506620e-03
1.34544761e-03 2.40090303e-03 1.98665701e-04 3.57323419e-03 -1.48032128e-03 2.62283697e-03 2.21111416e-03 -4.82133217e-03 1.07869634e-03 1.30700413e-03 -3.81067977e-03 -1.25005608e-03 5.47953881e-04 -6.35288830e-04 -4.42741625e-03 -1.32556702e-03
7.62417476e-05 4.52309381e-04 8.68757270e-05 9.29663482e-04 -4.02752514e-04 7.56427064e-04 6.34536438e-04 -1.42038206e-03 3.22063919e-04 3.91762878e-04 -1.14314153e-03 -3.75301111e-04 1.64609708e-04 -1.90839040e-04 -1.33014750e-03 -3.98275646e-04
-9.54963639e-03 -1.45622231e-02 -1.09390076e-03 -2.10645590e-02 8.81036557e-03 -1.55591685e-02 -1.30906291e-02 2.85764318e-02 -6.40080683e-03 -7.75198126e-03 2.26020459e-02 7.41492677e-03 -3.25019215e-03 3.76820890e-03 2.62611452e-02 7.86255952e-03
-4.85237129e-03 -7.97644537e-03 -6.37836580e-04 -1.21255005e-02 4.99372836e-03 -8.78654234e-03 -7.36650685e-03 1.60932839e-02 -3.60076269e-03 -4.35716705e-03 1.26998592e-02 4.16671019e-03 -1.82602101e-03 2.11712020e-03 1.47538139e-02 4.41712234e-03
1.36368517e-02 2.10767388e-02 1.54831260e-03 3.11819762e-02 -1.24776931e-02 2.20973659e-02 1.84898768e-02 -4.03502993e-02 9.01806261e-03 1.09232096e-02 -3.18409950e-02 -1.04431519e-02 4.57682041e-03 -5.30643109e-03 -3.69794033e-02 -1.10713169e-02
-1.73854418e-02 -2.97538899e-02 -2.24933680e-03 -4.34671305e-02 1.83687843e-02 -3.22711542e-02 -2.71735489e-02 5.93421981e-02 -1.32695735e-02 -1.60781816e-02 4.68802564e-02 1.53788598e-02 -6.74128579e-03 7.81568978e-03 5.44687808e-02 1.63079593e-02
-8.43990012e-04 -1.46878755e-03 -1.15131290e-04 -2.21911469e-03 9.14331758e-04 -1.62053143e-03 -1.36160397e-03 2.97166035e-03 -6.64895168e-04 -8.05071148e-04 2.34694034e-03 7.69905804e-04 -3.37451027e-04 3.91236099e-04 2.72652693e-03 8.16311862e-04
8.13644007e-03 1.28412787e-02 1.07596302e-03 2.02730764e-02 -8.34970176e-03 1.47790201e-02 1.24285026e-02 -2.71576438e-02 6.08147960e-03 7.36755179e-03 -2.14808919e-02 -7.04701571e-03 3.08896229e-03 -3.58128780e-03 -2.49584503e-02 -7.47253653e-03
-3.76661005e-03 -5.59064560e-03 -4.43763944e-04 -8.49257689e-03 3.42461164e-03 -6.01075497e-03 -5.07185748e-03 1.10353846e-02 -2.46167555e-03 -2.98060174e-03 8.68772436e-03 2.84983125e-03 -1.24903780e-03 1.44813140e-03 1.00919046e-02 3.02145188e-03
8.17550253e-03 1.43720582e-02 1.02603715e-03 2.10619979e-02 -8.65998119e-03 1.52646843e-02 1.28446035e-02 -2.78935954e-02 6.23165770e-03 7.54230423e-03 -2.19848920e-02 -7.21199857e-03 3.16102663e-03 -3.66483559e-03 -2.55403556e-02 -7.64666218e-03
-3.21422005e-03 -3.96806374e-03 -2.71581928e-04 -5.78173017e-03 2.33019795e-03 -4.11634101e-03 -3.44091142e-03 7.50835799e-03 -1.68228720e-03 -2.03729654e-03 5.93949761e-03 1.94856850e-03 -8.54120008e-04 9.90245841e-04 6.90115802e-03 2.06620176e-03
-4.50417958e-03 -7.72852451e-03 -6.58746634e-04 -1.20997922e-02 5.04029263e-03 -8.89956206e-03 -7.49808457e-03 1.63803305e-02 -3.66429682e-03 -4.44023591e-03 1.29455943e-02 4.24693059e-03 -1.86161208e-03 2.15831562e-03 1.50416018e-02 4.50344756e-03
1.58753730e-02 2.83476375e-02 1.80685497e-03 3.86148095e-02 -1.55609762e-02 2.72837263e-02 2.31036860e-02 -4.98228334e-02 1.11185880e-02 1.34570850e-02 -3.92188057e-02 -1.28629701e-02 5.63650765e-03 -6.53466396e-03 -4.55391742e-02 -1.36338770e-02
1.07722981e-02 1.66232046e-02 1.17543468e-03 2.32896172e-02 -9.53108910e-03 1.68313812e-02 1.41083775e-02 -3.07205301e-02 6.87384233e-03 8.32274184e-03 -2.42621470e-02 -7.95684475e-03 3.48723703e-03 -4.04306175e-03 -2.81756017e-02 -8.43555946e-03
-1.23423543e-02 -2.21338607e-02 -1.60943647e-03 -3.08127664e-02 1.27311479e-02 -2.24611145e-02 -1.89067163e-02 4.12835367e-02 -9.23316739e-03 -1.11901239e-02 3.26303504e-02 1.07030505e-02 -4.69159149e-03 5.43935224e-03 3.79075557e-02 1.13494694e-02
1.91511884e-02 3.17281671e-02 2.56762328e-03 4.84568737e-02 -1.97619796e-02 3.47897708e-02 2.92313192e-02 -6.38018698e-02 1.42652225e-02 1.72772985e-02 -5.03728315e-02 -1.65256802e-02 7.24385306e-03 -8.39842670e-03 -5.85297234e-02 -1.75237563e-02
-1.14040263e-02 -1.68319494e-02 -1.17320078e-03 -2.30581444e-02 9.50621162e-03 -1.68353934e-02 -1.41515834e-02 3.08702551e-02 -6.91140397e-03 -8.37165210e-03 2.44108345e-02 8.00723955e-03 -3.50975734e-03 4.06913925e-03 2.83582099e-02 8.49040132e-03
3.40402103e-03 5.63546363e-03 4.41612880e-04 8.06117244e-03 -3.36901541e-03 5.97420987e-03 5.02646761e-03 -1.09917242e-02 2.46117474e-03 2.98255682e-03 -8.69677681e-03 -2.85307318e-03 1.25065842e-03 -1.44998753e-03 -1.01052448e-02 -3.02551826e-03
-2.13330910e-02 -3.52503881e-02 -2.57507060e-03 -5.09666391e-02 2.10152883e-02 -3.72105539e-02 -3.11570354e-02 6.79707155e-02 -1.52171887e-02 -1.84312854e-02 5.37391976e-02 1.76290553e-02 -7.72733940e-03 8.95896740e-03 6.24360666e-02 1.86932478e-02
-1.13192182e-02 -1.83303952e-02 -1.54525437e-03 -2.79941577e-02 1.16417874e-02 -2.06961390e-02 -1.74271297e-02 3.80718373e-02 -8.52285512e-03 -1.03256134e-02 3.01081818e-02 9.87712294e-03 -4.32950351e-03 5.01953019e-03 3.49818654e-02 1.04735559e-02
-7.17526674e-03 -1.22283082e-02 -1.03163172e-03 -1.90171190e-02 7.97322392e-03 -1.41297877e-02 -1.19147263e-02 2.60306466e-02 -5.82360569e-03 -7.05442857e-03 2.05702558e-02 6.74865255e-03 -2.95829680e-03 3.42978281e-03 2.39028037e-02 7.15651736e-03
6.28152490e-03 1.06436498e-02 6.44048385e-04 1.44768609e-02 -5.99915721e-03 1.05508724e-02 8.90014414e-03 -1.93094630e-02 4.31178603e-03 5.22023905e-03 -1.52170602e-02 -4.99109412e-03 2.18700361e-03 -2.53557949e-03 -1.76704265e-02 -5.29044773e-03
1.64104777e-03 2.98789516e-03 2.17726018e-04 4.35703155e-03 -1.76968251e-03 3.10611585e-03 2.61574099e-03 -5.68625424e-03 1.27041654e-03 1.53743767e-03 -4.48109023e-03 -1.46974227e-03 6.44052459e-04 -7.46723264e-04 -5.20366617e-03 -1.55790604e-03
-3.25613655e-02 -5.58197275e-02 -4.93739406e-03 -8.88318270e-02 3.66232619e-02 -6.52230531e-02 -5.48020564e-02 1.19918130e-01 -2.68389676e-02 -3.25260125e-02 9.48383734e-02 3.11139449e-02 -1.36392592e-02 1.58130731e-02 1.10204779e-01 3.29953916e-02
1.21275727e-02 2.00714692e-02 1.55051006e-03 2.94112135e-02 -1.19573949e-02 2.11589504e-02 1.78486444e-02 -3.90001498e-02 8.73468164e-03 1.05855772e-02 -3.08669824e-02 -1.01266224e-02 4.43887338e-03 -5.14640566e-03 -3.58660929e-02 -1.07382974e-02
-7.22977798e-03 -1.26085002e-02 -9.80071956e-04 -1.84903219e-02 7.51694757e-03 -1.32186357e-02 -1.11215618e-02 2.42838003e-02 -5.43366885e-03 -6.57529663e-03 1.91680416e-02 6.28834683e-03 -2.75595253e-03 3.19524459e-03 2.22672541e-02 6.66665519e-03
2.83838669e-03 4.97565791e-03 4.10883571e-04 7.56921433e-03 -3.14708101e-03 5.54664060e-03 4.65647550e-03 -1.01821842e-02 2.26277229e-03 2.74134940e-03 -7.99024850e-03 -2.62081739e-03 1.14862248e-03 -1.33170350e-03 -9.28047206e-03 -2.77850521e-03
-3.45221465e-03 -5.87978307e-03 -4.69971332e-04 -9.09309275e-03 3.74939269e-03 -6.64447295e-03 -5.58187207e-03 1.21552236e-02 -2.71957787e-03 -3.29260505e-03 9.59979370e-03 3.14862002e-03 -1.37997768e-03 1.59993162e-03 1.11498553e-02 3.33820796e-03
-1.84140280e-02 -2.93066688e-02 -1.96162541e-03 -4.23317961e-02 1.70992203e-02 -3.01399510e-02 -2.53638979e-02 5.53015135e-02 -1.23583907e-02 -1.49450293e-02 4.35717106e-02 1.42899547e-02 -6.26171567e-03 7.25997379e-03 5.05921766e-02 1.51465563e-02
9.53407027e-03 1.67940110e-02 1.19335763e-03 2.40891576e-02 -9.88674164e-03 1.75351538e-02 1.47353495e-02 -3.21485735e-02 7.19612464e-03 8.71354807e-03 -2.54056174e-02 -8.33422877e-03 3.65289603e-03 -4.23508417e-03 -2.95144990e-02 -8.83655250e-03
-5.39803691e-03 -8.94919224e-03 -6.21405954e-04 -1.28027406e-02 5.21044992e-03 -9.20361280e-03 -7.75225600e-03 1.68653484e-02 -3.76141584e-03 -4.55152616e-03 1.32686915e-02 4.35146922e-03 -1.90691045e-03 2.21087621e-03 1.54070212e-02 4.61269170e-03
5.27095422e-03 8.51550605e-03 5.34775667e-04 1.19995456e-02 -4.92593693e-03 8.61069560e-03 7.20443111e-03 -1.56030487e-02 3.48827289e-03 4.21413453e-03 -1.22787086e-02 -4.02599201e-03 1.76422391e-03 -2.04548938e-03 -1.42538501e-02 -4.26730886e-03
-8.75204802e-04 -1.03884842e-03 -4.05073952e-05 -1.24551204e-03 4.94827575e-04 -8.72453558e-04 -7.10977765e-04 1.52723002e-03 -3.42170708e-04 -4.13937320e-04 1.20570045e-03 3.95069248e-04 -1.73056105e-04 2.00642797e-04 1.39814720e-03 4.18571872e-04
-9.29391943e-03 -1.55038461e-02 -1.17355178e-03 -2.31854152e-02 9.52363946e-03 -1.68016274e-02 -1.40197324e-02 3.06159295e-02 -6.85199304e-03 -8.29694513e-03 2.41802726e-02 7.93194491e-03 -3.47655034e-03 4.03075106e-03 2.80900132e-02 8.40996951e-03
-1.97742833e-03 -3.28862015e-03 -2.30448932e-04 -5.51814167e-03 2.03519501e-03 -3.55603476e-03 -2.99709290e-03 6.52943878e-03 -1.45705312e-03 -1.76073227e-03 5.13126422e-03 1.68332283e-03 -7.37612427e-04 8.55192658e-04 5.95961791e-03 1.78424024e-03
-4.44455165e-03 -7.90887792e-03 -3.02991830e-04 -8.26723687e-03 3.21010291e-03 -5.48322219e-03 -4.69546160e-03 9.98356566e-03 -2.23247707e-03 -2.68576690e-03 7.82769546e-03 2.56699044e-03 -1.12492649e-03 1.30419782e-03 9.08850785e-03 2.72094784e-03
1.71131343e-02 2.74218582e-02 1.96331134e-03 4.17204127e-02 -1.64870359e-02 2.86797713e-02 2.41987929e-02 -5.26281372e-02 1.17806206e-02 1.42598273e-02 -4.15761881e-02 -1.36365686e-02 5.97643759e-03 -6.92907907e-03 -4.82873544e-02 -1.44568346e-02
-5.53354993e-03 -9.11948830e-03 -6.16464531e-04 -1.28342574e-02 5.19558974e-03 -9.11694299e-03 -7.65353162e-03 1.66510995e-02 -3.70335300e-03 -4.48852684e-03 1.30747091e-02 4.28778166e-03 -1.87920325e-03 2.17871182e-03 1.51830567e-02 4.54570167e-03
-9.69424658e-03 -1.75270680e-02 -1.31250394e-03 -2.60057766e-02 1.07413298e-02 -1.90810487e-02 -1.60395950e-02 3.49791907e-02 -7.82426354e-03 -9.47932899e-03 2.76376531e-02 9.06664785e-03 -3.97428963e-03 4.60769935e-03 3.21117714e-02 9.61425714e-03
-2.02611126e-02 -3.42613310e-02 -2.44464609e-03 -4.98700105e-02 2.04398893e-02 -3.58723737e-02 -3.01728770e-02 6.58290088e-02 -1.47416294e-02 -1.78517904e-02 5.20429537e-02 1.70723666e-02 -7.48307258e-03 8.67578108e-03 6.04619607e-02 1.81021094e-02
-3.38865258e-02 -6.02764711e-02 -3.92324757e-03 -8.01603720e-02 3.34162414e-02 -5.89207411e-02 -4.93912585e-02 1.07922606e-01 -2.40290668e-02 -2.91004237e-02 8.48417431e-02 2.78277714e-02 -1.21967429e-02 1.41408956e-02 9.85473096e-02 2.95046195e-02
4.60138777e-03 8.01842473e-03 6.12234755e-04 1.28120333e-02 -4.91114473e-03 8.67179316e-03 7.26529397e-03 -1.58053339e-02 3.53367603e-03 4.27789101e-03 -1.24625731e-02 -4.08864114e-03 1.79193821e-03 -2.07759487e-03 -1.44784972e-02 -4.33473196e-03
-2.45098323e-02 -4.27298956e-02 -3.08544934e-03 -6.03437088e-02 2.43102852e-02 -4.31124978e-02 -3.63292508e-02 7.88790882e-02 -1.76567435e-02 -2.13758219e-02 6.23161569e-02 2.04393566e-02 -8.95835366e-03 1.03862295e-02 7.23815933e-02 2.16707401e-02
-2.34025270e-02 -3.77517566e-02 -2.70960107e-03 -5.55618554e-02 2.27526277e-02 -4.00539078e-02 -3.36068943e-02 7.31185228e-02 -1.63258165e-02 -1.97699722e-02 5.76176234e-02 1.89010277e-02 -8.28362070e-03 9.60394740e-03 6.69287294e-02 2.00379658e-02
2.36295606e-03 3.85711319e-03 3.04056419e-04 5.90967201e-03 -2.46725790e-03 4.32566041e-03 3.62202851e-03 -7.88637530e-03 1.75945170e-03 2.13068468e-03 -6.21122960e-03 -2.03718548e-03 8.92909302e-04 -1.03523093e-03 -7.21449964e-03 -2.15998082e-03
5.49243949e-03 8.86032451e-03 7.52058520e-04 1.37263536e-02 -5.71684074e-03 1.00680431e-02 8.47444218e-03 -1.85190588e-02 4.14202735e-03 5.01650013e-03 -1.46235768e-02 -4.79771709e-03 2.10294384e-03 -2.43810983e-03 -1.69912446e-02 -5.08713303e-03
-6.73720427e-03 -1.16022993e-02 -8.52312602e-04 -1.69546437e-02 6.85561495e-03 -1.20942481e-02 -1.01478631e-02 2.21367329e-02 -4.93941782e-03 -5.98315429e-03 1.74431168e-02 5.72163332e-03 -2.50778277e-03 2.90747755e-03 2.02623457e-02 6.06648717e-03
4.43228520e-03 6.75676344e-03 4.87312383e-04 1.03659425e-02 -4.16202750e-03 7.29026971e-03 6.15307735e-03 -1.33983651e-02 2.99601816e-03 3.62437102e-03 -1.05660101e-02 -3.46552324e-03 1.51875860e-03 -1.76084961e-03 -1.22710699e-02 -3.67383473e-03
1.77912891e-03 2.84500932e-03 2.15023712e-04 4.17196332e-03 -1.70920521e-03 3.01500619e-03 2.53162091e-03 -5.52390143e-03 1.23634841e-03 1.49728300e-03 -4.36516199e-03 -1.43191940e-03 6.27628120e-04 -7.27660838e-04 -5.07111754e-03 -1.51827966e-03
-3.33354175e-02 -5.71724102e-02 -4.51796455e-03 -8.79578218e-02 3.60174738e-02 -6.37736619e-02 -5.36256507e-02 1.17227480e-01 -2.62015704e-02 -3.17394175e-02 9.25332159e-02 3.03546824e-02 -1.33054275e-02 1.54260555e-02 1.07505657e-01 3.21870185e-02
-5.52538410e-03 -9.45790485e-03 -7.46475765e-04 -1.42275151e-02 5.77567611e-03 -1.02253016e-02 -8.58274475e-03 1.87370535e-02 -4.19291761e-03 -5.08097885e-03 1.48133328e-02 4.85963980e-03 -2.13019713e-03 2.46970775e-03 1.72117706e-02 5.15320385e-03
-7.18968734e-03 -1.13062998e-02 -7.86870543e-04 -1.66081209e-02 6.69906288e-03 -1.18296184e-02 -9.92868748e-03 2.16585193e-02 -4.84392513e-03 -5.86079480e-03 1.70824453e-02 5.60277281e-03 -2.45521567e-03 2.84663076e-03 1.98373627e-02 5.93905570e-03
1.59496140e-05 4.45469159e-05 -3.03560228e-07 1.14651804e-04 -4.65231678e-05 7.70294864e-05 6.28506386e-05 -1.35154347e-04 2.96826111e-05 3.57956196e-05 -1.04222963e-04 -3.41546765e-05 1.49594089e-05 -1.73437711e-05 -1.20854085e-04 -3.61806924e-05
-1.31549500e-02 -2.08304729e-02 -1.45543879e-03 -3.08796186e-02 1.27160344e-02 -2.22199131e-02 -1.87238883e-02 4.08701785e-02 -9.14869178e-03 -1.10830758e-02 3.23166996e-02 1.06019210e-02 -4.64735040e-03 5.38802380e-03 3.75501588e-02 1.12425368e-02
8.49760883e-03 1.44657027e-02 1.02657930e-03 2.01482158e-02 -8.25268496e-03 1.45188905e-02 1.22780064e-02 -2.67241225e-02 5.97160682e-03 7.22747203e-03 -2.10727733e-02 -6.91320514e-03 3.03013111e-03 -3.51307681e-03 -2.44828705e-02 -7.33013637e-03
1.07140634e-02 1.85730141e-02 1.17446715e-03 2.43022218e-02 -9.73109342e-03 1.68662500e-02 1.41065354e-02 -3.06573939e-02 6.83133258e-03 8.27546604e-03 -2.41041668e-02 -7.90570583e-03 3.46420566e-03 -4.01646318e-03 -2.79897097e-02 -8.37977789e-03
