-6.73591718e-02 -2.43203267e-02 -2.94980146e-02 -2.21433453e-02 2.39590439e-03 1.02578280e-02 6.62095007e-03 2.24613845e-02 -1.89295299e-02 9.29398742e-03 -2.56113969e-02 6.72696996e-03 2.12323200e-02 -4.97082667e-03 1.26736695e-02 4.06312123e-02
8.86197090e-02 3.83809805e-02 2.83112936e-02 1.81210116e-02 -2.19598878e-03 -6.97914464e-03 -5.03291702e-03 -1.57019608e-02 1.31765967e-02 -6.50456967e-03 1.78041272e-02 -4.68037697e-03 -1.47224842e-02 3.44686210e-03 -8.78527854e-03 -2.81560961e-02
2.96369307e-02 1.12222349e-02 1.25616686e-02 1.00899627e-02 -1.04169676e-03 -4.36040340e-03 -2.83672218e-03 -9.58632864e-03 8.06455966e-03 -3.96242226e-03 1.09128766e-02 -2.86639598e-03 -9.04656667e-03 2.11792439e-03 -5.39976032e-03 -1.73111875e-02
8.22181478e-02 2.82191187e-02 3.69706079e-02 2.84182020e-02 -2.99673527e-03 -1.36571480e-02 -8.58636480e-03 -2.97462009e-02 2.50703692e-02 -1.23102786e-02 3.39454487e-02 -8.91369674e-03 -2.81550493e-02 6.59162179e-03 -1.68069489e-02 -5.38847968e-02
1.10017501e-01 4.68040332e-02 4.09578234e-02 2.97500789e-02 -3.56251770e-03 -1.13762561e-02 -7.94277713e-03 -2.60905344e-02 2.18201783e-02 -1.07775507e-02 2.94992980e-02 -7.75671145e-03 -2.44444851e-02 5.72388712e-03 -1.45898275e-02 -4.67657000e-02
-3.28272618e-02 -1.68116428e-02 -1.40531491e-02 -9.84093174e-03 1.18855550e-03 3.34400311e-03 2.72645126e-03 7.99663458e-03 -6.65189326e-03 3.29708168e-03 -9.00202245e-03 2.37657968e-03 7.42135383e-03 -1.73836935e-03 4.42772778e-03 1.41817713e-02
5.95183149e-02 2.35416926e-02 2.97727268e-02 2.22905800e-02 -2.60168919e-03 -9.92975663e-03 -6.60246890e-03 -2.20809504e-02 1.85898487e-02 -9.16054845e-03 2.51730159e-02 -6.61411835e-03 -2.08359696e-02 4.87883389e-03 -1.24381399e-02 -3.98639739e-02
9.81850317e-04 -5.81759668e-05 2.31420476e-04 2.23761599e-04 -2.18241257e-05 -1.56445574e-04 -8.79791842e-05 -3.31225136e-04 2.79911212e-04 -1.36974020e-04 3.79326928e-04 -9.95307564e-05 -3.15272424e-04 7.38139352e-05 -1.88250007e-04 -6.03685156e-04
1.57153115e-01 6.57425299e-02 6.60758168e-02 4.75702696e-02 -4.94294660e-03 -2.10934728e-02 -1.37452586e-02 -4.65411693e-02 3.92282270e-02 -1.92997437e-02 5.31192683e-02 -1.39493160e-02 -4.39799130e-02 1.02965971e-02 -2.62482949e-02 -8.41446072e-02
-3.59673016e-02 -1.34225674e-02 -1.59564484e-02 -1.14774015e-02 1.31988176e-03 5.42031694e-03 3.54973553e-03 1.19529115e-02 -1.00214100e-02 4.92161000e-03 -1.35644125e-02 3.56312608e-03 1.12466570e-02 -2.63298815e-03 6.71311468e-03 2.15217844e-02
-2.32882500e-02 -8.64852220e-03 -1.19190011e-02 -9.50782467e-03 1.01982953e-03 4.61793318e-03 2.90544960e-03 1.00643663e-02 -8.47910624e-03 4.16422449e-03 -1.14806863e-02 3.01485183e-03 9.52175539e-03 -2.22920999e-03 5.68385748e-03 1.82228908e-02
-5.90924583e-02 -2.25865692e-02 -2.46268529e-02 -1.79454163e-02 2.02895701e-03 7.84610957e-03 5.24224108e-03 1.73327569e-02 -1.45641863e-02 7.16029247e-03 -1.97143573e-02 5.18330559e-03 1.63299982e-02 -3.82337393e-03 9.74667538e-03 3.12427301e-02
2.79255584e-02 1.02465469e-02 1.15925213e-02 8.22008867e-03 -9.38015874e-04 -3.77628743e-03 -2.44697882e-03 -8.29818100e-03 6.99004205e-03 -3.43574095e-03 9.46157146e-03 -2.48579914e-03 -7.84169789e-03 1.83587929e-03 -4.68053576e-03 -1.50050027e-02
6.11520447e-02 2.57839933e-02 2.75219865e-02 1.92281920e-02 -2.31948076e-03 -8.32069665e-03 -5.70906885e-03 -1.85937695e-02 1.56040760e-02 -7.66135892e-03 2.10805461e-02 -5.54377399e-03 -1.74632221e-02 4.08860249e-03 -1.04226097e-02 -3.34080569e-02
-6.79735839e-02 -2.59884335e-02 -3.47196646e-02 -2.56955083e-02 2.70787161e-03 1.22904507e-02 7.82720931e-03 2.68460959e-02 -2.26223450e-02 1.11010168e-02 -3.06089316e-02 8.03883746e-03 2.53863316e-02 -5.94334304e-03 1.51538253e-02 4.85840291e-02
2.14642763e-01 7.67546445e-02 1.11956760e-01 8.83997530e-02 -9.29054711e-03 -4.41767983e-02 -2.75369380e-02 -9.59661007e-02 8.09237063e-02 -3.97288911e-02 1.09571807e-01 -2.87735499e-02 -9.08912495e-02 2.12794449e-02 -5.42575642e-02 -1.73956230e-01
-2.84718908e-02 -8.33498873e-03 -1.98117420e-02 -1.64682940e-02 1.72097154e-03 8.73185787e-03 5.33580547e-03 1.88462343e-02 -1.59145873e-02 7.81152584e-03 -2.15510335e-02 5.65901957e-03 1.78792495e-02 -4.18591266e-03 1.06732482e-02 3.42200734e-02
-6.77150786e-02 -2.40439847e-02 -2.98791993e-02 -2.33758520e-02 2.49312213e-03 1.12861507e-02 7.09175644e-03 2.45792829e-02 -2.07147095e-02 1.01696430e-02 -2.80416980e-02 7.36386981e-03 2.32588034e-02 -5.44534298e-03 1.38841169e-02 4.45137396e-02
5.86097986e-02 2.19925195e-02 2.65823137e-02 2.03403700e-02 -2.17224983e-03 -9.65192821e-03 -6.14852365e-03 -2.10715402e-02 1.77494343e-02 -8.71595554e-03 2.40279548e-02 -6.30980218e-03 -1.99272577e-02 4.66531748e-03 -1.18952123e-02 -3.81369628e-02
-1.11117065e-01 -3.87183912e-02 -5.08952998e-02 -3.96058112e-02 4.31243051e-03 1.92829203e-02 1.21266432e-02 4.20933813e-02 -3.54696810e-02 1.74222365e-02 -4.80336472e-02 1.26133310e-02 3.98362838e-02 -9.32648499e-03 2.37800274e-02 7.62410909e-02
4.26440723e-02 1.43465810e-02 1.79981440e-02 1.35405567e-02 -1.44834211e-03 -6.47407211e-03 -4.10464127e-03 -1.41354818e-02 1.19022680e-02 -5.84415812e-03 1.61140766e-02 -4.23163641e-03 -1.33647192e-02 3.12891509e-03 -7.97789637e-03 -2.55778469e-02
4.21566516e-02 1.43194124e-02 1.68095101e-02 1.30298343e-02 -1.36317220e-03 -6.17699558e-03 -3.88789293e-03 -1.34516833e-02 1.13386437e-02 -5.56695554e-03 1.53521458e-02 -4.03150357e-03 -1.27339270e-02 2.98125576e-03 -7.60143902e-03 -2.43710037e-02
6.47620410e-02 2.91202925e-02 2.67077275e-02 2.00249869e-02 -2.16461183e-03 -8.91191978e-03 -5.85860247e-03 -1.96113363e-02 1.64948348e-02 -8.10785033e-03 2.23276801e-02 -5.86523488e-03 -1.85069218e-02 4.33297548e-03 -1.10466732e-02 -3.54139470e-02
7.43094534e-02 2.68591493e-02 3.38938385e-02 2.72841379e-02 -2.81515298e-03 -1.28849111e-02 -8.11104476e-03 -2.81173643e-02 2.36985702e-02 -1.16416914e-02 3.20894979e-02 -8.42764694e-03 -2.66081449e-02 6.22988306e-03 -1.58835854e-02 -5.09224795e-02
3.10872262e-03 9.60803824e-04 2.60602473e-03 2.11933441e-03 -2.26555043e-04 -1.09263789e-03 -6.80840225e-04 -2.36866507e-03 1.99636654e-03 -9.80313984e-04 2.70313793e-03 -7.09857210e-04 -2.24198098e-03 5.24890260e-04 -1.33832532e-03 -4.29077353e-03
3.10465246e-02 1.09039545e-02 1.06229931e-02 7.44205574e-03 -7.95286964e-04 -3.52914864e-03 -2.22091214e-03 -7.68698100e-03 6.47635665e-03 -3.17951897e-03 8.76858830e-03 -2.30264012e-03 -7.27353524e-03 1.70287164e-03 -4.34191385e-03 -1.39206788e-02
2.56655850e-02 1.09436261e-02 1.00255655e-02 7.07322638e-03 -7.93094106e-04 -2.87885335e-03 -1.92066072e-03 -6.41258666e-03 5.39797870e-03 -2.65475828e-03 7.30826752e-03 -1.91871042e-03 -6.05172943e-03 1.41676259e-03 -3.61203915e-03 -1.15789147e-02
1.21661320e-01 5.00643067e-02 5.93886226e-02 4.54055294e-02 -4.76809824e-03 -2.15181634e-02 -1.35521926e-02 -4.70077656e-02 3.96324508e-02 -1.94635186e-02 5.36597818e-02 -1.40899345e-02 -4.45006005e-02 1.04183462e-02 -2.65639555e-02 -8.51662681e-02
1.28374785e-01 5.71465269e-02 5.33600375e-02 3.69893275e-02 -4.24680999e-03 -1.47210509e-02 -1.06018232e-02 -3.32914367e-02 2.78457385e-02 -1.37009248e-02 3.77818644e-02 -9.96855740e-03 -3.11825871e-02 7.30180508e-03 -1.86056290e-02 -5.96169829e-02
2.09266376e-02 8.70189071e-03 1.03145447e-02 7.69450888e-03 -8.40412686e-04 -3.38265300e-03 -2.18383130e-03 -7.43867783e-03 6.25695661e-03 -3.07546183e-03 8.46865401e-03 -2.22443230e-03 -7.01929955e-03 1.64334371e-03 -4.18976601e-03 -1.34318741e-02
-6.33681044e-02 -2.62228008e-02 -2.85229553e-02 -2.13757958e-02 2.31834524e-03 9.93707962e-03 6.43442478e-03 2.18533128e-02 -1.83587167e-02 9.02075320e-03 -2.48328429e-02 6.52356679e-03 2.05920525e-02 -4.82188584e-03 1.22927921e-02 3.94067317e-02
-2.14745924e-02 -7.25674490e-03 -1.72765218e-02 -1.44148786e-02 1.53343065e-03 7.16764200e-03 4.50368272e-03 1.55943958e-02 -1.31295240e-02 6.44934038e-03 -1.77816246e-02 4.66958201e-03 1.47430785e-02 -3.45151569e-03 8.80022068e-03 2.82142647e-02
5.55512831e-02 1.96725745e-02 2.76522152e-02 2.24952865e-02 -2.35279766e-03 -1.07735209e-02 -6.75285887e-03 -2.34586224e-02 1.97686721e-02 -9.70546249e-03 2.67633758e-02 -7.02841440e-03 -2.21999995e-02 5.19742677e-03 -1.32521009e-02 -4.24875543e-02
-1.26701668e-01 -4.55744117e-02 -5.69345690e-02 -4.28024158e-02 4.61289845e-03 2.11391058e-02 1.32689597e-02 4.59477827e-02 -3.87309678e-02 1.90132335e-02 -5.24419546e-02 1.37701305e-02 4.34970669e-02 -1.01835085e-02 2.59655099e-02 8.32484737e-02
1.46512985e-01 5.01730554e-02 6.80320114e-02 5.34244068e-02 -5.81788830e-03 -2.65759509e-02 -1.67654697e-02 -5.78515343e-02 4.87579964e-02 -2.39356719e-02 6.60172477e-02 -1.73345730e-02 -5.47582097e-02 1.28199663e-02 -3.26878913e-02 -1.04801290e-01
-4.33225967e-02 -1.61812864e-02 -1.91803649e-02 -1.49711156e-02 1.59790076e-03 7.26110674e-03 4.57457919e-03 1.58319734e-02 -1.33432476e-02 6.55253371e-03 -1.80655029e-02 4.74404776e-03 1.49838189e-02 -3.50798224e-03 8.94440431e-03 2.86765601e-02
-4.47747260e-02 -1.52182356e-02 -2.14686990e-02 -1.70299876e-02 1.82204694e-03 8.06815829e-03 5.16052358e-03 1.77101102e-02 -1.48667740e-02 7.30306748e-03 -2.01258492e-02 5.28580928e-03 1.66848842e-02 -3.90614150e-03 9.95913241e-03 3.19275558e-02
6.75337985e-02 2.37316862e-02 3.53044793e-02 2.84069050e-02 -2.95957364e-03 -1.40240258e-02 -8.76122713e-03 -3.04935127e-02 2.56994944e-02 -1.26182083e-02 3.47975008e-02 -9.13774408e-03 -2.88651083e-02 6.75788708e-03 -1.72309838e-02 -5.52445538e-02
2.61883140e-02 1.04621556e-02 6.44379621e-03 2.60576839e-03 -4.69806662e-04 -5.69154159e-04 -5.40316454e-04 -1.40745938e-03 1.16610434e-03 -5.76152175e-04 1.57431059e-03 -4.13963280e-04 -1.29528705e-03 3.03152890e-04 -7.72331085e-04 -2.47462047e-03
1.62725300e-02 6.19898923e-03 6.61777612e-03 5.03347395e-03 -5.36396925e-04 -2.31757760e-03 -1.48085842e-03 -5.06209303e-03 4.26668348e-03 -2.09485600e-03 5.77462791e-03 -1.51644275e-03 -4.78949724e-03 1.12130283e-03 -2.85901618e-03 -9.16624069e-03
-2.72463784e-02 -9.90584120e-03 -1.26693649e-02 -9.71304439e-03 1.07265706e-03 4.54118336e-03 2.89804675e-03 9.94251389e-03 -8.37119948e-03 4.11173748e-03 -1.13328099e-02 2.97619612e-03 9.39679518e-03 -2.19992921e-03 5.60906017e-03 1.79826953e-02
1.92501806e-02 6.77177683e-03 9.15519334e-03 7.21711945e-03 -8.01949063e-04 -3.37825646e-03 -2.17779307e-03 -7.38995662e-03 6.21776283e-03 -3.05374432e-03 8.41472391e-03 -2.21035583e-03 -6.97840704e-03 1.63379801e-03 -4.16562287e-03 -1.33548994e-02
5.21338619e-02 2.26247124e-02 2.32365988e-02 1.73601918e-02 -2.00542761e-03 -7.55049475e-03 -5.02194837e-03 -1.67954043e-02 1.41097941e-02 -6.93910010e-03 1.91059541e-02 -5.01676695e-03 -1.58312451e-02 3.70633998e-03 -9.44950618e-03 -3.02944686e-02
-5.44457510e-02 -2.01689340e-02 -2.47973911e-02 -1.82454605e-02 2.00984674e-03 8.13993532e-03 5.29872952e-03 1.79368928e-02 -1.50697129e-02 7.40520703e-03 -2.03937441e-02 5.35566546e-03 1.69023164e-02 -3.95698333e-03 1.00884307e-02 3.23420390e-02
-6.12997338e-02 -2.51719020e-02 -2.55343337e-02 -1.91743504e-02 2.08687480e-03 8.74522422e-03 5.64339664e-03 1.92657001e-02 -1.61866806e-02 7.94528611e-03 -2.18847021e-02 5.75259840e-03 1.81480572e-02 -4.25020140e-03 1.08325500e-02 3.47277112e-02
6.51613548e-02 2.24439614e-02 2.76128203e-02 2.07360201e-02 -2.28525978e-03 -9.86157171e-03 -6.30921545e-03 -2.16331631e-02 1.82056166e-02 -8.94105434e-03 2.46446487e-02 -6.47091679e-03 -2.04358641e-02 4.78444761e-03 -1.21988636e-02 -3.91101353e-02
7.55793005e-02 2.91912258e-02 3.44417393e-02 2.70518940e-02 -2.91803177e-03 -1.30830780e-02 -8.27471726e-03 -2.85469871e-02 2.40554884e-02 -1.18192397e-02 3.25683840e-02 -8.55214056e-03 -2.70123966e-02 6.32413849e-03 -1.61249973e-02 -5.16977906e-02
1.19583338e-01 4.02992927e-02 5.78892641e-02 4.72578779e-02 -4.97015892e-03 -2.33163666e-02 -1.45301186e-02 -5.06862216e-02 4.27350402e-02 -2.09819060e-02 5.78641891e-02 -1.51950065e-02 -4.79990318e-02 1.12375207e-02 -2.86530107e-02 -9.18649212e-02
2.25356091e-02 7.79197831e-03 1.45743946e-02 1.19436830e-02 -1.25999621e-03 -6.00927975e-03 -3.73801775e-03 -1.30439438e-02 1.09991971e-02 -5.40033169e-03 1.48932058e-02 -3.91092151e-03 -1.23539194e-02 2.89229536e-03 -7.37465778e-03 -2.36439966e-02
-5.41859567e-02 -2.11267322e-02 -2.29120385e-02 -1.68221183e-02 1.79716782e-03 8.40750337e-03 5.24527766e-03 1.82661042e-02 -1.53993396e-02 7.56029086e-03 -2.08512358e-02 5.47547173e-03 1.72965303e-02 -4.04945621e-03 1.03251711e-02 3.31037268e-02
-7.79890344e-02 -2.83429734e-02 -3.20560299e-02 -2.37050429e-02 2.58000800e-03 1.16863307e-02 7.38695404e-03 2.54520141e-02 -2.14486104e-02 1.05299745e-02 -2.90371235e-02 7.62491021e-03 2.40850653e-02 -5.63875912e-03 1.43774524e-02 4.60955650e-02
6.98709413e-02 2.56173238e-02 3.43593694e-02 2.70707384e-02 -2.86330865e-03 -1.31176570e-02 -8.22980143e-03 -2.85736788e-02 2.40916498e-02 -1.18289283e-02 3.26172635e-02 -8.56511761e-03 -2.70531047e-02 6.33362681e-03 -1.61491241e-02 -5.17755523e-02
-3.08626946e-02 -1.03717921e-02 -1.28886998e-02 -9.96045861e-03 1.03394047e-03 4.83562332e-03 3.02626821e-03 1.05254529e-02 -8.87295604e-03 4.35599685e-03 -1.20134233e-02 3.15462030e-03 9.96484794e-03 -2.33296212e-03 5.94849139e-03 1.90715510e-02
-9.16529540e-03 -3.70491296e-03 -4.39500948e-03 -3.12290154e-03 3.73770541e-04 1.25495053e-03 8.73108103e-04 2.81764148e-03 -2.35696160e-03 1.16183737e-03 -3.19189951e-03 8.38619191e-04 2.63948669e-03 -6.17921236e-04 1.57506054e-03 5.04849432e-03
9.75852534e-02 3.03812157e-02 3.93935293e-02 3.27204242e-02 -3.42856906e-03 -1.55557543e-02 -9.75870807e-03 -3.38680036e-02 2.85424255e-02 -1.40135828e-02 3.86442728e-02 -1.01479273e-02 -3.20542343e-02 7.50453770e-03 -1.91347096e-02 -6.13479987e-02
-7.32661784e-02 -2.58502457e-02 -3.42826433e-02 -2.64847316e-02 2.86003063e-03 1.24698952e-02 7.98060466e-03 2.74159797e-02 -2.30489634e-02 1.13260578e-02 -3.12150717e-02 8.19606055e-03 2.58684028e-02 -6.05636090e-03 1.54413804e-02 4.95041087e-02
-2.83371583e-02 -9.71146114e-03 -1.26638459e-02 -1.01270834e-02 1.06049376e-03 4.78339521e-03 3.01908702e-03 1.04327993e-02 -8.78954399e-03 4.31683799e-03 -1.19001260e-02 3.12514673e-03 9.86889005e-03 -2.31048139e-03 5.89101715e-03 1.88869443e-02
-1.48585718e-02 -5.70271257e-03 -6.44005695e-03 -5.00607351e-03 5.41787420e-04 2.38727476e-03 1.50230981e-03 5.19640790e-03 -4.37934371e-03 2.15018447e-03 -5.92894293e-03 1.55693048e-03 4.91762394e-03 -1.15130667e-03 2.93553644e-03 9.41162650e-03
-3.79589945e-02 -1.42902676e-02 -1.97794307e-02 -1.48805343e-02 1.61173660e-03 7.26147601e-03 4.59174160e-03 1.58277061e-02 -1.33355167e-02 6.54615182e-03 -1.80550590e-02 4.74049617e-03 1.49728721e-02 -3.50541831e-03 8.93791579e-03 2.86558867e-02
3.11667006e-02 1.04643824e-02 1.95904654e-02 1.62983518e-02 -1.71633088e-03 -8.21033027e-03 -5.10568032e-03 -1.78231727e-02 1.50293596e-02 -7.37856608e-03 2.03505717e-02 -5.34398993e-03 -1.68810245e-02 3.95218004e-03 -1.00771282e-02 -3.23084742e-02
-1.69902500e-02 -6.35665841e-03 -8.22911877e-03 -6.15848647e-03 6.66305888e-04 2.94067524e-03 1.86532922e-03 6.42191852e-03 -5.41063026e-03 2.65704608e-03 -7.32498057e-03 1.92353083e-03 6.07464276e-03 -1.42217777e-03 3.62614309e-03 1.16256578e-02
4.01787668e-01 1.47586852e-01 2.03195184e-01 1.58289179e-01 -1.68871861e-02 -7.90135115e-02 -4.93863747e-02 -1.71876252e-01 1.44912004e-01 -7.11443052e-02 1.96214572e-01 -5.15228435e-02 -1.62750602e-01 3.81030031e-02 -9.71534699e-02 -3.11485559e-01
6.35177940e-02 2.45581381e-02 3.00800577e-02 2.29790211e-02 -2.47498672e-03 -1.11988019e-02 -7.08163111e-03 -2.44554505e-02 2.06048712e-02 -1.01180058e-02 2.78956760e-02 -7.32645812e-03 -2.31348947e-02 5.41628944e-03 -1.38097759e-02 -4.42746766e-02
-1.13307044e-01 -4.40016426e-02 -4.53183129e-02 -3.43613066e-02 3.68202152e-03 1.58226229e-02 1.01994677e-02 3.46337743e-02 -2.91344002e-02 1.43089630e-02 -3.94474715e-02 1.03579918e-02 3.27100083e-02 -7.65792653e-03 1.95254479e-02 6.26000315e-02
-2.33702622e-02 -9.68894362e-03 -1.00641251e-02 -7.32206227e-03 8.00797541e-04 3.28368205e-03 2.12132023e-03 7.21631339e-03 -6.07608352e-03 2.98489979e-03 -8.22576601e-03 2.16003228e-03 6.82025682e-03 -1.59671891e-03 4.07110900e-03 1.30521264e-02
3.71690020e-02 1.47864511e-02 1.55726308e-02 1.12807238e-02 -1.38076942e-03 -4.86455811e-03 -3.28811049e-03 -1.08371098e-02 9.07926913e-03 -4.46361536e-03 1.22924997e-02 -3.22772306e-03 -1.01804528e-02 2.38307333e-03 -6.07551541e-03 -1.94764007e-02
-8.13666210e-02 -3.24824154e-02 -3.68385278e-02 -2.65083089e-02 2.94541055e-03 1.17623899e-02 7.83575512e-03 2.59699784e-02 -2.18082909e-02 1.07272211e-02 -2.95391139e-02 7.75482273e-03 2.44688094e-02 -5.72828157e-03 1.46046383e-02 4.68198396e-02
-1.23530552e-01 -4.74629663e-02 -5.13056405e-02 -4.03316207e-02 4.11519315e-03 1.90698411e-02 1.19829550e-02 4.15757708e-02 -3.50485072e-02 1.72090624e-02 -4.74594012e-02 1.24626681e-02 3.93616185e-02 -9.21514072e-03 2.34962981e-02 7.53317848e-02
-5.78487804e-03 -2.59164860e-03 -1.74217566e-03 -1.11740152e-03 1.42750258e-04 3.58192308e-04 2.72310019e-04 8.33143422e-04 -6.96593372e-04 3.43788590e-04 -9.42439714e-04 2.47701362e-04 7.78854534e-04 -1.82333082e-04 4.64717712e-04 1.48947793e-03
4.67902459e-02 1.91688649e-02 2.06117667e-02 1.46883465e-02 -1.67581486e-03 -6.71932986e-03 -4.40943567e-03 -1.47805866e-02 1.24385906e-02 -6.11536531e-03 1.68415084e-02 -4.42354986e-03 -1.39560681e-02 3.26734991e-03 -8.33010394e-03 -2.67052464e-02
9.38239396e-02 3.82746235e-02 4.51641344e-02 3.03393509e-02 -3.29595362e-03 -1.41514242e-02 -9.06082150e-03 -3.10015678e-02 2.61176936e-02 -1.28292255e-02 3.53502072e-02 -9.28553753e-03 -2.93116253e-02 6.86203269e-03 -1.74960028e-02 -5.60908429e-02
1.28820855e-02 4.36114334e-03 5.97411580e-03 4.72090067e-03 -5.15332562e-04 -2.26558512e-03 -1.43119763e-03 -4.93963063e-03 4.16337838e-03 -2.04507844e-03 5.63646667e-03 -1.48028124e-03 -4.67390195e-03 1.09424361e-03 -2.78995023e-03 -8.94462224e-03
2.62291640e-01 1.03104822e-01 9.76255238e-02 7.45968372e-02 -8.09034146e-03 -3.42015922e-02 -2.21617352e-02 -7.49840662e-02 6.31136075e-02 -3.10065113e-02 8.54463950e-02 -2.24353019e-02 -7.08393678e-02 1.65849067e-02 -4.22856733e-02 -1.35569304e-01
2.35379878e-02 7.86142889e-03 1.36648556e-02 1.13444515e-02 -1.17755658e-03 -5.77944983e-03 -3.57038807e-03 -1.25282761e-02 1.05686774e-02 -5.18837571e-03 1.43109206e-02 -3.75803257e-03 -1.18716666e-02 2.77939625e-03 -7.08682556e-03 -2.27212477e-02
-1.65394582e-02 -5.35463821e-03 -7.25782383e-03 -5.39495517e-03 5.93828736e-04 2.58290861e-03 1.64034253e-03 5.63891651e-03 -4.75331256e-03 2.33384222e-03 -6.43353676e-03 1.68970588e-03 5.33512840e-03 -1.24904350e-03 3.18465591e-03 1.02100885e-02
-6.91809971e-03 -1.27461751e-03 -3.87675199e-03 -3.29713197e-03 3.35299730e-04 1.74242991e-03 1.06641068e-03 3.75774968e-03 -3.17080435e-03 1.55629253e-03 -4.29463992e-03 1.12742803e-03 3.56315309e-03 -8.34195875e-04 2.12708930e-03 6.81998488e-03
-7.81988353e-02 -2.90836021e-02 -3.32681648e-02 -2.61066444e-02 2.76326970e-03 1.16229588e-02 7.49977212e-03 2.55881902e-02 -2.15251707e-02 1.05842967e-02 -2.91538257e-02 7.65609089e-03 2.41584424e-02 -5.65607706e-03 1.44199571e-02 4.62283380e-02
1.36348724e-01 4.95763049e-02 6.55440241e-02 4.93845753e-02 -5.38497791e-03 -2.44338159e-02 -1.53004965e-02 -5.31607792e-02 4.48058620e-02 -2.19979100e-02 6.06670380e-02 -1.59305912e-02 -5.03210276e-02 1.17811020e-02 -3.00389268e-02 -9.63082016e-02
-3.03671863e-02 -1.28687937e-02 -1.28934179e-02 -9.06882063e-03 1.00935472e-03 3.92487831e-03 2.61587393e-03 8.71786661e-03 -7.32569490e-03 3.60259903e-03 -9.91223007e-03 2.60467455e-03 8.21132492e-03 -1.92239799e-03 4.90073068e-03 1.57100204e-02
-4.00954708e-02 -1.52754448e-02 -1.46189192e-02 -9.92392469e-03 1.16801285e-03 3.76826664e-03 2.64818687e-03 8.50887969e-03 -7.14409444e-03 3.52193997e-03 -9.66708455e-03 2.54330644e-03 7.99319241e-03 -1.87158340e-03 4.76988591e-03 1.52861364e-02
-2.79152319e-02 -9.64546949e-03 -1.39978593e-02 -1.14716655e-02 1.21729646e-03 5.53781120e-03 3.49650648e-03 1.20688882e-02 -1.01646539e-02 4.99155419e-03 -1.37619134e-02 3.61397024e-03 1.14139197e-02 -2.67221429e-03 6.81338552e-03 2.18442231e-02
-2.21308973e-02 -9.08447709e-03 -1.10578761e-02 -8.24795384e-03 9.13204742e-04 3.81702790e-03 2.49442365e-03 8.39854684e-03 -7.06411619e-03 3.47006624e-03 -9.55988187e-03 2.51087942e-03 7.92631414e-03 -1.85566093e-03 4.73125791e-03 1.51681621e-02
-2.66520726e-03 -1.51743263e-03 -8.69698881e-04 -2.96810031e-04 4.91161154e-05 -1.54360299e-04 -4.30166474e-05 -2.74134480e-04 2.32597507e-04 -1.13151938e-04 3.18994629e-04 -8.32303849e-05 -2.66668940e-04 6.24728636e-05 -1.59470044e-04 -5.11737540e-04
-4.91923615e-02 -1.83094852e-02 -2.07701754e-02 -1.51941553e-02 1.71087193e-03 6.93179481e-03 4.48892592e-03 1.52204074e-02 -1.27992760e-02 6.29038038e-03 -1.73265450e-02 4.55071591e-03 1.43642174e-02 -3.36288032e-03 8.57389253e-03 2.74873823e-02
3.55467536e-02 1.51099181e-02 1.63425617e-02 1.26310075e-02 -1.33694452e-03 -5.98654663e-03 -3.80625110e-03 -1.30533176e-02 1.09986262e-02 -5.40082622e-03 1.48915956e-02 -3.91050288e-03 -1.23510621e-02 2.89157731e-03 -7.37279560e-03 -2.36379150e-02
-1.06055345e-02 -4.11601737e-03 -2.80796946e-03 -1.91135507e-03 2.20670641e-04 7.41400756e-04 5.13271021e-04 1.66800327e-03 -1.40098168e-03 6.89988839e-04 -1.89746637e-03 4.98074805e-04 1.56972581e-03 -3.67471162e-04 9.36763885e-04 3.00287316e-03
7.50707760e-02 3.79173905e-02 3.02676111e-02 2.05986351e-02 -2.53056432e-03 -8.06305371e-03 -5.75383753e-03 -1.82567257e-02 1.52498251e-02 -7.52805127e-03 2.07168143e-02 -5.43482509e-03 -1.70939043e-02 4.00264049e-03 -1.02019431e-02 -3.26931849e-02
-3.04092132e-02 -1.38556026e-02 -1.44400597e-02 -1.13794310e-02 1.33535289e-03 4.82064858e-03 3.30187404e-03 1.08248387e-02 -9.07703862e-03 4.46474459e-03 -1.22798663e-02 3.22935358e-03 1.01697398e-02 -2.38153269e-03 6.07054122e-03 1.94573998e-02
5.45325726e-02 2.15221848e-02 1.95774548e-02 1.38028907e-02 -1.51234365e-03 -6.19952986e-03 -4.03332710e-03 -1.36414934e-02 1.14880158e-02 -5.64383296e-03 1.55557469e-02 -4.08450188e-03 -1.28897373e-02 3.01764277e-03 -7.69361155e-03 -2.46650465e-02
1.18583627e-02 4.54563834e-03 6.73125871e-03 5.39030787e-03 -5.72492427e-04 -2.67930236e-03 -1.67346909e-03 -5.82564529e-03 4.91167605e-03 -2.41157599e-03 6.65048789e-03 -1.74640515e-03 -5.51598566e-03 1.29140099e-03 -3.29273217e-03 -1.05568077e-02
1.01207167e-01 3.92218083e-02 4.48398739e-02 3.32665443e-02 -3.59490328e-03 -1.56163936e-02 -9.91383195e-03 -3.41708586e-02 2.88007818e-02 -1.41409757e-02 3.89896668e-02 -1.02387127e-02 -3.23355049e-02 7.57035613e-03 -1.93022769e-02 -6.18844554e-02
3.27944718e-02 1.21081192e-02 1.42578930e-02 1.07775424e-02 -1.14964019e-03 -5.12525393e-03 -3.26159969e-03 -1.11999884e-02 9.43537056e-03 -4.63332841e-03 1.27740009e-02 -3.35473102e-03 -1.05913766e-02 2.47959956e-03 -6.32213941e-03 -2.02688724e-02
-1.04258358e-01 -4.04061005e-02 -4.71192338e-02 -3.21904309e-02 3.69462208e-03 1.46764182e-02 9.75268986e-03 3.24277803e-02 -2.72181500e-02 1.33535983e-02 -3.68008278e-02 9.67148226e-03 3.05112768e-02 -7.14305043e-03 1.82108730e-02 5.83814420e-02
-6.74624788e-03 -4.37160768e-03 1.11557031e-03 2.81518651e-03 -2.64641654e-04 -1.65300746e-03 -9.63396044e-04 -3.53593752e-03 2.99020275e-03 -1.46697892e-03 4.04959079e-03 -1.06337352e-03 -3.36139859e-03 7.86981836e-04 -2.00665882e-03 -6.43366203e-03
5.74003393e-03 3.24057066e-03 1.15312333e-03 5.09287813e-04 -6.44641405e-05 -1.28029460e-05 -4.97994006e-05 -6.77357384e-05 5.12325132e-05 -2.60690540e-05 6.83153921e-05 -1.79926174e-05 -5.49673205e-05 1.28516613e-05 -3.26745903e-05 -1.04551618e-04
2.12894380e-02 5.45248482e-03 1.69832483e-02 1.50519898e-02 -1.55401544e-03 -8.49426445e-03 -5.08391997e-03 -1.81643721e-02 1.53561393e-02 -7.53327273e-03 2.08058581e-02 -5.46247140e-03 -1.72659196e-02 4.04221611e-03 -1.03069590e-02 -3.30486894e-02
3.91543545e-02 1.68068409e-02 2.17660815e-02 1.71439685e-02 -1.81479473e-03 -7.97115359e-03 -5.07111475e-03 -1.73775516e-02 1.46480026e-02 -7.19485898e-03 1.98349822e-02 -5.21137984e-03 -1.64425690e-02 3.85012734e-03 -9.81597882e-03 -3.14684659e-02
-1.19875893e-02 -4.66846256e-03 -3.60305468e-03 -2.84430175e-03 3.00710235e-04 1.24048966e-03 7.89652462e-04 2.71399831e-03 -2.28581252e-03 1.12223497e-03 -3.09327920e-03 8.12450482e-04 2.56524887e-03 -6.00564992e-04 1.53123902e-03 4.90921503e-03
4.10710946e-02 1.38570340e-02 2.22279672e-02 1.81959849e-02 -1.91455346e-03 -9.16855410e-03 -5.69714559e-03 -1.99055877e-02 1.67844649e-02 -8.24017450e-03 2.27271672e-02 -5.96807571e-03 -1.88526381e-02 4.41377377e-03 -1.12540890e-02 -3.60819586e-02
-1.44718904e-02 -5.43748913e-03 -8.10202863e-03 -6.37774356e-03 6.83043560e-04 3.08861630e-03 1.95935369e-03 6.74228277e-03 -5.68067189e-03 2.79006152e-03 -7.69191375e-03 2.01985473e-03 6.37735054e-03 -1.49305083e-03 3.80676729e-03 1.22045511e-02
7.43621886e-02 2.74476223e-02 3.38636301e-02 2.53144801e-02 -2.67727836e-03 -1.18646035e-02 -7.53517402e-03 -2.59277821e-02 2.18329821e-02 -1.07216472e-02 2.95577720e-02 -7.76226865e-03 -2.45053098e-02 5.73713193e-03 -1.46275917e-02 -4.68959250e-02
-6.65687472e-02 -2.67306231e-02 -3.22115570e-02 -2.37336848e-02 2.53915763e-03 1.11021809e-02 7.10366666e-03 2.43204832e-02 -2.04864666e-02 1.00613004e-02 -2.77329851e-02 7.28444336e-03 2.29923073e-02 -5.38277440e-03 1.37239592e-02 4.39984873e-02
2.40097456e-02 9.39882081e-03 9.60456394e-03 6.99494267e-03 -7.58925104e-04 -3.13250953e-03 -2.06190045e-03 -6.91405777e-03 5.80577692e-03 -2.85337213e-03 7.86092225e-03 -2.06428184e-03 -6.51318626e-03 1.52482255e-03 -3.88753600e-03 -1.24629335e-02
-7.07679912e-02 -2.51226332e-02 -3.38453539e-02 -2.62457244e-02 2.81048962e-03 1.28437681e-02 8.05237330e-03 2.79625077e-02 -2.35743485e-02 1.15740402e-02 -3.19171622e-02 8.38109013e-03 2.64740288e-02 -6.19806908e-03 1.58035476e-02 5.06679155e-02
1.68005116e-02 5.46577387e-03 8.19150731e-03 6.69473317e-03 -7.01888348e-04 -3.38996015e-03 -2.10234243e-03 -7.35781481e-03 6.20510755e-03 -3.04609304e-03 8.40199925e-03 -2.20636092e-03 -6.96997112e-03 1.63181033e-03 -4.16074554e-03 -1.33398781e-02
1.48002177e-01 5.29788509e-02 7.36510828e-02 5.79658784e-02 -6.22348022e-03 -2.79820766e-02 -1.75758097e-02 -6.10434227e-02 5.14550917e-02 -2.52700485e-02 6.96611330e-02 -1.82932578e-02 -5.77763617e-02 1.35266474e-02 -3.44890989e-02 -1.10574558e-01
-2.18981039e-02 -6.48513716e-03 -1.37110827e-02 -1.11550260e-02 1.21240632e-03 6.14726497e-03 3.76792275e-03 1.32914344e-02 -1.12193935e-02 5.50732762e-03 -1.51956696e-02 3.98980733e-03 1.26073286e-02 -2.95163901e-03 7.52615649e-03 2.41301898e-02
7.45033622e-02 3.08164284e-02 3.12266666e-02 2.35816650e-02 -2.53905775e-03 -1.07669150e-02 -6.96956087e-03 -2.35227011e-02 1.98185090e-02 -9.72531550e-03 2.68153045e-02 -7.04141101e-03 -2.22398825e-02 5.20668644e-03 -1.32756447e-02 -4.25628088e-02
-1.63099766e-02 -4.21315804e-03 -1.33019248e-02 -1.13051292e-02 1.18722557e-03 6.29747426e-03 3.85049288e-03 1.36228697e-02 -1.14929648e-02 5.64143853e-03 -1.55633660e-02 4.08693170e-03 1.29133593e-02 -3.02330148e-03 7.70890666e-03 2.47160513e-02
4.44570482e-02 1.78824440e-02 1.93366781e-02 1.48243327e-02 -1.65743742e-03 -6.55207084e-03 -4.34180722e-03 -1.45188281e-02 1.21706398e-02 -5.99351525e-03 1.64844859e-02 -4.32808325e-03 -1.36593441e-02 3.19775194e-03 -8.15268792e-03 -2.61369217e-02
-3.24403308e-02 -1.04066106e-02 -1.87905524e-02 -1.55960033e-02 1.63783133e-03 7.89608900e-03 4.89948364e-03 1.71324424e-02 -1.44482227e-02 7.09310500e-03 -1.95638314e-02 5.13740070e-03 1.62287243e-02 -3.79946618e-03 9.68775433e-03 3.10601089e-02
6.31646514e-02 2.36933231e-02 2.91900504e-02 2.21253112e-02 -2.36368040e-03 -1.05802799e-02 -6.63505169e-03 -2.30292566e-02 1.94166712e-02 -9.53330845e-03 2.62873080e-02 -6.90303138e-03 -2.18034685e-02 5.10460278e-03 -1.30154090e-02 -4.17286530e-02
1.15669630e-02 5.54148713e-03 2.10292591e-03 5.81874279e-04 -9.94331276e-05 -8.73013632e-05 -1.05985360e-04 -2.61393201e-04 2.03116491e-04 -1.00375022e-04 2.74395192e-04 -7.19166273e-05 -2.25897238e-04 5.28824676e-05 -1.34767557e-04 -4.31958091e-04
-4.96803075e-02 -2.02101506e-02 -2.18756180e-02 -1.83970556e-02 1.85978762e-03 7.17392843e-03 4.79007885e-03 1.59356594e-02 -1.33930873e-02 6.59153936e-03 -1.81147270e-02 4.76047909e-03 1.50171276e-02 -3.51590640e-03 8.96358863e-03 2.87348423e-02
1.47985011e-01 5.77467754e-02 6.39196783e-02 5.07765152e-02 -5.26417373e-03 -2.41252799e-02 -1.52470199e-02 -5.25698736e-02 4.43170406e-02 -2.17600204e-02 6.00010082e-02 -1.57554001e-02 -4.97627966e-02 1.16504030e-02 -2.97054797e-02 -9.52386707e-02
-3.11142877e-02 -1.10219643e-02 -1.06988531e-02 -7.60690402e-03 8.31150857e-04 3.41984234e-03 2.20252993e-03 7.51032447e-03 -6.32091565e-03 3.10481060e-03 -8.55675433e-03 2.24716612e-03 7.09638279e-03 -1.66137354e-03 4.23600618e-03 1.35809286e-02
1.55310988e-01 5.28918914e-02 8.08718875e-02 6.52216896e-02 -6.94443192e-03 -3.25272307e-02 -2.02839579e-02 -7.07050860e-02 5.96101806e-02 -2.92655565e-02 8.07143822e-02 -2.11950745e-02 -6.69527873e-02 1.56749599e-02 -3.99674363e-02 -1.28140315e-01
-1.79574639e-02 -6.50431216e-03 -7.54103437e-03 -5.73772518e-03 6.57814322e-04 2.61626719e-03 1.70223333e-03 5.76319080e-03 -4.84399172e-03 2.38113734e-03 -6.55322615e-03 1.72242138e-03 5.43342857e-03 -1.27201958e-03 3.24280583e-03 1.03956591e-02
-4.14929204e-02 -1.56135410e-02 -1.72578115e-02 -1.35405762e-02 1.41522300e-03 6.38423301e-03 4.01220936e-03 1.39178997e-02 -1.17263570e-02 5.75738586e-03 -1.58775244e-02 4.16930998e-03 1.31697459e-02 -3.08328844e-03 7.86163751e-03 2.52053104e-02
-1.34693319e-03 -3.88200278e-05 8.52610625e-04 8.57007515e-04 -9.00135419e-05 -5.09026286e-04 -3.06526432e-04 -1.09656795e-03 9.26103734e-04 -4.54562221e-04 1.25446194e-03 -3.29420494e-04 -1.04109093e-03 2.43744318e-04 -6.21513696e-04 -1.99270528e-03
-2.85381339e-02 -1.02212587e-02 -1.30070141e-02 -1.02440584e-02 1.08916708e-03 4.94144019e-03 3.10268439e-03 1.07646510e-02 -9.07433778e-03 4.45554545e-03 -1.22858090e-02 3.22621735e-03 1.01897921e-02 -2.38561630e-03 6.08269218e-03 1.95016805e-02
-1.25730604e-01 -4.48481180e-02 -5.80242239e-02 -4.46333662e-02 4.67673829e-03 2.14934833e-02 1.34651093e-02 4.68002893e-02 -3.94365303e-02 1.93627924e-02 -5.33943102e-02 1.40209813e-02 4.42878455e-02 -1.03686117e-02 2.64373478e-02 8.47609714e-02
3.06658819e-02 1.10189226e-02 1.40593201e-02 1.12354849e-02 -1.16948190e-03 -5.41526405e-03 -3.38284322e-03 -1.17797041e-02 9.93196946e-03 -4.87623317e-03 1.34479767e-02 -3.53138661e-03 -1.11551229e-02 2.61163176e-03 -6.65903836e-03 -2.13496629e-02
5.66535294e-02 2.03761235e-02 2.02082992e-02 1.44229038e-02 -1.50549237e-03 -6.42585102e-03 -4.09879861e-03 -1.40806008e-02 1.18579967e-02 -5.82459709e-03 1.60512719e-02 -4.21513943e-03 -1.33079840e-02 3.11563583e-03 -7.94378389e-03 -2.54678987e-02
-1.00131594e-02 -7.54032191e-03 1.66113349e-03 3.76843195e-03 -2.03293544e-04 -2.56512268e-03 -1.36360212e-03 -5.27522340e-03 4.50392580e-03 -2.20411108e-03 6.10027788e-03 -1.60196063e-03 -5.07294945e-03 1.18778530e-03 -3.02918116e-03 -9.71342716e-03
8.99371803e-02 3.25847007e-02 4.74105999e-02 3.66706327e-02 -3.94844776e-03 -1.78129077e-02 -1.11631444e-02 -3.87448631e-02 3.26627009e-02 -1.60349477e-02 4.42217551e-02 -1.16126230e-02 -3.66799682e-02 8.58744979e-03 -2.18958613e-02 -7.02004582e-02
-7.82420859e-02 -3.26537490e-02 -3.29987593e-02 -2.47887801e-02 2.68659601e-03 1.13642691e-02 7.35572726e-03 2.48863995e-02 -2.09339801e-02 1.02753919e-02 -2.83275954e-02 7.44017540e-03 2.34910492e-02 -5.49962465e-03 1.40221743e-02 4.49558347e-02
-9.21164006e-02 -3.31170224e-02 -4.26815599e-02 -3.49722393e-02 3.70952231e-03 1.70782004e-02 1.06700556e-02 3.71499285e-02 -3.13171707e-02 1.53770512e-02 -4.24045511e-02 1.11352867e-02 3.51740196e-02 -8.23492557e-03 2.09970810e-02 6.73190653e-02
