3.20976414e-03 -4.23877947e-02 -1.22137554e-02 -7.74322078e-03 -2.33758334e-03 -1.57856988e-03 7.79545726e-03 6.53583650e-03 -8.15271121e-03 7.13477982e-03 6.53006230e-03 1.61260907e-02 -2.40865676e-03 -1.13048479e-02 2.18811948e-02 3.38464528e-02
-1.19957468e-02 6.91416413e-02 2.16478482e-02 1.21759996e-02 4.06069914e-04 2.31202086e-03 -7.85379205e-03 -5.95419109e-03 7.59315118e-03 -6.71151234e-03 -6.23154081e-03 -1.53075727e-02 2.26523285e-03 1.07112862e-02 -2.07254421e-02 -3.20563950e-02
-2.41600592e-02 3.44547853e-02 1.11094154e-02 9.34973359e-03 -2.07242812e-03 1.56905397e-03 -1.07712019e-03 1.48348539e-04 2.07685356e-04 -2.84629088e-04 -3.94130475e-04 -8.45940900e-04 8.55563048e-05 5.55177394e-04 -1.06135302e-03 -1.63805613e-03
-7.40058720e-03 6.05183542e-02 2.05657072e-02 1.19740218e-02 1.43075641e-03 2.25969357e-03 -8.42310861e-03 -6.77406555e-03 8.57709162e-03 -7.50950119e-03 -6.89612608e-03 -1.70023609e-02 2.53633386e-03 1.19160078e-02 -2.30631009e-02 -3.56742777e-02
-4.21986356e-02 1.38398141e-01 4.06605080e-02 2.56007854e-02 3.08728777e-04 6.57536183e-03 -1.54141951e-02 -1.17927585e-02 1.53477928e-02 -1.34689352e-02 -1.24417767e-02 -3.06773763e-02 4.55482211e-03 2.14839783e-02 -4.15712707e-02 -6.43003881e-02
2.18963660e-02 -6.35045618e-02 -2.04009935e-02 -1.23085296e-02 1.64272403e-03 -3.56731680e-03 5.29164774e-03 2.69656931e-03 -4.03713482e-03 3.69392429e-03 3.65166971e-03 8.76483135e-03 -1.20745937e-03 -6.06166711e-03 1.16978968e-02 1.80883389e-02
7.24403933e-03 1.02055427e-02 1.18251629e-02 8.81202333e-03 -5.08275116e-03 3.76804057e-03 -5.20920323e-04 1.65506918e-03 -1.48099300e-03 1.06522709e-03 3.36857542e-04 1.48868072e-03 -4.39418625e-04 -1.20814785e-03 2.40581692e-03 3.74889234e-03
-5.82860736e-03 -8.46073125e-03 -3.66632314e-03 -2.97287526e-03 -1.96683774e-04 -5.86307142e-04 1.86184037e-03 1.43885170e-03 -1.82437652e-03 1.60946324e-03 1.50022574e-03 3.67892301e-03 -5.40725130e-04 -2.57134973e-03 4.97420831e-03 7.69343087e-03
3.78400423e-02 -4.49695960e-02 -1.32643403e-02 -5.67392819e-03 1.67712732e-03 -1.56840880e-03 4.37283306e-05 -7.10158434e-04 7.43425684e-04 -5.37383952e-04 -2.65753537e-04 -9.21511557e-04 2.01880131e-04 7.00470642e-04 -1.37861434e-03 -2.13540602e-03
8.00841302e-03 -1.74331740e-02 -5.56456996e-03 -2.40521575e-03 8.30083154e-05 -6.17701095e-04 1.73529505e-03 1.14316517e-03 -1.61358027e-03 1.42556580e-03 1.31956721e-03 3.24470107e-03 -4.79515817e-04 -2.26945104e-03 4.39122040e-03 6.79193530e-03
3.59242642e-03 -2.68007666e-02 -7.64888432e-03 -4.90083639e-03 -3.05622234e-04 -1.02249498e-03 3.39618814e-03 2.62725772e-03 -3.39215202e-03 2.97593395e-03 2.74887215e-03 6.76302705e-03 -1.00367470e-03 -4.73527890e-03 9.16339830e-03 1.41737070e-02
1.26982527e-02 -5.93408383e-02 -1.96293835e-02 -1.15226991e-02 -6.42849947e-04 -2.18454702e-03 7.71590136e-03 5.89014869e-03 -7.55728642e-03 6.66175876e-03 6.16479153e-03 1.51599003e-02 -2.23971764e-03 -1.06028691e-02 2.05144621e-02 3.17303054e-02
-6.90772198e-03 1.33287925e-02 4.90231393e-03 2.22503440e-03 -3.90748639e-04 5.38852531e-04 -1.02649943e-03 -6.74111594e-04 8.89724295e-04 -7.99410162e-04 -7.65477133e-04 -1.85834151e-03 2.66996096e-04 1.29195547e-03 -2.49722484e-03 -3.86186736e-03
-7.72370771e-03 7.17538446e-02 2.48932056e-02 1.36626679e-02 2.47175340e-05 3.26767075e-03 -9.35386401e-03 -6.78031147e-03 8.84762406e-03 -7.88858812e-03 -7.31695769e-03 -1.79876927e-02 2.64868094e-03 1.25742443e-02 -2.43259724e-02 -3.76241989e-02
-6.31176867e-03 -7.07898736e-02 -2.58716419e-02 -1.35197081e-02 -2.76923459e-03 -2.70618685e-03 1.10835005e-02 9.03432071e-03 -1.13403881e-02 9.96608566e-03 9.12171323e-03 2.25279052e-02 -3.36475042e-03 -1.57918036e-02 3.05662081e-02 4.72805761e-02
8.23222101e-02 2.60300159e-01 8.08529854e-02 5.17874025e-02 1.71591118e-02 1.03772553e-02 -5.33788651e-02 -4.52576801e-02 5.63483313e-02 -4.92212474e-02 -4.49709930e-02 -1.11140318e-01 1.66238416e-02 7.79369026e-02 -1.50858685e-01 -2.33354896e-01
-3.03743221e-02 7.36315250e-02 1.99920237e-02 1.46509279e-02 -2.07649777e-04 2.72316905e-03 -6.97342213e-03 -4.90309065e-03 6.67181145e-03 -5.86282043e-03 -5.40008163e-03 -1.33044440e-02 1.98013638e-03 9.31869168e-03 -1.80348456e-02 -2.78961249e-02
-7.01745600e-03 -5.73648512e-02 -1.76215079e-02 -1.17548024e-02 -2.12230906e-03 -2.36230926e-03 9.91632696e-03 8.01989343e-03 -1.01426300e-02 8.90748017e-03 8.18401948e-03 2.01814398e-02 -3.00390529e-03 -1.41399866e-02 2.73642614e-02 4.23267670e-02
-8.41932080e-04 -9.39425454e-03 -3.62393120e-03 -2.05929205e-03 1.18619617e-04 -3.61151731e-04 9.16127756e-04 6.38317026e-04 -8.40371125e-04 7.43180688e-04 6.87972293e-04 1.69121684e-03 -2.51155696e-04 -1.18386245e-03 2.29099975e-03 3.54364910e-03
-4.72539775e-02 -1.00237370e-01 -3.12463138e-02 -2.11854186e-02 -6.56768261e-03 -4.39199805e-03 2.15279050e-02 1.82664040e-02 -2.27616951e-02 1.98779162e-02 1.81648582e-02 4.48873900e-02 -6.71385415e-03 -3.14769968e-02 6.09284379e-02 9.42467824e-02
-2.65938509e-03 4.03152034e-02 1.33420443e-02 7.98531063e-03 1.43207423e-03 1.65152794e-03 -6.65544067e-03 -5.34379529e-03 6.80031115e-03 -5.95697435e-03 -5.46475779e-03 -1.34823276e-02 2.01103161e-03 9.44797415e-03 -1.82863977e-02 -2.82856338e-02
-7.28027616e-03 7.19725434e-03 1.46654411e-03 9.15928045e-04 5.35344530e-04 2.13720748e-04 -1.35102728e-03 -1.17097283e-03 1.45088055e-03 -1.26597483e-03 -1.15512626e-03 -2.85622105e-03 4.27572697e-04 2.00337102e-03 -3.87794245e-03 -5.99860772e-03
-2.82066129e-02 1.07870370e-01 2.88196467e-02 1.74849108e-02 -1.40342861e-04 3.79292993e-03 -1.04050487e-02 -7.09503749e-03 9.45684034e-03 -8.38474371e-03 -7.89703988e-03 -1.92886889e-02 2.80577759e-03 1.34585332e-02 -2.60204952e-02 -4.02434282e-02
-8.86305720e-02 1.49664044e-01 5.00833504e-02 3.99546996e-02 -9.09193140e-03 7.39697088e-03 1.27144158e-05 3.13795567e-03 -2.82025198e-03 2.18017958e-03 1.28553633e-03 3.89000750e-03 -7.48250866e-04 -2.92218360e-03 5.75125637e-03 8.93020630e-03
2.16654390e-02 -4.84389812e-03 -9.65823419e-04 -3.13578174e-03 3.12117534e-03 -2.41378497e-04 -3.85676534e-03 -3.79080861e-03 4.52364190e-03 -3.91645404e-03 -3.52937984e-03 -8.77434202e-03 1.32368365e-03 6.16491586e-03 -1.19366189e-02 -1.84652060e-02
-1.96188744e-02 2.87793875e-02 8.47183540e-03 2.74508423e-03 -7.75353692e-04 3.85859370e-04 -4.19393822e-04 -1.23629987e-04 2.62180605e-04 -2.38410226e-04 -2.25353637e-04 -5.50814148e-04 8.05025848e-05 3.83845763e-04 -7.42538949e-04 -1.14842213e-03
-1.92650631e-02 5.75123653e-02 2.46452931e-02 1.56304426e-02 -3.88554833e-03 3.96101270e-03 -4.17833589e-03 -1.76369306e-03 2.70857802e-03 -2.56131962e-03 -2.74934340e-03 -6.30417140e-03 8.25967756e-04 4.32327110e-03 -8.33464786e-03 -1.28789051e-02
6.49141520e-02 6.04560263e-02 1.70070417e-02 1.46833938e-02 9.23254155e-03 2.35618302e-03 -2.18173675e-02 -1.91483907e-02 2.36771572e-02 -2.06149686e-02 -1.87010132e-02 -4.63711470e-02 6.96764654e-03 3.25482115e-02 -6.30114898e-02 -9.74722356e-02
-4.96004894e-02 8.00155476e-02 2.54432280e-02 1.27353733e-02 -2.05415115e-03 2.75590643e-03 -4.42494638e-03 -2.16080225e-03 3.27937468e-03 -3.00614908e-03 -2.97486898e-03 -7.10447086e-03 9.81502468e-04 4.87057865e-03 -9.40247718e-03 -1.45362355e-02
1.22380201e-02 -6.15599938e-03 -2.13229051e-03 -7.08231237e-04 9.55494470e-04 -1.73895460e-04 -8.60810746e-04 -9.73492046e-04 1.10910775e-03 -9.45566804e-04 -8.21910449e-04 -2.07239459e-03 3.23236076e-04 1.46543200e-03 -2.84097646e-03 -4.39571030e-03
1.79939568e-02 -8.49582329e-02 -2.69164406e-02 -1.54876206e-02 9.71447211e-04 -3.76932789e-03 8.51105154e-03 4.92506009e-03 -7.25795142e-03 6.56242482e-03 6.25560991e-03 1.52682848e-02 -2.18142779e-03 -1.06554218e-02 2.05716677e-02 3.18054408e-02
3.66651714e-02 -1.71958096e-03 -2.22737063e-03 4.68940893e-03 3.21418187e-03 4.83248208e-04 -7.13784294e-03 -6.39893766e-03 7.78666791e-03 -6.78843213e-03 -6.17514551e-03 -1.52950417e-02 2.29181885e-03 1.07324710e-02 -2.07751337e-02 -3.21359858e-02
1.54885668e-02 1.83065571e-02 6.40298752e-03 4.87963669e-03 1.69186271e-03 9.60899924e-04 -5.12095634e-03 -4.35569836e-03 5.42254886e-03 -4.73619532e-03 -4.32684692e-03 -1.06935119e-02 1.59946876e-03 7.49892928e-03 -1.45153087e-02 -2.24529151e-02
-7.51089305e-04 -1.23757929e-01 -3.87303643e-02 -2.04028487e-02 -4.39160643e-03 -3.81786050e-03 1.88287944e-02 1.55187426e-02 -1.94665715e-02 1.70330089e-02 1.55873960e-02 3.84759195e-02 -5.75272506e-03 -2.69776955e-02 5.22187911e-02 8.07741508e-02
5.59509918e-03 1.29670113e-01 3.70829031e-02 2.22958028e-02 5.68937277e-03 4.85114381e-03 -2.25343890e-02 -1.86623801e-02 2.33661272e-02 -2.04259139e-02 -1.86708178e-02 -4.61230054e-02 6.89886231e-03 3.23442481e-02 -6.26071990e-02 -9.68435854e-02
-9.19151679e-03 -4.61051092e-02 -1.35677410e-02 -9.07108095e-03 -2.27858499e-03 -1.90677634e-03 8.44260585e-03 7.02304440e-03 -8.79658945e-03 7.69261504e-03 7.04424502e-03 1.73939802e-02 -2.59774248e-03 -1.21937990e-02 2.36016847e-02 3.65077220e-02
-3.41230109e-02 5.51301129e-02 1.24482848e-02 6.80250255e-03 1.09634269e-03 1.33682031e-03 -5.16046584e-03 -4.07404732e-03 5.29872766e-03 -4.64350497e-03 -4.25577955e-03 -1.05027445e-02 1.56800519e-03 7.36187818e-03 -1.42492661e-02 -2.20409427e-02
-2.15049125e-02 -4.43158858e-02 -1.69196203e-02 -1.17490636e-02 -1.75060914e-03 -2.09555542e-03 7.84772635e-03 6.20283047e-03 -7.98547082e-03 6.97956001e-03 6.39241422e-03 1.57904215e-02 -2.35906988e-03 -1.10713402e-02 2.14290917e-02 3.31472792e-02
1.10794567e-02 9.49048158e-03 2.81855091e-03 2.57035997e-03 1.25940400e-03 5.26313321e-04 -3.15665291e-03 -2.72321003e-03 3.37844389e-03 -2.94746668e-03 -2.68929126e-03 -6.65019220e-03 9.95501410e-04 4.66442900e-03 -9.02894046e-03 -1.39664402e-02
-8.35787505e-05 5.84469642e-03 1.68570422e-03 1.13794871e-03 3.83757520e-04 2.25367563e-04 -1.18630391e-03 -1.00756309e-03 1.25409500e-03 -1.09545211e-03 -1.00079109e-03 -2.47335690e-03 3.69958783e-04 1.73447386e-03 -3.35733895e-03 -5.19327959e-03
4.29439498e-03 -2.18959786e-02 -8.59154295e-03 -5.24429278e-03 7.98547931e-04 -1.19907479e-03 2.37320550e-03 1.49533665e-03 -2.07633339e-03 1.85777294e-03 1.76999043e-03 4.29746602e-03 -6.20605540e-04 -2.99324561e-03 5.78698888e-03 8.94960109e-03
1.21779265e-02 4.22554510e-03 2.28190888e-03 1.99665572e-03 6.34788361e-04 3.87007283e-04 -2.00837827e-03 -1.69810769e-03 2.11783405e-03 -1.85085728e-03 -1.69202627e-03 -4.18095477e-03 6.25018380e-04 2.93155760e-03 -5.67435473e-03 -8.77729431e-03
1.93995312e-02 3.16299647e-02 1.26059614e-02 9.22796223e-03 9.63110826e-04 2.18215212e-03 -6.99084671e-03 -5.49440319e-03 7.02798413e-03 -6.16136659e-03 -5.68891456e-03 -1.39919734e-02 2.07977346e-03 9.79815330e-03 -1.89616140e-02 -2.93296371e-02
-4.72785812e-03 1.97588969e-02 3.43749253e-03 2.81687500e-03 2.45822500e-03 7.61720003e-04 -5.45867439e-03 -4.79725283e-03 5.90068335e-03 -5.14083914e-03 -4.68661310e-03 -1.15931174e-02 1.73590973e-03 8.13170988e-03 -1.57406684e-02 -2.43485440e-02
1.18117835e-02 -9.22670290e-02 -2.82334499e-02 -1.75746549e-02 5.75254671e-06 -4.04857704e-03 1.06396358e-02 7.17577431e-03 -9.86591913e-03 8.88899621e-03 8.32630880e-03 2.04615500e-02 -2.95133283e-03 -1.42810382e-02 2.75633279e-02 4.26354557e-02
-5.86585328e-03 8.63376558e-02 2.93109994e-02 1.68941189e-02 1.28148869e-03 4.33754269e-03 -1.28119960e-02 -9.71182622e-03 1.26385503e-02 -1.11269876e-02 -1.02855610e-02 -2.52790935e-02 3.75654013e-03 1.77055243e-02 -3.42624970e-02 -5.29954582e-02
2.66921148e-03 1.74170181e-01 5.10425195e-02 3.31050754e-02 2.00714217e-03 8.07565637e-03 -2.40721069e-02 -1.82554666e-02 2.35187877e-02 -2.06041131e-02 -1.91357713e-02 -4.70366329e-02 6.97618490e-03 3.29366662e-02 -6.37376308e-02 -9.85788256e-02
2.43937653e-02 9.14122313e-02 2.63456125e-02 1.95452608e-02 5.54183591e-03 3.77280661e-03 -1.84531789e-02 -1.56288929e-02 1.94872599e-02 -1.70210693e-02 -1.55535722e-02 -3.84375341e-02 5.74911479e-03 2.69543473e-02 -5.21741509e-02 -8.07052404e-02
-2.40153559e-02 -1.28733981e-02 -4.21161391e-03 -1.09016616e-03 -3.21057159e-03 -5.38031629e-04 6.92373281e-03 6.05925964e-03 -7.49632018e-03 6.53683487e-03 5.95561415e-03 1.47322733e-02 -2.20614369e-03 -1.03343464e-02 2.00044904e-02 3.09440959e-02
-6.84071183e-02 -5.88441938e-02 -1.86797529e-02 -2.09651794e-02 -8.47429689e-03 -4.25993511e-03 2.36206483e-02 2.02101823e-02 -2.51112990e-02 2.19292492e-02 2.00313330e-02 4.95075025e-02 -7.40561541e-03 -3.47182862e-02 6.72026202e-02 1.03952035e-01
-1.30425617e-02 -3.90533283e-02 -1.15066748e-02 -8.03459436e-03 -2.86184810e-03 -1.61697308e-03 8.65658466e-03 7.36376503e-03 -9.16499086e-03 8.00447725e-03 7.31228245e-03 1.80719383e-02 -2.70324666e-03 -1.26732904e-02 2.45311130e-02 3.79458182e-02
4.20572655e-03 2.14154050e-02 6.59554033e-03 4.46073106e-03 9.24498949e-04 9.76068375e-04 -3.90324066e-03 -3.19538382e-03 4.01016558e-03 -3.51749477e-03 -3.23766703e-03 -7.97541719e-03 1.18582661e-03 5.58658736e-03 -1.08115887e-02 -1.67230200e-02
6.57739677e-03 -3.82222310e-02 -1.22659206e-02 -7.16299750e-03 -9.80376033e-04 -1.46580266e-03 4.95680980e-03 3.95278586e-03 -5.02342544e-03 4.41176165e-03 4.05312469e-03 9.98900179e-03 -1.48972566e-03 -7.00009009e-03 1.35484515e-02 2.09569149e-02
1.76892418e-03 -1.13275014e-02 -4.89740213e-03 -2.85519613e-03 5.53806312e-04 -6.21327606e-04 1.01323682e-03 5.65438415e-04 -8.28507822e-04 7.46268604e-04 7.24773563e-04 1.74294529e-03 -2.49492907e-04 -1.21112354e-03 2.34082830e-03 3.61991976e-03
-5.58860041e-02 3.57267112e-02 6.51213527e-03 7.41936546e-03 -1.92857662e-03 8.95871955e-04 -3.44230037e-04 2.08380428e-04 -4.08348897e-05 6.91026980e-06 -2.34070121e-05 -3.01225627e-05 -4.92306299e-07 1.38670948e-05 -2.49582845e-05 -3.79784469e-05
-4.46832106e-02 1.37813725e-02 6.19197730e-03 1.46155851e-03 -4.36561415e-03 1.38114986e-03 4.72339196e-03 5.46859996e-03 -6.01187628e-03 5.14163869e-03 4.43646638e-03 1.12890285e-02 -1.75565167e-03 -7.98070617e-03 1.54694570e-02 2.39329431e-02
-2.15100823e-03 -1.87101644e-02 -5.38383890e-03 -3.71675077e-03 -1.16490689e-03 -7.38104631e-04 3.74074047e-03 3.15605616e-03 -3.93939810e-03 3.44247674e-03 3.14799277e-03 7.77689880e-03 -1.16245088e-03 -5.45280660e-03 1.05544813e-02 1.63260661e-02
-1.59278279e-03 -2.76390258e-02 -8.17226060e-03 -5.33679267e-03 -6.75927440e-04 -9.04433313e-04 4.04882524e-03 3.31001589e-03 -4.16652346e-03 3.64913233e-03 3.34351510e-03 8.25328473e-03 -1.23252696e-03 -5.78531204e-03 1.11977784e-02 1.73210148e-02
6.97533134e-03 6.14987314e-02 2.14759931e-02 1.06604071e-02 1.80850003e-03 2.17662845e-03 -9.07980930e-03 -7.38476729e-03 9.30747297e-03 -8.15731380e-03 -7.47349858e-03 -1.84343979e-02 2.75499886e-03 1.29239764e-02 -2.50157304e-02 -3.86952534e-02
6.40534982e-03 -4.16229144e-02 -1.34113859e-02 -6.65237708e-03 -1.94492098e-03 -1.38975016e-03 6.67526200e-03 5.63078048e-03 -7.02157430e-03 6.13389909e-03 5.60559100e-03 1.38515504e-02 -2.07170052e-03 -9.71317012e-03 1.88012868e-02 2.90826522e-02
3.68024549e-03 -6.18418353e-03 -2.65188026e-03 -1.11196015e-03 3.86117696e-04 -2.66434334e-04 1.91653351e-04 1.63588156e-05 -7.15840579e-05 7.43819255e-05 8.46956245e-05 1.91401137e-04 -2.45270385e-05 -1.29983135e-04 2.50356039e-04 3.86850123e-04
2.11510658e-02 2.60414742e-02 4.71254159e-03 6.99765608e-03 4.41549160e-03 9.13070340e-04 -9.46540479e-03 -8.42327066e-03 1.03638517e-02 -9.02151410e-03 -8.20106082e-03 -2.03265194e-02 3.04615521e-03 1.42614236e-02 -2.76067890e-02 -4.27035727e-02
-1.92514881e-02 1.87432580e-02 4.61118016e-03 7.40606047e-04 -9.98203293e-04 3.78570694e-04 6.68510387e-04 8.69166048e-04 -9.64947161e-04 8.17337597e-04 7.15146947e-04 1.79702311e-03 -2.79586704e-04 -1.27082341e-03 2.46339431e-03 3.81146232e-03
2.19177734e-02 -1.09349035e-01 -3.02660093e-02 -1.87594891e-02 -2.18913751e-03 -3.34593118e-03 1.32502429e-02 1.04609607e-02 -1.33598940e-02 1.16962027e-02 1.07291900e-02 2.64621712e-02 -3.95079097e-03 -1.85478069e-02 3.59000824e-02 5.55312485e-02
-4.13403939e-03 -5.72430193e-02 -1.84295923e-02 -1.16265202e-02 -1.67844119e-03 -2.48552416e-03 9.09472536e-03 7.34367548e-03 -9.27341450e-03 8.12556129e-03 7.46937376e-03 1.84096713e-02 -2.74282694e-03 -1.28986491e-02 2.49640346e-02 3.86144221e-02
-3.93479988e-02 5.19974232e-02 2.32393574e-02 1.19799972e-02 -7.85914715e-03 3.04501597e-03 6.99174474e-04 3.14631290e-03 -2.72335415e-03 2.20249081e-03 1.74558710e-03 4.64478275e-03 -7.69869832e-04 -3.32040130e-03 6.44605421e-03 9.97682009e-03
-6.37307391e-03 -7.17490390e-02 -2.45830901e-02 -1.47573454e-02 -2.35902029e-03 -2.87447381e-03 1.16954707e-02 9.39673558e-03 -1.19065838e-02 1.04202684e-02 9.57016088e-03 2.35883202e-02 -3.51928710e-03 -1.65322386e-02 3.19984183e-02 4.94956151e-02
-8.50809962e-02 -1.42357834e-02 -1.67226251e-02 -1.36692598e-02 -4.46417602e-03 -2.64741061e-03 1.36699285e-02 1.16095124e-02 -1.44555885e-02 1.26266982e-02 1.15392171e-02 2.85130143e-02 -4.26398730e-03 -1.99939124e-02 3.87011357e-02 5.98646514e-02
1.36077031e-02 -1.58743840e-02 -7.96235725e-03 -4.99306805e-03 3.51077667e-03 -1.62692205e-03 -1.01838424e-03 -2.11337837e-03 2.18655588e-03 -1.80385448e-03 -1.41471042e-03 -3.73721821e-03 6.34762982e-04 2.68790266e-03 -5.22808265e-03 -8.09244718e-03
-1.13277435e-02 6.57518879e-02 2.31380835e-02 1.24191567e-02 -6.46288740e-04 3.01230769e-03 -7.84830377e-03 -5.42327203e-03 7.14522786e-03 -6.33131200e-03 -5.99055784e-03 -1.45872515e-02 2.12120987e-03 1.01695564e-02 -1.96645744e-02 -3.04132514e-02
-8.73599388e-03 1.16130382e-01 4.46841717e-02 1.99582446e-02 1.64024625e-03 4.42959554e-03 -1.42055415e-02 -1.10538891e-02 1.40629848e-02 -1.23973060e-02 -1.14755761e-02 -2.82265022e-02 4.16877307e-03 1.97441392e-02 -3.82056534e-02 -5.90915307e-02
9.30888485e-03 -5.81554323e-02 -1.65108666e-02 -1.01912115e-02 -7.12578651e-04 -1.82845094e-03 7.06986012e-03 5.74484747e-03 -7.21707428e-03 6.33164961e-03 5.82043780e-03 1.43496050e-02 -2.13830033e-03 -1.00537399e-02 1.94580629e-02 3.00977658e-02
-9.59574282e-02 4.73058581e-01 1.23001665e-01 7.92798996e-02 5.60696051e-03 1.63378101e-02 -5.44127077e-02 -4.14498709e-02 5.32443821e-02 -4.67887670e-02 -4.32513393e-02 -1.06295347e-01 1.57994870e-02 7.44381323e-02 -1.44049615e-01 -2.22813636e-01
2.35777814e-03 3.57475281e-02 1.25403386e-02 7.13857403e-03 1.64579717e-04 1.50274683e-03 -5.20648621e-03 -4.01034765e-03 5.16815204e-03 -4.52763028e-03 -4.15048422e-03 -1.02403397e-02 1.52973249e-03 7.17855478e-03 -1.38946502e-02 -2.14926731e-02
-2.09148936e-02 2.60272194e-02 7.55666336e-03 2.94526061e-03 -5.00515918e-04 7.26716127e-04 -1.42661901e-03 -9.44889442e-04 1.23520871e-03 -1.11655938e-03 -1.05794391e-03 -2.57856632e-03 3.73467541e-04 1.79550902e-03 -3.47167766e-03 -5.36888605e-03
-1.56053901e-02 3.07063088e-02 8.50212015e-03 5.17578237e-03 -8.74908292e-04 1.35522697e-03 -2.32825335e-03 -1.38497446e-03 1.96450274e-03 -1.79228536e-03 -1.73810637e-03 -4.22329316e-03 5.86948823e-04 2.92249303e-03 -5.64161083e-03 -8.72204173e-03
-1.88560411e-03 -6.56299964e-02 -1.99706331e-02 -1.42378211e-02 -2.21410114e-03 -2.79940618e-03 1.03873778e-02 8.46157968e-03 -1.06979012e-02 9.36522894e-03 8.61452427e-03 2.12221649e-02 -3.16097331e-03 -1.48690529e-02 2.87764668e-02 4.45114784e-02
-1.73043273e-03 7.79879391e-02 2.38419473e-02 1.26042748e-02 3.19092022e-03 2.54766177e-03 -1.23413010e-02 -1.03646880e-02 1.29598789e-02 -1.13249412e-02 -1.03521282e-02 -2.55766083e-02 3.82487895e-03 1.79349147e-02 -3.47155482e-02 -5.36994785e-02
5.37928287e-03 -3.78026888e-02 -1.31258816e-02 -7.38629978e-03 -1.19861215e-05 -1.72748929e-03 4.38342476e-03 3.14189936e-03 -4.12858976e-03 3.66675481e-03 3.43597890e-03 8.40799883e-03 -1.23020541e-03 -5.87048987e-03 1.13541409e-02 1.75607782e-02
8.13824125e-03 -8.34560394e-02 -3.03677507e-02 -1.86204575e-02 -1.09680207e-03 -3.66502209e-03 1.18947346e-02 9.36412439e-03 -1.18664186e-02 1.04541834e-02 9.67172999e-03 2.37824637e-02 -3.52158118e-03 -1.66422371e-02 3.22015956e-02 4.98071164e-02
-1.04030324e-02 9.38838534e-03 2.76767788e-03 3.24149663e-03 -1.73102610e-03 4.22201818e-04 9.29526635e-04 1.32714282e-03 -1.41016452e-03 1.20401324e-03 1.06110377e-03 2.65997765e-03 -4.07376239e-04 -1.87498354e-03 3.63248750e-03 5.61985606e-03
3.23805865e-03 -3.18084545e-02 -1.03947502e-02 -5.75529179e-03 -4.61298681e-04 -1.29199889e-03 4.16857935e-03 3.19678988e-03 -4.10412904e-03 3.60904308e-03 3.32009653e-03 8.18406790e-03 -1.21831975e-03 -5.73310303e-03 1.10956552e-02 1.71625745e-02
1.66934282e-02 1.88026167e-02 4.49156202e-03 3.72235291e-03 2.76707066e-03 7.11173983e-04 -6.22106530e-03 -5.43625373e-03 6.74395682e-03 -5.86948683e-03 -5.34339715e-03 -1.32209547e-02 1.98327098e-03 9.27753560e-03 -1.79597419e-02 -2.77814921e-02
-3.86983668e-03 -2.71064956e-02 -1.01216100e-02 -5.79286925e-03 -1.69294421e-04 -1.05663459e-03 3.67747899e-03 2.86801741e-03 -3.67910275e-03 3.22779454e-03 2.96996627e-03 7.31984340e-03 -1.09005300e-03 -5.12798876e-03 9.92447510e-03 1.53511250e-02
4.31118533e-05 -5.04483394e-02 -1.29454862e-02 -8.30086041e-03 -2.07242928e-03 -1.52929127e-03 7.41029065e-03 6.20017713e-03 -7.74257164e-03 6.76491717e-03 6.18348178e-03 1.52785247e-02 -2.28484557e-03 -1.07135447e-02 2.07376387e-02 3.20778601e-02
7.91740231e-03 3.36260460e-02 1.02003468e-02 6.80976175e-03 1.56648294e-03 1.36431353e-03 -5.98533871e-03 -5.00133261e-03 6.25071675e-03 -5.46617573e-03 -5.00569493e-03 -1.23560140e-02 1.84612675e-03 8.66255444e-03 -1.67671032e-02 -2.59358976e-02
-2.71439217e-02 1.25740051e-01 3.62029560e-02 2.06201654e-02 -1.22528197e-03 4.62206826e-03 -1.16509497e-02 -7.97473639e-03 1.07772797e-02 -9.50273499e-03 -9.04088467e-03 -2.18458343e-02 3.17756506e-03 1.52475210e-02 -2.94837467e-02 -4.55970429e-02
2.43496746e-02 -1.29310302e-02 -4.64468962e-04 1.09685492e-03 3.49631184e-04 1.25989027e-04 -8.63478344e-04 -7.65780278e-04 9.34660377e-04 -8.17066932e-04 -7.49045750e-04 -1.84921618e-03 2.75705737e-04 1.29602326e-03 -2.50829128e-03 -3.87986959e-03
-3.37727666e-02 8.59265476e-02 2.51444429e-02 1.30215073e-02 -7.82276038e-05 2.93893134e-03 -7.58237904e-03 -5.59314340e-03 7.19961897e-03 -6.37365133e-03 -5.96860750e-03 -1.45643316e-02 2.14068452e-03 1.01760626e-02 -1.96854509e-02 -3.04469876e-02
1.13081224e-02 -4.25063521e-02 -1.25672305e-02 -6.40049670e-03 1.99685688e-04 -1.45180104e-03 3.76587524e-03 2.80483183e-03 -3.61964200e-03 3.20368703e-03 2.99129798e-03 7.31749926e-03 -1.07907038e-03 -5.11424104e-03 9.89412889e-03 1.53031684e-02
-4.72673215e-02 9.78346094e-02 3.04381065e-02 1.45059852e-02 -1.47846260e-03 3.59921297e-03 -6.42052013e-03 -4.61284444e-03 5.97005617e-03 -5.29960031e-03 -4.93356539e-03 -1.20916879e-02 1.78624061e-03 8.45513027e-03 -1.63589939e-02 -2.53023002e-02
-1.10383611e-04 1.60910804e-02 4.44170553e-03 2.94866646e-03 1.01599947e-03 6.00402826e-04 -3.12907109e-03 -2.65159528e-03 3.30382981e-03 -2.88657169e-03 -2.63846153e-03 -6.51906105e-03 9.74695198e-04 4.57113329e-03 -8.84800497e-03 -1.36864483e-02
1.84793398e-02 -1.17545754e-01 -4.27882075e-02 -2.02955715e-02 -2.07318971e-03 -4.27292101e-03 1.57974474e-02 1.22124320e-02 -1.57127455e-02 1.38491439e-02 1.27011910e-02 3.13517377e-02 -4.66977758e-03 -2.19631661e-02 4.25069891e-02 6.57499209e-02
-3.73560935e-03 -7.05533400e-02 -2.27732863e-02 -1.13234315e-02 -2.82452605e-03 -2.24026851e-03 1.05336038e-02 8.79483297e-03 -1.10001639e-02 9.61348973e-03 8.79131351e-03 2.17172429e-02 -3.24752391e-03 -1.52271008e-02 2.94742379e-02 4.55920063e-02
-8.67014471e-03 1.11411856e-02 3.66222998e-03 1.89695309e-03 -8.51341058e-04 2.64040515e-04 3.01611202e-04 4.64186363e-04 -5.03279676e-04 4.25722566e-04 3.69629532e-04 9.33911593e-04 -1.44087258e-04 -6.59841404e-04 1.27856096e-03 1.97816244e-03
-7.52129871e-03 -6.31364733e-02 -3.29538211e-02 -2.46679056e-02 5.72268618e-03 -7.35175144e-03 6.73899753e-03 1.42676290e-03 -3.75753734e-03 3.70271062e-03 4.05188370e-03 9.42309853e-03 -1.16277626e-03 -6.43653981e-03 1.23884873e-02 1.91162042e-02
9.18463804e-03 4.71101180e-02 1.80499107e-02 1.31547078e-02 4.27602790e-05 2.31770659e-03 -7.47094909e-03 -5.44402562e-03 6.98135514e-03 -6.19565183e-03 -5.87606290e-03 -1.43182389e-02 2.06879573e-03 9.95688420e-03 -1.92375761e-02 -2.97487788e-02
2.50543728e-02 2.04571523e-02 7.67062092e-03 5.58715081e-03 2.87636975e-03 1.26401836e-03 -7.49351690e-03 -6.45290641e-03 8.00349005e-03 -6.98081171e-03 -6.37124944e-03 -1.57511942e-02 2.35772505e-03 1.10478010e-02 -2.13852189e-02 -3.30797657e-02
6.91637723e-03 -2.84770876e-02 -6.86465716e-03 -4.52781748e-03 -2.37822649e-04 -1.04226614e-03 3.19892168e-03 2.39464105e-03 -3.19706765e-03 2.79934332e-03 2.57737911e-03 6.34869887e-03 -9.45471809e-04 -4.44760500e-03 8.60776566e-03 1.33144883e-02
1.58285834e-02 4.01258394e-02 1.21103777e-02 8.71004350e-03 3.24456464e-03 1.75449194e-03 -9.57285613e-03 -8.16327054e-03 1.01544904e-02 -8.86738393e-03 -8.09940882e-03 -2.00186782e-02 2.99463421e-03 1.40387136e-02 -2.71741524e-02 -4.20342088e-02
1.71292126e-02 7.70177618e-02 2.44407579e-02 1.57786645e-02 4.41640336e-03 3.01931892e-03 -1.48663502e-02 -1.24859279e-02 1.56085398e-02 -1.36499666e-02 -1.24884257e-02 -3.08417529e-02 4.60913777e-03 2.16232613e-02 -4.18538451e-02 -6.47409409e-02
1.05145052e-02 -4.27486002e-02 -1.33331697e-02 -6.59719761e-03 -1.98136782e-04 -1.63796009e-03 4.34424961e-03 3.11438343e-03 -4.07111133e-03 3.62212933e-03 3.41666793e-03 8.33242759e-03 -1.20498065e-03 -5.80637576e-03 1.12265451e-02 1.73632186e-02
4.68649948e-03 2.59987004e-02 7.94385187e-03 5.21189254e-03 1.43002381e-03 1.02837640e-03 -4.91383951e-03 -4.10147151e-03 5.14067337e-03 -4.49432107e-03 -4.11181292e-03 -1.01545844e-02 1.51777756e-03 7.11969333e-03 -1.37809236e-02 -2.13168357e-02
5.40199317e-03 -3.88982370e-02 -1.16532659e-02 -6.30128570e-03 -1.14838011e-03 -1.26759801e-03 5.25165442e-03 4.37606918e-03 -5.47029916e-03 4.78550652e-03 4.37713461e-03 1.08117620e-02 -1.61652919e-03 -7.58122420e-03 1.46744205e-02 2.26989761e-02
6.73859641e-02 8.67148042e-02 2.77422480e-02 2.12200675e-02 8.14219564e-03 4.19776049e-03 -2.36417260e-02 -2.01671664e-02 2.50896066e-02 -2.19099354e-02 -2.00110767e-02 -4.94614244e-02 7.39901001e-03 3.46864015e-02 -6.71410039e-02 -1.03856735e-01
2.95576826e-02 5.09001687e-02 1.46703487e-02 1.11159636e-02 5.06411400e-03 2.18428182e-03 -1.35438759e-02 -1.16281128e-02 1.44363595e-02 -1.25984186e-02 -1.14964955e-02 -2.84239743e-02 4.25416557e-03 1.99353565e-02 -3.85888815e-02 -5.96913062e-02
-1.04969228e-02 3.08158677e-02 1.01540424e-02 9.34963115e-03 3.85255669e-04 9.29846894e-04 -3.53494193e-03 -2.79371184e-03 3.57362838e-03 -3.14207561e-03 -2.88252858e-03 -7.11422600e-03 1.06140773e-03 4.98502282e-03 -9.64850932e-03 -1.49244666e-02
2.73033269e-02 7.19876885e-02 2.17372775e-02 1.53039088e-02 4.95572621e-03 2.99188308e-03 -1.56878587e-02 -1.32684102e-02 1.65268667e-02 -1.44423116e-02 -1.31957410e-02 -3.26098651e-02 4.87733725e-03 2.28677951e-02 -4.42640297e-02 -6.84695095e-02
-1.69057585e-02 6.02358989e-02 1.66812800e-02 1.15681523e-02 1.60615181e-03 1.59323658e-03 -7.63544580e-03 -6.39758026e-03 7.98070710e-03 -6.97793067e-03 -6.38160482e-03 -1.57628078e-02 2.35655694e-03 1.10524362e-02 -2.13933140e-02 -3.30920219e-02
9.44107957e-03 2.51171757e-02 8.31126049e-03 5.95855433e-03 1.30267232e-03 1.20321359e-03 -5.20944688e-03 -4.27930104e-03 5.40756620e-03 -4.72417753e-03 -4.32929164e-03 -1.06859747e-02 1.59626175e-03 7.49161141e-03 -1.45005258e-02 -2.24299077e-02
-2.20527370e-02 1.85285155e-02 5.78702334e-03 7.04777893e-04 -1.23230438e-03 2.20169255e-04 1.46552839e-03 1.49966253e-03 -1.77685847e-03 1.53724477e-03 1.38831721e-03 3.44780809e-03 -5.18936082e-04 -2.42163613e-03 4.68834070e-03 7.25244125e-03
2.81952135e-03 5.31012230e-02 1.46612506e-02 9.41770431e-03 3.12837050e-03 1.87779544e-03 -9.82630905e-03 -8.34264513e-03 1.03867091e-02 -9.07397456e-03 -8.29217583e-03 -2.04907879e-02 3.06438142e-03 1.43688042e-02 -2.78128218e-02 -4.30220291e-02
2.41708569e-03 3.46093737e-02 8.92654248e-03 5.58640994e-03 1.76874385e-03 1.14469870e-03 -5.73565951e-03 -4.84439544e-03 6.05350826e-03 -5.28796436e-03 -4.83209919e-03 -1.19404811e-02 1.78589812e-03 8.37322604e-03 -1.62076093e-02 -2.50706337e-02
-2.48898566e-03 -4.51125950e-02 -1.32276174e-02 -1.04049258e-02 -1.75968953e-03 -1.87335466e-03 7.51294103e-03 6.16886979e-03 -7.75486091e-03 6.78818906e-03 6.22066343e-03 1.53631903e-02 -2.29322631e-03 -1.07687842e-02 2.08429955e-02 3.22402902e-02
-3.53864953e-03 9.35237855e-03 1.41411147e-03 8.69917742e-04 4.19488089e-04 1.91655316e-04 -1.14637031e-03 -9.88091924e-04 1.22700387e-03 -1.07062608e-03 -9.76887881e-04 -2.41569313e-03 3.61529150e-04 1.69428706e-03 -3.27960961e-03 -5.07306494e-03
-9.98128578e-03 -4.38634492e-02 -1.34985726e-02 -9.01909079e-03 -2.82967906e-03 -1.77518954e-03 9.05181654e-03 7.67601142e-03 -9.56379063e-03 8.35343357e-03 7.63202924e-03 1.88614912e-02 -2.82119680e-03 -1.32267550e-02 2.56023910e-02 3.96029055e-02
2.84547489e-02 4.42339852e-03 2.08568573e-03 2.90723890e-03 2.35593924e-03 4.33419395e-04 -4.57887119e-03 -4.08439152e-03 4.99818474e-03 -4.35768440e-03 -3.97046702e-03 -9.82539449e-03 1.47126685e-03 6.89189974e-03 -1.33408178e-02 -2.06363611e-02
-2.65680254e-03 -6.27838355e-03 -1.59535056e-03 -1.19188661e-03 -8.19772598e-04 -2.04590964e-04 1.72436470e-03 1.57370965e-03 -1.91263622e-03 1.65981730e-03 1.49984460e-03 3.71837523e-03 -5.64161048e-04 -2.61329953e-03 5.06118964e-03 7.82930106e-03
-1.07017895e-02 -3.87105867e-02 -1.25813168e-02 -8.96122027e-03 -1.24837202e-03 -1.63456926e-03 6.31426042e-03 5.14382590e-03 -6.51899865e-03 5.70212863e-03 5.22244908e-03 1.28915505e-02 -1.92620198e-03 -9.03742854e-03 1.74927637e-02 2.70583890e-02
8.27616826e-03 -1.75715908e-02 -6.64377632e-03 -3.84802232e-03 1.79991941e-04 -5.32170874e-04 1.60869432e-03 1.16389804e-03 -1.52085244e-03 1.34908664e-03 1.25434471e-03 3.07462551e-03 -4.54724242e-04 -2.15056934e-03 4.16119397e-03 6.43617194e-03
1.00734746e-02 1.23202736e-02 4.51510819e-03 3.35683697e-03 9.43385065e-04 6.61827216e-04 -3.21086776e-03 -2.70429719e-03 3.37443058e-03 -2.94999662e-03 -2.69855442e-03 -6.66535459e-03 9.96220624e-04 4.67328215e-03 -9.04562231e-03 -1.39920935e-02
-1.81523338e-02 -1.10998087e-01 -3.56566012e-02 -2.25071348e-02 -5.62666217e-03 -4.16331459e-03 1.98362786e-02 1.66407824e-02 -2.08374020e-02 1.82134267e-02 1.66535620e-02 4.11423557e-02 -6.15164218e-03 -2.88489237e-02 5.58408126e-02 8.63768086e-02
-1.51575068e-02 2.72961557e-02 8.67742393e-03 5.97461127e-03 -1.47678121e-03 1.15997752e-03 -7.14425463e-04 -1.33651512e-04 3.34929849e-04 -3.20284016e-04 -3.43346124e-04 -7.99626403e-04 1.07937558e-04 5.48397773e-04 -1.05764344e-03 -1.63498719e-03
-2.73952223e-02 1.07778192e-01 3.28496359e-02 1.89369582e-02 3.26700648e-03 3.61586059e-03 -1.45881604e-02 -1.19350133e-02 1.50389550e-02 -1.31853921e-02 -1.21138161e-02 -2.98644789e-02 4.45147557e-03 2.09253412e-02 -4.04990651e-02 -6.26440719e-02
1.47730317e-02 -8.88699442e-02 -2.67171059e-02 -1.33908149e-02 -8.94413097e-04 -3.24341422e-03 1.03657311e-02 8.15980695e-03 -1.04973689e-02 9.20043327e-03 8.45453423e-03 2.08379310e-02 -3.10794101e-03 -1.46021070e-02 2.82620899e-02 4.37161922e-02
-4.24515754e-02 8.43720138e-02 3.61925997e-02 1.47451302e-02 -3.76910158e-03 1.90920196e-03 -3.66378482e-03 -2.30513839e-03 3.10699083e-03 -2.79022707e-03 -2.60158698e-03 -6.37146970e-03 9.40794300e-04 4.45278129e-03 -8.61602742e-03 -1.33264894e-02
3.91979143e-03 -6.25220388e-02 -1.74481459e-02 -1.07191969e-02 -1.36393099e-03 -1.91380829e-03 7.97392707e-03 6.29718695e-03 -8.02548323e-03 7.04983715e-03 6.46255957e-03 1.59506239e-02 -2.37961439e-03 -1.11776525e-02 2.16341540e-02 3.34642418e-02
-1.75499637e-02 -5.59446514e-02 -1.60593856e-02 -1.21054165e-02 -3.25707905e-03 -2.37935665e-03 1.14610717e-02 9.64323618e-03 -1.20526571e-02 1.05286390e-02 9.62803792e-03 2.37865690e-02 -3.55657074e-03 -1.66786816e-02 3.22837234e-02 4.99377474e-02
