-2.26053689e-03 -1.67422220e-02 4.83404472e-03 -2.05564201e-02 7.52638793e-03 -2.27307645e-03 -5.38129359e-04 3.07923928e-02 -2.61035282e-03 -4.56166128e-03 5.32923732e-03 -9.19671729e-03 4.70350357e-03 2.67422665e-03 9.29032732e-03 8.39188509e-03
9.71303787e-04 -4.47504362e-03 1.75562664e-03 -1.94038097e-02 7.37560168e-03 -2.06859992e-03 -4.42706165e-04 2.94464063e-02 -2.42894073e-03 -4.37680399e-03 5.11238119e-03 -8.80601443e-03 4.50676866e-03 2.56295176e-03 8.90195463e-03 8.04162957e-03
-6.51025213e-03 -2.51460471e-03 1.34928606e-03 -5.50036971e-03 2.02896027e-03 -6.19610655e-04 -1.46042628e-04 8.32419936e-03 -7.01351964e-04 -1.23116828e-03 1.43879559e-03 -2.48301262e-03 1.26990932e-03 7.21985183e-04 2.50829314e-03 2.26569572e-03
-3.81903118e-03 2.30240282e-02 -5.26284985e-03 3.33280563e-02 -1.23296259e-02 3.66423186e-03 8.37400381e-04 -5.00967503e-02 4.17620270e-03 7.41981575e-03 -8.66799615e-03 1.49577586e-02 -7.65090855e-03 -4.34979750e-03 -1.51122091e-02 -1.36504453e-02
-7.16035580e-03 1.48257185e-02 -2.31027603e-03 1.24611855e-02 -4.47563455e-03 1.44871708e-03 3.12223594e-04 -1.85068250e-02 1.55099353e-03 2.73299892e-03 -3.19803203e-03 5.51648065e-03 -2.82157003e-03 -1.60407985e-03 -5.57327783e-03 -5.03411517e-03
4.69179172e-03 -9.08525940e-03 1.04447291e-03 -7.74079468e-03 2.85613560e-03 -8.46561568e-04 -1.86260120e-04 1.15418797e-02 -9.59401892e-04 -1.71227299e-03 2.00046133e-03 -3.44782928e-03 1.76415744e-03 1.00317691e-03 3.48458928e-03 3.14775528e-03
-4.02873661e-03 1.51102776e-02 -2.25250376e-03 3.18067968e-02 -1.20462785e-02 3.39209964e-03 7.24221522e-04 -4.80685867e-02 3.96696990e-03 7.14413216e-03 -8.34494364e-03 1.43746734e-02 -7.35661807e-03 -4.18361230e-03 -1.45310946e-02 -1.31267207e-02
-1.50893501e-03 -1.79682474e-03 1.96638575e-04 -1.88051607e-03 6.74094888e-04 -2.02026393e-04 -4.52976092e-05 2.74316478e-03 -2.30671998e-04 -4.06305451e-04 4.74829954e-04 -8.19841051e-04 4.19219868e-04 2.38307519e-04 8.28058925e-04 7.47921411e-04
1.11799901e-02 -1.08698271e-02 1.73412589e-03 -8.20121448e-03 3.02899280e-03 -9.12420626e-04 -2.00786322e-04 1.22507066e-02 -1.03305676e-03 -1.81522616e-03 2.12047342e-03 -3.66200577e-03 1.87275559e-03 1.06466759e-03 3.69900535e-03 3.34120938e-03
1.85556524e-03 -4.31568478e-04 -2.85853632e-04 1.04698748e-03 -3.92836810e-04 1.14692375e-04 2.66270508e-05 -1.59425498e-03 1.32142028e-04 2.36140972e-04 -2.75839557e-04 4.75464389e-04 -2.43268427e-04 -1.38329764e-04 -4.80508112e-04 -4.34055342e-04
2.23988993e-03 -1.32577689e-02 2.69159907e-03 -1.98806003e-02 7.39680463e-03 -2.16132798e-03 -4.77707741e-04 2.99575105e-02 -2.48395279e-03 -4.44291392e-03 5.19069191e-03 -8.94780271e-03 4.57819598e-03 2.60328921e-03 9.04292054e-03 8.16870853e-03
4.32005245e-03 -2.21642200e-02 4.89995908e-03 -3.35712619e-02 1.25303231e-02 -3.61292064e-03 -8.04535055e-04 5.05840890e-02 -4.19730227e-03 -7.50862295e-03 8.77079647e-03 -1.51176285e-02 7.73489615e-03 4.39832965e-03 1.52781801e-02 1.38012031e-02
-2.09560199e-03 2.56452383e-03 -3.79141304e-04 2.53492431e-03 -9.37031524e-04 2.77416519e-04 6.16299367e-05 -3.80881061e-03 3.18013277e-04 5.64925896e-04 -6.60015095e-04 1.13840925e-03 -5.82317531e-04 -3.31095129e-04 -1.15019886e-03 -1.03897741e-03
-5.33253234e-03 2.74615884e-02 -5.52464090e-03 4.17767279e-02 -1.56115014e-02 4.53146780e-03 1.00303907e-03 -6.30646944e-02 5.25110215e-03 9.35918279e-03 -1.09330155e-02 1.88415311e-02 -9.64075513e-03 -5.48215304e-03 -1.90426838e-02 -1.72018707e-02
-3.69005604e-03 -1.36567615e-02 3.24088428e-03 -1.36624258e-02 5.06451214e-03 -1.50415103e-03 -3.44633183e-04 2.05050875e-02 -1.72321009e-03 -3.04103992e-03 3.55239375e-03 -6.12256350e-03 3.13267927e-03 1.78139447e-03 6.18770346e-03 5.58958668e-03
3.03011015e-02 7.09212795e-02 -1.94133054e-02 6.60030618e-02 -2.41855606e-02 7.53952703e-03 1.85447803e-03 -9.90616977e-02 8.35232064e-03 1.46544920e-02 -1.71295628e-02 2.95766145e-02 -1.51192490e-02 -8.59617162e-03 -2.98638660e-02 -2.69759092e-02
-4.33062576e-03 2.02401332e-03 1.48730425e-04 -3.36109544e-03 1.33908086e-03 -3.54047923e-04 -7.15463175e-05 5.25597949e-03 -4.31938010e-04 -7.83898984e-04 9.15478449e-04 -1.57606241e-03 8.06751079e-04 4.58821189e-04 1.59354706e-03 1.43956509e-03
-1.89009355e-03 -1.82029735e-02 3.34374234e-03 -2.05101613e-02 7.47439312e-03 -2.27592303e-03 -5.38521621e-04 3.07352487e-02 -2.61949073e-03 -4.53701569e-03 5.30149369e-03 -9.16473567e-03 4.68421588e-03 2.66176322e-03 9.25271306e-03 8.35615862e-03
-2.06817873e-03 -2.23275833e-03 9.28576686e-04 2.87786650e-04 -2.04035867e-04 -6.13070370e-06 -2.58470427e-05 -5.32382342e-04 2.57843822e-05 8.77237908e-05 -1.01776925e-04 1.67996666e-04 -8.72577075e-05 -4.99333255e-05 -1.72447209e-04 -1.56082970e-04
-1.00129638e-02 -4.16181311e-02 9.63279977e-03 -6.65667653e-02 2.48533338e-02 -7.33414758e-03 -1.56755594e-03 1.00542739e-01 -8.30616243e-03 -1.49231954e-02 1.74338128e-02 -3.00475303e-02 1.53747769e-02 8.74309056e-03 3.03687789e-02 2.74334680e-02
7.33423047e-04 1.04808500e-02 -2.66446616e-03 1.20696621e-02 -4.41613700e-03 1.34845416e-03 3.19346756e-04 -1.81219317e-02 1.51440420e-03 2.67877849e-03 -3.12954281e-03 5.40024135e-03 -2.76197121e-03 -1.57035282e-03 -5.45541896e-03 -4.92784474e-03
-2.00784858e-03 -4.95507475e-03 1.63315400e-03 -8.03770777e-03 2.95677665e-03 -8.92319658e-04 -2.09921403e-04 1.20758666e-02 -1.00900978e-03 -1.78839685e-03 2.08907248e-03 -3.60579952e-03 1.84397562e-03 1.04828400e-03 3.64227383e-03 3.28988070e-03
-6.36179186e-03 3.38790677e-02 -5.81746083e-03 2.82613318e-02 -1.02224024e-02 3.16409580e-03 7.91446539e-04 -4.21277508e-02 3.56824649e-03 6.21598354e-03 -7.26465881e-03 1.25619685e-02 -6.41979231e-03 -3.64823896e-03 -1.26807643e-02 -1.14524113e-02
-4.25126255e-02 4.39156741e-02 -5.78607339e-03 8.83059353e-02 -3.34945433e-02 9.36123729e-03 2.00087018e-03 -1.33613989e-01 1.10158520e-02 1.98622532e-02 -2.32001040e-02 3.99589762e-02 -2.04508826e-02 -1.16303004e-02 -4.03954051e-02 -3.64915095e-02
8.51653982e-03 -6.01295335e-03 8.33443599e-04 -1.56925805e-02 6.00999268e-03 -1.65195053e-03 -3.48747126e-04 2.38376651e-02 -1.96201517e-03 -3.54553899e-03 4.14122175e-03 -7.13157933e-03 3.65008204e-03 2.07581767e-03 7.20982207e-03 6.51308009e-03
-3.41274403e-03 -1.20691853e-02 4.27129492e-03 -2.22208090e-02 8.23004823e-03 -2.44269613e-03 -5.69653930e-04 3.35564502e-02 -2.79581547e-03 -4.96644666e-03 5.80232544e-03 -1.00093344e-02 5.11953188e-03 2.91067967e-03 1.01120220e-02 9.13402252e-03
-9.06548742e-03 2.38770209e-02 -4.16797493e-03 3.29309218e-02 -1.21459300e-02 3.60588240e-03 7.98637222e-04 -4.92122769e-02 4.11609793e-03 7.29536638e-03 -8.52118246e-03 1.47063956e-02 -7.52224587e-03 -4.27665235e-03 -1.48582300e-02 -1.34208696e-02
2.33725328e-02 5.58732776e-03 1.51227508e-03 -6.72144163e-03 2.62655970e-03 -7.46404170e-04 -1.64511075e-04 1.04560554e-02 -8.66047398e-04 -1.55310682e-03 1.81368389e-03 -3.12643312e-03 1.59971230e-03 9.09664435e-04 3.15978262e-03 2.85433023e-03
-1.36323180e-02 -2.41611875e-03 2.62335618e-03 -1.40837226e-02 5.30180335e-03 -1.52359297e-03 -3.36422876e-04 2.13349443e-02 -1.76627142e-03 -3.16815753e-03 3.69992154e-03 -6.37750281e-03 3.26290145e-03 1.85547501e-03 6.44495152e-03 5.82199963e-03
2.10678508e-03 -7.67642818e-03 2.70539243e-03 -9.27239656e-03 3.31392419e-03 -1.05400116e-03 -2.47617689e-04 1.38275344e-02 -1.17923599e-03 -2.03771633e-03 2.38181930e-03 -4.12092265e-03 2.10563163e-03 1.19660841e-03 4.15908499e-03 3.75621323e-03
6.83943275e-03 -2.62089185e-02 4.40801401e-03 -3.63763496e-02 1.36550665e-02 -3.92049970e-03 -8.63299880e-04 5.49405403e-02 -4.56180423e-03 -8.14959500e-03 9.52210091e-03 -1.64076071e-02 8.39598197e-03 4.77418071e-03 1.65843368e-02 1.49809122e-02
1.98898260e-02 -3.15054543e-02 5.80630405e-03 -7.10836574e-02 2.69712601e-02 -7.57858017e-03 -1.62155647e-03 1.07719362e-01 -8.88671167e-03 -1.60097405e-02 1.87004134e-02 -3.22120935e-02 1.64854676e-02 9.37509723e-03 3.25627513e-02 2.94157341e-02
-3.14750010e-03 2.56967228e-02 -5.57666831e-03 4.88817059e-02 -1.83123332e-02 5.25959348e-03 1.14335713e-03 -7.37046227e-02 6.10197335e-03 1.09426118e-02 -1.27832349e-02 2.20247116e-02 -1.12705743e-02 -6.40914030e-03 -2.22619381e-02 -2.01101582e-02
1.45418756e-03 -4.87711206e-02 1.15654459e-02 -6.78521395e-02 2.52732746e-02 -7.31016649e-03 -1.70423847e-03 1.02507636e-01 -8.51980411e-03 -1.52069796e-02 1.77558586e-02 -3.06135658e-02 1.56642944e-02 8.90763663e-03 3.09404396e-02 2.79498417e-02
7.31575768e-03 3.23976204e-02 -8.49846005e-03 3.07195783e-02 -1.08077973e-02 3.75585631e-03 1.15389691e-03 -4.64397706e-02 4.00571618e-03 6.81195641e-03 -7.94159528e-03 1.37524549e-02 -7.03377090e-03 -3.99871310e-03 -1.38923861e-02 -1.25487521e-02
-3.77010088e-03 -1.71042010e-02 3.98802478e-03 -1.81520339e-02 6.58022286e-03 -2.10482697e-03 -5.07215387e-04 2.72355080e-02 -2.31336243e-03 -4.01469879e-03 4.69383737e-03 -8.12081806e-03 4.14966419e-03 2.35793879e-03 8.19642283e-03 7.40221003e-03
-7.76982028e-03 7.17188790e-03 -1.26432802e-03 5.44880843e-03 -1.97893428e-03 6.10910589e-04 1.40754521e-04 -8.15698132e-03 6.82066078e-04 1.20151066e-03 -1.40372349e-03 2.42199772e-03 -1.23886706e-03 -7.04381964e-04 -2.44697160e-03 -2.21034512e-03
-5.61455265e-03 7.34190494e-02 -2.17043124e-02 1.24285541e-01 -4.62774187e-02 1.37033919e-02 3.17045650e-03 -1.87411666e-01 1.55209918e-02 2.77228039e-02 -3.24080288e-02 5.58538735e-02 -2.85797752e-02 -1.62507128e-02 -5.64509369e-02 -5.09934165e-02
3.13378754e-03 -2.19624955e-03 6.37136982e-04 -5.16894925e-03 1.94984418e-03 -5.54001075e-04 -1.19894634e-04 7.82753527e-03 -6.46899571e-04 -1.16300094e-03 1.35847216e-03 -2.34036986e-03 1.19769329e-03 6.81102334e-04 2.36572418e-03 2.13707890e-03
4.05095378e-03 -6.75594201e-03 1.09364802e-03 -1.72079392e-02 6.55707298e-03 -1.82489562e-03 -3.85865656e-04 2.61132047e-02 -2.15021172e-03 -3.88244470e-03 4.53472883e-03 -7.81028159e-03 3.99729842e-03 2.27325270e-03 7.89564289e-03 7.13260192e-03
1.87428319e-03 -6.69612456e-03 1.26322289e-03 -9.56193730e-03 3.53242876e-03 -1.04403798e-03 -2.33044266e-04 1.43529298e-02 -1.19633484e-03 -2.12726393e-03 2.48507643e-03 -4.28633392e-03 2.19266512e-03 1.24669273e-03 4.33096569e-03 3.91214993e-03
-3.42320651e-04 1.73747223e-02 -3.81233403e-03 3.37395705e-02 -1.26414830e-02 3.62506369e-03 8.08213023e-04 -5.09795360e-02 4.22404287e-03 7.56714260e-03 -8.84031598e-03 1.52327511e-02 -7.79462978e-03 -4.43246076e-03 -1.53962709e-02 -1.39080118e-02
6.89603481e-03 1.50650311e-02 -3.31068458e-03 1.75736155e-02 -6.37421571e-03 2.00810400e-03 4.53140383e-04 -2.62782630e-02 2.19198852e-03 3.88836395e-03 -4.54321317e-03 7.83950370e-03 -4.01001098e-03 -2.28002458e-03 -7.92058371e-03 -7.15470361e-03
2.01579183e-04 -1.30425291e-02 3.82652949e-03 -2.49105189e-02 9.33221541e-03 -2.68286001e-03 -5.84369409e-04 3.76020037e-02 -3.11407540e-03 -5.58225531e-03 6.52096886e-03 -1.12354048e-02 5.74964844e-03 3.26965796e-03 1.13568585e-02 1.02591952e-02
6.02882355e-03 -3.66172418e-02 6.57521002e-03 -4.90359925e-02 1.82918143e-02 -5.32656442e-03 -1.17382722e-03 7.39472061e-02 -6.18996518e-03 -1.09567419e-02 1.28013929e-02 -2.20722929e-02 1.12906257e-02 6.41866121e-03 2.23018080e-02 2.01448109e-02
1.49599463e-03 1.65606812e-02 -3.73977190e-03 1.44669889e-02 -5.15382644e-03 1.73261948e-03 4.19453048e-04 -2.16680244e-02 1.84972177e-03 3.18464567e-03 -3.72190471e-03 6.43590512e-03 -3.29031236e-03 -1.87012937e-03 -6.49915868e-03 -5.86991478e-03
-4.99107875e-03 7.85976946e-02 -1.44069158e-02 1.05596535e-01 -3.92157398e-02 1.16737811e-02 2.64752680e-03 -1.59186646e-01 1.32614858e-02 2.35699974e-02 -2.75637675e-02 4.75341305e-02 -2.43185926e-02 -1.38269914e-02 -4.80367020e-02 -4.33899388e-02
5.46513172e-03 2.33194865e-02 -5.00976481e-03 3.30821984e-02 -1.21489232e-02 3.70465918e-03 8.19961308e-04 -4.96558286e-02 4.13536932e-03 7.34993303e-03 -8.59283935e-03 1.48193901e-02 -7.58074364e-03 -4.31024469e-03 -1.49737541e-02 -1.35257114e-02
-9.33146570e-03 -1.12046273e-02 3.18540633e-03 -1.27069382e-02 4.49748337e-03 -1.50509248e-03 -3.29504226e-04 1.86663326e-02 -1.57090661e-03 -2.76050484e-03 3.22813867e-03 -5.57198469e-03 2.84962403e-03 1.62010617e-03 5.62857417e-03 5.08416817e-03
-5.92757873e-02 8.31109062e-02 -1.56788211e-02 2.05916345e-01 -7.82171413e-02 2.19062362e-02 4.67149774e-03 -3.12089443e-01 2.57394277e-02 4.63929772e-02 -5.41892238e-02 9.33380127e-02 -4.77692336e-02 -2.71659438e-02 -9.43557322e-02 -8.52369517e-02
-1.18975881e-02 6.91233622e-03 -5.18348999e-04 2.74031386e-02 -1.04999654e-02 2.87698326e-03 5.85404632e-04 -4.15751413e-02 3.41397221e-03 6.18683081e-03 -7.22601311e-03 1.24431048e-02 -6.36868458e-03 -3.62194399e-03 -1.25797410e-02 -1.13641284e-02
5.97224571e-04 1.48022845e-02 -3.43276840e-03 1.94047689e-02 -7.11052958e-03 2.18038773e-03 4.92826919e-04 -2.90654115e-02 2.45484547e-03 4.30200482e-03 -5.02625108e-03 8.68225470e-03 -4.43932274e-03 -2.52346788e-03 -8.76873825e-03 -7.91995693e-03
9.49964859e-04 -1.39920991e-02 3.63594573e-03 -1.64161064e-02 5.98541182e-03 -1.89120776e-03 -4.51565778e-04 2.45893840e-02 -2.09885300e-03 -3.62513820e-03 4.23354981e-03 -7.32482318e-03 3.74362245e-03 2.12754100e-03 7.39434920e-03 6.67823059e-03
4.79078479e-03 -6.13581482e-03 3.76538199e-04 -1.50258057e-02 5.75458072e-03 -1.58067956e-03 -3.32386262e-04 2.28052009e-02 -1.87537621e-03 -3.39289708e-03 3.96296894e-03 -6.82351692e-03 3.49257630e-03 1.98627519e-03 6.89872587e-03 6.23207586e-03
-2.61022281e-02 4.25837710e-02 -8.66165664e-03 7.92004988e-02 -2.95298882e-02 8.59095063e-03 1.91340037e-03 -1.19382612e-01 9.91501845e-03 1.77039485e-02 -2.06830055e-02 3.56562324e-02 -1.82425026e-02 -1.03731211e-02 -3.60334069e-02 -3.25496942e-02
-1.55925676e-02 -2.22936608e-02 7.10783713e-03 -3.88373099e-02 1.43941110e-02 -4.36921697e-03 -9.63854720e-04 5.86384013e-02 -4.90255607e-03 -8.66985973e-03 1.01247700e-02 -1.74840763e-02 8.94145574e-03 5.08342497e-03 1.76616162e-02 1.59530286e-02
-1.46028248e-03 -6.10138848e-03 1.49926753e-03 -7.11172167e-03 2.56701419e-03 -7.93001323e-04 -1.87290134e-04 1.05783669e-02 -8.93603778e-04 -1.56163413e-03 1.82498444e-03 -3.15462891e-03 1.61244534e-03 9.16472811e-04 3.18486756e-03 2.87655485e-03
-1.78898755e-03 -2.55553448e-03 3.67679080e-04 1.40235643e-03 -6.17630314e-04 1.37591007e-04 1.69700688e-05 -2.23177089e-03 1.73134467e-04 3.36654746e-04 -3.92872549e-04 6.72242604e-04 -3.44841334e-04 -1.96294088e-04 -6.81186502e-04 -6.15544501e-04
-6.01204112e-04 1.10258209e-02 -1.26839965e-03 1.46156624e-02 -5.51141426e-03 1.56636827e-03 3.40736966e-04 -2.21072156e-02 1.82815129e-03 3.28402896e-03 -3.83562571e-03 6.60843868e-03 -3.38191423e-03 -1.92323083e-03 -6.68007275e-03 -6.03445945e-03
-5.75390179e-03 -2.44958885e-02 1.05650118e-02 -2.57740300e-02 9.27131996e-03 -3.04160826e-03 -7.42783421e-04 3.87245528e-02 -3.25058005e-03 -5.72153740e-03 6.68422226e-03 -1.15460576e-02 5.90332225e-03 3.35632823e-03 1.16599295e-02 1.05324071e-02
1.41330576e-03 -5.73037658e-03 1.55471335e-03 -9.27095860e-03 3.44812265e-03 -1.01514254e-03 -2.27740878e-04 1.39767639e-02 -1.16348593e-03 -2.07270007e-03 2.42141099e-03 -4.17501852e-03 2.13601254e-03 1.21457421e-03 4.21908172e-03 3.81118222e-03
9.97253228e-03 -2.50364393e-02 7.96719082e-03 -4.79334407e-02 1.78778656e-02 -5.36559476e-03 -1.22547662e-03 7.25638047e-02 -6.08444354e-03 -1.07445270e-02 1.25442920e-02 -2.16659885e-02 1.10805091e-02 6.29956555e-03 2.18853038e-02 1.97689794e-02
4.21094801e-03 -2.21348414e-03 -1.36108801e-03 -2.05103979e-02 8.02605599e-03 -2.03487976e-03 -3.88462970e-04 3.12364548e-02 -2.51778075e-03 -4.66915593e-03 5.45293977e-03 -9.36326571e-03 4.79784748e-03 2.73003080e-03 9.47717763e-03 8.56283959e-03
5.97440265e-03 -1.37321241e-02 1.26165943e-03 -9.35202371e-03 3.43858125e-03 -1.01143890e-03 -2.34199440e-04 1.39696039e-02 -1.15834002e-03 -2.07035081e-03 2.41839141e-03 -4.16918565e-03 2.13320600e-03 1.21303310e-03 4.21352871e-03 3.80623480e-03
-9.79654491e-04 -9.99755226e-03 1.21630332e-03 -9.13909636e-03 3.34989023e-03 -1.00909686e-03 -2.26536446e-04 1.36483759e-02 -1.13877247e-03 -2.02229666e-03 2.36262917e-03 -4.07616189e-03 2.08502216e-03 1.18546968e-03 4.11833357e-03 3.72006558e-03
-1.85559317e-02 1.85911357e-02 -2.30664993e-03 3.49264331e-02 -1.32473251e-02 3.71475937e-03 7.95077649e-04 -5.28186709e-02 4.35760478e-03 7.85032474e-03 -9.16968565e-03 1.57949887e-02 -8.08356423e-03 -4.59702546e-03 -1.59669779e-02 -1.44238472e-02
1.91817060e-03 -2.23429445e-02 4.63670585e-03 -3.65607291e-02 1.37363141e-02 -3.92477121e-03 -8.61393637e-04 5.51967956e-02 -4.56047570e-03 -8.19769409e-03 9.57576279e-03 -1.64981037e-02 8.44298117e-03 4.80134320e-03 1.66768543e-02 1.50650498e-02
-2.80757304e-02 -3.87873836e-02 1.01885963e-02 -5.27233295e-02 1.94405671e-02 -5.94120892e-03 -1.33369747e-03 7.88919777e-02 -6.59842184e-03 -1.16836866e-02 1.36404410e-02 -2.35732906e-02 1.20508708e-02 6.85033808e-03 2.38017663e-02 2.14989278e-02
7.32658152e-03 -6.79998007e-03 4.99367423e-04 -1.38059016e-02 5.27024921e-03 -1.44903664e-03 -3.04643618e-04 2.08687671e-02 -1.71518652e-03 -3.10465950e-03 3.62618943e-03 -6.24303333e-03 3.19561339e-03 1.81743689e-03 6.31213607e-03 5.70222782e-03
-5.00819646e-03 2.06107944e-02 -3.55212670e-03 2.47114785e-02 -9.11950227e-03 2.72799609e-03 6.38557947e-04 -3.71740647e-02 3.12026311e-03 5.50108962e-03 -6.42647175e-03 1.11038228e-02 -5.67649724e-03 -3.22659733e-03 -1.12124123e-02 -1.01270983e-02
3.83537263e-05 2.62734722e-02 -4.53724060e-03 1.83786023e-02 -6.63681142e-03 2.08615977e-03 4.88666934e-04 -2.74013840e-02 2.33133999e-03 4.04873630e-03 -4.73189214e-03 8.17960128e-03 -4.18049609e-03 -2.37596594e-03 -8.25715344e-03 -7.45747937e-03
6.39765058e-05 -6.73269527e-03 1.07201841e-03 -1.81351870e-03 5.59713342e-04 -2.13614432e-04 -5.48187891e-05 2.57713534e-03 -2.25948796e-04 -3.78647121e-04 4.43030847e-04 -7.67638325e-04 3.92067188e-04 2.22797826e-04 7.74351764e-04 6.99362718e-04
-3.24505940e-02 1.24335371e-01 -1.93197317e-02 1.46736965e-01 -5.46569787e-02 1.59510858e-02 3.61589715e-03 -2.20975339e-01 1.83568392e-02 3.27746309e-02 -3.82869691e-02 6.60082549e-02 -3.37733217e-02 -1.92045160e-02 -6.67100027e-02 -6.02609292e-02
-4.50422103e-03 1.09492745e-02 -1.40366342e-03 2.26138178e-02 -8.60308949e-03 2.39585293e-03 5.04929223e-04 -3.42558771e-02 2.82334350e-03 5.09387208e-03 -5.94995590e-03 1.02474876e-02 -5.24467323e-03 -2.98262970e-03 -1.03595108e-02 -9.35835857e-03
-4.77579841e-03 -3.10760853e-03 1.14766101e-03 -1.30158402e-02 4.94968286e-03 -1.38436432e-03 -2.95490318e-04 1.97467711e-02 -1.62760192e-03 -2.93538673e-03 3.42869898e-03 -5.90550760e-03 3.02241533e-03 1.71883206e-03 5.97000262e-03 5.39305201e-03
-5.36271464e-03 1.53348781e-02 -3.27879656e-03 2.02971939e-02 -7.44494470e-03 2.26153270e-03 5.05391567e-04 -3.04877535e-02 2.57706712e-03 4.50924691e-03 -5.27000846e-03 9.10307094e-03 -4.65285033e-03 -2.64445716e-03 -9.19071399e-03 -8.30062199e-03
-9.30251554e-06 -2.38474738e-02 4.80601564e-03 -3.34653035e-02 1.24197891e-02 -3.65653588e-03 -7.96064676e-04 5.02077378e-02 -4.16769972e-03 -7.44624203e-03 8.69840663e-03 -1.50000239e-02 7.67410314e-03 4.36351914e-03 1.51580554e-02 1.36924749e-02
5.47034526e-03 2.30263360e-02 -7.45578622e-03 2.11683400e-02 -7.61472620e-03 2.37977924e-03 5.58138883e-04 -3.18607800e-02 2.65754107e-03 4.71372576e-03 -5.50626591e-03 9.49748326e-03 -4.85885702e-03 -2.76279799e-03 -9.59711615e-03 -8.66931677e-03
2.48897751e-03 -1.56316087e-02 3.36460327e-03 -2.22028922e-02 8.26770999e-03 -2.42933445e-03 -5.38991124e-04 3.34381983e-02 -2.78952089e-03 -4.95770387e-03 5.79208229e-03 -9.98871122e-03 5.10983169e-03 2.90537928e-03 1.00929784e-02 9.11704265e-03
-1.23583339e-03 -1.34378020e-03 -1.45644968e-04 6.81062927e-03 -2.66816467e-03 7.16332928e-04 1.50004504e-04 -1.05022248e-02 8.59511783e-04 1.56308664e-03 -1.82553520e-03 3.14233894e-03 -1.60858314e-03 -9.14863893e-04 -3.17737344e-03 -2.87037063e-03
-5.98793197e-03 5.42386901e-04 3.54988850e-04 4.17402713e-03 -1.68671203e-03 4.09064145e-04 6.47465640e-05 -6.39940472e-03 5.15093619e-04 9.60860576e-04 -1.12152146e-03 1.92582235e-03 -9.86660481e-04 -5.61372202e-04 -1.94895407e-03 -1.76086614e-03
1.14922621e-03 -1.46205863e-02 3.60593200e-03 -1.99438892e-02 7.37693999e-03 -2.20708526e-03 -5.08893863e-04 3.00201643e-02 -2.50182976e-03 -4.44909139e-03 5.19825565e-03 -8.96099396e-03 4.58481163e-03 2.60705478e-03 9.05598421e-03 8.18050094e-03
1.58934034e-02 6.74567185e-04 -2.64109322e-03 -1.49772922e-02 6.01982092e-03 -1.45441166e-03 -3.01835389e-04 2.31867060e-02 -1.86753541e-03 -3.45627032e-03 4.03495925e-03 -6.93902699e-03 3.55359213e-03 2.02135555e-03 7.01947650e-03 6.34149136e-03
3.11952410e-03 -1.96116976e-02 4.25581820e-03 -3.63240540e-02 1.36610195e-02 -3.89642385e-03 -8.47877352e-04 5.49128205e-02 -4.53956658e-03 -8.15540086e-03 9.52683762e-03 -1.64138358e-02 8.39963462e-03 4.77663055e-03 1.65912174e-02 1.49876364e-02
1.95541140e-03 4.51643532e-03 -2.60134903e-03 7.91863911e-03 -2.84394948e-03 9.05589666e-04 2.41911708e-04 -1.18425041e-02 9.94914328e-04 1.74880994e-03 -2.04355875e-03 3.52931651e-03 -1.80464610e-03 -1.02598895e-03 -3.56435729e-03 -3.21962847e-03
3.06598865e-03 8.80566426e-03 -1.73994270e-03 1.06636323e-02 -3.95880546e-03 1.17004116e-03 2.56990083e-04 -1.60377715e-02 1.33280468e-03 2.37966562e-03 -2.77970592e-03 4.79267724e-03 -2.45218375e-03 -1.39439129e-03 -4.84357076e-03 -4.37534554e-03
-6.82334090e-03 3.55654806e-02 -5.28189726e-03 3.27060930e-02 -1.20965764e-02 3.54983751e-03 7.89491925e-04 -4.90992516e-02 4.06572130e-03 7.28365127e-03 -8.50606058e-03 1.46665806e-02 -7.50445155e-03 -4.26728232e-03 -1.48229981e-02 -1.33900028e-02
1.99126499e-03 1.41825061e-02 -3.11799790e-03 3.13280150e-02 -1.17957555e-02 3.36312386e-03 7.28138839e-04 -4.73570824e-02 3.91539978e-03 7.03419885e-03 -8.21681973e-03 1.41556384e-02 -7.24416133e-03 -4.11958341e-03 -1.43089481e-02 -1.29259741e-02
-9.64722503e-03 6.03073789e-03 6.21480285e-04 -8.59307684e-03 3.33533087e-03 -8.98825761e-04 -1.86215853e-04 1.31773837e-02 -1.07795268e-03 -1.96173298e-03 2.29179114e-03 -3.94283095e-03 2.01859442e-03 1.14812271e-03 3.98726948e-03 3.60208424e-03
2.97204475e-03 -1.17875030e-02 1.89850712e-03 -1.13403359e-02 4.20909422e-03 -1.23866950e-03 -2.71887227e-04 1.70672517e-02 -1.41996017e-03 -2.53246678e-03 2.95810541e-03 -5.10024419e-03 2.60941172e-03 1.48379523e-03 5.15416730e-03 4.65590553e-03
-1.91396736e-02 3.85983884e-02 -7.00026006e-03 5.64526506e-02 -2.11380906e-02 6.14825077e-03 1.33247569e-03 -8.51525143e-02 7.06064096e-03 1.26445843e-02 -1.47701167e-02 2.54544858e-02 -1.30249057e-02 -7.40661426e-03 -2.57272758e-02 -2.32403260e-02
-2.45108968e-03 1.27512729e-02 -2.70651653e-03 2.27907673e-02 -8.57965462e-03 2.45626387e-03 5.37380052e-04 -3.44527140e-02 2.85654515e-03 5.11557283e-03 -5.97505830e-03 1.02986433e-02 -5.26948366e-03 -2.99645681e-03 -1.04084043e-02 -9.40225646e-03
9.57802497e-03 -4.43482362e-02 9.92096029e-03 -7.23078027e-02 2.71875113e-02 -7.77296163e-03 -1.70780160e-03 1.09348513e-01 -9.05356370e-03 -1.62378289e-02 1.89671218e-02 -3.26757245e-02 1.67216770e-02 9.50923655e-03 3.30291726e-02 2.98369341e-02
3.75079131e-03 -2.48950459e-02 4.89527686e-03 -3.89340483e-02 1.46451322e-02 -4.19982430e-03 -9.29139031e-04 5.88901006e-02 -4.87521198e-03 -8.74238368e-03 1.02118710e-02 -1.76008027e-02 9.00565647e-03 5.12122596e-03 1.77882425e-02 1.60689317e-02
-3.52731301e-03 8.36021174e-03 -1.88646198e-03 1.34212179e-02 -4.99267317e-03 1.46208669e-03 3.30563635e-04 -2.02196538e-02 1.68432412e-03 2.99723027e-03 -3.50131886e-03 6.03972562e-03 -3.08949081e-03 -1.75657496e-03 -6.10241154e-03 -5.51225245e-03
3.53954406e-03 -2.62736026e-02 4.04861616e-03 -4.28812169e-02 1.60217360e-02 -4.61753318e-03 -9.94009548e-04 6.43150061e-02 -5.32829203e-03 -9.54743382e-03 1.11540211e-02 -1.92183815e-02 9.83461086e-03 5.59254084e-03 1.94258392e-02 1.75480004e-02
-1.23810396e-03 3.71777639e-02 -7.46726757e-03 5.55030480e-02 -2.06740871e-02 5.91671094e-03 1.30696595e-03 -8.32826942e-02 6.90474501e-03 1.23690385e-02 -1.44470157e-02 2.49053240e-02 -1.27413115e-02 -7.24510103e-03 -2.51677781e-02 -2.27344520e-02
9.04753990e-03 -2.39171274e-03 5.43010596e-04 -1.08088423e-02 4.16315161e-03 -1.14159589e-03 -2.39194182e-04 1.64772756e-02 -1.34957500e-03 -2.45239353e-03 2.86432030e-03 -4.93031228e-03 2.52397638e-03 1.43553293e-03 4.98550292e-03 4.50385408e-03
2.54187710e-03 7.94938114e-03 -2.68200971e-03 1.46049028e-02 -5.33060217e-03 1.68135413e-03 4.04005143e-04 -2.21313033e-02 1.84889464e-03 3.25196818e-03 -3.80002824e-03 6.56979717e-03 -3.35821672e-03 -1.90866762e-03 -6.63306750e-03 -5.99087914e-03
6.69088447e-03 -1.13902232e-02 2.94944528e-03 -2.60272939e-02 9.83396638e-03 -2.79746624e-03 -6.05287612e-04 3.94047946e-02 -3.25763552e-03 -5.85410045e-03 6.83791470e-03 -1.17812306e-02 6.02899166e-03 3.42854112e-03 1.19086653e-02 1.07576866e-02
5.67090139e-03 3.63046825e-02 -9.95558687e-03 5.05798571e-02 -1.87568404e-02 5.50708221e-03 1.23567856e-03 -7.60516599e-02 6.35736948e-03 1.12697603e-02 -1.31621575e-02 2.27091294e-02 -1.16157830e-02 -6.60439162e-03 -2.29436141e-02 -2.07248665e-02
3.94448219e-03 -2.63104308e-02 6.40430860e-03 -3.31667177e-02 1.22514283e-02 -3.68226785e-03 -8.38173961e-04 4.98280153e-02 -4.19036392e-03 -7.37882080e-03 8.61818064e-03 -1.48831829e-02 7.60964630e-03 4.32579592e-03 1.50303813e-02 1.35760494e-02
2.65052775e-03 8.78529344e-03 -2.38018250e-03 9.68859531e-03 -3.55045195e-03 1.08019810e-03 2.55072198e-04 -1.45354196e-02 1.21582591e-03 2.14925874e-03 -2.51040375e-03 4.33265558e-03 -2.21607694e-03 -1.25998713e-03 -4.37715231e-03 -3.95388110e-03
6.62035961e-03 -1.45265339e-02 2.34942604e-03 -2.90383808e-02 1.09978523e-02 -3.10055004e-03 -6.65507454e-04 4.39742394e-02 -3.63111426e-03 -6.53478131e-03 7.63317896e-03 -1.31492577e-02 6.72940444e-03 3.82688968e-03 1.32921776e-02 1.20075122e-02
2.78953593e-02 -9.15184803e-03 8.28729942e-04 -3.60162593e-02 1.38244545e-02 -3.72645957e-03 -7.95264845e-04 5.47743551e-02 -4.50379495e-03 -8.14685132e-03 9.51557606e-03 -1.63822547e-02 8.38523544e-03 4.76877531e-03 1.65629722e-02 1.49624087e-02
7.81937223e-03 2.85852477e-02 -7.79390801e-03 3.96892540e-02 -1.45266317e-02 4.48757317e-03 9.70382884e-04 -5.95518500e-02 4.99379123e-03 8.81878007e-03 -1.03081455e-02 1.77843366e-02 -9.09669790e-03 -5.17180515e-03 -1.79682374e-02 -1.62301790e-02
-1.25742555e-02 4.17250767e-02 -9.13684443e-03 8.33798274e-02 -3.12630460e-02 8.88677686e-03 1.93183823e-03 -1.25486687e-01 1.03881657e-02 1.86351389e-02 -2.17685997e-02 3.75058241e-02 -1.91927738e-02 -1.09143788e-02 -3.79101969e-02 -3.42460684e-02
9.75622702e-03 6.28174795e-03 -3.07487004e-04 -5.63039118e-03 2.30493210e-03 -5.80501917e-04 -9.01003659e-05 8.82379338e-03 -7.00879085e-04 -1.31834659e-03 1.53971137e-03 -2.64783413e-03 1.35574210e-03 7.71181425e-04 2.67803995e-03 2.41938885e-03
-4.40464076e-03 3.32143307e-02 -8.20247643e-03 5.25935479e-02 -1.94644816e-02 5.62797161e-03 1.24781707e-03 -7.88560212e-02 6.53987052e-03 1.17093744e-02 -1.36768222e-02 2.35724989e-02 -1.20618176e-02 -6.85890811e-03 -2.38247029e-02 -2.15217415e-02
2.63477024e-03 8.50527734e-03 -1.82614615e-03 1.06831491e-02 -3.92287178e-03 1.18565420e-03 2.71369179e-04 -1.60392672e-02 1.32959604e-03 2.37231818e-03 -2.77289678e-03 4.78189811e-03 -2.44655064e-03 -1.39114039e-03 -4.83239442e-03 -4.36522299e-03
-3.94986151e-03 -9.58796404e-03 3.65491677e-03 -1.74696054e-02 6.49741665e-03 -1.93629274e-03 -4.40063537e-04 2.63456777e-02 -2.19352241e-03 -3.90485115e-03 4.56191506e-03 -7.86620472e-03 4.02437290e-03 2.28830730e-03 7.94895831e-03 7.18044862e-03
1.09814154e-03 2.16876660e-02 -5.34489192e-03 2.58743744e-02 -9.45500471e-03 2.83943862e-03 6.42080093e-04 -3.87474634e-02 3.25186411e-03 5.74189657e-03 -6.70875702e-03 1.15767196e-02 -5.92103181e-03 -3.36628989e-03 -1.16953282e-02 -1.05640497e-02
9.01479681e-04 5.30669000e-03 -8.09465884e-04 3.69011587e-03 -1.35386339e-03 4.15675982e-04 9.38263693e-05 -5.56311104e-03 4.61995864e-04 8.22362374e-04 -9.60577454e-04 1.65669760e-03 -8.47559713e-04 -4.81932424e-04 -1.67411380e-03 -1.51225948e-03
2.04471871e-04 -8.61125346e-03 1.55316445e-03 -1.17801521e-02 4.29841736e-03 -1.26878778e-03 -2.79717002e-04 1.73995197e-02 -1.44626619e-03 -2.58081662e-03 3.01622297e-03 -5.19812619e-03 2.65971967e-03 1.51241326e-03 5.25356550e-03 4.74569015e-03
4.22666315e-04 -1.67848393e-02 4.32789931e-03 -2.80936230e-02 1.04571413e-02 -3.08303628e-03 -7.11869216e-04 4.22832221e-02 -3.53067275e-03 -6.26978604e-03 7.32382061e-03 -1.26336822e-02 6.46283431e-03 3.67473089e-03 1.27655100e-02 1.15311807e-02
-3.43550183e-03 -2.59360373e-02 7.05421995e-03 -3.82001698e-02 1.41524673e-02 -4.20849770e-03 -9.38549754e-04 5.75098097e-02 -4.77076601e-03 -8.52825865e-03 9.96439531e-03 -1.71747748e-02 8.78762361e-03 4.99699032e-03 1.73574090e-02 1.56795382e-02
2.76801176e-03 4.19539437e-02 -1.12878829e-02 7.40340427e-02 -2.73589864e-02 8.27921368e-03 1.87383511e-03 -1.11811370e-01 9.30412486e-03 1.65559202e-02 -1.93401445e-02 3.33582945e-02 -1.70660298e-02 -9.70352162e-03 -3.37091461e-02 -3.04495338e-02
-1.26122707e-03 -3.62891331e-03 9.39339516e-04 -4.61108331e-03 1.66888698e-03 -5.15779480e-04 -1.20647397e-04 6.92549674e-03 -5.86753129e-04 -1.02215004e-03 1.19518186e-03 -2.06439709e-03 1.05527742e-03 5.99736290e-04 2.08429294e-03 1.88249350e-03
-2.97842943e-03 -2.21197004e-03 -1.73333698e-04 1.80297566e-03 -7.31147826e-04 1.90329039e-04 3.88356966e-05 -2.85604200e-03 2.33609389e-04 4.26301995e-04 -4.97910660e-04 8.56304308e-04 -4.38465941e-04 -2.49397417e-04 -8.66091286e-04 -7.82433373e-04
1.43201300e-03 2.45754607e-04 -2.24575211e-04 3.60975391e-03 -1.40600279e-03 3.83538194e-04 7.83543073e-05 -5.55337407e-03 4.53628250e-04 8.27141863e-04 -9.66178020e-04 1.66227797e-03 -8.51053104e-04 -4.84068791e-04 -1.68104586e-03 -1.51867175e-03
1.08580571e-03 2.04076874e-03 2.23679264e-04 4.52486239e-03 -1.75641582e-03 4.59378934e-04 9.23983316e-05 -6.87237037e-03 5.58401109e-04 1.02469174e-03 -1.19676476e-03 2.05772649e-03 -1.05373783e-03 -5.99391118e-04 -2.08142702e-03 -1.88040931e-03
-2.02478003e-03 -4.18182909e-02 1.07044019e-02 -6.22339770e-02 2.31388733e-02 -6.77570747e-03 -1.49815204e-03 9.36844349e-02 -7.78519409e-03 -1.38870152e-02 1.62235852e-02 -2.79687699e-02 1.43102091e-02 8.13714135e-03 2.82656867e-02 2.55331267e-02
-5.50380442e-03 8.78035091e-03 -1.26806507e-03 1.01303775e-02 -3.72022483e-03 1.10885757e-03 2.47329881e-04 -1.50821740e-02 1.25591888e-03 2.23541353e-03 -2.61194073e-03 4.50502289e-03 -2.30453419e-03 -1.31029845e-03 -4.55195177e-03 -4.11176868e-03
-4.09397390e-03 3.47819775e-02 -9.12051462e-03 3.81071642e-02 -1.38332210e-02 4.28239396e-03 9.89512191e-04 -5.68950251e-02 4.83948831e-03 8.39806534e-03 -9.81161371e-03 1.69735551e-02 -8.67383089e-03 -4.92948294e-03 -1.71328895e-02 -1.54735371e-02
4.78920015e-03 -2.54998151e-02 4.95784823e-03 -3.33524160e-02 1.24253863e-02 -3.66142625e-03 -8.02873576e-04 5.03999963e-02 -4.17599967e-03 -7.47453794e-03 8.73147603e-03 -1.50493896e-02 7.70057645e-03 4.37895767e-03 1.52103249e-02 1.37400907e-02
-1.04363430e-02 3.77982412e-03 1.57855707e-03 1.93336140e-03 -7.83201715e-04 1.90229286e-04 3.43898864e-05 -2.91261589e-03 2.35222557e-04 4.34671441e-04 -5.07698918e-04 8.73192213e-04 -4.47114755e-04 -2.54309009e-04 -8.83190427e-04 -7.97867426e-04
4.97664674e-04 -1.03578381e-02 1.55549997e-03 -9.12063196e-03 3.35454335e-03 -9.89538152e-04 -2.34077335e-04 1.36753833e-02 -1.14283711e-03 -2.02579633e-03 2.36639543e-03 -4.07998171e-03 2.08726223e-03 1.18685677e-03 4.12276061e-03 3.72419902e-03
-2.19946988e-02 2.25821286e-02 -4.93898988e-03 7.16173202e-02 -2.74222530e-02 7.57464627e-03 1.60231977e-03 -1.08922116e-01 8.96902662e-03 1.62038039e-02 -1.89246926e-02 3.25863957e-02 -1.66791975e-02 -9.48570669e-03 -3.29454578e-02 -2.97619216e-02
