8.63407552e-03 -1.72981471e-02 -6.65561762e-03 -1.45796956e-02 -4.57645394e-03 -5.92455268e-03 -6.80082338e-03 3.19305174e-02 -8.95451754e-03 8.44326802e-03 -1.17973778e-02 3.48715461e-03 -1.40756164e-02 -5.69215603e-03 1.43837696e-02 -1.29815191e-03
6.05033338e-03 -9.18697845e-03 -3.52187688e-03 -7.47601967e-03 -2.33245525e-03 -3.13955010e-03 -3.52144521e-03 1.66476350e-02 -4.65290667e-03 4.41105152e-03 -6.16257591e-03 1.82295265e-03 -7.36037828e-03 -2.97678867e-03 7.52169359e-03 -6.78934157e-04
6.53376384e-03 -1.16380546e-02 -4.50735167e-03 -9.81980655e-03 -3.01116239e-03 -3.98399960e-03 -4.53323871e-03 2.14203075e-02 -5.97450929e-03 5.65672247e-03 -7.90132303e-03 2.33619660e-03 -9.43095237e-03 -3.81384650e-03 9.63744055e-03 -8.69772630e-04
-1.21383443e-02 2.38416567e-02 9.18479823e-03 1.99610628e-02 6.21779216e-03 8.17649625e-03 9.29199718e-03 -4.38876376e-02 1.22199934e-02 -1.16001936e-02 1.62150133e-02 -4.79487283e-03 1.93595774e-02 7.82960095e-03 -1.97837297e-02 1.78573967e-03
-2.81515121e-02 4.33612280e-02 1.67125072e-02 3.51383388e-02 1.09347366e-02 1.47090713e-02 1.65405739e-02 -7.86164105e-02 2.19020955e-02 -2.08118204e-02 2.90693641e-02 -8.60348623e-03 3.47400457e-02 1.40504446e-02 -3.55021432e-02 3.20457853e-03
6.04930287e-03 -1.01246964e-02 -3.92029900e-03 -8.48223176e-03 -2.62973784e-03 -3.45101883e-03 -3.96031747e-03 1.86984949e-02 -5.21335052e-03 4.93747974e-03 -6.89742435e-03 2.03959574e-03 -8.23363848e-03 -3.32967192e-03 8.41391552e-03 -7.59354327e-04
2.19227932e-03 2.14634091e-03 9.59386816e-04 3.33784637e-03 1.27901998e-03 7.71013787e-04 1.35309901e-03 -6.04734197e-03 1.73132855e-03 -1.60883344e-03 2.19138269e-03 -6.36614976e-04 2.55873613e-03 1.03274919e-03 -2.61574215e-03 2.34995168e-04
-1.67257315e-03 3.40139540e-03 1.32061401e-03 3.01978248e-03 9.44787345e-04 1.16346637e-03 1.36800646e-03 -6.40399521e-03 1.79634092e-03 -1.69750885e-03 2.36448925e-03 -6.97732437e-04 2.81494414e-03 1.13800575e-03 -2.87655788e-03 2.59440567e-04
-5.82437124e-03 1.56637281e-02 6.16085716e-03 1.42474426e-02 4.34431853e-03 5.45207178e-03 6.44896179e-03 -3.02799251e-02 8.52936879e-03 -8.04409292e-03 1.12130437e-02 -3.30274156e-03 1.33244982e-02 5.38668549e-03 -1.36150625e-02 1.22809131e-03
1.05491583e-03 -3.51811736e-03 -1.35772943e-03 -3.14765330e-03 -1.08149624e-03 -1.20292592e-03 -1.49161147e-03 7.02039152e-03 -1.90211448e-03 1.79123343e-03 -2.49998132e-03 7.38305564e-04 -2.97892932e-03 -1.20440579e-03 3.04396055e-03 -2.74628663e-04
6.86188089e-03 -1.27019547e-02 -4.94922884e-03 -1.07486062e-02 -3.40218400e-03 -4.37884452e-03 -4.99416934e-03 2.36368272e-02 -6.56973571e-03 6.23620348e-03 -8.71137716e-03 2.57591414e-03 -1.03997402e-02 -4.20581643e-03 1.06274439e-02 -9.59213416e-04
1.10937515e-02 -2.25467663e-02 -8.71919934e-03 -1.88040491e-02 -5.87038556e-03 -7.80373393e-03 -8.78813397e-03 4.15213704e-02 -1.15814926e-02 1.09778903e-02 -1.53537672e-02 4.54194099e-03 -1.83366984e-02 -7.41581526e-03 1.87385958e-02 -1.69131579e-03
-4.50356631e-04 2.02675560e-03 7.86214368e-04 1.81059749e-03 5.97040635e-04 7.07360683e-04 8.33225553e-04 -3.90381343e-03 1.09365792e-03 -1.03291869e-03 1.44035288e-03 -4.25335718e-04 1.71616767e-03 6.93902373e-04 -1.75367179e-03 1.58227980e-04
-1.09828971e-02 2.17812024e-02 8.44154228e-03 1.84153710e-02 5.90473739e-03 7.49895256e-03 8.64348654e-03 -4.07488160e-02 1.13822473e-02 -1.07255792e-02 1.49895195e-02 -4.43318998e-03 1.78952515e-02 7.23674102e-03 -1.82872340e-02 1.65037042e-03
8.01912043e-03 -1.54261747e-02 -5.88456355e-03 -1.28799621e-02 -3.96055402e-03 -5.30366832e-03 -6.02523843e-03 2.84227785e-02 -7.94794690e-03 7.50519102e-03 -1.04999430e-02 3.10742040e-03 -1.25473356e-02 -5.07480185e-03 1.28223468e-02 -1.15750125e-03
-8.38387292e-03 1.49591183e-02 5.82207227e-03 1.21178115e-02 3.72121600e-03 5.20284008e-03 5.75886108e-03 -2.73257643e-02 7.62614515e-03 -7.24554947e-03 1.01394486e-02 -3.00163147e-03 1.21213729e-02 4.90275631e-03 -1.23873381e-02 1.11828384e-03
-1.41097531e-02 2.03011911e-02 7.83653464e-03 1.59497149e-02 4.88312775e-03 6.98407926e-03 7.63706351e-03 -3.63573320e-02 1.01513667e-02 -9.65022389e-03 1.35094160e-02 -3.99969053e-03 1.61527637e-02 6.53339829e-03 -1.65072456e-02 1.49022997e-03
5.73852658e-03 -1.38038415e-02 -5.37474127e-03 -1.21826641e-02 -3.95022845e-03 -4.73012589e-03 -5.60262334e-03 2.63392944e-02 -7.34864874e-03 6.90373499e-03 -9.62191354e-03 2.84006866e-03 -1.14590311e-02 -4.63258103e-03 1.17098186e-02 -1.05611328e-03
-1.60035752e-02 2.83693783e-02 1.09522175e-02 2.35175956e-02 7.32238125e-03 9.74676944e-03 1.10354163e-02 -5.20551763e-02 1.45062283e-02 -1.37562156e-02 1.92328542e-02 -5.68999164e-03 2.29747538e-02 9.29202326e-03 -2.34782286e-02 2.11935281e-03
1.83299072e-02 -3.50076631e-02 -1.35471104e-02 -2.83110142e-02 -8.82674381e-03 -1.20123653e-02 -1.33840200e-02 6.36133254e-02 -1.77325346e-02 1.68608688e-02 -2.35911105e-02 6.98252488e-03 -2.81970184e-02 -1.14048580e-02 2.88156662e-02 -2.60136067e-03
-5.67048602e-03 1.16106384e-02 4.48737852e-03 9.66151524e-03 3.02333175e-03 3.99106927e-03 4.54128860e-03 -2.14800797e-02 5.96650317e-03 -5.65769104e-03 7.91031029e-03 -2.33964808e-03 9.44583118e-03 3.82017111e-03 -9.65276640e-03 8.71286902e-04
-2.07763184e-02 3.75466533e-02 1.45188011e-02 3.13423350e-02 9.70614608e-03 1.29152145e-02 1.45880720e-02 -6.88787848e-02 1.91988703e-02 -1.82212777e-02 2.54869461e-02 -7.54073588e-03 3.04468051e-02 1.23139350e-02 -3.11142411e-02 2.80854222e-03
-1.59193818e-02 2.68915333e-02 1.04462411e-02 2.26191618e-02 7.07682176e-03 9.23381839e-03 1.06130783e-02 -4.99059632e-02 1.39046712e-02 -1.31728612e-02 1.83886215e-02 -5.43353334e-03 2.19293553e-02 8.86718743e-03 -2.24101860e-02 2.02185381e-03
-1.06046116e-02 1.79120544e-02 6.96825655e-03 1.46810282e-02 4.47024312e-03 6.18630741e-03 6.87546562e-03 -3.26691903e-02 9.11926851e-03 -8.66290554e-03 1.21169174e-02 -3.58519261e-03 1.44757805e-02 5.85480919e-03 -1.47935040e-02 1.33538176e-03
5.44370385e-03 -8.23559612e-03 -3.19289602e-03 -6.54429477e-03 -2.00125482e-03 -2.84395227e-03 -3.11863492e-03 1.48416525e-02 -4.14195331e-03 3.93706048e-03 -5.51111996e-03 1.63160055e-03 -6.58915890e-03 -2.66514393e-03 6.73375139e-03 -6.07902359e-04
7.74074160e-03 -1.40714040e-02 -5.40913269e-03 -1.16659217e-02 -3.66975088e-03 -4.84140590e-03 -5.46745770e-03 2.58772187e-02 -7.18943402e-03 6.82209525e-03 -9.54133086e-03 2.82362895e-03 -1.14012584e-02 -4.61120065e-03 1.16510633e-02 -1.05174829e-03
-1.89530924e-02 3.36711295e-02 1.30053638e-02 2.85739191e-02 9.00798663e-03 1.14576584e-02 1.32296663e-02 -6.23559989e-02 1.74453836e-02 -1.65112987e-02 2.30608024e-02 -6.80530211e-03 2.74658278e-02 1.11054135e-02 -2.80678459e-02 2.53221113e-03
-3.90754547e-03 1.42542394e-02 5.77134732e-03 1.45220216e-02 4.63863695e-03 4.86774696e-03 6.30017603e-03 -2.93683223e-02 8.25771596e-03 -7.78050721e-03 1.08116949e-02 -3.17791128e-03 1.28162028e-02 5.18028066e-03 -1.30950212e-02 1.18095148e-03
9.78960562e-03 -1.83047205e-02 -7.10270181e-03 -1.53957726e-02 -4.76781465e-03 -6.34663412e-03 -7.19347503e-03 3.39615718e-02 -9.46325622e-03 8.96584801e-03 -1.25548542e-02 3.71212862e-03 -1.49816526e-02 -6.05882239e-03 1.53096393e-02 -1.38184591e-03
6.98921271e-03 -1.31772282e-02 -5.08209225e-03 -1.12335980e-02 -3.53953918e-03 -4.51830402e-03 -5.17872581e-03 2.45276950e-02 -6.83781505e-03 6.47287816e-03 -9.03213117e-03 2.66813231e-03 -1.07677998e-02 -4.35394654e-03 1.10037317e-02 -9.92789166e-04
1.23828687e-02 -2.22126413e-02 -8.65674857e-03 -1.86566226e-02 -5.83400205e-03 -7.68133765e-03 -8.77212081e-03 4.16141376e-02 -1.15644922e-02 1.09335305e-02 -1.52499741e-02 4.51059965e-03 -1.82097144e-02 -7.36374455e-03 1.86109673e-02 -1.67906086e-03
2.94209961e-02 -5.05614243e-02 -1.94953047e-02 -4.08509374e-02 -1.26110669e-02 -1.73736382e-02 -1.93941146e-02 9.21960771e-02 -2.56732143e-02 2.43935287e-02 -3.41374204e-02 1.01023968e-02 -4.07947041e-02 -1.65000595e-02 4.16892096e-02 -3.76353692e-03
-4.17806692e-02 7.20111206e-02 2.78431010e-02 6.03475571e-02 1.85354501e-02 2.47097891e-02 2.77518276e-02 -1.31726235e-01 3.66820507e-02 -3.47946882e-02 4.86620963e-02 -1.44036766e-02 5.81617169e-02 2.35235486e-02 -5.94365634e-02 5.36538707e-03
2.70616896e-02 -4.93345149e-02 -1.90789066e-02 -4.03324552e-02 -1.26797287e-02 -1.71710458e-02 -1.91569757e-02 9.05191451e-02 -2.52301842e-02 2.39354689e-02 -3.35119851e-02 9.91410576e-03 -4.00346071e-02 -1.61926448e-02 4.09126841e-02 -3.69340600e-03
-7.87647627e-03 1.72557123e-02 6.75141066e-03 1.41410092e-02 4.50610369e-03 5.97918266e-03 6.78158971e-03 -3.18996049e-02 8.88033025e-03 -8.42269696e-03 1.17907040e-02 -3.48813087e-03 1.40863899e-02 5.69751300e-03 -1.43953795e-02 1.29956298e-03
7.46414671e-03 -1.39986929e-02 -5.44199580e-03 -1.17690712e-02 -3.71927838e-03 -4.77920752e-03 -5.51478518e-03 2.59913411e-02 -7.24280579e-03 6.86895289e-03 -9.58751142e-03 2.83434126e-03 -1.14418659e-02 -4.62699495e-03 1.16922939e-02 -1.05521258e-03
-5.75133041e-03 7.51933316e-03 2.88258726e-03 5.81319258e-03 1.77896116e-03 2.56817811e-03 2.79656262e-03 -1.33025702e-02 3.71966022e-03 -3.53768258e-03 4.95306682e-03 -1.46661187e-03 5.92306443e-03 2.39576306e-03 -6.05308311e-03 5.46461903e-04
1.25101339e-02 -1.76596418e-02 -6.83638593e-03 -1.38162440e-02 -4.23451560e-03 -6.09227829e-03 -6.63224142e-03 3.15931551e-02 -8.83071497e-03 8.39393772e-03 -1.17545007e-02 3.48017970e-03 -1.40547520e-02 -5.68483770e-03 1.43632367e-02 -1.29668356e-03
-2.20578769e-03 5.41440304e-03 2.13203463e-03 4.42496873e-03 1.36051909e-03 1.91336684e-03 2.10262369e-03 -1.00008771e-02 2.79103429e-03 -2.65249773e-03 3.71281267e-03 -1.09914551e-03 4.43880772e-03 1.79537456e-03 -4.53620311e-03 4.09512519e-04
-6.65484648e-03 1.02565056e-02 3.96503927e-03 8.23056605e-03 2.52785045e-03 3.53301177e-03 3.90031608e-03 -1.85198504e-02 5.16976789e-03 -4.91104089e-03 6.87291706e-03 -2.03463971e-03 8.21668468e-03 3.32341157e-03 -8.39696079e-03 7.58046459e-04
2.41257902e-03 -4.99669975e-03 -1.92616764e-03 -4.26159194e-03 -1.37149694e-03 -1.70182530e-03 -1.97005970e-03 9.29758325e-03 -2.58809119e-03 2.44951108e-03 -3.42091476e-03 1.01076043e-03 -4.07979498e-03 -1.64975447e-03 4.16902406e-03 -3.76222393e-04
-8.58112238e-04 6.31481595e-03 2.52112979e-03 5.76145947e-03 1.88952696e-03 2.24573561e-03 2.64452188e-03 -1.23460395e-02 3.42602958e-03 -3.23503441e-03 4.51182714e-03 -1.33425486e-03 5.38507663e-03 2.17763591e-03 -5.50315250e-03 4.96596505e-04
-2.95659550e-03 4.97747958e-03 1.93186186e-03 4.19478817e-03 1.33478933e-03 1.68253458e-03 1.94891344e-03 -9.19843093e-03 2.55791936e-03 -2.42808810e-03 3.39257205e-03 -1.00293825e-03 4.04913770e-03 1.63759198e-03 -4.13784850e-03 3.73492308e-04
-2.07646936e-02 3.36476304e-02 1.29049215e-02 2.72924360e-02 8.42189137e-03 1.15404930e-02 1.28123080e-02 -6.08885735e-02 1.69737861e-02 -1.61151346e-02 2.25483458e-02 -6.67388504e-03 2.69511007e-02 1.09007759e-02 -2.75421869e-02 2.48637120e-03
1.49824768e-02 -2.93719713e-02 -1.15136383e-02 -2.51139253e-02 -7.89823383e-03 -1.01742279e-02 -1.16915768e-02 5.56653589e-02 -1.55011211e-02 1.45745650e-02 -2.03417726e-02 6.01671636e-03 -2.42785960e-02 -9.81636904e-03 2.48114876e-02 -2.23774812e-03
-1.17121022e-02 2.32850462e-02 8.98437947e-03 1.93539187e-02 6.17228262e-03 7.88078085e-03 9.12203547e-03 -4.31411453e-02 1.19863711e-02 -1.13489591e-02 1.58530790e-02 -4.68524592e-03 1.89158022e-02 7.64986174e-03 -1.93304941e-02 1.74465962e-03
-3.49738449e-02 6.33094981e-02 2.47747898e-02 5.29947467e-02 1.67915560e-02 2.17331424e-02 2.49972250e-02 -1.17755607e-01 3.27967294e-02 -3.12002338e-02 4.34386767e-02 -1.28421662e-02 5.18479124e-02 2.09678579e-02 -5.29878885e-02 4.78176121e-03
-5.78058651e-03 1.19196614e-02 4.63340385e-03 9.87391640e-03 3.05854855e-03 4.08964744e-03 4.59085172e-03 -2.17968747e-02 6.07215380e-03 -5.77089656e-03 8.06819461e-03 -2.38810200e-03 9.64355562e-03 3.90047673e-03 -9.85509623e-03 8.89660965e-04
1.10919438e-02 -1.99681316e-02 -7.74184708e-03 -1.68095697e-02 -5.08674467e-03 -6.80862181e-03 -7.68278493e-03 3.64167765e-02 -1.01636304e-02 9.65495314e-03 -1.34992423e-02 3.99508234e-03 -1.61324982e-02 -6.52496004e-03 1.64863113e-02 -1.48826872e-03
8.71338230e-03 -1.59115028e-02 -6.20732643e-03 -1.30645633e-02 -4.08042734e-03 -5.60303126e-03 -6.21690881e-03 2.94922981e-02 -8.21402948e-03 7.80638214e-03 -1.09230839e-02 3.23365186e-03 -1.30587621e-02 -5.28188888e-03 1.33452872e-02 -1.20476482e-03
-1.25221806e-02 1.90343410e-02 7.33558135e-03 1.51384939e-02 4.67049936e-03 6.54915348e-03 7.22120283e-03 -3.42979692e-02 9.56899300e-03 -9.09211300e-03 1.27258515e-02 -3.76739143e-03 1.52143799e-02 6.15380099e-03 -1.55482171e-02 1.40364154e-03
-2.49804766e-03 8.02579243e-03 3.18905571e-03 7.87069276e-03 2.57865246e-03 2.73586158e-03 3.48761445e-03 -1.61538310e-02 4.54478990e-03 -4.26208368e-03 5.92268072e-03 -1.74192619e-03 7.02350680e-03 2.83849402e-03 -7.17700599e-03 6.46930770e-04
1.19260913e-02 -2.05437019e-02 -7.91509263e-03 -1.69127714e-02 -5.20479679e-03 -7.00566126e-03 -7.92902708e-03 3.75581868e-02 -1.04703149e-02 9.92178172e-03 -1.38769848e-02 4.10400843e-03 -1.65705681e-02 -6.70174044e-03 1.69336479e-02 -1.52852165e-03
5.02265757e-04 -2.32183211e-03 -9.21575236e-04 -2.18770280e-03 -7.11916480e-04 -8.24653485e-04 -9.83281177e-04 4.62132646e-03 -1.28347159e-03 1.21333241e-03 -1.69251522e-03 4.99402231e-04 -2.01528450e-03 -8.14863131e-04 2.05928599e-03 -1.85819532e-04
9.90157202e-03 -1.86692663e-02 -7.21824262e-03 -1.54293654e-02 -4.77947295e-03 -6.37707114e-03 -7.16497237e-03 3.39616463e-02 -9.45632067e-03 8.97495542e-03 -1.25508467e-02 3.71394330e-03 -1.49963293e-02 -6.06538076e-03 1.53252799e-02 -1.38342858e-03
-1.16109271e-02 1.16304997e-02 4.41253278e-03 8.38803314e-03 2.49983673e-03 3.97706311e-03 4.11809608e-03 -1.96123160e-02 5.51118096e-03 -5.25841070e-03 7.37346942e-03 -2.19046138e-03 8.85225087e-03 3.58150993e-03 -9.04655736e-03 8.17192311e-04
2.16596667e-03 -5.33980923e-03 -2.05179467e-03 -4.73257201e-03 -1.47294533e-03 -1.80838013e-03 -2.12117983e-03 9.98422503e-03 -2.77726026e-03 2.62777717e-03 -3.66406469e-03 1.08197355e-03 -4.36621485e-03 -1.76544348e-03 4.46161535e-03 -4.02578327e-04
-1.75268971e-03 3.66503419e-03 1.45159580e-03 3.09014483e-03 9.66714870e-04 1.29835482e-03 1.44811638e-03 -6.86064223e-03 1.91322796e-03 -1.81551813e-03 2.53928755e-03 -7.51371379e-04 3.03395232e-03 1.22708571e-03 -3.10047157e-03 2.79879197e-04
-3.65030067e-03 5.82766300e-03 2.26619956e-03 4.67675459e-03 1.43758324e-03 2.02506571e-03 2.22877110e-03 -1.05964821e-02 2.95670331e-03 -2.80926586e-03 3.93255334e-03 -1.16410805e-03 4.70114872e-03 1.90148549e-03 -4.80429968e-03 4.33716050e-04
2.17984337e-02 -3.24694216e-02 -1.25162667e-02 -2.57777479e-02 -7.92901870e-03 -1.11590186e-02 -1.22884745e-02 5.84211014e-02 -1.63007192e-02 1.54927373e-02 -2.16852352e-02 6.41966611e-03 -2.59252079e-02 -1.04860440e-02 2.64940578e-02 -2.39179772e-03
4.50543128e-03 -8.51584505e-03 -3.27048800e-03 -7.21920142e-03 -2.29471130e-03 -2.91615678e-03 -3.36121791e-03 1.58305969e-02 -4.41238331e-03 4.17886069e-03 -5.83783444e-03 1.72571803e-03 -6.96673896e-03 -2.81743100e-03 7.11926911e-03 -6.42565195e-04
8.85758735e-03 -1.44122159e-02 -5.75780170e-03 -1.12801492e-02 -3.26466910e-03 -5.22863353e-03 -5.40438853e-03 2.60164719e-02 -7.26764696e-03 6.93873456e-03 -9.72172339e-03 2.88603292e-03 -1.16594629e-02 -4.71668132e-03 1.19164875e-02 -1.07593194e-03
6.67998218e-04 -3.57827544e-03 -1.41478656e-03 -3.34495306e-03 -1.11316831e-03 -1.23242289e-03 -1.54520315e-03 7.19965808e-03 -2.00064387e-03 1.88033271e-03 -2.61895196e-03 7.72328756e-04 -3.11445002e-03 -1.25884637e-03 3.18224891e-03 -2.86963012e-04
3.61539889e-03 5.64038055e-06 1.26048428e-04 5.33118553e-04 1.80813222e-04 1.26837142e-04 2.04701617e-04 -8.91325646e-04 2.36647989e-04 -2.21654729e-04 3.07662704e-04 -9.02430038e-05 3.63829226e-04 1.47065715e-04 -3.71696748e-04 3.35328150e-05
-6.54317497e-04 3.30389274e-04 1.32955989e-04 6.75481424e-05 -1.17337404e-05 1.33719732e-04 7.14316702e-05 -4.11936373e-04 1.17578951e-04 -1.16476651e-04 1.68269471e-04 -5.10723439e-05 2.07440098e-04 8.41203291e-05 -2.12169674e-04 1.92239477e-05
-5.95346326e-03 1.10801142e-02 4.30554012e-03 9.19437315e-03 2.92489398e-03 3.81645700e-03 4.32630535e-03 -2.04889588e-02 5.69630461e-03 -5.40034380e-03 7.55324354e-03 -2.23318231e-03 9.01660603e-03 3.64642567e-03 -9.21390112e-03 8.31640325e-04
1.30258752e-02 -2.45213993e-02 -9.46189649e-03 -2.04061009e-02 -6.33782428e-03 -8.47608130e-03 -9.55148321e-03 4.51186150e-02 -1.25596588e-02 1.19294757e-02 -1.66859105e-02 4.93618706e-03 -1.99325681e-02 -8.06183554e-03 2.03695465e-02 -1.83880830e-03
1.54528935e-02 -3.34659368e-02 -1.32203596e-02 -2.90036090e-02 -8.77123605e-03 -1.16703138e-02 -1.33121358e-02 6.29275516e-02 -1.75505336e-02 1.66579634e-02 -2.33069044e-02 6.89072488e-03 -2.78185550e-02 -1.12502566e-02 2.84269657e-02 -2.56582606e-03
3.37951910e-03 -6.11158088e-03 -2.38357810e-03 -5.17416559e-03 -1.63645798e-03 -2.10129051e-03 -2.41528754e-03 1.13934139e-02 -3.17837228e-03 3.01192119e-03 -4.20573121e-03 1.24252401e-03 -5.01491409e-03 -2.02784920e-03 5.12472354e-03 -4.62416239e-04
3.86622385e-04 -2.17063562e-03 -8.67664756e-04 -1.94036448e-03 -6.26521884e-04 -7.76864472e-04 -9.11285751e-04 4.26195469e-03 -1.18905504e-03 1.12565979e-03 -1.57001871e-03 4.63124888e-04 -1.86829607e-03 -7.55318499e-04 1.90919137e-03 -1.72195781e-04
-8.90386570e-03 1.69945210e-02 6.50447514e-03 1.44454474e-02 4.54382366e-03 5.90423914e-03 6.75476156e-03 -3.18760723e-02 8.90928321e-03 -8.43233243e-03 1.17760655e-02 -3.48147447e-03 1.40527654e-02 5.68244141e-03 -1.43602341e-02 1.29585969e-03
4.01311927e-03 -3.94682074e-03 -1.47167814e-03 -2.95213377e-03 -8.98199913e-04 -1.30530493e-03 -1.42336951e-03 6.78243814e-03 -1.89245539e-03 1.79965631e-03 -2.51992350e-03 7.46154459e-04 -3.01344180e-03 -1.21887831e-03 3.07958783e-03 -2.78021180e-04
-4.43944708e-02 8.79237130e-02 3.44163142e-02 7.32669607e-02 2.28129439e-02 3.05179618e-02 3.44807208e-02 -1.62761509e-01 4.53553535e-02 -4.30436246e-02 6.01850860e-02 -1.78004298e-02 7.18734711e-02 2.90688816e-02 -7.34492764e-02 6.63002161e-03
-1.08127724e-02 1.96530204e-02 7.60276988e-03 1.60328671e-02 5.08729136e-03 6.75015152e-03 7.60534406e-03 -3.59522365e-02 9.99506749e-03 -9.48979333e-03 1.32776918e-02 -3.92923644e-03 1.58669073e-02 6.41758088e-03 -1.62148830e-02 1.46378868e-03
-3.69762327e-03 1.71431154e-03 5.74793201e-04 9.07106150e-04 2.32522172e-04 4.84558637e-04 4.63908422e-04 -2.28429679e-03 6.30221155e-04 -6.10860938e-04 8.60121683e-04 -2.55827414e-04 1.03492697e-03 4.18900425e-04 -1.05778570e-03 9.56092917e-05
-1.92599860e-03 3.61458561e-03 1.41215336e-03 2.94268713e-03 9.10920498e-04 1.25535286e-03 1.39387918e-03 -6.62648305e-03 1.84983981e-03 -1.75529404e-03 2.45479890e-03 -7.26471015e-04 2.93311733e-03 1.18624070e-03 -2.99748080e-03 2.70541175e-04
6.60792738e-03 -1.73488725e-02 -6.78766612e-03 -1.51597783e-02 -4.66477871e-03 -5.97301917e-03 -6.87984517e-03 3.25688645e-02 -9.06426460e-03 8.60309973e-03 -1.20180547e-02 3.55078885e-03 -1.43336104e-02 -5.79647627e-03 1.46474950e-02 -1.32191658e-03
-2.52792928e-02 4.47116196e-02 1.72086470e-02 3.64340805e-02 1.15717463e-02 1.54645732e-02 1.72512978e-02 -8.18397552e-02 2.27967799e-02 -2.16500834e-02 3.02959681e-02 -8.96631926e-03 3.62083167e-02 1.46450195e-02 -3.70024107e-02 3.34040751e-03
6.44003134e-03 -1.19342944e-02 -4.63224063e-03 -1.00264158e-02 -3.13069928e-03 -4.11280338e-03 -4.68966877e-03 2.21812464e-02 -6.18937612e-03 5.86026814e-03 -8.18644464e-03 2.42025871e-03 -9.76983458e-03 -3.95084312e-03 9.98370815e-03 -9.01005405e-04
1.19895702e-02 -2.08861418e-02 -8.05040449e-03 -1.70723498e-02 -5.27998386e-03 -7.18201511e-03 -8.00698251e-03 3.79847996e-02 -1.06084868e-02 1.00672282e-02 -1.40813142e-02 4.16665059e-03 -1.68241579e-02 -6.80448627e-03 1.71930306e-02 -1.55198062e-03
-1.22222910e-02 1.99808199e-02 7.72947213e-03 1.62842721e-02 5.03481040e-03 6.85103005e-03 7.65814399e-03 -3.63043062e-02 1.01057775e-02 -9.59551055e-03 1.34206004e-02 -3.97148356e-03 1.60367917e-02 6.48612529e-03 -1.63884424e-02 1.47938414e-03
6.76475419e-03 -1.23268906e-02 -4.76794178e-03 -1.04300678e-02 -3.30349011e-03 -4.22236463e-03 -4.89020208e-03 2.29804255e-02 -6.39536791e-03 6.05438091e-03 -8.45846999e-03 2.50181183e-03 -1.01007028e-02 -4.08496149e-03 1.03219477e-02 -9.31671879e-04
-3.85869527e-03 6.43772120e-03 2.49919784e-03 5.13946544e-03 1.57253607e-03 2.23148265e-03 2.44839909e-03 -1.16509059e-02 3.25177168e-03 -3.09073692e-03 4.32634493e-03 -1.28083606e-03 5.17259398e-03 2.09217728e-03 -5.28609799e-03 4.77212074e-04
5.15449326e-03 -1.05970902e-02 -4.11255565e-03 -8.78220517e-03 -2.75174878e-03 -3.67921521e-03 -4.11937805e-03 1.95251424e-02 -5.43883443e-03 5.16416179e-03 -7.22160935e-03 2.13694968e-03 -8.62887967e-03 -3.48995975e-03 8.81802849e-03 -7.96009204e-04
-1.19264172e-02 1.74772721e-02 6.72135036e-03 1.39489975e-02 4.28547757e-03 5.98771684e-03 6.61917543e-03 -3.14077660e-02 8.76093656e-03 -8.32551625e-03 1.16518168e-02 -3.44919739e-03 1.39290858e-02 5.63389808e-03 -1.42346537e-02 1.28505251e-03
-2.18066922e-03 2.68196710e-03 1.03061716e-03 2.04795669e-03 6.20665611e-04 9.19892627e-04 9.91587061e-04 -4.73458879e-03 1.32135418e-03 -1.25703518e-03 1.76051364e-03 -5.21507289e-04 2.10627634e-03 8.51967605e-04 -2.15253443e-03 1.94332810e-04
-9.36891045e-03 1.82148330e-02 7.27281347e-03 1.59330908e-02 5.03824372e-03 6.49553258e-03 7.41863251e-03 -3.50392461e-02 9.73827858e-03 -9.24681779e-03 1.29364114e-02 -3.81941115e-03 1.54188406e-02 6.23529311e-03 -1.57568399e-02 1.42196135e-03
1.56288431e-03 -1.50499996e-04 6.27291884e-05 1.13258793e-04 -1.96886685e-06 9.65255749e-05 5.45151015e-05 -2.95764999e-04 8.68694478e-05 -8.97249338e-05 1.29794571e-04 -3.91653739e-05 1.59298885e-04 6.46226472e-05 -1.62807977e-04 1.47886067e-05
-4.74659540e-03 6.34580106e-03 2.41632597e-03 5.10323700e-03 1.58634060e-03 2.14093248e-03 2.40568235e-03 -1.13849547e-02 3.17909848e-03 -3.01550236e-03 4.21925308e-03 -1.24760950e-03 5.03720809e-03 2.03720038e-03 -5.14756842e-03 4.64634068e-04
2.64100148e-03 -5.85300755e-03 -2.33895332e-03 -4.94995667e-03 -1.53975806e-03 -2.09378614e-03 -2.33549532e-03 1.10809589e-02 -3.09320726e-03 2.93571898e-03 -4.10721824e-03 1.21512404e-03 -4.90641734e-03 -1.98440580e-03 5.01400931e-03 -4.52609442e-04
-8.50466453e-03 1.69654675e-02 6.59626722e-03 1.43935177e-02 4.53696121e-03 5.83123649e-03 6.69353036e-03 -3.15983221e-02 8.82439688e-03 -8.36075842e-03 1.16910236e-02 -3.45762819e-03 1.39597664e-02 5.64576453e-03 -1.42658344e-02 1.28764031e-03
-1.60064120e-02 2.87160594e-02 1.10805575e-02 2.36111134e-02 7.31810695e-03 9.86083224e-03 1.11051230e-02 -5.25466353e-02 1.46647478e-02 -1.39003377e-02 1.94455050e-02 -5.75110642e-03 2.32191719e-02 9.39055532e-03 -2.37278044e-02 2.14176695e-03
2.21083909e-02 -4.40177843e-02 -1.69335436e-02 -3.61155681e-02 -1.13076763e-02 -1.52292540e-02 -1.70805696e-02 8.09098780e-02 -2.25388240e-02 2.13526320e-02 -2.98809707e-02 8.84483662e-03 -3.57155129e-02 -1.44454101e-02 3.64984907e-02 -3.29483789e-03
1.82218496e-02 -2.98134089e-02 -1.15181478e-02 -2.40613483e-02 -7.43943267e-03 -1.03118513e-02 -1.14328787e-02 5.42419478e-02 -1.51259182e-02 1.43714771e-02 -2.01115385e-02 5.95265487e-03 -2.40376964e-02 -9.72253084e-03 2.45650522e-02 -2.21763761e-03
-7.84203783e-03 1.19878296e-02 4.62328410e-03 9.68589075e-03 2.99372175e-03 4.11020638e-03 4.57407534e-03 -2.16978844e-02 6.05140207e-03 -5.74627519e-03 8.03848170e-03 -2.37859320e-03 9.60454438e-03 3.88455577e-03 -9.81512945e-03 8.86000751e-04
-9.30928392e-04 2.98742345e-03 9.74863069e-04 4.00266610e-03 1.43527845e-03 5.66396688e-04 1.47842534e-03 -6.73708832e-03 1.81598635e-03 -1.62709435e-03 2.17537908e-03 -6.31448987e-04 2.53474573e-03 1.02168624e-03 -2.59290426e-03 2.32081031e-04
-2.52138847e-03 6.19884441e-03 2.55133957e-03 5.57095651e-03 1.70505978e-03 2.32378719e-03 2.59055616e-03 -1.22558894e-02 3.42486263e-03 -3.24955489e-03 4.54639178e-03 -1.34468440e-03 5.42751886e-03 2.19506933e-03 -5.54711651e-03 5.00573660e-04
-1.17738573e-02 2.07250156e-02 8.06367770e-03 1.71949677e-02 5.31790173e-03 7.17219384e-03 7.99795147e-03 -3.79712135e-02 1.05986083e-02 -1.00487769e-02 1.40555017e-02 -4.15950175e-03 1.67950094e-02 6.79267757e-03 -1.71631109e-02 1.54929480e-03
1.64624827e-03 -5.31246653e-04 -1.71169566e-04 -1.07708576e-04 3.62864157e-05 -1.92858861e-04 -8.99019215e-05 4.27868974e-04 -1.63667370e-04 1.57937800e-04 -2.30385718e-04 7.01501631e-05 -2.85116432e-04 -1.15669769e-04 2.91662378e-04 -2.64437367e-05
-8.73202924e-03 1.37363197e-02 5.28350938e-03 1.10751577e-02 3.41827190e-03 4.70190076e-03 5.23702754e-03 -2.48385221e-02 6.93108654e-03 -6.58128690e-03 9.20955464e-03 -2.72526452e-03 1.10049145e-02 4.45106253e-03 -1.12462556e-02 1.01523974e-03
-2.29975320e-02 4.69393618e-02 1.81033462e-02 3.94420475e-02 1.21684680e-02 1.62574649e-02 1.83053780e-02 -8.67929757e-02 2.42004581e-02 -2.29231399e-02 3.20642889e-02 -9.48114786e-03 3.82777005e-02 1.54805742e-02 -3.91163193e-02 3.53071862e-03
2.89502367e-03 -8.18485953e-03 -3.20976926e-03 -7.92378560e-03 -2.55627092e-03 -2.86914874e-03 -3.58969811e-03 1.66851617e-02 -4.67195082e-03 4.37426101e-03 -6.09524595e-03 1.79287721e-03 -7.22482521e-03 -2.91916286e-03 7.38184527e-03 -6.65158732e-04
-5.06592030e-03 9.71220341e-03 3.76209314e-03 8.07211921e-03 2.49599456e-03 3.35481623e-03 3.78298783e-03 -1.79146398e-02 4.98435227e-03 -4.72898688e-03 6.61509717e-03 -1.95672992e-03 7.90082477e-03 3.19546671e-03 -8.07397347e-03 7.28835759e-04
4.53123171e-03 -8.65744334e-03 -3.35125159e-03 -7.10206479e-03 -2.21969094e-03 -2.98303226e-03 -3.34175467e-03 1.58363897e-02 -4.41988418e-03 4.19497862e-03 -5.86862583e-03 1.73681031e-03 -7.01372325e-03 -2.83679413e-03 7.16753677e-03 -6.47046079e-04
3.02889966e-03 -4.90370858e-03 -1.87732070e-03 -3.95457307e-03 -1.22640049e-03 -1.66190730e-03 -1.86299579e-03 8.83438159e-03 -2.46664416e-03 2.34415149e-03 -3.27975675e-03 9.70587949e-04 -3.91945895e-03 -1.58529344e-03 4.00543120e-03 -3.61592975e-04
3.70660471e-03 1.24630355e-03 5.08447643e-04 2.32196273e-03 9.12340882e-04 3.62343300e-04 7.87223456e-04 -3.57254315e-03 1.00245723e-03 -9.26510664e-04 1.25689118e-03 -3.67662520e-04 1.48014131e-03 5.97877020e-04 -1.51231175e-03 1.36203918e-04
-1.26225697e-02 2.13942714e-02 8.27640295e-03 1.75500009e-02 5.29776234e-03 7.38534937e-03 8.15359503e-03 -3.87677327e-02 1.08134886e-02 -1.02683548e-02 1.43692708e-02 -4.25357372e-03 1.71769336e-02 6.94751041e-03 -1.75537467e-02 1.58466725e-03
-3.04245055e-02 5.42923734e-02 2.11465247e-02 4.62096594e-02 1.44607751e-02 1.89057179e-02 2.15450935e-02 -1.00902386e-01 2.81959865e-02 -2.66434755e-02 3.72711979e-02 -1.10282209e-02 4.45329845e-02 1.80113371e-02 -4.55087647e-02 4.10815794e-03
-1.55126909e-02 2.69266888e-02 1.04147960e-02 2.21127663e-02 6.77632215e-03 9.31819528e-03 1.02981022e-02 -4.88809571e-02 1.36439139e-02 -1.29601145e-02 1.81388427e-02 -5.36884507e-03 2.16809288e-02 8.76920298e-03 -2.21564770e-02 2.00017914e-03
-9.67001170e-03 1.80367623e-02 7.01452931e-03 1.51144816e-02 4.73047700e-03 6.19629119e-03 7.05337198e-03 -3.34070921e-02 9.26243886e-03 -8.81040376e-03 1.23038096e-02 -3.63904121e-03 1.46939652e-02 5.94285922e-03 -1.50158228e-02 1.35546539e-03
1.83221069e-04 -2.62217573e-03 -1.02194631e-03 -2.62474199e-03 -8.45429371e-04 -9.23190906e-04 -1.16940390e-03 5.40617667e-03 -1.49749417e-03 1.41322555e-03 -1.97064900e-03 5.82010078e-04 -2.34908122e-03 -9.49926674e-04 2.40037893e-03 -2.16644708e-04
-1.41756088e-02 2.76516285e-02 1.07251862e-02 2.36150846e-02 7.45552033e-03 9.62568168e-03 1.08954161e-02 -5.14816232e-02 1.43914884e-02 -1.36353457e-02 1.90555751e-02 -5.63550275e-03 2.27521863e-02 9.20152850e-03 -2.32507121e-02 2.09860806e-03
1.13861179e-02 -1.85914673e-02 -7.18619255e-03 -1.50823528e-02 -4.69857361e-03 -6.40586903e-03 -7.14260386e-03 3.39739881e-02 -9.44880769e-03 8.97611398e-03 -1.25616351e-02 3.71789653e-03 -1.50138764e-02 -6.07263111e-03 1.53432405e-02 -1.38511590e-03
1.76452729e-03 -4.56105173e-03 -1.77081919e-03 -4.53591347e-03 -1.33350992e-03 -1.52987125e-03 -1.86370907e-03 8.70677736e-03 -2.42474163e-03 2.29397230e-03 -3.18813394e-03 9.42751532e-04 -3.80511535e-03 -1.53870007e-03 3.88843706e-03 -3.50894436e-04
8.25395156e-03 -1.15908496e-02 -4.44981083e-03 -9.03031416e-03 -2.76711979e-03 -3.96456383e-03 -4.32894332e-03 2.06282213e-02 -5.75658493e-03 5.47334645e-03 -7.66256033e-03 2.26881355e-03 -9.16273240e-03 -3.70611739e-03 9.36382730e-03 -8.45346542e-04
1.30723789e-02 -2.31198482e-02 -8.93794652e-03 -1.87247228e-02 -5.77635923e-03 -7.97135197e-03 -8.83884635e-03 4.19800766e-02 -1.17060393e-02 1.11238146e-02 -1.55664133e-02 4.60812915e-03 -1.86092518e-02 -7.52688805e-03 1.90175083e-02 -1.71682856e-03
4.81698848e-03 1.26140099e-03 5.26719552e-04 2.11105170e-03 9.87080624e-04 3.46541958e-04 8.30560457e-04 -3.64608248e-03 9.56488133e-04 -8.89601884e-04 1.22676848e-03 -3.58422432e-04 1.44471880e-03 5.83815563e-04 -1.47591170e-03 1.33089110e-04
9.10251401e-05 -1.47395791e-03 -5.75182028e-04 -1.44577015e-03 -5.16748405e-04 -4.93208528e-04 -6.49243419e-04 3.03046452e-03 -8.39721819e-04 7.82301940e-04 -1.07766839e-03 3.17233615e-04 -1.27747096e-03 -5.15723659e-04 1.30497862e-03 -1.17416123e-04
-2.79397890e-02 4.69023883e-02 1.81192812e-02 3.92135084e-02 1.21821687e-02 1.60128102e-02 1.81767065e-02 -8.61590877e-02 2.39311475e-02 -2.27188710e-02 3.17741185e-02 -9.39915515e-03 3.79511602e-02 1.53493127e-02 -3.87829430e-02 3.50095006e-03
-3.85430874e-03 6.99992385e-03 2.67024874e-03 5.97154628e-03 1.86766777e-03 2.39009527e-03 2.73231883e-03 -1.28846401e-02 3.59432027e-03 -3.39703332e-03 4.74722916e-03 -1.40249112e-03 5.66108199e-03 2.28924118e-03 -5.78499958e-03 5.22061135e-04
-1.08459080e-03 1.23785378e-03 4.78439993e-04 9.10402916e-04 2.69550685e-04 4.28099185e-04 4.50340100e-04 -2.15981458e-03 6.02633227e-04 -5.74745412e-04 8.05807300e-04 -2.38872250e-04 9.64976905e-04 3.90355563e-04 -9.86195053e-04 8.90451556e-05
2.20384598e-02 -3.91575955e-02 -1.50914695e-02 -3.21663246e-02 -9.88481380e-03 -1.35047324e-02 -1.50331939e-02 7.14532658e-02 -1.99045781e-02 1.89016778e-02 -2.64443718e-02 7.82654993e-03 -3.16053443e-02 -1.27832089e-02 3.22984681e-02 -2.91573000e-03
-1.07059907e-03 2.66140630e-03 1.04865886e-03 2.49375682e-03 7.89874990e-04 9.07403883e-04 1.10182550e-03 -5.15076332e-03 1.43248786e-03 -1.35654164e-03 1.88967458e-03 -5.57962223e-04 2.25169095e-03 9.10462579e-04 -2.30089785e-03 2.07615667e-04
-2.70188563e-02 4.58736271e-02 1.76677648e-02 3.76848392e-02 1.16216503e-02 1.57357138e-02 1.76313128e-02 -8.36780295e-02 2.33530626e-02 -2.21490059e-02 3.09677776e-02 -9.15880967e-03 3.69775482e-02 1.49548659e-02 -3.77881601e-02 3.41078849e-03
1.76183879e-02 -2.88076252e-02 -1.11542474e-02 -2.32436955e-02 -7.25523010e-03 -9.91478842e-03 -1.10379029e-02 5.24561554e-02 -1.46115674e-02 1.38800163e-02 -1.94210876e-02 5.74769406e-03 -2.32102238e-02 -9.38768312e-03 2.37192642e-02 -2.14123772e-03
5.50234783e-03 -9.30086616e-03 -3.50980787e-03 -7.78624928e-03 -2.49652588e-03 -3.17857508e-03 -3.58425849e-03 1.69297196e-02 -4.72348277e-03 4.47653327e-03 -6.26301812e-03 1.85324100e-03 -7.48321507e-03 -3.02661723e-03 7.64723122e-03 -6.90336048e-04
9.35202371e-03 -1.69454012e-02 -6.60623657e-03 -1.41945714e-02 -4.41814028e-03 -5.90626895e-03 -6.65036915e-03 3.14189121e-02 -8.74897465e-03 8.28742050e-03 -1.15946624e-02 3.43126548e-03 -1.38547914e-02 -5.60360542e-03 1.41584584e-02 -1.27810531e-03
6.05293503e-03 -1.43863251e-02 -5.76227857e-03 -1.31569756e-02 -4.27588075e-03 -4.98313783e-03 -5.90319652e-03 2.77880859e-02 -7.69515196e-03 7.31457537e-03 -1.01912618e-02 3.01163876e-03 -1.21561736e-02 -4.91607934e-03 1.24224126e-02 -1.12118642e-03
