1.45140858e-02 -1.92549080e-02 -1.39139574e-02 -1.58822294e-02 -2.71832221e-03 -5.10776788e-03 -5.20418026e-03 3.05914599e-02 -3.57145397e-03 6.98425248e-03 -5.75736910e-03 7.05908565e-03 -1.45026110e-02 -5.44230221e-03 1.19942669e-02 3.10826814e-03
9.53373127e-03 -1.20105855e-02 -8.66513140e-03 -9.80617013e-03 -1.68857572e-03 -3.20735550e-03 -3.27812182e-03 1.93841439e-02 -2.24891910e-03 4.43201140e-03 -3.65106529e-03 4.48155962e-03 -9.20751132e-03 -3.45550850e-03 7.61590153e-03 1.97383040e-03
7.76418066e-03 -9.61407647e-03 -6.34722412e-03 -7.73212966e-03 -1.25492678e-03 -2.33096653e-03 -2.35664775e-03 1.38265276e-02 -1.61092519e-03 3.14320717e-03 -2.58873333e-03 3.16975196e-03 -6.51292456e-03 -2.44370499e-03 5.38521865e-03 1.39529316e-03
-2.29210146e-02 3.06701958e-02 2.27408912e-02 2.59301849e-02 4.42146929e-03 8.39486439e-03 8.53314437e-03 -5.04382662e-02 5.83009049e-03 -1.15149692e-02 9.49123595e-03 -1.16466628e-02 2.39285715e-02 8.98016989e-03 -1.97921358e-02 -5.12957759e-03
-4.27009761e-02 5.43026626e-02 4.00671065e-02 4.62526157e-02 7.96674285e-03 1.51700648e-02 1.51847219e-02 -9.00848135e-02 1.04140881e-02 -2.05591377e-02 1.69149395e-02 -2.07688175e-02 4.26711515e-02 1.60144884e-02 -3.52946185e-02 -9.14692134e-03
9.02152248e-03 -1.19740684e-02 -8.23036209e-03 -9.56577249e-03 -1.61325082e-03 -3.05151124e-03 -3.06134229e-03 1.79750547e-02 -2.09077238e-03 4.08932474e-03 -3.36858584e-03 4.12628939e-03 -8.47835839e-03 -3.18124215e-03 7.01052882e-03 1.81640184e-03
-1.90910220e-03 5.67690190e-03 4.41257888e-03 5.22786565e-03 9.45458771e-04 1.66166644e-03 1.68132014e-03 -9.87780560e-03 1.15656271e-03 -2.26060953e-03 1.86166109e-03 -2.27540056e-03 4.67535947e-03 1.75434444e-03 -3.86620522e-03 -1.00136315e-03
-1.67349074e-03 2.21365388e-03 1.23231485e-03 1.57606276e-03 2.53865466e-04 4.25444130e-04 4.18036565e-04 -2.37694685e-03 2.85621180e-04 -5.42180904e-04 4.45790734e-04 -5.40018256e-04 1.11004512e-03 4.16156574e-04 -9.16682766e-04 -2.37137341e-04
-8.43943283e-03 1.28927082e-02 7.53039261e-03 8.64355639e-03 1.38555607e-03 2.62831664e-03 2.59785354e-03 -1.51794134e-02 1.79993454e-03 -3.47621716e-03 2.86808750e-03 -3.48911178e-03 7.17033911e-03 2.68962746e-03 -5.92576526e-03 -1.53462659e-03
7.01465469e-04 -1.17571326e-03 -4.32161964e-04 -4.19115007e-04 -9.59285026e-05 -1.09672343e-04 -1.08449356e-04 5.89132775e-04 -6.35062897e-05 1.12855952e-04 -9.29610032e-05 1.11519970e-04 -2.29234734e-04 -8.58239364e-05 1.88965481e-04 4.88456280e-05
1.20285098e-02 -1.65329650e-02 -1.17825568e-02 -1.35918371e-02 -2.35096388e-03 -4.38790768e-03 -4.44819173e-03 2.63115969e-02 -3.03975330e-03 5.99706452e-03 -4.94122412e-03 6.06128247e-03 -1.24534890e-02 -4.67341766e-03 1.02999080e-02 2.66929995e-03
2.08915770e-02 -2.78642923e-02 -2.03744583e-02 -2.32104640e-02 -3.98020493e-03 -7.49832252e-03 -7.65903573e-03 4.52425219e-02 -5.24028577e-03 1.03268977e-02 -8.51401594e-03 1.04483906e-02 -2.14661583e-02 -8.05587228e-03 1.77546851e-02 4.60123178e-03
-2.02764617e-03 3.25382641e-03 2.42650812e-03 2.73596728e-03 4.79216804e-04 8.97297228e-04 9.11553623e-04 -5.38771320e-03 6.25588058e-04 -1.23183371e-03 1.01523334e-03 -1.24534068e-03 2.55855639e-03 9.60153586e-04 -2.11608713e-03 -5.48380311e-04
-2.29888167e-02 3.19956429e-02 2.35672593e-02 2.66412888e-02 4.67007002e-03 8.72623734e-03 8.86427239e-03 -5.23027070e-02 6.08444260e-03 -1.19092185e-02 9.81590338e-03 -1.20447129e-02 2.47465353e-02 9.28661413e-03 -2.04668585e-02 -5.30385179e-03
1.12736300e-02 -1.42343789e-02 -9.98321455e-03 -1.09706745e-02 -1.84662803e-03 -3.55213787e-03 -3.61101143e-03 2.13077646e-02 -2.47604493e-03 4.86036716e-03 -4.00653249e-03 4.92071547e-03 -1.01094581e-02 -3.79408943e-03 8.36232491e-03 2.16740742e-03
-2.98750158e-02 4.26004082e-02 3.43577974e-02 3.87740694e-02 6.67845178e-03 1.30327530e-02 1.33318054e-02 -7.92159513e-02 9.15079098e-03 -1.81273762e-02 1.49432011e-02 -1.83615256e-02 3.77231091e-02 1.41582955e-02 -3.12060229e-02 -8.08847137e-03
-2.29511503e-02 2.93981209e-02 2.23311037e-02 2.59136949e-02 4.39762278e-03 8.45426414e-03 8.60368926e-03 -5.10425083e-02 5.88183384e-03 -1.16358204e-02 9.59056709e-03 -1.17804781e-02 2.42028814e-02 9.08358302e-03 -2.00206935e-02 -5.18916873e-03
1.40281245e-02 -2.04828009e-02 -1.48209995e-02 -1.71248969e-02 -2.97194906e-03 -5.51252021e-03 -5.60981221e-03 3.31084542e-02 -3.85387265e-03 7.53529416e-03 -6.20955275e-03 7.60965841e-03 -1.56362336e-02 -5.86757809e-03 1.29302843e-02 3.35012586e-03
-2.30949633e-02 2.98301075e-02 2.10322831e-02 2.39321683e-02 4.08721808e-03 7.73419300e-03 7.88762327e-03 -4.64878902e-02 5.37953246e-03 -1.06049357e-02 8.73942487e-03 -1.07273888e-02 2.20393818e-02 8.27123225e-03 -1.82297491e-02 -4.72475681e-03
3.72075737e-02 -4.90867794e-02 -3.83816808e-02 -4.34324630e-02 -7.52744544e-03 -1.45872058e-02 -1.48498211e-02 8.83071572e-02 -1.01944515e-02 2.02044081e-02 -1.66552085e-02 2.04629246e-02 -4.20404077e-02 -1.57786440e-02 3.47773731e-02 9.01413802e-03
-1.15324445e-02 1.55102648e-02 1.16266366e-02 1.31635759e-02 2.26648594e-03 4.31358954e-03 4.39160224e-03 -2.59752944e-02 2.99882027e-03 -5.91643155e-03 4.87696147e-03 -5.98573871e-03 1.22975474e-02 4.61512711e-03 -1.01717012e-02 -2.63623055e-03
-4.61793318e-02 6.35044500e-02 4.84584793e-02 5.55148311e-02 9.47523396e-03 1.82299949e-02 1.86097212e-02 -1.10291570e-01 1.27441986e-02 -2.52144262e-02 2.07862481e-02 -2.55304724e-02 5.24521433e-02 1.96857955e-02 -4.33881842e-02 -1.12455813e-02
-2.41974778e-02 3.24306302e-02 2.12778337e-02 2.48178970e-02 4.22709761e-03 7.79693807e-03 7.93901645e-03 -4.62824181e-02 5.38934674e-03 -1.05195204e-02 8.66646133e-03 -1.05938893e-02 2.17691958e-02 8.16799328e-03 -1.79972239e-02 -4.66112327e-03
-1.25212837e-02 1.49175106e-02 9.65757109e-03 1.15011968e-02 1.85647188e-03 3.55262053e-03 3.55306477e-03 -2.10131407e-02 2.44099600e-03 -4.80235601e-03 3.95747647e-03 -4.84785577e-03 9.95827559e-03 3.73774255e-03 -8.23643990e-03 -2.13427818e-03
6.42674044e-03 -7.77766062e-03 -5.36117470e-03 -6.50900323e-03 -1.07217394e-03 -2.01270496e-03 -2.03130860e-03 1.19986357e-02 -1.38777983e-03 2.73709279e-03 -2.25580088e-03 2.76845112e-03 -5.68780443e-03 -2.13457667e-03 4.70458250e-03 1.21931569e-03
1.08286804e-02 -1.42843314e-02 -1.02444971e-02 -1.15036061e-02 -1.98529498e-03 -3.76128429e-03 -3.83926858e-03 2.27426272e-02 -2.62377318e-03 5.18660480e-03 -4.27496899e-03 5.25076641e-03 -1.07876686e-02 -4.04861942e-03 8.92331451e-03 2.31280713e-03
-3.27920318e-02 4.37700041e-02 3.06134615e-02 3.58501524e-02 6.15793234e-03 1.12518379e-02 1.12427454e-02 -6.58427551e-02 7.71813327e-03 -1.50262006e-02 1.24010509e-02 -1.51218660e-02 3.10766567e-02 1.16580632e-02 -2.56904829e-02 -6.65336149e-03
-2.09321100e-02 3.37362513e-02 2.52934732e-02 2.92116757e-02 4.98243840e-03 9.50664561e-03 9.57807992e-03 -5.66814616e-02 6.58463128e-03 -1.29666179e-02 1.06888954e-02 -1.31002525e-02 2.69160271e-02 1.01004848e-02 -2.22606063e-02 -5.76871214e-03
1.71072725e-02 -2.30427794e-02 -1.60401314e-02 -1.82733610e-02 -3.09175346e-03 -5.84488921e-03 -5.94619336e-03 3.50249223e-02 -4.05618502e-03 7.97823258e-03 -6.58850698e-03 8.07447452e-03 -1.65853538e-02 -6.22383598e-03 1.37163326e-02 3.55456467e-03
9.37079173e-03 -1.22526847e-02 -8.08789022e-03 -9.52516682e-03 -1.62442750e-03 -2.88487412e-03 -2.88565923e-03 1.69669744e-02 -1.98437343e-03 3.85011081e-03 -3.17081017e-03 3.86933098e-03 -7.95090571e-03 -2.98273587e-03 6.57215621e-03 1.70192763e-03
2.06939355e-02 -2.84769535e-02 -1.99614931e-02 -2.27340106e-02 -3.90693778e-03 -7.38519896e-03 -7.51155149e-03 4.44394015e-02 -5.15664183e-03 1.00826574e-02 -8.29540752e-03 1.01736737e-02 -2.09062118e-02 -7.84689188e-03 1.72911398e-02 4.47909767e-03
4.59280498e-02 -6.04151972e-02 -4.58411016e-02 -5.08079156e-02 -8.76497570e-03 -1.70949288e-02 -1.73684843e-02 1.03234552e-01 -1.19126104e-02 2.35890746e-02 -1.94481798e-02 2.38878801e-02 -4.90765646e-02 -1.84190888e-02 4.05969843e-02 1.05225407e-02
-7.01935217e-02 9.38207507e-02 7.11039677e-02 8.31952989e-02 1.40068354e-02 2.67627854e-02 2.72402875e-02 -1.61739245e-01 1.86847094e-02 -3.69313695e-02 3.04373037e-02 -3.73930335e-02 7.68243000e-02 2.88327038e-02 -6.35485798e-02 -1.64710488e-02
4.60977927e-02 -6.16672561e-02 -4.54832800e-02 -5.05169034e-02 -8.81453231e-03 -1.67282857e-02 -1.71836466e-02 1.01646334e-01 -1.17454696e-02 2.32158937e-02 -1.91483777e-02 2.35114209e-02 -4.83032204e-02 -1.81289576e-02 3.99573930e-02 1.03567038e-02
-1.85084287e-02 2.56909467e-02 1.95624325e-02 2.19794530e-02 3.87996482e-03 7.39285629e-03 7.56378099e-03 -4.46316935e-02 5.15391584e-03 -1.01884687e-02 8.40189494e-03 -1.03179673e-02 2.11982168e-02 7.95608014e-03 -1.75358132e-02 -4.54520574e-03
1.30889276e-02 -1.80164482e-02 -1.29092280e-02 -1.47250770e-02 -2.54397164e-03 -4.84503107e-03 -4.90944739e-03 2.90063303e-02 -3.35826562e-03 6.62396941e-03 -5.45709860e-03 6.69587543e-03 -1.37573229e-02 -5.16278530e-03 1.13784298e-02 2.94880755e-03
-1.00272829e-02 1.23387398e-02 9.38140228e-03 1.07101426e-02 1.82637735e-03 3.53441224e-03 3.60128516e-03 -2.14356333e-02 2.47085583e-03 -4.88584535e-03 4.02760971e-03 -4.94708400e-03 1.01637775e-02 3.81455664e-03 -8.40750430e-03 -2.17914698e-03
2.64884084e-02 -3.53315733e-02 -2.82232538e-02 -3.22223604e-02 -5.49166091e-03 -1.07042864e-02 -1.09358542e-02 6.49699569e-02 -7.49194762e-03 1.48417586e-02 -1.22309253e-02 1.50281005e-02 -3.08754817e-02 -1.15880985e-02 2.55408939e-02 6.62003038e-03
-1.77496299e-03 2.16680020e-03 1.19619165e-03 1.26210798e-03 2.29226920e-04 3.77091026e-04 3.77860706e-04 -2.20467383e-03 2.56467756e-04 -5.01758012e-04 4.13643633e-04 -5.06831624e-04 1.04127114e-03 3.90735921e-04 -8.61136941e-04 -2.23171752e-04
-1.25161186e-02 1.66762061e-02 1.30282985e-02 1.48612689e-02 2.54548760e-03 4.92359838e-03 5.03397826e-03 -2.98765022e-02 3.45347659e-03 -6.83557987e-03 5.63449506e-03 -6.92308927e-03 1.42234331e-02 5.33831678e-03 -1.17660658e-02 -3.04970425e-03
4.61177807e-03 -6.30163401e-03 -4.57844790e-03 -5.28437598e-03 -9.24499123e-04 -1.68981240e-03 -1.70738832e-03 1.00658173e-02 -1.16791646e-03 2.29096552e-03 -1.88844802e-03 2.31313473e-03 -4.75277659e-03 -1.78335956e-03 3.93016869e-03 1.01835839e-03
-8.17781407e-03 1.33211548e-02 1.02962442e-02 1.18823694e-02 2.07001017e-03 3.87525093e-03 3.97090707e-03 -2.34611295e-02 2.71290122e-03 -5.35137858e-03 4.40928387e-03 -5.41474344e-03 1.11244600e-02 4.17504227e-03 -9.20179207e-03 -2.38483027e-03
-8.45499802e-03 1.17950710e-02 9.03395936e-03 1.03763472e-02 1.80210499e-03 3.42809013e-03 3.46868881e-03 -2.05284767e-02 2.37208419e-03 -4.68657399e-03 3.86289367e-03 -4.74006962e-03 9.73841082e-03 3.65477847e-03 -8.05510394e-03 -2.08766828e-03
-3.93592939e-02 5.05168177e-02 3.99338715e-02 4.52993698e-02 7.75122689e-03 1.49442470e-02 1.52603490e-02 -9.07067209e-02 1.04775839e-02 -2.07351558e-02 1.70925241e-02 -2.09991187e-02 4.31426801e-02 1.61921307e-02 -3.56886312e-02 -9.25027858e-03
2.74563991e-02 -3.83739881e-02 -2.65117548e-02 -3.05230524e-02 -5.24425041e-03 -9.81743820e-03 -9.92356054e-03 5.88984005e-02 -6.87217619e-03 1.33284125e-02 -1.09768026e-02 1.34576084e-02 -2.76537761e-02 -1.03812572e-02 2.28646826e-02 5.92190214e-03
-2.34433804e-02 3.15766670e-02 2.34434400e-02 2.65341476e-02 4.64641256e-03 8.78359564e-03 8.86486843e-03 -5.23962229e-02 6.06297283e-03 -1.19207110e-02 9.82453581e-03 -1.20455418e-02 2.47487240e-02 9.28790867e-03 -2.04697177e-02 -5.30474866e-03
-6.67413920e-02 9.24785435e-02 6.57806322e-02 7.54110366e-02 1.31516363e-02 2.48268489e-02 2.51426734e-02 -1.48051381e-01 1.71471611e-02 -3.38390283e-02 2.78174076e-02 -3.41107547e-02 7.00860247e-02 2.63021402e-02 -5.79704009e-02 -1.50212124e-02
-2.11774334e-02 3.01525481e-02 2.45801788e-02 2.81739067e-02 4.84515354e-03 9.42415185e-03 9.62536782e-03 -5.72499223e-02 6.61076047e-03 -1.30989356e-02 1.07972268e-02 -1.32671315e-02 2.72571314e-02 1.02301668e-02 -2.25481093e-02 -5.84436581e-03
1.39495693e-02 -1.70897469e-02 -1.14725484e-02 -1.41455829e-02 -2.25515291e-03 -4.30505956e-03 -4.28981427e-03 2.53629517e-02 -2.93630431e-03 5.79980155e-03 -4.77696396e-03 5.86513430e-03 -1.20497467e-02 -4.52231849e-03 9.96727776e-03 2.58335541e-03
1.60408486e-02 -2.24201567e-02 -1.65133532e-02 -1.81666873e-02 -3.16004734e-03 -6.09500427e-03 -6.23948174e-03 3.70584726e-02 -4.27663838e-03 8.47365707e-03 -6.98486622e-03 8.58287234e-03 -1.76334269e-02 -6.61817379e-03 1.45870456e-02 3.78090073e-03
-2.15589572e-02 2.79927626e-02 2.16724183e-02 2.43066400e-02 4.21460997e-03 8.18253309e-03 8.37848149e-03 -4.97678258e-02 5.74794831e-03 -1.13850469e-02 9.38548706e-03 -1.15324818e-02 2.36933902e-02 8.89261626e-03 -1.96000710e-02 -5.08025661e-03
-5.15531795e-03 8.55126698e-03 5.49272681e-03 6.56389352e-03 1.13075355e-03 1.99179375e-03 1.97569141e-03 -1.14719672e-02 1.35603675e-03 -2.61393166e-03 2.15435424e-03 -2.62404629e-03 5.39284479e-03 2.02277489e-03 -4.45713615e-03 -1.15404662e-03
1.88216716e-02 -2.41798647e-02 -1.74652822e-02 -1.99410263e-02 -3.36135621e-03 -6.46968465e-03 -6.53758924e-03 3.86465937e-02 -4.47865715e-03 8.80767871e-03 -7.26221781e-03 8.90669599e-03 -1.82992797e-02 -6.86730165e-03 1.51352212e-02 3.92251788e-03
5.35141397e-03 -8.34286306e-03 -6.72939653e-03 -7.69084832e-03 -1.32943888e-03 -2.55036890e-03 -2.60339212e-03 1.54563310e-02 -1.78651896e-03 3.53268720e-03 -2.91230204e-03 3.57581885e-03 -7.34654441e-03 -2.75717396e-03 6.07688446e-03 1.57501688e-03
1.97172463e-02 -2.46562585e-02 -1.84851978e-02 -2.18434446e-02 -3.70628247e-03 -7.03684147e-03 -7.16475258e-03 4.24655564e-02 -4.90570441e-03 9.69300047e-03 -7.98850879e-03 9.81007796e-03 -2.01541614e-02 -7.56414654e-03 1.66715477e-02 4.32101684e-03
-1.59480497e-02 1.69136208e-02 1.21126296e-02 1.37725016e-02 2.36372720e-03 4.53990186e-03 4.51608282e-03 -2.67827492e-02 3.10034119e-03 -6.07423950e-03 5.01463981e-03 -6.12590043e-03 1.25861512e-02 4.72272420e-03 -1.04076685e-02 -2.69614556e-03
4.31726547e-03 -6.00884855e-03 -4.25543962e-03 -5.04407147e-03 -8.41058674e-04 -1.57319230e-03 -1.59631821e-03 9.42630414e-03 -1.09236944e-03 2.14873976e-03 -1.77050300e-03 2.17048288e-03 -4.45937365e-03 -1.67340785e-03 3.68794496e-03 9.55694355e-04
-2.75278697e-03 3.84768611e-03 2.67007877e-03 3.06776562e-03 5.31345548e-04 9.80563695e-04 1.00248912e-03 -5.92348771e-03 6.85648585e-04 -1.35174266e-03 1.11403724e-03 -1.36742240e-03 2.80934828e-03 1.05432991e-03 -2.32374133e-03 -6.02259708e-04
-1.28984116e-02 1.83197111e-02 1.48102036e-02 1.66987982e-02 2.88900221e-03 5.61076216e-03 5.74113103e-03 -3.41123566e-02 3.94061673e-03 -7.80189037e-03 6.43281639e-03 -7.90283084e-03 1.62362363e-02 6.09377213e-03 -1.34311598e-02 -3.48129519e-03
2.29507275e-02 -2.51767430e-02 -1.78336408e-02 -1.90638117e-02 -3.32973292e-03 -6.33726828e-03 -6.42083352e-03 3.79609056e-02 -4.38430719e-03 8.67428444e-03 -7.15044048e-03 8.78206827e-03 -1.80421751e-02 -6.77147415e-03 1.49247535e-02 3.86840291e-03
6.91450480e-03 -9.36469436e-03 -6.69908337e-03 -7.54593499e-03 -1.30812696e-03 -2.42940290e-03 -2.45853304e-03 1.44726234e-02 -1.67857867e-03 3.29904468e-03 -2.71878508e-03 3.33331921e-03 -6.84843538e-03 -2.56997137e-03 5.66399703e-03 1.46783842e-03
2.38876641e-02 -3.34719196e-02 -2.60084588e-02 -2.90779825e-02 -5.06267557e-03 -9.81427263e-03 -9.96485166e-03 5.90617955e-02 -6.83262432e-03 1.34971850e-02 -1.11313276e-02 1.36606675e-02 -2.80657914e-02 -1.05330311e-02 2.32149567e-02 6.01703906e-03
1.18648466e-02 -1.84057243e-02 -1.51293194e-02 -1.71983447e-02 -2.97832652e-03 -5.77421580e-03 -5.89986052e-03 3.50411274e-02 -4.05054120e-03 8.01176950e-03 -6.60475111e-03 8.11198447e-03 -1.66662503e-02 -6.25491096e-03 1.37859629e-02 3.57304048e-03
4.19945922e-03 -3.42718465e-03 -2.92852777e-03 -3.31880245e-03 -5.74105361e-04 -1.13157684e-03 -1.15886831e-03 6.90434873e-03 -7.97447166e-04 1.58105697e-03 -1.30343763e-03 1.60187611e-03 -3.29103973e-03 -1.23520684e-03 2.72250990e-03 7.05667306e-04
3.73247778e-03 -6.06844155e-03 -5.26876003e-03 -6.02082023e-03 -1.04124274e-03 -2.03314889e-03 -2.08586920e-03 1.24170277e-02 -1.43372989e-03 2.84235273e-03 -2.34327023e-03 2.87974626e-03 -5.91640081e-03 -2.22057034e-03 4.89434507e-03 1.26860547e-03
-1.07407924e-02 1.41992709e-02 1.02343922e-02 1.17113329e-02 2.07210914e-03 3.78468749e-03 3.83638288e-03 -2.26325374e-02 2.61585461e-03 -5.14068548e-03 4.23995685e-03 -5.19549567e-03 1.06756417e-02 4.00573155e-03 -8.82831682e-03 -2.28781067e-03
2.46840566e-02 -3.34638171e-02 -2.53546741e-02 -2.86770631e-02 -4.91107535e-03 -9.40855499e-03 -9.61151533e-03 5.69048636e-02 -6.57011475e-03 1.30008878e-02 -1.07174367e-02 1.31604839e-02 -2.70382222e-02 -1.01476535e-02 2.23660395e-02 5.79704717e-03
2.91955769e-02 -4.16092053e-02 -2.84370128e-02 -3.29718105e-02 -5.45292348e-03 -1.05901370e-02 -1.06976628e-02 6.33346140e-02 -7.32478686e-03 1.44768171e-02 -1.19400220e-02 1.46514317e-02 -3.01013850e-02 -1.12961568e-02 2.48970762e-02 6.45273132e-03
5.30520314e-03 -7.15952134e-03 -4.86503867e-03 -5.69233717e-03 -9.94134927e-04 -1.79567270e-03 -1.79678435e-03 1.04956385e-02 -1.22605544e-03 2.38777138e-03 -1.96799473e-03 2.40187347e-03 -4.93551278e-03 -1.85153168e-03 4.07972233e-03 1.05660164e-03
-1.38634071e-03 1.74689409e-03 1.92931236e-03 2.20829691e-03 3.70913942e-04 7.79919967e-04 8.04858864e-04 -4.87661688e-03 5.58335450e-04 -1.12049992e-03 9.23589512e-04 -1.14114350e-03 2.34424043e-03 8.80147622e-04 -1.94036961e-03 -5.03256160e-04
-1.88911557e-02 2.68347189e-02 1.98390335e-02 2.19755620e-02 3.79059091e-03 7.18336599e-03 7.28224916e-03 -4.30049524e-02 4.99758031e-03 -9.82194673e-03 8.09374079e-03 -9.92583111e-03 2.03946754e-02 7.65253603e-03 -1.68658663e-02 -4.37035505e-03
5.62163070e-03 -6.29185792e-03 -4.71713161e-03 -5.37293032e-03 -9.28312598e-04 -1.77114946e-03 -1.80752121e-03 1.07285120e-02 -1.24116847e-03 2.45446013e-03 -2.02301471e-03 2.48470111e-03 -5.10478579e-03 -1.91587221e-03 4.22266871e-03 1.09446596e-03
-8.60678777e-02 1.17568627e-01 8.30721930e-02 9.53839198e-02 1.63747557e-02 3.11376713e-02 3.17533799e-02 -1.87327236e-01 2.16699615e-02 -4.27601114e-02 3.52467149e-02 -4.32451516e-02 8.88471529e-02 3.33442837e-02 -7.34898075e-02 -1.90464985e-02
-2.24498324e-02 3.00898384e-02 2.32629310e-02 2.63503958e-02 4.62134415e-03 8.76272283e-03 8.95237084e-03 -5.29839881e-02 6.11140300e-03 -1.20902238e-02 9.96682141e-03 -1.22419018e-02 2.51507740e-02 9.43942834e-03 -2.08050981e-02 -5.39252162e-03
3.72885726e-04 -3.45898629e-03 -3.33801145e-03 -3.86144524e-03 -6.66152977e-04 -1.31471525e-03 -1.35334337e-03 8.07843078e-03 -9.30240785e-04 1.85024785e-03 -1.52541336e-03 1.87581137e-03 -3.85380839e-03 -1.44650484e-03 3.18832789e-03 8.26471718e-04
-3.69164953e-03 4.97906841e-03 3.50052305e-03 4.07040585e-03 7.09079963e-04 1.31054583e-03 1.31369953e-03 -7.76322512e-03 9.07680951e-04 -1.76661613e-03 1.45472307e-03 -1.78082532e-03 3.65931052e-03 1.37293083e-03 -3.02523538e-03 -7.83420284e-04
1.80137865e-02 -2.60561295e-02 -1.92575343e-02 -2.24310569e-02 -3.77542782e-03 -7.23525602e-03 -7.32440827e-03 4.34402563e-02 -5.02194511e-03 9.92316101e-03 -8.18030164e-03 1.00367228e-02 -2.06207149e-02 -7.73882959e-03 1.70560125e-02 4.42036008e-03
-3.09206024e-02 3.95551845e-02 2.79992074e-02 3.05236559e-02 5.40109724e-03 1.01294080e-02 1.03230514e-02 -6.12224638e-02 7.06716487e-03 -1.39825838e-02 1.15269842e-02 -1.41587211e-02 2.90889386e-02 1.09174754e-02 -2.40628198e-02 -6.23692805e-03
1.07775582e-02 -1.46643594e-02 -1.04130376e-02 -1.18466280e-02 -2.02898518e-03 -3.82852764e-03 -3.86589393e-03 2.28080880e-02 -2.65186629e-03 5.19800466e-03 -4.28327778e-03 5.24870679e-03 -1.07841799e-02 -4.04661987e-03 8.91786721e-03 2.31076707e-03
2.41418406e-02 -3.13635841e-02 -2.41460036e-02 -2.75325049e-02 -4.70834970e-03 -9.00075212e-03 -9.15647019e-03 5.42960502e-02 -6.28860947e-03 1.24163199e-02 -1.02343922e-02 1.25653511e-02 -2.58155148e-02 -9.68853664e-03 2.13535260e-02 5.53433131e-03
-1.87892485e-02 2.31068432e-02 1.63485557e-02 1.93639845e-02 3.28391418e-03 6.16525579e-03 6.28532330e-03 -3.71007361e-02 4.28295042e-03 -8.44484940e-03 6.95839198e-03 -8.53934046e-03 1.75443776e-02 6.58418192e-03 -1.45112406e-02 -3.76082887e-03
1.23456335e-02 -1.70461163e-02 -1.24710752e-02 -1.41351642e-02 -2.44398974e-03 -4.61477740e-03 -4.68793837e-03 2.76127271e-02 -3.19535006e-03 6.29314687e-03 -5.18537778e-03 6.36523357e-03 -1.30775301e-02 -4.90783062e-03 1.08168647e-02 2.80344137e-03
-1.52299204e-03 6.49376248e-04 -3.52529023e-04 -3.77738208e-04 -8.32037476e-05 -2.16159679e-04 -2.55738007e-04 1.58707297e-03 -1.76656569e-04 3.64563224e-04 -3.01551685e-04 3.72595445e-04 -7.65477191e-04 -2.87474948e-04 6.33791264e-04 1.64356796e-04
1.11562405e-02 -1.53214009e-02 -1.17729977e-02 -1.33357206e-02 -2.30496470e-03 -4.40144120e-03 -4.49459814e-03 2.66721342e-02 -3.08081438e-03 6.09540008e-03 -5.02393814e-03 6.17087260e-03 -1.26780486e-02 -4.75819223e-03 1.04872743e-02 2.71818647e-03
-9.12768859e-03 1.01557272e-02 5.89448493e-03 6.72096526e-03 1.12211215e-03 2.09472189e-03 2.13666423e-03 -1.25227002e-02 1.44625374e-03 -2.85725668e-03 2.35476368e-03 -2.89123505e-03 5.93995117e-03 2.22923816e-03 -4.91336640e-03 -1.27349677e-03
-6.66799257e-03 8.88258126e-03 7.17308978e-03 8.16626009e-03 1.40628614e-03 2.73823808e-03 2.79746298e-03 -1.66302677e-02 1.92132557e-03 -3.80547345e-03 3.13725183e-03 -3.85417673e-03 7.91838020e-03 2.97190249e-03 -6.55029016e-03 -1.69779488e-03
-1.92546267e-02 2.78998222e-02 1.94977503e-02 2.22940892e-02 3.85911879e-03 7.18361093e-03 7.29394704e-03 -4.30450179e-02 4.97216405e-03 -9.80986096e-03 8.09832569e-03 -9.91316605e-03 2.03683581e-02 7.64350407e-03 -1.68453399e-02 -4.36506001e-03
-6.87001087e-03 1.16660120e-02 1.00655304e-02 1.14729218e-02 1.97805138e-03 3.87665909e-03 3.96809820e-03 -2.36127749e-02 2.72707385e-03 -5.40386513e-03 4.45494149e-03 -5.47410082e-03 1.12464949e-02 4.22104634e-03 -9.30351950e-03 -2.41141836e-03
-5.80179505e-03 6.34434633e-03 4.07324545e-03 4.58749337e-03 7.85330543e-04 1.46924180e-03 1.48070347e-03 -8.70057940e-03 1.01222331e-03 -1.98539649e-03 1.63872028e-03 -2.00557010e-03 4.12065024e-03 1.54619839e-03 -3.40751768e-03 -8.82974942e-04
5.32640703e-03 -7.70076271e-03 -5.34134312e-03 -5.99827385e-03 -1.04013539e-03 -1.96255231e-03 -1.98740978e-03 1.17583359e-02 -1.36342086e-03 2.68586050e-03 -2.21464853e-03 2.71631405e-03 -5.58051514e-03 -2.09431048e-03 4.61574318e-03 1.19623740e-03
-1.84030440e-02 2.58181542e-02 1.88833512e-02 2.14139577e-02 3.69207049e-03 7.02664861e-03 7.09183095e-03 -4.19493243e-02 4.86008916e-03 -9.58613958e-03 7.90276285e-03 -9.70024616e-03 1.99291017e-02 7.47936545e-03 -1.64845102e-02 -4.27231239e-03
-2.57183444e-02 3.33578475e-02 2.40291990e-02 2.71694083e-02 4.64766473e-03 8.89758859e-03 9.04860627e-03 -5.35022542e-02 6.20132079e-03 -1.22149987e-02 1.00735584e-02 -1.23572862e-02 2.53878850e-02 9.52744763e-03 -2.09980682e-02 -5.44192921e-03
4.12797108e-02 -5.44305742e-02 -4.05903608e-02 -4.49312218e-02 -7.79881841e-03 -1.48390578e-02 -1.51549941e-02 8.97444561e-02 -1.03766229e-02 2.04610247e-02 -1.68677196e-02 2.07208693e-02 -4.25705388e-02 -1.59769617e-02 3.52138057e-02 9.12701618e-03
3.35670970e-02 -4.51920629e-02 -3.44242267e-02 -3.82898338e-02 -6.61668926e-03 -1.27911400e-02 -1.30764367e-02 7.75924772e-02 -8.96103773e-03 1.77433789e-02 -1.46272806e-02 1.79688651e-02 -3.69157679e-02 -1.38551770e-02 3.05378772e-02 7.91526679e-03
-1.04383286e-02 1.28580704e-02 8.83948524e-03 1.01908036e-02 1.73352426e-03 3.23638110e-03 3.28503340e-03 -1.93660464e-02 2.24284688e-03 -4.41575935e-03 3.63948592e-03 -4.46323957e-03 9.16987006e-03 3.44116241e-03 -7.58402282e-03 -1.96544314e-03
9.82273556e-03 -1.46257235e-02 -1.31836357e-02 -1.46562206e-02 -2.53749453e-03 -5.12336101e-03 -5.24660107e-03 3.13007757e-02 -3.60778999e-03 7.18277553e-03 -5.92461228e-03 7.28671439e-03 -1.49696553e-02 -5.61875850e-03 1.23844547e-02 3.21059558e-03
-8.44729599e-03 1.28572695e-02 9.49579291e-03 1.10926311e-02 1.87360914e-03 3.50123667e-03 3.58217722e-03 -2.10704207e-02 2.45268852e-03 -4.81727207e-03 3.97582492e-03 -4.86787688e-03 9.99770127e-03 3.75302811e-03 -8.27009045e-03 -2.14211247e-03
-2.39052419e-02 3.26819271e-02 2.43777297e-02 2.81850602e-02 4.81057586e-03 9.22949985e-03 9.42207221e-03 -5.59763201e-02 6.47510262e-03 -1.27967065e-02 1.05483476e-02 -1.29570281e-02 2.66200192e-02 9.99069866e-03 -2.20198687e-02 -5.70726115e-03
6.76493673e-03 -9.05697979e-03 -7.67041929e-03 -8.72802455e-03 -1.50444498e-03 -2.95272470e-03 -3.02090868e-03 1.79777388e-02 -2.07586074e-03 4.11394238e-03 -3.39152641e-03 4.16735560e-03 -8.56180117e-03 -3.21341772e-03 7.08263321e-03 1.83578383e-03
-1.84599999e-02 2.44858712e-02 1.94284264e-02 2.19938513e-02 3.77946883e-03 7.32822251e-03 7.47444620e-03 -4.43701483e-02 5.12817688e-03 -1.01484712e-02 8.36682133e-03 -1.02769649e-02 2.11138166e-02 7.92431831e-03 -1.74656995e-02 -4.52697417e-03
-4.04377207e-02 5.41526526e-02 3.95007133e-02 4.46748212e-02 7.55571853e-03 1.44296102e-02 1.46984952e-02 -8.71668756e-02 1.00909807e-02 -1.98955238e-02 1.64058581e-02 -2.01333463e-02 4.13633920e-02 1.55234477e-02 -3.42134908e-02 -8.86728335e-03
3.04170465e-03 -5.19827195e-03 -2.61276122e-03 -3.07726208e-03 -5.20386558e-04 -8.32215592e-04 -8.05229240e-04 4.49495157e-03 -5.49525605e-04 1.00288796e-03 -8.31095793e-04 9.93773458e-04 -2.04384606e-03 -7.65145756e-04 1.68440829e-03 4.34948888e-04
-7.82744400e-03 1.03458390e-02 7.40358606e-03 8.38961080e-03 1.42676255e-03 2.73354864e-03 2.78441235e-03 -1.64883677e-02 1.90414535e-03 -3.76085564e-03 3.10066319e-03 -3.80626391e-03 7.81989750e-03 2.93481513e-03 -6.46840176e-03 -1.67651055e-03
1.30290622e-02 -1.83095168e-02 -1.46573316e-02 -1.66049264e-02 -2.86969845e-03 -5.55963395e-03 -5.67562971e-03 3.37236039e-02 -3.89692141e-03 7.71537889e-03 -6.36013271e-03 7.81413075e-03 -1.60541236e-02 -6.02540327e-03 1.32804438e-02 3.44221969e-03
3.94721143e-03 -4.61635645e-03 -3.44428374e-03 -3.88267171e-03 -6.68488618e-04 -1.29753666e-03 -1.31609081e-03 7.81478174e-03 -9.03121836e-04 1.78881153e-03 -1.47461286e-03 1.81141694e-03 -3.72151216e-03 -1.39674929e-03 3.07854055e-03 7.97941582e-04
3.56179476e-03 -2.37003760e-03 -2.22046697e-03 -2.43843952e-03 -4.14875540e-04 -8.71502620e-04 -8.97330348e-04 5.35458187e-03 -6.16877980e-04 1.22671784e-03 -1.01191585e-03 1.24432612e-03 -2.55643856e-03 -9.59518773e-04 2.11492996e-03 5.48216049e-04
-2.84108222e-02 3.75280902e-02 2.98478175e-02 3.51537764e-02 5.83035825e-03 1.12593248e-02 1.15136150e-02 -6.84294328e-02 7.90726393e-03 -1.56410094e-02 1.28928749e-02 -1.58398133e-02 3.25423889e-02 1.22136725e-02 -2.69197430e-02 -6.97740400e-03
-5.51587455e-02 7.67360702e-02 5.48941195e-02 6.30740672e-02 1.07671069e-02 2.02882718e-02 2.08298080e-02 -1.22581191e-01 1.42131187e-02 -2.79851090e-02 2.30694097e-02 -2.83336621e-02 5.82125895e-02 2.18473691e-02 -4.81527634e-02 -1.24806911e-02
-2.55485792e-02 3.28976139e-02 2.48948615e-02 2.88925283e-02 4.86770784e-03 9.29643027e-03 9.51058511e-03 -5.64656258e-02 6.52564224e-03 -1.29189026e-02 1.06507409e-02 -1.30844573e-02 2.68819053e-02 1.00892121e-02 -2.22373083e-02 -5.76377288e-03
-1.72320958e-02 2.31819600e-02 1.67249627e-02 1.92917604e-02 3.30740912e-03 6.26341160e-03 6.35544350e-03 -3.76249626e-02 4.33284184e-03 -8.57522991e-03 7.06291571e-03 -8.66893120e-03 1.78106911e-02 6.68423809e-03 -1.47321373e-02 -3.81832314e-03
6.56879216e-04 -1.54075632e-03 -9.00277577e-04 -9.99032753e-04 -1.67873761e-04 -3.03650595e-04 -3.03732842e-04 1.76813686e-03 -2.04743788e-04 4.01280035e-04 -3.30571725e-04 4.05197177e-04 -8.32474150e-04 -3.12389922e-04 6.88478991e-04 1.78427348e-04
-2.55200770e-02 3.54015902e-02 2.54663602e-02 2.89581828e-02 4.97933850e-03 9.29577928e-03 9.44999419e-03 -5.59140183e-02 6.48504170e-03 -1.27832955e-02 1.05353072e-02 -1.29305404e-02 2.65659485e-02 9.96999163e-03 -2.19736341e-02 -5.69492066e-03
1.41029134e-02 -1.81914121e-02 -1.23690842e-02 -1.36599382e-02 -2.37490470e-03 -4.53448249e-03 -4.59883735e-03 2.73246858e-02 -3.14773503e-03 6.22820575e-03 -5.13453037e-03 6.30634883e-03 -1.29562309e-02 -4.86267637e-03 1.07176201e-02 2.77792406e-03
4.41679638e-03 -6.50576921e-03 -4.88367258e-03 -5.97583875e-03 -9.68756329e-04 -1.83995871e-03 -1.86596578e-03 1.10382885e-02 -1.27759238e-03 2.52199220e-03 -2.07664864e-03 2.55041127e-03 -5.23983687e-03 -1.96652347e-03 4.33422439e-03 1.12332520e-03
1.51539091e-02 -2.02541258e-02 -1.52166868e-02 -1.74847152e-02 -2.96916929e-03 -5.75639913e-03 -5.87682985e-03 3.48001905e-02 -4.02558735e-03 7.95953628e-03 -6.56170072e-03 8.05791467e-03 -1.65547766e-02 -6.21319190e-03 1.36941746e-02 3.54937557e-03
1.85980164e-02 -2.30588280e-02 -1.69566013e-02 -1.91368815e-02 -3.27833975e-03 -6.30224217e-03 -6.41646842e-03 3.80887054e-02 -4.39757248e-03 8.70855339e-03 -7.17811380e-03 8.81941151e-03 -1.81193352e-02 -6.80050300e-03 1.49888210e-02 3.88502493e-03
4.68866248e-03 -3.10711795e-03 -2.84998398e-03 -3.18918936e-03 -5.25984680e-04 -1.11249799e-03 -1.14036212e-03 6.81532547e-03 -7.87545461e-04 1.56389829e-03 -1.28939992e-03 1.58539845e-03 -3.25715705e-03 -1.22251827e-03 2.69457838e-03 6.98444201e-04
1.57126144e-03 -2.74115801e-03 -2.06266227e-03 -2.39906972e-03 -4.27396153e-04 -7.75038206e-04 -7.89403566e-04 4.66224365e-03 -5.42471709e-04 1.06024509e-03 -8.72663688e-04 1.06919813e-03 -2.19747261e-03 -8.24393530e-04 1.81655434e-03 4.70520608e-04
-3.67302820e-02 4.81287800e-02 3.33878137e-02 3.88361961e-02 6.56139944e-03 1.23990867e-02 1.25434082e-02 -7.42769465e-02 8.56403913e-03 -1.69187374e-02 1.39468312e-02 -1.71187110e-02 3.51695493e-02 1.31990965e-02 -2.90910657e-02 -7.53992749e-03
-6.25245087e-03 7.87301827e-03 5.74271241e-03 6.65174751e-03 1.12117559e-03 2.08514673e-03 2.12913868e-03 -1.25727542e-02 1.45899120e-03 -2.86660064e-03 2.36367551e-03 -2.89812172e-03 5.95434476e-03 2.23447522e-03 -4.92460374e-03 -1.27621368e-03
-5.57983667e-03 7.88618624e-03 6.53760787e-03 7.45041016e-03 1.28413388e-03 2.50161439e-03 2.55745160e-03 -1.52067002e-02 1.75701990e-03 -3.47951916e-03 2.86846957e-03 -3.52410180e-03 7.24023022e-03 2.71738041e-03 -5.98929822e-03 -1.55238295e-03
3.48397493e-02 -4.58664335e-02 -3.46840583e-02 -3.93266752e-02 -6.68754801e-03 -1.28908940e-02 -1.31423464e-02 7.81062990e-02 -9.01886076e-03 1.78460125e-02 -1.47103332e-02 1.80702899e-02 -3.71253043e-02 -1.39336409e-02 3.07106208e-02 7.95996282e-03
-3.96187603e-03 5.95886400e-03 4.53370810e-03 5.29681612e-03 9.02098371e-04 1.71090686e-03 1.73551135e-03 -1.02655804e-02 1.18766748e-03 -2.34499900e-03 1.93230214e-03 -2.37142295e-03 4.87216236e-03 1.82847038e-03 -4.02987422e-03 -1.04440842e-03
-4.10379954e-02 5.20078540e-02 3.71579565e-02 4.24642786e-02 7.15760142e-03 1.35870613e-02 1.37551203e-02 -8.14508200e-02 9.45267733e-03 -1.85892992e-02 1.53226657e-02 -1.87856443e-02 3.85950617e-02 1.44837312e-02 -3.19205634e-02 -8.27209000e-03
3.16110365e-02 -4.16252427e-02 -3.07869613e-02 -3.44934054e-02 -6.04355149e-03 -1.15166269e-02 -1.16863605e-02 6.93655983e-02 -8.00502487e-03 1.58309788e-02 -1.30498093e-02 1.60251018e-02 -3.29232737e-02 -1.23563549e-02 2.72339918e-02 7.05875177e-03
2.18648370e-03 -1.61039224e-03 -1.07557775e-04 -9.96247400e-06 -7.27731822e-06 1.40196571e-04 1.54069858e-04 -1.00055546e-03 1.12195397e-04 -2.35498286e-04 1.94149485e-04 -2.40547219e-04 4.94248525e-04 1.85622514e-04 -4.09221364e-04 -1.06109568e-04
1.48763191e-02 -2.03743838e-02 -1.44402226e-02 -1.64907258e-02 -2.82116281e-03 -5.34377620e-03 -5.47401607e-03 3.23514007e-02 -3.74090718e-03 7.37488689e-03 -6.07964816e-03 7.46636419e-03 -1.53393308e-02 -5.75689320e-03 1.26883183e-02 3.28863203e-03
3.08787636e-03 -4.40377649e-03 -3.26420850e-04 -1.13278115e-03 -1.93897809e-04 -3.09102325e-05 4.30057771e-05 -4.73677763e-04 5.71155979e-05 -1.34038011e-04 1.16981355e-04 -1.54202527e-04 3.17357422e-04 1.19505727e-04 -2.63967726e-04 -6.87086867e-05
