8.25908408e-03 1.83567381e-03 2.18103244e-03 -9.27538797e-03 -1.51828711e-03 2.96784262e-03 -1.36285527e-02 3.93303260e-02 -5.73349791e-03 1.25034349e-02 -1.48620605e-02 3.90343159e-03 -8.79448466e-03 -4.27171728e-03 1.31271146e-02 1.01588210e-02
4.88750590e-03 1.28534727e-03 1.15017977e-03 -4.78632888e-03 -7.87613564e-04 1.53008010e-03 -7.05632055e-03 2.04124339e-02 -2.97087221e-03 6.49691047e-03 -7.70910317e-03 2.02489551e-03 -4.56243660e-03 -2.21610861e-03 6.81018364e-03 5.27020404e-03
5.59233688e-03 1.25093781e-03 1.36361143e-03 -6.62821066e-03 -1.01027428e-03 2.01332476e-03 -9.16765071e-03 2.64580920e-02 -3.82542168e-03 8.35898798e-03 -9.91009828e-03 2.59924075e-03 -5.85771259e-03 -2.84493691e-03 8.74246005e-03 6.76345453e-03
-1.08773690e-02 -1.49860815e-03 -2.45788787e-03 1.44671947e-02 2.43883161e-03 -4.71553253e-03 2.17164792e-02 -6.34245053e-02 9.23250150e-03 -2.02083867e-02 2.40583625e-02 -6.32888777e-03 1.42579563e-02 6.92616217e-03 -2.12847255e-02 -1.64758470e-02
-7.15569942e-04 9.75712086e-04 4.07749205e-04 5.63297188e-04 1.46010367e-04 -2.32434963e-04 1.28414598e-03 -3.83260287e-03 5.73282654e-04 -1.24874548e-03 1.51008973e-03 -3.98503762e-04 8.97437101e-04 4.35999245e-04 -1.34009356e-03 -1.03800255e-03
2.03407812e-03 1.00028956e-04 3.61220009e-04 -1.71416672e-03 -2.71493831e-04 5.49689517e-04 -2.46129604e-03 7.09104817e-03 -1.02410885e-03 2.23879656e-03 -2.65282136e-03 6.95262803e-04 -1.56714930e-03 -7.61115167e-04 2.33894284e-03 1.80896826e-03
-3.78341042e-03 -1.10887270e-03 -1.63390161e-03 5.76750748e-03 9.36369121e-04 -1.92426890e-03 8.22934881e-03 -2.34809667e-02 3.40808765e-03 -7.48675782e-03 8.80488008e-03 -2.28917482e-03 5.16467402e-03 2.50883307e-03 -7.71652861e-03 -5.95325604e-03
-2.03518337e-03 -5.65790921e-04 -6.47630193e-04 2.66928622e-03 4.10659646e-04 -8.18251399e-04 3.69344838e-03 -1.06126172e-02 1.54467393e-03 -3.38023063e-03 4.00423864e-03 -1.04960310e-03 2.36549717e-03 1.14885112e-03 -3.53058288e-03 -2.73098284e-03
-8.37861618e-04 9.57580341e-04 1.92143867e-04 3.44641507e-03 6.54158939e-04 -1.21342496e-03 5.72466850e-03 -1.69395357e-02 2.47161509e-03 -5.41102234e-03 6.46082591e-03 -1.70505710e-03 3.84028582e-03 1.86578720e-03 -5.73408650e-03 -4.44020517e-03
-4.72355692e-04 -2.23735042e-05 -1.45258731e-04 1.06879254e-03 1.82347445e-04 -3.56672768e-04 1.65031641e-03 -4.82221600e-03 6.96108676e-04 -1.52220472e-03 1.81180041e-03 -4.76466230e-04 1.07345451e-03 5.21430513e-04 -1.60240824e-03 -1.24025461e-03
5.58679271e-03 1.35624281e-03 1.34768547e-03 -6.77992404e-03 -1.11091183e-03 2.17031944e-03 -9.89272632e-03 2.88066380e-02 -4.17001219e-03 9.13218688e-03 -1.08517911e-02 2.85154930e-03 -6.42479211e-03 -3.12071759e-03 9.59007163e-03 7.42221437e-03
1.13870930e-02 1.98186398e-03 2.57749064e-03 -1.23206172e-02 -2.02523638e-03 3.93136684e-03 -1.81510504e-02 5.26770987e-02 -7.65412673e-03 1.67318266e-02 -1.99053343e-02 5.23142191e-03 -1.17864646e-02 -5.72521938e-03 1.75939575e-02 1.36160450e-02
-1.76859985e-03 -3.74568626e-04 -4.95081360e-04 2.10620835e-03 3.52132629e-04 -6.87340100e-04 3.13719944e-03 -9.10945889e-03 1.32686237e-03 -2.90226378e-03 3.44903464e-03 -9.06087400e-04 2.04146048e-03 9.91603476e-04 -3.04721482e-03 -2.35818326e-03
-1.09241409e-02 -2.19967705e-03 -2.97234301e-03 1.26073062e-02 2.09260569e-03 -4.10780078e-03 1.87304560e-02 -5.42539693e-02 7.87051860e-03 -1.71450581e-02 2.03800239e-02 -5.35479933e-03 1.20653771e-02 5.86046465e-03 -1.80096328e-02 -1.39361871e-02
1.05729215e-02 1.90481590e-03 2.98657804e-03 -1.35768307e-02 -2.29533343e-03 4.45484696e-03 -2.05239840e-02 5.98265789e-02 -8.71986803e-03 1.90392397e-02 -2.26733293e-02 5.96584007e-03 -1.34399058e-02 -6.52873795e-03 2.00634804e-02 1.55306030e-02
-1.53077329e-02 -1.51561503e-03 -3.37475352e-03 3.09949387e-02 5.46699855e-03 -1.04594305e-02 4.84731533e-02 -1.42141864e-01 2.07388494e-02 -4.53893803e-02 5.40720001e-02 -1.42315663e-02 3.20605896e-02 1.55746816e-02 -4.78629544e-02 -3.70506123e-02
-5.47497533e-03 -4.92032967e-04 -9.90524306e-04 7.30222091e-03 1.19462004e-03 -2.33480381e-03 1.07190562e-02 -3.13157402e-02 4.53266222e-03 -9.91837215e-03 1.18057383e-02 -3.10586509e-03 6.99699670e-03 3.39893764e-03 -1.04452232e-02 -8.08530021e-03
9.65587143e-03 2.21106666e-03 2.28113146e-03 -1.20528238e-02 -2.00212537e-03 3.88367916e-03 -1.78370159e-02 5.19711263e-02 -7.54857669e-03 1.64892301e-02 -1.96066089e-02 5.15376311e-03 -1.16118649e-02 -5.64061524e-03 1.73333921e-02 1.34148560e-02
-6.18312974e-03 -3.99958284e-04 -1.24733988e-03 1.16106775e-02 2.02177512e-03 -3.87639739e-03 1.79606304e-02 -5.25860116e-02 7.66632333e-03 -1.67763922e-02 1.99818090e-02 -5.25852339e-03 1.18463775e-02 5.75478934e-03 -1.76851302e-02 -1.36899101e-02
1.95336752e-02 1.23532303e-03 3.08032893e-03 -3.06800455e-02 -5.38957026e-03 1.03523303e-02 -4.77407202e-02 1.40102059e-01 -2.04331037e-02 4.47290987e-02 -5.32814674e-02 1.40227675e-02 -3.15902047e-02 -1.53461620e-02 4.71606515e-02 3.65069248e-02
-5.37432265e-03 -8.50228476e-04 -1.23492861e-03 6.18141983e-03 1.03660778e-03 -2.02029571e-03 9.27704480e-03 -2.70227827e-02 3.91391013e-03 -8.56144354e-03 1.01866331e-02 -2.67825974e-03 6.03380892e-03 2.93093524e-03 -9.00696311e-03 -6.97144819e-03
-2.06550490e-02 -3.10641062e-03 -4.08209814e-03 2.90267020e-02 4.91361925e-03 -9.46746953e-03 4.37283181e-02 -1.27779141e-01 1.86207835e-02 -4.07481976e-02 4.85305935e-02 -1.27701405e-02 2.87686344e-02 1.39752794e-02 -4.29474413e-02 -3.32447402e-02
-7.83983711e-03 -1.18765398e-03 -1.54808420e-03 7.33732292e-03 1.18296011e-03 -2.32695392e-03 1.06928274e-02 -3.08015402e-02 4.45821835e-03 -9.75678209e-03 1.15790404e-02 -3.03874887e-03 6.84759021e-03 3.32622882e-03 -1.02212513e-02 -7.90790655e-03
-7.94283673e-03 -1.05612306e-03 -1.46785518e-03 5.52935852e-03 7.53233442e-04 -1.58475491e-03 6.95220800e-03 -2.00470090e-02 2.89992173e-03 -6.36229012e-03 7.51960697e-03 -1.96529645e-03 4.42737155e-03 2.15181732e-03 -6.60985615e-03 -5.11064287e-03
2.42971769e-03 1.63849676e-04 3.82481609e-04 -1.89293246e-03 -2.49132630e-04 5.20719856e-04 -2.33272975e-03 6.69929245e-03 -9.66387219e-04 2.11295672e-03 -2.50819139e-03 6.58453384e-04 -1.48354436e-03 -7.20569631e-04 2.21426529e-03 1.71364739e-03
8.98904726e-03 1.23794540e-03 1.97602063e-03 -1.42881609e-02 -2.47505517e-03 4.74653533e-03 -2.19826754e-02 6.44106865e-02 -9.38252453e-03 2.05327738e-02 -2.44578999e-02 6.43685833e-03 -1.45009095e-02 -7.04431348e-03 2.16480177e-02 1.67575926e-02
-1.44816265e-02 -1.66964508e-03 -3.35236965e-03 1.42606217e-02 2.22037500e-03 -4.47636237e-03 2.00464167e-02 -5.77281825e-02 8.38438980e-03 -1.83437914e-02 2.17580386e-02 -5.69276232e-03 1.28314160e-02 6.23146025e-03 -1.91520788e-02 -1.48120588e-02
-5.97527158e-03 -1.29087188e-03 -1.52585621e-03 1.04656043e-02 1.85710983e-03 -3.54840513e-03 1.61433909e-02 -4.73618321e-02 6.91105332e-03 -1.51247066e-02 1.80144925e-02 -4.74046730e-03 1.06794117e-02 5.18787885e-03 -1.59429945e-02 -1.23411827e-02
7.53429905e-03 1.78543292e-03 1.82117824e-03 -5.58828330e-03 -8.64845642e-04 1.72363559e-03 -7.84818176e-03 2.25221254e-02 -3.25160101e-03 7.09291082e-03 -8.45180545e-03 2.21438613e-03 -4.98802308e-03 -2.42256676e-03 7.44392350e-03 5.75902220e-03
7.14819739e-03 1.89483725e-03 2.24102940e-03 -6.91478001e-03 -1.03810860e-03 2.08261330e-03 -9.31575149e-03 2.69664098e-02 -3.88251967e-03 8.49437807e-03 -1.00456011e-02 2.62892595e-03 -5.92540391e-03 -2.87773996e-03 8.84352904e-03 6.83873007e-03
1.01491008e-02 2.46490352e-03 2.74818810e-03 -1.16291828e-02 -1.88142189e-03 3.74291604e-03 -1.70951337e-02 4.97387387e-02 -7.13706343e-03 1.55881075e-02 -1.84330530e-02 4.83728247e-03 -1.09045180e-02 -5.29935211e-03 1.62853356e-02 1.25902174e-02
1.79138817e-02 2.47328170e-03 4.19523055e-03 -2.57482063e-02 -4.49198624e-03 8.69822968e-03 -3.99257094e-02 1.17072128e-01 -1.70405135e-02 3.72973643e-02 -4.44244556e-02 1.16887977e-02 -2.63321828e-02 -1.27916308e-02 3.93100716e-02 3.04297209e-02
-3.05429138e-02 -4.33298247e-03 -6.60894159e-03 4.92905378e-02 8.12220201e-03 -1.57017466e-02 7.22071156e-02 -2.11420566e-01 3.07547953e-02 -6.72706813e-02 8.00901353e-02 -2.10755952e-02 4.74799722e-02 2.30645128e-02 -7.08793923e-02 -5.48656844e-02
2.10896470e-02 3.41654615e-03 4.78708185e-03 -2.87747942e-02 -4.99518029e-03 9.56076570e-03 -4.45045643e-02 1.29898503e-01 -1.89222004e-02 4.13898155e-02 -4.93142828e-02 1.29744112e-02 -2.92284563e-02 -1.41987465e-02 4.36343513e-02 3.37770544e-02
-9.33440123e-03 -9.56446340e-04 -1.45767059e-03 1.24456063e-02 2.18964065e-03 -4.20813588e-03 1.95040051e-02 -5.69263548e-02 8.29563476e-03 -1.81513205e-02 2.16250978e-02 -5.69109386e-03 1.28208380e-02 6.22821506e-03 -1.91400945e-02 -1.48163112e-02
7.74544338e-03 1.42284867e-03 1.62519212e-03 -1.14277648e-02 -1.94973778e-03 3.78686981e-03 -1.73795242e-02 5.07414639e-02 -7.38770841e-03 1.61704402e-02 -1.92425512e-02 5.06191794e-03 -1.14038661e-02 -5.53964078e-03 1.70237459e-02 1.31772636e-02
2.60829506e-03 6.63534505e-04 6.77676813e-04 -4.11212165e-03 -6.84405153e-04 1.32906321e-03 -6.10330468e-03 1.79419648e-02 -2.59578042e-03 5.67743788e-03 -6.75961049e-03 1.77831994e-03 -4.00625588e-03 -1.94612017e-03 5.98061737e-03 4.62942338e-03
3.07500805e-03 -9.54690855e-04 6.69873494e-04 -1.22914920e-02 -2.18802318e-03 4.17506462e-03 -1.93832461e-02 5.69191985e-02 -8.30505602e-03 1.81777384e-02 -2.16563065e-02 5.69996284e-03 -1.28408158e-02 -6.23792689e-03 1.91699471e-02 1.48394220e-02
3.31287098e-04 -1.15304108e-04 9.21118117e-05 -1.45718595e-03 -2.53889652e-04 4.89819737e-04 -2.27087317e-03 6.65659877e-03 -9.70884925e-04 2.12463527e-03 -2.53080647e-03 6.65992789e-04 -1.50035077e-03 -7.28845014e-04 2.23982404e-03 1.73381949e-03
1.81886018e-03 4.20829019e-04 3.93187511e-04 -2.04473222e-03 -3.34331213e-04 6.47439098e-04 -2.98616407e-03 8.69291276e-03 -1.26772292e-03 2.77255336e-03 -3.30119650e-03 8.68740841e-04 -1.95710151e-03 -9.50724701e-04 2.92168465e-03 2.26164702e-03
2.82136374e-03 4.65098419e-04 7.41873519e-04 -3.73087986e-03 -6.14680583e-04 1.20126037e-03 -5.47609245e-03 1.59313064e-02 -2.30989885e-03 5.05227083e-03 -6.00578636e-03 1.57762133e-03 -3.55461729e-03 -1.72654772e-03 5.30574797e-03 4.10609879e-03
-1.01095997e-02 -2.13418226e-03 -2.46168463e-03 1.26570296e-02 2.06831354e-03 -4.00098180e-03 1.85334031e-02 -5.35401329e-02 7.74684921e-03 -1.69315077e-02 2.01169252e-02 -5.28915646e-03 1.19161550e-02 5.78843849e-03 -1.77883524e-02 -1.37666399e-02
-1.43080414e-03 -2.63067450e-05 -1.45148369e-04 9.70862107e-04 1.67721650e-04 -3.22530046e-04 1.46174058e-03 -4.26837057e-03 6.20719860e-04 -1.35890360e-03 1.61723385e-03 -4.25304199e-04 9.58144432e-04 4.65438876e-04 -1.43033278e-03 -1.10714277e-03
-1.39392940e-02 -1.49818300e-03 -3.06187849e-03 1.89905372e-02 3.22582689e-03 -6.20365748e-03 2.86337174e-02 -8.39174315e-02 1.22196879e-02 -2.67336965e-02 3.18363607e-02 -8.37733410e-03 1.88726224e-02 9.16793384e-03 -2.81740688e-02 -2.18091607e-02
1.53905731e-02 3.71148344e-03 3.79034039e-03 -1.62737239e-02 -2.61678500e-03 5.19792456e-03 -2.35273410e-02 6.89086840e-02 -9.91635397e-03 2.15629097e-02 -2.55668033e-02 6.71247672e-03 -1.51300086e-02 -7.35474378e-03 2.25855671e-02 1.74664389e-02
-1.31533463e-02 -2.10657017e-03 -3.07760807e-03 1.63575318e-02 2.76413979e-03 -5.44308499e-03 2.47093216e-02 -7.20264688e-02 1.04326988e-02 -2.28163861e-02 2.71321908e-02 -7.13080913e-03 1.60655119e-02 7.80415162e-03 -2.39825007e-02 -1.85620226e-02
-2.82787699e-02 -6.70966785e-03 -5.94637822e-03 3.17378752e-02 5.27655100e-03 -1.04296859e-02 4.73268293e-02 -1.36829659e-01 1.98325440e-02 -4.35650907e-02 5.15620746e-02 -1.35451593e-02 3.05195358e-02 1.48252882e-02 -4.55642566e-02 -3.52574438e-02
-7.48823956e-03 -1.28718326e-04 -1.29635574e-03 1.70234796e-02 2.98999459e-03 -5.72054600e-03 2.64777280e-02 -7.77231902e-02 1.13378391e-02 -2.48164590e-02 2.95625273e-02 -7.78076891e-03 1.75284222e-02 8.51510931e-03 -2.61680074e-02 -2.02565882e-02
7.04651792e-03 1.03211985e-03 1.19608745e-03 -9.72078275e-03 -1.57905754e-03 3.07549443e-03 -1.40170418e-02 4.10161056e-02 -5.98084135e-03 1.30916080e-02 -1.55858230e-02 4.10134764e-03 -9.23948921e-03 -4.48839366e-03 1.37933241e-02 1.06772352e-02
9.01107118e-03 4.99139656e-04 2.20236136e-03 -2.47816611e-02 -4.40712692e-03 8.40901956e-03 -3.90267335e-02 1.14577256e-01 -1.67173259e-02 3.65898460e-02 -4.35921550e-02 1.14735123e-02 -2.58473996e-02 -1.25563825e-02 3.85873802e-02 2.98704244e-02
-4.22594883e-03 -6.11765892e-04 -6.02134271e-04 4.35626414e-03 7.67772261e-04 -1.46977277e-03 6.81744143e-03 -1.99665949e-02 2.91193207e-03 -6.37240475e-03 7.59137049e-03 -1.99800101e-03 4.50107781e-03 2.18657032e-03 -6.71960786e-03 -5.20163076e-03
-7.17402669e-03 -2.63250223e-03 -2.51024077e-03 8.53106845e-03 1.33474614e-03 -2.69336370e-03 1.19209541e-02 -3.42819989e-02 4.98385215e-03 -1.08906468e-02 1.29111540e-02 -3.38323880e-03 7.62466155e-03 3.70300817e-03 -1.13802366e-02 -8.80329963e-03
6.95398683e-03 8.64101225e-04 1.41262822e-03 -9.06267203e-03 -1.53198908e-03 2.97434558e-03 -1.36547191e-02 3.99334244e-02 -5.81379887e-03 1.27156051e-02 -1.51416752e-02 3.98333184e-03 -8.97374656e-03 -4.35922388e-03 1.33963153e-02 1.03697544e-02
3.23871477e-03 7.95775908e-04 9.36712604e-04 -3.35385441e-03 -5.32853534e-04 1.05237693e-03 -4.76154918e-03 1.38000380e-02 -1.99402729e-03 4.36303997e-03 -5.18060476e-03 1.35902199e-03 -3.06220795e-03 -1.48728956e-03 4.57039801e-03 3.53662902e-03
7.61129148e-03 9.18918522e-05 1.04414008e-03 -1.35887451e-02 -2.36586062e-03 4.52657556e-03 -2.09615696e-02 6.14829138e-02 -8.96423403e-03 1.96186733e-02 -2.33691968e-02 6.15031691e-03 -1.38553297e-02 -6.73075859e-03 2.06844229e-02 1.60116870e-02
1.33803138e-03 2.30842549e-03 1.66472909e-03 -4.16051270e-03 -6.50875911e-04 1.35660113e-03 -5.75321680e-03 1.67909022e-02 -2.38497485e-03 5.21885836e-03 -6.18556468e-03 1.61359273e-03 -3.63670639e-03 -1.76628097e-03 5.42836403e-03 4.19733720e-03
3.25710047e-03 6.13155076e-04 6.68331166e-04 -3.97023978e-03 -6.49284630e-04 1.25806278e-03 -5.77925425e-03 1.68728735e-02 -2.45325360e-03 5.36861271e-03 -6.38681417e-03 1.67949917e-03 -3.78371868e-03 -1.83797861e-03 5.64819481e-03 4.37184330e-03
-2.16196198e-03 -4.11504734e-04 -4.82491829e-04 3.24706291e-03 5.47948701e-04 -1.05171069e-03 4.87311697e-03 -1.42317181e-02 2.07212009e-03 -4.53311624e-03 5.39669953e-03 -1.41978788e-03 3.19852121e-03 1.55376189e-03 -4.77485778e-03 -3.69607168e-03
-1.98481651e-03 -5.84840251e-04 -4.53278713e-04 1.31035154e-03 2.21535200e-04 -4.28527390e-04 1.97128253e-03 -5.72780240e-03 8.32470483e-04 -1.81880617e-03 2.16694293e-03 -5.69778786e-04 1.28359185e-03 6.23534666e-04 -1.91617862e-03 -1.48327637e-03
3.59941320e-03 3.33189935e-04 6.62256381e-04 -3.49946553e-03 -6.10944699e-04 1.17610325e-03 -5.42554073e-03 1.58820786e-02 -2.31578364e-03 5.06837666e-03 -6.03750115e-03 1.58893247e-03 -3.57951317e-03 -1.73888193e-03 5.34379762e-03 4.13661823e-03
2.41375342e-03 5.13869629e-04 7.35849375e-04 -2.88786017e-03 -4.76148853e-04 9.33013158e-04 -4.25380841e-03 1.23362402e-02 -1.79092609e-03 3.91685450e-03 -4.65634186e-03 1.22350350e-03 -2.75654765e-03 -1.33895944e-03 4.11468139e-03 3.18459142e-03
1.11714881e-02 2.66029197e-03 2.72695068e-03 -1.11354226e-02 -1.90430274e-03 3.75485071e-03 -1.70408413e-02 4.95585091e-02 -7.20845582e-03 1.57633945e-02 -1.87681504e-02 4.93342243e-03 -1.11141428e-02 -5.39879128e-03 1.65906604e-02 1.28424680e-02
5.29838959e-03 1.57983927e-03 1.44773955e-03 -5.52653242e-03 -9.24355991e-04 1.82185031e-03 -8.25497601e-03 2.39834823e-02 -3.47952964e-03 7.60636525e-03 -9.04482882e-03 2.37710355e-03 -5.35575859e-03 -2.60145171e-03 7.99420569e-03 6.18692534e-03
-1.95037760e-02 -5.63038420e-03 -4.48165135e-03 2.14783773e-02 3.49567411e-03 -6.80176867e-03 3.14446837e-02 -9.12163556e-02 1.32135367e-02 -2.89142542e-02 3.44159417e-02 -9.05003957e-03 2.03882176e-02 9.90385842e-03 -3.04352269e-02 -2.35587321e-02
-5.67723473e-04 3.13745477e-05 -1.73902517e-04 1.18834118e-03 1.90514955e-04 -3.82178463e-04 1.74900121e-03 -5.07427147e-03 7.37073249e-04 -1.61308993e-03 1.91800483e-03 -5.04048541e-04 1.13560236e-03 5.51606878e-04 -1.69510441e-03 -1.31198892e-03
-8.40761233e-03 -1.06439437e-03 -1.96656771e-03 9.09571163e-03 1.44270004e-03 -2.89109931e-03 1.31865423e-02 -3.81803885e-02 5.49114589e-03 -1.20011065e-02 1.42650800e-02 -3.74200894e-03 8.43298063e-03 4.09525726e-03 -1.25850663e-02 -9.73859988e-03
9.84603539e-03 1.62522891e-03 2.53921584e-03 -1.40317362e-02 -2.36581033e-03 4.57721530e-03 -2.11415850e-02 6.15730919e-02 -8.95042438e-03 1.95932947e-02 -2.33226195e-02 6.13341946e-03 -1.38177602e-02 -6.71217917e-03 2.06272695e-02 1.59666836e-02
1.63221620e-02 3.46625200e-03 2.95401574e-03 -2.09899731e-02 -3.52948927e-03 6.83658803e-03 -3.13739218e-02 9.18261707e-02 -1.33873578e-02 2.92991605e-02 -3.48994844e-02 9.18192044e-03 -2.06851214e-02 -1.00481827e-02 3.08792740e-02 2.39031874e-02
2.81968690e-03 1.27176114e-04 6.25589106e-04 -3.02942051e-03 -4.54648922e-04 9.49529349e-04 -4.29110788e-03 1.22797089e-02 -1.76986970e-03 3.87746003e-03 -4.58576344e-03 1.19830098e-03 -2.70140590e-03 -1.31186296e-03 4.03145654e-03 3.11677624e-03
2.29614391e-03 7.63506163e-04 7.89770973e-04 -2.44888850e-03 -3.88278742e-04 7.80840928e-04 -3.55443265e-03 1.01143671e-02 -1.46116479e-03 3.20063229e-03 -3.79054667e-03 9.91844921e-04 -2.23529129e-03 -1.08558405e-03 3.33591783e-03 2.58010672e-03
-1.11670177e-02 -2.57199723e-03 -4.14554216e-03 1.51830427e-02 2.54178606e-03 -4.96455561e-03 2.26958450e-02 -6.60488680e-02 9.61550791e-03 -2.10269485e-02 2.49996204e-02 -6.57114852e-03 1.48057397e-02 7.19118025e-03 -2.21000202e-02 -1.71033572e-02
-2.10578437e-03 -5.58775908e-04 -5.40242880e-04 2.85512651e-03 4.68606857e-04 -9.08760063e-04 4.17672982e-03 -1.21752638e-02 1.77449232e-03 -3.88212572e-03 4.61797137e-03 -1.21444801e-03 2.73597753e-03 1.32903422e-03 -4.08419827e-03 -3.16132978e-03
-4.71169315e-02 -9.25110746e-03 -8.26047920e-03 5.12663275e-02 8.54703970e-03 -1.66464243e-02 7.67063275e-02 -2.22632065e-01 3.23477872e-02 -7.07890913e-02 8.42137262e-02 -2.21376847e-02 4.98735830e-02 2.42271740e-02 -7.44509622e-02 -5.76265566e-02
-8.86455737e-03 -8.60157190e-04 -1.66487682e-03 1.23943295e-02 2.14112503e-03 -4.12424700e-03 1.90774500e-02 -5.57066314e-02 8.10367707e-03 -1.77329220e-02 2.11216174e-02 -5.55824442e-03 1.25215556e-02 6.08278438e-03 -1.86931156e-02 -1.44702224e-02
3.33674438e-03 9.42696584e-04 1.10191677e-03 -4.20162501e-03 -6.96751464e-04 1.37034594e-03 -6.23721257e-03 1.80236120e-02 -2.62535503e-03 5.73034072e-03 -6.80767465e-03 1.78726274e-03 -4.02714731e-03 -1.95602002e-03 6.01097383e-03 4.65098396e-03
-1.95624935e-03 -3.35045566e-04 -4.06594248e-04 2.10675690e-03 3.43697175e-04 -6.77865930e-04 3.05539602e-03 -8.90655909e-03 1.29160832e-03 -2.82135722e-03 3.34645971e-03 -8.78591440e-04 1.97993941e-03 9.61710175e-04 -2.95548164e-03 -2.28609308e-03
1.10529540e-02 1.97224459e-03 2.19910499e-03 -1.35897398e-02 -2.23293388e-03 4.36205696e-03 -1.98651962e-02 5.80735467e-02 -8.44224356e-03 1.84856560e-02 -2.19931398e-02 5.78116253e-03 -1.30245928e-02 -6.32690359e-03 1.94427297e-02 1.50486212e-02
-1.91884302e-02 -3.04820668e-03 -4.85366909e-03 2.93651521e-02 5.13119530e-03 -9.84220300e-03 4.55077067e-02 -1.33322507e-01 1.94244068e-02 -4.25080322e-02 5.06341644e-02 -1.33248996e-02 3.00182719e-02 1.45824198e-02 -4.48134765e-02 -3.46898474e-02
5.77467727e-03 1.29862898e-03 1.62714475e-03 -6.50582742e-03 -1.04736537e-03 2.08530063e-03 -9.43764113e-03 2.73608733e-02 -3.96545883e-03 8.66704155e-03 -1.02875177e-02 2.70011299e-03 -6.08429033e-03 -2.95513123e-03 9.08096973e-03 7.02649448e-03
8.34627263e-03 7.81731098e-04 1.76822045e-03 -1.12469029e-02 -1.89797650e-03 3.67318909e-03 -1.68666933e-02 4.92544435e-02 -7.17808632e-03 1.57019179e-02 -1.86826307e-02 4.91222320e-03 -1.10670263e-02 -5.37593151e-03 1.65205747e-02 1.27865663e-02
-1.01574436e-02 -1.09920918e-03 -1.47490017e-03 1.13941487e-02 1.84971699e-03 -3.60396830e-03 1.66356750e-02 -4.84309308e-02 7.02006975e-03 -1.53604690e-02 1.82748139e-02 -4.80644545e-03 1.08283190e-02 5.26004238e-03 -1.61644202e-02 -1.25118960e-02
6.35922933e-03 1.53426745e-03 1.91028253e-03 -8.03768449e-03 -1.32236141e-03 2.60683452e-03 -1.18928375e-02 3.43692303e-02 -4.98067401e-03 1.08864289e-02 -1.29420646e-02 3.40250833e-03 -7.66574638e-03 -3.72357643e-03 1.14428485e-02 8.85659270e-03
-9.59809986e-04 -1.35799230e-04 -2.68315838e-04 2.52357568e-03 4.46630816e-04 -8.51890421e-04 3.93573893e-03 -1.15490612e-02 1.68532634e-03 -3.68829467e-03 4.39361855e-03 -1.15634257e-03 2.60500400e-03 1.26547460e-03 -3.88895837e-03 -3.01041477e-03
6.67703757e-03 9.49378824e-04 1.54068228e-03 -8.98334011e-03 -1.51463598e-03 2.92852498e-03 -1.35062570e-02 3.94385718e-02 -5.73334983e-03 1.25477770e-02 -1.49316536e-02 3.92756658e-03 -8.84831604e-03 -4.29821759e-03 1.32086994e-02 1.02241607e-02
-2.59082706e-04 9.65996296e-04 -9.23555199e-05 4.34465753e-03 7.85254349e-04 -1.49598485e-03 6.94891857e-03 -2.04414856e-02 2.98386137e-03 -6.53102202e-03 7.78149348e-03 -2.04816787e-03 4.61408915e-03 2.24148086e-03 -6.88836072e-03 -5.33227483e-03
-1.73590088e-03 -3.74117983e-04 -2.31946498e-04 1.39046647e-03 2.36716616e-04 -4.57020971e-04 2.09609116e-03 -6.12884155e-03 8.93392833e-04 -1.95517694e-03 2.32806359e-03 -6.12419681e-04 1.37967500e-03 6.70211273e-04 -2.05962337e-03 -1.59430562e-03
-9.29857511e-03 -2.49573728e-03 -2.59565050e-03 8.99314601e-03 1.43173616e-03 -2.82648695e-03 1.27909537e-02 -3.68641168e-02 5.30068437e-03 -1.16243893e-02 1.38185043e-02 -3.61205032e-03 8.14145710e-03 3.95428389e-03 -1.21524995e-02 -9.39889718e-03
-5.94833540e-03 -2.15324480e-03 -1.91956433e-03 6.29638648e-03 9.61216807e-04 -1.92424771e-03 8.36419128e-03 -2.38556322e-02 3.39082722e-03 -7.38329114e-03 8.71527195e-03 -2.27701338e-03 5.13395807e-03 2.49394518e-03 -7.66435778e-03 -5.92191191e-03
2.66025588e-03 1.04016182e-03 9.78370779e-04 -4.14762599e-03 -6.75158168e-04 1.33489363e-03 -6.07936550e-03 1.76032521e-02 -2.56061810e-03 5.59819629e-03 -6.66095456e-03 1.74836582e-03 -3.93928122e-03 -1.91337324e-03 5.87978121e-03 4.55032568e-03
1.76609785e-03 4.93303989e-04 3.59948899e-04 -3.50128394e-04 -3.88036351e-05 9.06506102e-05 -3.60992679e-04 9.76393698e-04 -1.38231684e-04 2.99963605e-04 -3.51628551e-04 9.06495989e-05 -2.04358323e-04 -9.92029891e-05 3.04744754e-04 2.35364074e-04
-1.00354105e-02 -2.14070478e-03 -2.47419253e-03 1.04271239e-02 1.70599017e-03 -3.38165578e-03 1.52333071e-02 -4.42527048e-02 6.44246116e-03 -1.40839042e-02 1.67580433e-02 -4.40553436e-03 9.92521551e-03 4.82130935e-03 -1.48162581e-02 -1.14676626e-02
-1.35349324e-02 -2.31875037e-03 -2.93249753e-03 1.64272487e-02 2.76418612e-03 -5.38063375e-03 2.47337520e-02 -7.20694512e-02 1.04884272e-02 -2.29321551e-02 2.72974744e-02 -7.17578270e-03 1.61663331e-02 7.85275549e-03 -2.41319835e-02 -1.86781455e-02
2.23445222e-02 3.69635271e-03 5.62134758e-03 -2.35339347e-02 -3.97518789e-03 7.71962199e-03 -3.56267393e-02 1.03739619e-01 -1.50508499e-02 3.28526981e-02 -3.91176119e-02 1.02910576e-02 -2.31842753e-02 -1.12619875e-02 3.46085615e-02 2.67885495e-02
3.91913252e-03 -1.31073524e-04 7.91908882e-04 -9.32339672e-03 -1.65347545e-03 3.15783150e-03 -1.46494275e-02 4.29905653e-02 -6.27192296e-03 1.37274116e-02 -1.63539406e-02 4.30424744e-03 -9.69653111e-03 -4.71046520e-03 1.44758578e-02 1.12057319e-02
-2.99707730e-03 4.22824232e-05 -5.15283784e-04 4.33527306e-03 7.30620057e-04 -1.41605048e-03 6.54158089e-03 -1.91101097e-02 2.78225308e-03 -6.08830107e-03 7.24794436e-03 -1.90659880e-03 4.29526344e-03 2.08651507e-03 -6.41203579e-03 -4.96329274e-03
5.52082388e-03 4.41887241e-04 1.40423630e-03 -7.13995472e-03 -1.10062514e-03 2.26813671e-03 -1.00987162e-02 2.93084066e-02 -4.20260802e-03 9.19177197e-03 -1.08520249e-02 2.84054759e-03 -6.40513236e-03 -3.11130122e-03 9.56697017e-03 7.39108492e-03
-1.40318051e-02 -4.41364199e-03 -5.02668601e-03 1.81277450e-02 2.72812438e-03 -5.36260195e-03 2.47538965e-02 -7.03368858e-02 1.02238143e-02 -2.23564450e-02 2.65261102e-02 -6.92667300e-03 1.56021332e-02 7.58739561e-03 -2.33203396e-02 -1.80107392e-02
-7.93663505e-03 -8.05924588e-04 -1.46701513e-03 1.71111207e-02 2.98482249e-03 -5.70586417e-03 2.64328327e-02 -7.75615126e-02 1.13133052e-02 -2.47555654e-02 2.94884443e-02 -7.76071288e-03 1.74832940e-02 8.49312358e-03 -2.61003468e-02 -2.02040393e-02
-3.08333198e-03 -9.89638385e-04 -5.66878531e-04 2.38953670e-03 3.73899966e-04 -7.57086033e-04 3.38845863e-03 -9.91741009e-03 1.40767358e-03 -3.08480696e-03 3.66328796e-03 -9.62239516e-04 2.16792244e-03 1.05300930e-03 -3.23586096e-03 -2.50446680e-03
-2.58684158e-03 -1.66616257e-04 -5.23711729e-04 4.80762823e-03 8.44868831e-04 -1.61812385e-03 7.48159457e-03 -2.19317358e-02 3.19888047e-03 -7.00052362e-03 8.33907258e-03 -2.19445629e-03 4.94365906e-03 2.40155449e-03 -7.38025689e-03 -5.71298692e-03
-1.87211707e-02 -3.03445850e-03 -4.39820252e-03 2.43098848e-02 4.10680939e-03 -7.91339297e-03 3.65206674e-02 -1.06926709e-01 1.55691439e-02 -3.40511240e-02 4.05490957e-02 -1.06657892e-02 2.40280982e-02 1.16722118e-02 -3.58696617e-02 -2.77652219e-02
7.30422419e-03 3.35669471e-03 3.38032027e-03 -7.66495941e-03 -1.15278200e-03 2.38386006e-03 -1.05031012e-02 2.98943426e-02 -4.31060931e-03 9.39472113e-03 -1.11233974e-02 2.90205423e-03 -6.54413737e-03 -3.17693385e-03 9.76333767e-03 7.54544511e-03
-5.81894070e-03 -9.87885636e-04 -1.27959112e-03 7.91902933e-03 1.34083768e-03 -2.59322720e-03 1.19633172e-02 -3.49683240e-02 5.08474419e-03 -1.11250142e-02 1.32474713e-02 -3.48486612e-03 7.85075314e-03 3.81369796e-03 -1.17198378e-02 -9.07202344e-03
2.66371435e-03 2.15146327e-04 4.91348444e-04 -4.39035334e-03 -7.68947939e-04 1.47375325e-03 -6.81482395e-03 1.99855939e-02 -2.91561917e-03 6.38067210e-03 -7.60101667e-03 2.00050068e-03 -4.50671278e-03 -2.18930584e-03 6.72801025e-03 5.20813419e-03
2.76986510e-03 6.70412439e-04 1.44699283e-04 3.23053938e-03 6.02455344e-04 -1.12409343e-03 5.31184627e-03 -1.56579856e-02 2.28504045e-03 -5.00070211e-03 5.96007053e-03 -1.56912033e-03 3.53490654e-03 1.71723485e-03 -5.27730118e-03 -4.08517523e-03
-9.25114378e-03 -2.78532505e-03 -2.64800224e-03 1.24075813e-02 2.06311420e-03 -4.03506821e-03 1.81957316e-02 -5.32166362e-02 7.75108580e-03 -1.69626959e-02 2.01729778e-02 -5.30601619e-03 1.19537003e-02 5.80685819e-03 -1.78448409e-02 -1.38125727e-02
-1.48437021e-03 2.99876956e-05 -5.89138472e-05 9.60868027e-04 1.70221887e-04 -3.23131855e-04 1.50033331e-03 -4.40832041e-03 6.43597916e-04 -1.40888302e-03 1.67871779e-03 -4.41863609e-04 9.95426090e-04 4.83569020e-04 -1.48607232e-03 -1.15037151e-03
-1.38655957e-02 -2.89098080e-03 -2.97867111e-03 1.91450752e-02 3.23845958e-03 -6.20995043e-03 2.88635585e-02 -8.40000510e-02 1.22466134e-02 -2.67699957e-02 3.18853371e-02 -8.39076005e-03 1.89028624e-02 9.18263197e-03 -2.82192975e-02 -2.18442734e-02
-1.04212388e-02 -1.33252377e-03 -1.92162883e-03 1.46149509e-02 2.44331663e-03 -4.67327563e-03 2.16579139e-02 -6.34286776e-02 9.25281085e-03 -2.02476345e-02 2.41195466e-02 -6.34731259e-03 1.42992130e-02 6.94633694e-03 -2.13468820e-02 -1.65244620e-02
-8.08177609e-03 -1.16006634e-03 -1.66127435e-03 1.18213473e-02 1.99164217e-03 -3.86753236e-03 1.77648086e-02 -5.19244038e-02 7.53254769e-03 -1.65046416e-02 1.96319576e-02 -5.16382093e-03 1.16333952e-02 5.65112988e-03 -1.73663665e-02 -1.34427780e-02
6.15440868e-03 1.88338535e-03 2.01052916e-03 -7.83114322e-03 -1.30358979e-03 2.55032768e-03 -1.16606681e-02 3.39412503e-02 -4.93531767e-03 1.07969157e-02 -1.28519069e-02 3.38086346e-03 -7.61648081e-03 -3.69986217e-03 1.13700004e-02 8.80118925e-03
-1.15449289e-02 -2.85183894e-03 -3.15455231e-03 1.37172611e-02 2.26876745e-03 -4.37596487e-03 2.00951807e-02 -5.86025193e-02 8.54276493e-03 -1.86843816e-02 2.22324263e-02 -5.84699819e-03 1.31725408e-02 6.39878307e-03 -1.96638890e-02 -1.52204670e-02
3.96570610e-03 3.75962962e-04 7.98658701e-04 -6.38263300e-03 -1.11637311e-03 2.14599143e-03 -9.90829151e-03 2.90794335e-02 -4.23438102e-03 9.26719140e-03 -1.10395160e-02 2.90531944e-03 -6.54506823e-03 -3.17951292e-03 9.77102667e-03 7.56370835e-03
3.75558762e-03 8.67739494e-04 9.65772429e-04 -6.08899118e-03 -9.45055333e-04 1.84956670e-03 -8.41844920e-03 2.45140381e-02 -3.56544089e-03 7.80433556e-03 -9.27479565e-03 2.43989821e-03 -5.49680693e-03 -2.67019286e-03 8.20570439e-03 6.35138620e-03
6.83101779e-03 1.31169613e-03 1.32954074e-03 -9.73517448e-03 -1.62815070e-03 3.15167126e-03 -1.45467436e-02 4.23755869e-02 -6.17786730e-03 1.35161877e-02 -1.60934962e-02 4.23371140e-03 -9.53768380e-03 -4.63320874e-03 1.42383017e-02 1.10215526e-02
1.08648315e-02 1.19202037e-03 1.85577350e-03 -1.35019803e-02 -2.32589850e-03 4.47031111e-03 -2.06381399e-02 6.04868233e-02 -8.81876796e-03 1.93013046e-02 -2.29912698e-02 6.05106121e-03 -1.36317601e-02 -6.62213424e-03 2.03506388e-02 1.57533623e-02
-1.31987315e-02 -2.43546511e-03 -2.91123171e-03 1.81122925e-02 3.09209852e-03 -6.00453932e-03 2.74242964e-02 -8.01391006e-02 1.16514433e-02 -2.54979488e-02 3.03624533e-02 -7.98859540e-03 1.79967973e-02 8.74250662e-03 -2.68666539e-02 -2.07970757e-02
1.48183573e-03 4.33828041e-04 4.47106548e-04 -1.95615832e-03 -3.29278817e-04 6.33801159e-04 -2.86610983e-03 8.32573324e-03 -1.20091555e-03 2.62548449e-03 -3.10690422e-03 8.14948755e-04 -1.83748582e-03 -8.92301672e-04 2.74203415e-03 2.12034420e-03
-1.33666471e-02 -2.73077725e-03 -2.81329546e-03 1.83892492e-02 3.06063425e-03 -5.93362330e-03 2.72256415e-02 -7.96693042e-02 1.15794167e-02 -2.53417231e-02 3.01770028e-02 -7.93957151e-03 1.78861693e-02 8.68873019e-03 -2.67013647e-02 -2.06691008e-02
-3.59178521e-03 -4.98795765e-04 -8.40439228e-04 4.30739904e-03 7.04528182e-04 -1.35965156e-03 6.28584623e-03 -1.83272902e-02 2.66586221e-03 -5.82806813e-03 6.93622418e-03 -1.82354345e-03 4.10828972e-03 1.99562823e-03 -6.13270653e-03 -4.74676769e-03
-4.34377071e-05 -1.02881408e-04 4.40590738e-05 -3.54497723e-04 -5.17533008e-05 1.08217449e-04 -4.92797233e-04 1.42569921e-03 -2.07039484e-04 4.52544191e-04 -5.37783199e-04 1.41267679e-04 -3.18264181e-04 -1.54590700e-04 4.75056266e-04 3.67682427e-04
1.63918976e-02 1.94645824e-03 3.59272980e-03 -2.55951453e-02 -4.38794587e-03 8.42634775e-03 -3.89348380e-02 1.14215687e-01 -1.66411512e-02 3.64175998e-02 -4.33761030e-02 1.14151295e-02 -2.57159658e-02 -1.24924295e-02 3.83906960e-02 2.97179781e-02
-2.20995629e-03 -5.51659323e-04 -5.34289517e-04 2.04593339e-03 3.07287701e-04 -6.18467631e-04 2.76039308e-03 -7.96538498e-03 1.15361426e-03 -2.52595544e-03 2.99816928e-03 -7.87508208e-04 1.77428813e-03 8.61826004e-04 -2.64834403e-03 -2.04962096e-03
-1.86779816e-02 -3.11298179e-03 -4.15060157e-03 2.01272778e-02 3.29807959e-03 -6.42216485e-03 2.94113941e-02 -8.59622434e-02 1.25086363e-02 -2.73608137e-02 3.25508416e-02 -8.55788030e-03 1.92797147e-02 9.36540030e-03 -2.87803374e-02 -2.22764015e-02
9.76966508e-03 1.14952610e-03 1.92815030e-03 -1.23038897e-02 -2.11935467e-03 4.11688583e-03 -1.88611131e-02 5.52054420e-02 -8.02015979e-03 1.75515153e-02 -2.08954029e-02 5.49656060e-03 -1.23827606e-02 -6.01520762e-03 1.84852853e-02 1.43089099e-02
5.30669419e-03 9.43068881e-04 1.63063221e-03 -6.86950469e-03 -1.12419319e-03 2.17260001e-03 -1.00270500e-02 2.92241201e-02 -4.25606268e-03 9.30499006e-03 -1.10804262e-02 2.91503663e-03 -6.56702928e-03 -3.19006410e-03 9.80338082e-03 7.58853648e-03
3.44505208e-03 8.98697297e-04 6.93751208e-04 -3.27251013e-03 -5.36638894e-04 1.03724201e-03 -4.81142337e-03 1.39779774e-02 -2.02884222e-03 4.43197414e-03 -5.27675077e-03 1.38814456e-03 -3.12721264e-03 -1.51910086e-03 4.66828700e-03 3.61355837e-03
1.20343314e-02 3.27105098e-03 2.27731699e-03 -1.77098550e-02 -2.92500993e-03 5.67176193e-03 -2.59404127e-02 7.57920220e-02 -1.10175107e-02 2.41301190e-02 -2.87097991e-02 7.55294506e-03 -1.70150921e-02 -8.26558378e-03 2.54009385e-02 1.96622182e-02
