-1.31689012e-06 -6.20399835e-04 4.52632224e-03 -8.61699600e-03 -5.89855388e-03 4.08255495e-03 -1.57043114e-02 5.65430708e-02 -6.68618502e-03 1.18346009e-02 -1.69833619e-02 -5.13422908e-03 -2.00174898e-02 4.78573318e-04 1.52325789e-02 1.71818733e-02
1.07802963e-03 -8.08164361e-04 1.52419740e-03 -3.06406524e-03 -2.09308858e-03 1.45758037e-03 -5.55537269e-03 2.00287439e-02 -2.36552279e-03 4.19310248e-03 -6.01367606e-03 -1.81869383e-03 -7.08895503e-03 1.69595136e-04 5.39478473e-03 6.08525798e-03
1.34230545e-03 -1.27542822e-03 1.98086002e-03 -5.05161472e-03 -2.92763603e-03 1.84216758e-03 -7.82466959e-03 2.79390849e-02 -3.28401336e-03 5.79284830e-03 -8.31282977e-03 -2.50353222e-03 -9.79089644e-03 2.30964943e-04 7.44073512e-03 8.39006994e-03
7.29598105e-06 7.66493613e-04 -5.73945651e-03 1.07605699e-02 7.42073730e-03 -5.25749102e-03 1.96781065e-02 -7.13873804e-02 8.41561519e-03 -1.49637060e-02 2.14685313e-02 6.50092214e-03 2.53157541e-02 -6.07887108e-04 -1.92731135e-02 -2.17419565e-02
-5.49188862e-03 2.99591408e-03 7.91284197e-04 1.14938722e-03 2.17896741e-04 2.20866321e-04 4.42224409e-04 -1.39867328e-03 1.48355393e-04 -2.50550656e-04 3.48744274e-04 1.02674683e-04 4.09079541e-04 -8.86068756e-06 -3.08501330e-04 -3.47217021e-04
1.46094291e-03 -9.78496741e-04 -4.01276629e-05 -8.73749028e-04 -3.79909965e-04 1.21125981e-04 -1.02150638e-03 3.47096054e-03 -4.03500599e-04 6.99959230e-04 -1.00472721e-03 -2.98942730e-04 -1.18012936e-03 2.67531104e-05 8.93392018e-04 1.00641872e-03
7.69199803e-04 3.33291828e-05 -1.20255514e-03 3.10285995e-03 1.86125853e-03 -9.32963914e-04 5.06167579e-03 -1.77395549e-02 2.09733867e-03 -3.66165885e-03 5.27386600e-03 1.55708229e-03 6.18446013e-03 -1.33710331e-04 -4.67775064e-03 -5.25979092e-03
-6.95519033e-04 4.86425648e-04 -4.32047789e-04 1.34406018e-03 7.56814086e-04 -4.57666814e-04 1.99628063e-03 -7.09103467e-03 8.38309701e-04 -1.47907378e-03 2.12235143e-03 6.38509460e-04 2.49870168e-03 -5.87893228e-05 -1.89857080e-03 -2.14059511e-03
4.38174582e-04 1.04448467e-04 -1.37955183e-03 2.20463937e-03 1.58833107e-03 -1.14415365e-03 4.22583520e-03 -1.53734842e-02 1.81771733e-03 -3.22844880e-03 4.63320361e-03 1.40139472e-03 5.46166487e-03 -1.30673492e-04 -4.15664352e-03 -4.68871323e-03
1.98734226e-04 4.57515183e-04 -1.04696990e-03 2.23215227e-03 1.56839471e-03 -1.04362506e-03 4.17213095e-03 -1.50516368e-02 1.75495050e-03 -3.11192218e-03 4.46540955e-03 1.35062437e-03 5.26484521e-03 -1.25989667e-04 -4.00650688e-03 -4.51931497e-03
4.89833765e-04 -1.37080043e-03 2.42548226e-03 -5.21901902e-03 -3.40818730e-03 2.24721781e-03 -8.97761248e-03 3.24057378e-02 -3.80437588e-03 6.75136456e-03 -9.68537014e-03 -2.92719621e-03 -1.14147076e-02 2.72673002e-04 8.68488848e-03 9.79616307e-03
2.07706448e-03 -1.38980686e-03 4.69197519e-03 -9.33824293e-03 -6.33221539e-03 4.44327714e-03 -1.67848468e-02 6.06453270e-02 -7.15038506e-03 1.26905115e-02 -1.82108674e-02 -5.50943008e-03 -2.14719716e-02 5.14021667e-04 1.63419228e-02 1.84338372e-02
-4.65449993e-04 4.82254021e-04 -6.34001626e-04 1.58875808e-03 1.05859246e-03 -6.90556248e-04 2.78493320e-03 -1.00078108e-02 1.18210283e-03 -2.09284318e-03 3.00303474e-03 9.06650850e-04 3.53839621e-03 -8.42689406e-05 -2.69149593e-03 -3.03564593e-03
-7.81299546e-04 2.35733413e-03 -5.16442675e-03 1.12362830e-02 7.62911094e-03 -5.04231220e-03 2.01822743e-02 -7.26133808e-02 8.55874270e-03 -1.51236504e-02 2.16998551e-02 6.56085182e-03 2.55852919e-02 -6.11001335e-04 -1.94673967e-02 -2.19579041e-02
4.44446784e-03 -1.60564878e-03 1.63109391e-03 -4.18048073e-03 -2.82791187e-03 1.98139204e-03 -7.54519273e-03 2.72742957e-02 -3.22147692e-03 5.71096595e-03 -8.19359068e-03 -2.48185266e-03 -9.66409687e-03 2.32171922e-04 7.35764112e-03 8.30022898e-03
7.09283911e-03 -3.78740020e-04 -1.68403722e-02 2.51638629e-02 1.90846901e-02 -1.42051587e-02 5.07852063e-02 -1.85276181e-01 2.18842402e-02 -3.89499217e-02 5.58803007e-02 1.69350486e-02 6.59208000e-02 -1.58517598e-03 -5.01954928e-02 -5.66273443e-02
-4.18361137e-03 2.49868841e-03 -8.92749289e-04 3.55134415e-03 1.84460136e-03 -1.10056624e-03 4.86693624e-03 -1.74410492e-02 2.02672486e-03 -3.59572330e-03 5.15730446e-03 1.56064844e-03 6.08017808e-03 -1.45829166e-04 -4.62799193e-03 -5.22070285e-03
-8.95114616e-04 -8.59873137e-04 5.48060052e-03 -1.00508593e-02 -6.90297456e-03 4.76889964e-03 -1.82907302e-02 6.61875010e-02 -7.80014833e-03 1.38171026e-02 -1.98244229e-02 -5.99405216e-03 -2.33723857e-02 5.57759369e-04 1.77840665e-02 2.00591572e-02
-3.64624429e-04 7.92258186e-04 -4.27424768e-03 7.22887414e-03 5.16155548e-03 -3.75003438e-03 1.37138646e-02 -4.98222001e-02 5.87891880e-03 -1.04558486e-02 1.50002185e-02 4.54481225e-03 1.76932272e-02 -4.25301754e-04 -1.34717422e-02 -1.51978340e-02
-1.06469709e-02 4.89505148e-03 1.80379786e-02 -2.44189166e-02 -1.87751669e-02 1.39728626e-02 -4.98326309e-02 1.82154760e-01 -2.15132013e-02 3.82970273e-02 -5.49444482e-02 -1.66515857e-02 -6.48167208e-02 1.55864877e-03 4.93548699e-02 5.56790158e-02
-1.46525446e-03 1.09077769e-03 -2.37867422e-03 5.33167180e-03 3.54859792e-03 -2.35701771e-03 9.45271272e-03 -3.40259671e-02 3.98865482e-03 -7.07218330e-03 1.01486007e-02 3.06752045e-03 1.19605707e-02 -2.85962073e-04 -9.10113007e-03 -1.02658188e-02
-9.31209233e-03 6.07138546e-03 -5.60565200e-03 1.30877346e-02 8.35504383e-03 -5.79278264e-03 2.21155696e-02 -7.98747838e-02 9.41683911e-03 -1.67377647e-02 2.40144469e-02 7.27199437e-03 2.83203702e-02 -6.79893186e-04 -2.15602238e-02 -2.43219547e-02
-4.14473144e-03 4.09390125e-03 -2.20023748e-03 6.96684327e-03 4.09372803e-03 -2.47938000e-03 1.09824771e-02 -3.87215912e-02 4.54068743e-03 -8.01238418e-03 1.14990529e-02 3.45884520e-03 1.35381082e-02 -3.17576429e-04 -1.02863023e-02 -1.15972711e-02
-6.55649044e-03 2.51818146e-03 3.08900164e-03 -2.76723411e-03 -2.59595481e-03 2.12406600e-03 -6.91296672e-03 2.54652407e-02 -3.01119941e-03 5.37543884e-03 -7.70990411e-03 -2.34415242e-03 -9.10720974e-03 2.21163355e-04 6.93880208e-03 7.82985333e-03
5.27996104e-03 -2.47131870e-03 -2.59948010e-03 2.15738639e-03 2.18093349e-03 -1.77500700e-03 5.84455114e-03 -2.15442088e-02 2.55016680e-03 -4.54675406e-03 6.52346900e-03 1.97868771e-03 7.69864302e-03 -1.85393321e-04 -5.86328050e-03 -6.61479542e-03
-4.21414664e-03 2.75656581e-04 7.26908818e-03 -1.13882311e-02 -8.41554813e-03 6.19166065e-03 -2.23317854e-02 8.14020932e-02 -9.60118230e-03 1.70837678e-02 -2.45094784e-02 -7.42693990e-03 -2.89123841e-02 6.95080555e-04 2.20144205e-02 2.48351246e-02
-1.27997641e-02 8.93400796e-03 1.66707672e-04 1.09052528e-02 4.94752033e-03 -1.76656584e-03 1.28637692e-02 -4.40312885e-02 5.18936710e-03 -9.01148282e-03 1.29883997e-02 3.84018617e-03 1.51882255e-02 -3.41259321e-04 -1.14917383e-02 -1.29388673e-02
3.86574864e-03 5.18547371e-04 -6.62579946e-03 1.17390249e-02 8.12305976e-03 -5.50349290e-03 2.15218663e-02 -7.80109391e-02 9.21607576e-03 -1.63509920e-02 2.34682821e-02 7.08902767e-03 2.76507586e-02 -6.59584941e-04 -2.10366044e-02 -2.37270743e-02
1.94736756e-04 -3.87049862e-04 2.80405255e-03 -5.10362210e-03 -3.53199011e-03 2.49485765e-03 -9.40392166e-03 3.40329707e-02 -4.01121052e-03 7.12231966e-03 -1.02270572e-02 -3.09246616e-03 -1.20540904e-02 2.88686599e-04 9.17426404e-03 1.03488192e-02
3.63383326e-03 -2.00490933e-03 4.09358297e-04 -3.22804973e-03 -1.64713408e-03 8.36878491e-04 -4.27809032e-03 1.51583469e-02 -1.77214411e-03 3.10372072e-03 -4.45672031e-03 -1.33126602e-03 -5.23683708e-03 1.20343495e-04 3.97134712e-03 4.47489507e-03
2.79825367e-03 -3.78713734e-03 2.94643408e-03 -8.40292498e-03 -5.20532625e-03 3.12597491e-03 -1.39957629e-02 5.00524193e-02 -5.83430054e-03 1.02397036e-02 -1.46703040e-02 -4.41160984e-03 -1.72972456e-02 3.96906427e-04 1.31387580e-02 1.48031423e-02
-2.34665535e-03 4.47388738e-05 7.87164457e-03 -1.21829193e-02 -9.26215667e-03 6.79849694e-03 -2.46215276e-02 8.99209529e-02 -1.06106270e-02 1.88846849e-02 -2.70947199e-02 -8.21034424e-03 -3.19603384e-02 7.68509286e-04 2.43358631e-02 2.74541583e-02
1.19600445e-03 3.58234532e-03 -1.51591999e-02 2.97395326e-02 1.89975742e-02 -1.33187594e-02 5.01229018e-02 -1.82258189e-01 2.14677230e-02 -3.81424315e-02 5.47126830e-02 1.65733751e-02 6.45396933e-02 -1.54986465e-03 -4.91343737e-02 -5.54285124e-02
-3.03624943e-03 -1.71760283e-03 1.24239605e-02 -2.08443720e-02 -1.54603831e-02 1.13404216e-02 -4.10575494e-02 1.48961261e-01 -1.75729785e-02 3.12469788e-02 -4.48424295e-02 -1.35834394e-02 -5.28801829e-02 1.27123250e-03 4.02639061e-02 4.54229154e-02
-5.20896818e-03 1.74478989e-03 -1.42285833e-03 2.72488385e-03 2.02324195e-03 -1.40982133e-03 5.35685476e-03 -1.92672983e-02 2.27080705e-03 -4.03864216e-03 5.79486787e-03 1.75591127e-03 6.83495309e-03 -1.64358920e-04 -5.20447223e-03 -5.87135321e-03
-1.64526608e-03 -5.57963736e-04 4.75424714e-03 -7.73252128e-03 -5.56629151e-03 3.94751830e-03 -1.47757279e-02 5.36524430e-02 -6.32905867e-03 1.12518631e-02 -1.61406454e-02 -4.88778623e-03 -1.90355573e-02 4.56929934e-04 1.44913681e-02 1.63475480e-02
7.21534714e-04 1.77932670e-05 -2.26786709e-03 3.49844573e-03 2.53994041e-03 -1.86707871e-03 6.74403645e-03 -2.46526189e-02 2.90407240e-03 -5.16670104e-03 7.41262082e-03 2.24618264e-03 8.74395389e-03 -2.10226659e-04 -6.65787840e-03 -7.51095964e-03
7.99254607e-03 -4.17591492e-03 -1.84644444e-03 -4.17174771e-04 5.56229614e-04 -6.54285890e-04 1.43737346e-03 -5.60531719e-03 6.95043593e-04 -1.24226080e-03 1.78845739e-03 5.43055998e-04 2.11073318e-03 -5.10507816e-05 -1.60849793e-03 -1.81478192e-03
2.63371598e-03 -9.33633011e-04 -1.49526109e-03 1.76233752e-03 1.40025443e-03 -1.06700964e-03 3.73644847e-03 -1.36768902e-02 1.61580334e-03 -2.87693460e-03 4.12753737e-03 1.25105004e-03 4.86947969e-03 -1.17114279e-04 -3.70795932e-03 -4.18309681e-03
-3.27125331e-03 1.55081833e-03 8.53884558e-04 -4.09328321e-04 -5.15249558e-04 4.31837601e-04 -1.38894480e-03 5.16810967e-03 -6.10591029e-04 1.08949002e-03 -1.56347640e-03 -4.73990716e-04 -1.84470927e-03 4.43787103e-05 1.40476448e-03 1.58477994e-03
4.46384540e-04 -5.93619887e-04 1.28278299e-03 -3.06402938e-03 -1.96801894e-03 1.25604984e-03 -5.16872620e-03 1.85867250e-02 -2.18423060e-03 3.86618031e-03 -5.54893678e-03 -1.67467096e-03 -6.53706305e-03 1.55542686e-04 4.97168535e-03 5.60723897e-03
-6.95288181e-04 1.70191238e-03 -5.84321376e-03 1.18121002e-02 7.83274323e-03 -5.31592919e-03 2.07281541e-02 -7.43886977e-02 8.74296576e-03 -1.54979788e-02 2.22266000e-02 6.72427891e-03 2.62099970e-02 -6.26938534e-04 -1.99475698e-02 -2.25003250e-02
-5.03530027e-05 2.91415374e-04 -6.54580712e-04 1.38940883e-03 9.14595090e-04 -5.81073167e-04 2.41065864e-03 -8.67961533e-03 1.01995957e-03 -1.81070203e-03 2.59802141e-03 7.85408018e-04 3.06111574e-03 -7.32868648e-05 -2.32968852e-03 -2.62793247e-03
-9.23288986e-04 -4.80956864e-04 -6.40986115e-03 1.06169228e-02 7.64552597e-03 -5.62463142e-03 2.02503763e-02 -7.39139318e-02 8.72318447e-03 -1.55194104e-02 2.22651567e-02 6.74699480e-03 2.62643360e-02 -6.31478149e-04 -1.99984591e-02 -2.25609075e-02
5.12810796e-03 -5.26933745e-03 4.63443482e-03 -1.24332849e-02 -7.69398734e-03 4.69917525e-03 -2.04188060e-02 7.37759694e-02 -8.63638893e-03 1.51271839e-02 -2.17001643e-02 -6.52832212e-03 -2.56021228e-02 5.86083741e-04 1.94397233e-02 2.19120495e-02
-3.11511010e-03 1.94729632e-03 -4.53228224e-03 9.61810350e-03 6.55858312e-03 -4.20470722e-03 1.73735842e-02 -6.26337156e-02 7.34933047e-03 -1.30195888e-02 1.86811648e-02 5.64609841e-03 2.20094994e-02 -5.26010699e-04 -1.67491231e-02 -1.88922863e-02
-3.95620987e-03 9.88075230e-03 -1.36832744e-02 2.95247883e-02 1.94666870e-02 -1.20793432e-02 5.18456772e-02 -1.84829473e-01 2.17083246e-02 -3.85014080e-02 5.51291704e-02 1.66337248e-02 6.49361685e-02 -1.54062093e-03 -4.93948944e-02 -5.56974076e-02
7.41508463e-03 -2.78761773e-03 -1.00039011e-02 1.36789950e-02 1.02637969e-02 -7.62983412e-03 2.72433776e-02 -9.95541960e-02 1.17562991e-02 -2.09265240e-02 3.00220605e-02 9.09858942e-03 3.54166776e-02 -8.51646590e-04 -2.69680433e-02 -3.04236058e-02
-2.91086081e-03 1.03483163e-03 5.54500986e-03 -8.42039566e-03 -5.90022188e-03 4.30771336e-03 -1.56516992e-02 5.71214259e-02 -6.74656034e-03 1.20065631e-02 -1.72245335e-02 -5.21965418e-03 -2.03186255e-02 4.88528924e-04 1.54713467e-02 1.74537264e-02
-3.31343710e-03 -1.16665708e-03 9.01152100e-03 -1.33618051e-02 -1.03571992e-02 7.77572906e-03 -2.75195818e-02 1.00553878e-01 -1.18753109e-02 2.11396217e-02 -3.03289872e-02 -9.19186417e-03 -3.57792675e-02 8.60399974e-04 2.72442717e-02 3.07352562e-02
2.76184990e-03 -9.21438914e-04 -3.25116725e-03 4.31794534e-03 3.36146145e-03 -2.52809632e-03 8.94130487e-03 -3.26708220e-02 3.85899958e-03 -6.86922669e-03 9.85531416e-03 2.98685813e-03 1.16263349e-02 -2.79582513e-04 -8.85291584e-03 -9.98729747e-03
-6.00478146e-04 9.20358812e-04 -2.27474095e-03 5.11220004e-03 3.26787145e-03 -2.04782304e-03 8.64364766e-03 -3.09669562e-02 3.65764461e-03 -6.46103080e-03 9.27587505e-03 2.79380125e-03 1.09219700e-02 -2.57958891e-04 -8.30224901e-03 -9.36122984e-03
2.51798471e-03 -1.69258378e-03 2.25692103e-03 -5.26896678e-03 -3.40932026e-03 2.29560910e-03 -9.07495897e-03 3.28166597e-02 -3.86480987e-03 6.85527921e-03 -9.83728562e-03 -2.97671626e-03 -1.15958797e-02 2.78150896e-04 8.82670656e-03 9.95714869e-03
2.70945486e-04 -5.77805389e-04 1.12338224e-03 -2.61834241e-03 -1.70306757e-03 1.12484407e-03 -4.48808447e-03 1.61947180e-02 -1.90437969e-03 3.37640638e-03 -4.84567368e-03 -1.46394991e-03 -5.70889004e-03 1.36401068e-04 4.34367685e-03 4.89949388e-03
2.59350101e-03 -4.59018629e-05 4.89172805e-03 -7.95549341e-03 -5.39167970e-03 3.86920688e-03 -1.42551539e-02 5.18662483e-02 -6.11483864e-03 1.08745769e-02 -1.56005090e-02 -4.72626975e-03 -1.84003413e-02 4.42214456e-04 1.40101369e-02 1.58051364e-02
-4.52849967e-03 1.18514802e-03 4.31970367e-03 -6.74522249e-03 -4.86571714e-03 3.38494102e-03 -1.29482364e-02 4.71427031e-02 -5.54353697e-03 9.83906258e-03 -1.41274305e-02 -4.26739221e-03 -1.66426506e-02 3.96990945e-04 1.26636829e-02 1.42832724e-02
1.15485163e-04 2.57277861e-07 1.84038281e-03 -3.13293934e-03 -2.14809412e-03 1.54397241e-03 -5.69575513e-03 2.07172297e-02 -2.44340580e-03 4.34354041e-03 -6.23139739e-03 -1.88690249e-03 -7.34863756e-03 1.76403773e-04 5.59440395e-03 6.31099613e-03
6.65027881e-04 3.02277622e-04 -1.76753418e-03 3.04899807e-03 2.13897345e-03 -1.53886981e-03 5.64568024e-03 -2.04963088e-02 2.41759117e-03 -4.29662503e-03 6.16415776e-03 1.86682318e-03 7.26956502e-03 -1.74587360e-04 -5.53449942e-03 -6.24347851e-03
-4.89963032e-03 3.90063901e-03 6.77166157e-04 1.74016994e-03 9.22152714e-04 -4.69660386e-04 2.41118041e-03 -8.36177543e-03 9.76950163e-04 -1.71865441e-03 2.47106282e-03 7.45471101e-04 2.90549896e-03 -6.96447460e-05 -2.21121544e-03 -2.49439105e-03
2.37305649e-04 -1.75894238e-04 3.46646272e-03 -5.85576240e-03 -4.43293713e-03 3.25808255e-03 -1.17577361e-02 4.28753421e-02 -5.06275333e-03 9.01102275e-03 -1.29280984e-02 -3.91787477e-03 -1.52506316e-02 3.66725522e-04 1.16125764e-02 1.31005663e-02
-2.79778033e-04 -2.73787882e-04 1.00853457e-03 -2.17670621e-03 -1.46916183e-03 9.82849160e-04 -3.89381987e-03 1.40226269e-02 -1.65158475e-03 2.92822043e-03 -4.20167716e-03 -1.27007253e-03 -4.95165121e-03 1.18391465e-04 3.76793067e-03 4.25012363e-03
-3.87114473e-03 -2.21598567e-03 8.36048275e-03 -1.49254650e-02 -1.10047488e-02 7.60714756e-03 -2.92046852e-02 1.05803192e-01 -1.24792373e-02 2.21683476e-02 -3.18165496e-02 -9.63026006e-03 -3.75031605e-02 9.00759536e-04 2.85507515e-02 3.22085917e-02
-6.45437138e-03 1.33620552e-03 6.41785096e-03 -9.74650029e-03 -7.23921461e-03 5.21296961e-03 -1.92521513e-02 7.00359270e-02 -8.26233346e-03 1.46856178e-02 -2.10704189e-02 -6.38028653e-03 -2.48507243e-02 5.96272352e-04 1.89176481e-02 2.13405732e-02
5.78632578e-04 8.14636704e-04 -8.74272548e-03 1.44931106e-02 1.02734147e-02 -7.41969934e-03 2.73402371e-02 -9.91848558e-02 1.16827870e-02 -2.07785126e-02 2.98129562e-02 9.03005060e-03 3.51589024e-02 -8.44822207e-04 -2.67687682e-02 -3.01983263e-02
-4.14604507e-03 1.17052137e-03 3.06172576e-03 -4.28270875e-03 -3.22206737e-03 2.36600963e-03 -8.56892485e-03 3.12307272e-02 -3.68696637e-03 6.55892165e-03 -9.41032916e-03 -2.85058701e-03 -1.10990806e-02 2.66643852e-04 8.45039263e-03 9.53297224e-03
-5.97398775e-03 3.28295748e-03 3.21090803e-04 2.85775820e-03 1.33274239e-03 -4.76279034e-04 3.39230965e-03 -1.16525665e-02 1.33325276e-03 -2.32721679e-03 3.34792282e-03 1.00081472e-03 3.92872747e-03 -9.18569203e-05 -2.97933980e-03 -3.35877435e-03
-8.89866147e-04 -4.74066008e-04 4.80067730e-03 -8.59965198e-03 -6.06526015e-03 4.34919214e-03 -1.61204357e-02 5.84450103e-02 -6.88813860e-03 1.22508425e-02 -1.75773073e-02 -5.32322330e-03 -2.07271595e-02 4.97975445e-04 1.57805495e-02 1.78021993e-02
-1.34122558e-03 -2.58712238e-03 1.08873323e-02 -1.80337001e-02 -1.25983022e-02 9.12055373e-03 -3.35015096e-02 1.22060128e-01 -1.44113451e-02 2.56407205e-02 -3.67915630e-02 -1.11450711e-02 -4.33928147e-02 1.04294403e-03 3.30379941e-02 3.72710228e-02
2.52493378e-03 -1.53610203e-03 -7.66468525e-04 -4.83348733e-04 8.94460973e-05 -3.75260512e-04 2.39532179e-04 -1.39317312e-03 1.75434398e-04 -3.48335336e-04 4.92706138e-04 1.66298589e-04 5.98864455e-04 -1.94299500e-05 -4.70567844e-04 -5.35565545e-04
2.73371232e-03 -6.15431869e-04 -1.43084372e-03 1.98118482e-03 1.50201574e-03 -1.10078079e-03 4.00881143e-03 -1.45798009e-02 1.72097806e-03 -3.05955834e-03 4.39040270e-03 1.32875261e-03 5.17696142e-03 -1.24030819e-04 -3.94056644e-03 -4.44507878e-03
-2.25555897e-03 4.27819416e-03 -3.89132672e-03 1.16371494e-02 7.71768717e-03 -5.11768879e-03 2.04326808e-02 -7.35890493e-02 8.68439861e-03 -1.53808221e-02 2.20664851e-02 6.66747475e-03 2.60138642e-02 -6.20736158e-04 -1.97882745e-02 -2.23186854e-02
1.42375845e-03 -8.15162086e-04 -1.46011740e-03 1.72149122e-03 1.37959654e-03 -1.05282268e-03 3.67653649e-03 -1.34618329e-02 1.59029244e-03 -2.83188070e-03 4.06301813e-03 1.23156968e-03 4.79348050e-03 -1.15300107e-04 -3.65014304e-03 -4.11788328e-03
-1.41491964e-02 1.00812269e-02 -1.72057375e-02 3.28269899e-02 2.21820176e-02 -1.52130332e-02 5.90709820e-02 -2.12541565e-01 2.50267591e-02 -4.44293655e-02 6.37510046e-02 1.92832779e-02 7.51331821e-02 -1.79998891e-03 -5.71878776e-02 -6.45101890e-02
-2.96846125e-03 1.53501402e-03 -2.94592651e-03 5.69980778e-03 4.04169364e-03 -2.82496586e-03 1.06469858e-02 -3.85044701e-02 4.53147246e-03 -8.06015451e-03 1.15638357e-02 3.50373285e-03 1.36395069e-02 -3.27923102e-04 -1.03854630e-02 -1.17161702e-02
1.12143415e-03 -1.06112845e-03 1.43618579e-03 -3.46034020e-03 -2.32759793e-03 1.49469334e-03 -6.15153648e-03 2.20152587e-02 -2.60281912e-03 4.59401496e-03 -6.59466069e-03 -1.98830315e-03 -7.76942214e-03 1.83998578e-04 5.90702146e-03 6.66123023e-03
-2.49541830e-04 8.69364245e-04 -1.71637698e-03 3.81308445e-03 2.45164125e-03 -1.53914548e-03 6.43519126e-03 -2.32228022e-02 2.73518404e-03 -4.82541649e-03 6.92224223e-03 2.08575744e-03 8.16059299e-03 -1.91920626e-04 -6.20187307e-03 -6.99227909e-03
-5.44087961e-05 -6.58081146e-04 6.24524383e-03 -1.10945692e-02 -7.49740098e-03 5.26909716e-03 -1.98586062e-02 7.22487271e-02 -8.51727929e-03 1.51426410e-02 -2.17274278e-02 -6.57650642e-03 -2.56165247e-02 6.14425633e-04 1.95002407e-02 2.19976362e-02
1.71774440e-03 5.37882093e-04 -8.04045238e-03 1.29930228e-02 9.82413441e-03 -7.19574979e-03 2.59587783e-02 -9.46596041e-02 1.11697661e-02 -1.98757071e-02 2.85160970e-02 8.64096917e-03 3.36371325e-02 -8.08746438e-04 -2.56123636e-02 -2.88941488e-02
1.22022722e-03 -1.75462908e-03 2.01898860e-03 -5.23344195e-03 -3.33692133e-03 2.12910329e-03 -8.85539874e-03 3.18177976e-02 -3.74557776e-03 6.62179897e-03 -9.50170401e-03 -2.86705536e-03 -1.11945113e-02 2.66033778e-04 8.51308461e-03 9.60114785e-03
3.55677865e-03 -2.44260579e-03 3.90661042e-03 -9.89924092e-03 -6.26897300e-03 4.17201919e-03 -1.64999664e-02 5.95515668e-02 -7.03166751e-03 1.24605941e-02 -1.78787578e-02 -5.40424604e-03 -2.10723653e-02 5.03496733e-04 1.60342567e-02 1.80859584e-02
-6.86021103e-03 3.20586143e-03 -1.72533770e-03 5.07180113e-03 2.77282367e-03 -1.74726616e-03 7.31992675e-03 -2.61266455e-02 3.05429124e-03 -5.41420560e-03 7.76534621e-03 2.34846934e-03 9.15285293e-03 -2.19156223e-04 -6.96574990e-03 -7.85753597e-03
-1.77830458e-04 -1.39481784e-03 3.03607434e-03 -6.53690845e-03 -4.40697512e-03 2.95198360e-03 -1.17184576e-02 4.21239845e-02 -4.95703984e-03 8.79408326e-03 -1.26145389e-02 -3.81804770e-03 -1.48743363e-02 3.56693490e-04 1.13219908e-02 1.27718328e-02
-1.93337246e-03 8.38799053e-04 -4.72890068e-04 1.59980520e-03 9.48391098e-04 -5.97586331e-04 2.47426191e-03 -8.91836826e-03 1.05520943e-03 -1.87008246e-03 2.68225628e-03 8.11636914e-04 3.16280685e-03 -7.57983289e-05 -2.40717665e-03 -2.71540601e-03
-1.06654037e-03 -5.09325182e-04 4.04099282e-03 -7.34837260e-03 -5.17035881e-03 3.67728737e-03 -1.36654926e-02 4.96239178e-02 -5.84762683e-03 1.03952531e-02 -1.49124609e-02 -4.51598689e-03 -1.75868217e-02 4.22247802e-04 1.33887492e-02 1.51037956e-02
-6.21886132e-03 3.57003789e-03 1.21516385e-03 -2.01914576e-04 -5.31074475e-04 4.75568871e-04 -1.42911321e-03 5.42462338e-03 -6.43575331e-04 1.14756275e-03 -1.64670812e-03 -4.99371847e-04 -1.94331631e-03 4.67501159e-05 1.47990568e-03 1.66954868e-03
2.16498994e-03 -4.38346644e-04 -3.51053686e-03 5.14551671e-03 3.81723046e-03 -2.80782999e-03 1.01307463e-02 -3.69576775e-02 4.36471961e-03 -7.76664121e-03 1.11430539e-02 3.37631558e-03 1.31435655e-02 -3.15982354e-04 -1.00077856e-02 -1.12900827e-02
-3.21996585e-03 5.28387912e-03 -3.41784162e-03 1.01828603e-02 6.26763189e-03 -3.84491542e-03 1.65424347e-02 -5.90321943e-02 6.90547284e-03 -1.22326585e-02 1.75955947e-02 5.28933341e-03 2.06792075e-02 -4.87876649e-04 -1.57183427e-02 -1.77231282e-02
2.17828900e-04 2.62243929e-03 -3.92068084e-03 1.08011886e-02 6.33199513e-03 -3.54133779e-03 1.68250781e-02 -5.96697070e-02 6.96846517e-03 -1.22395856e-02 1.75692011e-02 5.27797313e-03 2.06857212e-02 -4.81593772e-04 -1.57116074e-02 -1.77098960e-02
4.65601217e-04 -9.56885982e-04 2.11309781e-03 -4.27930104e-03 -2.91086896e-03 1.97655521e-03 -7.72822043e-03 2.78703514e-02 -3.28920339e-03 5.83287794e-03 -8.37557204e-03 -2.53034290e-03 -9.86701809e-03 2.35729618e-04 7.50756776e-03 8.46820790e-03
-9.87712410e-05 -1.00689096e-04 4.42676828e-04 -9.02116881e-04 -6.14651188e-04 4.09840868e-04 -1.62864162e-03 5.87589247e-03 -6.93004637e-04 1.22760085e-03 -1.76248618e-03 -5.32109698e-04 -2.07585609e-03 4.94897868e-05 1.57930783e-03 1.78129261e-03
-3.82142933e-03 3.33377416e-03 -2.61894893e-03 7.24015292e-03 4.62153321e-03 -2.90166191e-03 1.21528078e-02 -4.36983854e-02 5.15585160e-03 -9.13737621e-03 1.31125906e-02 3.96469189e-03 1.54539756e-02 -3.69709887e-04 -1.17610730e-02 -1.32663120e-02
-2.85974983e-03 2.31379084e-03 -5.37152169e-03 1.05449837e-02 7.24548940e-03 -5.01951529e-03 1.92772299e-02 -6.96833208e-02 8.21859017e-03 -1.45784318e-02 2.09253207e-02 6.32753596e-03 2.46634148e-02 -5.90415264e-04 -1.87695194e-02 -2.11722236e-02
4.16545756e-03 -2.43338523e-03 8.31789430e-03 -1.65761746e-02 -1.18320966e-02 8.36585741e-03 -3.14084813e-02 1.13797016e-01 -1.34016089e-02 2.37834938e-02 -3.41236666e-02 -1.03355572e-02 -4.02503833e-02 9.66519874e-04 3.06425095e-02 3.45678702e-02
-1.92179997e-03 -1.58533687e-03 6.28214935e-03 -1.08352480e-02 -8.07554647e-03 5.93837583e-03 -2.14480944e-02 7.81084970e-02 -9.21946764e-03 1.64063256e-02 -2.35382430e-02 -7.13243475e-03 -2.77646594e-02 6.67613873e-04 2.11412124e-02 2.38501374e-02
-3.42881423e-03 2.18889816e-03 1.02043094e-04 1.59139908e-03 7.11537490e-04 -3.65119224e-04 1.84492394e-03 -6.45160442e-03 7.54417910e-04 -1.33078883e-03 1.90932199e-03 5.75552927e-04 2.24715844e-03 -5.35076397e-05 -1.70889625e-03 -1.92742969e-03
3.25446622e-03 -5.59011754e-03 1.72625296e-03 -1.18699539e-02 -5.95686166e-03 2.24349578e-03 -1.61044337e-02 5.63219264e-02 -6.51392899e-03 1.12640020e-02 -1.61637049e-02 -4.77843359e-03 -1.90032497e-02 4.07553278e-04 1.43675841e-02 1.61466356e-02
-9.17128101e-03 9.80280153e-03 -2.96503492e-03 1.75519511e-02 8.80600419e-03 -4.79907729e-03 2.34832224e-02 -8.08635354e-02 9.56133101e-03 -1.67025886e-02 2.41007358e-02 7.12356577e-03 2.82203630e-02 -6.12196221e-04 -2.14081444e-02 -2.40828134e-02
5.93226124e-03 -7.04718288e-04 -9.57115088e-03 1.40725467e-02 1.02297589e-02 -7.55525939e-03 2.71118954e-02 -9.89625454e-02 1.16863027e-02 -2.07859743e-02 2.98211221e-02 9.03571118e-03 3.51772681e-02 -8.45498464e-04 -2.67840195e-02 -3.02157048e-02
8.77368031e-04 -7.31400331e-04 -5.61060675e-04 4.34904534e-04 4.22222918e-04 -3.70719499e-04 1.13225880e-03 -4.17682948e-03 5.01363887e-04 -8.94498487e-04 1.28344807e-03 3.89881578e-04 1.51560223e-03 -3.66084860e-05 -1.15473359e-03 -1.30283064e-03
-7.26044411e-04 4.73266467e-04 -1.84516399e-03 3.45732551e-03 2.43247347e-03 -1.73093542e-03 6.45018416e-03 -2.34295633e-02 2.76558637e-03 -4.91727516e-03 7.05544511e-03 2.13707564e-03 8.32049362e-03 -1.99957474e-04 -6.33506430e-03 -7.14671984e-03
5.90350665e-03 -1.39896851e-03 -1.24073699e-02 1.98138822e-02 1.43984212e-02 -1.06008155e-02 3.82357910e-02 -1.39474496e-01 1.64632201e-02 -2.92778388e-02 4.20086570e-02 1.27258645e-02 4.95464727e-02 -1.19063561e-03 -3.77239361e-02 -4.25570682e-02
7.18974043e-04 -1.12338504e-03 2.29091616e-03 -5.42559894e-03 -3.49938986e-03 2.21159193e-03 -9.32139251e-03 3.33552398e-02 -3.93093936e-03 6.93384232e-03 -9.96360090e-03 -2.99500232e-03 -1.17324498e-02 2.74899561e-04 8.91075842e-03 1.00458246e-02
1.00711361e-03 7.12461770e-07 -3.24084098e-03 5.13900584e-03 3.74077144e-03 -2.74115358e-03 9.94531065e-03 -3.62359919e-02 4.27419739e-03 -7.60375289e-03 1.09095341e-02 3.30533716e-03 1.28677050e-02 -3.09322262e-04 -9.79761872e-03 -1.10529670e-02
-1.37277646e-03 3.90584813e-04 2.65090028e-03 -3.84962955e-03 -2.90994043e-03 2.15910515e-03 -7.71996751e-03 2.81917509e-02 -3.32990312e-03 5.92644978e-03 -8.50260630e-03 -2.57680519e-03 -1.00303190e-02 2.41195201e-04 7.63758132e-03 8.61622952e-03
8.16768222e-03 -2.98025645e-03 -6.85572578e-03 8.83017015e-03 6.86483597e-03 -5.15996385e-03 1.82597339e-02 -6.67593181e-02 7.88632501e-03 -1.40387183e-02 2.01414637e-02 6.10424438e-03 2.37607770e-02 -5.71382872e-04 -1.80927310e-02 -2.04110686e-02
1.08486256e-02 -4.50794725e-03 -9.16357432e-03 1.15837315e-02 9.03764553e-03 -6.81196852e-03 2.40404829e-02 -8.79094526e-02 1.03845885e-02 -1.84856355e-02 2.65213735e-02 8.03777482e-03 3.12872380e-02 -7.52350956e-04 -2.38237195e-02 -2.68763863e-02
6.47236314e-03 -1.72812329e-03 -8.86736158e-03 1.50211640e-02 9.91458260e-03 -7.33250147e-03 2.63043419e-02 -9.59978104e-02 1.13302246e-02 -2.01540552e-02 2.89139487e-02 8.76159873e-03 3.41076106e-02 -8.20008863e-04 -2.59704832e-02 -2.92981025e-02
-2.31077429e-03 2.77711288e-03 -4.22923081e-03 8.21890403e-03 5.55953942e-03 -4.00079507e-03 1.47693213e-02 -5.33144735e-02 6.29588496e-03 -1.11837173e-02 1.60452276e-02 4.86167613e-03 1.89264063e-02 -4.54981317e-04 -1.44106597e-02 -1.62570737e-02
-3.34167387e-04 6.71762973e-05 -4.19732323e-03 6.95701176e-03 4.80632810e-03 -3.56483320e-03 1.27133327e-02 -4.63851467e-02 5.47901494e-03 -9.75052454e-03 1.39893852e-02 4.23933147e-03 1.65023115e-02 -3.96789517e-04 -1.25654992e-02 -1.41755668e-02
1.05944276e-03 8.79518921e-04 -5.78782242e-03 9.94305778e-03 6.92778267e-03 -4.89787245e-03 1.83550864e-02 -6.67135566e-02 7.84835219e-03 -1.39659205e-02 2.00316422e-02 6.06743759e-03 2.36237384e-02 -5.67642972e-04 -1.79860946e-02 -2.02904586e-02
-3.02255270e-03 6.13679178e-04 3.56662925e-03 -5.50447078e-03 -4.07091342e-03 2.96556856e-03 -1.08300587e-02 3.94240655e-02 -4.65220818e-03 8.27544369e-03 -1.18726064e-02 -3.59699805e-03 -1.40039241e-02 3.36569472e-04 1.06624747e-02 1.20285749e-02
8.64340924e-04 1.51150813e-03 -6.21059723e-03 1.18805375e-02 8.19164515e-03 -5.79845114e-03 2.15818603e-02 -7.83448592e-02 9.25417244e-03 -1.64374728e-02 2.35823449e-02 7.13917566e-03 2.78081428e-02 -6.67071668e-04 -2.11686380e-02 -2.38796398e-02
7.08177313e-03 -2.85983249e-03 -3.44210560e-03 3.91071150e-03 3.12226755e-03 -2.38970690e-03 8.32583476e-03 -3.04656923e-02 3.60167911e-03 -6.41230447e-03 9.19978973e-03 2.78833625e-03 1.08533949e-02 -2.61007895e-04 -8.26441776e-03 -9.32340138e-03
-3.76829808e-03 1.75384013e-03 2.90700723e-03 -3.29288607e-03 -2.72703986e-03 2.09811260e-03 -7.26297591e-03 2.66140737e-02 -3.14503838e-03 5.60090365e-03 -8.03665351e-03 -2.43602740e-03 -9.48122516e-03 2.28084537e-04 7.21982727e-03 8.14502686e-03
-1.93589320e-03 -1.28394878e-03 5.18555008e-03 -8.82821996e-03 -6.08421303e-03 4.37237928e-03 -1.62150431e-02 5.87515756e-02 -6.93783443e-03 1.23338914e-02 -1.76961645e-02 -5.35976514e-03 -2.08685268e-02 5.01423259e-04 1.58886984e-02 1.79242920e-02
-1.52205210e-03 8.14265804e-04 6.82896748e-03 -1.00233592e-02 -7.51085207e-03 5.58460504e-03 -1.99350938e-02 7.28129447e-02 -8.59860610e-03 1.53055592e-02 -2.19586119e-02 -6.65490283e-03 -2.59044152e-02 6.22921332e-04 1.97249465e-02 2.22524256e-02
1.17775630e-02 -4.14546579e-03 -1.16759790e-02 1.61082800e-02 1.22411652e-02 -9.00077634e-03 3.24735232e-02 -1.18497074e-01 1.39845125e-02 -2.48872079e-02 3.57057899e-02 1.08197769e-02 4.21184674e-02 -1.01264415e-03 -3.20704058e-02 -3.61796357e-02
-3.45115084e-04 -8.22562724e-05 1.14894356e-03 -2.17834301e-03 -1.48306822e-03 9.68615816e-04 -3.92202288e-03 1.41363665e-02 -1.66097679e-03 2.93348776e-03 -4.20747604e-03 -1.26720825e-03 -4.96346969e-03 1.16055715e-04 3.76933930e-03 4.24938742e-03
-4.36984934e-03 2.24741688e-03 -1.51028484e-03 3.72338225e-03 2.29455531e-03 -1.53678725e-03 6.03595003e-03 -2.18679942e-02 2.56835972e-03 -4.56465362e-03 6.54925546e-03 1.98277459e-03 7.72169791e-03 -1.85435623e-04 -5.87855978e-03 -6.63161930e-03
-1.48285355e-03 5.37447515e-04 -8.22529895e-04 2.12681689e-03 1.31802831e-03 -9.08176240e-04 3.47919622e-03 -1.25580868e-02 1.47987623e-03 -2.62283906e-03 3.76422727e-03 1.13818306e-03 4.43628523e-03 -1.06182953e-04 -3.37613793e-03 -3.80829815e-03
2.87473015e-03 -2.39260378e-04 -2.85489950e-03 4.70470730e-03 3.33447102e-03 -2.38120207e-03 8.83033592e-03 -3.21112722e-02 3.79067776e-03 -6.73738774e-03 9.66646150e-03 2.92719668e-03 1.13992169e-02 -2.73727783e-04 -8.67834967e-03 -9.79003217e-03
-8.85109790e-03 1.87691115e-03 1.34816617e-02 -2.08440777e-02 -1.52668841e-02 1.12912459e-02 -4.05198410e-02 1.47980243e-01 -1.74644291e-02 3.10773998e-02 -4.45858687e-02 -1.35109210e-02 -5.25943562e-02 1.26454211e-03 4.00470942e-02 4.51784395e-02
-1.81074021e-03 1.04037882e-03 2.14474087e-04 6.41407154e-04 1.75758003e-04 1.03872007e-05 4.41376760e-04 -1.40738650e-03 1.60807540e-04 -2.76807288e-04 3.96718853e-04 1.16689946e-04 4.63348289e-04 -1.02861195e-05 -3.49927752e-04 -3.94030649e-04
-7.77167361e-03 4.58923727e-03 -6.03746343e-03 1.44106448e-02 9.27319191e-03 -6.37927931e-03 2.45060232e-02 -8.89113173e-02 1.04847159e-02 -1.86024681e-02 2.66910791e-02 8.07370897e-03 3.14604975e-02 -7.53708708e-04 -2.39455123e-02 -2.70113442e-02
2.88619660e-03 -3.41890799e-03 4.91819531e-03 -9.82487574e-03 -7.00492878e-03 4.77048242e-03 -1.84164923e-02 6.68936521e-02 -7.86664709e-03 1.39826061e-02 -2.00609956e-02 -6.07460923e-03 -2.36548446e-02 5.68189425e-04 1.80090070e-02 2.03161053e-02
-4.69863228e-03 1.54216844e-03 4.41297563e-03 -6.34671608e-03 -4.76903655e-03 3.54135828e-03 -1.26432907e-02 4.61360961e-02 -5.44863800e-03 9.69468616e-03 -1.39092915e-02 -4.21485072e-03 -1.64076947e-02 3.94471455e-04 1.24932444e-02 1.40940109e-02
-1.55600114e-03 6.19303784e-04 1.49272778e-03 -1.97611889e-03 -1.51550432e-03 1.13588211e-03 -4.03269706e-03 1.47251971e-02 -1.73877855e-03 3.09424195e-03 -4.43935767e-03 -1.34533376e-03 -5.23696840e-03 1.25917402e-04 3.98762850e-03 4.49857675e-03
6.48057275e-03 -3.03140702e-03 5.98473882e-04 -2.38873577e-03 -1.21309445e-03 6.84570638e-04 -3.07795545e-03 1.10184606e-02 -1.28946896e-03 2.29036901e-03 -3.28308297e-03 -9.92835849e-04 -3.86868650e-03 9.27406945e-05 2.94467574e-03 3.32175125e-03
