-3.02981734e-02 -4.09041382e-02 -4.58586998e-02 -4.90173046e-03 4.57343832e-03 -5.64244576e-03 1.71111617e-03 3.48100718e-03 1.91124214e-03 -3.36264726e-03 -2.29347013e-02 1.16163651e-02 2.05748971e-03 -1.42575940e-02 1.32148126e-02 2.52909157e-02
2.35688556e-02 2.04656459e-02 2.19401103e-02 2.34842696e-03 -2.20844336e-03 2.72422773e-03 -8.26922944e-04 -1.68725965e-03 -9.23863845e-04 1.62247103e-03 1.10762529e-02 -5.60833700e-03 -9.93728405e-04 6.88382145e-03 -6.38040248e-03 -1.22108236e-02
1.27843600e-02 3.04180440e-02 3.48017253e-02 3.83627135e-03 -3.61484499e-03 4.47400240e-03 -1.36683381e-03 -2.74318573e-03 -1.53253239e-03 2.66736606e-03 1.81722511e-02 -9.21115279e-03 -1.63086352e-03 1.13047482e-02 -1.04779107e-02 -2.00532023e-02
4.41661552e-02 7.29762390e-02 8.28097463e-02 8.87911860e-03 -8.36530793e-03 1.03423521e-02 -3.15766502e-03 -6.33168174e-03 -3.55257234e-03 6.16686093e-03 4.20072861e-02 -2.12941635e-02 -3.76949855e-03 2.61333846e-02 -2.42219307e-02 -4.63575274e-02
6.45478070e-02 1.36013046e-01 1.54401973e-01 1.68410707e-02 -1.58729311e-02 1.95906814e-02 -5.97694470e-03 -1.21702421e-02 -6.69643376e-03 1.16707375e-02 7.95787573e-02 -4.03332412e-02 -7.14331027e-03 4.95032705e-02 -4.58826758e-02 -8.78114775e-02
-2.38970481e-02 -3.96642201e-02 -4.34266180e-02 -4.71963827e-03 4.24587354e-03 -5.20940777e-03 1.55109342e-03 3.41735990e-03 1.72763306e-03 -3.09656723e-03 -2.12470386e-02 1.07226297e-02 1.90601021e-03 -1.31674716e-02 1.22050354e-02 2.33557243e-02
3.35732102e-02 3.06389388e-02 3.18229906e-02 3.27622099e-03 -2.77147954e-03 3.33598466e-03 -9.81022720e-04 -2.20239279e-03 -1.07321190e-03 1.97624927e-03 1.36818709e-02 -6.87133567e-03 -1.22327590e-03 8.44071526e-03 -7.82459695e-03 -1.49706509e-02
-3.36087483e-04 -1.91317580e-04 -9.47843218e-05 -1.00842117e-05 -1.58134480e-05 2.45704960e-05 -9.92713558e-06 -6.64306754e-06 -1.19180977e-05 1.54024601e-05 9.59599638e-05 -5.12739789e-05 -8.73960380e-06 6.25797620e-05 -5.79774678e-05 -1.11104004e-04
9.60847810e-02 1.03521049e-01 1.08258739e-01 1.13517819e-02 -1.02429474e-02 1.26288990e-02 -3.82102979e-03 -7.86129292e-03 -4.22386546e-03 7.51065928e-03 5.14907502e-02 -2.59930100e-02 -4.61250637e-03 3.19114998e-02 -2.95776501e-02 -5.66040836e-02
-1.45974681e-02 -1.63209271e-02 -1.79307982e-02 -1.83958001e-03 1.72484329e-03 -2.11680634e-03 6.33331540e-04 1.41133845e-03 7.18281604e-04 -1.26139843e-03 -8.60610045e-03 4.35799174e-03 7.72211642e-04 -5.34912944e-03 4.95793391e-03 9.48852208e-03
-1.49824098e-02 -2.64957007e-02 -2.92335432e-02 -3.17088026e-03 2.97848927e-03 -3.67620727e-03 1.12070574e-03 2.27446249e-03 1.25999202e-03 -2.19141319e-03 -1.49360029e-02 7.56911468e-03 1.34024443e-03 -9.28957202e-03 8.61012656e-03 1.64785180e-02
-3.87850590e-02 -5.19115217e-02 -5.78104928e-02 -6.18265523e-03 5.70480013e-03 -7.01718219e-03 2.11682287e-03 4.41694632e-03 2.37392797e-03 -4.17943159e-03 -2.85510905e-02 1.44443121e-02 2.56157364e-03 -1.77319869e-02 1.64354909e-02 3.14533859e-02
1.56825725e-02 1.96000617e-02 2.17468534e-02 2.26572761e-03 -2.11761892e-03 2.60275672e-03 -7.89275335e-04 -1.61191414e-03 -8.82181455e-04 1.55003858e-03 1.05854562e-02 -5.35762915e-03 -9.49551992e-04 6.57644914e-03 -6.09548716e-03 -1.16654998e-02
3.73274833e-02 5.73554114e-02 6.39816523e-02 6.75706472e-03 -6.30040467e-03 7.73954159e-03 -2.33090669e-03 -4.92893439e-03 -2.59279064e-03 4.61028377e-03 3.14726792e-02 -1.59318522e-02 -2.82446039e-03 1.95569117e-02 -1.81268491e-02 -3.46904919e-02
-5.68838827e-02 -9.21257809e-02 -1.05025552e-01 -1.09931240e-02 1.03610950e-02 -1.28186373e-02 3.89975985e-03 7.89904967e-03 4.36168769e-03 -7.64402561e-03 -5.20603620e-02 2.63919663e-02 4.67238622e-03 -3.23901996e-02 3.00211478e-02 5.74562587e-02
8.05930644e-02 1.54538319e-01 1.76015049e-01 1.89751945e-02 -1.83428265e-02 2.27627680e-02 -6.98402384e-03 -1.37668699e-02 -7.84431491e-03 1.35797486e-02 9.24196467e-02 -4.68738042e-02 -8.29546526e-03 5.75242080e-02 -5.33167347e-02 -1.02041893e-01
3.11322184e-03 3.70847248e-02 4.39510196e-02 4.78768814e-03 -4.66838013e-03 5.78921475e-03 -1.77709386e-03 -3.51221440e-03 -1.99478795e-03 3.45264049e-03 2.34985203e-02 -1.19176945e-02 -2.10921769e-03 1.46256043e-02 -1.35558564e-02 -2.59442609e-02
-3.43076400e-02 -5.55315614e-02 -6.15177974e-02 -6.63437182e-03 6.25774777e-03 -7.72834802e-03 2.35851039e-03 4.75960085e-03 2.64166086e-03 -4.60786326e-03 -3.13903503e-02 1.59118492e-02 2.81715486e-03 -1.95284206e-02 1.81000382e-02 3.46408486e-02
3.95669527e-02 7.24138841e-02 8.10599178e-02 8.71082675e-03 -8.21800809e-03 1.01554058e-02 -3.08968872e-03 -6.25298452e-03 -3.47754965e-03 6.05461700e-03 4.12502475e-02 -2.09086947e-02 -3.70162516e-03 2.56607272e-02 -2.37838347e-02 -4.55189757e-02
-4.86451536e-02 -7.39455670e-02 -8.34890828e-02 -9.01060831e-03 8.66062567e-03 -1.07208565e-02 3.28670046e-03 6.52163522e-03 3.69355176e-03 -6.39396161e-03 -4.35403474e-02 2.20756438e-02 3.90719669e-03 -2.70920657e-02 2.51104701e-02 4.80583049e-02
2.09559835e-02 3.15437652e-02 3.58119532e-02 3.83039238e-03 -3.63782188e-03 4.49971948e-03 -1.37291267e-03 -2.77384580e-03 -1.54489721e-03 2.68340134e-03 1.82751901e-02 -9.26489569e-03 -1.64004893e-03 1.13704074e-02 -1.05387541e-02 -2.01697778e-02
5.66234589e-02 1.40282825e-01 1.58332229e-01 1.71543825e-02 -1.62584987e-02 2.01217048e-02 -6.15495257e-03 -1.22388145e-02 -6.92293746e-03 1.20012043e-02 8.17044675e-02 -4.14299108e-02 -7.33314175e-03 5.08444384e-02 -4.71255518e-02 -9.01922807e-02
4.60379422e-02 8.10082406e-02 8.83881673e-02 9.58220102e-03 -8.96678865e-03 1.10745477e-02 -3.36010638e-03 -6.86666835e-03 -3.78019083e-03 6.59966422e-03 4.50111367e-02 -2.28003617e-02 -4.03877348e-03 2.79849600e-02 -2.59381533e-02 -4.96409945e-02
5.43242469e-02 8.87060836e-02 9.77469012e-02 1.07590817e-02 -9.94962454e-03 1.23100094e-02 -3.76460399e-03 -7.53062544e-03 -4.21555899e-03 7.33695133e-03 5.00232279e-02 -2.53434014e-02 -4.48726583e-03 3.11053470e-02 -2.88299322e-02 -5.51755726e-02
-7.34078418e-03 -1.72843356e-02 -1.91103350e-02 -2.15982506e-03 1.94302248e-03 -2.38784752e-03 7.22612021e-04 1.49688835e-03 8.12309911e-04 -1.42228242e-03 -9.70683061e-03 4.91484487e-03 8.70709831e-04 -6.03246549e-03 5.59126399e-03 1.07006719e-02
-1.32496897e-02 -3.19463536e-02 -3.60156856e-02 -3.85068613e-03 3.69148818e-03 -4.57231561e-03 1.40121405e-03 2.78221816e-03 1.57516240e-03 -2.72759143e-03 -1.85636971e-02 9.41502396e-03 1.66627753e-03 -1.15542682e-02 1.07091609e-02 2.04960462e-02
4.38326038e-02 9.31390673e-02 1.05790444e-01 1.14400359e-02 -1.06274597e-02 1.30964005e-02 -3.98325408e-03 -8.07604007e-03 -4.45562694e-03 7.80182891e-03 5.32653965e-02 -2.69600470e-02 -4.77650389e-03 3.30907814e-02 -3.06709893e-02 -5.86981364e-02
7.62304664e-02 1.40860051e-01 1.55304626e-01 1.66964829e-02 -1.57407429e-02 1.94766987e-02 -5.96298883e-03 -1.18471636e-02 -6.68098684e-03 1.16125112e-02 7.91205019e-02 -4.01016735e-02 -7.09909620e-03 4.92152497e-02 -4.56155650e-02 -8.73019844e-02
7.38126040e-02 9.84315574e-02 1.07979886e-01 1.15820887e-02 -1.06737763e-02 1.31530948e-02 -3.96423554e-03 -8.31852015e-03 -4.45233239e-03 7.83657096e-03 5.35903908e-02 -2.70733070e-02 -4.80320677e-03 3.32400091e-02 -3.08091231e-02 -5.89601584e-02
1.13116251e-02 2.65098978e-02 3.04840822e-02 3.30019463e-03 -3.10496404e-03 3.83230834e-03 -1.17028505e-03 -2.36392906e-03 -1.30969030e-03 2.28389213e-03 1.55712198e-02 -7.88926519e-03 -1.39717082e-03 9.68283881e-03 -8.97466298e-03 -1.71760283e-02
-3.27950716e-02 -6.00946285e-02 -6.61710873e-02 -7.08818343e-03 6.69383956e-03 -8.27139057e-03 2.51573976e-03 5.20493789e-03 2.81383609e-03 -4.92890552e-03 -3.35997045e-02 1.70290414e-02 3.01615382e-03 -2.09013075e-02 1.93726849e-02 3.70751768e-02
-1.10119004e-02 -2.60611139e-02 -3.00702918e-02 -3.18624848e-03 3.05722165e-03 -3.78395896e-03 1.15455384e-03 2.34934129e-03 1.29674084e-03 -2.25523557e-03 -1.53796850e-02 7.78930774e-03 1.37939141e-03 -9.56002623e-03 8.86074081e-03 1.69582833e-02
4.78083752e-02 1.10245675e-01 1.24601878e-01 1.37650166e-02 -1.28067685e-02 1.58237386e-02 -4.83660027e-03 -9.73105151e-03 -5.42824250e-03 9.43615567e-03 6.42496049e-02 -3.25791501e-02 -5.76728955e-03 3.99830006e-02 -3.70585546e-02 -7.09250942e-02
-6.39707968e-02 -1.10614367e-01 -1.23812169e-01 -1.30452262e-02 1.25254821e-02 -1.54903503e-02 4.72972402e-03 9.45123285e-03 5.32561867e-03 -9.24038514e-03 -6.29133284e-02 3.18967290e-02 5.64517314e-03 -3.91443595e-02 3.62812243e-02 6.94378838e-02
4.03323621e-02 4.66071144e-02 5.24105392e-02 5.67297777e-03 -5.49062574e-03 6.81086909e-03 -2.08286755e-03 -4.14099917e-03 -2.34560459e-03 4.06380510e-03 2.76603457e-02 -1.40271187e-02 -2.48243194e-03 1.72142014e-02 -1.59551147e-02 -3.05361934e-02
-2.33452208e-02 -4.23050448e-02 -4.65061516e-02 -5.00834640e-03 4.75402363e-03 -5.87676372e-03 1.79295160e-03 3.60367610e-03 2.01482140e-03 -3.50339198e-03 -2.38707270e-02 1.20994942e-02 2.14221701e-03 -1.48495184e-02 1.37634017e-02 2.63411757e-02
-2.04425044e-02 3.64618935e-03 7.62088923e-03 8.74638790e-04 -1.12739624e-03 1.44461135e-03 -4.72750282e-04 -5.41109126e-04 -5.35297091e-04 8.67202005e-04 5.81797352e-03 -2.97727785e-03 -5.23719413e-04 3.65072815e-03 -3.38353566e-03 -6.47720508e-03
-7.07391836e-03 -9.03568640e-02 -1.07815772e-01 -1.18287848e-02 1.16302334e-02 -1.44555671e-02 4.45343647e-03 8.66245385e-03 4.99024987e-03 -8.62582959e-03 -5.86870350e-02 2.97685061e-02 5.26791532e-03 -3.65318842e-02 3.38598900e-02 6.48038909e-02
7.10643735e-03 -9.94812511e-03 -1.26058636e-02 -1.50058977e-03 1.55799428e-03 -1.97190861e-03 6.19048194e-04 1.13931263e-03 6.94437767e-04 -1.17883808e-03 -7.98931066e-03 4.06290637e-03 7.17895105e-04 -4.98489104e-03 4.62026242e-03 8.84303730e-03
1.19966306e-02 3.24520916e-02 3.71753089e-02 4.04057233e-03 -3.85197089e-03 4.76765120e-03 -1.45765615e-03 -2.89788982e-03 -1.63704157e-03 2.84334342e-03 1.93583649e-02 -9.81647801e-03 -1.73751835e-03 1.20471157e-02 -1.11659663e-02 -2.13702321e-02
-1.64534114e-02 -2.99783815e-02 -3.42240930e-02 -3.70117230e-03 3.49615770e-03 -4.31650411e-03 1.31693040e-03 2.66023236e-03 1.47757435e-03 -2.57335743e-03 -1.75381321e-02 8.88734777e-03 1.57372619e-03 -1.09075243e-02 1.01097506e-02 1.93485320e-02
1.23104211e-02 1.56349745e-02 1.70690101e-02 1.85270840e-03 -1.69507705e-03 2.07728078e-03 -6.23616739e-04 -1.32137781e-03 -7.04214850e-04 1.23750046e-03 8.44068732e-03 -4.27623792e-03 -7.57505535e-04 5.24869049e-03 -4.86483797e-03 -9.31036193e-03
1.73555911e-02 8.78382754e-03 8.02802481e-03 8.51965044e-04 -7.02843128e-04 8.45983508e-04 -2.47412390e-04 -5.74037316e-04 -2.82131747e-04 5.02946845e-04 3.45466542e-03 -1.74270908e-03 -3.09161580e-04 2.13948730e-03 -1.98301137e-03 -3.79498652e-03
-1.36031210e-02 1.45871034e-02 1.82075910e-02 2.06593773e-03 -2.19063251e-03 2.75035622e-03 -8.60671105e-04 -1.55374792e-03 -9.69823974e-04 1.64391403e-03 1.11428751e-02 -5.66488598e-03 -1.00098038e-03 6.95059914e-03 -6.44215895e-03 -1.23300916e-02
-3.23817469e-02 -5.01079336e-02 -5.46289235e-02 -5.88834751e-03 5.53474063e-03 -6.83640130e-03 2.08375673e-03 4.30542231e-03 2.31692474e-03 -4.07493254e-03 -2.77733263e-02 1.40745910e-02 2.49366113e-03 -1.72766279e-02 1.60121936e-02 3.06444708e-02
3.39961238e-02 6.48570433e-02 7.43177012e-02 8.01306684e-03 -7.68641569e-03 9.51280911e-03 -2.90759513e-03 -5.84663497e-03 -3.26406001e-03 5.67272305e-03 3.86386998e-02 -1.95874386e-02 -3.46725015e-03 2.40387321e-02 -2.22804975e-02 -4.26418446e-02
3.75428908e-02 7.21565187e-02 7.98340812e-02 8.65426939e-03 -8.27337708e-03 1.02361543e-02 -3.12720309e-03 -6.25155354e-03 -3.51700839e-03 6.10190118e-03 4.15695757e-02 -2.10764017e-02 -3.73068149e-03 2.58659068e-02 -2.39741802e-02 -4.58831638e-02
2.60291137e-02 5.21647073e-02 6.01195730e-02 6.59006415e-03 -6.36433857e-03 7.89788365e-03 -2.42618611e-03 -4.77712927e-03 -2.72318698e-03 4.71178023e-03 3.20660807e-02 -1.62638538e-02 -2.87828222e-03 1.99591722e-02 -1.84993129e-02 -3.54054756e-02
-4.61672666e-03 9.36310273e-04 2.92963395e-03 2.28735211e-04 -4.46222926e-04 5.76691062e-04 -1.85609897e-04 -3.19117797e-04 -2.07189572e-04 3.46153538e-04 2.33482895e-03 -1.18909054e-03 -2.09981197e-04 1.45875965e-03 -1.35206350e-03 -2.58786185e-03
-4.09698635e-02 -1.02571227e-01 -1.17194645e-01 -1.26276622e-02 1.22554349e-02 -1.52084073e-02 4.66965511e-03 9.20402352e-03 5.24479710e-03 -9.07345302e-03 -6.17458560e-02 3.13180797e-02 5.54243568e-03 -3.84337753e-02 3.56226675e-02 6.81775287e-02
-2.02175900e-02 -2.91982833e-02 -3.28075662e-02 -3.52626480e-03 3.41507816e-03 -4.23473772e-03 1.29746995e-03 2.57006614e-03 1.45809446e-03 -2.52625276e-03 -1.71942264e-02 8.72022752e-03 1.54331513e-03 -1.07015967e-02 9.91886295e-03 1.89834889e-02
2.96049397e-02 3.53655033e-02 3.74004580e-02 3.98720847e-03 -3.62879341e-03 4.46569035e-03 -1.35681091e-03 -2.75066588e-03 -1.51903112e-03 2.66104052e-03 1.81509964e-02 -9.19388980e-03 -1.62821892e-03 1.12839732e-02 -1.04586966e-02 -2.00162120e-02
-2.71801930e-02 -5.76338582e-02 -6.55318424e-02 -7.06631085e-03 6.73196884e-03 -8.34422652e-03 2.55604158e-03 5.08058304e-03 2.86905444e-03 -4.97696921e-03 -3.38819399e-02 1.71808992e-02 3.04082991e-03 -2.10848190e-02 1.95426214e-02 3.74021754e-02
-4.31995234e-03 -7.40773929e-03 -8.26930534e-03 -8.61574896e-04 7.64648488e-04 -9.25888948e-04 2.75447412e-04 6.11924101e-04 3.08197690e-04 -5.49789343e-04 -3.77332093e-03 1.90369471e-03 3.37948062e-04 -2.33729463e-03 2.16637901e-03 4.14580852e-03
3.35461460e-02 -1.38514014e-02 -2.04448719e-02 -2.06191163e-03 2.34192866e-03 -2.95993150e-03 9.27475921e-04 1.69556728e-03 1.03465468e-03 -1.76875864e-03 -1.20113799e-02 6.09879522e-03 1.07884558e-03 -7.48383300e-03 6.93647796e-03 1.32757975e-02
-1.63637362e-02 3.39368805e-02 4.18148860e-02 4.59498120e-03 -4.55591036e-03 5.66484593e-03 -1.74573821e-03 -3.36800888e-03 -1.96020491e-03 3.37845297e-03 2.29662564e-02 -1.16567975e-02 -2.06229673e-03 1.43045885e-02 -1.32582672e-02 -2.53750104e-02
-1.49103738e-02 -2.03444306e-02 -2.27994677e-02 -2.50446703e-03 2.33329763e-03 -2.88531184e-03 8.80909734e-04 1.77426368e-03 9.88509739e-04 -1.72013650e-03 -1.17223682e-02 5.94078796e-03 1.05189090e-03 -7.29114609e-03 6.75785914e-03 1.29335504e-02
-1.50084379e-03 -1.94570469e-03 -2.31072656e-03 -2.55898398e-04 2.54715938e-04 -3.18253093e-04 9.84557846e-05 1.89412502e-04 1.10366396e-04 -1.89980768e-04 -1.29167584e-03 6.55473326e-04 1.15969939e-04 -8.04369512e-04 7.45536061e-04 1.42687873e-03
-3.64913745e-03 1.60358027e-02 1.98160242e-02 2.23506172e-03 -2.20180838e-03 2.74211052e-03 -8.47643008e-04 -1.63526740e-03 -9.50024754e-04 1.63637591e-03 1.11273471e-02 -5.64700086e-03 -9.99217271e-04 6.92988839e-03 -6.42302539e-03 -1.22929513e-02
-1.23687424e-02 -1.98870450e-02 -2.23292243e-02 -2.22884980e-03 2.10777787e-03 -2.59652035e-03 7.87664263e-04 1.60087307e-03 8.90138443e-04 -1.54800515e-03 -1.05486773e-02 5.34594851e-03 9.46354819e-04 -6.56093284e-03 6.08103629e-03 1.16383126e-02
-7.53755076e-03 -1.01929577e-02 -1.13526918e-02 -1.17659313e-03 1.08327030e-03 -1.33119535e-03 4.02394740e-04 8.32532241e-04 4.52492590e-04 -7.93076295e-04 -5.41147590e-03 2.74043879e-03 4.85389959e-04 -3.36350780e-03 3.11750080e-03 5.96637698e-03
2.93579817e-01 6.13677144e-01 6.89705253e-01 7.29153901e-02 -7.02605844e-02 8.69426951e-02 -2.65762601e-02 -5.30597381e-02 -2.98524238e-02 5.18488362e-02 3.53161603e-01 -1.79011539e-01 -3.16855498e-02 2.19689682e-01 -2.03620523e-01 -3.89704913e-01
5.34945726e-02 9.17548239e-02 1.01867475e-01 1.07942037e-02 -1.02447495e-02 1.26566542e-02 -3.85223469e-03 -7.83752557e-03 -4.32215352e-03 7.54494593e-03 5.14355823e-02 -2.60597002e-02 -4.61589452e-03 3.19848359e-02 -2.96454690e-02 -5.67364283e-02
-6.79630935e-02 -1.02310747e-01 -1.12106226e-01 -1.21127041e-02 1.13526080e-02 -1.40197454e-02 4.25661821e-03 8.70756898e-03 4.80822148e-03 -8.35873559e-03 -5.69579937e-02 2.88650766e-02 5.11017442e-03 -3.54253389e-02 3.28342281e-02 6.28402680e-02
-1.20067662e-02 -3.39662321e-02 -3.92820276e-02 -4.26452281e-03 4.10017697e-03 -5.07958280e-03 1.55679509e-03 3.08344467e-03 1.74816919e-03 -3.02951969e-03 -2.06252094e-02 1.04585122e-02 1.85111503e-03 -1.28350183e-02 1.18962377e-02 2.27679051e-02
4.73060869e-02 9.80206355e-02 1.11273028e-01 1.19713377e-02 -1.12422947e-02 1.38131641e-02 -4.18110657e-03 -8.74502677e-03 -4.70021600e-03 8.22986476e-03 5.61707616e-02 -2.84341145e-02 -5.03848027e-03 3.48997824e-02 -3.23474929e-02 -6.19072616e-02
-3.97928208e-02 -5.99919744e-02 -6.72826916e-02 -7.14739971e-03 6.63798768e-03 -8.17962363e-03 2.47044046e-03 5.12854382e-03 2.79208273e-03 -4.87311231e-03 -3.32647301e-02 1.68394484e-02 2.98283948e-03 -2.06680372e-02 1.91565212e-02 3.66622731e-02
-6.00798428e-02 -6.59105927e-02 -6.65924177e-02 -7.21767638e-03 6.52206037e-03 -8.05955008e-03 2.45423079e-03 4.94617270e-03 2.76093511e-03 -4.80404310e-03 -3.27557847e-02 1.65910013e-02 2.93829036e-03 -2.03625318e-02 1.88732613e-02 3.61209437e-02
-8.79020058e-03 -1.61829926e-02 -1.78735591e-02 -1.92561327e-03 1.76439842e-03 -2.16446398e-03 6.52959163e-04 1.36204215e-03 7.32438115e-04 -1.28845999e-03 -8.80651735e-03 4.45500482e-03 7.89695128e-04 -5.46857296e-03 5.06863045e-03 9.70027130e-03
2.22596191e-02 4.19897772e-02 4.81603369e-02 5.20584034e-03 -5.00772521e-03 6.20142231e-03 -1.89654308e-03 -3.77939199e-03 -2.12977384e-03 3.69792478e-03 2.51923632e-02 -1.27689689e-02 -2.26067612e-03 1.56711917e-02 -1.45249991e-02 -2.77987737e-02
5.08631319e-02 9.20636505e-02 1.05127737e-01 1.09314369e-02 -1.03675174e-02 1.28184883e-02 -3.91312363e-03 -7.85121415e-03 -4.38387739e-03 7.64172710e-03 5.20773530e-02 -2.63919868e-02 -4.67396900e-03 3.23914364e-02 -3.00225969e-02 -5.74582815e-02
1.35525623e-02 9.24835913e-03 8.27604160e-03 8.45964300e-04 -6.54083095e-04 7.66221725e-04 -2.19852707e-04 -5.26220829e-04 -2.41355010e-04 4.52785142e-04 3.13700107e-03 -1.57490210e-03 -2.80583336e-04 1.93468051e-03 -1.79323531e-03 -3.43131996e-03
1.20571546e-01 1.95227712e-01 2.16714785e-01 2.35774796e-02 -2.24970151e-02 2.78502461e-02 -8.50541145e-03 -1.70189328e-02 -9.56594851e-03 1.66078173e-02 1.13121755e-01 -5.73444180e-02 -1.01507185e-02 7.03761652e-02 -6.52286634e-02 -1.24839067e-01
2.48557478e-02 5.83353005e-02 6.70392662e-02 7.26259733e-03 -6.99110329e-03 8.65379628e-03 -2.64435285e-03 -5.29627874e-03 -2.97790160e-03 5.16188610e-03 3.51413861e-02 -1.78194214e-02 -3.15385289e-03 2.18684599e-02 -2.02689487e-02 -3.87922563e-02
3.32186231e-03 1.57611892e-02 1.81040037e-02 1.94720249e-03 -1.87447132e-03 2.32216553e-03 -7.11394649e-04 -1.40976463e-03 -7.97434594e-04 1.38505735e-03 9.43080895e-03 -4.78168018e-03 -8.46430543e-04 5.86833898e-03 -5.43912221e-03 -1.04097528e-02
4.32200450e-03 1.35146771e-02 1.52419731e-02 1.65638002e-03 -1.55976927e-03 1.92204001e-03 -5.85799047e-04 -1.19485159e-03 -6.52706192e-04 1.14503317e-03 7.81073561e-03 -3.95627273e-03 -7.01119541e-04 4.85625071e-03 -4.50112810e-03 -8.61415360e-03
-4.38548550e-02 -5.30311354e-02 -5.81075475e-02 -6.39372924e-03 5.85945928e-03 -7.23089324e-03 2.20130617e-03 4.49821167e-03 2.46856385e-03 -4.30813245e-03 -2.94119511e-02 1.48877315e-02 2.63776234e-03 -1.82736218e-02 1.69371311e-02 3.24144661e-02
6.69736415e-02 1.25879109e-01 1.42619208e-01 1.50418477e-02 -1.44837378e-02 1.79078039e-02 -5.48086874e-03 -1.09334076e-02 -6.16086507e-03 1.06813200e-02 7.27203935e-02 -3.68736647e-02 -6.52637985e-03 4.52523828e-02 -4.19424884e-02 -8.02727342e-02
-1.81576759e-02 -2.83409096e-02 -3.13207135e-02 -3.32082156e-03 3.06579936e-03 -3.77367879e-03 1.14090019e-03 2.38263025e-03 1.27347279e-03 -2.24679429e-03 -1.53527996e-02 7.76785566e-03 1.37719954e-03 -9.53535363e-03 8.83800723e-03 1.69139542e-02
-2.81628072e-02 -6.15202524e-02 -7.12027624e-02 -7.73758069e-03 7.37048779e-03 -9.12026223e-03 2.78877118e-03 5.57455514e-03 3.12104961e-03 -5.43695223e-03 -3.70601714e-02 1.87776480e-02 3.32576688e-03 -2.30468884e-02 2.13613752e-02 4.08819988e-02
1.49146440e-02 5.41544966e-02 6.12547770e-02 6.76419679e-03 -6.37553167e-03 7.87389092e-03 -2.39818334e-03 -4.87455120e-03 -2.69947620e-03 4.69411770e-03 3.19801532e-02 -1.62103977e-02 -2.86993152e-03 1.98947117e-02 -1.84395835e-02 -3.52907367e-02
-1.95459202e-02 -3.68967168e-02 -4.13336270e-02 -4.38889302e-03 4.08654939e-03 -5.03066368e-03 1.51599757e-03 3.16869840e-03 1.70885189e-03 -2.99746846e-03 -2.04454362e-02 1.03568435e-02 1.83452165e-03 -1.27116237e-02 1.17819589e-02 2.25486048e-02
-1.04804244e-02 -2.69149952e-02 -3.06711253e-02 -3.27247940e-03 2.98296148e-03 -3.65967699e-03 1.11072860e-03 2.24805623e-03 1.24001794e-03 -2.17904081e-03 -1.48641774e-02 7.52938911e-03 1.33389269e-03 -9.24153160e-03 8.56560934e-03 1.63930636e-02
-1.95712708e-02 -2.02730075e-02 -2.20468380e-02 -2.31311005e-03 2.11363216e-03 -2.58968561e-03 7.80116359e-04 1.64972118e-03 8.78103136e-04 -1.54191011e-03 -1.05320541e-02 5.33074746e-03 9.44760395e-04 -6.54330524e-03 6.06473489e-03 1.16066737e-02
5.26109040e-02 1.19811378e-01 1.33260608e-01 1.44239459e-02 -1.36324149e-02 1.68589447e-02 -5.13410848e-03 -1.03119919e-02 -5.79324970e-03 1.00534502e-02 6.84676617e-02 -3.47117372e-02 -6.14446867e-03 4.25998271e-02 -3.94840129e-02 -7.55673200e-02
-2.79470067e-03 2.48587783e-03 3.36842681e-03 3.77296266e-04 -3.88479326e-04 4.87057114e-04 -1.51835440e-04 -2.85447604e-04 -1.70432293e-04 2.91114382e-04 1.97346252e-03 -1.00339076e-03 -1.77359485e-04 1.23116199e-03 -1.14110764e-03 -2.18401989e-03
3.47788930e-02 4.64256071e-02 4.85222824e-02 5.20064728e-03 -4.79155825e-03 5.89325652e-03 -1.77940284e-03 -3.73246684e-03 -2.00570142e-03 3.50952405e-03 2.40179580e-02 -1.21328644e-02 -2.15145224e-03 1.48939025e-02 -1.38049796e-02 -2.64190510e-02
-4.24503461e-02 -7.26503655e-02 -7.93892741e-02 -8.83254409e-03 7.86654279e-03 -9.61851515e-03 2.86432123e-03 6.38234057e-03 3.19847162e-03 -5.72277233e-03 -3.91818210e-02 1.98008064e-02 3.51458788e-03 -2.43118070e-02 2.25344058e-02 4.31232378e-02
1.70985032e-02 5.44714229e-03 5.03507489e-03 5.28793782e-04 -4.84003045e-04 5.97047154e-04 -1.80957621e-04 -3.70148598e-04 -2.02967174e-04 3.55917145e-04 2.43060105e-03 -1.22977816e-03 -2.17913039e-04 1.50947459e-03 -1.39907561e-03 -2.67756521e-03
1.74951032e-02 3.89023721e-02 4.35797684e-02 4.66939574e-03 -4.45610471e-03 5.51023753e-03 -1.68489455e-03 -3.36670107e-03 -1.88844488e-03 3.28543759e-03 2.23872755e-02 -1.13451332e-02 -2.00860575e-03 1.39238071e-02 -1.29054012e-02 -2.46990751e-02
5.97489923e-02 9.76122245e-02 1.07861817e-01 1.14176860e-02 -1.07079037e-02 1.32071758e-02 -4.02844278e-03 -8.07452668e-03 -4.52286378e-03 7.87391141e-03 5.36397994e-02 -2.71885358e-02 -4.81324410e-03 3.33678126e-02 -3.09272688e-02 -5.91904372e-02
3.29049900e-02 6.26654103e-02 7.03008324e-02 7.52007496e-03 -7.12104933e-03 8.80492479e-03 -2.68351566e-03 -5.41708572e-03 -3.00872885e-03 5.24885766e-03 3.57828662e-02 -1.81271601e-02 -3.21028521e-03 2.22481918e-02 -2.06209794e-02 -3.94652821e-02
-6.29423261e-02 -8.47770721e-02 -9.61731151e-02 -1.00298980e-02 9.48324241e-03 -1.16949454e-02 3.54189728e-03 7.36454548e-03 3.97214061e-03 -6.97288988e-03 -4.75096218e-02 2.40774956e-02 4.26443806e-03 -2.95515973e-02 2.73901131e-02 5.24202920e-02
-1.89231187e-02 -5.72019219e-02 -6.59543127e-02 -7.04188179e-03 6.78876508e-03 -8.41163564e-03 2.57553649e-03 5.11521567e-03 2.89528910e-03 -5.01711946e-03 -3.41579691e-02 1.73199773e-02 3.06538097e-03 -2.12556124e-02 1.97009239e-02 3.77051719e-02
1.81254447e-02 3.61890383e-02 4.00646068e-02 4.32101823e-03 -4.00460884e-03 4.93417960e-03 -1.49893726e-03 -3.05716321e-03 -1.68555125e-03 2.94057955e-03 2.00505145e-02 -1.01577332e-02 -1.79886667e-03 1.24669224e-02 -1.15550775e-02 -2.21146084e-02
5.06601818e-02 8.19622874e-02 9.07466188e-02 9.82977729e-03 -8.84682685e-03 1.08821401e-02 -3.29100597e-03 -6.97120233e-03 -3.67440679e-03 6.48085168e-03 4.42451015e-02 -2.24059802e-02 -3.97021370e-03 2.75020115e-02 -2.54915338e-02 -4.87839803e-02
6.46830425e-02 1.33621097e-01 1.48126706e-01 1.61249824e-02 -1.48767633e-02 1.83626581e-02 -5.59475180e-03 -1.12082884e-02 -6.28127484e-03 1.09468354e-02 7.46367723e-02 -3.78049649e-02 -6.69444818e-03 4.64029051e-02 -4.30091731e-02 -8.23110864e-02
-3.08707496e-03 8.89744423e-03 1.24299461e-02 1.34675659e-03 -1.41691649e-03 1.77933648e-03 -5.52848622e-04 -1.03985297e-03 -6.23572036e-04 1.06296735e-03 7.21832179e-03 -3.66566889e-03 -6.48117275e-04 4.49789362e-03 -4.16891091e-03 -7.97901489e-03
1.02972062e-02 -1.54021718e-02 -2.07438935e-02 -2.28971918e-03 2.29896768e-03 -2.87384936e-03 8.91484960e-04 1.65607687e-03 9.95504321e-04 -1.71574357e-03 -1.16616348e-02 5.91871887e-03 1.04711752e-03 -7.26316543e-03 6.73193019e-03 1.28842182e-02
6.63278624e-04 2.20496058e-02 2.63401922e-02 2.90811295e-03 -2.87033385e-03 3.57148168e-03 -1.10271282e-03 -2.13539111e-03 -1.23723154e-03 2.13141553e-03 1.44892195e-02 -7.35408999e-03 -1.30102073e-03 9.02452134e-03 -8.36443715e-03 -1.60087049e-02
3.91489416e-02 4.03904207e-02 4.42090966e-02 4.65655560e-03 -4.26572375e-03 5.26129315e-03 -1.59789016e-03 -3.29848868e-03 -1.78534538e-03 3.13515449e-03 2.14008428e-02 -1.08319568e-02 -1.91915152e-03 1.32954614e-02 -1.23230629e-02 -2.35840119e-02
-2.41490938e-02 -1.78688243e-02 -1.74718834e-02 -1.69691083e-03 1.41599821e-03 -1.72039133e-03 5.06674405e-04 1.13853393e-03 5.63269248e-04 -1.02247135e-03 -7.02356361e-03 3.54042184e-03 6.29247748e-04 -4.34754230e-03 4.02964326e-03 7.71134719e-03
1.79472119e-02 2.71146093e-02 2.97742393e-02 3.17115290e-03 -2.93134409e-03 3.61195044e-03 -1.09006558e-03 -2.29918421e-03 -1.22637954e-03 2.15151650e-03 1.46944225e-02 -7.43537443e-03 -1.31751876e-03 9.12646670e-03 -8.45897663e-03 -1.61888767e-02
-2.16521397e-02 -4.58445810e-02 -5.26264906e-02 -5.69132203e-03 5.48374420e-03 -6.79600425e-03 2.08419817e-03 4.11934080e-03 2.33923248e-03 -4.05385299e-03 -2.75939945e-02 1.39938286e-02 2.47668428e-03 -1.71734765e-02 1.59173682e-02 3.04639004e-02
-8.17148015e-03 -1.48756281e-02 -1.53844710e-02 -1.52579613e-03 1.32667297e-03 -1.60165550e-03 4.73488384e-04 1.00534165e-03 5.34145511e-04 -9.49025154e-04 -6.52782293e-03 3.28926858e-03 5.83536399e-04 -4.03815741e-03 3.74281919e-03 7.16277491e-03
3.93710062e-02 1.24802291e-02 1.04570193e-02 1.04085472e-03 -7.29424355e-04 8.57432606e-04 -2.49023025e-04 -6.05552865e-04 -2.70915509e-04 5.08177094e-04 3.51640722e-03 -1.76900253e-03 -3.14658624e-04 2.17272923e-03 -2.01385538e-03 -3.85353970e-03
-1.74332634e-02 -2.81456020e-02 -3.20063829e-02 -3.65249137e-03 3.27372062e-03 -4.04925970e-03 1.23583165e-03 2.50549987e-03 1.38357177e-03 -2.41435133e-03 -1.64501891e-02 8.33771750e-03 1.47628621e-03 -1.02329599e-02 9.48451832e-03 1.81519557e-02
3.11043337e-02 4.83382754e-02 5.22962287e-02 5.65564306e-03 -5.26346313e-03 6.49563130e-03 -1.96712348e-03 -3.99589539e-03 -2.21549021e-03 3.87371727e-03 2.63805222e-02 -1.33743882e-02 -2.36755772e-03 1.64136700e-02 -1.52131449e-02 -2.91159451e-02
-1.39185721e-02 -1.96747985e-02 -2.18406133e-02 -2.42300425e-03 2.21783901e-03 -2.74129538e-03 8.37174593e-04 1.67126115e-03 9.40251164e-04 -1.63479836e-03 -1.11373113e-02 5.64466417e-03 9.99376061e-04 -6.92759687e-03 6.42089266e-03 1.22886840e-02
2.38073785e-02 3.42941843e-02 3.75067405e-02 4.08660341e-03 -3.77710699e-03 4.65097604e-03 -1.40568253e-03 -2.96660466e-03 -1.58954586e-03 2.76942784e-03 1.89143345e-02 -9.57593694e-03 -1.69636460e-03 1.17531950e-02 -1.08935433e-02 -2.08484624e-02
4.28156415e-03 3.44531760e-02 4.08384874e-02 4.45768889e-03 -4.33059176e-03 5.37548540e-03 -1.65131863e-03 -3.24863498e-03 -1.85339851e-03 3.20675597e-03 2.18227413e-02 -1.10684400e-02 -1.95882539e-03 1.35832960e-02 -1.25897843e-02 -2.40953472e-02
3.30979936e-02 4.68149558e-02 5.12317121e-02 5.41163981e-03 -5.01156412e-03 6.17386959e-03 -1.88358361e-03 -3.77583178e-03 -2.11091596e-03 3.68048693e-03 2.50804685e-02 -1.27111226e-02 -2.25051190e-03 1.56002520e-02 -1.44592216e-02 -2.76728310e-02
-2.05007419e-02 -5.23728542e-02 -5.85145131e-02 -6.19004155e-03 5.92426024e-03 -7.32310815e-03 2.23800214e-03 4.53369739e-03 2.51717446e-03 -4.36708331e-03 -2.97391657e-02 1.50771663e-02 2.66868295e-03 -1.85033288e-02 1.71499401e-02 3.28227915e-02
-1.95390657e-02 -2.88856979e-02 -3.16649862e-02 -3.70587362e-03 3.14571219e-03 -3.86594376e-03 1.16657512e-03 2.43415753e-03 1.30909879e-03 -2.30128900e-03 -1.57110821e-02 7.95837026e-03 1.41012832e-03 -9.76843759e-03 9.05405544e-03 1.73276048e-02
3.71399820e-02 4.40248474e-02 4.56967317e-02 4.99793049e-03 -4.60579386e-03 5.69217047e-03 -1.72839942e-03 -3.48877115e-03 -1.94657187e-03 3.39334691e-03 2.31293198e-02 -1.17197288e-02 -2.07487168e-03 1.43834502e-02 -1.33314114e-02 -2.55144481e-02
-1.44928917e-02 -9.94228944e-03 -1.00892391e-02 -1.03010482e-03 9.00143874e-04 -1.09658239e-03 3.27836344e-04 7.04374164e-04 3.71964416e-04 -6.52798277e-04 -4.45662113e-03 2.25681788e-03 3.99812881e-04 -2.77000898e-03 2.56739929e-03 4.91356291e-03
3.47760357e-02 -7.23695010e-03 -1.21628679e-02 -1.45652913e-03 1.57291978e-03 -1.99907436e-03 6.31042873e-04 1.12117513e-03 6.98561780e-04 -1.19411584e-03 -8.10425356e-03 4.11676988e-03 7.28153624e-04 -5.05173812e-03 4.68225311e-03 8.96142144e-03
-5.46780182e-03 -6.68394333e-03 -7.53966114e-03 -8.19965673e-04 7.80349714e-04 -9.64793027e-04 2.94680649e-04 5.95423684e-04 3.29885486e-04 -5.75159735e-04 -3.91947199e-03 1.98654993e-03 3.51881550e-04 -2.43820203e-03 2.25987216e-03 4.32502059e-03
1.43345818e-02 3.94684374e-02 4.36414480e-02 4.74087428e-03 -4.41346038e-03 5.44768339e-03 -1.66250963e-03 -3.36156669e-03 -1.87188236e-03 3.24825430e-03 2.21215840e-02 -1.12150572e-02 -1.98508450e-03 1.37635805e-02 -1.27568720e-02 -2.44150423e-02
1.00073209e-02 2.27752831e-02 2.61677690e-02 2.82966718e-03 -2.65129912e-03 3.27643356e-03 -1.00017549e-03 -2.01211334e-03 -1.12135126e-03 1.95357134e-03 1.33115184e-02 -6.74603181e-03 -1.19440560e-03 8.27934593e-03 -7.67379301e-03 -1.46865202e-02
-1.85893755e-02 -2.57711355e-02 -2.79266685e-02 -3.00709996e-03 2.77203904e-03 -3.41370469e-03 1.03858579e-03 2.10699975e-03 1.16428663e-03 -2.03446625e-03 -1.38732968e-02 7.02791009e-03 1.24454685e-03 -8.62555299e-03 7.99466949e-03 1.53005635e-02
-4.77525853e-02 -6.60810173e-02 -7.31693059e-02 -7.75286835e-03 7.17933010e-03 -8.86195526e-03 2.70395703e-03 5.49522461e-03 3.03553999e-03 -5.28317969e-03 -3.59951258e-02 1.82449054e-02 3.22993123e-03 -2.23913528e-02 2.07535792e-02 3.97195294e-02
1.40662324e-02 2.66151875e-02 2.95005795e-02 3.21941799e-03 -3.01201455e-03 3.72473174e-03 -1.14029751e-03 -2.26417347e-03 -1.28178892e-03 2.22140434e-03 1.51226325e-02 -7.66889285e-03 -1.35729276e-03 9.41144768e-03 -8.72306712e-03 -1.66948829e-02
5.04206195e-02 9.98868495e-02 1.13429673e-01 1.22062983e-02 -1.15045132e-02 1.42325787e-02 -4.35296493e-03 -8.72113090e-03 -4.87405900e-03 8.48517753e-03 5.78220040e-02 -2.93032341e-02 -5.18814335e-03 3.59637216e-02 -3.33333015e-02 -6.37950599e-02
-1.63957179e-02 -5.26347458e-02 -6.06283620e-02 -6.51816465e-03 6.27437560e-03 -7.75102060e-03 2.36779242e-03 4.78079356e-03 2.65918532e-03 -4.62043239e-03 -3.14810649e-02 1.59552824e-02 2.82474793e-03 -1.95815749e-02 1.81493629e-02 3.47353332e-02
2.15468137e-03 4.56551975e-03 6.06116233e-03 8.66445422e-04 -1.02044083e-03 1.32165581e-03 -4.19796066e-04 -7.49592320e-04 -4.68568236e-04 7.90251244e-04 5.35971392e-03 -2.72419653e-03 -4.81577707e-04 3.34262033e-03 -3.09813418e-03 -5.92962559e-03
-1.01442840e-02 5.09732589e-03 7.77006708e-03 8.69830314e-04 -9.01246793e-04 1.12734362e-03 -3.52593634e-04 -6.52205432e-04 -3.94200062e-04 6.73064380e-04 4.57350630e-03 -2.32184050e-03 -4.10655659e-04 2.84911087e-03 -2.64072744e-03 -5.05410880e-03
-5.63493744e-02 -9.60717648e-02 -1.03565685e-01 -1.14806890e-02 1.07619818e-02 -1.32923126e-02 4.06430755e-03 8.13500490e-03 4.57263645e-03 -7.92628806e-03 -5.39798662e-02 2.73695923e-02 4.84430464e-03 -3.35889980e-02 3.11322138e-02 5.95831275e-02
