8.76960251e-03 -1.58941501e-03 3.67724500e-03 -9.97628272e-03 -7.05159642e-03 5.08857146e-03 -2.29899641e-02 5.08166254e-02 -3.84874060e-03 1.84080396e-02 -2.06999760e-02 3.17235291e-03 -1.12971133e-02 -5.52310422e-03 1.36472862e-02 6.99671591e-03
5.65695483e-03 -1.03100808e-03 2.41443375e-03 -6.48209965e-03 -4.73209191e-03 3.42179299e-03 -1.53882634e-02 3.40846218e-02 -2.57899356e-03 1.23639982e-02 -1.38976397e-02 2.13048630e-03 -7.58641958e-03 -3.70971300e-03 9.16597620e-03 4.69917245e-03
4.95129172e-03 -1.24642043e-03 1.91328686e-03 -5.97804412e-03 -3.58252530e-03 2.56508775e-03 -1.17473584e-02 2.60008015e-02 -1.95606728e-03 9.34036355e-03 -1.04894368e-02 1.60573213e-03 -5.72304381e-03 -2.79476354e-03 6.90816808e-03 3.54215619e-03
-1.11124720e-02 2.41686916e-03 -4.58100019e-03 1.24629652e-02 8.90779775e-03 -6.43917080e-03 2.89090816e-02 -6.40960857e-02 4.84163687e-03 -2.32487675e-02 2.61500422e-02 -4.00994206e-03 1.42759522e-02 6.98302640e-03 -1.72519330e-02 -8.84445012e-03
1.12458161e-04 -1.04016377e-04 -1.72148153e-04 4.17389849e-04 4.55586298e-04 -3.37602309e-04 1.47373485e-03 -3.27269104e-03 2.49481294e-04 -1.20069366e-03 1.35460764e-03 -2.07910125e-04 7.39837298e-04 3.62154242e-04 -8.94556288e-04 -4.58598690e-04
9.25459317e-05 -5.21347756e-05 7.93047584e-05 -2.28315024e-04 -1.70570493e-04 1.22291705e-04 -5.55149221e-04 1.23171974e-03 -9.29390371e-05 4.44729580e-04 -4.99829184e-04 7.65606383e-05 -2.72843172e-04 -1.33269816e-04 3.29425064e-04 1.68927741e-04
-2.70942389e-03 1.03515002e-03 -1.20383385e-03 3.34988325e-03 1.38580252e-03 -9.35137970e-04 4.79623443e-03 -1.04110157e-02 7.82074523e-04 -3.66018503e-03 4.06290637e-03 -6.07065624e-04 2.19758344e-03 1.05214235e-03 -2.63456232e-03 -1.35659752e-03
-2.13376852e-03 5.57781896e-04 -8.48143362e-04 2.58195354e-03 1.48419989e-03 -1.05742423e-03 4.86702984e-03 -1.07060038e-02 8.10037658e-04 -3.86654236e-03 4.33877204e-03 -6.63506682e-04 2.36613443e-03 1.15451880e-03 -2.85485201e-03 -1.46397261e-03
2.99709430e-03 -3.85695836e-04 1.16625591e-03 -3.13803996e-03 -2.29645078e-03 1.66375923e-03 -7.46680470e-03 1.65595897e-02 -1.25469058e-03 6.01566071e-03 -6.76536327e-03 1.03638240e-03 -3.69154918e-03 -1.80444214e-03 4.45900811e-03 2.28630635e-03
-4.69575496e-03 1.15636212e-03 -2.01824005e-03 5.24409628e-03 3.79193970e-03 -2.72491085e-03 1.23918727e-02 -2.75933519e-02 2.05965200e-03 -9.86700226e-03 1.10965725e-02 -1.70102820e-03 6.05765218e-03 2.96163186e-03 -7.31787784e-03 -3.75169213e-03
5.04085422e-03 -1.20933726e-03 2.20354740e-03 -6.19257474e-03 -4.25810041e-03 3.06139188e-03 -1.38415396e-02 3.07273269e-02 -2.31208070e-03 1.10918917e-02 -1.24672744e-02 1.91057089e-03 -6.80439547e-03 -3.32652498e-03 8.21956154e-03 4.21409216e-03
1.00464970e-02 -2.16506328e-03 3.83040053e-03 -1.05063692e-02 -7.18815858e-03 5.17590670e-03 -2.34161522e-02 5.18107563e-02 -3.91003070e-03 1.87275894e-02 -2.10615806e-02 3.22787487e-03 -1.14961667e-02 -5.61954221e-03 1.38865504e-02 7.11967750e-03
-1.46215176e-03 2.64758710e-04 -4.99759917e-04 1.29026978e-03 8.88871029e-04 -6.38646714e-04 2.89321318e-03 -6.39728829e-03 4.83928219e-04 -2.31679855e-03 2.60380749e-03 -3.98876989e-04 1.42084749e-03 6.94341259e-04 -1.71591016e-03 -8.79763684e-04
-1.03713349e-02 2.45231227e-03 -4.32386156e-03 1.14659024e-02 7.83350505e-03 -5.61196776e-03 2.55871080e-02 -5.66538237e-02 4.27204790e-03 -2.03683227e-02 2.28969101e-02 -3.50874662e-03 1.24993203e-02 6.10803626e-03 -1.50951594e-02 -7.73931341e-03
1.49230920e-02 -3.48756369e-03 6.21262332e-03 -1.59827564e-02 -1.16073517e-02 8.40024184e-03 -3.77538949e-02 8.36405233e-02 -6.32951269e-03 3.03192213e-02 -3.41088846e-02 5.23159467e-03 -1.86244510e-02 -9.11042839e-03 2.25075502e-02 1.15387477e-02
-4.27620634e-02 9.14864615e-03 -2.21024323e-02 5.83842769e-02 4.60732542e-02 -3.35017182e-02 1.49321184e-01 -3.31569880e-01 2.51004677e-02 -1.20606251e-01 1.35699153e-01 -2.08170917e-02 7.41035044e-02 3.62540558e-02 -8.95645171e-02 -4.59166504e-02
-4.63203015e-03 1.11360720e-03 -1.90383976e-03 5.60447853e-03 3.82783310e-03 -2.76123127e-03 1.24451127e-02 -2.76585706e-02 2.07892293e-03 -9.97961778e-03 1.12241730e-02 -1.72136363e-03 6.12822874e-03 2.99760397e-03 -7.40570389e-03 -3.79663915e-03
8.89576599e-03 -2.22880766e-03 3.34213348e-03 -9.38581489e-03 -6.23989431e-03 4.47665248e-03 -2.03308538e-02 4.50956486e-02 -3.39847011e-03 1.62380580e-02 -1.82493404e-02 2.79610138e-03 -9.96053871e-03 -4.86802077e-03 1.20297950e-02 6.16769120e-03
-5.95340924e-03 1.42295216e-03 -2.79908977e-03 7.60910520e-03 5.67052187e-03 -4.10886994e-03 1.84045881e-02 -4.08059098e-02 3.08520440e-03 -1.48139475e-02 1.66647024e-02 -2.55606067e-03 9.09931213e-03 4.45135403e-03 -1.09970523e-02 -5.63780125e-03
2.26798300e-02 -4.12891386e-03 1.01678791e-02 -2.72802152e-02 -2.14739032e-02 1.55943325e-02 -6.94986656e-02 1.54432535e-01 -1.16874855e-02 5.61668016e-02 -6.31947741e-02 9.69421957e-03 -3.45090106e-02 -1.68829896e-02 4.17089164e-02 2.13827230e-02
-6.54360373e-03 1.34526705e-03 -2.94739753e-03 7.93511514e-03 5.79484086e-03 -4.18623630e-03 1.88521147e-02 -4.18474302e-02 3.15256766e-03 -1.51251378e-02 1.70118380e-02 -2.60832184e-03 9.28665977e-03 4.54178639e-03 -1.12212300e-02 -5.75276418e-03
-2.66712084e-02 4.44991328e-03 -1.29341371e-02 3.53602730e-02 2.71241572e-02 -1.97013989e-02 8.79138708e-02 -1.95169479e-01 1.47686033e-02 -7.09524527e-02 7.98299834e-02 -1.22456141e-02 4.35924158e-02 2.13260408e-02 -5.26857525e-02 -2.70101670e-02
-5.43491030e-03 1.40595005e-03 -2.07823468e-03 5.94454072e-03 3.74289509e-03 -2.67663342e-03 1.23258252e-02 -2.71656755e-02 2.04050471e-03 -9.75454412e-03 1.09537439e-02 -1.67622732e-03 5.97547647e-03 2.91731721e-03 -7.21245445e-03 -3.69863352e-03
-3.04362318e-03 1.27675734e-03 7.11979810e-04 -1.02004653e-03 -2.19845492e-03 1.64255535e-03 -7.04648718e-03 1.57212373e-02 -1.19644019e-03 5.78328501e-03 -6.52560405e-03 1.00525829e-03 -3.57519370e-03 -1.75254059e-03 4.32625832e-03 2.21822783e-03
2.93132209e-04 -3.78496799e-04 -3.94500035e-04 6.71292422e-04 9.97921918e-04 -7.40245625e-04 3.21882893e-03 -7.18863215e-03 5.47332282e-04 -2.63800309e-03 2.97102029e-03 -4.56251000e-04 1.62362284e-03 7.94789230e-04 -1.96327921e-03 -1.00650208e-03
1.20335799e-02 -2.31006322e-03 5.89653151e-03 -1.57476272e-02 -1.22365039e-02 8.88789352e-03 -3.96454930e-02 8.80724341e-02 -6.66084141e-03 3.20018679e-02 -3.60060148e-02 5.52342227e-03 -1.96622908e-02 -9.61926021e-03 2.37641465e-02 1.21830478e-02
-1.06438892e-02 2.64197355e-03 -4.06085933e-03 1.17115760e-02 6.87929243e-03 -4.88375640e-03 2.25620717e-02 -4.97411676e-02 3.75496782e-03 -1.79039817e-02 2.01156531e-02 -3.07015493e-03 1.09542375e-02 5.34173287e-03 -1.32134818e-02 -6.77598407e-03
-2.31364556e-03 6.15518191e-04 -2.27436144e-03 5.89376129e-03 4.28128010e-03 -3.08216643e-03 1.38823995e-02 -3.07860263e-02 2.33010761e-03 -1.11713596e-02 1.25603694e-02 -1.92405179e-03 6.85298909e-03 3.34986090e-03 -8.27775989e-03 -4.24391823e-03
6.21996354e-03 -1.48956862e-03 2.36816984e-03 -6.44181948e-03 -4.10876982e-03 2.94490438e-03 -1.34688439e-02 2.97442619e-02 -2.23694718e-03 1.06910178e-02 -1.20415855e-02 1.84313569e-03 -6.56437501e-03 -3.20651336e-03 7.92469177e-03 4.06285236e-03
5.26768621e-03 -1.28868560e-03 2.01584189e-03 -5.77883702e-03 -3.38271423e-03 2.40604603e-03 -1.10632684e-02 2.45948583e-02 -1.84519973e-03 8.80289264e-03 -9.87834297e-03 1.51008286e-03 -5.38577046e-03 -2.62734015e-03 6.49760338e-03 3.33229057e-03
8.82711727e-03 -2.30356492e-03 3.59692215e-03 -9.92272887e-03 -6.44083461e-03 4.60472610e-03 -2.12274529e-02 4.73912209e-02 -3.53403040e-03 1.68265123e-02 -1.88537575e-02 2.88595795e-03 -1.02981497e-02 -5.02487505e-03 1.24340989e-02 6.37765415e-03
1.55185731e-02 -3.60581512e-03 6.69045327e-03 -1.70622002e-02 -1.32187651e-02 9.58393794e-03 -4.28538062e-02 9.52498987e-02 -7.19583733e-03 3.45692113e-02 -3.88942659e-02 5.96544473e-03 -2.12357137e-02 -1.03887208e-02 2.56650336e-02 1.31575922e-02
-3.04452665e-02 6.61909208e-03 -1.41298594e-02 4.10260782e-02 2.89158057e-02 -2.09283344e-02 9.36757401e-02 -2.08141997e-01 1.57239679e-02 -7.54829347e-02 8.49080607e-02 -1.30243702e-02 4.63670827e-02 2.26815529e-02 -5.60352355e-02 -2.87272576e-02
2.13347413e-02 -4.99085430e-03 9.40588303e-03 -2.43326835e-02 -1.86594017e-02 1.35246962e-02 -6.05489612e-02 1.34193495e-01 -1.01455702e-02 4.87113260e-02 -5.48161566e-02 8.40678345e-03 -2.99263392e-02 -1.46404998e-02 3.61690149e-02 1.85425878e-02
-1.50429830e-02 2.72558746e-03 -8.12346768e-03 2.17391066e-02 1.73495896e-02 -1.26058916e-02 5.62400110e-02 -1.24818839e-01 9.44529101e-03 -4.53820340e-02 5.10639921e-02 -7.83333927e-03 2.78848317e-02 1.36422683e-02 -3.37027945e-02 -1.72782652e-02
6.99734408e-03 -1.62051746e-03 3.16089601e-03 -8.61633010e-03 -6.43361080e-03 4.65464033e-03 -2.08775811e-02 4.63062972e-02 -3.50033306e-03 1.68065466e-02 -1.89009402e-02 2.89860670e-03 -1.03197275e-02 -5.04766731e-03 1.24706514e-02 6.39328174e-03
2.75091245e-03 -4.24136291e-04 1.42205064e-03 -3.87944956e-03 -3.02941352e-03 2.20220536e-03 -9.81647521e-03 2.18365397e-02 -1.65048800e-03 7.92912953e-03 -8.92129261e-03 1.36851263e-03 -4.87165572e-03 -2.38331966e-03 5.88794146e-03 3.01853521e-03
4.69730608e-03 -1.86146470e-03 2.11879867e-03 -6.06573932e-03 -4.10256954e-03 2.96272105e-03 -1.33605367e-02 2.96798069e-02 -2.22946214e-03 1.07112322e-02 -1.20416367e-02 1.84705458e-03 -6.57569245e-03 -3.21667851e-03 7.94679206e-03 4.07406036e-03
4.14945697e-03 -4.15104791e-04 2.18930258e-03 -5.86222485e-03 -4.66632890e-03 3.39487754e-03 -1.51182506e-02 3.35903317e-02 -2.54282402e-03 1.22179128e-02 -1.37471976e-02 2.10883957e-03 -7.50705134e-03 -3.67264426e-03 9.07318760e-03 4.65151062e-03
-2.98935920e-03 4.01458354e-04 -1.69788336e-03 4.60630935e-03 3.65738291e-03 -2.66088825e-03 1.18485363e-02 -2.63227839e-02 1.99286826e-03 -9.57582984e-03 1.07743843e-02 -1.65286334e-03 5.88381011e-03 2.87856441e-03 -7.11140642e-03 -3.64577305e-03
3.11271753e-03 -7.93865533e-04 1.13532785e-03 -3.23005510e-03 -1.98170077e-03 1.40900118e-03 -6.47395290e-03 1.43412938e-02 -1.07605301e-03 5.14035812e-03 -5.77495340e-03 8.83666798e-04 -3.14953295e-03 -1.53793069e-03 3.80142615e-03 1.94911228e-03
-1.31365461e-02 2.99203675e-03 -4.98614972e-03 1.42617226e-02 9.50964913e-03 -6.82133297e-03 3.10455877e-02 -6.86136484e-02 5.15999505e-03 -2.47041620e-02 2.77611073e-02 -4.25624242e-03 1.51562868e-02 7.41040753e-03 -1.83109604e-02 -9.38753225e-03
1.41516351e-03 -3.31244257e-04 6.50634465e-04 -1.84041052e-03 -1.29058631e-03 9.27888032e-04 -4.19946015e-03 9.30731185e-03 -7.01141311e-04 3.36429244e-03 -3.78247397e-03 5.79616055e-04 -2.06388673e-03 -1.00919988e-03 2.49352655e-03 1.27839029e-03
-1.22661432e-02 2.04471825e-03 -6.46821456e-03 1.74709018e-02 1.34580089e-02 -9.77513939e-03 4.35874648e-02 -9.68645439e-02 7.32786534e-03 -3.52005549e-02 3.96039672e-02 -6.07513264e-03 2.16264427e-02 1.05801020e-02 -2.61379145e-02 -1.33999949e-02
1.29892007e-02 -3.10345343e-03 4.87936800e-03 -1.36952689e-02 -8.79269652e-03 6.28678128e-03 -2.87889335e-02 6.45131469e-02 -4.82830498e-03 2.29155906e-02 -2.57244185e-02 3.94053478e-03 -1.40580758e-02 -6.85993023e-03 1.69615168e-02 8.70348793e-03
-1.06255971e-02 2.68519251e-03 -4.47135000e-03 1.20510180e-02 8.48391093e-03 -6.08257949e-03 2.76520513e-02 -6.14028573e-02 4.61320719e-03 -2.20890082e-02 2.48295162e-02 -3.80381336e-03 1.35462992e-02 6.62321365e-03 -1.63654536e-02 -8.39008205e-03
-3.37247774e-02 8.62848945e-03 -1.35924686e-02 3.80066670e-02 2.63285339e-02 -1.88812185e-02 8.60452056e-02 -1.90131828e-01 1.43152829e-02 -6.87405169e-02 7.70686343e-02 -1.18059311e-02 4.20533307e-02 2.05556285e-02 -5.08062132e-02 -2.60461103e-02
-1.05870450e-02 2.09233584e-03 -5.11124544e-03 1.41964611e-02 1.09077552e-02 -7.92173110e-03 3.53091843e-02 -7.84585476e-02 5.93724102e-03 -2.85303071e-02 3.20987403e-02 -4.92411712e-03 1.75287109e-02 8.57562851e-03 -2.11858377e-02 -1.08612450e-02
5.54338703e-03 -1.48329092e-03 2.56438321e-03 -7.79389730e-03 -5.24929771e-03 3.79427918e-03 -1.69957001e-02 3.77071314e-02 -2.85333185e-03 1.37056066e-02 -1.54153863e-02 2.36449507e-03 -8.41726176e-03 -4.11777105e-03 1.01729231e-02 5.21529699e-03
2.02549696e-02 -5.06479340e-03 1.14303231e-02 -2.98776645e-02 -2.39439216e-02 1.74197238e-02 -7.75503293e-02 1.72318771e-01 -1.30437352e-02 6.26821592e-02 -7.05288872e-02 1.08196875e-02 -3.85155044e-02 -1.88431963e-02 4.65515330e-02 2.38653701e-02
-3.14823608e-03 5.75773127e-04 -9.21286992e-04 2.35966360e-03 1.86442863e-03 -1.35421939e-03 6.04212144e-03 -1.34101026e-02 1.01480877e-03 -4.87555284e-03 5.48572047e-03 -8.41536617e-04 2.99567869e-03 1.46558729e-03 -3.62068997e-03 -1.85620203e-03
-6.16909284e-03 1.39260327e-03 -2.56892503e-03 7.14753382e-03 4.47145756e-03 -3.19294143e-03 1.46272983e-02 -3.22822295e-02 2.44037714e-03 -1.16503825e-02 1.30863944e-02 -2.00165389e-03 7.13569485e-03 3.48364352e-03 -8.61287583e-03 -4.41619614e-03
5.82776219e-03 -1.34223863e-03 2.45809136e-03 -6.72069285e-03 -4.84795030e-03 3.50731006e-03 -1.57443956e-02 3.49446461e-02 -2.64016655e-03 1.26664527e-02 -1.42491534e-02 2.18500220e-03 -7.77883362e-03 -3.80501640e-03 9.40045342e-03 4.81928186e-03
3.31168715e-03 -5.57425315e-04 1.33112795e-03 -3.58979590e-03 -2.47780234e-03 1.78520591e-03 -8.06105323e-03 1.78887937e-02 -1.34826032e-03 6.46359008e-03 -7.26776849e-03 1.11350638e-03 -3.96563904e-03 -1.93866040e-03 4.79032518e-03 2.45594000e-03
5.27732493e-03 -1.44159002e-03 2.69063329e-03 -7.93041568e-03 -5.65746985e-03 4.09222627e-03 -1.83257274e-02 4.06871438e-02 -3.07380129e-03 1.47600593e-02 -1.66034382e-02 2.54667341e-03 -9.06567462e-03 -4.43498697e-03 1.09566199e-02 5.61706210e-03
7.59768207e-03 -1.34338776e-03 2.86100339e-03 -7.71955401e-03 -4.96011879e-03 3.54390498e-03 -1.62423216e-02 3.63425240e-02 -2.70874379e-03 1.29438043e-02 -1.45549336e-02 2.22291565e-03 -7.92451296e-03 -3.86808463e-03 9.56504978e-03 4.90579195e-03
3.26531427e-03 -6.43167703e-04 1.22456823e-03 -3.54400510e-03 -2.41273921e-03 1.74255692e-03 -7.83363078e-03 1.73839740e-02 -1.31243875e-03 6.29719999e-03 -7.08107930e-03 1.08564959e-03 -3.86544177e-03 -1.89040601e-03 4.67054825e-03 2.39444920e-03
-2.71716993e-03 7.87828118e-04 -1.16586173e-03 3.25503666e-03 2.29492714e-03 -1.65559922e-03 7.43465265e-03 -1.64801776e-02 1.24505174e-03 -5.97394723e-03 6.71909377e-03 -1.03038771e-03 3.66826635e-03 1.79431087e-03 -4.43293992e-03 -2.27260939e-03
-1.49458647e-03 3.27631104e-04 -5.59956883e-04 1.36674498e-03 1.00798334e-03 -7.27981911e-04 3.27365752e-03 -7.25213019e-03 5.47753938e-04 -2.62721675e-03 2.95660575e-03 -4.53325687e-04 1.61378656e-03 7.89447164e-04 -1.95032393e-03 -9.99861630e-04
8.18344648e-04 -7.81382085e-04 5.09912963e-04 -1.12632872e-03 -7.84476055e-04 5.61331282e-04 -2.53885449e-03 5.60666388e-03 -4.23404708e-04 2.03314680e-03 -2.28710659e-03 3.50776827e-04 -1.24867284e-03 -6.10866235e-04 1.50912860e-03 7.73676613e-04
1.48011174e-03 -4.50143154e-04 5.63839567e-04 -1.46698998e-03 -8.81840126e-04 6.25628745e-04 -2.88920477e-03 6.36722753e-03 -4.78408736e-04 2.28486676e-03 -2.56635598e-03 3.92778282e-04 -1.39937270e-03 -6.83651422e-04 1.68954360e-03 8.66213464e-04
1.46628683e-02 -3.86478682e-03 6.28218707e-03 -1.59045868e-02 -1.20707154e-02 8.71083885e-03 -3.91894951e-02 8.68441910e-02 -6.56315684e-03 3.14894132e-02 -3.54289785e-02 5.43124974e-03 -1.93355735e-02 -9.45793744e-03 2.33657174e-02 1.19788805e-02
5.03367465e-03 -1.00140541e-03 1.79070060e-03 -4.58602235e-03 -3.22920713e-03 2.32235156e-03 -1.05213830e-02 2.33133659e-02 -1.75739883e-03 8.41758866e-03 -9.46444273e-03 1.45060942e-03 -5.16631734e-03 -2.52550445e-03 6.24035159e-03 3.19931703e-03
-2.38342341e-02 5.62441768e-03 -9.05472692e-03 2.50936411e-02 1.78069901e-02 -1.28685730e-02 5.79293035e-02 -1.28345609e-01 9.67460964e-03 -4.64496799e-02 5.22526726e-02 -8.01255833e-03 2.85249259e-02 1.39532294e-02 -3.44717726e-02 -1.76724866e-02
-1.51398155e-04 6.68085777e-05 -2.52004858e-04 7.07490020e-04 6.04257861e-04 -4.40603297e-04 1.95435388e-03 -4.34796233e-03 3.29407398e-04 -1.58359413e-03 1.78211078e-03 -2.73440121e-04 9.73325048e-04 4.76234563e-04 -1.17649767e-03 -6.03149063e-04
-1.00222630e-02 2.17698328e-03 -2.99655367e-03 8.43647122e-03 5.31956600e-03 -3.79142701e-03 1.74063481e-02 -3.86084504e-02 2.88579310e-03 -1.37966732e-02 1.55143123e-02 -2.37446954e-03 8.46162438e-03 4.13338700e-03 -1.02148419e-02 -5.23720449e-03
6.40372187e-03 -1.68184331e-03 2.94436165e-03 -7.91945029e-03 -5.59150940e-03 4.03413689e-03 -1.81977507e-02 4.02798727e-02 -3.03719053e-03 1.45804463e-02 -1.63989365e-02 2.51383451e-03 -8.95016082e-03 -4.37746849e-03 1.08150486e-02 5.54449158e-03
1.72063373e-02 -4.07327386e-03 6.97555533e-03 -1.94894411e-02 -1.41344797e-02 1.02497721e-02 -4.58303802e-02 1.01714849e-01 -7.69591471e-03 3.69678922e-02 -4.15949076e-02 6.37942553e-03 -2.27104295e-02 -1.11094359e-02 2.74459347e-02 1.40707791e-02
1.17236329e-03 -4.96841327e-04 2.60563160e-04 -9.33348783e-04 -2.93696445e-04 1.90813895e-04 -1.03914109e-03 2.23971275e-03 -1.63091259e-04 7.57749891e-04 -8.42591515e-04 1.26376632e-04 -4.55589790e-04 -2.18819318e-04 5.44285635e-04 2.79845961e-04
1.60355784e-03 -4.84315271e-04 8.94406287e-04 -2.44019227e-03 -1.76831661e-03 1.27128628e-03 -5.76594798e-03 1.27468379e-02 -9.62078106e-04 4.61052964e-03 -5.18290652e-03 7.93735788e-04 -2.82757892e-03 -1.38168724e-03 3.41471704e-03 1.75083673e-03
-1.24828694e-02 3.26856971e-03 -6.14007283e-03 1.51193095e-02 1.06537081e-02 -7.67162209e-03 3.46554890e-02 -7.67506510e-02 5.80239529e-03 -2.77913101e-02 3.12402528e-02 -4.78798244e-03 1.70548428e-02 8.33559502e-03 -2.05987971e-02 -1.05603524e-02
2.69592158e-03 -6.49675494e-04 1.33423461e-03 -3.68113304e-03 -2.76770559e-03 2.00482854e-03 -8.95977765e-03 1.98859554e-02 -1.50522112e-03 7.22741429e-03 -8.12970567e-03 1.24685850e-03 -4.43883846e-03 -2.17133900e-03 5.36436727e-03 2.75012455e-03
-4.25370149e-02 1.00074289e-02 -1.56373866e-02 4.39352728e-02 3.08333579e-02 -2.22213827e-02 1.00537330e-01 -2.22298279e-01 1.67668127e-02 -8.04148763e-02 9.04234126e-02 -1.38576888e-02 4.93420996e-02 2.41297353e-02 -5.96180558e-02 -3.05649601e-02
-8.68673064e-03 1.84563140e-03 -3.94102558e-03 1.06067620e-02 8.11090507e-03 -5.87101746e-03 2.62960605e-02 -5.83277456e-02 4.40542586e-03 -2.11615693e-02 2.38087308e-02 -3.65204993e-03 1.30005684e-02 6.36016764e-03 -1.57126430e-02 -8.05532187e-03
3.73645453e-03 -5.46330586e-04 1.20908394e-03 -3.00231995e-03 -2.08381563e-03 1.49631861e-03 -6.79149339e-03 1.50037464e-02 -1.13577349e-03 5.42771537e-03 -6.10150164e-03 9.34699958e-04 -3.32977553e-03 -1.62704044e-03 4.02108440e-03 2.06164038e-03
-1.99996261e-03 5.42094640e-04 -4.84646764e-04 1.50856108e-03 7.06119230e-04 -4.85968369e-04 2.32785335e-03 -5.18670166e-03 3.86988453e-04 -1.81882875e-03 2.03231256e-03 -3.10065079e-04 1.10950251e-03 5.38595836e-04 -1.33479724e-03 -6.84881816e-04
1.02484245e-02 -2.34883581e-03 4.15628403e-03 -1.19938795e-02 -8.18970520e-03 5.90769807e-03 -2.65686307e-02 5.90014085e-02 -4.45312820e-03 2.13761274e-02 -2.40396224e-02 3.68462177e-03 -1.31197916e-02 -6.41588215e-03 1.58518963e-02 8.12689681e-03
-1.89912859e-02 4.23116190e-03 -8.90535489e-03 2.28982922e-02 1.78452861e-02 -1.29365055e-02 5.77539653e-02 -1.28270760e-01 9.70011763e-03 -4.65995520e-02 5.24302274e-02 -8.04246869e-03 2.86296550e-02 1.40062748e-02 -3.46021391e-02 -1.77393109e-02
5.60489111e-03 -1.37390499e-03 2.23558745e-03 -6.06827298e-03 -3.99513589e-03 2.86344276e-03 -1.30507573e-02 2.89208982e-02 -2.17910577e-03 1.04156220e-02 -1.17019759e-02 1.79187988e-03 -6.38486305e-03 -3.11895413e-03 7.70857278e-03 3.95240262e-03
1.03175258e-02 -2.55112536e-03 4.42164531e-03 -1.23252776e-02 -8.34847987e-03 6.00391952e-03 -2.71075554e-02 6.00491054e-02 -4.54180641e-03 2.17531081e-02 -2.44555734e-02 3.74757755e-03 -1.33470865e-02 -6.52453955e-03 1.61223467e-02 8.26568250e-03
-6.65106298e-03 1.75477786e-03 -1.77687895e-03 5.72137907e-03 3.42595670e-03 -2.44974089e-03 1.11883814e-02 -2.47629620e-02 1.85536244e-03 -8.88986140e-03 9.99079179e-03 -1.53124449e-03 5.45267016e-03 2.66610901e-03 -6.58733957e-03 -3.37712513e-03
7.63413403e-03 -1.81376201e-03 3.47753312e-03 -9.31569934e-03 -6.57617953e-03 4.73592011e-03 -2.14397348e-02 4.74254563e-02 -3.57569219e-03 1.71392802e-02 -1.92708466e-02 2.95473379e-03 -1.05204666e-02 -5.14503894e-03 1.27117727e-02 6.51687337e-03
-5.81641798e-04 7.28509563e-04 -1.24884385e-03 3.50564322e-03 2.58577033e-03 -1.86369475e-03 8.36663414e-03 -1.85452886e-02 1.40492525e-03 -6.73861429e-03 7.57836876e-03 -1.16221316e-03 4.13787831e-03 2.02379189e-03 -5.00001060e-03 -2.56333407e-03
7.24029355e-03 -1.79590064e-03 2.92322831e-03 -7.90595543e-03 -5.63296489e-03 4.06248961e-03 -1.82674285e-02 4.05245982e-02 -3.05759721e-03 1.46750705e-02 -1.65025089e-02 2.53050402e-03 -9.00943205e-03 -4.40651039e-03 1.08866943e-02 5.58122760e-03
1.24453232e-04 6.90327170e-06 -6.15015460e-06 1.89807688e-05 2.29972720e-05 -1.68783554e-05 7.40822143e-05 -1.65897014e-04 1.25879142e-05 -6.05295827e-05 6.81241872e-05 -1.04525116e-05 3.72077047e-05 1.82045078e-05 -4.49734798e-05 -2.30564274e-05
-7.31570274e-03 1.59072457e-03 -3.31701781e-03 9.06913076e-03 6.88649947e-03 -4.99372650e-03 2.23099999e-02 -4.95246351e-02 3.74781084e-03 -1.80018228e-02 2.02528741e-02 -3.10623366e-03 1.10579235e-02 5.40950382e-03 -1.33641632e-02 -6.85133459e-03
-9.36874934e-03 2.04482046e-03 -3.69345071e-03 1.00533189e-02 6.45155646e-03 -4.61266609e-03 2.11226847e-02 -4.67694663e-02 3.50371073e-03 -1.67919528e-02 1.88983064e-02 -2.88709067e-03 1.02924034e-02 5.02525177e-03 -1.24244373e-02 -6.37091231e-03
-7.72032328e-03 1.57564040e-03 -2.68301694e-03 8.36569816e-03 4.43095341e-03 -3.12276534e-03 1.47620346e-02 -3.27257812e-02 2.42656237e-03 -1.14983991e-02 1.28929121e-02 -1.96883339e-03 7.03039672e-03 3.42438882e-03 -8.47654697e-03 -4.34926664e-03
7.11959973e-03 -1.54775835e-03 2.43649352e-03 -6.53392635e-03 -4.45078779e-03 3.19785951e-03 -1.45050762e-02 3.20582055e-02 -2.42258632e-03 1.15990341e-02 -1.30494870e-02 1.99801917e-03 -7.11701438e-03 -3.47827934e-03 8.59525427e-03 4.40675532e-03
7.50773586e-04 -1.54278052e-04 2.31992730e-04 -5.93220466e-04 -3.82636412e-04 2.73143174e-04 -1.24670088e-03 2.75734416e-03 -2.08028316e-04 9.94269853e-04 -1.11782074e-03 1.71060630e-04 -6.09368435e-04 -2.97737482e-04 7.35828769e-04 3.77266522e-04
-1.15670860e-02 2.06450117e-03 -4.61921189e-03 1.23244133e-02 8.89048073e-03 -6.41865423e-03 2.88458783e-02 -6.39277324e-02 4.83574299e-03 -2.31986139e-02 2.60953810e-02 -4.00129333e-03 1.42457709e-02 6.96766516e-03 -1.72147211e-02 -8.82546790e-03
-1.17883021e-02 2.54971348e-03 -4.79587400e-03 1.29413474e-02 9.33562499e-03 -6.74286997e-03 3.03738881e-02 -6.73151165e-02 5.08642429e-03 -2.43781004e-02 2.74238717e-02 -4.20309138e-03 1.49668027e-02 7.31798355e-03 -1.80814117e-02 -9.26990714e-03
1.94071494e-02 -4.15436458e-03 7.49688875e-03 -1.89434681e-02 -1.37182092e-02 9.89233050e-03 -4.46549021e-02 9.90401655e-02 -7.46370759e-03 3.57330628e-02 -4.01976928e-02 6.16499595e-03 -2.19496153e-02 -1.07350033e-02 2.65219063e-02 1.35968793e-02
8.04283191e-03 -1.91536127e-03 3.79521516e-03 -9.77398828e-03 -7.61061488e-03 5.52611006e-03 -2.46664863e-02 5.47528900e-02 -4.14241245e-03 1.99023485e-02 -2.23924778e-02 3.43492161e-03 -1.22273648e-02 -5.98200364e-03 1.47783672e-02 7.57635711e-03
-9.87903913e-04 4.86432575e-04 -2.66910996e-04 8.22936068e-04 4.03016689e-04 -2.82494439e-04 1.31554611e-03 -2.89025158e-03 2.16551460e-04 -1.03436247e-03 1.16167986e-03 -1.77830399e-04 6.33422867e-04 3.09530500e-04 -7.64851924e-04 -3.92113696e-04
1.00982729e-02 -2.77089747e-03 3.89185222e-03 -1.17671164e-02 -6.03746530e-03 4.23396798e-03 -2.02117972e-02 4.52238321e-02 -3.33871180e-03 1.57830194e-02 -1.76282059e-02 2.68562394e-03 -9.61682480e-03 -4.67029167e-03 1.15921060e-02 5.94764436e-03
-2.17008479e-02 4.57264017e-03 -8.26786645e-03 2.42568217e-02 1.33919828e-02 -9.54061747e-03 4.42945808e-02 -9.69592407e-02 7.33003113e-03 -3.49099934e-02 3.92666645e-02 -5.99150266e-03 2.13632714e-02 1.04164574e-02 -2.58071311e-02 -1.32456822e-02
-7.94718042e-03 2.27550557e-03 -4.02891263e-03 1.13995867e-02 8.41513369e-03 -6.10021874e-03 2.72400994e-02 -6.05158284e-02 4.57876874e-03 -2.19816435e-02 2.47292742e-02 -3.79319768e-03 1.35034984e-02 6.60574436e-03 -1.63195301e-02 -8.36644694e-03
-2.64095608e-03 5.34663908e-04 -7.92966865e-04 2.23161094e-03 1.58410834e-03 -1.13999739e-03 5.14737563e-03 -1.14841489e-02 8.59344087e-04 -4.12641978e-03 4.63990401e-03 -7.11343775e-04 2.53268820e-03 1.23866764e-03 -3.06026894e-03 -1.56889751e-03
-2.26441631e-03 4.56770358e-04 -1.53056171e-03 4.13534977e-03 3.24721029e-03 -2.35920586e-03 1.05223935e-02 -2.33684834e-02 1.76868297e-03 -8.49671289e-03 9.56001505e-03 -1.46641419e-03 5.22017106e-03 2.55380035e-03 -6.30911998e-03 -3.23446631e-03
-1.36614088e-02 3.48830200e-03 -5.82391769e-03 1.56045873e-02 1.11042745e-02 -8.03460926e-03 3.60085517e-02 -7.99790844e-02 6.04362553e-03 -2.89921593e-02 3.26168947e-02 -5.00127487e-03 1.78051237e-02 8.70902650e-03 -2.15162616e-02 -1.10306125e-02
7.76295364e-03 -1.53365918e-03 3.22152255e-03 -8.23310856e-03 -5.02890348e-03 3.58868018e-03 -1.65865216e-02 3.66319194e-02 -2.75711343e-03 1.31233316e-02 -1.47507619e-02 2.25328095e-03 -8.04303028e-03 -3.91917955e-03 9.69553832e-03 4.97358758e-03
-4.47524711e-03 9.82597005e-04 -1.97055959e-03 5.32760331e-03 3.96948913e-03 -2.87716696e-03 1.28814578e-02 -2.86009256e-02 2.16047699e-03 -1.03742722e-02 1.16715226e-02 -1.79001840e-03 6.37233770e-03 3.11726332e-03 -7.70121487e-03 -3.94814042e-03
5.60414605e-03 -1.11132406e-03 2.59655924e-03 -6.93969429e-03 -5.40494500e-03 3.92488297e-03 -1.74998380e-02 3.88665907e-02 -2.94205057e-03 1.41346464e-02 -1.59033146e-02 2.43960414e-03 -8.68446287e-03 -4.24871175e-03 1.04963202e-02 5.38109941e-03
-6.65501575e-04 1.05295994e-03 -9.89851542e-04 2.64662318e-03 1.93759578e-03 -1.39830075e-03 6.26733061e-03 -1.38940299e-02 1.05197926e-03 -5.05400915e-03 5.68559347e-03 -8.72018922e-04 3.10420617e-03 1.51863054e-03 -3.75174265e-03 -1.92338461e-03
-9.53453314e-03 1.98249053e-03 -4.32892842e-03 1.18065123e-02 8.57129693e-03 -6.18980825e-03 2.77321413e-02 -6.15912154e-02 4.65916842e-03 -2.23656744e-02 2.51500495e-02 -3.85702308e-03 1.37314219e-02 6.71677245e-03 -1.65942926e-02 -8.50732159e-03
-1.98098714e-03 4.75072186e-04 -3.52846575e-04 1.51980319e-03 5.31652593e-04 -3.78013996e-04 1.72397320e-03 -3.82632832e-03 2.87216273e-04 -1.37205934e-03 1.54207286e-03 -2.36421998e-04 8.41698202e-04 4.11631743e-04 -1.01697899e-03 -5.21361944e-04
-5.10366261e-03 1.33978447e-03 -2.60921684e-03 7.17531890e-03 5.25727402e-03 -3.80804110e-03 1.70763936e-02 -3.77900489e-02 2.85984413e-03 -1.37219951e-02 1.54384095e-02 -2.36811722e-03 8.43023602e-03 4.12414689e-03 -1.01886382e-02 -5.22335060e-03
-7.10220775e-03 1.44808670e-03 -2.82362313e-03 8.07985384e-03 5.74519206e-03 -4.16691229e-03 1.85878836e-02 -4.12594602e-02 3.12327617e-03 -1.50039187e-02 1.68816950e-02 -2.58956640e-03 9.21837520e-03 4.50982759e-03 -1.11414185e-02 -5.71181579e-03
-8.76933150e-03 2.33287574e-03 -3.60362628e-03 1.02098910e-02 7.10141286e-03 -5.11560077e-03 2.30725221e-02 -5.12366444e-02 3.85248289e-03 -1.85122471e-02 2.08082460e-02 -3.19029135e-03 1.13583850e-02 5.55556267e-03 -1.37252863e-02 -7.03651411e-03
6.80530630e-03 -1.61524676e-03 3.20033054e-03 -8.35029129e-03 -6.14388101e-03 4.44483338e-03 -1.99550409e-02 4.42391001e-02 -3.34242987e-03 1.60463378e-02 -1.80499665e-02 2.76826019e-03 -9.85501241e-03 -4.82077571e-03 1.19098248e-02 6.10574195e-03
-9.93644632e-03 2.20754999e-03 -4.64718835e-03 1.24590071e-02 8.95680673e-03 -6.47304347e-03 2.90041026e-02 -6.43205345e-02 4.86836350e-03 -2.33608540e-02 2.62748487e-02 -4.02922649e-03 1.43448869e-02 7.01644784e-03 -1.73347965e-02 -8.88692494e-03
7.65748788e-04 -1.88885606e-04 3.26691079e-04 -8.60427099e-04 -6.69111148e-04 4.85458353e-04 -2.16685887e-03 4.81788674e-03 -3.64042033e-04 1.74904044e-03 -1.96791627e-03 3.01871973e-04 -1.07459805e-03 -5.25723735e-04 1.29878661e-03 6.65842788e-04
4.49568685e-03 -8.37158412e-04 2.10105535e-03 -6.39428664e-03 -4.27029328e-03 3.08908871e-03 -1.38588417e-02 3.07403691e-02 -2.32382561e-03 1.11562014e-02 -1.25427246e-02 1.92381383e-03 -6.84903795e-03 -3.35018360e-03 8.27691983e-03 4.24329611e-03
1.19478218e-02 -2.90502980e-03 5.46132866e-03 -1.53353028e-02 -1.12189641e-02 8.13274644e-03 -3.64380032e-02 8.07185248e-02 -6.10855455e-03 2.93292571e-02 -3.29948775e-02 5.06024901e-03 -1.80139598e-02 -8.81227478e-03 2.17707921e-02 1.11611197e-02
1.19302580e-02 -2.27872771e-03 5.15928259e-03 -1.38617493e-02 -1.07000777e-02 7.77158421e-03 -3.46473008e-02 7.69618154e-02 -5.82406763e-03 2.79852469e-02 -3.14870887e-02 4.83029010e-03 -1.71947200e-02 -8.41222331e-03 2.07821429e-02 1.06542874e-02
-1.46296825e-02 3.23632592e-03 -6.44732593e-03 1.75029542e-02 1.30459387e-02 -9.41669475e-03 4.22486477e-02 -9.37756598e-02 7.07944715e-03 -3.39997932e-02 3.82485911e-02 -5.86623047e-03 2.08832640e-02 1.02160815e-02 -2.52387952e-02 -1.29390098e-02
1.56363030e-03 -2.03933072e-04 5.26482647e-04 -1.44570228e-03 -9.12527612e-04 6.52123534e-04 -3.00195068e-03 6.67978451e-03 -4.99772257e-04 2.38223490e-03 -2.67018052e-03 4.08540654e-04 -1.45936722e-03 -7.10796099e-04 1.75867276e-03 9.02295404e-04
-7.35203736e-03 1.13364100e-03 -3.38849169e-03 9.35456995e-03 7.03697279e-03 -5.10618091e-03 2.28050947e-02 -5.06710075e-02 3.82988830e-03 -1.83993336e-02 2.07008291e-02 -3.17526842e-03 1.13033745e-02 5.52978134e-03 -1.36612318e-02 -7.00363470e-03
-3.32185696e-03 6.89431152e-04 -1.36336160e-03 3.79985454e-03 2.61887442e-03 -1.89193408e-03 8.50118976e-03 -1.88555811e-02 1.42465276e-03 -6.83040963e-03 7.68312812e-03 -1.17786170e-03 4.19376325e-03 2.05100048e-03 -5.06735733e-03 -2.59787193e-03
-2.85379542e-03 8.41085566e-04 -1.28228916e-03 3.59816640e-03 2.49378919e-03 -1.79641717e-03 8.08315910e-03 -1.79179944e-02 1.35458016e-03 -6.49658823e-03 7.30636995e-03 -1.12015486e-03 3.98812350e-03 1.95051776e-03 -4.81899269e-03 -2.47053453e-03
1.85484681e-02 -4.02409257e-03 8.58221296e-03 -2.32051741e-02 -1.74134765e-02 1.26373107e-02 -5.63987903e-02 1.25350147e-01 -9.47781838e-03 4.55279946e-02 -5.12213930e-02 7.85701815e-03 -2.79696491e-02 -1.36832530e-02 3.38041931e-02 1.73302237e-02
-1.90263044e-03 1.34341419e-04 -5.70881530e-04 1.61919650e-03 1.07716059e-03 -7.79546739e-04 3.50547535e-03 -7.76918652e-03 5.86739217e-04 -2.81641772e-03 3.16679850e-03 -4.85535187e-04 1.72875728e-03 8.45466566e-04 -2.08887318e-03 -1.07091374e-03
-1.92269683e-02 3.84590100e-03 -8.00170098e-03 2.18486562e-02 1.56966951e-02 -1.13594113e-02 5.08991629e-02 -1.13052897e-01 8.54745973e-03 -4.10115980e-02 4.61271703e-02 -7.07250042e-03 2.51799412e-02 1.23155694e-02 -3.04272044e-02 -1.55990338e-02
1.09592117e-02 -2.73533911e-03 4.51182155e-03 -1.18348012e-02 -8.82110372e-03 6.36048848e-03 -2.85824575e-02 6.35143444e-02 -4.78792470e-03 2.29851194e-02 -2.58540884e-02 3.96452658e-03 -1.41139431e-02 -6.90385327e-03 1.70562230e-02 8.74411408e-03
3.80940083e-03 -4.75233770e-04 1.55362359e-03 -3.99815338e-03 -2.94105406e-03 2.13153195e-03 -9.52761061e-03 2.11414136e-02 -1.59952487e-03 7.67985126e-03 -8.64056870e-03 1.32533081e-03 -4.71803965e-03 -2.30804714e-03 5.70202945e-03 2.92322855e-03
-1.02948199e-03 3.77926626e-04 -5.78714651e-04 1.60742027e-03 1.18023809e-03 -8.54041835e-04 3.83423897e-03 -8.50234926e-03 6.42008614e-04 -3.07960017e-03 3.46457725e-03 -5.31384023e-04 1.89171301e-03 9.25361819e-04 -2.28612311e-03 -1.17202057e-03
1.25986366e-02 -3.82424588e-03 5.45101799e-03 -1.61713362e-02 -1.11773079e-02 8.05178564e-03 -3.61772403e-02 8.02840665e-02 -6.05780166e-03 2.91022845e-02 -3.27230506e-02 5.01836650e-03 -1.78648680e-02 -8.73906165e-03 2.15900801e-02 1.10684540e-02
