2.34141992e-03 -3.22447792e-02 -2.78088842e-02 -2.82268338e-02 1.15849005e-04 1.44129265e-02 1.36197107e-02 2.69733593e-02 6.86199591e-03 9.10932291e-03 8.15824256e-04 7.00391643e-03 1.40086946e-03 -6.97010290e-03 1.89885646e-02 1.89361423e-02
5.73451351e-03 -3.23649123e-02 -2.95358915e-02 -2.99700368e-02 1.98716822e-04 1.51822614e-02 1.43278409e-02 2.83547938e-02 7.23596942e-03 9.57993045e-03 8.60741653e-04 7.36731337e-03 1.47343916e-03 -7.33012240e-03 1.99692454e-02 1.99141763e-02
-7.41483411e-03 1.84863601e-02 2.01612022e-02 2.04566009e-02 -2.21817550e-04 -1.02172000e-02 -9.62722767e-03 -1.90282464e-02 -4.87354491e-03 -6.43463712e-03 -5.80583990e-04 -4.94947052e-03 -9.89870285e-04 4.92326962e-03 -1.34121934e-02 -1.33752758e-02
-4.92306426e-05 4.10959534e-02 3.46781164e-02 3.48943584e-02 1.73412845e-05 -1.79666914e-02 -1.70259234e-02 -3.38150077e-02 -8.57053325e-03 -1.13935983e-02 -1.00255455e-03 -8.75372067e-03 -1.75038888e-03 8.71878583e-03 -2.37538870e-02 -2.36875284e-02
-2.63316799e-02 8.74102861e-02 8.20296109e-02 8.28969628e-02 -3.62231454e-04 -4.20395806e-02 -3.98041382e-02 -7.88592473e-02 -2.00880878e-02 -2.66148113e-02 -2.38805730e-03 -2.04642490e-02 -4.09256248e-03 2.03653779e-02 -5.54818623e-02 -5.53283058e-02
7.79293478e-03 -4.16770391e-02 -3.71817909e-02 -3.76555659e-02 2.66678049e-04 1.91328786e-02 1.80747993e-02 3.57685648e-02 9.13552474e-03 1.20849935e-02 1.08741643e-03 9.29432176e-03 1.85884780e-03 -9.24671814e-03 2.51904726e-02 2.51210630e-02
-4.61124536e-03 3.94651406e-02 3.72903086e-02 3.78099196e-02 -2.85163813e-04 -1.90995857e-02 -1.80287529e-02 -3.56577225e-02 -9.11658630e-03 -1.20522827e-02 -1.08522398e-03 -9.26961098e-03 -1.85389642e-03 9.22163110e-03 -2.51220949e-02 -2.50528865e-02
4.21764795e-04 -5.38084609e-03 -4.14098380e-03 -4.10615606e-03 -1.61728058e-05 2.16184137e-03 2.05190247e-03 4.07153787e-03 1.02923624e-03 1.37307064e-03 1.20777106e-04 1.05460570e-03 2.10908882e-04 -1.05076726e-03 2.86278315e-03 2.85477284e-03
-1.73184695e-03 3.25391926e-02 2.73176003e-02 2.77278703e-02 -2.10310274e-04 -1.41091347e-02 -1.33321984e-02 -2.63799224e-02 -6.72950828e-03 -8.91363714e-03 -7.98239431e-04 -6.85429992e-03 -1.37084536e-03 6.82036160e-03 -1.85805764e-02 -1.85293108e-02
-2.89218291e-03 -8.56549945e-03 -5.52269816e-03 -5.72249526e-03 -8.31321886e-05 2.94862781e-03 2.80367420e-03 5.62196784e-03 1.40936987e-03 1.87919836e-03 1.66455284e-04 1.44367141e-03 2.88742915e-04 -1.43798103e-03 3.91762331e-03 3.90672497e-03
2.44813226e-03 -2.59797070e-02 -2.22986042e-02 -2.25063842e-02 6.14472083e-05 1.14927366e-02 1.08653978e-02 2.15266310e-02 5.48780523e-03 7.26612424e-03 6.51233539e-04 5.58728771e-03 1.11742574e-03 -5.55979088e-03 1.51464576e-02 1.51046477e-02
2.55875755e-03 -3.95382680e-02 -3.44559252e-02 -3.49822156e-02 1.61562290e-04 1.78383496e-02 1.68432612e-02 3.33493724e-02 8.50621890e-03 1.12635335e-02 1.01076788e-03 8.66072904e-03 1.73219654e-03 -8.61827005e-03 2.34786272e-02 2.34138183e-02
1.77144189e-03 6.26390614e-03 5.18025085e-03 5.27329510e-03 -1.25131264e-05 -2.68518133e-03 -2.53846240e-03 -5.02556190e-03 -1.28086854e-03 -1.69750000e-03 -1.52034743e-04 -1.30512915e-03 -2.61039124e-04 1.29886868e-03 -3.53849912e-03 -3.52872675e-03
-7.24517554e-03 5.25156371e-02 4.67810966e-02 4.75905836e-02 -1.93240179e-04 -2.41472814e-02 -2.28177607e-02 -4.51928079e-02 -1.15085617e-02 -1.52593004e-02 -1.37078646e-03 -1.17338002e-02 -2.34677340e-03 1.16756028e-02 -3.18076126e-02 -3.17198448e-02
-3.23551195e-03 -2.56368332e-02 -2.27590725e-02 -2.30822470e-02 1.61109943e-04 1.17209060e-02 1.10712377e-02 2.19212379e-02 5.58449561e-03 7.40385009e-03 6.65627595e-04 5.69366151e-03 1.13873708e-03 -5.66499168e-03 1.54329576e-02 1.53904073e-02
1.17795775e-02 -1.04517620e-02 -1.91689597e-03 -2.76326807e-03 -2.83780799e-04 1.61244860e-03 1.63295167e-03 3.38813500e-03 7.56943948e-04 1.10768387e-03 7.65843433e-05 8.33899016e-04 1.68688857e-04 -8.49038770e-04 2.31466955e-03 2.30744551e-03
-1.02279820e-02 2.21187193e-02 2.13129427e-02 2.15637293e-02 -1.34252536e-04 -1.09305205e-02 -1.03272768e-02 -2.04609968e-02 -5.21924766e-03 -6.90577039e-03 -6.20610081e-04 -5.31072402e-03 -1.06213230e-03 5.28393034e-03 -1.43948533e-02 -1.43551622e-02
-3.61648714e-03 -2.41700001e-02 -1.95497070e-02 -1.95468701e-02 -4.97554138e-05 1.00864749e-02 9.55185015e-03 1.89858805e-02 4.78531793e-03 6.39235042e-03 5.63831185e-04 4.90990933e-03 9.81696765e-04 -4.89161303e-03 1.33273387e-02 1.32899126e-02
-2.75899353e-03 2.20140759e-02 1.88118611e-02 1.89955235e-02 -2.36371125e-05 -9.72369965e-03 -9.20298789e-03 -1.82751976e-02 -4.62985272e-03 -6.15894329e-03 -5.45755785e-04 -4.73267958e-03 -9.46472632e-04 4.71291086e-03 -1.28398342e-02 -1.28041105e-02
-1.03943031e-02 -2.17424389e-02 -1.68112125e-02 -1.70319788e-02 -8.01524147e-05 8.68777651e-03 8.27007275e-03 1.64137278e-02 4.17404389e-03 5.53205842e-03 4.87393554e-04 4.25037788e-03 8.50464799e-04 -4.23341384e-03 1.15333768e-02 1.15013625e-02
2.81022093e-03 1.32709425e-02 1.05129750e-02 1.06431236e-02 6.67951826e-06 -5.47386566e-03 -5.18580154e-03 -1.03059802e-02 -2.61337799e-03 -3.47062876e-03 -3.08926683e-04 -2.66753207e-03 -5.33550337e-04 2.65569636e-03 -7.23499525e-03 -7.21495831e-03
3.20803048e-03 1.30508747e-02 1.61994379e-02 1.62905157e-02 -2.68519041e-04 -8.07875395e-03 -7.58748921e-03 -1.49588175e-02 -3.85306287e-03 -5.06802788e-03 -4.63969423e-04 -3.90226603e-03 -7.80485978e-04 3.87741602e-03 -1.05623342e-02 -1.05336457e-02
-5.93971647e-03 6.24090396e-02 4.81583364e-02 4.85884361e-02 -2.09229183e-05 -2.50669122e-02 -2.37277187e-02 -4.71051522e-02 -1.19466241e-02 -1.58790927e-02 -1.40961504e-03 -1.22021809e-02 -2.44041905e-03 1.21508455e-02 -3.31037454e-02 -3.30116488e-02
-1.57908294e-02 4.04333621e-02 4.33720462e-02 4.39287312e-02 -4.31899098e-04 -2.20243838e-02 -2.07603257e-02 -4.10519205e-02 -1.05024958e-02 -1.38774458e-02 -1.25082163e-03 -1.06737847e-02 -2.13467889e-03 1.06180143e-02 -2.89261565e-02 -2.88464893e-02
-3.68889770e-04 2.33873143e-03 2.20657280e-03 2.20004050e-03 -1.49890511e-05 -1.12558471e-03 -1.06262835e-03 -2.10271752e-03 -5.37169806e-04 -7.10462395e-04 -6.38944621e-05 -5.46395138e-04 -1.09277484e-04 5.43603965e-04 -1.48092082e-03 -1.47683907e-03
-1.11514563e-02 -9.74487141e-03 -1.52080809e-03 -1.43427332e-03 -3.46824469e-04 1.04613788e-03 1.04905665e-03 2.25628540e-03 4.91460727e-04 7.14888331e-04 4.90704115e-05 5.39445551e-04 1.07663916e-04 -5.47797419e-04 1.49384607e-03 1.48889655e-03
-1.55166257e-03 5.29808179e-02 4.30850163e-02 4.33480665e-02 5.30233665e-05 -2.24206876e-02 -2.12587677e-02 -4.21354137e-02 -1.06999977e-02 -1.42200440e-02 -1.25884090e-03 -1.09300083e-02 -2.18586135e-03 1.08812815e-02 -2.96444632e-02 -2.95621920e-02
3.72934900e-03 7.89394304e-02 6.47903830e-02 6.49074987e-02 -3.08051181e-04 -3.32108214e-02 -3.14485282e-02 -6.22507520e-02 -1.58699919e-02 -2.10280064e-02 -1.87989580e-03 -1.61689129e-02 -3.23372404e-03 1.60900950e-02 -4.38340753e-02 -4.37130406e-02
4.32392862e-03 -1.07094990e-02 -8.64718761e-03 -8.87670740e-03 4.00503122e-05 4.54460690e-03 4.29510605e-03 8.50662682e-03 2.16954201e-03 2.87254504e-03 2.57205131e-04 2.20830389e-03 4.41773940e-04 -2.19790358e-03 5.98769495e-03 5.97118028e-03
-3.81523697e-03 7.30402069e-03 8.89232196e-03 8.96395836e-03 -1.40122153e-04 -4.43737395e-03 -4.17307718e-03 -8.23738705e-03 -2.11728062e-03 -2.78867013e-03 -2.53203121e-04 -2.14578351e-03 -4.29129403e-04 2.13356549e-03 -5.81225194e-03 -5.79630956e-03
1.08647738e-02 -5.46979196e-02 -5.01304008e-02 -5.08741327e-02 3.96819785e-04 2.57250033e-02 2.42758617e-02 4.80483584e-02 1.22677339e-02 1.62301846e-02 1.46115012e-03 1.24825733e-02 2.49643903e-03 -1.24183670e-02 3.38309631e-02 3.37376930e-02
1.35951182e-02 -6.46122843e-02 -6.11528233e-02 -6.22451976e-02 4.76153917e-04 3.13754380e-02 2.96446681e-02 5.86922690e-02 1.49824014e-02 1.98205449e-02 1.77690038e-03 1.52412783e-02 3.04840715e-03 -1.51656829e-02 4.13153544e-02 4.12014835e-02
-7.78713450e-03 5.52075841e-02 5.23213260e-02 5.24734482e-02 -3.03965586e-04 -2.67734565e-02 -2.52870843e-02 -5.00718057e-02 -1.27713513e-02 -1.69080999e-02 -1.52000994e-03 -1.30019374e-02 -2.60028010e-03 1.29371891e-02 -3.52445617e-02 -3.51472870e-02
1.38955377e-03 -7.18226060e-02 -5.85050359e-02 -5.98872527e-02 1.19043398e-05 3.05059850e-02 2.88018398e-02 5.71525097e-02 1.45194335e-02 1.92750152e-02 1.70902302e-03 1.48188276e-02 2.96409056e-03 -1.47484923e-02 4.01791669e-02 4.00682390e-02
1.03881834e-02 -3.42665403e-03 -1.46791060e-03 -1.89958001e-03 -2.14433647e-04 9.78954020e-04 1.00622268e-03 2.15452048e-03 4.43513214e-04 6.80285681e-04 2.60425404e-05 5.18059707e-04 1.03162500e-04 -5.21391281e-04 1.42134784e-03 1.41694036e-03
2.05638586e-03 -2.93964595e-02 -2.32833512e-02 -2.35401001e-02 -8.25410534e-05 1.20691434e-02 1.14752557e-02 2.28309762e-02 5.75086335e-03 7.68155651e-03 6.68590306e-04 5.89580229e-03 1.17857940e-03 -5.87878330e-03 1.60176735e-02 1.59722380e-02
1.94488093e-04 1.95266940e-02 9.91678890e-03 9.96289030e-03 2.46538140e-04 -5.46565326e-03 -5.25707891e-03 -1.06888516e-02 -2.60033156e-03 -3.52553744e-03 -2.98577361e-04 -2.70313746e-03 -5.40446781e-04 2.69847130e-03 -7.35248532e-03 -7.33158458e-03
5.79070300e-04 5.93871921e-02 3.70841399e-02 3.72438356e-02 3.05737951e-04 -1.99865345e-02 -1.90972947e-02 -3.83822992e-02 -9.60281771e-03 -1.28040090e-02 -1.13517174e-03 -9.84009914e-03 -1.96660776e-03 9.79995541e-03 -2.66997740e-02 -2.66251601e-02
4.66981158e-03 -1.96147915e-02 -2.04340443e-02 -2.06237920e-02 2.06221259e-04 1.03691556e-02 9.77596920e-03 1.93310995e-02 4.94549889e-03 6.53479574e-03 5.88926603e-04 5.02617564e-03 1.00521301e-03 -4.99996170e-03 1.36211645e-02 1.35836508e-02
-1.08206854e-03 -5.54652838e-03 -2.55343318e-03 -2.54236767e-03 -1.18330165e-04 1.44003541e-03 1.38833176e-03 2.79164198e-03 6.78462966e-04 9.33383184e-04 7.90780978e-05 7.15416623e-04 1.42982695e-04 -7.14553171e-04 1.94704509e-03 1.94144994e-03
4.86550620e-04 -1.25789978e-02 -1.09895244e-02 -1.11008715e-02 1.16735682e-05 5.67884650e-03 5.37148677e-03 1.06442086e-02 2.71004788e-03 3.59241711e-03 3.21327767e-04 2.76204175e-03 5.52399957e-04 -2.74880463e-03 7.48856505e-03 7.46787479e-03
1.50172866e-03 2.57511949e-03 3.42529453e-03 3.47288279e-03 -6.77456410e-05 -1.71322853e-03 -1.61156734e-03 -3.17616481e-03 -8.17940629e-04 -1.07631041e-03 -9.74859067e-05 -8.28200893e-04 -1.65622492e-04 8.23469425e-04 -2.24328786e-03 -2.23713834e-03
-4.55520023e-03 1.29288174e-02 1.27193052e-02 1.28734875e-02 -9.71711706e-05 -6.49642060e-03 -6.13313541e-03 -1.21345371e-02 -3.10109369e-03 -4.10033250e-03 -3.68836452e-04 -3.15351225e-03 -6.30697876e-04 3.13732773e-03 -8.54690000e-03 -8.52334965e-03
-4.62113973e-03 2.96833310e-02 2.78959908e-02 2.82163434e-02 -1.64431476e-04 -1.43392906e-02 -1.35409487e-02 -2.68132649e-02 -6.83761016e-03 -9.05397907e-03 -8.12721555e-04 -6.96263416e-03 -1.39245263e-03 6.92766579e-03 -1.88728794e-02 -1.88208167e-02
6.84376899e-03 -5.14528714e-02 -4.50083464e-02 -4.56026010e-02 2.67648255e-04 2.31725406e-02 2.18892731e-02 4.33667935e-02 1.10363308e-02 1.46359503e-02 1.31540687e-03 1.12534743e-02 2.25068326e-03 -1.11985868e-02 3.05084884e-02 3.04241963e-02
-8.67189839e-04 3.30714956e-02 2.89348196e-02 2.93675400e-02 -4.87424986e-05 -1.49156386e-02 -1.41334413e-02 -2.80482303e-02 -7.12106237e-03 -9.45465174e-03 -8.42528825e-04 -7.26918504e-03 -1.45375519e-03 7.23460084e-03 -1.97094008e-02 -1.96548402e-02
-1.32638756e-02 8.16331506e-02 7.38059729e-02 7.46457949e-02 -3.72122740e-04 -3.78144272e-02 -3.57447378e-02 -7.07921386e-02 -1.80531498e-02 -2.39038020e-02 -2.14373437e-03 -1.83826070e-02 -3.67634860e-03 1.82910748e-02 -4.98303697e-02 -4.96926047e-02
1.74002256e-03 1.08147459e-02 1.32453330e-02 1.34107927e-02 -2.75721366e-04 -6.64924178e-03 -6.21721521e-03 -1.22272503e-02 -3.16647603e-03 -4.15264349e-03 -3.82731640e-04 -3.19876848e-03 -6.39767211e-04 3.17657669e-03 -8.65284540e-03 -8.62954929e-03
-6.62333705e-03 -9.87734459e-03 -1.74146611e-04 1.01427804e-03 -4.14319424e-04 3.56048753e-04 5.15612075e-04 1.12220692e-03 2.15595472e-04 3.53866519e-04 1.63079185e-05 2.65415059e-04 5.31589030e-05 -2.72147823e-04 7.42452568e-04 7.39839976e-04
-7.18928725e-02 1.67167813e-01 1.58000827e-01 1.62258774e-01 -5.66555187e-04 -8.19406137e-02 -7.74846599e-02 -1.53931499e-01 -3.90239395e-02 -5.18348478e-02 -4.59487550e-03 -3.98222394e-02 -7.96096399e-03 3.96659113e-02 -1.08070381e-01 -1.07764982e-01
-1.19115822e-02 2.65792832e-02 2.79643051e-02 2.83043496e-02 -2.77700601e-04 -1.42347263e-02 -1.34214172e-02 -2.65378077e-02 -6.78969687e-03 -8.97130556e-03 -8.08505807e-04 -6.90018246e-03 -1.38001714e-03 6.86420128e-03 -1.86998155e-02 -1.86483208e-02
3.59701412e-03 1.85650438e-02 1.42161427e-02 1.42028406e-02 2.10837170e-05 -7.36305816e-03 -6.98681222e-03 -1.38507644e-02 -3.51429381e-03 -4.67405561e-03 -4.15041897e-04 -3.59260198e-03 -7.18494994e-04 3.57663538e-03 -9.74401273e-03 -9.71697830e-03
-2.98446510e-04 -2.94094924e-02 -2.26599816e-02 -2.27871276e-02 -5.18718443e-05 1.18199252e-02 1.12534128e-02 2.24255268e-02 5.62022021e-03 7.53488205e-03 6.50730042e-04 5.78403752e-03 1.15646643e-03 -5.76631445e-03 1.57107785e-02 1.56664737e-02
6.81134965e-03 -1.61300357e-02 -1.82301980e-02 -1.84141640e-02 2.22958552e-04 9.20536090e-03 8.67115613e-03 1.71370506e-02 4.38904576e-03 5.79557056e-03 5.23269642e-04 4.45792545e-03 8.91554984e-04 -4.43429826e-03 1.20801218e-02 1.20468680e-02
-1.34650348e-02 3.39609087e-02 3.06844413e-02 3.06662042e-02 -1.07038068e-05 -1.57492962e-02 -1.49127729e-02 -2.96065044e-02 -7.50870258e-03 -9.97648947e-03 -8.86776019e-04 -7.66706327e-03 -1.53367838e-03 7.63404602e-03 -2.07979865e-02 -2.07402222e-02
-1.82822142e-02 3.49641927e-02 3.49262282e-02 3.54766808e-02 -2.92282755e-04 -1.78771913e-02 -1.68772135e-02 -3.33991461e-02 -8.53049289e-03 -1.12828687e-02 -1.01336581e-03 -8.67701601e-03 -1.73540879e-03 8.63299426e-03 -2.35186014e-02 -2.34537534e-02
-2.59839580e-03 -7.37016089e-03 -5.75987576e-03 -5.66254463e-03 -1.48732252e-05 2.98176589e-03 2.82695843e-03 5.61856572e-03 1.41971058e-03 1.89180428e-03 1.66218248e-04 1.45290117e-03 2.90566444e-04 -1.44772069e-03 3.94428009e-03 3.93324345e-03
5.72899706e-04 -8.87603499e-03 -7.39071751e-03 -7.40793394e-03 -1.99719798e-05 3.81487934e-03 3.60646984e-03 7.15948921e-03 1.81398157e-03 2.41319137e-03 2.13718216e-04 1.85424055e-03 3.70834459e-04 -1.84660882e-03 5.03091235e-03 5.01690060e-03
4.75472771e-03 -6.57501072e-03 -8.08424130e-03 -8.22133571e-03 1.05325518e-04 4.11352701e-03 3.87469190e-03 7.65325828e-03 1.96245685e-03 2.58907164e-03 2.34389139e-04 1.99157558e-03 3.98297590e-04 -1.98094966e-03 5.39659010e-03 5.38173690e-03
-7.36312103e-03 -3.12229488e-02 -1.31149478e-02 -1.44916670e-02 -7.86890218e-04 7.68983737e-03 7.51282554e-03 1.52107207e-02 3.70526593e-03 5.05601196e-03 3.98389646e-04 3.86167690e-03 7.73665961e-04 -3.87119991e-03 1.05488347e-02 1.05183721e-02
1.39845163e-03 -1.69183034e-02 -1.40433321e-02 -1.43099353e-02 1.52684806e-05 7.32116820e-03 6.92930864e-03 1.37347672e-02 3.49456235e-03 4.63510212e-03 4.14251495e-04 3.56371235e-03 7.12752051e-04 -3.54667311e-03 9.66219231e-03 9.63549782e-03
3.26493233e-02 9.05952305e-02 5.31076752e-02 5.39444275e-02 1.20933366e-03 -2.76826266e-02 -2.66332068e-02 -5.34497797e-02 -1.31541025e-02 -1.78748239e-02 -1.41996262e-03 -1.36891827e-02 -2.73689022e-03 1.36833135e-02 -3.72837186e-02 -3.71777341e-02
2.12904122e-02 -1.14426715e-02 -2.21229941e-02 -2.22110711e-02 5.54668834e-04 1.09274955e-02 1.02014784e-02 2.00273991e-02 5.21514332e-03 6.80762902e-03 6.32638228e-04 5.24809444e-03 1.04973128e-03 -5.20780636e-03 1.41855925e-02 1.41474903e-02
9.26902238e-03 -6.49648979e-02 -5.37404120e-02 -5.42383678e-02 1.22782949e-04 2.78052986e-02 2.62877736e-02 5.21687083e-02 1.32717043e-02 1.75893698e-02 1.56923628e-03 1.35233244e-02 2.70469929e-03 -1.34589300e-02 3.66661251e-02 3.65648381e-02
5.78358350e-03 -2.82951314e-02 -2.49197483e-02 -2.51974575e-02 8.12814105e-05 1.28388992e-02 1.21491216e-02 2.40710992e-02 6.13031304e-03 8.12560599e-03 7.25455116e-04 6.24694582e-03 1.24936411e-03 -6.21752581e-03 1.69384815e-02 1.68916360e-02
-8.69571511e-03 3.56936157e-02 3.44660543e-02 3.49303000e-02 -1.91411440e-04 -1.76687185e-02 -1.66835319e-02 -3.30348611e-02 -8.42931494e-03 -1.11554898e-02 -1.00104022e-03 -8.57870840e-03 -1.71562633e-03 8.53558164e-03 -2.32532676e-02 -2.31891274e-02
6.20618137e-03 -4.47266363e-02 -4.07471508e-02 -4.13724743e-02 2.67890340e-04 2.09964346e-02 1.98207907e-02 3.92328948e-02 1.00212684e-02 1.32535519e-02 1.19106227e-03 1.01930425e-02 2.03857524e-03 -1.01408781e-02 2.76264101e-02 2.75502764e-02
-1.60292536e-02 -2.88080443e-02 -1.55675625e-02 -1.49699878e-02 -1.83668613e-04 8.22358113e-03 7.91889429e-03 1.58254374e-02 3.94111127e-03 5.30812191e-03 4.28006955e-04 4.05694544e-03 8.10849480e-04 -4.06295713e-03 1.10717742e-02 1.10394489e-02
2.62795482e-03 -1.44333849e-02 -1.29715167e-02 -1.31285544e-02 5.24896750e-05 6.68259803e-03 6.31740736e-03 1.25079807e-02 3.19026946e-03 4.22443915e-03 3.78758705e-04 3.24838958e-03 6.49688533e-04 -3.23236873e-03 8.80587846e-03 8.78158119e-03
-1.00052217e-02 4.85121422e-02 4.33227271e-02 4.39756550e-02 -1.15663541e-04 -2.23350171e-02 -2.11187638e-02 -4.18669507e-02 -1.06431097e-02 -1.41273756e-02 -1.25240022e-03 -1.08558359e-02 -2.17123213e-03 1.08102858e-02 -2.94514168e-02 -2.93695070e-02
1.62039418e-03 2.36087702e-02 1.96909588e-02 2.00770106e-02 -7.08671505e-05 -1.02343392e-02 -9.67998151e-03 -1.91765297e-02 -4.87858010e-03 -6.47394685e-03 -5.78296138e-04 -4.97634755e-03 -9.95182316e-04 4.95373178e-03 -1.34956324e-02 -1.34582212e-02
-7.70255271e-03 5.08386828e-03 6.36923034e-03 6.50271727e-03 -9.40234531e-05 -3.23169190e-03 -3.04389349e-03 -6.01551775e-03 -1.54180650e-03 -2.03433097e-03 -1.83907134e-04 -1.56494055e-03 -3.12976947e-04 1.55648135e-03 -4.24021762e-03 -4.22855606e-03
-2.61394754e-02 1.58645004e-01 1.45656347e-01 1.47267535e-01 -9.64158738e-04 -7.46175647e-02 -7.04497695e-02 -1.39465034e-01 -3.55997272e-02 -4.71092761e-02 -4.22849786e-03 -3.62285189e-02 -7.24567939e-03 3.60456780e-02 -9.81982499e-02 -9.79274511e-02
7.04052858e-03 6.02334831e-03 5.04011847e-03 4.92791319e-03 1.61789831e-05 -2.52502318e-03 -2.38388125e-03 -4.73337015e-03 -1.20499916e-03 -1.59645441e-03 -1.42783829e-04 -1.22751191e-03 -2.45497387e-04 1.22155412e-03 -3.32787726e-03 -3.31868231e-03
1.01727443e-02 1.35907661e-02 4.66422224e-03 5.01652528e-03 2.11948995e-04 -2.72277277e-03 -2.61469767e-03 -5.21700038e-03 -1.29227852e-03 -1.75320532e-03 -1.51420478e-04 -1.34473445e-03 -2.69054028e-04 1.34180905e-03 -3.65584716e-03 -3.64555302e-03
2.18596496e-03 2.26548761e-02 1.59569122e-02 1.60383880e-02 1.43878686e-04 -8.36457405e-03 -7.95321632e-03 -1.58022679e-02 -3.98145197e-03 -5.32086520e-03 -4.71336592e-04 -4.08565812e-03 -8.17246211e-04 4.07172926e-03 -1.10933874e-02 -1.10623045e-02
-1.06262323e-03 -4.19164337e-02 -3.60485502e-02 -3.61269005e-02 1.33844020e-04 1.85690559e-02 1.75800622e-02 3.48355956e-02 8.87041725e-03 1.17563521e-02 1.04649167e-03 9.03740618e-03 1.80744054e-03 -8.99578445e-03 2.45075449e-02 2.44396552e-02
5.19215036e-03 3.20750438e-02 2.50699576e-02 2.57085413e-02 1.04166684e-04 -1.30871776e-02 -1.23885982e-02 -2.45877784e-02 -6.24715583e-03 -8.28851666e-03 -7.38047529e-04 -6.37206808e-03 -1.27435813e-03 6.34221826e-03 -1.72781721e-02 -1.72303990e-02
9.86701110e-04 -1.14838881e-02 -9.35879815e-03 -9.53068305e-03 2.30158184e-05 4.87869512e-03 4.61949594e-03 9.15791187e-03 2.32674484e-03 3.08977533e-03 2.75724742e-04 2.37512216e-03 4.75029112e-04 -2.36425176e-03 6.44098641e-03 6.42315997e-03
-5.69618586e-03 5.35443844e-03 4.71254066e-03 4.85494686e-03 -1.77418315e-05 -2.47682002e-03 -2.34179245e-03 -4.63586999e-03 -1.18176255e-03 -1.56587118e-03 -1.40383199e-04 -1.20403431e-03 -2.40811743e-04 1.19814021e-03 -3.26407538e-03 -3.25506623e-03
1.54795172e-03 1.35143725e-02 1.11667421e-02 1.10887978e-02 1.26033265e-05 -5.75093552e-03 -5.44353062e-03 -1.08160190e-02 -2.74340296e-03 -3.64288921e-03 -3.24537483e-04 -2.80018151e-03 -5.60018234e-04 2.78753648e-03 -7.59420916e-03 -7.57315895e-03
1.58024253e-03 -2.72901561e-02 -2.21282076e-02 -2.24726163e-02 -1.42717327e-05 1.15178786e-02 1.09168068e-02 2.16739494e-02 5.49956784e-03 7.30619021e-03 6.52846124e-04 5.61686140e-03 1.12335221e-03 -5.59060602e-03 1.52305691e-02 1.51884342e-02
1.38714118e-02 -2.68333331e-02 -3.01835835e-02 -3.05349194e-02 3.61236045e-04 1.52476979e-02 1.43557992e-02 2.83820331e-02 7.26755802e-03 9.59542580e-03 8.65396054e-04 7.38068204e-03 1.47608900e-03 -7.34166708e-03 2.00005230e-02 1.99454576e-02
4.73757973e-05 -2.88782013e-03 -2.59628985e-03 -2.65701883e-03 7.05126877e-06 1.35198166e-03 1.27777131e-03 2.53196177e-03 6.45019580e-04 8.54538928e-04 7.65349105e-05 6.57048484e-04 1.31406705e-04 -6.53866387e-04 1.78132521e-03 1.77640503e-03
1.04253879e-04 1.83467753e-02 9.90745518e-03 9.95813776e-03 2.92309356e-04 -5.42002032e-03 -5.19388076e-03 -1.04564065e-02 -2.58325832e-03 -3.49145429e-03 -2.90037948e-04 -2.67348136e-03 -5.34544233e-04 2.67273514e-03 -7.28260446e-03 -7.26174936e-03
3.15359887e-03 4.64486517e-03 3.60078155e-03 3.62187694e-03 -3.47775494e-06 -1.85975223e-03 -1.76214869e-03 -3.49236256e-03 -8.88159266e-04 -1.17867463e-03 -1.04580926e-04 -9.06052708e-04 -1.81201394e-04 9.01918451e-04 -2.45712302e-03 -2.45031924e-03
-6.79560006e-04 2.49412972e-02 1.95275899e-02 1.98486298e-02 -5.94954472e-05 -1.01483120e-02 -9.59014893e-03 -1.89911332e-02 -4.84741479e-03 -6.41313614e-03 -5.73944184e-04 -4.93177492e-03 -9.86336148e-04 4.90702130e-03 -1.33680804e-02 -1.33312028e-02
2.10581860e-03 -3.53431888e-02 -2.89090928e-02 -2.89733857e-02 2.97209772e-05 1.49429273e-02 1.41367679e-02 2.80068088e-02 7.13889068e-03 9.45437700e-03 8.50050536e-04 7.27077527e-03 1.45418104e-03 -7.23398384e-03 1.97073072e-02 1.96529794e-02
-6.45093247e-03 2.78375894e-02 2.45415568e-02 2.49080714e-02 -1.44136793e-04 -1.26400292e-02 -1.19428122e-02 -2.36407276e-02 -6.03043102e-03 -7.98590854e-03 -7.14456313e-04 -6.14044536e-03 -1.22808141e-03 6.11044280e-03 -1.66466087e-02 -1.66006498e-02
-1.11502165e-03 8.37646890e-03 7.71318143e-03 7.79845892e-03 -5.94477242e-05 -3.93920438e-03 -3.71720432e-03 -7.35342270e-03 -1.87918253e-03 -2.48508202e-03 -2.23528783e-04 -1.91121968e-03 -3.82243772e-04 1.90143043e-03 -5.17999474e-03 -5.16571989e-03
-1.24151511e-02 7.28320330e-02 6.62220046e-02 6.71675950e-02 -3.54939635e-04 -3.40630822e-02 -3.22085358e-02 -6.37500659e-02 -1.62667092e-02 -2.15364639e-02 -1.93267071e-03 -1.65610332e-02 -3.31221498e-03 1.64785907e-02 -4.48923372e-02 -4.47684340e-02
-5.41175529e-03 4.70316336e-02 4.14849408e-02 4.21488807e-02 -2.57881038e-04 -2.13956144e-02 -2.02128626e-02 -4.00207043e-02 -1.02038039e-02 -1.35163264e-02 -1.21053646e-03 -1.03925411e-02 -2.07857159e-03 1.03420522e-02 -2.81747114e-02 -2.80969348e-02
1.09506724e-02 -7.42217675e-02 -6.88209981e-02 -7.01772273e-02 4.78975708e-04 3.54685858e-02 3.34739760e-02 6.62587211e-02 1.69150643e-02 2.23818198e-02 2.01483350e-03 1.72132514e-02 3.44263343e-03 -1.71250980e-02 4.66532335e-02 4.65246812e-02
3.90930707e-03 -3.21640112e-02 -2.75104996e-02 -2.80190036e-02 6.89773733e-05 1.42321978e-02 1.34628778e-02 2.67163776e-02 6.78453362e-03 9.00796521e-03 7.96158391e-04 6.92036841e-03 1.38488098e-03 -6.89300336e-03 1.87788643e-02 1.87268313e-02
1.70395989e-03 2.55115069e-02 1.65813398e-02 1.65265016e-02 3.11900105e-04 -8.83371942e-03 -8.42796173e-03 -1.68562178e-02 -4.19439701e-03 -5.64901624e-03 -4.77117486e-04 -4.32910072e-03 -8.65560491e-04 4.32374515e-03 -1.17815267e-02 -1.17476750e-02
3.74086760e-03 5.14697023e-02 4.09550034e-02 4.11679298e-02 -1.64115467e-04 -2.12557334e-02 -2.01266743e-02 -3.98675837e-02 -1.01618543e-02 -1.34584662e-02 -1.21026696e-03 -1.03504611e-02 -2.07005651e-03 1.02977920e-02 -2.80539729e-02 -2.79766023e-02
-3.27429362e-03 2.28493772e-02 2.17898767e-02 2.20216773e-02 -1.77652983e-04 -1.11686885e-02 -1.05340006e-02 -2.08353046e-02 -5.32677118e-03 -7.04225572e-03 -6.33845630e-04 -5.41600911e-03 -1.08323630e-03 5.38826874e-03 -1.46790547e-02 -1.46386037e-02
2.99889781e-03 2.40655281e-02 1.82073452e-02 1.80336442e-02 7.63303105e-05 -9.41927452e-03 -8.92586168e-03 -1.77354664e-02 -4.46806336e-03 -5.97212510e-03 -5.25425537e-04 -4.58460627e-03 -9.16845049e-04 4.57006786e-03 -1.24513581e-02 -1.24163395e-02
8.13133735e-03 -6.60244748e-03 -9.42435116e-03 -9.62515920e-03 2.31145677e-04 4.75276401e-03 4.44662478e-03 8.69763643e-03 2.26162584e-03 2.96770898e-03 2.75973987e-04 2.28642719e-03 4.57386952e-04 -2.27021170e-03 6.18398283e-03 6.16730656e-03
-1.48243635e-04 3.36327037e-04 9.22587002e-04 8.87281261e-04 -3.17893573e-05 -4.25541541e-04 -3.93667928e-04 -7.70299986e-04 -2.02521580e-04 -2.62402580e-04 -2.51770034e-05 -2.02379830e-04 -4.04650127e-05 2.00708775e-04 -5.46714000e-04 -5.45244140e-04
4.98179719e-03 7.04393089e-02 5.27290180e-02 5.35035543e-02 9.75742005e-05 -2.78381053e-02 -2.63881255e-02 -5.24655841e-02 -1.32200234e-02 -1.76578145e-02 -1.54033280e-03 -1.35578671e-02 -2.71174568e-03 1.35123525e-02 -3.68143730e-02 -3.67111824e-02
-1.96473813e-03 -1.43967075e-02 -9.93170589e-03 -1.01660844e-02 -1.02411504e-05 5.27496915e-03 5.00480970e-03 9.92958061e-03 2.51636072e-03 3.34866880e-03 2.96983548e-04 2.57310737e-03 5.14656771e-04 -2.56238505e-03 6.98084198e-03 6.96148071e-03
1.07229687e-03 1.67150013e-02 1.17157223e-02 1.19181927e-02 5.60663757e-05 -6.20553084e-03 -5.89667354e-03 -1.17562115e-02 -2.95788283e-03 -3.94866383e-03 -3.43876018e-04 -3.03243985e-03 -6.06497750e-04 3.02175106e-03 -8.23262241e-03 -8.20962526e-03
4.89363633e-03 -1.61115248e-02 -2.01059077e-02 -2.01409869e-02 3.97135445e-04 1.00152614e-02 9.38442815e-03 1.84846055e-02 4.78439825e-03 6.26733713e-03 5.77768777e-04 4.82500996e-03 9.65368061e-04 -4.79465397e-03 1.30608929e-02 1.30254496e-02
1.95892435e-02 -4.23724353e-02 -4.24078181e-02 -4.30201180e-02 3.46513698e-04 2.16745213e-02 2.04658117e-02 4.04841788e-02 1.03457849e-02 1.36821801e-02 1.22846465e-03 1.05221001e-02 2.10441556e-03 -1.04688676e-02 2.85200160e-02 2.84413807e-02
9.64336377e-03 1.80423632e-02 1.25337765e-02 1.23899234e-02 1.69165054e-04 -6.51477883e-03 -6.22588117e-03 -1.23743452e-02 -3.11497576e-03 -4.16582543e-03 -3.65325104e-04 -3.19957873e-03 -6.39847945e-04 3.18822172e-03 -8.68643355e-03 -8.66201334e-03
-1.17545482e-02 6.18921481e-02 5.24884425e-02 5.13879359e-02 -1.71676511e-05 -2.73363497e-02 -2.58615855e-02 -5.13589978e-02 -1.29943825e-02 -1.73010100e-02 -1.54023443e-03 -1.32947322e-02 -2.65935925e-03 1.32387169e-02 -3.60670164e-02 -3.59669290e-02
-5.82035119e-03 3.23379450e-02 2.92244609e-02 2.93871909e-02 -1.05626474e-04 -1.49993459e-02 -1.41641218e-02 -2.80807056e-02 -7.13337399e-03 -9.47748870e-03 -8.48271535e-04 -7.28718331e-03 -1.45721517e-03 7.25178793e-03 -1.97560824e-02 -1.97014641e-02
-1.43119767e-02 4.56926934e-02 3.99493650e-02 4.01434973e-02 4.92658000e-06 -2.07593720e-02 -1.96221042e-02 -3.88861448e-02 -9.88554209e-03 -1.31253563e-02 -1.16400234e-03 -1.00871427e-02 -2.01715389e-03 1.00432578e-02 -2.73616295e-02 -2.72856094e-02
1.54060638e-03 1.62087549e-02 1.32451840e-02 1.32895829e-02 1.56611786e-05 -6.84226723e-03 -6.48670690e-03 -1.28925852e-02 -3.27380397e-03 -4.34042141e-03 -3.85533524e-04 -3.33687034e-03 -6.67295186e-04 3.32149165e-03 -9.04882234e-03 -9.02377907e-03
-8.20971560e-03 2.68544164e-02 2.35491060e-02 2.40682140e-02 -1.07318279e-04 -1.22304419e-02 -1.15735671e-02 -2.29383297e-02 -5.84036671e-03 -7.74122821e-03 -6.92541304e-04 -5.95193356e-03 -1.19037775e-03 5.92334801e-03 -1.61369611e-02 -1.60923805e-02
1.88120827e-03 4.36891615e-02 3.24665755e-02 3.26916017e-02 2.29098543e-04 -1.70508418e-02 -1.61651857e-02 -3.20771858e-02 -8.11088737e-03 -1.08161997e-02 -9.53414128e-04 -8.30885675e-03 -1.66167167e-03 8.27700086e-03 -2.25502923e-02 -2.24872828e-02
1.18680811e-03 -2.50325724e-02 -1.93920247e-02 -1.98559500e-02 -2.93957273e-05 1.01106344e-02 9.59438086e-03 1.90898534e-02 4.83492855e-03 6.41962793e-03 5.68762596e-04 4.93408414e-03 9.86847910e-04 -4.91226977e-03 1.33827748e-02 1.33456513e-02
9.04201530e-03 -2.89280377e-02 -2.85044163e-02 -2.86909845e-02 2.15316744e-04 1.45665975e-02 1.37534309e-02 2.72162613e-02 6.95012091e-03 9.19528212e-03 8.27226730e-04 7.07160914e-03 1.41429808e-03 -7.03576673e-03 1.91673487e-02 1.91144850e-02
7.78469723e-03 -5.81032969e-03 -8.08430184e-03 -8.40559509e-03 1.06170468e-04 4.13393974e-03 3.89314769e-03 7.68750720e-03 1.97234261e-03 2.60047987e-03 2.35883301e-04 2.00067810e-03 4.00117511e-04 -1.98961492e-03 5.42013580e-03 5.40525094e-03
-2.61254259e-03 1.12670865e-02 1.24263037e-02 1.24857090e-02 -1.67115606e-04 -6.24842942e-03 -5.87727129e-03 -1.16025917e-02 -2.97825690e-03 -3.92735424e-03 -3.55928059e-04 -3.02182813e-03 -6.04365196e-04 3.00479308e-03 -8.18565115e-03 -8.16319697e-03
2.04099584e-02 5.36743039e-03 -8.18822999e-04 -1.09490438e-03 4.42894583e-04 3.10201256e-04 1.96319510e-04 2.45750416e-04 1.27323059e-04 1.19638484e-04 2.57451920e-05 9.67079905e-05 1.95188095e-05 -9.07587819e-05 2.46406213e-04 2.46190088e-04
3.12855584e-03 -8.95286165e-03 -9.14299116e-03 -9.25408117e-03 8.29313867e-05 4.65910463e-03 4.39410517e-03 8.69105477e-03 2.22207513e-03 2.93741794e-03 2.64535163e-04 2.25917902e-03 4.51824191e-04 -2.24751723e-03 6.12281961e-03 6.10594964e-03
-8.30966327e-03 6.97106943e-02 5.79413734e-02 5.79170212e-02 9.44540370e-05 -2.99146250e-02 -2.83840615e-02 -5.64514324e-02 -1.42907621e-02 -1.89948231e-02 -1.67325605e-03 -1.45931169e-02 -2.91882572e-03 1.45353014e-02 -3.96000147e-02 -3.94897722e-02
-1.53743988e-03 7.97802862e-03 6.83813076e-03 6.88553322e-03 3.15030775e-06 -3.56198289e-03 -3.36913276e-03 -6.68996945e-03 -1.69141032e-03 -2.25422299e-03 -1.98200505e-04 -1.73155579e-03 -3.46269837e-04 1.72497088e-03 -4.69962461e-03 -4.68647620e-03
-7.08058884e-04 -3.39654600e-03 -2.10350007e-03 -2.12376076e-03 -4.04857419e-05 1.13325042e-03 1.08328485e-03 2.15837592e-03 5.40233857e-04 7.25484046e-04 6.25670582e-05 5.56775893e-04 1.11364840e-04 -5.55236475e-04 1.51276647e-03 1.50851265e-03
-2.66142003e-03 -2.84196436e-02 -2.13155411e-02 -2.15576347e-02 -5.78212057e-05 1.12260310e-02 1.06510846e-02 2.11833473e-02 5.35233738e-03 7.12674344e-03 6.29494025e-04 5.47639560e-03 1.09513919e-03 -5.45362709e-03 1.48578277e-02 1.48164984e-02
-3.89745552e-03 1.29753407e-02 1.37385912e-02 1.39211155e-02 -1.41678524e-04 -6.98424131e-03 -6.58296328e-03 -1.30157275e-02 -3.33049847e-03 -4.40027937e-03 -3.96713411e-04 -3.38450354e-03 -6.76886062e-04 3.36676510e-03 -9.17191058e-03 -9.14665498e-03
-2.09355634e-03 4.30789143e-02 3.26480269e-02 3.29771005e-02 1.11304864e-04 -1.71921141e-02 -1.63291376e-02 -3.24736089e-02 -8.16425681e-03 -1.09264906e-02 -9.46254819e-04 -8.38570204e-03 -1.67717703e-03 8.36199708e-03 -2.27831453e-02 -2.27187723e-02
1.10250525e-02 -3.82467359e-02 -3.39773670e-02 -3.46814729e-02 9.03321634e-05 1.75503008e-02 1.66087709e-02 3.29265743e-02 8.38395208e-03 1.11074978e-02 9.93089518e-04 8.54036678e-03 1.70808623e-03 -8.49910825e-03 2.31540557e-02 2.30901111e-02
1.63093954e-03 -2.80799679e-02 -1.86697710e-02 -1.94216296e-02 -2.40897585e-04 1.02169849e-02 9.67426971e-03 1.91872604e-02 4.87340940e-03 6.47315197e-03 5.78719948e-04 4.97672660e-03 9.95396636e-04 -4.95303748e-03 1.34934969e-02 1.34562459e-02
9.53522138e-03 -2.38456093e-02 -2.35547423e-02 -2.38812529e-02 1.88323203e-04 1.20553980e-02 1.13732126e-02 2.25080382e-02 5.74778114e-03 7.60407140e-03 6.84096187e-04 5.84792625e-03 1.16958446e-03 -5.81815513e-03 1.58501957e-02 1.58065092e-02
-3.44168730e-02 6.44165874e-02 6.41666427e-02 6.51236922e-02 -4.18426469e-04 -3.28222886e-02 -3.10144909e-02 -6.14215359e-02 -1.56637691e-02 -2.07364038e-02 -1.85523264e-03 -1.59428194e-02 -3.18869622e-03 1.58669204e-02 -4.32264321e-02 -4.31068726e-02
