1.86044052e-02 -8.99020955e-03 -6.12023054e-03 -8.21863208e-03 -6.06422313e-03 -1.58311019e-03 -1.11666666e-02 3.75257246e-02 6.10619690e-03 7.03283399e-03 -2.67510419e-03 -7.78926653e-04 -1.62329879e-02 -8.05220474e-03 1.33601669e-02 7.77349528e-03
3.55409235e-02 -1.69809125e-02 -1.05062975e-02 -1.40357101e-02 -1.04528088e-02 -2.70321243e-03 -1.92434303e-02 6.48869500e-02 1.05669685e-02 1.21704489e-02 -4.62280214e-03 -1.34772214e-03 -2.80839559e-02 -1.39312064e-02 2.31161434e-02 1.34505061e-02
8.83643329e-03 -4.35436610e-03 -2.93232780e-03 -4.35057376e-03 -3.03038047e-03 -7.95674452e-04 -5.52051421e-03 1.85241140e-02 3.00180633e-03 3.46592534e-03 -1.31785159e-03 -3.82958591e-04 -7.98356999e-03 -3.95981316e-03 6.56878948e-03 3.82150500e-03
-2.73565203e-02 1.36444084e-02 9.42646246e-03 1.26543157e-02 9.28840414e-03 2.43493239e-03 1.71217751e-02 -5.77760600e-02 -9.40349232e-03 -1.08210668e-02 4.11450444e-03 1.19920122e-03 2.49887761e-02 1.23958709e-02 -2.05687135e-02 -1.19683100e-02
-2.29827855e-02 7.20143830e-03 3.05077177e-03 3.50177614e-03 2.34468654e-03 6.20861014e-04 3.31127131e-03 -1.09577589e-02 -1.74161664e-03 -2.04240973e-03 7.66886515e-04 2.22323870e-04 4.63719806e-03 2.30014347e-03 -3.81368212e-03 -2.21818243e-03
8.16873740e-03 -3.94855347e-03 -1.80648197e-03 -2.12601922e-03 -1.41583488e-03 -3.81308724e-04 -2.41639744e-03 7.95795955e-03 1.27875409e-03 1.48409314e-03 -5.64267102e-04 -1.63220931e-04 -3.40445479e-03 -1.68831495e-03 2.79974914e-03 1.62851834e-03
-5.90197323e-03 3.50520038e-03 1.96949788e-03 2.31238129e-03 1.74195750e-03 4.54646884e-04 2.89460388e-03 -9.60940495e-03 -1.55197713e-03 -1.81238458e-03 6.90440298e-04 1.98155874e-04 4.13592719e-03 2.05138070e-03 -3.40013206e-03 -1.97657151e-03
-3.36563680e-03 1.85952918e-03 1.25138822e-03 1.76916388e-03 1.25846197e-03 3.27958114e-04 2.26793787e-03 -7.60575989e-03 -1.23582792e-03 -1.42890017e-03 5.43529983e-04 1.57678020e-04 3.28792771e-03 1.63076445e-03 -2.70483061e-03 -1.57336809e-03
9.32436436e-03 -5.75453741e-03 -5.05939685e-03 -7.49519235e-03 -5.57316095e-03 -1.49649021e-03 -1.06112361e-02 3.59890275e-02 5.87105984e-03 6.75685843e-03 -2.57073762e-03 -7.48741906e-04 -1.56034054e-02 -7.74013670e-03 1.28425322e-02 7.47235678e-03
-9.56685096e-03 4.93407948e-03 3.63337854e-03 4.78969980e-03 3.70895630e-03 9.60640493e-04 6.74086809e-03 -2.27047261e-02 -3.66873341e-03 -4.22078138e-03 1.60506263e-03 4.67900478e-04 9.75077879e-03 4.83673112e-03 -8.02542735e-03 -4.66962066e-03
2.14677602e-02 -1.13029443e-02 -6.84359483e-03 -9.41067375e-03 -6.98054163e-03 -1.79473695e-03 -1.24335019e-02 4.18987870e-02 6.79762894e-03 7.83632509e-03 -2.97860219e-03 -8.66981631e-04 -1.80694107e-02 -8.96280631e-03 1.48706483e-02 8.65221210e-03
2.74096690e-02 -1.28751826e-02 -8.69385712e-03 -1.18039884e-02 -8.74038134e-03 -2.26156600e-03 -1.61252152e-02 5.44478297e-02 8.86786729e-03 1.01969251e-02 -3.87772336e-03 -1.13092468e-03 -2.35661902e-02 -1.16902729e-02 1.93976238e-02 1.12867188e-02
-1.55365525e-03 8.43626098e-04 5.86526236e-04 7.44830235e-04 5.65309427e-04 1.44929698e-04 9.94182774e-04 -3.33559886e-03 -5.42115071e-04 -6.25831191e-04 2.38035442e-04 6.91556852e-05 1.44159095e-03 7.15034374e-04 -1.18616829e-03 -6.90088433e-04
-3.03866025e-02 1.63764767e-02 1.10663828e-02 1.45558501e-02 1.10546276e-02 2.86741881e-03 2.00929567e-02 -6.77137375e-02 -1.10026747e-02 -1.26597732e-02 4.81293630e-03 1.40344445e-03 2.92468984e-02 1.45079093e-02 -2.40720548e-02 -1.40062794e-02
3.24723758e-02 -1.38673373e-02 -9.36807692e-03 -1.10933185e-02 -8.06221832e-03 -2.14904570e-03 -1.51655199e-02 5.11720888e-02 8.33533984e-03 9.57617909e-03 -3.63995484e-03 -1.06305908e-03 -2.21486185e-02 -1.09873554e-02 1.82333142e-02 1.06100123e-02
-8.67745876e-02 4.25613299e-02 2.74949707e-02 3.59761119e-02 2.69468874e-02 7.16850022e-03 5.12415022e-02 -1.73581168e-01 -2.83399988e-02 -3.25454921e-02 1.23670446e-02 3.61367106e-03 7.52846152e-02 3.73483635e-02 -6.19806424e-02 -3.60672474e-02
-1.64025649e-02 8.78033414e-03 6.16048183e-03 9.13033634e-03 6.64939266e-03 1.75419857e-03 1.23827709e-02 -4.19314951e-02 -6.81932364e-03 -7.83493929e-03 2.97741219e-03 8.69564596e-04 1.81170311e-02 8.98748636e-03 -1.49145881e-02 -8.67884513e-03
2.66989842e-02 -1.38902534e-02 -8.79458245e-03 -1.19448248e-02 -8.86422303e-03 -2.27314094e-03 -1.57056116e-02 5.26389144e-02 8.50442704e-03 9.83401015e-03 -3.74186807e-03 -1.08523387e-03 -2.26319041e-02 -1.12260124e-02 1.86162814e-02 1.08281858e-02
-2.10321881e-02 1.02460906e-02 6.57065026e-03 8.91274214e-03 6.57735346e-03 1.72086887e-03 1.22201946e-02 -4.12069522e-02 -6.71098894e-03 -7.71554187e-03 2.93226936e-03 8.55814491e-04 1.78313404e-02 8.84562824e-03 -1.46787530e-02 -8.54149181e-03
5.22915088e-02 -2.56171189e-02 -1.83086786e-02 -2.63478458e-02 -2.00888999e-02 -5.32427942e-03 -3.80689725e-02 1.29579902e-01 2.11663507e-02 2.42988300e-02 -9.23478790e-03 -2.69881007e-03 -5.62247522e-02 -2.78928764e-02 4.62894700e-02 2.69364584e-02
-1.33889839e-02 5.72811719e-03 3.85092222e-03 4.94319154e-03 3.65144131e-03 9.53419134e-04 6.59090467e-03 -2.21044086e-02 -3.57608101e-03 -4.12144233e-03 1.56778120e-03 4.56138892e-04 9.50669590e-03 4.71550133e-03 -7.82368891e-03 -4.55206353e-03
-4.78473976e-02 2.20035892e-02 1.41682420e-02 1.95403043e-02 1.40499491e-02 3.66034429e-03 2.56342590e-02 -8.62040073e-02 -1.40324021e-02 -1.61397420e-02 6.13713916e-03 1.78953062e-03 3.72900330e-02 1.84981935e-02 -3.06939222e-02 -1.78597383e-02
-2.92248800e-02 1.62441973e-02 8.04054737e-03 1.04207592e-02 7.39422161e-03 1.90817541e-03 1.30117889e-02 -4.29110229e-02 -6.91095507e-03 -8.02291557e-03 3.05447122e-03 8.82022316e-04 1.84021425e-02 9.12755262e-03 -1.51313720e-02 -8.79922044e-03
-1.62046086e-02 5.62263466e-03 2.58671911e-03 3.54953925e-03 2.15855893e-03 5.87378046e-04 3.72582488e-03 -1.24548012e-02 -2.01319042e-03 -2.33936100e-03 8.90959171e-04 2.56914645e-04 5.35673136e-03 2.65832338e-03 -4.40678559e-03 -2.56325258e-03
4.27703885e-03 -1.15766202e-03 -5.46676049e-04 -9.23181185e-04 -4.83403332e-04 -1.15621282e-04 -6.47396198e-04 2.07343348e-03 3.29715229e-04 3.83950217e-04 -1.46019869e-04 -4.20890865e-05 -8.77735321e-04 -4.35251917e-04 7.21889606e-04 4.19954886e-04
2.72902418e-02 -1.40134785e-02 -9.71239340e-03 -1.30605530e-02 -9.79871955e-03 -2.54336675e-03 -1.80917755e-02 6.11822344e-02 9.95531213e-03 1.14402501e-02 -4.34787525e-03 -1.26949395e-03 -2.64508631e-02 -1.31213143e-02 2.17740647e-02 1.26702152e-02
-4.63051312e-02 2.25225911e-02 1.43938567e-02 1.83719341e-02 1.30708376e-02 3.37477494e-03 2.17701867e-02 -7.19941109e-02 -1.16050383e-02 -1.35246329e-02 5.17498609e-03 1.48164318e-03 3.09287310e-02 1.53352600e-02 -2.54204478e-02 -1.47794252e-02
-4.29012552e-02 2.96486579e-02 1.44572807e-02 1.73993018e-02 1.23466616e-02 3.33935884e-03 2.19607502e-02 -7.37491548e-02 -1.19703710e-02 -1.38614560e-02 5.28114056e-03 1.52737799e-03 3.18503045e-02 1.57959871e-02 -2.61998829e-02 -1.52406516e-02
2.36080326e-02 -1.12487264e-02 -7.23876804e-03 -9.55044013e-03 -6.90298853e-03 -1.80933031e-03 -1.27195641e-02 4.28054929e-02 6.96202088e-03 8.00465886e-03 -3.05072218e-03 -8.87937029e-04 -1.85033064e-02 -9.17846337e-03 1.52291898e-02 8.86130147e-03
1.13784978e-02 -4.83893370e-03 -3.09488038e-03 -3.92781477e-03 -2.75293970e-03 -6.85027102e-04 -4.45009256e-03 1.47871859e-02 2.36577145e-03 2.76368624e-03 -1.05325843e-03 -3.02114233e-04 -6.30755350e-03 -3.12775886e-03 5.18334704e-03 3.01334145e-03
2.59589124e-02 -1.44544486e-02 -8.74218997e-03 -1.16562191e-02 -8.62428080e-03 -2.26805499e-03 -1.57931708e-02 5.31782433e-02 8.58025346e-03 9.91748273e-03 -3.76244308e-03 -1.09472871e-03 -2.28251480e-02 -1.13259563e-02 1.87808108e-02 1.09232543e-02
4.76394296e-02 -2.58139633e-02 -1.85550433e-02 -2.52554975e-02 -1.91615187e-02 -5.13137132e-03 -3.66368629e-02 1.24647096e-01 2.03453377e-02 2.33575907e-02 -8.87886342e-03 -2.59417016e-03 -5.40453345e-02 -2.68113464e-02 4.44945805e-02 2.58919913e-02
-8.28934759e-02 4.28158790e-02 2.91996039e-02 4.33138125e-02 3.09066102e-02 8.06051772e-03 5.68983033e-02 -1.92896664e-01 -3.14079635e-02 -3.60922553e-02 1.37123577e-02 4.00519324e-03 8.34507942e-02 4.13974188e-02 -6.86964393e-02 -3.99740636e-02
5.55114970e-02 -2.80154292e-02 -1.85899939e-02 -2.41131783e-02 -1.84791610e-02 -4.73759137e-03 -3.42656225e-02 1.15612201e-01 1.88399758e-02 2.16382612e-02 -8.23460985e-03 -2.40244367e-03 -5.00525273e-02 -2.48303432e-02 4.12060358e-02 2.39781085e-02
-1.96340550e-02 5.63482754e-03 2.39821663e-03 2.55473005e-03 2.13959324e-03 5.19768044e-04 3.52386874e-03 -1.14470515e-02 -1.84980989e-03 -2.12765951e-03 8.10686266e-04 2.35942265e-04 4.91570495e-03 2.43857177e-03 -4.04682243e-03 -2.35488662e-03
1.79066416e-02 -9.75631550e-03 -6.06761547e-03 -8.41217674e-03 -6.30181609e-03 -1.66763924e-03 -1.16155166e-02 3.91702354e-02 6.37285225e-03 7.34054018e-03 -2.78929179e-03 -8.12772254e-04 -1.69383641e-02 -8.40211846e-03 1.39408400e-02 8.11139774e-03
-1.14438878e-02 1.02967778e-02 8.16007424e-03 1.22574298e-02 9.33709461e-03 2.48304103e-03 1.80290658e-02 -6.14283718e-02 -1.00367004e-02 -1.15187662e-02 4.37792251e-03 1.27971824e-03 2.66605206e-02 1.32261803e-02 -2.19495222e-02 -1.27727361e-02
1.86208934e-02 -1.06493831e-02 -7.65757635e-03 -1.10573582e-02 -8.16965476e-03 -2.17816560e-03 -1.56199895e-02 5.30372895e-02 8.64490028e-03 9.93005745e-03 -3.77191859e-03 -1.10229640e-03 -2.29652580e-02 -1.13928281e-02 1.89064536e-02 1.10018058e-02
1.14235021e-02 -6.28672633e-03 -4.54596477e-03 -6.26017526e-03 -4.78138169e-03 -1.24552823e-03 -8.97438638e-03 3.04977614e-02 4.98016784e-03 5.71809104e-03 -2.17352901e-03 -6.35020668e-04 -1.32299280e-02 -6.56320713e-03 1.08917588e-02 6.33800728e-03
-7.14157103e-03 1.40789326e-03 3.71258473e-04 1.92804291e-04 3.57729732e-07 -1.72756336e-05 -2.50399433e-04 1.02045166e-03 1.71602922e-04 1.93299871e-04 -7.39417665e-05 -2.18360892e-05 -4.54536435e-04 -2.25592696e-04 3.74544121e-04 2.17992914e-04
7.05035869e-03 -4.16320469e-03 -2.91254744e-03 -4.00347309e-03 -3.01439082e-03 -7.83202122e-04 -5.53274900e-03 1.87198147e-02 3.04611376e-03 3.50577920e-03 -1.33331644e-03 -3.88491724e-04 -8.09620600e-03 -4.01604921e-03 6.66352687e-03 3.87712615e-03
-2.80685872e-02 1.51432306e-02 1.05952490e-02 1.51733076e-02 1.14471866e-02 2.91751651e-03 2.08113231e-02 -7.00479969e-02 -1.13861272e-02 -1.31002702e-02 4.97645093e-03 1.45213178e-03 3.02588008e-02 1.50106316e-02 -2.49071233e-02 -1.44924512e-02
4.03256854e-03 -2.27534771e-03 -1.78168993e-03 -2.57374486e-03 -1.94031815e-03 -5.11851162e-04 -3.49819614e-03 1.17863081e-02 1.91566895e-03 2.20623147e-03 -8.38905282e-04 -2.44309893e-04 -5.09093795e-03 -2.52538966e-03 4.19037556e-03 2.43823160e-03
-5.93533963e-02 2.82335244e-02 2.09805369e-02 2.91619617e-02 2.16503795e-02 5.67909004e-03 4.07700762e-02 -1.38618127e-01 -2.26194989e-02 -2.59721018e-02 9.87069309e-03 2.88421731e-03 6.00887723e-02 2.98093762e-02 -4.94695865e-02 -2.87868977e-02
3.79085802e-02 -2.00206414e-02 -1.15964897e-02 -1.55160893e-02 -1.13770738e-02 -2.97500449e-03 -2.03799754e-02 6.88246265e-02 1.10736536e-02 1.28006181e-02 -4.86474158e-03 -1.41342031e-03 -2.94835679e-02 -1.46349436e-02 2.42477916e-02 1.41006885e-02
-3.16194221e-02 1.50493365e-02 1.00893909e-02 1.32885296e-02 1.01101240e-02 2.67022219e-03 1.82797052e-02 -6.15453161e-02 -9.96976253e-03 -1.14949280e-02 4.37187962e-03 1.27170270e-03 2.65033562e-02 1.31473374e-02 -2.18129270e-02 -1.26913134e-02
-8.66629556e-02 4.70414534e-02 2.74386089e-02 3.78071368e-02 2.85707004e-02 7.51034031e-03 5.11372834e-02 -1.70761183e-01 -2.76618768e-02 -3.20921130e-02 1.21498825e-02 3.52870114e-03 7.35614896e-02 3.64902206e-02 -6.05328716e-02 -3.52119133e-02
-2.80910283e-02 1.50834760e-02 1.06507754e-02 1.59369595e-02 1.19473552e-02 3.16273980e-03 2.26640012e-02 -7.71101490e-02 -1.25912232e-02 -1.44576421e-02 5.49332798e-03 1.60546566e-03 3.34472843e-02 1.65930111e-02 -2.75366735e-02 -1.60239078e-02
1.30576864e-02 -6.58144616e-03 -4.37177531e-03 -6.72028493e-03 -4.69961576e-03 -1.25641411e-03 -8.78438726e-03 2.98078060e-02 4.86564171e-03 5.59077458e-03 -2.12398497e-03 -6.20432547e-04 -1.29261361e-02 -6.41249679e-03 1.06415441e-02 6.19237637e-03
-6.84461324e-04 3.35051771e-03 2.37999624e-03 4.01406735e-03 3.04586021e-03 8.21957132e-04 6.00456074e-03 -2.05106102e-02 -3.35508259e-03 -3.84949124e-03 1.46325200e-03 4.27778898e-04 8.91188253e-03 4.42118524e-03 -7.33719906e-03 -4.26962739e-03
-5.05375266e-02 2.47514565e-02 1.69168040e-02 2.34154966e-02 1.79323237e-02 4.72524622e-03 3.41574140e-02 -1.16006307e-01 -1.89450756e-02 -2.17462126e-02 8.26466829e-03 2.41562165e-03 5.03251962e-02 2.49660555e-02 -4.14323546e-02 -2.41100434e-02
-1.08829662e-02 6.57039788e-03 3.61950370e-03 4.50496702e-03 3.22599872e-03 8.44585127e-04 5.52766910e-03 -1.83523204e-02 -2.96429172e-03 -3.44604440e-03 1.31408672e-03 3.78437748e-04 7.89708924e-03 3.91606614e-03 -6.49261009e-03 -3.77537892e-03
2.21768580e-02 -1.01842824e-02 -6.60006888e-03 -8.70211981e-03 -6.20519696e-03 -1.67236803e-03 -1.14108277e-02 3.83627154e-02 6.21972838e-03 7.16886297e-03 -2.72897095e-03 -7.93393992e-04 -1.65357925e-02 -8.20207037e-03 1.36083998e-02 7.91780557e-03
8.38974677e-03 -4.61822003e-03 -3.18089779e-03 -4.30498505e-03 -3.21037043e-03 -8.34484934e-04 -5.86442882e-03 1.98295582e-02 3.22603108e-03 3.71281849e-03 -1.41203380e-03 -4.11420595e-04 -8.57326202e-03 -4.25275508e-03 7.05663627e-03 4.10602801e-03
2.71192789e-02 -1.07920263e-02 -6.99883653e-03 -1.08122751e-02 -7.80575583e-03 -2.02334067e-03 -1.42925167e-02 4.83521335e-02 7.87015539e-03 9.04867612e-03 -3.43864597e-03 -1.00362964e-03 -2.09106114e-02 -1.03735533e-02 1.72140598e-02 1.00167356e-02
-1.23865465e-02 4.12590429e-03 2.14995118e-03 2.28336826e-03 1.56773895e-03 4.36489005e-04 2.37758085e-03 -7.81704020e-03 -1.20946579e-03 -1.43335096e-03 5.54909580e-04 1.54613663e-04 3.23262508e-03 1.60260184e-03 -2.65310355e-03 -1.54107972e-03
7.77869578e-03 -3.66083439e-03 -2.33918289e-03 -3.33420560e-03 -2.36710790e-03 -6.18228631e-04 -4.34478279e-03 1.46746272e-02 2.38614576e-03 2.74808845e-03 -1.04469922e-03 -3.04327667e-04 -6.34212373e-03 -3.14596575e-03 5.21984091e-03 3.03716375e-03
-1.18643548e-02 6.52942574e-03 4.45852568e-03 6.33000676e-03 4.75699222e-03 1.21033133e-03 8.65703356e-03 -2.92496514e-02 -4.76262765e-03 -5.47757512e-03 2.08214321e-03 6.07369991e-04 1.26555562e-02 6.27797469e-03 -1.04175322e-02 -6.06176071e-03
-1.84168126e-02 7.21261464e-03 4.13317466e-03 4.34334762e-03 3.29229608e-03 8.33776663e-04 5.75083774e-03 -1.91886555e-02 -3.11125722e-03 -3.57852643e-03 1.36409269e-03 3.96834570e-04 8.26843455e-03 4.10161912e-03 -6.80633308e-03 -3.96057684e-03
2.60543469e-02 -1.09979250e-02 -7.91797508e-03 -9.63306334e-03 -7.36165047e-03 -1.93607190e-03 -1.36743980e-02 4.62864786e-02 7.55274110e-03 8.67390726e-03 -3.29687470e-03 -9.63053026e-04 -2.00638101e-02 -9.95343830e-03 1.65180210e-02 9.61202756e-03
6.52453396e-03 -3.56042944e-03 -2.45730765e-03 -3.10449628e-03 -2.31852313e-03 -6.03042019e-04 -4.19165893e-03 1.40955774e-02 2.29027425e-03 2.63893441e-03 -1.00355817e-03 -2.92119919e-04 -6.08795136e-03 -3.01982462e-03 5.01047401e-03 2.91529717e-03
1.83068234e-02 -8.62800889e-03 -8.63104966e-03 -1.26737338e-02 -9.76822432e-03 -2.61059054e-03 -1.81935038e-02 6.14291579e-02 1.00006321e-02 1.15058096e-02 -4.38074023e-03 -1.27537234e-03 -2.65753288e-02 -1.31825171e-02 2.18745880e-02 1.27285682e-02
2.10362766e-02 -1.26702059e-02 -9.24769510e-03 -1.28171863e-02 -9.72112920e-03 -2.58286670e-03 -1.81994773e-02 6.15742840e-02 1.00247180e-02 1.15309469e-02 -4.38457401e-03 -1.27845851e-03 -2.66421754e-02 -1.32158287e-02 2.19281744e-02 1.27589237e-02
-2.22057253e-02 1.40091907e-02 1.09395832e-02 1.60501935e-02 1.20519474e-02 3.17655224e-03 2.28771828e-02 -7.75787234e-02 -1.26532689e-02 -1.45312054e-02 5.52388653e-03 1.61341974e-03 3.36140096e-02 1.66754276e-02 -2.76730526e-02 -1.61031540e-02
1.14216339e-02 -7.30327517e-03 -5.09107159e-03 -7.15331640e-03 -5.36816427e-03 -1.42030092e-03 -1.00285374e-02 3.39371748e-02 5.53119369e-03 6.36086566e-03 -2.41839117e-03 -7.05351122e-04 -1.46973906e-02 -7.29080290e-03 1.20981168e-02 7.03962147e-03
-9.21050739e-03 6.78534992e-03 4.99430904e-03 7.21853320e-03 5.49832685e-03 1.45120255e-03 1.04548652e-02 -3.55377942e-02 -5.79840411e-03 -6.65888982e-03 2.53164512e-03 7.39357143e-04 1.54044200e-02 7.64173362e-03 -1.26813632e-02 -7.37928413e-03
1.49457008e-02 -8.59970506e-03 -5.94330952e-03 -8.23606923e-03 -6.18512230e-03 -1.63158763e-03 -1.17638651e-02 3.99445966e-02 6.52062986e-03 7.48741534e-03 -2.84601329e-03 -8.31433572e-04 -1.73218586e-02 -8.59316904e-03 1.42606115e-02 8.29838589e-03
2.38905102e-02 -1.09679122e-02 -4.52948455e-03 -5.91323152e-03 -3.78435943e-03 -1.04306825e-03 -6.87295804e-03 2.30410211e-02 3.74509115e-03 4.31542099e-03 -1.64485432e-03 -4.77677764e-04 -9.95659176e-03 -4.93776752e-03 8.19289405e-03 4.76687355e-03
3.28073953e-03 -1.61195151e-03 -9.04240413e-04 -1.14760408e-03 -8.38386244e-04 -2.13393563e-04 -1.36709097e-03 4.48883558e-03 7.19519972e-04 8.40662280e-04 -3.20955762e-04 -9.18782971e-05 -1.91852963e-03 -9.51264985e-04 1.57633296e-03 9.16376768e-04
-9.03602503e-03 6.04332611e-03 3.91871249e-03 5.21348044e-03 3.96326603e-03 1.04409654e-03 7.45299133e-03 -2.51917634e-02 -4.10390925e-03 -4.72434750e-03 1.79734931e-03 5.23378782e-04 1.09076910e-02 5.41078951e-03 -8.97716079e-03 -5.22304187e-03
-2.35344991e-02 1.36039481e-02 9.47292708e-03 1.05894515e-02 7.86576886e-03 2.06341012e-03 1.43379765e-02 -4.82840948e-02 -7.85055384e-03 -9.05089267e-03 3.44124902e-03 1.00141740e-03 2.08752602e-02 1.03533342e-02 -1.71770472e-02 -9.99341626e-03
-1.46535430e-02 7.37371482e-03 4.99841012e-03 7.10515957e-03 5.35319373e-03 1.38159457e-03 9.87982471e-03 -3.35195549e-02 -5.47039649e-03 -6.28660992e-03 2.38909875e-03 6.97571610e-04 1.45338438e-02 7.20992777e-03 -1.19646117e-02 -6.96219597e-03
-1.09298736e-01 5.26573136e-02 2.93486863e-02 4.10473123e-02 3.03533096e-02 7.93495588e-03 5.58607131e-02 -1.87694505e-01 -3.05215865e-02 -3.51424776e-02 1.33646931e-02 3.89257050e-03 8.11129585e-02 4.02376875e-02 -6.67654201e-02 -3.88483144e-02
-2.51372792e-02 1.18879406e-02 8.16997513e-03 1.12351049e-02 8.66672676e-03 2.22779578e-03 1.58375744e-02 -5.34505621e-02 -8.70206952e-03 -9.99567099e-03 3.79953021e-03 1.10963336e-03 2.31180806e-02 1.14685455e-02 -1.90321896e-02 -1.10749863e-02
4.66325926e-03 -2.59480998e-03 -2.14041397e-03 -3.14888638e-03 -2.40309979e-03 -6.36695244e-04 -4.58707567e-03 1.55886235e-02 2.54521356e-03 2.92349211e-03 -1.11136353e-03 -3.24549677e-04 -6.76209992e-03 -3.35454801e-03 5.56665054e-03 3.23916506e-03
-1.33312494e-02 7.72997830e-03 5.47389034e-03 7.87969027e-03 5.92648331e-03 1.54644158e-03 1.06231552e-02 -3.58642265e-02 -5.81272971e-03 -6.71543088e-03 2.55295192e-03 7.41620548e-04 1.54656777e-02 7.67122954e-03 -1.27218189e-02 -7.39937695e-03
2.94064097e-02 -1.42785273e-02 -8.99660774e-03 -1.28923114e-02 -9.24197212e-03 -2.45238445e-03 -1.71290264e-02 5.80508113e-02 9.45450366e-03 1.08778896e-02 -4.13673138e-03 -1.20568392e-03 -2.51235347e-02 -1.24629978e-02 2.06798986e-02 1.20329857e-02
-3.13439481e-02 1.60585120e-02 1.06950970e-02 1.36517761e-02 1.05750170e-02 2.72896467e-03 1.95343532e-02 -6.63023517e-02 -1.08153485e-02 -1.24193532e-02 4.72078379e-03 1.37906766e-03 2.87312027e-02 1.42531898e-02 -2.36534923e-02 -1.37642091e-02
1.11620761e-02 -5.82921784e-03 -3.89617123e-03 -5.13188541e-03 -3.76950274e-03 -9.94912931e-04 -6.84447214e-03 2.30268463e-02 3.73561261e-03 4.31049801e-03 -1.63933483e-03 -4.76542686e-04 -9.93379764e-03 -4.92721470e-03 8.17387365e-03 4.75544250e-03
2.47307383e-02 -1.13241095e-02 -8.03876854e-03 -1.09434109e-02 -8.03606771e-03 -2.09682435e-03 -1.47936884e-02 5.00933975e-02 8.16680025e-03 9.39263962e-03 -3.57056060e-03 -1.04150642e-03 -2.17019692e-02 -1.07656037e-02 1.78638380e-02 1.03945294e-02
-3.52519155e-02 1.61584653e-02 1.05224187e-02 1.59013066e-02 1.15005355e-02 2.97142682e-03 2.09275186e-02 -7.04283118e-02 -1.14313615e-02 -1.31571069e-02 4.99991840e-03 1.45786349e-03 3.03786565e-02 1.50696244e-02 -2.50051841e-02 -1.45497583e-02
2.25354396e-02 -1.19921379e-02 -7.95025751e-03 -1.02940286e-02 -7.65390508e-03 -2.00426346e-03 -1.38760526e-02 4.65038940e-02 7.55162304e-03 8.69246665e-03 -3.30278813e-03 -9.63138009e-04 -2.00696904e-02 -9.95553657e-03 1.65196545e-02 9.61233489e-03
2.41683447e-04 -1.49565120e-03 -1.50345685e-03 -2.34657456e-03 -1.80295121e-03 -4.83461132e-04 -3.47073120e-03 1.18060680e-02 1.92871620e-03 2.21441244e-03 -8.41577945e-04 -2.45918403e-04 -5.12342341e-03 -2.54166499e-03 4.21793014e-03 2.45444477e-03
6.37323968e-03 -3.51672620e-03 -2.61338335e-03 -3.68794496e-03 -2.78471410e-03 -7.25340680e-04 -5.19187842e-03 1.76102631e-02 2.87147006e-03 3.29929753e-03 -1.25381502e-03 -3.66153690e-04 -7.62875192e-03 -3.78446770e-03 6.28020335e-03 3.65445204e-03
-1.57190338e-02 6.62566163e-03 3.64037044e-03 4.82164603e-03 3.42515041e-03 8.84565001e-04 6.24424964e-03 -2.09177267e-02 -3.40731605e-03 -3.91603587e-03 1.48822123e-03 4.34491463e-04 9.05245543e-03 4.49063396e-03 -7.45225325e-03 -4.33652103e-03
-1.00575201e-02 5.08922059e-03 3.36744240e-03 4.82226769e-03 3.61053064e-03 9.54953546e-04 6.81833597e-03 -2.31598523e-02 -3.78135592e-03 -4.34296532e-03 1.65092375e-03 4.82163887e-04 1.00454306e-02 4.98338742e-03 -8.26998241e-03 -4.81236540e-03
-1.15044154e-02 7.47240614e-03 4.32916358e-03 5.80915576e-03 4.33228863e-03 1.12118083e-03 7.87394401e-03 -2.65572108e-02 -4.31708712e-03 -4.97096265e-03 1.89463829e-03 5.50565193e-04 1.14743980e-02 5.69186173e-03 -9.44360066e-03 -5.49449073e-03
4.80552670e-03 -1.61230890e-03 1.01000303e-04 4.52223874e-04 5.04620606e-04 1.62101962e-04 1.46249624e-03 -5.22919558e-03 -8.81134765e-04 -9.96050425e-04 3.78203054e-04 1.12145855e-04 2.33257841e-03 1.15738786e-03 -1.92309578e-03 -1.11990178e-03
1.39108878e-02 -7.85397645e-03 -5.97261218e-03 -8.42258520e-03 -6.30472833e-03 -1.66588288e-03 -1.17373317e-02 3.96514945e-02 6.46043941e-03 7.43323239e-03 -2.83016940e-03 -8.23924958e-04 -1.71703007e-02 -8.51719454e-03 1.41320145e-02 8.22270010e-03
-1.49562606e-03 9.91935143e-04 3.25767236e-04 3.41665669e-04 2.54773069e-04 6.58276840e-05 4.60465264e-04 -1.55549031e-03 -2.53191276e-04 -2.91510893e-04 1.10932677e-04 3.22937922e-05 6.72978698e-04 3.33837583e-04 -5.53908700e-04 -3.22291045e-04
-2.68738195e-02 1.39375310e-02 8.84684362e-03 1.15020722e-02 8.52877554e-03 2.25811289e-03 1.53641822e-02 -5.17482236e-02 -8.42391234e-03 -9.69514344e-03 3.68757220e-03 1.07437978e-03 2.23886091e-02 1.11061130e-02 -1.84278656e-02 -1.07222637e-02
-4.22105566e-02 2.00210996e-02 1.30856922e-02 1.75863300e-02 1.30080525e-02 3.43765412e-03 2.41634212e-02 -8.15143958e-02 -1.32639445e-02 -1.52651612e-02 5.81016298e-03 1.69170729e-03 3.52550447e-02 1.74876582e-02 -2.90160365e-02 -1.68829560e-02
5.56825548e-02 -2.53196098e-02 -1.79319549e-02 -2.27601472e-02 -1.72482338e-02 -4.49542096e-03 -3.20830308e-02 1.08548231e-01 1.76731087e-02 2.02962887e-02 -7.71482848e-03 -2.25373101e-03 -4.69558276e-02 -2.32937410e-02 3.86554115e-02 2.24937033e-02
3.32768559e-02 -1.69238001e-02 -1.13271130e-02 -1.43968966e-02 -1.08939735e-02 -2.86048022e-03 -2.04615798e-02 6.92838132e-02 1.13016227e-02 1.29818330e-02 -4.93475795e-03 -1.44109828e-03 -3.00230440e-02 -1.48941204e-02 2.47172005e-02 1.43832034e-02
-1.54661518e-02 6.78891456e-03 4.17203456e-03 5.55047905e-03 3.94640351e-03 1.00365118e-03 6.85675163e-03 -2.28893422e-02 -3.70704988e-03 -4.27923957e-03 1.62788876e-03 4.72885615e-04 9.85693559e-03 4.88903839e-03 -8.11094977e-03 -4.71902872e-03
8.96153506e-04 -1.99118117e-03 -3.62781947e-03 -6.61964947e-03 -5.25646005e-03 -1.42706535e-03 -1.02093061e-02 3.47300768e-02 5.66710718e-03 6.51026145e-03 -2.47440347e-03 -7.22439378e-04 -1.50525132e-02 -7.46735465e-03 1.23910690e-02 7.20978202e-03
-7.98012391e-02 4.42141294e-02 2.73549594e-02 3.71664688e-02 2.58472469e-02 6.46954263e-03 4.52388823e-02 -1.50086537e-01 -2.43356805e-02 -2.81860530e-02 1.07775265e-02 3.10579268e-03 6.47714958e-02 3.21547948e-02 -5.32862321e-02 -3.09776273e-02
-3.56878787e-02 1.98099241e-02 1.24093313e-02 1.83867086e-02 1.35783851e-02 3.54480534e-03 2.53928751e-02 -8.62553865e-02 -1.40688280e-02 -1.61636379e-02 6.14350056e-03 1.79406221e-03 3.73798907e-02 1.85432769e-02 -3.07714492e-02 -1.79057401e-02
6.23321068e-03 -3.42561747e-03 -2.25764234e-03 -3.28647904e-03 -2.50023417e-03 -6.58910489e-04 -4.62993467e-03 1.57002285e-02 2.54626758e-03 2.93007027e-03 -1.11394527e-03 -3.24710156e-04 -6.76641660e-03 -3.35649331e-03 5.56943007e-03 3.24065215e-03
-1.83607079e-02 7.48502929e-03 5.09009790e-03 6.65216660e-03 4.90101846e-03 1.29510276e-03 9.08617582e-03 -3.07143517e-02 -5.00759203e-03 -5.75512275e-03 2.18848209e-03 6.38572499e-04 1.33045977e-02 6.60009170e-03 -1.09526254e-02 -6.37334026e-03
-5.40217459e-02 2.57101916e-02 1.74131542e-02 2.30409615e-02 1.68189015e-02 4.41437634e-03 3.14489640e-02 -1.06654458e-01 -1.73757542e-02 -1.99721307e-02 7.59628229e-03 2.21585971e-03 4.61696722e-02 2.29034405e-02 -3.80060263e-02 -2.21152361e-02
6.35520322e-03 -3.95184848e-03 -2.25867517e-03 -2.49620946e-03 -1.78187096e-03 -4.68697865e-04 -3.11150448e-03 1.03206513e-02 1.66216597e-03 1.93091168e-03 -7.38191826e-04 -2.12227184e-04 -4.43083653e-03 -2.19676201e-03 3.64117185e-03 2.11701822e-03
-1.08092735e-02 5.45324292e-03 3.66890989e-03 5.06911706e-03 3.74899595e-03 9.90346423e-04 7.05985771e-03 -2.39241328e-02 -3.89841222e-03 -4.47874889e-03 1.70279876e-03 4.97109257e-04 1.03570633e-02 5.13793016e-03 -8.52630567e-03 -4.96148411e-03
1.10273557e-02 -6.98696822e-03 -5.10513457e-03 -7.38849677e-03 -5.61789516e-03 -1.48802926e-03 -1.07419649e-02 3.65558863e-02 5.97211905e-03 6.85520237e-03 -2.60539097e-03 -7.61481933e-04 -1.58641674e-02 -7.87012279e-03 1.30608175e-02 7.60025950e-03
1.42185297e-03 3.12575867e-04 2.82356661e-04 5.98398969e-04 4.84670483e-04 1.25121209e-04 1.03668484e-03 -3.57324467e-03 -5.84748574e-04 -6.69508241e-04 2.54420447e-04 7.45487123e-05 1.55297760e-03 7.70458486e-04 -1.27866352e-03 -7.44082849e-04
-5.81047218e-03 3.88359558e-03 2.52173934e-03 3.51851946e-03 2.65046768e-03 6.99152180e-04 5.01039159e-03 -1.70489326e-02 -2.78399885e-03 -3.19750886e-03 1.21505372e-03 3.54996242e-04 7.39601720e-03 3.66911129e-03 -6.08887337e-03 -3.54313641e-03
-2.76276693e-02 1.55613646e-02 1.18061015e-02 1.80948097e-02 1.28057143e-02 3.36594088e-03 2.42624935e-02 -8.24882910e-02 -1.34594878e-02 -1.54550690e-02 5.87349152e-03 1.71624357e-03 3.57556865e-02 1.77380275e-02 -2.94366349e-02 -1.71294529e-02
-2.83007547e-02 1.28763616e-02 5.05972374e-03 5.81227709e-03 3.90590215e-03 9.33901640e-04 6.52441708e-03 -2.12091971e-02 -3.43223824e-03 -3.95280682e-03 1.50288444e-03 4.37944604e-04 9.12623107e-03 4.52677207e-03 -7.51154078e-03 -4.37082769e-03
-1.53577700e-02 6.61489088e-03 4.40719398e-03 6.41918695e-03 4.58107283e-03 1.17896206e-03 8.49500019e-03 -2.88346596e-02 -4.70885355e-03 -5.40659437e-03 2.05524964e-03 6.00425585e-04 1.25091625e-02 6.20564492e-03 -1.02983816e-02 -5.99272596e-03
-2.04402804e-02 1.11020934e-02 7.35996338e-03 1.05226394e-02 7.81408604e-03 2.05294602e-03 1.44963618e-02 -4.90898639e-02 -7.98921566e-03 -9.18856356e-03 3.49026197e-03 1.01873558e-03 2.12254524e-02 1.05293617e-02 -1.74731519e-02 -1.01676453e-02
-9.82006895e-04 2.96258833e-04 1.03349579e-04 -5.00913302e-06 -2.47402058e-05 -5.95127676e-06 -1.00724617e-04 3.92271962e-04 6.72101305e-05 7.53309068e-05 -2.85949245e-05 -8.55403323e-06 -1.77900991e-04 -8.83262401e-05 1.46725914e-04 8.54240934e-05
-3.96465361e-02 2.00954862e-02 1.26792155e-02 1.61023941e-02 1.18089560e-02 2.98747723e-03 2.08213869e-02 -7.01254308e-02 -1.14122126e-02 -1.31501723e-02 4.99956124e-03 1.45563763e-03 3.03365104e-02 1.50481956e-02 -2.49673482e-02 -1.45269139e-02
1.68400668e-02 -8.07646848e-03 -4.45098709e-03 -5.50226728e-03 -4.17790934e-03 -1.09482266e-03 -7.66261201e-03 2.60037407e-02 4.22911905e-03 4.85784467e-03 -1.84671057e-03 -5.39267960e-04 -1.12350918e-02 -5.57360239e-03 9.24940594e-03 5.38229663e-03
2.03346438e-03 -1.10873021e-03 -4.41817625e-04 -6.66702457e-04 -4.17606207e-04 -1.09436478e-04 -8.14015337e-04 2.78418395e-03 4.55713540e-04 5.22363174e-04 -1.98658367e-04 -5.81043059e-05 -1.21041725e-03 -6.00495725e-04 9.96600022e-04 5.79950050e-04
3.35968807e-02 -1.88053325e-02 -1.20059028e-02 -1.73941124e-02 -1.26007833e-02 -3.34496051e-03 -2.37258598e-02 8.00200701e-02 1.30485278e-02 1.50022376e-02 -5.70427347e-03 -1.66399637e-03 -3.46700922e-02 -1.71989948e-02 2.85405330e-02 1.66075174e-02
9.19706840e-03 -5.39752049e-03 -4.05341992e-03 -5.87191945e-03 -4.43225866e-03 -1.17287971e-03 -8.45095702e-03 2.87517048e-02 4.69637010e-03 5.39073348e-03 -2.04869104e-03 -5.98811777e-04 -1.24751795e-02 -6.18886854e-03 1.02707166e-02 5.97666809e-03
-3.82991950e-03 3.94805986e-03 3.03107267e-03 4.52955952e-03 3.45788174e-03 9.16865305e-04 6.66900771e-03 -2.27255318e-02 -3.71422269e-03 -4.26241616e-03 1.61999767e-03 4.73577471e-04 9.86605231e-03 4.89452202e-03 -8.12273007e-03 -4.72673541e-03
2.70941132e-03 -2.03541713e-03 -1.45218126e-03 -2.10364629e-03 -1.59899041e-03 -4.23594465e-04 -3.06549598e-03 1.04323607e-02 1.70308445e-03 1.95609918e-03 -7.43413460e-04 -2.17163630e-04 -4.52482747e-03 -2.24466808e-03 3.72481416e-03 2.16739601e-03
-6.09399378e-02 3.03377118e-02 1.80551503e-02 2.51877736e-02 1.79698542e-02 4.69606370e-03 3.22416872e-02 -1.08690828e-01 -1.76273268e-02 -2.02889815e-02 7.71638006e-03 2.24804389e-03 4.68432084e-02 2.32366975e-02 -3.85577828e-02 -2.24359389e-02
-1.34821944e-02 5.79849444e-03 4.05562622e-03 5.40778507e-03 3.84907215e-03 9.79912817e-04 6.91932719e-03 -2.32769977e-02 -3.77865066e-03 -4.35478659e-03 1.65767048e-03 4.82003205e-04 1.00461785e-02 4.98312851e-03 -8.26746598e-03 -4.81014745e-03
-7.91130867e-03 4.32482315e-03 3.06090084e-03 4.33445862e-03 3.21100326e-03 8.40000983e-04 5.88701107e-03 -1.99073460e-02 -3.24281934e-03 -3.73083563e-03 1.41859706e-03 4.13559348e-04 8.61748215e-03 4.27476550e-03 -7.09330942e-03 -4.12741490e-03
-6.55978918e-03 4.11531003e-03 3.20036453e-03 4.64484747e-03 3.47837294e-03 9.20370396e-04 6.62384462e-03 -2.25365479e-02 -3.67843476e-03 -4.22350224e-03 1.60518766e-03 4.69031394e-04 9.77164134e-03 4.84761503e-03 -8.04474484e-03 -4.68131900e-03
-4.51200921e-03 2.17301724e-03 1.11211138e-03 1.46865938e-03 9.83933220e-04 2.55537656e-04 1.60304329e-03 -5.26967505e-03 -8.46808194e-04 -9.85583756e-04 3.74758180e-04 1.08077904e-04 2.25465535e-03 1.11811713e-03 -1.85391447e-03 -1.07824348e-03
-4.79728840e-02 2.25764886e-02 1.50864897e-02 2.00194903e-02 1.43681793e-02 3.77398357e-03 2.62548868e-02 -8.87150839e-02 -1.44164721e-02 -1.66187491e-02 6.32201508e-03 1.83886709e-03 3.83247472e-02 1.90107282e-02 -3.15406471e-02 -1.83510371e-02
3.36256735e-02 -1.69396177e-02 -1.10008474e-02 -1.46557745e-02 -1.12923225e-02 -2.94816471e-03 -2.06683576e-02 7.00633377e-02 1.14054680e-02 1.31081166e-02 -4.98283049e-03 -1.45439594e-03 -3.03021371e-02 -1.50321601e-02 2.49454565e-02 1.45157883e-02
8.11984763e-03 -4.57587698e-03 -3.77057889e-03 -5.33738500e-03 -4.01098095e-03 -1.01626245e-03 -7.23935897e-03 2.44852249e-02 3.99213377e-03 4.58612200e-03 -1.74350513e-03 -5.09073667e-04 -1.06064286e-02 -5.26157161e-03 8.73149652e-03 5.08087967e-03
-2.71954052e-02 1.61527507e-02 1.16958097e-02 1.67692881e-02 1.25193000e-02 3.26876622e-03 2.35115048e-02 -7.95565769e-02 -1.29621299e-02 -1.48878973e-02 5.65926498e-03 1.65292015e-03 3.44378501e-02 1.70839541e-02 -2.83504631e-02 -1.64972115e-02
3.88753135e-03 -1.02439278e-03 1.18001841e-03 1.82151177e-03 1.53212401e-03 4.46259219e-04 3.41006950e-03 -1.17335506e-02 -1.92773377e-03 -2.20427266e-03 8.38434556e-04 2.45736446e-04 5.11851674e-03 2.53941538e-03 -4.21477295e-03 -2.45278678e-03
