4.22041342e-02 -9.23854336e-02 -3.93818170e-02 -2.29642317e-02 -8.23821500e-03 -1.79651175e-02 2.34361794e-02 -9.66143161e-02 -3.09608178e-03 -5.28224418e-03 5.78111932e-02 4.66128588e-02 2.86318101e-02 -1.98045298e-02 -2.32925080e-02 -7.65965553e-03
1.11971118e-01 -1.97050273e-01 -8.42598006e-02 -4.92499918e-02 -1.98604893e-02 -4.37216461e-02 5.63312620e-02 -2.33583495e-01 -7.48154055e-03 -1.28148273e-02 1.39994755e-01 1.12901807e-01 6.93526492e-02 -4.79745306e-02 -5.64238504e-02 -1.85552724e-02
-1.26678050e-01 2.07155615e-01 9.00613964e-02 5.48136309e-02 2.21399143e-02 4.88577634e-02 -6.27711341e-02 2.60668725e-01 8.34862702e-03 1.43211521e-02 -1.56300545e-01 -1.26060426e-01 -7.74359182e-02 5.35673052e-02 6.30016401e-02 2.07185820e-02
-4.74760346e-02 9.92224813e-02 4.35806923e-02 2.58879736e-02 9.22880135e-03 2.00823788e-02 -2.62515880e-02 1.08373635e-01 3.46214511e-03 5.90796676e-03 -6.47476539e-02 -5.21950759e-02 -3.20620239e-02 2.21760888e-02 2.60817744e-02 8.57665204e-03
-2.36951306e-01 4.69265044e-01 1.97249830e-01 1.23799071e-01 4.20645513e-02 9.00639817e-02 -1.19260989e-01 4.93842781e-01 1.57332458e-02 2.66469326e-02 -2.93722957e-01 -2.36823395e-01 -1.45477176e-01 1.00608714e-01 1.18328117e-01 3.89062911e-02
4.19195183e-02 -8.72608349e-02 -3.77038419e-02 -2.37233546e-02 -7.82097504e-03 -1.67500656e-02 2.25018840e-02 -9.22893733e-02 -2.93521141e-03 -4.95705847e-03 5.48081882e-02 4.41547893e-02 2.71242261e-02 -1.87501255e-02 -2.20528301e-02 -7.24914484e-03
2.86158919e-02 -1.89604498e-02 -9.48874652e-03 -6.13118894e-03 -3.43821268e-03 -7.80247338e-03 9.81467031e-03 -4.09769043e-02 -1.31227798e-03 -2.26323516e-03 2.46095676e-02 1.98542979e-02 1.21964104e-02 -8.43751431e-03 -9.92352795e-03 -3.26350727e-03
-5.10793589e-02 1.01336688e-01 4.33889702e-02 2.80617103e-02 9.23210382e-03 2.00031754e-02 -2.62630656e-02 1.08145915e-01 3.46379168e-03 5.88018913e-03 -6.46737441e-02 -5.21254577e-02 -3.20186019e-02 2.21420955e-02 2.60420069e-02 8.56268592e-03
7.03058317e-02 -1.53288066e-01 -6.48839176e-02 -3.81309651e-02 -1.34973889e-02 -2.93772370e-02 3.84348445e-02 -1.58742055e-01 -5.08885505e-03 -8.63056444e-03 9.50461179e-02 7.65655562e-02 4.70324643e-02 -3.25227417e-02 -3.82506661e-02 -1.25765027e-02
-5.57034090e-02 8.53992179e-02 3.74371856e-02 2.14299746e-02 8.73135310e-03 1.91639271e-02 -2.48119589e-02 1.02922969e-01 3.28496215e-03 5.62682375e-03 -6.14656992e-02 -4.95693572e-02 -3.04490291e-02 2.10624430e-02 2.47720052e-02 8.14630277e-03
7.36096501e-02 -1.38069212e-01 -5.85307665e-02 -3.53590772e-02 -1.34492619e-02 -2.94118188e-02 3.81278992e-02 -1.58006802e-01 -5.05058421e-03 -8.63934588e-03 9.44991857e-02 7.62005001e-02 4.68079895e-02 -3.23775858e-02 -3.80799621e-02 -1.25225279e-02
3.74931060e-02 -8.68503898e-02 -3.86207588e-02 -2.35907659e-02 -7.98740424e-03 -1.72305666e-02 2.29219850e-02 -9.39666778e-02 -2.99437088e-03 -5.05786343e-03 5.58786280e-02 4.50118445e-02 2.76489612e-02 -1.91096868e-02 -2.24765167e-02 -7.38675008e-03
1.53937750e-02 -9.03187878e-03 -3.43199959e-03 -2.08381424e-03 -1.20439834e-03 -2.75507220e-03 3.40787624e-03 -1.43448589e-02 -4.60030773e-04 -8.03323463e-04 8.65160674e-03 6.98635262e-03 4.29200893e-03 -2.97100632e-03 -3.49421240e-03 -1.14952063e-03
-2.69907061e-02 6.63685501e-02 2.95688901e-02 1.71405710e-02 5.96160674e-03 1.27979452e-02 -1.70590840e-02 7.00651482e-02 2.23315274e-03 3.78308608e-03 -4.16012183e-02 -3.35320607e-02 -2.05972791e-02 1.42416889e-02 1.67502221e-02 5.50694577e-03
1.57334179e-01 -2.27880612e-01 -1.00573570e-01 -5.58152199e-02 -2.15451010e-02 -4.72475216e-02 6.13305159e-02 -2.53659725e-01 -8.12220946e-03 -1.38929458e-02 1.51773214e-01 1.22398339e-01 7.51852170e-02 -5.20076640e-02 -6.11673221e-02 -2.01150235e-02
-9.41959977e-01 1.75316668e+00 7.56391108e-01 4.25498277e-01 1.62278354e-01 3.53879064e-01 -4.63687658e-01 1.90815353e+00 6.10557124e-02 1.04069695e-01 -1.14084244e+00 -9.19890404e-01 -5.64961076e-01 3.90780151e-01 4.59602416e-01 1.51134774e-01
-4.79059368e-02 8.55579749e-02 3.47474962e-02 2.31392980e-02 7.46882567e-03 1.60962716e-02 -2.13667937e-02 8.82048607e-02 2.79488275e-03 4.76001669e-03 -5.22229485e-02 -4.21000570e-02 -2.58605126e-02 1.78856179e-02 2.10356507e-02 6.91714883e-03
4.58065420e-02 -7.24365041e-02 -3.42019759e-02 -2.03309599e-02 -8.89315084e-03 -1.97039954e-02 2.52108164e-02 -1.04824305e-01 -3.35866283e-03 -5.77049144e-03 6.29250035e-02 5.07543795e-02 3.11772525e-02 -2.15680115e-02 -2.53666155e-02 -8.34214874e-03
-5.09178266e-03 2.62668431e-02 1.18204299e-02 7.77553814e-03 1.81026221e-03 3.61342239e-03 -5.49346395e-03 2.15366147e-02 6.71998016e-04 1.06309284e-03 -1.23832263e-02 -9.92181059e-03 -6.09656936e-03 4.20182431e-03 4.94272821e-03 1.62133574e-03
1.46796480e-01 -1.76064089e-01 -7.54277632e-02 -4.48921174e-02 -1.83734670e-02 -4.02945541e-02 5.19667864e-02 -2.15622425e-01 -6.89592119e-03 -1.17923580e-02 1.29084632e-01 1.04074359e-01 6.39260188e-02 -4.42183241e-02 -5.20060845e-02 -1.71017703e-02
-1.07744060e-01 1.78213269e-01 7.84982443e-02 4.57490906e-02 1.88984144e-02 4.16861884e-02 -5.35823256e-02 2.22490504e-01 7.12420093e-03 1.22215599e-02 -1.33382171e-01 -1.07576132e-01 -6.60814196e-02 4.57126983e-02 5.37636839e-02 1.76806077e-02
5.29313833e-02 -4.76910621e-02 -2.16533653e-02 -1.24732852e-02 -6.20673504e-03 -1.38414791e-02 1.75741259e-02 -7.33397827e-02 -2.35164468e-03 -4.04303800e-03 4.40594032e-02 3.55403274e-02 2.18319464e-02 -1.51034268e-02 -1.77634787e-02 -5.84180281e-03
-7.71072507e-02 1.48873746e-01 6.23655953e-02 3.80913243e-02 1.39301028e-02 3.03788148e-02 -3.97733711e-02 1.63911313e-01 5.23655489e-03 8.91677197e-03 -9.78635550e-02 -7.88893625e-02 -4.84589860e-02 3.35135497e-02 3.94160785e-02 1.29602067e-02
-4.08506781e-01 6.23122573e-01 2.81978518e-01 1.67779088e-01 7.12226033e-02 1.57382205e-01 -2.01937050e-01 8.38971555e-01 2.68737301e-02 4.61100675e-02 -5.03179967e-01 -4.05831128e-01 -2.49292672e-01 1.72451854e-01 2.02824309e-01 6.67003915e-02
3.49352658e-02 -4.56480719e-02 -2.19607782e-02 -1.14297820e-02 -5.98387234e-03 -1.34020131e-02 1.69210490e-02 -7.06321895e-02 -2.26766383e-03 -3.91296996e-03 4.25191261e-02 3.43090482e-02 2.10753363e-02 -1.45819960e-02 -1.71501357e-02 -5.64052165e-03
7.82849938e-02 5.97451627e-03 -1.63619816e-02 -1.62065551e-02 -1.34503972e-02 -3.09827588e-02 3.79216075e-02 -1.59854993e-01 -5.18205483e-03 -8.97306949e-03 9.73524079e-02 7.85505176e-02 4.82543670e-02 -3.33893783e-02 -3.92700695e-02 -1.29152490e-02
-6.24432862e-02 9.08721089e-02 4.18087915e-02 2.47147847e-02 1.10511361e-02 2.45119594e-02 -3.13250609e-02 1.30303666e-01 4.17460222e-03 7.17216404e-03 -7.81866983e-02 -6.30689114e-02 -3.87418456e-02 2.68012211e-02 3.15214507e-02 1.03662498e-02
6.78531006e-02 -1.21604756e-01 -5.13391979e-02 -3.00840363e-02 -1.20011419e-02 -2.64049098e-02 3.40039581e-02 -1.41175538e-01 -4.52211685e-03 -7.75355007e-03 8.46526623e-02 6.82714656e-02 4.19374593e-02 -2.90106013e-02 -3.41199785e-02 -1.12206051e-02
-1.59362424e-02 9.34441686e-02 4.32526395e-02 2.71671265e-02 7.49596767e-03 1.57351363e-02 -2.19528358e-02 8.86316150e-02 2.79679894e-03 4.68352484e-03 -5.22641502e-02 -4.20131311e-02 -2.57791337e-02 1.78005509e-02 2.09363103e-02 6.87773991e-03
6.21777438e-02 -1.13906644e-01 -4.99107577e-02 -3.00462656e-02 -1.12202121e-02 -2.45673489e-02 3.17800231e-02 -1.31814808e-01 -4.21727542e-03 -7.21118087e-03 7.88803771e-02 6.36063889e-02 3.90710756e-02 -2.70259157e-02 -3.17857563e-02 -1.04526477e-02
7.96100125e-02 -1.48167849e-01 -6.15591854e-02 -3.58450338e-02 -1.41641563e-02 -3.11283078e-02 4.02120128e-02 -1.66882634e-01 -5.33551443e-03 -9.13288817e-03 9.97971967e-02 8.04856569e-02 4.94407378e-02 -3.42002623e-02 -4.02236022e-02 -1.32274944e-02
2.84424797e-03 1.21027321e-01 5.86265698e-02 2.91391760e-02 6.29308447e-03 1.10726766e-02 -1.96428970e-02 7.86321610e-02 2.32155365e-03 3.42489174e-03 -4.31419909e-02 -3.41266952e-02 -2.09385529e-02 1.43645462e-02 1.68935452e-02 5.53504005e-03
5.78374080e-02 -9.63657349e-02 -4.09017093e-02 -2.56925598e-02 -9.66006424e-03 -2.12291647e-02 2.73659229e-02 -1.13588870e-01 -3.63520556e-03 -6.23185607e-03 6.80357665e-02 5.48722483e-02 3.37066650e-02 -2.33166981e-02 -2.74232551e-02 -9.01831686e-03
6.88770488e-02 -1.17220663e-01 -5.13335578e-02 -2.94009876e-02 -1.21585457e-02 -2.67909002e-02 3.44934016e-02 -1.43021926e-01 -4.57913801e-03 -7.85304420e-03 8.57196748e-02 6.91301003e-02 4.24647965e-02 -2.93754954e-02 -3.45491394e-02 -1.13617470e-02
-4.99063998e-01 9.85451221e-01 4.18229163e-01 2.41253585e-01 8.51553753e-02 1.78252935e-01 -2.51996338e-01 1.00702059e+00 3.17650326e-02 5.29078208e-02 -5.90026975e-01 -4.73311007e-01 -2.90796250e-01 2.01009631e-01 2.36409456e-01 7.77220055e-02
2.29954273e-02 -5.22037968e-02 -2.13866141e-02 -1.27387214e-02 -4.61433735e-03 -9.99068189e-03 1.31443730e-02 -5.41793592e-02 -1.73073646e-03 -2.94288993e-03 3.23347189e-02 2.60643736e-02 1.60108246e-02 -1.10726757e-02 -1.30228382e-02 -4.28211177e-03
-1.24958325e-02 -2.47259997e-02 -9.56247561e-03 -8.73090420e-03 5.30950027e-04 2.20734719e-03 -7.90006830e-04 3.07317497e-03 2.25323645e-04 6.02964195e-04 -4.60076565e-03 -3.89533630e-03 -2.38245889e-03 1.69400603e-03 1.98915973e-03 6.64422230e-04
-7.86383972e-02 8.94572139e-02 4.37804982e-02 2.47641355e-02 1.32466648e-02 2.96836570e-02 -3.72204781e-02 1.55384362e-01 5.01742912e-03 8.66196025e-03 -9.40649658e-02 -7.58797973e-02 -4.66087274e-02 3.22467089e-02 3.79262604e-02 1.24731194e-02
5.82610220e-02 -1.11345574e-01 -4.94098179e-02 -2.81503145e-02 -1.05170878e-02 -2.28626765e-02 2.97900885e-02 -1.23040773e-01 -3.93647980e-03 -6.72019180e-03 7.35895336e-02 5.93266450e-02 3.64422016e-02 -2.52053961e-02 -2.96446085e-02 -9.74822510e-03
-4.81195860e-02 1.14804134e-01 4.69761454e-02 2.93418951e-02 9.18522384e-03 1.97318215e-02 -2.62940936e-02 1.07321955e-01 3.43439169e-03 5.82482805e-03 -6.40118420e-02 -5.16021252e-02 -3.16981785e-02 2.19222251e-02 2.57832427e-02 8.47818144e-03
5.12388861e-03 -1.85918957e-02 -8.03188421e-03 -5.11048362e-03 -1.26231124e-03 -2.56439368e-03 3.62281501e-03 -1.46943191e-02 -4.63525765e-04 -7.63465650e-04 8.59420188e-03 6.90812478e-03 4.24363650e-03 -2.93082814e-03 -3.44715640e-03 -1.13265868e-03
-8.01204890e-02 1.37208089e-01 5.93919381e-02 3.57627161e-02 1.41329719e-02 3.10429875e-02 -4.00804915e-02 1.66054338e-01 5.31356316e-03 9.10534896e-03 -9.94333252e-02 -8.01938996e-02 -4.92607206e-02 3.40761915e-02 4.00777273e-02 1.31797725e-02
9.66751575e-02 -1.65506288e-01 -6.84993044e-02 -4.26016636e-02 -1.44610200e-02 -3.07793841e-02 4.14909646e-02 -1.70225605e-01 -5.40823536e-03 -9.07640811e-03 1.00895941e-01 8.11955109e-02 4.98743765e-02 -3.44731398e-02 -4.05460410e-02 -1.33265564e-02
-9.80545282e-02 1.63538083e-01 7.37762898e-02 4.42391336e-02 1.68981906e-02 3.69521007e-02 -4.79963310e-02 1.98957041e-01 6.35693129e-03 1.08419685e-02 -1.18794307e-01 -9.57680419e-02 -5.88301904e-02 4.06883694e-02 4.78546768e-02 1.57358609e-02
5.32903038e-02 -8.19046795e-02 -3.65066715e-02 -2.16918048e-02 -9.14003607e-03 -2.01839171e-02 2.59153862e-02 -1.07668966e-01 -3.44826584e-03 -5.91454795e-03 6.45519495e-02 5.20631038e-02 3.19811180e-02 -2.21232567e-02 -2.60195825e-02 -8.55670124e-03
-8.62465873e-02 1.78011253e-01 7.57600293e-02 4.33208458e-02 1.55007867e-02 3.33020836e-02 -4.41686288e-02 1.82246715e-01 5.80061972e-03 9.85391811e-03 -1.08271644e-01 -8.72543603e-02 -5.35980389e-02 3.70701812e-02 4.35990393e-02 1.43364798e-02
-3.48560929e-01 5.71700871e-01 2.46133208e-01 1.45959795e-01 6.05557747e-02 1.33485779e-01 -1.71701238e-01 7.12700307e-01 2.28236709e-02 3.91344540e-02 -4.27292734e-01 -3.44618529e-01 -2.11691067e-01 1.46439761e-01 1.72230974e-01 5.66393994e-02
-1.76910400e-01 3.14026773e-01 1.29848555e-01 8.23359787e-02 3.02977487e-02 6.60032034e-02 -8.58511627e-02 3.55755836e-01 1.13687795e-02 1.94181595e-02 -2.12655976e-01 -1.71484128e-01 -1.05336241e-01 7.28624910e-02 8.56951103e-02 2.81804968e-02
-1.87270809e-02 1.98926926e-02 1.27765648e-02 3.58953886e-03 4.42082342e-03 1.02492999e-02 -1.24419173e-02 5.24722822e-02 1.68602180e-03 2.95520062e-03 -3.17113586e-02 -2.56095733e-02 -1.57322381e-02 1.08891493e-02 1.28067788e-02 4.21302253e-03
4.33882438e-02 -1.41154677e-01 -5.98378405e-02 -2.74826437e-02 -9.56293195e-03 -2.03497112e-02 2.74975058e-02 -1.12209179e-01 -3.54514690e-03 -6.00231625e-03 6.61611035e-02 5.33324815e-02 3.27615067e-02 -2.26551630e-02 -2.66467929e-02 -8.76201689e-03
-4.98398654e-02 5.63075095e-02 2.74713840e-02 1.77095383e-02 8.46080855e-03 1.90908760e-02 -2.35860348e-02 9.95027199e-02 3.20498226e-03 5.58210909e-03 -6.02646805e-02 -4.86639664e-02 -2.98883747e-02 2.06886623e-02 2.43311040e-02 8.00467655e-03
-2.25565210e-02 4.67090309e-02 2.07048114e-02 1.23993708e-02 4.75420151e-03 1.04166493e-02 -1.34750996e-02 5.58419526e-02 1.78857043e-03 3.06169479e-03 -3.34615223e-02 -2.69835759e-02 -1.65752470e-02 1.14656584e-02 1.34850126e-02 4.43458091e-03
3.84925231e-02 -6.98722601e-02 -3.04676387e-02 -1.81102902e-02 -6.92860689e-03 -1.51777081e-02 1.96952019e-02 -8.15894306e-02 -2.60970416e-03 -4.46276506e-03 4.88032140e-02 3.93500179e-02 2.41716020e-02 -1.67197604e-02 -1.96644627e-02 -6.46662433e-03
5.13732200e-03 -7.20772240e-03 -3.52812163e-03 -2.12860969e-03 -9.89617896e-04 -2.20286590e-03 2.80104694e-03 -1.16647249e-02 -3.74234834e-04 -6.44213869e-04 7.01176422e-03 5.65696927e-03 3.47498991e-03 -2.40412820e-03 -2.82754446e-03 -9.29904461e-04
-3.26375850e-02 5.78785464e-02 2.28618924e-02 1.63079835e-02 5.12664439e-03 1.10404063e-02 -1.45981479e-02 6.01705648e-02 1.91590947e-03 3.25422920e-03 -3.57675329e-02 -2.88295709e-02 -1.77072585e-02 1.22467913e-02 1.44036803e-02 4.73618228e-03
3.59043255e-02 -4.90956567e-02 -2.38016304e-02 -1.42786298e-02 -6.89120218e-03 -1.54305156e-02 1.94982402e-02 -8.10667276e-02 -2.60722195e-03 -4.49430617e-03 4.88532148e-02 3.94253768e-02 2.42191181e-02 -1.67560522e-02 -1.97070725e-02 -6.48131361e-03
1.22304121e-02 -2.69549191e-02 -1.15679009e-02 -7.72612263e-03 -2.38808594e-03 -5.13331685e-03 6.82768226e-03 -2.80991234e-02 -8.94792029e-04 -1.50776468e-03 1.66882295e-02 1.34411026e-02 8.25630408e-03 -5.70745254e-03 -6.71275891e-03 -2.20667548e-03
-5.64144365e-02 9.74401534e-02 4.15544361e-02 2.47768182e-02 9.93410219e-03 2.18643416e-02 -2.81419475e-02 1.16760731e-01 3.73853906e-03 6.40956685e-03 -6.99779019e-02 -5.64370789e-02 -3.46678160e-02 2.39816960e-02 2.82053798e-02 9.27553233e-03
-2.10843682e-01 3.13311011e-01 1.42878607e-01 8.58750939e-02 3.67544293e-02 8.12798366e-02 -1.04193702e-01 4.33043569e-01 1.38727194e-02 2.38063112e-02 -2.59768009e-01 -2.09515706e-01 -1.28700793e-01 8.90308246e-02 1.04711056e-01 3.44350822e-02
1.01111062e-01 -1.60654470e-01 -7.17006698e-02 -3.82938720e-02 -1.42584583e-02 -3.06992028e-02 4.07740101e-02 -1.67284295e-01 -5.33553679e-03 -9.05174855e-03 9.96625870e-02 8.02949592e-02 4.93151769e-02 -3.41026708e-02 -4.01087664e-02 -1.31880930e-02
9.21082683e-04 -1.37187392e-02 -5.88082895e-03 -2.96048680e-03 -6.45344669e-04 -1.30099838e-03 1.84189610e-03 -7.40164565e-03 -2.34759689e-04 -3.92688031e-04 4.35919268e-03 3.50972381e-03 2.15565600e-03 -1.49046187e-03 -1.75295596e-03 -5.76373946e-04
3.45340297e-02 -8.24130028e-02 -3.55594084e-02 -1.89808942e-02 -7.33891083e-03 -1.58723164e-02 2.08955426e-02 -8.61248598e-02 -2.75252527e-03 -4.69013257e-03 5.14412522e-02 4.14501131e-02 2.54609622e-02 -1.76102184e-02 -2.07115784e-02 -6.81091938e-03
-7.83510730e-02 1.43292263e-01 5.96005544e-02 3.39282565e-02 1.20181041e-02 2.57667210e-02 -3.44126634e-02 1.41442984e-01 4.50799149e-03 7.59240612e-03 -8.39362517e-02 -6.76143914e-02 -4.15345132e-02 2.87068952e-02 3.37636061e-02 1.10976901e-02
1.05991766e-01 -1.90181911e-01 -7.94053376e-02 -4.72275466e-02 -1.85454283e-02 -4.07840423e-02 5.26571050e-02 -2.18194425e-01 -6.98021520e-03 -1.19668581e-02 1.30665034e-01 1.05377659e-01 6.47306889e-02 -4.47778180e-02 -5.26641347e-02 -1.73189659e-02
2.24871561e-04 4.25795279e-02 1.26567306e-02 7.38149229e-03 -4.74117551e-05 -7.74701184e-04 6.42854720e-05 -1.55620486e-03 -6.13088559e-05 -1.61651609e-04 1.31285365e-03 1.09805271e-03 6.75862131e-04 -4.72733373e-04 -5.56034211e-04 -1.83586686e-04
4.10078056e-02 -3.64537165e-02 -1.88406073e-02 -1.13075450e-02 -6.25929842e-03 -1.41792158e-02 1.77327618e-02 -7.41715580e-02 -2.38962052e-03 -4.12417296e-03 4.48228568e-02 3.61726843e-02 2.22194158e-02 -1.53735932e-02 -1.80811901e-02 -5.94647788e-03
-3.98698337e-02 4.53139357e-02 2.10073721e-02 1.25913685e-02 6.33721612e-03 1.42024970e-02 -1.78432334e-02 7.47443214e-02 2.40316568e-03 4.14976105e-03 -4.50442880e-02 -3.63564678e-02 -2.23328602e-02 1.54521633e-02 1.81734990e-02 5.97703364e-03
-2.83449322e-01 5.79198003e-01 2.24196732e-01 1.41004890e-01 4.74095419e-02 1.02973931e-01 -1.35016397e-01 5.57350695e-01 1.78239923e-02 3.04018874e-02 -3.33388299e-01 -2.68684179e-01 -1.65040240e-01 1.14134036e-01 1.34236574e-01 4.41392958e-02
-1.66082364e-02 2.22984757e-02 1.04353977e-02 6.17442606e-03 2.77857552e-03 6.16867561e-03 -7.87953567e-03 3.27842422e-02 1.05052488e-03 1.80457067e-03 -1.96764898e-02 -1.58709884e-02 -9.74926259e-03 6.74435124e-03 7.93217868e-03 2.60858075e-03
-1.06162485e-02 8.60902853e-03 4.87720966e-03 3.28651257e-03 1.81388401e-03 4.11400804e-03 -5.11465734e-03 2.15451512e-02 6.91900030e-04 1.19959656e-03 -1.29879797e-02 -1.04841236e-02 -6.44075405e-03 4.45672544e-03 5.24165714e-03 1.72397133e-03
-7.18612149e-02 1.63536981e-01 7.50234723e-02 3.85902971e-02 1.29893143e-02 2.79218238e-02 -3.70315388e-02 1.52204797e-01 4.86702751e-03 8.22945219e-03 -9.07240734e-02 -7.31109604e-02 -4.49115708e-02 3.10492944e-02 3.65190059e-02 1.20062288e-02
1.17051499e-02 -2.13791640e-03 -8.71771132e-04 -2.39674933e-04 -6.51542970e-04 -1.54656102e-03 1.82002806e-03 -7.79849384e-03 -2.52125959e-04 -4.49728279e-04 4.74474207e-03 3.83894448e-03 2.35831924e-03 -1.63392932e-03 -1.92162418e-03 -6.32490381e-04
-6.52453244e-01 1.10732162e+00 4.69079494e-01 2.82255083e-01 1.11732252e-01 2.45231882e-01 -3.17697823e-01 1.31468880e+00 4.20606509e-02 7.19529763e-02 -7.86952615e-01 -6.34527385e-01 -3.89770597e-01 2.69611686e-01 3.17095876e-01 1.04275860e-01
-6.46966547e-02 7.81442523e-02 3.58091183e-02 2.08064429e-02 1.06847025e-02 2.43154205e-02 -2.96730436e-02 1.25324577e-01 4.06439789e-03 7.08131678e-03 -7.63005838e-02 -6.16433546e-02 -3.78651731e-02 2.62112245e-02 3.08266599e-02 1.01418840e-02
-5.76369651e-02 9.43061411e-02 4.14044634e-02 2.40594968e-02 1.01005910e-02 2.22963989e-02 -2.86280364e-02 1.18906587e-01 3.80883529e-03 6.53444836e-03 -7.13111386e-02 -5.75145595e-02 -3.53298336e-02 2.44399030e-02 2.87442915e-02 9.45278630e-03
-2.34133247e-02 2.23374963e-02 1.06699821e-02 5.68567729e-03 3.28304898e-03 7.48370914e-03 -9.25639737e-03 3.86907347e-02 1.24782044e-03 2.18311278e-03 -2.34480612e-02 -1.89289320e-02 -1.16276368e-02 8.05247109e-03 9.46995895e-03 3.11694015e-03
6.25313297e-02 -1.28761306e-01 -5.46510480e-02 -3.45545076e-02 -1.22107957e-02 -2.65935883e-02 3.46581526e-02 -1.43550903e-01 -4.58734715e-03 -7.82424584e-03 8.58046785e-02 6.91622645e-02 4.24840227e-02 -2.93834526e-02 -3.45584899e-02 -1.13637066e-02
-1.48690432e-01 2.82111764e-01 1.22253895e-01 6.62340745e-02 2.66532172e-02 5.83687313e-02 -7.54365250e-02 3.12721461e-01 1.00028897e-02 1.71409864e-02 -1.87211066e-01 -1.50974825e-01 -9.27399024e-02 6.41527176e-02 7.54513219e-02 2.48126350e-02
1.83154140e-02 -3.62704806e-02 -1.59546472e-02 -9.41993576e-03 -3.47830518e-03 -7.57324370e-03 9.90031566e-03 -4.09285054e-02 -1.30807981e-03 -2.22714664e-03 2.44405400e-02 1.97018813e-02 1.21021811e-02 -8.36963020e-03 -9.84372385e-03 -3.23675852e-03
9.23905224e-02 -1.66964740e-01 -7.40102455e-02 -4.43215631e-02 -1.63138881e-02 -3.56086493e-02 4.62797433e-02 -1.91499114e-01 -6.13087881e-03 -1.04612056e-02 1.14606582e-01 9.23987851e-02 5.67570701e-02 -3.92555930e-02 -4.61694188e-02 -1.51818218e-02
-6.67396048e-03 -1.31601412e-02 -1.41366478e-03 -4.65947855e-03 9.97370109e-04 2.81285937e-03 -2.37931660e-03 1.13331033e-02 4.03348007e-04 8.11594713e-04 -7.83466082e-03 -6.39804779e-03 -3.92807880e-03 2.73597683e-03 3.21689993e-03 1.06279331e-03
9.47517902e-02 -1.67194143e-01 -7.33264536e-02 -4.28045578e-02 -1.67036373e-02 -3.65765281e-02 4.74829488e-02 -1.96400210e-01 -6.28184900e-03 -1.07528623e-02 1.17508642e-01 9.47642103e-02 5.82110137e-02 -4.02665064e-02 -4.73583043e-02 -1.55739114e-02
-9.90593806e-02 2.06280708e-01 8.94699693e-02 5.82837649e-02 1.55298775e-02 3.19006443e-02 -4.45063747e-02 1.80006906e-01 5.79048507e-03 9.46268998e-03 -1.06772661e-01 -8.58963653e-02 -5.27699068e-02 3.64243276e-02 4.28437479e-02 1.40706077e-02
-1.79939927e-03 -5.85307507e-03 -1.92355574e-03 -9.21605912e-04 -6.09047238e-05 -7.50705149e-05 1.65458448e-04 -5.94411395e-04 -1.74068555e-05 -2.59275057e-05 3.12848977e-04 2.50386249e-04 1.53720757e-04 -1.06050044e-04 -1.24718426e-04 -4.09805652e-05
4.26666066e-02 -1.16190791e-01 -4.67084534e-02 -3.01395617e-02 -8.30163155e-03 -1.73944253e-02 2.44225785e-02 -9.74704176e-02 -3.08475294e-03 -5.14246710e-03 5.74236847e-02 4.62010913e-02 2.83795539e-02 -1.96080580e-02 -2.30624322e-02 -7.58062070e-03
-8.70532244e-02 1.36618435e-01 5.75648993e-02 3.47820856e-02 1.32245701e-02 2.88268644e-02 -3.75986956e-02 1.55397370e-01 4.97247279e-03 8.46200529e-03 -9.29450020e-02 -7.48939961e-02 -4.60065231e-02 3.18157263e-02 3.74194458e-02 1.23036504e-02
-1.99412666e-02 5.43062426e-02 2.37419363e-02 1.40255187e-02 5.09395497e-03 1.10992808e-02 -1.44540863e-02 5.97703680e-02 1.90932653e-03 3.26429377e-03 -3.57383974e-02 -2.88056135e-02 -1.76945496e-02 1.22390846e-02 1.43946717e-02 4.73355083e-03
9.51370522e-02 -1.81926668e-01 -7.73758143e-02 -4.94079851e-02 -1.75532568e-02 -3.81336212e-02 4.98932302e-02 -2.06259549e-01 -6.58355467e-03 -1.12399422e-02 1.23045541e-01 9.92161334e-02 6.09440245e-02 -4.21539545e-02 -4.95781489e-02 -1.63030606e-02
5.33801652e-02 -6.95638731e-02 -3.08218356e-02 -1.83921233e-02 -7.95840845e-03 -1.76068321e-02 2.25433409e-02 -9.37198848e-02 -3.00312042e-03 -5.15320804e-03 5.62178269e-02 4.53434736e-02 2.78534796e-02 -1.92683041e-02 -2.26618648e-02 -7.45257735e-03
-3.74512933e-02 6.18742444e-02 2.67749429e-02 1.56430732e-02 6.47600135e-03 1.42770400e-02 -1.83530077e-02 7.62065798e-02 2.44079181e-03 4.18600114e-03 -4.56933416e-02 -3.68517898e-02 -2.26370916e-02 1.56594329e-02 1.84173901e-02 6.05669245e-03
-1.46167174e-01 2.63161033e-01 1.13522992e-01 6.59938157e-02 2.61584278e-02 5.74149191e-02 -7.41160884e-02 3.07379663e-01 9.84408334e-03 1.68735031e-02 -1.84242383e-01 -1.48587659e-01 -9.12732929e-02 6.31385520e-02 7.42586032e-02 2.44203638e-02
-4.26157787e-02 8.79431963e-02 3.84727456e-02 2.27346737e-02 8.48088507e-03 1.84746645e-02 -2.41902117e-02 9.98325273e-02 3.19149252e-03 5.42866485e-03 -5.96198142e-02 -4.80442755e-02 -2.95111127e-02 2.04069819e-02 2.40013395e-02 7.89144821e-03
1.48664132e-01 -1.95088863e-01 -8.48445818e-02 -4.76263016e-02 -1.89108383e-02 -4.14259583e-02 5.37985340e-02 -2.22713217e-01 -7.11835176e-03 -1.21694459e-02 1.32996708e-01 1.07254505e-01 6.58826604e-02 -4.55700643e-02 -5.35958596e-02 -1.76246073e-02
9.95903090e-02 -1.65929466e-01 -7.38804042e-02 -4.26800326e-02 -1.75556000e-02 -3.86356786e-02 4.98414896e-02 -2.06618324e-01 -6.61315909e-03 -1.13294423e-02 1.23777650e-01 9.98171791e-02 6.13126419e-02 -4.24129106e-02 -4.98827174e-02 -1.64041873e-02
1.55900335e-02 -4.17983420e-02 -1.60792749e-02 -1.00656226e-02 -2.84385029e-03 -6.05134014e-03 8.10346380e-03 -3.31671238e-02 -1.05655147e-03 -1.78870535e-03 1.97077319e-02 1.58788916e-02 9.75337904e-03 -6.74461527e-03 -7.93247111e-03 -2.60827714e-03
-2.72750296e-03 -3.19442200e-03 8.43352173e-05 -4.82705655e-05 6.13913347e-04 1.43216399e-03 -1.74933486e-03 7.31646316e-03 2.36119275e-04 4.08735417e-04 -4.43885289e-03 -3.58091365e-03 -2.19971035e-03 1.52180460e-03 1.78981887e-03 5.88616589e-04
-3.17091852e-01 5.17552793e-01 2.24485785e-01 1.34301051e-01 5.45409322e-02 1.20372742e-01 -1.54597566e-01 6.41926229e-01 2.05622409e-02 3.52735855e-02 -3.84975165e-01 -3.10490906e-01 -1.90725639e-01 1.31937057e-01 1.55173942e-01 5.10300882e-02
-7.80091574e-03 2.23154277e-02 7.48265767e-03 5.25506632e-03 1.43682316e-03 3.05519230e-03 -4.06991038e-03 1.67602263e-02 5.34869556e-04 9.00804880e-04 -9.94189642e-03 -8.01134296e-03 -4.92069218e-03 3.40186874e-03 4.00101207e-03 1.31538743e-03
5.83260357e-02 -8.49690437e-02 -3.70609872e-02 -2.20883470e-02 -9.24048852e-03 -2.03814134e-02 2.61984076e-02 -1.08841874e-01 -3.48349451e-03 -5.97506156e-03 6.52201250e-02 5.26008829e-02 3.23114581e-02 -2.23517790e-02 -2.62884013e-02 -8.64513312e-03
-6.30988106e-02 9.88457128e-02 4.43530232e-02 2.62571052e-02 1.08192740e-02 2.38297265e-02 -3.06981318e-02 1.27357498e-01 4.07835143e-03 6.98817987e-03 -7.63314590e-02 -6.15552068e-02 -3.78116183e-02 2.61557866e-02 3.07623744e-02 1.01162940e-02
-5.55269346e-02 1.18109778e-01 5.23651168e-02 3.08341719e-02 1.11769158e-02 2.44027581e-02 -3.17718163e-02 1.31552175e-01 4.20428207e-03 7.16510601e-03 -7.85534307e-02 -6.33145347e-02 -3.88908349e-02 2.68972591e-02 3.16345133e-02 1.04020862e-02
7.41208941e-02 -1.42516315e-01 -6.24370463e-02 -3.58071253e-02 -1.36214430e-02 -2.98292022e-02 3.86742093e-02 -1.60137385e-01 -5.12618106e-03 -8.76782369e-03 9.58718807e-02 7.73059428e-02 4.74861078e-02 -3.28459255e-02 -3.86307798e-02 -1.27035929e-02
1.94469141e-03 7.14078825e-03 3.78484186e-03 2.36446410e-03 8.11635517e-04 1.75040553e-03 -2.33567972e-03 9.60340537e-03 3.04697547e-04 5.15851541e-04 -5.69682941e-03 -4.58726892e-03 -2.81783659e-03 1.94806152e-03 2.29119742e-03 7.53206317e-04
6.18480593e-02 -1.18900359e-01 -5.13639972e-02 -3.11558321e-02 -9.47999116e-03 -1.96094029e-02 2.76310463e-02 -1.11719370e-01 -3.54927732e-03 -5.75984735e-03 6.56661540e-02 5.26806414e-02 3.23879533e-02 -2.23443564e-02 -2.62843687e-02 -8.62639025e-03
-6.45424575e-02 1.84391245e-01 7.46314004e-02 4.65824753e-02 9.98118892e-03 1.81444548e-02 -2.98860781e-02 1.14585616e-01 3.66690313e-03 5.38912695e-03 -6.76685199e-02 -5.35797924e-02 -3.29161398e-02 2.26140935e-02 2.66091805e-02 8.70756619e-03
-5.22057787e-02 1.07852846e-01 4.71904650e-02 2.83719674e-02 1.03535922e-02 2.24630535e-02 -2.92932447e-02 1.21365726e-01 3.88364214e-03 6.62110699e-03 -7.25893229e-02 -5.85258529e-02 -3.59505452e-02 2.48661246e-02 2.92456057e-02 9.61692259e-03
2.22629160e-02 -5.91284782e-02 -2.47372165e-02 -2.29359642e-02 -3.97484610e-03 -8.31665192e-03 1.14287650e-02 -4.68095317e-02 -1.47778541e-03 -2.45455001e-03 2.73472983e-02 2.20223628e-02 1.35236783e-02 -9.34645906e-03 -1.09927189e-02 -3.61332251e-03
6.80047348e-02 -8.18166435e-02 -3.50141935e-02 -1.99781749e-02 -9.63656045e-03 -2.14825701e-02 2.71418989e-02 -1.13723584e-01 -3.64665268e-03 -6.27860799e-03 6.83925226e-02 5.51728718e-02 3.38906683e-02 -2.34466698e-02 -2.75760964e-02 -9.06893145e-03
-7.98578933e-02 1.14585370e-01 5.02930880e-02 3.05438079e-02 1.22439964e-02 2.69572791e-02 -3.46917212e-02 1.43925965e-01 4.60981112e-03 7.90135283e-03 -8.62828866e-02 -6.95830211e-02 -4.27431874e-02 2.95672528e-02 3.47746573e-02 1.14357769e-02
4.10686620e-02 -3.22528705e-02 -1.47086587e-02 -7.44550815e-03 -4.85429028e-03 -1.11257611e-02 1.35179814e-02 -5.68547733e-02 -1.84912398e-03 -3.23550450e-03 3.46627384e-02 2.80041452e-02 1.72007028e-02 -1.19061694e-02 -1.40030393e-02 -4.60635219e-03
-5.76754399e-02 1.10597588e-01 4.72751223e-02 2.63030902e-02 9.61457845e-03 2.09151562e-02 -2.73872390e-02 1.12995386e-01 3.61024844e-03 6.16677525e-03 -6.74996674e-02 -5.44241965e-02 -3.34308296e-02 2.31239405e-02 2.71965358e-02 8.94349255e-03
-1.30204886e-01 2.23269284e-01 9.84028503e-02 5.77252097e-02 2.34796517e-02 5.17493375e-02 -6.65134117e-02 2.76159644e-01 8.84573068e-03 1.51706534e-02 -1.65595114e-01 -1.33554831e-01 -8.20394307e-02 5.67516312e-02 6.67467862e-02 2.19501723e-02
-3.40870991e-02 1.34358421e-01 5.74752279e-02 3.07470988e-02 9.76119563e-03 2.04175059e-02 -2.80465763e-02 1.15858473e-01 3.62496031e-03 6.10060338e-03 -6.76037744e-02 -5.44078536e-02 -3.34184989e-02 2.31035147e-02 2.71726567e-02 8.93270690e-03
3.72797623e-02 -9.22459811e-02 -3.78239043e-02 -3.15728411e-02 -7.17141666e-03 -1.50812222e-02 2.05770787e-02 -8.39658380e-02 -2.67218705e-03 -4.47268039e-03 4.97034825e-02 4.00600359e-02 2.46071108e-02 -1.70123074e-02 -2.00089104e-02 -6.57769479e-03
8.50064978e-02 -1.44225746e-01 -5.77321649e-02 -3.56453843e-02 -1.32835889e-02 -2.90810838e-02 3.78486253e-02 -1.56185418e-01 -5.00042504e-03 -8.54250882e-03 9.35057104e-02 7.53856450e-02 4.63062599e-02 -3.20300162e-02 -3.76711860e-02 -1.23879416e-02
-6.54278323e-02 1.24622531e-01 5.49592152e-02 3.31509337e-02 1.19398898e-02 2.58140694e-02 -3.40475105e-02 1.40358970e-01 4.47456352e-03 7.59906182e-03 -8.35794806e-02 -6.73683062e-02 -4.13825624e-02 2.86161490e-02 3.36563140e-02 1.10659841e-02
1.26565862e-02 -2.49173138e-02 -8.22750293e-03 -4.97255754e-03 -4.27737716e-04 -3.50840855e-04 1.33642391e-03 -4.66906745e-03 -1.25859311e-04 -1.64259895e-04 2.22741184e-03 1.75087631e-03 1.07593217e-03 -7.38914241e-04 -8.69132404e-04 -2.84826470e-04
-2.66108401e-02 3.16597372e-02 1.48192327e-02 8.77006259e-03 4.00810083e-03 8.91722646e-03 -1.13667212e-02 4.72921655e-02 1.51675637e-03 2.60904990e-03 -2.84242183e-02 -2.29265895e-02 -1.40831638e-02 9.74307861e-03 1.14590609e-02 3.76851903e-03
6.24365360e-03 -2.00715419e-02 -6.83873240e-03 -4.45350772e-03 -1.18989148e-03 -2.53441674e-03 3.37002729e-03 -1.38976444e-02 -4.41591896e-04 -7.53695203e-04 8.25586542e-03 6.65569631e-03 4.08822112e-03 -2.82785762e-03 -3.32589564e-03 -1.09372474e-03
-2.19764411e-02 3.14656906e-02 1.42129529e-02 8.45329743e-03 3.59068112e-03 7.93312583e-03 -1.01798158e-02 4.22917269e-02 1.35467469e-03 2.32424168e-03 -2.53640134e-02 -2.04568468e-02 -1.25661669e-02 8.69282335e-03 1.02238161e-02 3.36218206e-03
-3.39006931e-02 4.69492748e-02 2.16629915e-02 1.27566662e-02 5.73463226e-03 1.27307558e-02 -1.62514020e-02 6.76208064e-02 2.16695061e-03 3.72462533e-03 -4.05922718e-02 -3.27437781e-02 -2.01139376e-02 1.39148207e-02 1.63655113e-02 5.38205262e-03
-8.98596086e-03 2.58233654e-03 4.62669617e-04 1.73477980e-04 2.07415229e-04 4.76116227e-04 -5.78256673e-04 2.42534280e-03 7.88550169e-05 1.37098104e-04 -1.47691264e-03 -1.19277625e-03 -7.32679386e-04 5.07110904e-04 5.96421713e-04 1.96187335e-04
-4.90297712e-02 8.20859820e-02 3.56792398e-02 2.14259047e-02 8.72683432e-03 1.92513373e-02 -2.47318689e-02 1.02715112e-01 3.28988279e-03 5.64417476e-03 -6.15969449e-02 -4.96797375e-02 -3.05170976e-02 2.11106315e-02 2.48286650e-02 8.16510245e-03
-1.08944289e-01 1.98556304e-01 8.73621106e-02 5.22664562e-02 1.95068549e-02 4.26735654e-02 -5.53924590e-02 2.29546040e-01 7.34291459e-03 1.25238663e-02 -1.37272924e-01 -1.10660635e-01 -6.79738820e-02 4.70135175e-02 5.52937686e-02 1.81819908e-02
1.01801895e-01 -1.81045979e-01 -7.56176189e-02 -4.27235253e-02 -1.64809432e-02 -3.57870385e-02 4.67570275e-02 -1.93655968e-01 -6.17639162e-03 -1.05461711e-02 1.15505949e-01 9.31188762e-02 5.71993068e-02 -3.95636708e-02 -4.65316586e-02 -1.53016020e-02
-4.16247755e-01 7.40882218e-01 3.30881357e-01 1.90521151e-01 7.13650063e-02 1.55957147e-01 -2.01885611e-01 8.35699499e-01 2.67500747e-02 4.57969718e-02 -5.00358045e-01 -4.03497934e-01 -2.47855738e-01 1.71449289e-01 2.01645121e-01 6.63116127e-02
-1.56252906e-01 2.17337504e-01 9.82879326e-02 5.79776056e-02 2.56745853e-02 5.69144674e-02 -7.25953206e-02 3.02279800e-01 9.69599839e-03 1.66607611e-02 -1.81612462e-01 -1.46492079e-01 -8.99877399e-02 6.22545630e-02 7.32189044e-02 2.40794830e-02
1.01436064e-01 -2.04411671e-01 -8.08439180e-02 -5.33809662e-02 -1.85574070e-02 -4.02051993e-02 5.25545254e-02 -2.17335239e-01 -6.93718623e-03 -1.18371109e-02 1.29768133e-01 1.04627378e-01 6.42667562e-02 -4.44535017e-02 -5.22826985e-02 -1.71929002e-02
