-1.57456137e-02 2.95812599e-02 1.33307846e-02 -3.29534058e-03 2.41926708e-03 6.76689809e-03 -7.59305293e-03 4.75529768e-02 -1.07873864e-02 -4.99492185e-03 -1.67536978e-02 -2.43021105e-03 -1.99032426e-02 -2.17162329e-03 4.75309696e-03 2.31350865e-03
1.80017166e-02 -3.96857075e-02 -1.62026417e-02 3.94090638e-03 -3.09023331e-03 -9.14170686e-03 1.02843773e-02 -6.49296269e-02 1.47697190e-02 6.83914451e-03 2.29505915e-02 3.31743318e-03 2.72749960e-02 2.97634886e-03 -6.51120674e-03 -3.17007978e-03
-4.40440048e-03 4.39881952e-03 1.78510882e-03 -6.41809311e-04 2.98411353e-04 5.91143034e-04 -6.49842201e-04 3.96540249e-03 -8.64705478e-04 -4.05190338e-04 -1.34097121e-03 -1.98373091e-04 -1.58973364e-03 -1.73256063e-04 3.80791927e-04 1.84948061e-04
1.57274641e-02 -3.55427004e-02 -1.57113485e-02 3.88998166e-03 -2.92555732e-03 -8.88908468e-03 9.94621683e-03 -6.29836619e-02 1.43366940e-02 6.62982697e-03 2.22870894e-02 3.21547780e-03 2.64906231e-02 2.89105042e-03 -6.32205466e-03 -3.07864789e-03
-8.14617146e-03 -9.00297984e-03 -3.87575896e-03 1.08217797e-03 -1.09831488e-03 -4.33071749e-03 4.99232579e-03 -3.18971463e-02 7.34828832e-03 3.38380923e-03 1.14280609e-02 1.64171960e-03 1.35898432e-02 1.48349628e-03 -3.24095204e-03 -1.57903798e-03
-2.96923844e-03 1.52573455e-02 6.76320773e-03 -1.91872101e-03 1.39799714e-03 4.00152197e-03 -4.44468949e-03 2.79544033e-02 -6.29928662e-03 -2.92376406e-03 -9.78788175e-03 -1.42472691e-03 -1.16259363e-02 -1.26813666e-03 2.77900440e-03 1.35190040e-03
1.71902012e-02 -4.48683761e-02 -2.11392045e-02 5.20366989e-03 -4.10854444e-03 -1.04653789e-02 1.13413054e-02 -7.09568486e-02 1.60055403e-02 7.47280009e-03 2.48774942e-02 3.64766247e-03 2.95129120e-02 3.21772275e-03 -7.07326923e-03 -3.43464222e-03
5.37797809e-03 -1.31118847e-02 -5.80604840e-03 1.64644583e-03 -1.10706105e-03 -3.01914476e-03 3.35330446e-03 -2.10092831e-02 4.76128003e-03 2.21193815e-03 7.39863236e-03 1.07732508e-03 8.78649950e-03 9.58416378e-04 -2.10041599e-03 -1.02169602e-03
-1.40546206e-02 1.38810389e-02 5.91940247e-03 -1.29860605e-03 4.94437641e-04 8.11906415e-04 -7.76813016e-04 4.43231221e-03 -9.45614011e-04 -4.63464035e-04 -1.46741897e-03 -2.33022060e-04 -1.71682390e-03 -1.86222474e-04 4.16408875e-04 2.00662384e-04
-1.63311753e-02 4.25615311e-02 1.96681470e-02 -4.40855557e-03 3.78868100e-03 1.03288181e-02 -1.16113173e-02 7.34843016e-02 -1.63878147e-02 -7.58730900e-03 -2.54659075e-02 -3.69360833e-03 -3.02586574e-02 -3.30137461e-03 7.22716330e-03 3.51741957e-03
-7.35414727e-03 2.11889371e-02 8.62064585e-03 -2.29151081e-03 1.78625982e-03 5.17124776e-03 -5.77461766e-03 3.66054848e-02 -8.30445252e-03 -3.84379574e-03 -1.29090576e-02 -1.86495692e-03 -1.53421173e-02 -1.67423568e-03 3.66211496e-03 1.78311206e-03
-1.59988571e-02 3.15560326e-02 1.37577094e-02 -3.47008440e-03 2.60663428e-03 7.44903134e-03 -8.37859232e-03 5.28482534e-02 -1.19983805e-02 -5.55089768e-03 -1.86476205e-02 -2.69946735e-03 -2.21606474e-02 -2.41813716e-03 5.29115321e-03 2.57583149e-03
9.18695610e-03 -2.31995638e-02 -1.03240097e-02 2.40583601e-03 -1.97859318e-03 -5.79138380e-03 6.46952866e-03 -4.09207381e-02 9.31786746e-03 4.31281980e-03 1.44823175e-02 2.09562294e-03 1.72105525e-02 1.87802513e-03 -4.10891138e-03 -2.00039404e-03
1.66839417e-02 -3.46125923e-02 -1.58736669e-02 3.68230511e-03 -2.94705457e-03 -7.60226510e-03 8.47154390e-03 -5.31444177e-02 1.19420355e-02 5.53075597e-03 1.85360145e-02 2.69792276e-03 2.20203456e-02 2.40207510e-03 -5.26297372e-03 -2.56033870e-03
6.72880262e-02 -1.76579595e-01 -8.08330029e-02 1.82427429e-02 -1.41617553e-02 -4.56858538e-02 5.12460507e-02 -3.24748009e-01 7.40330666e-02 3.41925137e-02 1.15040481e-01 1.65900979e-02 1.36761457e-01 1.49259865e-02 -3.26355509e-02 -1.58935655e-02
-2.42179483e-02 7.61217847e-02 3.14023048e-02 -7.30119646e-03 6.05310732e-03 2.01421231e-02 -2.26215199e-02 1.43745512e-01 -3.28498743e-02 -1.51743283e-02 -5.10672033e-02 -7.35960295e-03 -6.07132576e-02 -6.62638573e-03 1.44872284e-02 7.05570076e-03
-5.30910911e-03 1.39113246e-02 5.55038545e-03 -1.56928739e-03 1.15815818e-03 3.58280283e-03 -4.00822144e-03 2.54603140e-02 -5.78009384e-03 -2.67132884e-03 -8.98490939e-03 -1.29563059e-03 -1.06811216e-02 -1.16572331e-03 2.54885480e-03 1.24129886e-03
-1.26092769e-02 2.55615450e-02 1.02896141e-02 -2.47420068e-03 1.99100538e-03 6.17901981e-03 -6.92426506e-03 4.39404957e-02 -9.99395363e-03 -4.62108105e-03 -1.55309942e-02 -2.24359543e-03 -1.84600186e-02 -2.01445911e-03 4.40680515e-03 2.14558979e-03
9.27771674e-04 -1.20476279e-02 -5.01677580e-03 1.29630335e-03 -1.12983817e-03 -3.87803675e-03 4.36235871e-03 -2.78027225e-02 6.35806611e-03 2.93647894e-03 9.88462660e-03 1.42416381e-03 1.17520299e-02 1.28264911e-03 -2.80421902e-03 -1.36574404e-03
2.92026903e-04 -4.46050353e-02 -1.86492782e-02 4.80122305e-03 -4.12751501e-03 -1.36011187e-02 1.52352350e-02 -9.70308557e-02 2.21717712e-02 1.02428757e-02 3.44701149e-02 4.96743713e-03 4.09804061e-02 4.47269063e-03 -9.77866817e-03 -4.76248097e-03
5.25590871e-03 -1.09919598e-02 -4.81262291e-03 1.13979017e-03 -9.11267940e-04 -2.82940967e-03 3.17163672e-03 -2.01135743e-02 4.56908764e-03 2.11234344e-03 7.10227946e-03 1.02518837e-03 8.44205730e-03 9.21315397e-04 -2.01477297e-03 -9.81115387e-04
1.90783869e-02 -7.39380643e-02 -3.02207954e-02 7.87126273e-03 -6.31926116e-03 -2.05863342e-02 2.31213439e-02 -1.46903619e-01 3.35457660e-02 1.54979015e-02 5.21498099e-02 7.51805864e-03 6.19975701e-02 6.76640822e-03 -1.47944735e-02 -7.20504019e-03
5.28461905e-03 -1.74138602e-02 -7.18733855e-03 1.94468326e-03 -1.41917984e-03 -3.94748757e-03 4.44176560e-03 -2.77945902e-02 6.25949772e-03 2.90732551e-03 9.72841773e-03 1.41755643e-03 1.15534766e-02 1.26014091e-03 -2.76281033e-03 -1.34372269e-03
4.93376376e-03 -2.38260347e-02 -1.00019351e-02 3.16753774e-03 -1.94838375e-03 -5.67769492e-03 6.25627674e-03 -3.95803452e-02 8.97392351e-03 4.16543987e-03 1.39509588e-02 2.02773954e-03 1.65684875e-02 1.80762855e-03 -3.95851303e-03 -1.92602072e-03
-3.05400975e-03 1.32722547e-02 5.40954061e-03 -1.83840166e-03 1.21309049e-03 3.44265532e-03 -3.83339380e-03 2.42308117e-02 -5.50086936e-03 -2.54516746e-03 -8.55001062e-03 -1.23501080e-03 -1.01614026e-02 -1.10890216e-03 2.42535793e-03 1.18095975e-03
1.54006132e-03 -1.32272039e-02 -5.78522123e-03 1.48764788e-03 -1.18582696e-03 -3.60563071e-03 4.05127974e-03 -2.57149842e-02 5.85225923e-03 2.70408671e-03 9.09703784e-03 1.31175423e-03 1.08147962e-02 1.18031842e-03 -2.58070324e-03 -1.25682494e-03
6.59580342e-03 -2.59198006e-02 -1.20555833e-02 3.42266494e-03 -2.48079607e-03 -6.50293706e-03 7.18735065e-03 -4.50901650e-02 1.01862708e-02 4.73619998e-03 1.58361141e-02 2.30810815e-03 1.87942963e-02 2.04978674e-03 -4.49543912e-03 -2.18576589e-03
-8.23557936e-03 1.26262410e-02 5.69602707e-03 -1.49826298e-03 6.67061016e-04 8.10347439e-04 -6.54459058e-04 3.67171923e-03 -7.60944327e-04 -3.75200500e-04 -1.17999094e-03 -1.84905686e-04 -1.38121436e-03 -1.50007181e-04 3.33617121e-04 1.60969605e-04
3.77668743e-03 -2.07840614e-02 -9.22871754e-03 2.49943603e-03 -1.88033329e-03 -5.57408482e-03 6.26023905e-03 -3.94801423e-02 8.94487463e-03 4.13804688e-03 1.39080882e-02 2.02407548e-03 1.65202841e-02 1.80244143e-03 -3.94556439e-03 -1.92030659e-03
-1.28288977e-02 2.90171541e-02 1.34557541e-02 -3.51946359e-03 2.49954499e-03 6.62077358e-03 -7.34820031e-03 4.64848466e-02 -1.04724914e-02 -4.86317277e-03 -1.62737146e-02 -2.36815587e-03 -1.93270147e-02 -2.10828008e-03 4.61927010e-03 2.24722852e-03
-1.29862381e-02 2.99498010e-02 1.23747727e-02 -3.07492842e-03 2.26006750e-03 6.14313781e-03 -6.87605841e-03 4.35147248e-02 -9.68428981e-03 -4.50114859e-03 -1.50313517e-02 -2.18770932e-03 -1.78583134e-02 -1.94753299e-03 4.27581975e-03 2.07783049e-03
-1.48568833e-02 4.54512835e-02 1.98476315e-02 -4.28074971e-03 3.53347999e-03 1.13935536e-02 -1.26741445e-02 8.06275457e-02 -1.83497779e-02 -8.48095212e-03 -2.85280123e-02 -4.11428185e-03 -3.39103490e-02 -3.70096276e-03 8.09164438e-03 3.94081138e-03
2.28080507e-02 -7.97889680e-02 -3.28216255e-02 9.54969507e-03 -6.93981862e-03 -2.15752609e-02 2.41502244e-02 -1.53589234e-01 3.49926800e-02 1.61680542e-02 5.43901622e-02 7.84281455e-03 6.46621659e-02 7.05714384e-03 -1.54304607e-02 -7.51466770e-03
-2.62744483e-02 7.02040792e-02 2.93913912e-02 -6.66073710e-03 5.69308037e-03 1.78908017e-02 -2.01974455e-02 1.28060803e-01 -2.92181987e-02 -1.34958280e-02 -4.54219468e-02 -6.54604984e-03 -5.39957136e-02 -5.89318061e-03 1.28843924e-02 6.27502427e-03
9.49538127e-03 -3.76908481e-02 -1.53941438e-02 3.81655130e-03 -3.37633886e-03 -1.09477248e-02 1.23206908e-02 -7.81539828e-02 1.78404208e-02 8.24015494e-03 2.77344119e-02 3.99597362e-03 3.29717509e-02 3.59861646e-03 -7.86759797e-03 -3.83175700e-03
-9.93089285e-03 2.48287097e-02 9.73484013e-03 -2.47044256e-03 1.95621420e-03 5.91395004e-03 -6.59127953e-03 4.16960493e-02 -9.48267430e-03 -4.38835518e-03 -1.47392750e-02 -2.12897267e-03 -1.75184254e-02 -1.91175111e-03 4.18148888e-03 2.03602132e-03
-8.78398423e-04 2.00909432e-02 8.24650656e-03 -2.06003478e-03 1.86841004e-03 6.57275319e-03 -7.40137091e-03 4.71503325e-02 -1.08097242e-02 -4.99147875e-03 -1.68062933e-02 -2.42063217e-03 -1.99823268e-02 -2.18096212e-03 4.76794783e-03 2.32221559e-03
2.01367959e-02 8.88431445e-03 4.44761524e-03 -1.46193372e-03 1.69318833e-03 6.16052002e-03 -6.96267933e-03 4.45192643e-02 -1.02406135e-02 -4.72600479e-03 -1.59221608e-02 -2.29340745e-03 -1.89307351e-02 -2.06619478e-03 4.51704487e-03 2.19999859e-03
6.65259501e-03 -2.57473793e-02 -1.09440433e-02 2.66223471e-03 -2.29762308e-03 -7.64180208e-03 8.59059673e-03 -5.47008291e-02 1.25036221e-02 5.77537064e-03 1.94383711e-02 2.80112471e-03 2.31100265e-02 2.52227369e-03 -5.51448576e-03 -2.68569938e-03
-7.78595172e-03 1.53762512e-02 6.10249909e-03 -1.58246490e-03 1.18857413e-03 3.69104231e-03 -4.14335076e-03 2.62473077e-02 -5.99385798e-03 -2.76908791e-03 -9.31647047e-03 -1.34272058e-03 -1.10760275e-02 -1.20885135e-03 2.64296751e-03 1.28718209e-03
-3.13623878e-03 5.38336020e-03 2.58525554e-03 -7.09014246e-04 5.09399397e-04 1.09132379e-03 -1.20176654e-03 7.51253637e-03 -1.67560566e-03 -7.79170077e-04 -2.60316534e-03 -3.79651290e-04 -3.09018418e-03 -3.37051315e-04 7.38571282e-04 3.59270984e-04
8.74019973e-03 -7.30144884e-03 -2.98127765e-03 7.91780534e-04 -5.44899027e-04 -9.11735115e-04 1.04145880e-03 -6.28590584e-03 1.36930868e-03 6.38454047e-04 2.12302501e-03 3.11850687e-04 2.52050394e-03 2.74845253e-04 -6.03174209e-04 -2.93155725e-04
1.16116880e-02 -2.21859086e-02 -9.17944033e-03 2.39685783e-03 -1.82705326e-03 -4.83599817e-03 5.29741030e-03 -3.33238877e-02 7.52293086e-03 3.48795881e-03 1.16946911e-02 1.69270276e-03 1.38926692e-02 1.51594891e-03 -3.31680523e-03 -1.61474862e-03
3.59758455e-03 -1.80748217e-02 -7.44423736e-03 1.90288085e-03 -1.70316256e-03 -5.95463626e-03 6.70280959e-03 -4.27330695e-02 9.77849308e-03 4.51586256e-03 1.52026974e-02 2.19019945e-03 1.80751011e-02 1.97277591e-03 -4.31297207e-03 -2.10056943e-03
-1.84326917e-02 4.02555801e-02 1.63931251e-02 -4.22070036e-03 3.10405134e-03 8.43964517e-03 -9.37028136e-03 5.96912429e-02 -1.33045921e-02 -6.16906444e-03 -2.06423495e-02 -3.02264839e-03 -2.45255083e-02 -2.67380080e-03 5.87151712e-03 2.85445899e-03
1.50135159e-02 -3.56568098e-02 -1.55720059e-02 3.80767882e-03 -3.13844765e-03 -9.29254014e-03 1.03300437e-02 -6.54588863e-02 1.48224216e-02 6.85931416e-03 2.30367929e-02 3.32648144e-03 2.73763668e-02 2.98752612e-03 -6.53491542e-03 -3.18179326e-03
2.12137885e-02 -3.23353186e-02 -1.12813590e-02 2.81011197e-03 -2.14302912e-03 -5.47222467e-03 6.02947548e-03 -3.75614390e-02 8.44977796e-03 3.94219952e-03 1.31296767e-02 1.90307654e-03 1.55955302e-02 1.70149014e-03 -3.72731639e-03 -1.81316014e-03
6.41759811e-03 -1.59861464e-02 -6.37914240e-03 1.73052261e-03 -1.42329594e-03 -4.70502255e-03 5.27556939e-03 -3.35985869e-02 7.67687196e-03 3.54639883e-03 1.19345644e-02 1.71973510e-03 1.41889965e-02 1.54861889e-03 -3.38574755e-03 -1.64895307e-03
-5.92241017e-03 7.39903003e-03 2.78321584e-03 -8.84927809e-04 5.59259905e-04 1.72704912e-03 -1.90607761e-03 1.20876823e-02 -2.75770528e-03 -1.27517222e-03 -4.28661145e-03 -6.18192775e-04 -5.09570399e-03 -5.56136481e-04 1.21601892e-03 5.92197408e-04
6.76206313e-03 2.07128208e-02 9.02442262e-03 -3.52731184e-03 3.07863625e-03 1.13308849e-02 -1.27464337e-02 8.14245716e-02 -1.86480954e-02 -8.61160923e-03 -2.89922152e-02 -4.17698314e-03 -3.44696380e-02 -3.76211689e-03 8.22497439e-03 4.00584191e-03
-4.24869265e-03 1.32564027e-02 5.28412685e-03 -1.23743957e-03 1.07586628e-03 3.53696104e-03 -3.97976162e-03 2.52982825e-02 -5.77986147e-03 -2.66962685e-03 -8.98519065e-03 -1.29466341e-03 -1.06824944e-02 -1.16591295e-03 2.54902500e-03 1.24144880e-03
1.37435794e-02 -3.14799957e-02 -1.37325525e-02 3.38228722e-03 -2.41965568e-03 -6.56214543e-03 7.19484733e-03 -4.51278985e-02 1.02136498e-02 4.74135065e-03 1.58698056e-02 2.30742618e-03 1.88451242e-02 2.05572997e-03 -4.50410554e-03 -2.19108374e-03
-5.58563089e-03 1.90915298e-02 8.18789378e-03 -2.10861955e-03 1.59779796e-03 5.10776415e-03 -5.70470840e-03 3.62087376e-02 -8.24347418e-03 -3.81011865e-03 -1.28131667e-02 -1.84830662e-03 -1.52302310e-02 -1.66216854e-03 3.63461697e-03 1.76999392e-03
-4.70090378e-03 1.07451845e-02 4.89457371e-03 -1.19658594e-03 8.91021744e-04 2.32101674e-03 -2.57722195e-03 1.62446517e-02 -3.65789933e-03 -1.69751840e-03 -5.68574248e-03 -8.25829804e-04 -6.75209286e-03 -7.36626273e-04 1.61294651e-03 7.84928154e-04
6.20153127e-03 1.64723117e-02 7.71101518e-03 -1.58752059e-03 1.76368165e-03 6.85351295e-03 -7.74272857e-03 4.95248437e-02 -1.13721341e-02 -5.24858106e-03 -1.76824927e-02 -2.54531787e-03 -2.10258160e-02 -2.29489361e-03 5.01667615e-03 2.44344538e-03
-1.64649189e-02 1.56166907e-02 7.19454046e-03 -1.49822445e-03 9.49581154e-04 2.07595713e-03 -2.11603474e-03 1.34074213e-02 -2.86424067e-03 -1.34555204e-03 -4.45577176e-03 -6.62383856e-04 -5.26868924e-03 -5.74045291e-04 1.26462837e-03 6.13653625e-04
-5.35831694e-03 8.84042773e-03 3.66039411e-03 -9.81181161e-04 6.97443611e-04 2.09557428e-03 -2.34176707e-03 1.48331169e-02 -3.36688780e-03 -1.55873527e-03 -5.23330271e-03 -7.57070782e-04 -6.21900335e-03 -6.78619544e-04 1.48472586e-03 7.22835306e-04
-3.34913784e-04 1.09689683e-03 4.52382956e-04 -1.25127917e-04 9.58939272e-05 2.62593647e-04 -2.95662379e-04 1.86950201e-03 -4.25100327e-04 -1.96561945e-04 -6.60687860e-04 -9.53492854e-05 -7.85311451e-04 -8.57049235e-05 1.87414538e-04 9.12656251e-05
-4.99330927e-03 -5.92437666e-03 -2.47542979e-03 9.65441286e-04 -8.82043038e-04 -3.33163352e-03 3.75401857e-03 -2.40345523e-02 5.51126990e-03 2.54513882e-03 8.56902823e-03 1.23425212e-03 1.01893935e-02 1.11211324e-03 -2.43131188e-03 -1.18414627e-03
-1.52330985e-03 -2.04201648e-03 -8.96365964e-04 2.21580573e-04 -1.91065963e-04 -6.32649928e-04 7.10145105e-04 -4.51775501e-03 1.03239447e-03 4.76877438e-04 1.60499290e-03 2.31281607e-04 1.90814887e-03 2.08259764e-04 -4.55316418e-04 -2.21752460e-04
-8.36596824e-03 2.57063136e-02 1.18384333e-02 -2.80374824e-03 2.20838934e-03 6.49602199e-03 -7.25946063e-03 4.58965935e-02 -1.04338964e-02 -4.82665561e-03 -1.62170567e-02 -2.34198105e-03 -1.92739591e-02 -2.10337574e-03 4.60024830e-03 2.24000867e-03
-2.58884914e-02 6.87720403e-02 2.88830213e-02 -6.22565765e-03 5.38715813e-03 1.66088287e-02 -1.84877329e-02 1.17061563e-01 -2.66546104e-02 -1.23229055e-02 -4.14358079e-02 -5.97753469e-03 -4.92442064e-02 -5.37432032e-03 1.17510967e-02 5.72284823e-03
-2.05757022e-02 4.85090315e-02 2.10464131e-02 -4.78165271e-03 3.85249592e-03 1.12082781e-02 -1.24523826e-02 7.85948783e-02 -1.77781060e-02 -8.23458936e-03 -2.76282039e-02 -4.00961097e-03 -3.28265876e-02 -3.58140375e-03 7.84109067e-03 3.81607376e-03
2.89948564e-02 -2.39225812e-02 -8.12627003e-03 1.96685921e-03 -1.22161594e-03 -3.00622825e-03 3.38643976e-03 -2.10767370e-02 4.73220833e-03 2.19071005e-03 7.35538779e-03 1.06258690e-03 8.73965584e-03 9.53758776e-04 -2.08579260e-03 -1.01567898e-03
4.48576408e-03 -1.26210684e-02 -5.37227932e-03 1.37141370e-03 -1.09148619e-03 -3.33419838e-03 3.72193288e-03 -2.35648640e-02 5.36324782e-03 2.48115999e-03 8.33719410e-03 1.20422652e-03 9.90868546e-03 1.08132104e-03 -2.36510648e-03 -1.15160900e-03
5.20693650e-03 -8.24412052e-03 -4.62088920e-03 1.51158951e-03 -1.08860712e-03 -6.09534793e-04 6.30893395e-04 -3.36700794e-03 5.03932999e-04 2.56571133e-04 7.79692084e-04 1.33502370e-04 8.99826351e-04 9.69719549e-05 -2.21075519e-04 -1.05405416e-04
-1.93498787e-02 5.16389273e-02 2.26833373e-02 -5.56779280e-03 4.28661844e-03 1.30733317e-02 -1.46903601e-02 9.29203033e-02 -2.11462006e-02 -9.77731217e-03 -3.28743421e-02 -4.74111736e-03 -3.90748456e-02 -4.26451722e-03 9.32481233e-03 4.54107812e-03
-2.76505984e-02 6.22492656e-02 2.32784599e-02 -6.22885022e-03 4.43551922e-03 1.44143198e-02 -1.60559844e-02 1.01898417e-01 -2.32490227e-02 -1.07455319e-02 -3.61455567e-02 -5.21606999e-03 -4.29637395e-02 -4.68887063e-03 1.02529051e-02 4.99316165e-03
-2.83023436e-03 1.03109470e-02 4.69105039e-03 -1.39077893e-03 1.03232265e-03 2.52183410e-03 -2.79282033e-03 1.74521673e-02 -3.91728571e-03 -1.82370853e-03 -6.08846452e-03 -8.90021678e-04 -7.22639775e-03 -7.88086851e-04 1.72831060e-03 8.40428518e-04
-4.15764796e-03 8.89409520e-03 3.84279550e-03 -9.11309617e-04 7.67783611e-04 2.39506108e-03 -2.68803490e-03 1.70000102e-02 -3.86780431e-03 -1.79051189e-03 -6.01311633e-03 -8.70589982e-04 -7.14512123e-03 -7.79632654e-04 1.70634023e-03 8.30601610e-04
9.67940502e-03 -2.07256973e-02 -1.05701871e-02 1.99738471e-03 -1.55336922e-03 -4.56360215e-03 5.08366106e-03 -3.20983306e-02 7.28865014e-03 3.37590976e-03 1.13263391e-02 1.64212578e-03 1.34587949e-02 1.46843505e-03 -3.21460213e-03 -1.56446395e-03
5.60494140e-03 -2.43725013e-02 -9.87776835e-03 2.57690996e-03 -2.10103346e-03 -6.47456152e-03 7.26426393e-03 -4.61596772e-02 1.05405292e-02 4.87129390e-03 1.63848139e-02 2.36259378e-03 1.94779821e-02 2.12580687e-03 -4.64806519e-03 -2.26362352e-03
1.69684961e-02 -2.37223320e-02 -8.01445171e-03 2.07895879e-03 -1.50298688e-03 -4.16931324e-03 4.67253570e-03 -2.92821899e-02 6.62995316e-03 3.07041337e-03 1.03049288e-02 1.48926105e-03 1.22439656e-02 1.33613031e-03 -2.92270840e-03 -1.42305205e-03
7.93243386e-03 -3.60241607e-02 -1.52844079e-02 3.91045772e-03 -3.37396003e-03 -1.03617255e-02 1.16514480e-02 -7.38711059e-02 1.68204214e-02 7.77165918e-03 2.61479523e-02 3.76907922e-03 3.10845412e-02 3.39258416e-03 -7.41751539e-03 -3.61245172e-03
-1.01116281e-02 1.71191879e-02 7.72685464e-03 -1.67755340e-03 1.35427807e-03 3.51832830e-03 -3.91192129e-03 2.45124251e-02 -5.55351097e-03 -2.57408153e-03 -8.62601120e-03 -1.25464925e-03 -1.02463244e-02 -1.11779198e-03 2.44816276e-03 1.19120453e-03
3.02800187e-03 3.32348002e-03 1.59350690e-03 -4.84816788e-04 4.63045057e-04 1.75694248e-03 -1.99997798e-03 1.27790021e-02 -2.93737021e-03 -1.35449017e-03 -4.56847763e-03 -6.54951262e-04 -5.43317432e-03 -5.93150209e-04 1.29525829e-03 6.31215982e-04
-1.72691364e-02 3.44674699e-02 1.39925629e-02 -3.88305541e-03 2.76042754e-03 8.37123394e-03 -9.29171219e-03 5.89638911e-02 -1.33960703e-02 -6.20191405e-03 -2.08272189e-02 -3.01094749e-03 -2.47484669e-02 -2.70060985e-03 5.90831274e-03 2.87652179e-03
2.03161296e-02 -6.09834641e-02 -2.60680281e-02 5.79725485e-03 -5.08590229e-03 -1.59678049e-02 1.79279819e-02 -1.14046276e-01 2.60361861e-02 1.20268902e-02 4.04756740e-02 5.83266793e-03 4.81201150e-02 5.25192218e-03 -1.14823114e-02 -5.59219811e-03
-6.92435540e-03 1.46311950e-02 6.53168932e-03 -1.56950601e-03 1.14115747e-03 3.14744562e-03 -3.48717044e-03 2.19641626e-02 -4.95336950e-03 -2.29819445e-03 -7.69579876e-03 -1.11893623e-03 -9.14090313e-03 -9.97180003e-04 2.18399032e-03 1.06269901e-03
2.47121975e-03 8.12543184e-03 2.89992406e-03 -8.19841167e-04 9.16454999e-04 3.71550233e-03 -4.21391521e-03 2.70125996e-02 -6.20097667e-03 -2.85952887e-03 -9.64301731e-03 -1.38532324e-03 -1.14686443e-02 -1.25189708e-03 2.73561641e-03 1.33269746e-03
3.22970701e-03 -1.00571662e-02 -3.97180393e-03 1.18631555e-03 -8.93791730e-04 -2.69201607e-03 3.02615319e-03 -1.91684924e-02 4.35107760e-03 2.01227074e-03 6.76314905e-03 9.76235548e-04 8.03891849e-03 8.77306506e-04 -1.91864814e-03 -9.34279698e-04
-1.27962569e-03 1.20680360e-03 4.52578475e-04 -1.84939054e-05 2.52592527e-05 1.66980826e-04 -1.84367731e-04 1.20073836e-03 -2.80527456e-04 -1.28932443e-04 -4.36523318e-04 -6.24322784e-05 -5.19419205e-04 -5.67120042e-05 1.23823906e-04 6.03508342e-05
2.90666590e-03 -4.25700005e-03 -1.80356076e-03 4.78485716e-04 -3.87413078e-04 -1.25958212e-03 1.41026254e-03 -8.96941591e-03 2.04986497e-03 9.47022112e-04 3.18645430e-03 4.59355506e-04 3.78824025e-03 4.13449452e-04 -9.03971260e-04 -4.40246280e-04
-1.19494349e-02 2.84027513e-02 1.20989932e-02 -2.97745015e-03 2.40446418e-03 7.30021577e-03 -8.19210242e-03 5.20058982e-02 -1.18460562e-02 -5.47591038e-03 -1.84142459e-02 -2.65589962e-03 -2.18899120e-02 -2.38900422e-03 5.22378413e-03 2.54393625e-03
-1.48635842e-02 4.51526158e-02 1.75174065e-02 -4.49153222e-03 3.57502513e-03 1.15860607e-02 -1.30348830e-02 8.26963037e-02 -1.88840590e-02 -8.72393325e-03 -2.93570235e-02 -4.23091417e-03 -3.49014290e-02 -3.80919944e-03 8.32811557e-03 4.05600481e-03
-3.53458896e-03 1.69806480e-02 6.95276074e-03 -1.82599039e-03 1.48804567e-03 4.79539251e-03 -5.37060713e-03 3.41299251e-02 -7.79201090e-03 -3.60112917e-03 -1.21135432e-02 -1.74661994e-03 -1.43996105e-02 -1.57155097e-03 3.43623664e-03 1.67344778e-03
2.98678428e-02 -6.66566789e-02 -2.71995403e-02 6.74083363e-03 -4.99968603e-03 -1.25457505e-02 1.39755756e-02 -8.76594111e-02 1.96601357e-02 9.13770311e-03 3.05963922e-02 4.45232959e-03 3.62989865e-02 3.95910349e-03 -8.68077017e-03 -4.22141096e-03
2.29352899e-02 -3.12176887e-02 -1.30355842e-02 3.82233504e-03 -2.58183596e-03 -5.40854968e-03 5.88758010e-03 -3.64690796e-02 7.95001816e-03 3.71298869e-03 1.23343961e-02 1.82710518e-03 1.46290921e-02 1.59410259e-03 -3.51077947e-03 -1.70371868e-03
8.34420789e-03 -3.27176861e-02 -1.36178415e-02 3.43471277e-03 -2.83290562e-03 -9.19738878e-03 1.03151342e-02 -6.55270442e-02 1.49593884e-02 6.91301795e-03 2.32561268e-02 3.35451309e-03 2.76439395e-02 3.01696127e-03 -6.59713149e-03 -3.21268803e-03
-9.09967255e-03 2.22595241e-02 8.92419182e-03 -2.12147576e-03 1.70891406e-03 5.11874678e-03 -5.71385631e-03 3.62294503e-02 -8.25319253e-03 -3.81642929e-03 -1.28289284e-02 -1.85238186e-03 -1.52470637e-02 -1.66394992e-03 3.63900792e-03 1.77200232e-03
1.17841288e-02 -2.04435326e-02 -8.89155082e-03 1.96167058e-03 -1.36998447e-03 -3.38558527e-03 3.65609396e-03 -2.28451937e-02 5.16811712e-03 2.39445758e-03 8.02933704e-03 1.16408279e-03 9.53795295e-03 1.04067975e-03 -2.27787578e-03 -1.10869471e-03
1.05906958e-02 -2.86017060e-02 -1.17908139e-02 2.91444152e-03 -2.33841408e-03 -7.51080550e-03 8.42330139e-03 -5.34712933e-02 1.21944966e-02 5.63552929e-03 1.89560149e-02 2.73518311e-03 2.25324780e-02 2.45910115e-03 -5.37731638e-03 -2.61863810e-03
-2.01775245e-02 3.56406830e-02 1.67415924e-02 -3.47001711e-03 2.80161505e-03 8.08544550e-03 -9.08474065e-03 5.74388988e-02 -1.30174570e-02 -6.01271819e-03 -2.02246867e-02 -2.91969161e-03 -2.40422580e-02 -2.62383372e-03 5.73760923e-03 2.79406947e-03
1.57380290e-03 2.33916286e-02 9.84617230e-03 -2.78905896e-03 2.44654971e-03 8.46019946e-03 -9.51976608e-03 6.07009493e-02 -1.38841178e-02 -6.41218526e-03 -2.15851590e-02 -3.10981600e-03 -2.56632548e-02 -2.80096009e-03 6.12365408e-03 2.98241642e-03
-6.20719837e-03 1.47734797e-02 6.16389420e-03 -1.61513127e-03 1.20054919e-03 3.50158289e-03 -3.92073067e-03 2.47806720e-02 -5.62883541e-03 -2.60457397e-03 -8.74924194e-03 -1.26441068e-03 -1.03978477e-02 -1.13468000e-03 2.48195627e-03 1.20846648e-03
-9.42054670e-03 1.36969732e-02 6.56861765e-03 -1.78587425e-03 1.09794049e-03 2.57056276e-03 -2.74653523e-03 1.72569603e-02 -3.77769978e-03 -1.76708971e-03 -5.86045161e-03 -8.62058485e-04 -6.95400359e-03 -7.57944304e-04 1.66940840e-03 8.09568854e-04
-2.77739000e-02 4.97148931e-02 2.18810011e-02 -6.12016255e-03 4.00073547e-03 9.99670196e-03 -1.13066835e-02 7.01294243e-02 -1.58354733e-02 -7.36810872e-03 -2.46259011e-02 -3.64671298e-03 -2.92072371e-02 -3.18399072e-03 7.01106898e-03 3.40241520e-03
1.80713343e-03 -7.33886054e-03 -3.17408587e-03 7.61029776e-04 -7.42741395e-04 -2.71226885e-03 3.05668847e-03 -1.95034537e-02 4.46623657e-03 2.06228765e-03 6.94434205e-03 9.99980606e-04 8.25668965e-03 9.01177875e-04 -1.97009789e-03 -9.59534314e-04
1.11352820e-02 -1.83245298e-02 -6.45162072e-03 1.75683491e-03 -1.37353339e-03 -3.55853816e-03 3.92593909e-03 -2.49995030e-02 5.55894850e-03 2.57744989e-03 8.64194892e-03 1.25083909e-03 1.02673480e-02 1.12034450e-03 -2.45116954e-03 -1.19332527e-03
-5.62341278e-03 -2.48333486e-03 -6.25117682e-04 3.06496833e-04 -4.51940607e-04 -2.06573633e-03 2.36240518e-03 -1.52696809e-02 3.51805217e-03 1.62171177e-03 5.47077786e-03 7.85937358e-04 6.50824420e-03 7.10419379e-04 -1.55258528e-03 -7.56318856e-04
3.27473357e-02 -7.61122555e-02 -3.34043913e-02 8.05235840e-03 -6.16389280e-03 -1.94237363e-02 2.17827186e-02 -1.38432369e-01 3.15180346e-02 1.45693133e-02 4.89919670e-02 7.07277609e-03 5.82299568e-02 6.35479111e-03 -1.38976602e-02 -6.76743360e-03
-1.61943343e-02 3.35417241e-02 1.67012811e-02 -3.55672557e-03 2.40577897e-03 5.89871779e-03 -6.46310719e-03 4.00810577e-02 -8.92011076e-03 -4.16051410e-03 -1.38587421e-02 -2.05556536e-03 -1.64309032e-02 -1.79037952e-03 3.94004583e-03 1.91285799e-03
8.74952599e-03 -2.12117992e-02 -8.81918613e-03 2.20142305e-03 -1.68966420e-03 -5.26682381e-03 5.90597419e-03 -3.74554321e-02 8.51364527e-03 3.93588934e-03 1.32343639e-02 1.90966076e-03 1.57301482e-02 1.71671098e-03 -3.75398551e-03 -1.82809681e-03
-6.08511735e-03 1.64527390e-02 6.87655527e-03 -1.65801938e-03 1.35202776e-03 4.18441091e-03 -4.67616599e-03 2.96851918e-02 -6.77584624e-03 -3.13069485e-03 -1.05324807e-02 -1.51798618e-03 -1.25211822e-02 -1.36657036e-03 2.98783579e-03 1.45513052e-03
-5.59004396e-03 1.05928499e-02 4.12369240e-03 -9.33788717e-04 6.89047039e-04 1.97716127e-03 -2.15512980e-03 1.36093106e-02 -3.10758199e-03 -1.43736415e-03 -4.83116740e-03 -6.96717296e-04 -5.74207818e-03 -6.26683817e-04 1.37021870e-03 6.67304441e-04
2.36908831e-02 -3.81735861e-02 -1.59255117e-02 3.75267165e-03 -2.88824178e-03 -8.56026355e-03 9.44153313e-03 -5.99790066e-02 1.36674605e-02 6.32193405e-03 2.12423373e-02 3.06504895e-03 2.52501778e-02 2.75566895e-03 -6.02626754e-03 -2.93454062e-03
1.99762192e-02 -3.42849866e-02 -1.47387087e-02 4.99868207e-03 -2.81987269e-03 -8.50649551e-03 9.54770483e-03 -6.06556460e-02 1.37906801e-02 6.37374958e-03 2.14316212e-02 3.09262797e-03 2.54765265e-02 2.78042653e-03 -6.07975759e-03 -2.96075689e-03
2.89192460e-02 -1.35798603e-01 -5.56804165e-02 1.45246768e-02 -1.16987973e-02 -3.72996181e-02 4.20720130e-02 -2.66401172e-01 6.07982837e-02 2.80821193e-02 9.44957435e-02 1.36199594e-02 1.12340346e-01 1.22608589e-02 -2.68071350e-02 -1.30554717e-02
-2.67575262e-03 2.58790553e-02 1.08739305e-02 -2.99526798e-03 2.39024730e-03 7.83904549e-03 -8.81659705e-03 5.61131202e-02 -1.28265023e-02 -5.92458062e-03 -1.99403055e-02 -2.87349103e-03 -2.37065777e-02 -2.58737942e-03 5.65683655e-03 2.75502540e-03
1.17661376e-02 -2.54390258e-02 -1.02194631e-02 2.74319202e-03 -2.07517389e-03 -6.03731116e-03 6.73346128e-03 -4.26544882e-02 9.64771397e-03 4.46950598e-03 1.49991894e-02 2.16511288e-03 1.78257562e-02 1.94534031e-03 -4.25432809e-03 -2.07166746e-03
-1.12299994e-02 2.99130715e-02 1.29883103e-02 -2.89114565e-03 2.25490914e-03 7.13364314e-03 -7.97546841e-03 5.05629256e-02 -1.15268147e-02 -5.32641215e-03 -1.79179367e-02 -2.58319080e-03 -2.13007387e-02 -2.32476112e-03 5.08289644e-03 2.47543608e-03
1.44867022e-02 -4.05987278e-02 -1.73636265e-02 4.13790625e-03 -3.26653942e-03 -1.00267800e-02 1.12357736e-02 -7.13367835e-02 1.62830502e-02 7.52585568e-03 2.53101494e-02 3.65070463e-03 3.00871115e-02 3.28361779e-03 -7.18012312e-03 -3.49660055e-03
1.92293897e-02 -4.82750833e-02 -1.88241657e-02 4.34544822e-03 -3.69401346e-03 -1.20004527e-02 1.34452358e-02 -8.56488422e-02 1.95312146e-02 9.02225450e-03 3.03634759e-02 4.37563844e-03 3.60978357e-02 3.93978273e-03 -8.61364137e-03 -4.19506012e-03
-6.47343928e-04 3.65206972e-03 1.54356146e-03 -4.92802588e-04 3.10883333e-04 9.25743487e-04 -1.02796988e-03 6.49680430e-03 -1.47575908e-03 -6.83416787e-04 -2.29316857e-03 -3.31411458e-04 -2.72577046e-03 -2.97451712e-04 6.50708040e-04 3.16811027e-04
2.55105272e-02 -1.22011565e-01 -4.81276587e-02 1.29077025e-02 -1.02158990e-02 -3.37271467e-02 3.78936939e-02 -2.40582019e-01 5.49566261e-02 2.53908690e-02 8.54330510e-02 1.23144062e-02 1.01563409e-01 1.10847102e-02 -2.42354888e-02 -1.18030943e-02
-1.37541173e-02 1.49721093e-02 6.02259487e-03 -1.39308523e-03 9.84022161e-04 2.78656161e-03 -3.09576164e-03 1.95970014e-02 -4.46195155e-03 -2.06214585e-03 -6.93575805e-03 -9.99880140e-04 -8.24539922e-03 -8.99906561e-04 1.96753000e-03 9.58223362e-04
3.95132527e-02 -6.24254793e-02 -2.58118473e-02 6.24356838e-03 -5.20858588e-03 -1.47077879e-02 1.62948929e-02 -1.03182763e-01 2.34280508e-02 1.08315833e-02 3.64181399e-02 5.25182439e-03 4.32879440e-02 4.72432747e-03 -1.03302049e-02 -5.03069209e-03
-7.26988586e-03 1.41688660e-02 6.25349674e-03 -1.65831461e-03 1.31206703e-03 3.18271108e-03 -3.54196061e-03 2.23145448e-02 -4.96506831e-03 -2.31443555e-03 -7.70859886e-03 -1.13498699e-03 -9.15423781e-03 -9.97708761e-04 2.19337665e-03 1.06543419e-03
-2.77472718e-05 -6.46692282e-03 -2.70839152e-03 7.43141980e-04 -5.79446554e-04 -1.84619706e-03 2.06739572e-03 -1.31495772e-02 2.99730152e-03 1.38488889e-03 4.65959264e-03 6.71683229e-04 5.53933717e-03 6.04567118e-04 -1.32181414e-03 -6.43746811e-04
-2.87451525e-03 7.48466467e-03 3.37966345e-03 -8.99682869e-04 6.67557877e-04 2.00977875e-03 -2.26046285e-03 1.43272411e-02 -3.25903972e-03 -1.50706829e-03 -5.06548164e-03 -7.31636712e-04 -6.02022838e-03 -6.56981196e-04 1.43697963e-03 6.99685246e-04
-1.84222066e-04 3.27771367e-03 1.47569086e-03 -4.42743825e-04 2.79933593e-04 6.42134692e-04 -7.04169099e-04 4.41186642e-03 -9.97277792e-04 -4.62166790e-04 -1.54938269e-03 -2.24326097e-04 -1.84061099e-03 -2.00846480e-04 4.39383410e-04 2.13917010e-04
-2.14787778e-02 7.04453364e-02 2.96418164e-02 -7.44115654e-03 5.93622681e-03 1.95225999e-02 -2.19115075e-02 1.39552400e-01 -3.18642184e-02 -1.47193167e-02 -4.95354347e-02 -7.13824714e-03 -5.88915087e-02 -6.42753113e-03 1.40525950e-02 6.84398459e-03
4.30047046e-03 -1.08581269e-02 -4.54139570e-03 1.32953213e-03 -8.66524701e-04 -2.29752134e-03 2.52891798e-03 -1.58923864e-02 3.59619595e-03 1.66707323e-03 5.58907259e-03 8.09018267e-04 6.64084684e-03 7.24632875e-04 -1.58546178e-03 -7.71858438e-04
1.43280495e-02 -2.87572034e-02 -1.27776582e-02 3.19223688e-03 -2.19034823e-03 -6.35268027e-03 7.06490967e-03 -4.47684526e-02 1.01560680e-02 4.70296713e-03 1.57838054e-02 2.28396617e-03 1.87540054e-02 2.04644562e-03 -4.47735097e-03 -2.17974652e-03
4.07882151e-04 5.97734819e-04 3.91946698e-04 -1.68125960e-04 1.46219914e-04 4.17844538e-04 -4.69218823e-04 2.98116286e-03 -6.76632859e-04 -3.12904129e-04 -1.05181977e-03 -1.51768181e-04 -1.25017995e-03 -1.36439048e-04 2.98349245e-04 1.45289931e-04
-2.75250641e-04 -6.05844054e-03 -2.55929865e-03 7.39421113e-04 -6.25592598e-04 -2.02938588e-03 2.28231051e-03 -1.45240445e-02 3.31873051e-03 1.53291330e-03 5.15919412e-03 7.43508746e-04 6.13365043e-03 6.69437228e-04 -1.46360754e-03 -7.12813111e-04
-2.10347474e-02 6.57962188e-02 2.61196345e-02 -6.73319818e-03 5.25787799e-03 1.62213892e-02 -1.82868689e-02 1.15843758e-01 -2.63594408e-02 -1.21776545e-02 -4.09677252e-02 -5.90929762e-03 -4.87015247e-02 -5.31519018e-03 1.16217984e-02 5.65983867e-03
-1.16499327e-03 1.09553542e-02 4.74513555e-03 -1.30996003e-03 1.11371779e-03 3.66838719e-03 -4.12461022e-03 2.62624640e-02 -5.99819422e-03 -2.77149188e-03 -9.32504050e-03 -1.34405110e-03 -1.10861035e-02 -1.20994996e-03 2.64541339e-03 1.28836394e-03
