-3.88968992e-03 4.32128236e-02 1.33775510e-02 6.74444623e-03 -6.93234149e-03 9.65989940e-03 -4.97678760e-04 1.42806889e-02 -9.90924891e-03 6.04823837e-03 -3.12821195e-02 -9.34752263e-03 -1.67097524e-02 -4.78004012e-03 -1.54668055e-02 -8.48293956e-03
4.03756509e-03 -2.46434659e-03 -7.15034548e-05 2.06057826e-04 -3.37181176e-04 5.44798793e-04 -2.67160503e-05 8.61429726e-04 -6.05842914e-04 3.72234499e-04 -1.93944760e-03 -5.79824788e-04 -1.03745819e-03 -2.96899467e-04 -9.60926292e-04 -5.27023105e-04
-7.54740089e-04 -2.72606574e-02 -8.29718914e-03 -4.84851748e-03 5.17437933e-03 -7.37588201e-03 3.75564443e-04 -1.10742543e-02 7.68765947e-03 -4.70485259e-03 2.43571252e-02 7.27885496e-03 1.30151911e-02 3.72347049e-03 1.20486803e-02 6.60821423e-03
3.91322002e-03 -3.76350842e-02 -1.16937961e-02 -5.91231510e-03 6.07075961e-03 -8.50261468e-03 4.33643028e-04 -1.25808287e-02 8.69749393e-03 -5.32440189e-03 2.75443532e-02 8.22978001e-03 1.47143221e-02 4.20937920e-03 1.36206308e-02 7.47037306e-03
5.87524846e-06 -7.93267488e-02 -2.42875218e-02 -1.34252477e-02 1.41854705e-02 -2.01126114e-02 1.00102776e-03 -2.92625986e-02 2.01370511e-02 -1.23385349e-02 6.36614785e-02 1.90268755e-02 3.40141803e-02 9.73006245e-03 3.14807333e-02 1.72663033e-02
-1.19450968e-03 3.83074358e-02 1.13345925e-02 6.02098787e-03 -6.11203397e-03 8.69559869e-03 -4.40934964e-04 1.27106709e-02 -8.76932312e-03 5.36154723e-03 -2.77150888e-02 -8.28203280e-03 -1.48051661e-02 -4.23501013e-03 -1.37027046e-02 -7.51546118e-03
2.68741511e-03 -6.79562166e-02 -2.05318071e-02 -1.06433686e-02 1.15701240e-02 -1.63389388e-02 8.17631197e-04 -2.40174495e-02 1.66930258e-02 -1.02180084e-02 5.28595150e-02 1.57947131e-02 2.82402914e-02 8.07909109e-03 2.61425637e-02 1.43380892e-02
1.33876107e-03 -2.71457769e-02 -8.23445525e-03 -4.52021975e-03 4.40770108e-03 -6.13618828e-03 3.12624645e-04 -8.97440035e-03 6.22087996e-03 -3.80473654e-03 1.96480583e-02 5.87082468e-03 1.04932496e-02 3.00138048e-03 9.71076079e-03 5.32604707e-03
-2.86131399e-03 5.54643646e-02 1.63259394e-02 8.32095370e-03 -8.54471792e-03 1.22931097e-02 -6.19621482e-04 1.81359779e-02 -1.26101123e-02 7.71371787e-03 -3.98888141e-02 -1.19164996e-02 -2.13036556e-02 -6.09410089e-03 -1.97183415e-02 -1.08148325e-02
-4.80370596e-03 6.11994676e-02 1.92097351e-02 8.92607309e-03 -9.80090350e-03 1.34283742e-02 -7.00843404e-04 2.00388320e-02 -1.35077043e-02 8.25242884e-03 -4.26654555e-02 -1.27503164e-02 -2.27895733e-02 -6.51841518e-03 -2.10902207e-02 -1.15673020e-02
-1.31349638e-03 4.10125926e-02 1.18266568e-02 6.40519569e-03 -6.79072132e-03 9.46655497e-03 -4.80889896e-04 1.40892928e-02 -9.74186976e-03 5.96449291e-03 -3.08621284e-02 -9.22213215e-03 -1.64892767e-02 -4.71723033e-03 -1.52641796e-02 -8.37179460e-03
-3.67406197e-03 3.93453948e-02 1.19561916e-02 6.15654513e-03 -6.44719042e-03 8.96206312e-03 -4.60634532e-04 1.33863445e-02 -9.27090272e-03 5.67027088e-03 -2.93459520e-02 -8.76993407e-03 -1.56785976e-02 -4.48518759e-03 -1.45128816e-02 -7.95977097e-03
2.95868749e-03 -3.66149098e-02 -1.12486593e-02 -5.48414188e-03 5.94796194e-03 -8.27183947e-03 4.19967197e-04 -1.22563951e-02 8.50909948e-03 -5.20571740e-03 2.69294754e-02 8.04741308e-03 1.43867582e-02 4.11561225e-03 1.33170495e-02 7.30388844e-03
4.22758516e-03 -3.69557217e-02 -1.11700073e-02 -5.32372855e-03 5.64326346e-03 -7.73202721e-03 3.97155294e-04 -1.13315480e-02 7.79381627e-03 -4.74735815e-03 2.45392378e-02 7.33412057e-03 1.31083531e-02 3.74939805e-03 1.21308723e-02 6.65340014e-03
2.09139194e-02 -1.86804771e-01 -5.96131682e-02 -2.76574623e-02 2.90357005e-02 -4.14499901e-02 2.11738003e-03 -6.16055466e-02 4.27392758e-02 -2.60988418e-02 1.35134503e-01 4.03847136e-02 7.22093433e-02 2.06580199e-02 6.68470487e-02 3.66628207e-02
-5.75076602e-03 8.71870145e-02 2.58878078e-02 1.24731874e-02 -1.35010360e-02 1.92721598e-02 -9.83762089e-04 2.86507234e-02 -1.98979210e-02 1.21779535e-02 -6.30398542e-02 -1.88399758e-02 -3.36849019e-02 -9.63708293e-03 -3.11846808e-02 -1.71035174e-02
-1.48685696e-03 3.07501145e-02 8.93326756e-03 5.13500813e-03 -5.20493090e-03 7.33167678e-03 -3.73525021e-04 1.09075168e-02 -7.50354910e-03 4.59265197e-03 -2.37725880e-02 -7.10406294e-03 -1.27025153e-02 -3.63401114e-03 -1.17592318e-02 -6.44945586e-03
-4.44052834e-03 2.98461653e-02 8.31412897e-03 4.27560788e-03 -4.40301653e-03 6.04779087e-03 -3.10389325e-04 8.95692036e-03 -6.16751425e-03 3.76529712e-03 -1.94592420e-02 -5.81472646e-03 -1.03942892e-02 -2.97325966e-03 -9.61970724e-03 -5.27610071e-03
2.55912310e-03 -2.65185907e-02 -7.77603220e-03 -3.89770954e-03 3.95170832e-03 -5.47962124e-03 2.84787006e-04 -8.07141513e-03 5.55463741e-03 -3.39564146e-03 1.75494067e-02 5.24355378e-03 9.37345065e-03 2.68129446e-03 8.67565721e-03 4.75828070e-03
6.05749898e-03 -1.98657781e-01 -5.96190467e-02 -3.17181870e-02 3.51367965e-02 -4.97398749e-02 2.48912792e-03 -7.33695254e-02 5.08472100e-02 -3.11557334e-02 1.61234170e-01 4.81787547e-02 8.61402154e-02 2.46439800e-02 7.97447041e-02 4.37367372e-02
1.41443429e-03 -1.56542435e-02 -4.88452194e-03 -2.44222954e-03 2.57783127e-03 -3.62054026e-03 1.85268989e-04 -5.38642239e-03 3.71315493e-03 -2.27188948e-03 1.17579456e-02 3.51356948e-03 6.28196448e-03 1.79713964e-03 5.81525732e-03 3.18943150e-03
5.44275064e-03 -9.37255472e-02 -2.71389261e-02 -1.45579036e-02 1.50055774e-02 -2.10791193e-02 1.07740250e-03 -3.13189626e-02 2.17034724e-02 -1.32825719e-02 6.87540770e-02 2.05460861e-02 3.67351435e-02 1.05091864e-02 3.40056308e-02 1.86507553e-02
1.45601132e-03 -3.27201858e-02 -9.16797388e-03 -4.87769861e-03 4.96544503e-03 -6.92511909e-03 3.60053760e-04 -1.02400379e-02 7.04772677e-03 -4.31116065e-03 2.22663917e-02 6.65350305e-03 1.18916063e-02 3.40142869e-03 1.10044386e-02 6.03567297e-03
-3.31296818e-03 -3.37065049e-02 -1.06868949e-02 -6.29550219e-03 7.26460479e-03 -1.04494542e-02 5.30975580e-04 -1.58209521e-02 1.10127255e-02 -6.74337381e-03 3.49338278e-02 1.04399957e-02 1.86693892e-02 5.34129050e-03 1.72842368e-02 9.47969034e-03
1.33539061e-03 1.76713821e-02 5.45611465e-03 3.24570877e-03 -3.57803283e-03 5.11200074e-03 -2.59570195e-04 7.69187044e-03 -5.34635084e-03 3.27321910e-03 -1.69516355e-02 -5.06583322e-03 -9.05857515e-03 -2.59160064e-03 -8.38621985e-03 -4.59949765e-03
2.73534283e-03 -8.61521810e-02 -2.60077529e-02 -1.33103859e-02 1.44395232e-02 -2.02650093e-02 1.03650789e-03 -3.03961802e-02 2.10266411e-02 -1.28692985e-02 6.66308254e-02 1.99126136e-02 3.56051587e-02 1.01861143e-02 3.29611525e-02 1.80778354e-02
-4.71538515e-04 -2.26293057e-02 -7.06170779e-03 -3.89914960e-03 4.20401292e-03 -5.95373474e-03 3.01703723e-04 -8.85426812e-03 6.14823867e-03 -3.76253808e-03 1.94695108e-02 5.81703056e-03 1.04003865e-02 2.97523080e-03 9.62714199e-03 5.28011331e-03
3.94361187e-03 3.03274412e-02 9.92738083e-03 5.59269404e-03 -6.09904295e-03 8.74722656e-03 -4.40901989e-04 1.30439280e-02 -9.07126255e-03 5.55340853e-03 -2.87513882e-02 -8.59142467e-03 -1.53624499e-02 -4.39502299e-03 -1.42218508e-02 -7.80010037e-03
7.45730381e-03 -1.20168135e-01 -3.59526649e-02 -1.80502571e-02 1.82998460e-02 -2.56331321e-02 1.32093637e-03 -3.78814675e-02 2.61126682e-02 -1.59553252e-02 8.26011524e-02 2.46873181e-02 4.41030189e-02 1.26151452e-02 4.08157669e-02 2.23859120e-02
-1.75324897e-03 4.09225523e-02 1.28101818e-02 6.74199779e-03 -6.89735124e-03 9.57845990e-03 -4.85932775e-04 1.42229488e-02 -9.82972328e-03 6.01363368e-03 -3.10930759e-02 -9.29103885e-03 -1.66094508e-02 -4.75135026e-03 -1.53737953e-02 -8.43195617e-03
-1.56592019e-03 4.77256998e-02 1.36652812e-02 7.17262086e-03 -7.69813498e-03 1.08972955e-02 -5.57076710e-04 1.63503550e-02 -1.12783471e-02 6.89731073e-03 -3.56770717e-02 -1.06621645e-02 -1.90645140e-02 -5.45421103e-03 -1.76479500e-02 -9.67920013e-03
-9.34645301e-04 -4.12845388e-02 -1.33582987e-02 -6.36684336e-03 6.98973425e-03 -1.00667309e-02 5.06048440e-04 -1.48575846e-02 1.02510601e-02 -6.27591042e-03 3.24828364e-02 9.70534608e-03 1.73514560e-02 4.96382173e-03 1.60622727e-02 8.80951807e-03
2.32358556e-03 -2.27872264e-02 -6.46715239e-03 -3.72371147e-03 3.60909244e-03 -5.02592651e-03 2.54497427e-04 -7.46622076e-03 5.16095385e-03 -3.15690786e-03 1.63405314e-02 4.88356454e-03 8.73207022e-03 2.49809097e-03 8.08347762e-03 4.43345541e-03
-5.92083391e-03 2.68598981e-02 7.52322283e-03 2.99229217e-03 -3.21582076e-03 4.28104913e-03 -2.26565156e-04 6.41890243e-03 -4.42929938e-03 2.70679942e-03 -1.40190059e-02 -4.18768171e-03 -7.48751406e-03 -2.14209384e-03 -6.93159550e-03 -3.80169298e-03
2.78173760e-03 -5.29912189e-02 -1.58462469e-02 -7.78232329e-03 8.84128734e-03 -1.20866243e-02 6.42197498e-04 -1.76731087e-02 1.21010896e-02 -7.38772657e-03 3.82403471e-02 1.14169884e-02 2.04145219e-02 5.84015436e-03 1.88978408e-02 1.03646675e-02
-1.50933769e-03 3.33703831e-02 9.45834536e-03 4.98206308e-03 -5.28950058e-03 7.46011408e-03 -3.79048579e-04 1.09609477e-02 -7.57424673e-03 4.63623134e-03 -2.39630695e-02 -7.16044288e-03 -1.28011052e-02 -3.66181275e-03 -1.18482774e-02 -6.49835216e-03
-2.69311504e-03 3.85146104e-02 1.12491986e-02 6.04836829e-03 -6.24207873e-03 8.82132351e-03 -4.48902952e-04 1.32135898e-02 -9.00510140e-03 5.50583890e-03 -2.84780860e-02 -8.50911252e-03 -1.52124083e-02 -4.35157400e-03 -1.40803773e-02 -7.72246579e-03
1.73441949e-03 2.61253025e-02 8.15377664e-03 4.76562325e-03 -5.44707011e-03 7.83250108e-03 -3.97813943e-04 1.18449219e-02 -8.24228581e-03 5.04696509e-03 -2.61437763e-02 -7.81305041e-03 -1.39715755e-02 -3.99724767e-03 -1.29349157e-02 -7.09426636e-03
3.85708245e-03 -6.80507161e-04 -5.49819088e-05 4.18123265e-04 -5.79289510e-04 9.74984025e-04 -4.92468862e-05 1.53343705e-03 -1.07439165e-03 6.59082667e-04 -3.41870752e-03 -1.02189987e-03 -1.82784139e-03 -5.22997580e-04 -1.69248413e-03 -9.28257185e-04
-4.55414178e-04 -1.98154654e-02 -6.03128830e-03 -3.32755782e-03 3.55635164e-03 -5.02323313e-03 2.56505708e-04 -7.51137314e-03 5.22099854e-03 -3.19466321e-03 1.65402908e-02 4.94292751e-03 8.83874670e-03 2.52869236e-03 8.18264298e-03 4.48783999e-03
-5.67428186e-04 3.53572145e-03 1.10970775e-03 5.35854371e-04 -5.24846138e-04 6.96472882e-04 -3.54152762e-05 1.00854540e-03 -6.91666384e-04 4.22695943e-04 -2.18358263e-03 -6.52365503e-04 -1.16605451e-03 -3.33528384e-04 -1.07914326e-03 -5.91870223e-04
7.17746385e-04 6.06633071e-03 1.89097435e-03 1.04060431e-03 -1.09451893e-03 1.48808002e-03 -7.76766246e-05 2.22212891e-03 -1.53004599e-03 9.35449265e-04 -4.83709620e-03 -1.44568388e-03 -2.58443435e-03 -7.39332056e-04 -2.39224662e-03 -1.31205586e-03
2.07365071e-03 1.04821920e-02 3.53143341e-03 2.00944999e-03 -2.19753711e-03 3.11537413e-03 -1.57739254e-04 4.62823408e-03 -3.20765073e-03 1.96399633e-03 -1.01656625e-02 -3.03760939e-03 -5.43136057e-03 -1.55384128e-03 -5.02803223e-03 -2.75767385e-03
2.14629527e-03 -2.48629209e-02 -8.09494127e-03 -4.03636647e-03 4.10589436e-03 -5.69984550e-03 2.89882504e-04 -8.48552678e-03 5.85881341e-03 -3.58301750e-03 1.85404923e-02 5.53997513e-03 9.90574341e-03 2.83380249e-03 9.16973222e-03 5.02922339e-03
-3.83059913e-03 2.21797749e-02 5.74349146e-03 2.86377268e-03 -2.86996854e-03 3.98073858e-03 -2.02332085e-04 5.90291992e-03 -4.02808888e-03 2.45197583e-03 -1.26666985e-02 -3.78733850e-03 -6.76819682e-03 -1.93634396e-03 -6.26268471e-03 -3.43504804e-03
3.90565069e-03 -5.21527380e-02 -1.60769913e-02 -8.15334916e-03 8.83746520e-03 -1.24505227e-02 6.29878021e-04 -1.83123555e-02 1.26107279e-02 -7.71304872e-03 3.98946032e-02 1.19191213e-02 2.13109497e-02 6.09661313e-03 1.97271984e-02 1.08195730e-02
1.07896409e-03 2.62492411e-02 7.63367396e-03 4.22388781e-03 -4.63871844e-03 6.57077041e-03 -3.34222568e-04 9.77105275e-03 -6.77375728e-03 4.15077712e-03 -2.14604344e-02 -6.41276967e-03 -1.14666484e-02 -3.28046712e-03 -1.06151588e-02 -5.82196750e-03
1.95427705e-03 -1.12815946e-02 -3.04987840e-03 -1.76367245e-03 1.83840899e-03 -2.59131985e-03 1.30156099e-04 -3.82893253e-03 2.65153847e-03 -1.62395940e-03 8.40189215e-03 2.51083169e-03 4.48952755e-03 1.28440955e-03 4.15619416e-03 2.27950001e-03
-1.78597774e-03 -2.37516519e-02 -7.36025395e-03 -4.35843272e-03 4.82702628e-03 -6.93355966e-03 3.50899674e-04 -1.04179652e-02 7.24732457e-03 -4.43764823e-03 2.29820199e-02 6.86806208e-03 1.22814178e-02 3.51366494e-03 1.13699939e-02 6.23597344e-03
-5.99497277e-03 7.92353079e-02 2.28498578e-02 9.67408251e-03 -1.08458186e-02 1.50341429e-02 -7.75070104e-04 2.25125384e-02 -1.55388396e-02 9.51457862e-03 -4.92425337e-02 -1.47157796e-02 -2.63138097e-02 -7.52799865e-03 -2.43602395e-02 -1.33604854e-02
-1.31259300e-03 1.48419142e-02 4.20620479e-03 1.93252950e-03 -2.16606585e-03 3.02367518e-03 -1.56156428e-04 4.51226346e-03 -3.12467199e-03 1.91137241e-03 -9.89502575e-03 -2.95687537e-03 -5.28734084e-03 -1.51264935e-03 -4.89479536e-03 -2.68458831e-03
3.59293702e-03 -3.68253663e-02 -1.05715608e-02 -5.31724934e-03 5.28533524e-03 -7.38046784e-03 3.70559137e-04 -1.06578488e-02 7.38284085e-03 -4.51237150e-03 2.33176686e-02 6.96629146e-03 1.24529088e-02 3.56209953e-03 1.15255695e-02 6.32133149e-03
-5.25477342e-04 2.17160340e-02 6.69359881e-03 3.55972676e-03 -3.74028552e-03 5.35542332e-03 -2.71446130e-04 7.94897508e-03 -5.50364004e-03 3.36623052e-03 -1.74240153e-02 -5.20624127e-03 -9.30879358e-03 -2.66305776e-03 -8.61722510e-03 -4.72620176e-03
-1.29417132e-03 6.44509029e-03 1.81619090e-03 8.73137440e-04 -9.02564672e-04 1.24048372e-03 -6.29642163e-05 1.82457443e-03 -1.25621387e-03 7.68478320e-04 -3.97222908e-03 -1.18670880e-03 -2.12130160e-03 -6.06790301e-04 -1.96333067e-03 -1.07681670e-03
-1.63000554e-03 6.06691092e-03 1.62725127e-03 9.65190120e-04 -1.04895537e-03 1.48613018e-03 -7.54396533e-05 2.23040092e-03 -1.54737837e-03 9.47225722e-04 -4.90454398e-03 -1.46567659e-03 -2.62077292e-03 -7.49788247e-04 -2.42623896e-03 -1.33069244e-03
-4.58711293e-03 -8.44380818e-03 -2.93043000e-03 -1.90405885e-03 2.28595478e-03 -3.29877739e-03 1.69121311e-04 -5.06866863e-03 3.55173973e-03 -2.17566313e-03 1.12793781e-02 3.37161240e-03 6.03033369e-03 1.72537740e-03 5.58351167e-03 3.06230178e-03
-2.11069966e-03 1.03865834e-02 2.99812597e-03 1.62110641e-03 -1.48246356e-03 2.03170534e-03 -1.04330000e-04 2.96206074e-03 -2.02603708e-03 1.23896473e-03 -6.38891617e-03 -1.90878054e-03 -3.41057219e-03 -9.75388684e-04 -3.15546500e-03 -1.73070235e-03
1.40943012e-04 -3.71674588e-03 -1.06664514e-03 -5.75362879e-04 6.12754375e-04 -8.42654263e-04 4.32486777e-05 -1.26433698e-03 8.76204984e-04 -5.36121777e-04 2.77495827e-03 8.29231576e-04 1.48268288e-03 4.24173020e-04 1.37256749e-03 7.52797234e-04
-1.35614001e-03 -1.68318599e-02 -5.28900744e-03 -2.93864473e-03 3.33663262e-03 -4.77101654e-03 2.42746828e-04 -7.19781686e-03 5.00516873e-03 -3.06401425e-03 1.58717148e-02 4.74304054e-03 8.48156307e-03 2.42655259e-03 7.85220321e-03 4.30660881e-03
3.62514541e-03 -2.48270063e-03 -5.86669776e-04 2.92469849e-05 -6.00864660e-05 1.11869129e-04 -5.99258601e-06 2.17958193e-04 -1.57304006e-04 9.65398795e-05 -5.02993935e-04 -1.50443797e-04 -2.69356737e-04 -7.70869301e-05 -2.49490840e-04 -1.36835020e-04
-1.05916895e-03 3.83019894e-02 1.22114858e-02 6.07403088e-03 -6.50951546e-03 9.13532171e-03 -4.64613287e-04 1.35790184e-02 -9.41351615e-03 5.76034514e-03 -2.98148636e-02 -8.90923385e-03 -1.59300007e-02 -4.55732690e-03 -1.47469249e-02 -8.08808487e-03
-5.41188475e-03 7.99185187e-02 2.34980062e-02 1.09583186e-02 -1.22282300e-02 1.73082296e-02 -8.75078898e-04 2.52970550e-02 -1.74903851e-02 1.06959594e-02 -5.53431772e-02 -1.65304150e-02 -2.95534879e-02 -8.45422968e-03 -2.73560323e-02 -1.50037445e-02
-5.64952893e-03 5.68380356e-02 1.67601034e-02 7.88574480e-03 -8.33654776e-03 1.16907051e-02 -5.95347490e-04 1.69791691e-02 -1.16488822e-02 7.11636152e-03 -3.67498249e-02 -1.09828003e-02 -1.96253322e-02 -5.61267091e-03 -1.81574337e-02 -9.95898247e-03
1.35575887e-03 4.08843420e-02 1.21246679e-02 6.75377529e-03 -7.37640308e-03 1.04733426e-02 -5.35607862e-04 1.57588292e-02 -1.09304050e-02 6.69187820e-03 -3.46555859e-02 -1.03561468e-02 -1.85184646e-02 -5.29801613e-03 -1.71440095e-02 -9.40278359e-03
-9.00547311e-04 -1.63029972e-02 -5.16622886e-03 -2.82837497e-03 3.04800272e-03 -4.31167474e-03 2.19146677e-04 -6.39906852e-03 4.43494879e-03 -2.71462905e-03 1.40464790e-02 4.19719052e-03 7.50423083e-03 2.14675884e-03 6.94645336e-03 3.80985881e-03
-1.50392973e-03 9.38106980e-03 2.73008319e-03 1.29734771e-03 -1.33690063e-03 1.74863928e-03 -9.00531886e-05 2.53935554e-03 -1.71942590e-03 1.04994839e-03 -5.42232441e-03 -1.61923107e-03 -2.89422600e-03 -8.27638723e-04 -2.67768512e-03 -1.46863773e-03
-3.66098341e-03 5.20645306e-02 1.60177089e-02 8.01360141e-03 -8.42872541e-03 1.18326740e-02 -6.06728194e-04 1.76548455e-02 -1.22226328e-02 7.48327747e-03 -3.87361757e-02 -1.15741724e-02 -2.06957497e-02 -5.92077011e-03 -1.91590264e-02 -1.05079357e-02
-7.94363115e-03 4.81390730e-02 1.18796695e-02 6.28219917e-03 -5.93395252e-03 8.56011268e-03 -4.28680127e-04 1.23949675e-02 -8.57623480e-03 5.24858013e-03 -2.71542612e-02 -8.11272766e-03 -1.45012382e-02 -4.14771540e-03 -1.34207746e-02 -7.36099249e-03
6.76351658e-04 1.16956709e-02 3.61539400e-03 2.06983555e-03 -2.32292525e-03 3.31659871e-03 -1.68379818e-04 4.98722354e-03 -3.46692791e-03 2.12257169e-03 -1.09915035e-02 -3.28469090e-03 -5.87346265e-03 -1.68034923e-03 -5.43745188e-03 -2.98222108e-03
-1.81904167e-03 1.56501327e-02 4.76384815e-03 2.27532024e-03 -2.39915843e-03 3.27390665e-03 -1.70634245e-04 4.77120792e-03 -3.27668618e-03 2.00466067e-03 -1.03365118e-02 -3.08781210e-03 -5.51600987e-03 -1.57744193e-03 -5.10280300e-03 -2.79883482e-03
3.02653247e-03 -2.27170512e-02 -7.49350199e-03 -2.91268737e-03 2.95091094e-03 -4.08961857e-03 2.07996025e-04 -5.93492342e-03 4.09659231e-03 -2.50253477e-03 1.29201077e-02 3.86110204e-03 6.90050377e-03 1.97342411e-03 6.38483698e-03 3.50185949e-03
3.41432588e-03 -4.68154065e-02 -1.32594826e-02 -7.03649595e-03 7.48552755e-03 -1.03112143e-02 5.24113362e-04 -1.53861344e-02 1.06892688e-02 -6.54155575e-03 3.38544920e-02 1.01166451e-02 1.80887394e-02 5.17490692e-03 1.67452972e-02 9.18410998e-03
4.63895092e-04 1.46839712e-02 4.16908367e-03 2.32236739e-03 -2.51986599e-03 3.56964814e-03 -1.82523509e-04 5.34292124e-03 -3.70639958e-03 2.26884545e-03 -1.17456289e-02 -3.50974803e-03 -6.27576420e-03 -1.79543870e-03 -5.80983423e-03 -3.18645872e-03
7.21030752e-04 -1.03850914e-02 -3.15341377e-03 -1.65265531e-03 1.83219521e-03 -2.52664811e-03 1.30560773e-04 -3.75733455e-03 2.58425204e-03 -1.58121204e-03 8.18309374e-03 2.44502607e-03 4.37162351e-03 1.25063153e-03 4.04683547e-03 2.21952680e-03
-2.94287130e-03 4.97863535e-03 1.20127934e-03 3.94113362e-04 -3.86055355e-04 4.94258944e-04 -2.51441943e-05 6.87885855e-04 -4.74400964e-04 2.88446405e-04 -1.48736814e-03 -4.44442965e-04 -7.93938059e-04 -2.27051074e-04 -7.34536792e-04 -4.02869337e-04
-1.05494901e-03 1.27822310e-02 3.61580099e-03 1.93168130e-03 -1.98695157e-03 2.72883871e-03 -1.37373907e-04 3.98656167e-03 -2.74472428e-03 1.67586049e-03 -8.65088124e-03 -2.58625415e-03 -4.62112064e-03 -1.32168422e-03 -4.27575130e-03 -2.34514032e-03
-5.90772182e-03 4.63466123e-02 1.31916162e-02 7.27298483e-03 -7.19289156e-03 1.01712840e-02 -5.11054241e-04 1.49076972e-02 -1.02883754e-02 6.29977463e-03 -3.25668976e-02 -9.72926524e-03 -1.73921753e-02 -4.97512799e-03 -1.60972457e-02 -8.82880669e-03
2.95626419e-03 -7.40629584e-02 -2.28732508e-02 -1.07986126e-02 1.22065293e-02 -1.69635471e-02 8.62836081e-04 -2.54219901e-02 1.76328328e-02 -1.07937651e-02 5.58982827e-02 1.67040713e-02 2.98698153e-02 8.54557473e-03 2.76529081e-02 1.51664754e-02
-8.40952038e-04 5.68533596e-03 1.66230579e-03 7.84855802e-04 -7.81534647e-04 1.08969980e-03 -5.53235586e-05 1.58480380e-03 -1.09057943e-03 6.66236796e-04 -3.44051328e-03 -1.02802913e-03 -1.83735287e-03 -5.25527808e-04 -1.70029176e-03 -9.32555296e-04
-9.07570822e-04 1.93050317e-02 6.00338588e-03 3.25404876e-03 -3.53721925e-03 5.01553854e-03 -2.54299055e-04 7.51270726e-03 -5.22234105e-03 3.19625204e-03 -1.65484343e-02 -4.94530983e-03 -8.84255208e-03 -2.52974709e-03 -8.18594173e-03 -4.48965561e-03
-1.33762578e-03 -5.56983612e-03 -1.92435738e-03 -1.13072596e-03 1.37768453e-03 -2.01273593e-03 1.01574595e-04 -3.06489342e-03 2.14388175e-03 -1.31312420e-03 6.80679828e-03 2.03430466e-03 3.63814342e-03 1.04091188e-03 3.36844428e-03 1.84744841e-03
1.71892229e-04 9.61909723e-03 3.05950176e-03 1.59825454e-03 -1.71388383e-03 2.41328380e-03 -1.23798105e-04 3.57027375e-03 -2.46518385e-03 1.50760554e-03 -7.79876160e-03 -2.33048829e-03 -4.16666968e-03 -1.19195809e-03 -3.85690900e-03 -2.11536232e-03
4.56860987e-04 -1.83700509e-02 -5.83276711e-03 -3.03772092e-03 3.07654892e-03 -4.33156872e-03 2.16780245e-04 -6.36152830e-03 4.42538457e-03 -2.70713377e-03 1.40131861e-02 4.18782746e-03 7.48803280e-03 2.14221841e-03 6.93197967e-03 3.80190415e-03
-9.16743302e-04 1.27063757e-02 3.82028474e-03 2.08707456e-03 -2.32915417e-03 3.30270547e-03 -1.67996244e-04 4.97271819e-03 -3.45414528e-03 2.11478258e-03 -1.09513532e-02 -3.27272597e-03 -5.85217867e-03 -1.67426921e-03 -5.41780330e-03 -2.97144242e-03
-4.91686398e-03 7.15023056e-02 1.97178721e-02 1.03446310e-02 -1.05728814e-02 1.47589110e-02 -7.65282661e-04 2.18786225e-02 -1.51285641e-02 9.25992429e-03 -4.79144789e-02 -1.43175125e-02 -2.55988128e-02 -7.32311327e-03 -2.36966442e-02 -1.29966270e-02
-3.56935337e-03 4.34340946e-02 1.22727612e-02 6.54941658e-03 -6.90793293e-03 9.74232610e-03 -4.92829189e-04 1.43682482e-02 -9.96105094e-03 6.09652791e-03 -3.15396562e-02 -9.42264125e-03 -1.68465823e-02 -4.81925718e-03 -1.55939534e-02 -8.55267514e-03
6.93348097e-03 -7.44730607e-02 -1.98089667e-02 -9.76687483e-03 1.00129070e-02 -1.37184169e-02 7.02103134e-04 -2.02136934e-02 1.39039326e-02 -8.51410441e-03 4.40378375e-02 1.31503036e-02 2.35083960e-02 6.72457460e-03 2.17577145e-02 1.19333249e-02
2.73786508e-03 3.47438231e-02 1.08332429e-02 6.21203426e-03 -6.36610622e-03 8.81249271e-03 -4.50400024e-04 1.29815545e-02 -8.92307609e-03 5.45211369e-03 -2.81883366e-02 -8.42391886e-03 -1.50582762e-02 -4.30763746e-03 -1.39375245e-02 -7.64425844e-03
7.50114303e-03 -7.84596279e-02 -2.22727656e-02 -1.12709887e-02 1.19881006e-02 -1.69357900e-02 8.59590597e-04 -2.51400117e-02 1.74548458e-02 -1.06797405e-02 5.52890263e-02 1.65196694e-02 2.95365993e-02 8.44980218e-03 2.73421593e-02 1.49960704e-02
-2.14581029e-03 2.99342498e-02 8.26064870e-03 4.18779952e-03 -4.56871698e-03 6.43876009e-03 -3.25959816e-04 9.61167738e-03 -6.67780312e-03 4.08685952e-03 -2.11612042e-02 -6.32344838e-03 -1.13067962e-02 -3.23477760e-03 -1.04674194e-02 -5.74094849e-03
2.45162263e-03 -4.33166958e-02 -1.29119633e-02 -6.59238640e-03 7.03223934e-03 -9.94706806e-03 5.00010443e-04 -1.46229770e-02 1.01503273e-02 -6.20958442e-03 3.21429074e-02 9.60496254e-03 1.71734318e-02 4.91303112e-03 1.58977360e-02 8.71927477e-03
1.31889107e-03 -3.12993452e-02 -9.31058452e-03 -4.89191106e-03 5.29441703e-03 -7.53314700e-03 3.83187522e-04 -1.12699466e-02 7.82555342e-03 -4.78845416e-03 2.47946847e-02 7.40933511e-03 1.32481409e-02 3.79011151e-03 1.22643691e-02 6.72650337e-03
-1.36337115e-03 -1.80838462e-02 -5.98318875e-03 -2.94095045e-03 3.23486608e-03 -4.54889471e-03 2.32970371e-04 -6.82377163e-03 4.72455006e-03 -2.88877916e-03 1.49607761e-02 4.47114510e-03 7.99481105e-03 2.28723139e-03 7.40125822e-03 4.05928539e-03
1.14853820e-03 2.65225973e-02 8.08824785e-03 4.61137481e-03 -5.27159777e-03 7.57065462e-03 -3.84654122e-04 1.14430813e-02 -7.96242245e-03 4.87548672e-03 -2.52550542e-02 -7.54742185e-03 -1.34964325e-02 -3.86130600e-03 -1.24950102e-02 -6.85299700e-03
-3.03231133e-03 1.43858232e-02 3.98207037e-03 1.89359696e-03 -1.66556856e-03 2.17984268e-03 -1.13640002e-04 3.10334051e-03 -2.10795552e-03 1.28750748e-03 -6.63247844e-03 -1.98099366e-03 -3.53890588e-03 -1.01198885e-03 -3.27372574e-03 -1.79556094e-03
8.11631326e-04 -4.91275303e-02 -1.55722285e-02 -8.12559482e-03 7.70360325e-03 -1.08866096e-02 5.43459435e-04 -1.57766882e-02 1.08379507e-02 -6.62441365e-03 3.42334583e-02 1.02297822e-02 1.82894953e-02 5.23207663e-03 1.69295780e-02 9.28510725e-03
-6.47518272e-03 7.02043399e-02 1.97117366e-02 1.04416115e-02 -1.02102375e-02 1.40481759e-02 -7.24899466e-04 2.09470391e-02 -1.45457536e-02 8.89706146e-03 -4.60341908e-02 -1.37583343e-02 -2.45853532e-02 -7.03397207e-03 -2.27580443e-02 -1.24819782e-02
1.87493698e-03 -6.82546757e-03 -1.49524701e-03 -8.41402332e-04 8.36314633e-04 -1.15347747e-03 5.85795788e-05 -1.71832228e-03 1.19038392e-03 -7.27705134e-04 3.76585731e-03 1.12543744e-03 2.01212405e-03 5.75617887e-04 1.86257914e-03 1.02154980e-03
1.62509771e-03 -1.96565837e-02 -5.28358947e-03 -2.87139742e-03 3.02629173e-03 -4.18391405e-03 2.12852290e-04 -6.18335418e-03 4.18187492e-03 -2.56144209e-03 1.32365329e-02 3.95462755e-03 7.06950296e-03 2.02223379e-03 6.54321397e-03 3.58871021e-03
1.00820640e-03 -1.29829636e-02 -4.00967337e-03 -2.03051185e-03 2.15864368e-03 -3.05825379e-03 1.55225804e-04 -4.51921811e-03 3.13213747e-03 -1.91618036e-03 9.91682056e-03 2.96293688e-03 5.29738050e-03 1.51545217e-03 4.90370113e-03 2.68948497e-03
9.57044400e-03 -8.35062712e-02 -2.58461237e-02 -1.26264924e-02 1.27629824e-02 -1.78555176e-02 9.12499556e-04 -2.65570115e-02 1.83177181e-02 -1.11936489e-02 5.78963831e-02 1.72974449e-02 3.09186038e-02 8.84425733e-03 2.86161453e-02 1.56949461e-02
-3.46025196e-03 4.23194617e-02 1.30024916e-02 5.98075381e-03 -5.94438566e-03 8.32572859e-03 -4.24001773e-04 1.20882196e-02 -8.33087135e-03 5.08599123e-03 -2.62764934e-02 -7.85140134e-03 -1.40296146e-02 -4.01232159e-03 -1.29808448e-02 -7.11967191e-03
1.84148178e-03 -2.82891169e-02 -8.43730103e-03 -4.30828892e-03 4.44660010e-03 -6.26157504e-03 3.21562256e-04 -9.29418206e-03 6.39245752e-03 -3.90999252e-03 2.02247296e-02 6.04226487e-03 1.08017456e-02 3.08994134e-03 9.99808032e-03 5.48357051e-03
-2.03060731e-03 7.37124030e-03 2.07130867e-03 9.09498893e-04 -9.20891354e-04 1.25198974e-03 -6.30926443e-05 1.78840384e-03 -1.23362115e-03 7.53528671e-04 -3.89337027e-03 -1.16301130e-03 -2.07931455e-03 -5.94793179e-04 -1.92455051e-03 -1.05554110e-03
1.49369682e-03 5.64552611e-03 1.88583834e-03 1.11086131e-03 -1.26619614e-03 1.81927998e-03 -9.23527259e-05 2.74624745e-03 -1.91128266e-03 1.17033324e-03 -6.06208388e-03 -1.81161647e-03 -3.23956460e-03 -9.26831679e-04 -2.99918116e-03 -1.64492684e-03
7.26497825e-03 -3.87217477e-02 -1.12926662e-02 -5.39316796e-03 5.27420128e-03 -7.24064093e-03 3.53716692e-04 -1.02652339e-02 7.09337508e-03 -4.33912035e-03 2.24048067e-02 6.69436902e-03 1.19674746e-02 3.42350034e-03 1.10771330e-02 6.07538410e-03
1.59904023e-03 -8.75219144e-03 -2.57587223e-03 -1.49173895e-03 1.61827798e-03 -2.31153960e-03 1.17464981e-04 -3.48933367e-03 2.42478214e-03 -1.48426578e-03 7.68711185e-03 2.29729293e-03 4.10791626e-03 1.17525226e-03 3.80303012e-03 2.08580587e-03
1.45883877e-02 -1.48050547e-01 -3.99710126e-02 -2.03380920e-02 2.01368798e-02 -2.72880476e-02 1.45103596e-03 -4.03501205e-02 2.78667584e-02 -1.69807598e-02 8.78513157e-02 2.62487456e-02 4.69323695e-02 1.34253185e-02 4.34411652e-02 2.38257144e-02
-3.63208540e-03 6.39668852e-02 1.91572476e-02 1.08410334e-02 -1.08078867e-02 1.49169471e-02 -7.62973446e-04 2.23383438e-02 -1.55180236e-02 9.49575007e-03 -4.91643362e-02 -1.46909375e-02 -2.62680799e-02 -7.51484139e-03 -2.43168864e-02 -1.33368298e-02
3.60808917e-03 -3.40678990e-02 -9.56625864e-03 -5.09257987e-03 5.16385213e-03 -7.16445129e-03 3.65980522e-04 -1.05187306e-02 7.17765698e-03 -4.40256298e-03 2.27234270e-02 6.78797206e-03 1.21355727e-02 3.47137428e-03 1.12322047e-02 6.16046088e-03
-2.34490051e-03 3.10700876e-03 7.17881368e-04 -4.77116846e-05 2.20189933e-04 -3.49225680e-04 1.79455001e-05 -6.13410200e-04 4.38408897e-04 -2.69287586e-04 1.39990007e-03 4.18525975e-04 7.48745166e-04 2.14254280e-04 6.93374721e-04 3.80287529e-04
5.17462473e-03 -7.05405399e-02 -2.11861338e-02 -1.04391137e-02 1.07864588e-02 -1.48513364e-02 7.54353241e-04 -2.20639948e-02 1.53229712e-02 -9.37378127e-03 4.85070460e-02 1.44949639e-02 2.59165131e-02 7.41421897e-03 2.39911228e-02 1.31581491e-02
7.00843614e-03 -1.19191378e-01 -3.36980894e-02 -1.63387638e-02 1.79639924e-02 -2.53108460e-02 1.27997575e-03 -3.76826935e-02 2.59648263e-02 -1.58927236e-02 8.22827742e-02 2.45869514e-02 4.39632908e-02 1.25774676e-02 4.06992324e-02 2.23218668e-02
-1.76719902e-03 1.82909928e-02 5.35538979e-03 3.33143538e-03 -2.73069716e-03 3.78910173e-03 -1.91605155e-04 5.40621160e-03 -3.71051184e-03 2.27019656e-03 -1.16953598e-02 -3.49562615e-03 -6.24768762e-03 -1.78704900e-03 -5.78170735e-03 -3.17109167e-03
9.97642800e-03 -1.98725820e-01 -5.32859489e-02 -2.96284370e-02 3.01726889e-02 -4.28820699e-02 2.19532708e-03 -6.36390075e-02 4.41810079e-02 -2.70330478e-02 1.39918089e-01 4.18072827e-02 7.47513324e-02 2.13852879e-02 6.91999197e-02 3.79533358e-02
-1.21764583e-03 -3.57084908e-02 -1.10912314e-02 -6.20826101e-03 6.92854030e-03 -9.89075936e-03 5.01964474e-04 -1.48676848e-02 1.03324018e-02 -6.32632850e-03 3.27637941e-02 9.79135651e-03 1.75087824e-02 5.00917993e-03 1.62093900e-02 8.89018178e-03
6.04059966e-03 -1.88576207e-02 -5.24959760e-03 -2.50216387e-03 2.64016585e-03 -3.55277467e-03 1.77969356e-04 -5.06870123e-03 3.46483476e-03 -2.11972254e-03 1.09589677e-02 3.27368872e-03 5.85293723e-03 1.67432975e-03 5.41769341e-03 2.97138304e-03
-2.24264897e-03 2.03714669e-02 5.99715393e-03 3.13026807e-03 -3.30142956e-03 4.49012779e-03 -2.29829020e-04 6.64342847e-03 -4.55970876e-03 2.78651319e-03 -1.43839922e-02 -4.29971889e-03 -7.68530834e-03 -2.19796505e-03 -7.11088395e-03 -3.90014029e-03
2.85811722e-04 -1.39727294e-02 -4.00559511e-03 -2.14341027e-03 2.02206685e-03 -2.79568834e-03 1.41393219e-04 -4.08725860e-03 2.80478154e-03 -1.71649829e-03 8.88064504e-03 2.65340391e-03 4.74390946e-03 1.35712791e-03 4.39144298e-03 2.40852637e-03
-2.14669853e-03 2.20783390e-02 7.05781346e-03 3.66139482e-03 -3.66545236e-03 5.05622616e-03 -2.60363246e-04 7.55346753e-03 -5.22014545e-03 3.19077866e-03 -1.65050589e-02 -4.93135815e-03 -8.81581940e-03 -2.52183992e-03 -8.15984048e-03 -4.47536912e-03
2.50740093e-04 1.40954861e-02 4.26424900e-03 2.29881261e-03 -2.40326393e-03 3.36884730e-03 -1.70498941e-04 5.00014890e-03 -3.47006833e-03 2.12329999e-03 -1.09903235e-02 -3.28410068e-03 -5.87201072e-03 -1.67989056e-03 -5.43590542e-03 -2.98137194e-03
-3.08829173e-03 5.66851348e-02 1.73030458e-02 9.02004726e-03 -9.54159442e-03 1.35259517e-02 -6.85788342e-04 2.02863105e-02 -1.40674021e-02 8.61104764e-03 -4.45888042e-02 -1.33246267e-02 -2.38266177e-02 -6.81662746e-03 -2.20580865e-02 -1.20979492e-02
5.45544899e-04 -2.06588842e-02 -6.00666553e-03 -3.33718560e-03 3.37989652e-03 -4.75796033e-03 2.40222522e-04 -7.02060619e-03 4.86629922e-03 -2.97910045e-03 1.54162394e-02 4.60676197e-03 8.23699031e-03 2.35647592e-03 7.62521708e-03 4.18212358e-03
2.36572814e-03 -3.02329101e-02 -9.41034779e-03 -4.70341742e-03 4.60839830e-03 -6.44192379e-03 3.26496549e-04 -9.48796235e-03 6.55046245e-03 -4.00497578e-03 2.06972808e-02 6.18367689e-03 1.10529289e-02 3.16170463e-03 1.02298558e-02 5.61071234e-03
2.48760474e-03 -5.34873316e-03 -1.29860779e-03 -2.76558974e-04 2.21528928e-04 -1.93242493e-04 8.62634806e-06 -1.53587840e-04 6.86850763e-05 -4.09116183e-05 1.98603884e-04 5.86831702e-05 1.03886705e-04 2.95908139e-05 9.55327050e-05 5.24001880e-05
9.17423284e-04 -2.59367526e-02 -8.31051357e-03 -4.18940745e-03 4.53981804e-03 -6.30952977e-03 3.21408239e-04 -9.47645307e-03 6.58529066e-03 -4.03011777e-03 2.08724886e-02 6.23755436e-03 1.11537389e-02 3.19101266e-03 1.03259049e-02 5.66333206e-03
-3.60854249e-03 7.87901133e-02 2.20892522e-02 1.16954278e-02 -1.23116737e-02 1.71811637e-02 -8.87839182e-04 2.57860422e-02 -1.78245213e-02 1.08969668e-02 -5.64186461e-02 -1.68605037e-02 -3.01462933e-02 -8.62438884e-03 -2.79073566e-02 -1.53060639e-02
-4.00507171e-03 5.71703985e-02 1.44809755e-02 8.57245736e-03 -8.41733254e-03 1.13594458e-02 -5.74550126e-04 1.64692663e-02 -1.12892613e-02 6.92010531e-03 -3.57176363e-02 -1.06717162e-02 -1.90750789e-02 -5.45664225e-03 -1.76557712e-02 -9.68352612e-03
