7.61359325e-03 3.90687697e-02 3.69116385e-03 1.53279994e-02 -1.53572848e-02 1.64588578e-02 1.43110426e-02 -2.65174289e-03 -6.90368889e-03 9.01364163e-03 -3.04360669e-02 -8.77585169e-03 -2.03473754e-02 -3.67485126e-03 -2.81298216e-02 -1.20660663e-02
5.26661612e-03 1.93577372e-02 1.87451940e-03 8.01634882e-03 -8.09441600e-03 8.69342871e-03 7.57369353e-03 -1.40920980e-03 -3.65803437e-03 4.78034513e-03 -1.61390919e-02 -4.65385849e-03 -1.07909972e-02 -1.94892718e-03 -1.49189793e-02 -6.39941264e-03
-8.05804692e-03 -3.59581113e-02 -3.39158787e-03 -1.46785015e-02 1.44500053e-02 -1.55371865e-02 -1.35001270e-02 2.50037014e-03 6.51490642e-03 -8.51226877e-03 2.87403259e-02 8.28741211e-03 1.92158762e-02 3.47048882e-03 2.65659243e-02 1.13952821e-02
-5.96818142e-03 -3.22232693e-02 -2.93354527e-03 -1.21022537e-02 1.20296255e-02 -1.28455106e-02 -1.11266728e-02 2.04777857e-03 5.35618979e-03 -7.00072665e-03 2.36358419e-02 6.81361277e-03 1.57984272e-02 2.85328529e-03 2.18399744e-02 9.36803315e-03
-1.86675303e-02 -8.79076868e-02 -7.63261458e-03 -3.27933133e-02 3.27239968e-02 -3.48698013e-02 -2.95808911e-02 5.32599306e-03 1.42286159e-02 -1.86050721e-02 6.26650453e-02 1.80676877e-02 4.18906547e-02 7.56726274e-03 5.78923076e-02 2.48308759e-02
6.75824704e-03 3.46134976e-02 3.02589010e-03 1.26697952e-02 -1.25278700e-02 1.34828798e-02 1.16316034e-02 -2.13694084e-03 -5.60098886e-03 7.31593138e-03 -2.46966463e-02 -7.12067867e-03 -1.65099166e-02 -2.98178010e-03 -2.28226874e-02 -9.78953484e-03
-9.38247424e-03 -4.89033423e-02 -4.40849317e-03 -1.78066250e-02 1.79493390e-02 -1.91987548e-02 -1.65430047e-02 3.08056083e-03 7.99165014e-03 -1.04448432e-02 3.52611467e-02 1.01669505e-02 2.35737134e-02 4.25761798e-03 3.25920507e-02 1.39801009e-02
-4.68380703e-03 -2.47221272e-02 -2.23133457e-03 -9.36099607e-03 9.16248467e-03 -9.76038817e-03 -8.43637157e-03 1.55392778e-03 4.06384375e-03 -5.30826021e-03 1.79141872e-02 5.16375853e-03 1.19718891e-02 2.16221251e-03 1.65470075e-02 7.09745707e-03
1.01425517e-02 5.40706888e-02 4.70247725e-03 1.92909949e-02 -1.91106908e-02 2.07122415e-02 1.79290101e-02 -3.33666988e-03 -8.66582617e-03 1.13222348e-02 -3.82298976e-02 -1.10199153e-02 -2.55510695e-02 -4.61468147e-03 -3.53216529e-02 -1.51509224e-02
8.88600945e-03 4.97892760e-02 4.51540155e-03 1.75817218e-02 -1.80155598e-02 1.90014988e-02 1.64675973e-02 -2.90946965e-03 -7.88063090e-03 1.02881594e-02 -3.47354487e-02 -1.00140814e-02 -2.32170559e-02 -4.19301912e-03 -3.20893601e-02 -1.37640350e-02
7.67109729e-03 3.82702351e-02 3.42197972e-03 1.44385817e-02 -1.45051228e-02 1.54746072e-02 1.34230573e-02 -2.48372159e-03 -6.47610333e-03 8.46565049e-03 -2.85825655e-02 -8.24168045e-03 -1.91101115e-02 -3.45137157e-03 -2.64200456e-02 -1.13327401e-02
6.15993328e-03 3.22875194e-02 2.95289373e-03 1.22699346e-02 -1.22857671e-02 1.31100742e-02 1.14105949e-02 -2.11300352e-03 -5.50257089e-03 7.18935393e-03 -2.42780223e-02 -7.00078625e-03 -1.62318926e-02 -2.93160533e-03 -2.24400517e-02 -9.62546933e-03
-5.24509372e-03 -2.85753403e-02 -2.57507921e-03 -1.03191948e-02 1.04473690e-02 -1.11190127e-02 -9.63739958e-03 1.78845436e-03 4.65139048e-03 -6.07738132e-03 2.05185153e-02 5.91622619e-03 1.37169659e-02 2.47736741e-03 1.89627875e-02 8.13391153e-03
-5.59186749e-03 -3.27085815e-02 -2.87464424e-03 -1.15789156e-02 1.17227454e-02 -1.23800617e-02 -1.06999567e-02 1.94277382e-03 5.14666177e-03 -6.70872582e-03 2.26482041e-02 6.53014192e-03 1.51396412e-02 2.73434678e-03 2.09259894e-02 8.97575542e-03
-2.03271545e-02 -1.20708779e-01 -1.09295053e-02 -4.21690084e-02 4.18542996e-02 -4.51364778e-02 -3.91487442e-02 7.22437678e-03 1.88715402e-02 -2.46231817e-02 8.31517503e-02 2.39792708e-02 5.55998832e-02 1.00415312e-02 7.68689960e-02 3.29725593e-02
1.25240209e-02 6.76987395e-02 5.94249181e-03 2.39098202e-02 -2.40356326e-02 2.59337015e-02 2.25132573e-02 -4.17446066e-03 -1.08461687e-02 1.41740926e-02 -4.78554890e-02 -1.38009870e-02 -3.19968797e-02 -5.77897904e-03 -4.42386754e-02 -1.89760346e-02
4.47517727e-03 2.21327525e-02 2.00051977e-03 8.60791281e-03 -8.49433243e-03 9.09853447e-03 7.88237341e-03 -1.44450378e-03 -3.79498047e-03 4.95999306e-03 -1.67476088e-02 -4.82948031e-03 -1.11981668e-02 -2.02244567e-03 -1.54820774e-02 -6.64097304e-03
4.82540810e-03 2.92667300e-02 2.59193825e-03 1.08402055e-02 -1.08747054e-02 1.15560442e-02 1.00247106e-02 -1.83509674e-03 -4.83165449e-03 6.30668039e-03 -2.12895181e-02 -6.13770215e-03 -1.42309451e-02 -2.57037394e-03 -1.96706764e-02 -8.43736809e-03
-5.64065296e-03 -3.02131772e-02 -2.64764298e-03 -1.11141261e-02 1.10936118e-02 -1.18182441e-02 -1.02574248e-02 1.86959701e-03 4.92437789e-03 -6.43134722e-03 2.17091199e-02 6.25806302e-03 1.45094581e-02 2.62048189e-03 2.00562850e-02 8.60286132e-03
-3.67341489e-02 -1.70862436e-01 -1.54971555e-02 -6.47944883e-02 6.59199879e-02 -7.06404075e-02 -6.08153641e-02 1.12713687e-02 2.93469932e-02 -3.83852758e-02 1.29594818e-01 3.73631082e-02 8.66249278e-02 1.56454612e-02 1.19762979e-01 5.13716638e-02
-3.00160516e-03 -1.49227623e-02 -1.40290591e-03 -5.83420042e-03 5.86484466e-03 -6.29219832e-03 -5.46459435e-03 1.00750895e-03 2.63366057e-03 -3.44174937e-03 1.16220647e-02 3.35128815e-03 7.77044659e-03 1.40338088e-03 1.07429074e-02 4.60811378e-03
-1.27402265e-02 -6.67776987e-02 -5.68905799e-03 -2.39474364e-02 2.37010401e-02 -2.53035631e-02 -2.19471063e-02 4.04894724e-03 1.05631119e-02 -1.38035100e-02 4.66105938e-02 1.34394681e-02 3.11606247e-02 5.62789850e-03 4.30772975e-02 1.84775703e-02
-6.17831666e-03 -3.39719206e-02 -2.80681322e-03 -1.17378188e-02 1.16383526e-02 -1.23930443e-02 -1.07563948e-02 1.95508567e-03 5.16184513e-03 -6.74269162e-03 2.27561183e-02 6.55927369e-03 1.52069237e-02 2.74677482e-03 2.10172459e-02 9.01479274e-03
-3.53937363e-03 -1.25447046e-02 -9.95197217e-04 -4.25376277e-03 4.09371778e-03 -4.41827020e-03 -3.81405442e-03 7.08843058e-04 1.84272265e-03 -2.40863021e-03 8.13195948e-03 2.34461483e-03 5.43575827e-03 9.81841353e-04 7.51515897e-03 3.22354562e-03
1.69170543e-03 6.80318847e-03 5.18165645e-04 2.32561468e-03 -2.18420313e-03 2.29758047e-03 1.97352911e-03 -3.59758182e-04 -9.47962923e-04 1.23827043e-03 -4.17993963e-03 -1.20490673e-03 -2.79362942e-03 -5.04536903e-04 -3.86174885e-03 -1.65645045e-03
-1.53592881e-02 -7.55034611e-02 -6.79895561e-03 -2.81661004e-02 2.83946004e-02 -3.03173661e-02 -2.63649970e-02 4.86029731e-03 1.27057284e-02 -1.66047085e-02 5.60687631e-02 1.61690731e-02 3.74909490e-02 6.77096145e-03 5.18314615e-02 2.22328156e-02
-2.90009938e-03 -1.33997463e-02 -1.09196769e-03 -4.32466669e-03 4.20617126e-03 -4.40855324e-03 -3.76227056e-03 6.82966842e-04 1.80705613e-03 -2.35852459e-03 7.96123035e-03 2.29245983e-03 5.31476922e-03 9.59843048e-04 7.34438049e-03 3.15007893e-03
2.06405297e-03 7.47771934e-03 5.50644705e-04 1.57017563e-03 -1.51596393e-03 1.63337681e-03 1.39169744e-03 -2.57770444e-04 -6.71710819e-04 8.77626764e-04 -2.96268612e-03 -8.53944686e-04 -1.97995733e-03 -3.57581710e-04 -2.73710536e-03 -1.17405481e-03
-2.44598538e-02 -1.31550014e-01 -1.13914339e-02 -4.67476100e-02 4.63354141e-02 -4.95521761e-02 -4.29902300e-02 7.88712967e-03 2.06800271e-02 -2.70057917e-02 9.12522972e-02 2.63073128e-02 6.09730706e-02 1.10121425e-02 8.42807814e-02 3.61508280e-02
5.22727659e-03 2.73493063e-02 2.54482357e-03 1.02881044e-02 -1.02140307e-02 1.08729471e-02 9.41959023e-03 -1.73825677e-03 -4.54720063e-03 5.94120193e-03 -2.00562719e-02 -5.78244682e-03 -1.34068513e-02 -2.42138794e-03 -1.85335856e-02 -7.94975832e-03
8.10233504e-03 4.06460166e-02 3.65738641e-03 1.52553013e-02 -1.53408572e-02 1.65155176e-02 1.43640889e-02 -2.65242904e-03 -6.93564536e-03 9.06145573e-03 -3.05902530e-02 -8.82186834e-03 -2.04560254e-02 -3.69484280e-03 -2.82816049e-02 -1.21310893e-02
-1.45203732e-02 -6.89981878e-02 -6.81735715e-03 -2.79925428e-02 2.83843689e-02 -3.07822637e-02 -2.66785901e-02 4.95138252e-03 1.28868390e-02 -1.68465059e-02 5.68956360e-02 1.64049398e-02 3.80368978e-02 6.86952239e-03 5.25879487e-02 2.25575026e-02
9.08740680e-04 3.00874072e-03 5.02562500e-04 2.04817811e-03 -2.18035514e-03 2.40670587e-03 2.11381097e-03 -4.01896046e-04 -1.02617696e-03 1.34246110e-03 -4.53529740e-03 -1.30806118e-03 -3.03325336e-03 -5.47839503e-04 -4.19431599e-03 -1.79916539e-03
-3.39300372e-04 4.84637730e-03 3.78476194e-04 1.28125178e-03 -1.30429689e-03 1.37410895e-03 1.20125629e-03 -2.21153008e-04 -5.77436527e-04 7.54258770e-04 -2.54810741e-03 -7.34546105e-04 -1.70316559e-03 -3.07602284e-04 -2.35478883e-03 -1.01008092e-03
-7.03084236e-03 -3.90983224e-02 -3.41062341e-03 -1.35568110e-02 1.40896030e-02 -1.48284324e-02 -1.28647042e-02 2.29325611e-03 6.12346875e-03 -7.98831787e-03 2.69930996e-02 7.77300121e-03 1.80237629e-02 3.25510767e-03 2.49166526e-02 1.06878076e-02
4.11370676e-03 2.24638823e-02 1.88173179e-03 7.77934911e-03 -7.81751424e-03 8.36618152e-03 7.21919071e-03 -1.32280146e-03 -3.47338081e-03 4.53899289e-03 -1.53176673e-02 -4.41566436e-03 -1.02381231e-02 -1.84906833e-03 -1.41511885e-02 -6.06989162e-03
2.92741740e-03 1.96541026e-02 1.64194126e-03 6.47570472e-03 -6.36913022e-03 6.80472609e-03 5.86898578e-03 -1.04224298e-03 -2.82326667e-03 3.68569233e-03 -1.24426391e-02 -3.58630414e-03 -8.31499696e-03 -1.50166103e-03 -1.14926910e-02 -4.92949924e-03
7.15994276e-03 3.03996690e-02 2.80172215e-03 1.20521467e-02 -1.19073857e-02 1.28723523e-02 1.11787328e-02 -2.05759704e-03 -5.38567174e-03 7.04210019e-03 -2.37720702e-02 -6.85571041e-03 -1.58972107e-02 -2.87115434e-03 -2.19792239e-02 -9.42793209e-03
2.78686103e-03 8.30665138e-03 7.53815926e-04 3.29213450e-03 -3.34858778e-03 3.54385073e-03 3.08039389e-03 -5.73241967e-04 -1.48718350e-03 1.94352621e-03 -6.56349258e-03 -1.89267250e-03 -4.38857591e-03 -7.92600214e-04 -6.06754050e-03 -2.60265102e-03
-4.96827811e-03 -2.22559143e-02 -1.96891278e-03 -8.46738182e-03 8.42841156e-03 -8.99882615e-03 -7.81736523e-03 1.44865783e-03 3.76636651e-03 -4.92012082e-03 1.66111439e-02 4.79018036e-03 1.11072036e-02 2.00601504e-03 1.53562650e-02 6.58699637e-03
1.14280323e-03 5.91308810e-03 5.74824109e-04 2.42172577e-03 -2.44264374e-03 2.60554650e-03 2.26053526e-03 -4.18613607e-04 -1.09099771e-03 1.42568885e-03 -4.81406832e-03 -1.38807902e-03 -3.21850833e-03 -5.81276196e-04 -4.44953935e-03 -1.90859905e-03
1.49299274e-03 5.92784816e-03 5.21986221e-04 2.20110430e-03 -2.21409020e-03 2.31737620e-03 2.01751804e-03 -3.66754102e-04 -9.68096545e-04 1.26419519e-03 -4.26671701e-03 -1.23039354e-03 -2.85261427e-03 -5.15221502e-04 -3.94343259e-03 -1.69147353e-03
4.26531862e-03 1.77389942e-02 1.64330984e-03 6.88773254e-03 -6.94057951e-03 7.42573012e-03 6.40559802e-03 -1.18300074e-03 -3.08708404e-03 4.03540954e-03 -1.36250081e-02 -3.92822875e-03 -9.10813268e-03 -1.64498587e-03 -1.25921993e-02 -5.40135615e-03
-7.93176889e-03 -3.72553766e-02 -3.56349605e-03 -1.50963319e-02 1.50808580e-02 -1.61242150e-02 -1.40003245e-02 2.58960994e-03 6.75936136e-03 -8.83161277e-03 2.98209134e-02 8.59872997e-03 1.99384224e-02 3.60095059e-03 2.75653955e-02 1.18240369e-02
9.74287221e-04 1.00133615e-02 7.60331750e-04 3.09299794e-03 -3.07105132e-03 3.27075133e-03 2.82557611e-03 -5.11037826e-04 -1.36386801e-03 1.77771470e-03 -5.99995209e-03 -1.73049618e-03 -4.01197514e-03 -7.24974961e-04 -5.54503780e-03 -2.37844093e-03
-8.39483459e-03 -4.29805107e-02 -4.01826296e-03 -1.65125821e-02 1.67371407e-02 -1.79394372e-02 -1.54908868e-02 2.84196157e-03 7.46388035e-03 -9.75101907e-03 3.29213254e-02 9.49075073e-03 2.20062193e-02 3.97456018e-03 3.04234382e-02 1.30498558e-02
5.31231472e-03 2.47379690e-02 2.16755876e-03 9.11390036e-03 -9.21312999e-03 9.87969711e-03 8.55970010e-03 -1.58321438e-03 -4.12490917e-03 5.39499288e-03 -1.82017945e-02 -5.24827652e-03 -1.21694002e-02 -2.19791778e-03 -1.68248247e-02 -7.21682003e-03
-3.02213384e-03 -1.52869346e-02 -1.45232363e-03 -6.23614155e-03 6.24646293e-03 -6.70690043e-03 -5.80237294e-03 1.07632997e-03 2.80155195e-03 -3.66296899e-03 1.23645412e-02 3.56563576e-03 8.26760475e-03 1.49320601e-03 1.14305019e-02 4.90305061e-03
-4.34890110e-03 -1.72905587e-02 -1.33542286e-03 -6.16598828e-03 5.70509955e-03 -6.11220580e-03 -5.18118963e-03 9.51260037e-04 2.49212096e-03 -3.25713586e-03 1.09876376e-02 3.16748186e-03 7.34376814e-03 1.32634246e-03 1.01517309e-02 4.35445411e-03
1.08032804e-02 6.71003014e-02 5.59544843e-03 2.11402643e-02 -2.16516946e-02 2.29896121e-02 2.00093258e-02 -3.66652058e-03 -9.61864181e-03 1.25742899e-02 -4.24449258e-02 -1.22399833e-02 -2.83813830e-02 -5.12553426e-03 -3.92382257e-02 -1.68307126e-02
-6.63088285e-04 -1.57012546e-03 -2.56775733e-04 -1.18568935e-03 1.20406901e-03 -1.31558871e-03 -1.14899629e-03 2.16872359e-04 5.57449996e-04 -7.29022489e-04 2.46243039e-03 7.10231951e-04 1.64690427e-03 2.97445949e-04 2.27716542e-03 9.76792304e-04
-4.04142868e-03 -2.58564744e-02 -2.22426560e-03 -8.93054996e-03 8.86165164e-03 -9.47272219e-03 -8.16176180e-03 1.50772661e-03 3.93554568e-03 -5.14017930e-03 1.73527561e-02 5.00222016e-03 1.15981000e-02 2.09466019e-03 1.60327554e-02 6.87701302e-03
3.51314759e-03 1.69950761e-02 1.52093288e-03 6.29183790e-03 -6.22124597e-03 6.71381038e-03 5.79760456e-03 -1.06483616e-03 -2.79372372e-03 3.64836329e-03 -1.23196989e-02 -3.55132041e-03 -8.23420566e-03 -1.48712518e-03 -1.13830306e-02 -4.88264160e-03
5.43413975e-04 4.27445536e-03 3.19525483e-04 1.31601316e-03 -1.29953958e-03 1.34857907e-03 1.15718180e-03 -2.07769714e-04 -5.54814120e-04 7.24434853e-04 -2.44496018e-03 -7.04363454e-04 -1.63288717e-03 -2.94895843e-04 -2.25666747e-03 -9.67944041e-04
1.74438674e-03 9.40071326e-03 8.46565410e-04 3.76060558e-03 -3.70555790e-03 3.92972864e-03 3.40306922e-03 -6.23579428e-04 -1.63820735e-03 2.14038417e-03 -7.22551066e-03 -2.08328851e-03 -4.83004469e-03 -8.72378529e-04 -6.67749532e-03 -2.86424696e-03
-5.46828983e-03 -1.74839478e-02 -1.50856515e-03 -6.50835037e-03 6.47883117e-03 -6.95956359e-03 -5.95754664e-03 1.07801892e-03 2.86977133e-03 -3.74864577e-03 1.26588494e-02 3.64689808e-03 8.45457893e-03 1.52700115e-03 1.16864657e-02 5.01269987e-03
1.31299940e-03 9.64261871e-03 8.72438424e-04 3.67178000e-03 -3.60231171e-03 3.83997895e-03 3.32408631e-03 -6.06845831e-04 -1.60027260e-03 2.09066644e-03 -7.05625629e-03 -2.03383039e-03 -4.71520936e-03 -8.51610675e-04 -6.51685148e-03 -2.79525714e-03
-1.25490734e-03 -6.11374527e-03 -5.60134416e-04 -2.38755601e-03 2.40781670e-03 -2.55698315e-03 -2.22768099e-03 4.12985653e-04 1.07485394e-03 -1.40457763e-03 4.74275462e-03 1.36759912e-03 3.17102484e-03 5.72706107e-04 4.38406738e-03 1.88052270e-03
-6.54341932e-03 -2.95773856e-02 -2.74227676e-03 -1.14243533e-02 1.16000725e-02 -1.24560520e-02 -1.08416965e-02 2.01507937e-03 5.23316814e-03 -6.83812657e-03 2.30976418e-02 6.66001299e-03 1.54429032e-02 2.78908596e-03 2.13516708e-02 9.15876217e-03
2.03337707e-03 5.89692919e-03 7.70371407e-04 3.15656443e-03 -3.20856296e-03 3.50898644e-03 3.07537499e-03 -5.81647153e-04 -1.49320590e-03 1.95256097e-03 -6.59534056e-03 -1.90245383e-03 -4.41172300e-03 -7.96800770e-04 -6.10022992e-03 -2.61670095e-03
6.41657924e-03 3.13798338e-02 2.95449514e-03 1.20226061e-02 -1.20966928e-02 1.29406452e-02 1.12269986e-02 -2.08168384e-03 -5.41590899e-03 7.07754726e-03 -2.38983147e-02 -6.89105643e-03 -1.59782562e-02 -2.88575725e-03 -2.20907442e-02 -9.47572384e-03
1.02772284e-02 5.97748533e-02 5.10166213e-03 1.98559016e-02 -2.03223675e-02 2.17667092e-02 1.87245496e-02 -3.42608802e-03 -9.00512841e-03 1.17599107e-02 -3.97205912e-02 -1.14434743e-02 -2.65318174e-02 -4.79150144e-03 -3.66748162e-02 -1.57314613e-02
7.98933953e-03 4.84225489e-02 4.17533703e-03 1.65295359e-02 -1.66912619e-02 1.78146195e-02 1.53295239e-02 -2.77220062e-03 -7.36402534e-03 9.61218495e-03 -3.24455462e-02 -9.35201906e-03 -2.16805525e-02 -3.91576020e-03 -2.99579799e-02 -1.28494399e-02
1.11983847e-02 4.98284027e-02 4.36180318e-03 1.85543969e-02 -1.85352303e-02 1.98469572e-02 1.72810331e-02 -3.19137890e-03 -8.32252577e-03 1.08784353e-02 -3.67369689e-02 -1.05929971e-02 -2.45621763e-02 -4.43605660e-03 -3.39591764e-02 -1.45666897e-02
3.97506592e-05 -4.21988079e-05 -3.01518667e-05 3.72490875e-04 -3.78783996e-04 3.97748634e-04 3.40616651e-04 -6.09429735e-05 -1.62502896e-04 2.12228391e-04 -7.16045441e-04 -2.06255238e-04 -4.78139234e-04 -8.63498644e-05 -6.60708116e-04 -2.83390254e-04
1.33064925e-03 8.44260491e-03 7.30176165e-04 3.02079436e-03 -3.06613813e-03 3.19388486e-03 2.75714812e-03 -4.95323446e-04 -1.32234441e-03 1.72645331e-03 -5.82985207e-03 -1.67974306e-03 -3.89489974e-03 -7.03342492e-04 -5.38276089e-03 -2.30882899e-03
8.42936710e-03 4.18786965e-02 3.85291944e-03 1.60035640e-02 -1.60247013e-02 1.71795487e-02 1.49459410e-02 -2.77094287e-03 -7.20465370e-03 9.41834133e-03 -3.18051353e-02 -9.17070266e-03 -2.12645903e-02 -3.84048303e-03 -2.94001177e-02 -1.26110865e-02
-3.03416979e-03 5.26256859e-04 -7.87157333e-04 -3.55072785e-03 3.90540250e-03 -4.25034482e-03 -3.78513918e-03 7.26658618e-04 1.84489554e-03 -2.41359253e-03 8.15079454e-03 2.35292315e-03 5.45722898e-03 9.85831372e-04 7.54933478e-03 3.23831872e-03
9.24829976e-04 3.71114071e-03 2.47904711e-04 9.92961694e-04 -9.66383494e-04 9.95151000e-04 8.46409064e-04 -1.51923072e-04 -4.04789782e-04 5.28444711e-04 -1.78282242e-03 -5.13669569e-04 -1.19075074e-03 -2.15050168e-04 -1.64563663e-03 -7.05856190e-04
2.45325791e-05 4.24487609e-03 3.80799582e-04 1.08041498e-03 -1.08842948e-03 1.13834161e-03 9.81852296e-04 -1.76002170e-04 -4.69766790e-04 6.13423879e-04 -2.06994568e-03 -5.96172991e-04 -1.38182344e-03 -2.49587145e-04 -1.90907868e-03 -8.18812230e-04
-2.75653624e-03 -1.86536890e-02 -1.80356973e-03 -6.35674503e-03 6.37199963e-03 -6.80765742e-03 -5.88582922e-03 1.08293560e-03 2.83660879e-03 -3.70439677e-03 1.25039825e-02 3.60495527e-03 8.35829601e-03 1.50942197e-03 1.15522649e-02 4.95505892e-03
-5.03260363e-03 -2.73713619e-02 -2.27960385e-03 -9.55170766e-03 9.60860308e-03 -1.01663666e-02 -8.82957876e-03 1.64239900e-03 4.26406460e-03 -5.57233440e-03 1.88138466e-02 5.42500429e-03 1.25787826e-02 2.27179658e-03 1.73905548e-02 7.45958555e-03
3.10614123e-03 1.42334327e-02 1.29014475e-03 5.41482726e-03 -5.44955488e-03 5.86168934e-03 5.10098832e-03 -9.47604596e-04 -2.46097101e-03 3.21674976e-03 -1.08625684e-02 -3.13221407e-03 -7.26275146e-03 -1.31171395e-03 -1.00413933e-02 -4.30722162e-03
-5.03494230e-04 -3.10440012e-03 -2.03039323e-04 -7.72054715e-04 8.03121831e-04 -7.83968891e-04 -6.69889210e-04 1.09456952e-04 3.12185439e-04 -4.07015468e-04 1.37335539e-03 3.95342620e-04 9.16408491e-04 1.65497229e-04 1.26629276e-03 5.43136499e-04
-3.11819254e-03 -1.00169610e-02 -1.06875470e-03 -4.58234549e-03 4.65894025e-03 -5.03162062e-03 -4.38296888e-03 8.19568231e-04 2.11991044e-03 -2.77076894e-03 9.35739186e-03 2.69859144e-03 6.25733612e-03 1.13012095e-03 8.65138322e-03 3.71098216e-03
9.82330646e-04 6.37463853e-03 4.79468610e-04 1.97878364e-03 -1.96628110e-03 2.05241656e-03 1.75448111e-03 -3.15871672e-04 -8.45116738e-04 1.10185798e-03 -3.71625298e-03 -1.07151037e-03 -2.48360285e-03 -4.48615494e-04 -3.43145733e-03 -1.47173181e-03
6.38188282e-03 3.90701331e-02 3.33250617e-03 1.41884321e-02 -1.38730649e-02 1.48697849e-02 1.28001049e-02 -2.35060020e-03 -6.16933545e-03 8.06408189e-03 -2.72245370e-02 -7.84601830e-03 -1.81909986e-02 -3.28555307e-03 -2.51444224e-02 -1.07852677e-02
-1.18767917e-02 -5.93567900e-02 -5.62383421e-03 -2.27607172e-02 2.32800748e-02 -2.48882100e-02 -2.16585454e-02 4.03513992e-03 1.04640797e-02 -1.36784967e-02 4.61955629e-02 1.33219101e-02 3.08905840e-02 5.57904271e-03 4.27100733e-02 1.83204133e-02
-2.41445377e-06 1.22064422e-03 1.07388441e-04 3.39021324e-04 -3.35991790e-04 3.59416154e-04 3.10308707e-04 -5.69574186e-05 -1.49570886e-04 1.95322253e-04 -6.59334939e-04 -1.90080711e-04 -4.40702366e-04 -7.95931919e-05 -6.09171635e-04 -2.61295150e-04
6.40449114e-03 2.89177522e-02 2.75968201e-03 1.17273843e-02 -1.17267594e-02 1.25686741e-02 1.09096467e-02 -2.03136588e-03 -5.27134445e-03 6.88839098e-03 -2.32600495e-02 -6.70726132e-03 -1.55519312e-02 -2.80878949e-03 -2.15009730e-02 -9.22271237e-03
-2.03493139e-04 5.35567291e-04 7.11131142e-05 3.52284493e-04 -3.60015751e-04 3.87536478e-04 3.37801263e-04 -6.25284156e-05 -1.62845376e-04 2.12855128e-04 -7.18704949e-04 -2.07242658e-04 -4.80534480e-04 -8.67883136e-05 -6.64344931e-04 -2.84966402e-04
2.78913043e-03 1.36962468e-02 1.29221356e-03 5.29456418e-03 -5.33142826e-03 5.70435636e-03 4.94235288e-03 -9.06006200e-04 -2.37673079e-03 3.10449908e-03 -1.04804421e-02 -3.02188401e-03 -7.00667780e-03 -1.26543187e-03 -9.68622137e-03 -4.15480416e-03
-1.70535687e-03 -9.00358148e-03 -9.34269570e-04 -3.72494943e-03 3.75026348e-03 -4.05358709e-03 -3.52460099e-03 6.59991405e-04 1.70523091e-03 -2.22902186e-03 7.52776256e-03 2.17102282e-03 5.03412075e-03 9.09196970e-04 6.96032960e-03 2.98562180e-03
-3.75137548e-04 -7.00944045e-04 -1.09184664e-04 -5.75187500e-04 5.89859497e-04 -6.46945438e-04 -5.65649534e-04 1.06718646e-04 2.74236139e-04 -3.58590216e-04 1.21126848e-03 3.49365087e-04 8.10127647e-04 1.46316379e-04 1.12017314e-03 4.80499322e-04
1.05518736e-02 5.93039021e-02 5.03694359e-03 2.10617054e-02 -2.09692605e-02 2.23953500e-02 1.94802489e-02 -3.58219445e-03 -9.35596600e-03 1.22279599e-02 -4.12858911e-02 -1.19036799e-02 -2.76001953e-02 -4.98447008e-03 -3.81558612e-02 -1.63666960e-02
6.33791648e-03 3.53324562e-02 2.97720148e-03 1.24641377e-02 -1.24631003e-02 1.33403437e-02 1.15240505e-02 -2.12982018e-03 -5.55572426e-03 7.26017170e-03 -2.45147236e-02 -7.06579722e-03 -1.63829494e-02 -2.95879925e-03 -2.26472523e-02 -9.71429143e-03
-8.99076927e-03 -5.80874532e-02 -4.59488481e-03 -1.87240951e-02 1.87408458e-02 -1.98683050e-02 -1.72153302e-02 3.16409394e-03 8.28624982e-03 -1.08321579e-02 3.65895256e-02 1.05434144e-02 2.44465210e-02 4.41525923e-03 3.37944068e-02 1.44956242e-02
9.95325483e-03 4.43030708e-02 3.90964933e-03 1.68202315e-02 -1.67091973e-02 1.76748149e-02 1.52549846e-02 -2.77818413e-03 -7.33745378e-03 9.57953185e-03 -3.23379226e-02 -9.32406913e-03 -2.16177162e-02 -3.90453381e-03 -2.98840292e-02 -1.28183197e-02
-1.09002562e-02 -6.27565458e-02 -5.35470946e-03 -2.20412742e-02 2.21053883e-02 -2.37422045e-02 -2.05952041e-02 3.82866547e-03 9.94094182e-03 -1.29902605e-02 4.38736342e-02 1.26491133e-02 2.93290839e-02 5.29696606e-03 4.05477621e-02 1.73927322e-02
3.13986652e-03 1.79708526e-02 1.49261579e-03 6.10860577e-03 -6.16756966e-03 6.61557307e-03 5.74464165e-03 -1.07127370e-03 -2.77638133e-03 3.62862670e-03 -1.22544123e-02 -3.53371026e-03 -8.19362514e-03 -1.47983001e-03 -1.13285137e-02 -4.85933339e-03
-8.19182768e-03 -4.28578891e-02 -3.73187754e-03 -1.53601365e-02 1.54005438e-02 -1.64968129e-02 -1.42166242e-02 2.63529434e-03 6.85721124e-03 -8.95856973e-03 3.02513931e-02 8.72243289e-03 2.02241074e-02 3.65264690e-03 2.79598907e-02 1.19931735e-02
-6.12733047e-03 -2.91303303e-02 -2.75303959e-03 -1.14908144e-02 1.15699386e-02 -1.24886148e-02 -1.08639793e-02 2.02485058e-03 5.24945371e-03 -6.86053978e-03 2.31700540e-02 6.68148696e-03 1.54923722e-02 2.79800897e-03 2.14194097e-02 9.18778032e-03
-6.96612662e-03 -3.04448474e-02 -3.03710299e-03 -1.24980006e-02 1.26795117e-02 -1.36467079e-02 -1.18883410e-02 2.21147947e-03 5.74285164e-03 -7.50407623e-03 2.53435653e-02 7.30919838e-03 1.69482417e-02 3.06096440e-03 2.34329049e-02 1.00514982e-02
7.72617385e-03 3.51732038e-02 3.04917479e-03 1.26296710e-02 -1.27802910e-02 1.36812553e-02 1.18907019e-02 -2.19664024e-03 -5.72634023e-03 7.48446817e-03 -2.52735391e-02 -7.28710834e-03 -1.68944616e-02 -3.05123720e-03 -2.33578738e-02 -1.00192782e-02
1.67071749e-03 1.28755495e-02 1.15394790e-03 4.73517040e-03 -4.71762707e-03 5.02020493e-03 4.35293326e-03 -7.98144436e-04 -2.09506368e-03 2.73720874e-03 -9.24085639e-03 -2.66374531e-03 -6.17590779e-03 -1.11540803e-03 -8.53664707e-03 -3.66165419e-03
-1.37183368e-02 -6.55712038e-02 -6.36852253e-03 -2.67977063e-02 2.67009065e-02 -2.88277287e-02 -2.49648020e-02 4.63393470e-03 1.20625421e-02 -1.57636739e-02 5.32241538e-02 1.53489606e-02 3.55905965e-02 6.42797258e-03 4.92072813e-02 2.11071204e-02
9.04735830e-03 5.57035431e-02 4.60709445e-03 1.90965943e-02 -1.86361521e-02 1.97811443e-02 1.72319040e-02 -3.19864531e-03 -8.30787979e-03 1.08549315e-02 -3.66601832e-02 -1.05706770e-02 -2.45028213e-02 -4.42627538e-03 -3.38764638e-02 -1.45307146e-02
-2.68380530e-03 -1.43423397e-02 -1.30347908e-03 -5.61710866e-03 5.60995890e-03 -6.00594049e-03 -5.22218738e-03 9.70926718e-04 2.52409931e-03 -3.29776644e-03 1.11358156e-02 3.21134925e-03 7.44602364e-03 1.34479860e-03 1.02942437e-02 4.41565504e-03
4.63183969e-04 -8.20612768e-04 1.51526438e-05 1.99937451e-04 -2.09177437e-04 2.33538682e-04 2.07484074e-04 -4.09569184e-05 -1.01007921e-04 1.32079993e-04 -4.46309976e-04 -1.28776795e-04 -2.98636034e-04 -5.39373214e-05 -4.12998575e-04 -1.77159498e-04
-4.09708219e-03 -1.92913860e-02 -1.77013909e-03 -7.52546545e-03 7.53808348e-03 -8.08941480e-03 -6.99723372e-03 1.29139633e-03 3.37108970e-03 -4.40410012e-03 1.48727139e-02 4.28717071e-03 9.94005054e-03 1.79521996e-03 1.37413843e-02 5.89424279e-03
-1.00261662e-02 -6.18309155e-02 -5.59032476e-03 -2.21440513e-02 2.18980126e-02 -2.33886391e-02 -2.02774163e-02 3.71414050e-03 9.77676827e-03 -1.27643477e-02 4.31069471e-02 1.24239298e-02 2.88033392e-02 5.20215137e-03 3.98126468e-02 1.70768742e-02
4.84187249e-03 3.08487453e-02 2.80625327e-03 1.05164424e-02 -1.04567502e-02 1.12089720e-02 9.68725793e-03 -1.77999656e-03 -4.66774125e-03 6.09438680e-03 -2.05792654e-02 -5.93225518e-03 -1.37533387e-02 -2.48383754e-03 -1.90091524e-02 -8.15363135e-03
-3.30235553e-03 -1.86732486e-02 -1.62139849e-03 -6.54837070e-03 6.51154621e-03 -6.97102817e-03 -6.04087487e-03 1.10061944e-03 2.90485821e-03 -3.79458349e-03 1.28134321e-02 3.69307655e-03 8.56241398e-03 1.54640491e-03 1.18358880e-02 5.07684657e-03
2.68811756e-03 1.43951615e-02 1.30754907e-03 5.58101246e-03 -5.64558664e-03 6.02663355e-03 5.20932674e-03 -9.61643877e-04 -2.51087220e-03 3.27985920e-03 -1.10732513e-02 -3.19227367e-03 -7.40215089e-03 -1.33686082e-03 -1.02329915e-02 -4.38935217e-03
-1.47385022e-03 -8.98966845e-03 -1.00463175e-03 -4.22024680e-03 4.29035630e-03 -4.65425150e-03 -4.05608863e-03 7.60358758e-04 1.96294533e-03 -2.56639672e-03 8.66760686e-03 2.49970704e-03 5.79630863e-03 1.04685791e-03 8.01424962e-03 3.43770254e-03
-4.59299004e-03 -3.01520377e-02 -2.84752389e-03 -1.16980262e-02 1.17648095e-02 -1.26135070e-02 -1.08865267e-02 2.02371716e-03 5.26143843e-03 -6.87646121e-03 2.32132357e-02 6.69356016e-03 1.55203007e-02 2.80314637e-03 2.14572307e-02 9.20391921e-03
-1.51333760e-03 -7.54492916e-03 -5.83090878e-04 -2.90184421e-03 2.55559385e-03 -2.66968575e-03 -2.30979524e-03 4.14408540e-04 1.10966095e-03 -1.44702953e-03 4.88304766e-03 1.40777894e-03 3.26338736e-03 5.89381438e-04 4.51063784e-03 1.93475164e-03
-1.36999842e-02 -9.75472480e-02 -7.49430712e-03 -3.01367138e-02 2.96675395e-02 -3.10221240e-02 -2.70651896e-02 4.88077477e-03 1.29248789e-02 -1.68380979e-02 5.68511635e-02 1.63881723e-02 3.80006917e-02 6.86264038e-03 5.25274538e-02 2.25309376e-02
1.08235003e-02 5.40046617e-02 4.82948823e-03 2.08093822e-02 -2.03574989e-02 2.15237569e-02 1.87317934e-02 -3.47801787e-03 -9.03553795e-03 1.18063549e-02 -3.98726948e-02 -1.14959646e-02 -2.66556125e-02 -4.81414376e-03 -3.68505903e-02 -1.58068072e-02
-3.82347638e-03 -2.37287786e-02 -1.92486192e-03 -8.07637908e-03 8.01320188e-03 -8.48312303e-03 -7.30516808e-03 1.31134526e-03 3.50002246e-03 -4.57961950e-03 1.54455788e-02 4.45095636e-03 1.03202341e-02 1.86379999e-03 1.42648909e-02 6.11875206e-03
-3.28267505e-03 -1.33771366e-02 -1.25694298e-03 -5.45785250e-03 5.48958499e-03 -5.92577318e-03 -5.14602521e-03 9.57577780e-04 2.48429365e-03 -3.24720796e-03 1.09658036e-02 3.16233491e-03 7.33268261e-03 1.32432755e-03 1.01382406e-02 4.34877537e-03
-1.15732336e-02 -6.17266484e-02 -5.45578171e-03 -2.24678293e-02 2.24726591e-02 -2.38643698e-02 -2.07140949e-02 3.85014503e-03 1.00019667e-02 -1.30686471e-02 4.41254787e-02 1.27233751e-02 2.95012388e-02 5.32812905e-03 4.07857522e-02 1.74947567e-02
-2.16580071e-02 -1.17431700e-01 -1.02453474e-02 -4.18376848e-02 4.24852557e-02 -4.55837809e-02 -3.94848026e-02 7.27427285e-03 1.90495010e-02 -2.48985793e-02 8.40850919e-02 2.42452156e-02 5.62174581e-02 1.01533365e-02 7.77248442e-02 3.33397649e-02
3.76679702e-03 2.01208275e-02 1.80934800e-03 8.07488523e-03 -7.65797216e-03 8.18092655e-03 7.04587065e-03 -1.28887733e-03 -3.38947331e-03 4.42889286e-03 -1.49370320e-02 -4.30723093e-03 -9.98647325e-03 -1.80370349e-03 -1.38043454e-02 -5.92111982e-03
-2.71624457e-02 -1.45574749e-01 -1.21750087e-02 -5.18892743e-02 5.12032248e-02 -5.51334061e-02 -4.78795804e-02 8.86985660e-03 2.30619628e-02 -3.01341861e-02 1.01755552e-01 2.93371342e-02 6.80220649e-02 1.22852344e-02 9.40425470e-02 4.03390341e-02
-9.70409997e-03 -4.26432490e-02 -3.89445038e-03 -1.63836833e-02 1.64467413e-02 -1.76149588e-02 -1.52602755e-02 2.82609882e-03 7.35909492e-03 -9.61938687e-03 3.24782766e-02 9.36590880e-03 2.17167549e-02 3.92215233e-03 3.00244559e-02 1.28788613e-02
2.12159590e-03 1.43692375e-03 1.28955449e-04 8.98980710e-04 -9.21527157e-04 9.71261645e-04 8.34347971e-04 -1.51337343e-04 -4.00210061e-04 5.22930350e-04 -1.76542520e-03 -5.08841302e-04 -1.17983285e-03 -2.13083476e-04 -1.63100520e-03 -6.99601311e-04
3.21562262e-03 1.77375227e-02 1.58673397e-03 6.64212136e-03 -6.71531633e-03 7.09166052e-03 6.14235178e-03 -1.12161401e-03 -2.96014850e-03 3.86559078e-03 -1.30433710e-02 -3.76129500e-03 -8.72120261e-03 -1.57505379e-03 -1.20531265e-02 -5.16994437e-03
-2.38985498e-03 -1.19011886e-02 -1.05021428e-03 -4.46960097e-03 4.43685474e-03 -4.75235609e-03 -4.11460595e-03 7.58932612e-04 1.98379369e-03 -2.59297760e-03 8.75611138e-03 2.52471142e-03 5.85393049e-03 1.05725066e-03 8.09336361e-03 3.47161340e-03
3.05498438e-03 1.67793706e-02 1.54751760e-03 6.33146381e-03 -6.21954445e-03 6.57683937e-03 5.71727753e-03 -1.04702229e-03 -2.75326753e-03 3.59458872e-03 -1.21374847e-02 -3.49836820e-03 -8.11096653e-03 -1.46488554e-03 -1.12114493e-02 -4.80895769e-03
5.32372040e-04 2.67255912e-03 1.75491776e-04 6.10869785e-04 -5.88926661e-04 6.13959623e-04 5.25635725e-04 -9.60319958e-05 -2.52692349e-04 3.29909613e-04 -1.11361465e-03 -3.20976280e-04 -7.44157878e-04 -1.34395435e-04 -1.02866930e-03 -4.41235141e-04
4.26109676e-04 4.05067252e-03 1.26556872e-04 2.29176760e-04 -1.12349997e-04 6.58127101e-05 3.51387716e-05 2.41027237e-06 -1.24058361e-05 1.53121255e-05 -4.99674643e-05 -1.40166248e-05 -3.23404674e-05 -5.82763278e-06 -4.42559940e-05 -1.89641614e-05
-2.94232648e-03 -1.53547917e-02 -1.30068487e-03 -5.47531713e-03 5.37208375e-03 -5.73868724e-03 -4.95352643e-03 9.16379271e-04 2.38758326e-03 -3.12074134e-03 1.05355782e-02 3.03785992e-03 7.04376772e-03 1.27214729e-03 9.73811001e-03 4.17710887e-03
-4.78707813e-03 -2.55383439e-02 -2.29168264e-03 -9.42198746e-03 9.30829626e-03 -9.96366702e-03 -8.62039067e-03 1.58694526e-03 4.15987382e-03 -5.43363579e-03 1.83438398e-02 5.28757740e-03 1.22588854e-02 2.21408950e-03 1.69455037e-02 7.26849679e-03
1.21134194e-03 2.14646314e-03 1.86306803e-04 9.08674498e-04 -9.30271228e-04 9.85142426e-04 8.48396798e-04 -1.54947702e-04 -4.08337160e-04 5.33591257e-04 -1.80155132e-03 -5.19346795e-04 -1.20415073e-03 -2.17472698e-04 -1.66467321e-03 -7.14048336e-04
-7.18585448e-03 -3.42148729e-02 -3.26264556e-03 -1.35827549e-02 1.36933643e-02 -1.45586282e-02 -1.26759820e-02 2.36358284e-03 6.12383056e-03 -8.00324697e-03 2.70290691e-02 7.79484631e-03 1.80743430e-02 3.26433359e-03 2.49898862e-02 1.07193608e-02
1.11655239e-02 5.90848699e-02 5.04240021e-03 2.11017057e-02 -2.11043656e-02 2.25185733e-02 1.96272749e-02 -3.61459632e-03 -9.45277419e-03 1.23458421e-02 -4.16921824e-02 -1.20230084e-02 -2.78770085e-02 -5.03473729e-03 -3.85410227e-02 -1.65320169e-02
6.45145681e-03 4.24176939e-02 3.28644062e-03 1.40640736e-02 -1.39656868e-02 1.46888774e-02 1.26445871e-02 -2.30448111e-03 -6.07781718e-03 7.94849917e-03 -2.68164109e-02 -7.73014361e-03 -1.79211814e-02 -3.23674036e-03 -2.47736163e-02 -1.06263012e-02
