1.24482848e-02 1.84637792e-02 4.30230983e-03 2.69694850e-02 -8.93278141e-03 1.78873204e-02 1.82579067e-02 -4.77668084e-02 1.87891861e-03 8.78218934e-03 -2.56121140e-02 -1.10727791e-02 3.78944073e-03 -4.61992994e-03 -4.20994274e-02 -8.58804025e-03
1.00250375e-02 1.54408738e-02 3.36764706e-03 2.10922826e-02 -7.02435896e-03 1.40420301e-02 1.43577419e-02 -3.75997834e-02 1.47745642e-03 6.91514695e-03 -2.01609284e-02 -8.71620327e-03 2.98304064e-03 -3.63682280e-03 -3.31408270e-02 -6.76054042e-03
-1.78003702e-02 -2.75030043e-02 -6.56386418e-03 -4.28236127e-02 1.40108252e-02 -2.81889550e-02 -2.87918989e-02 7.54936785e-02 -2.96288985e-03 -1.38778035e-02 4.04786207e-02 1.75014343e-02 -5.98972896e-03 7.30267493e-03 6.65466338e-02 1.35751823e-02
-1.04133580e-02 -1.56131564e-02 -3.42781516e-03 -2.11976171e-02 6.94319746e-03 -1.38362581e-02 -1.40205408e-02 3.66018452e-02 -1.43690337e-03 -6.72328565e-03 1.95905473e-02 8.46618973e-03 -2.89746397e-03 3.53196752e-03 3.21841799e-02 6.56528026e-03
-1.78865194e-02 -2.77313869e-02 -5.97646693e-03 -3.79795022e-02 1.25302365e-02 -2.51294263e-02 -2.49575973e-02 6.53309822e-02 -2.56619346e-03 -1.20037450e-02 3.48852761e-02 1.50809465e-02 -5.16141998e-03 6.29116641e-03 5.73234409e-02 1.16932010e-02
1.13869188e-02 1.86460353e-02 4.13835421e-03 2.62391940e-02 -8.62344541e-03 1.73912905e-02 1.76511500e-02 -4.62232716e-02 1.81459868e-03 8.49452242e-03 -2.47715786e-02 -1.07098902e-02 3.66534386e-03 -4.46865009e-03 -4.07208800e-02 -8.30683298e-03
-1.88603103e-02 -2.97386907e-02 -6.89461082e-03 -4.32265997e-02 1.44514479e-02 -2.90365629e-02 -2.95359679e-02 7.75136799e-02 -3.04188044e-03 -1.42579190e-02 4.15919758e-02 1.79832522e-02 -6.15465362e-03 7.50397285e-03 6.83814138e-02 1.39494939e-02
-9.43850074e-03 -1.53017789e-02 -3.31364130e-03 -2.12042611e-02 6.82515232e-03 -1.35925151e-02 -1.37603479e-02 3.59234512e-02 -1.41499506e-03 -6.61080843e-03 1.92545224e-02 8.32193997e-03 -2.84799351e-03 3.47149326e-03 3.16328667e-02 6.45277090e-03
2.02979650e-02 3.17206271e-02 6.62650121e-03 4.11562286e-02 -1.34916827e-02 2.73206346e-02 2.77623329e-02 -7.27779716e-02 2.86151865e-03 1.33918477e-02 -3.90480384e-02 -1.68785676e-02 5.77649288e-03 -7.04227714e-03 -6.41726777e-02 -1.30908452e-02
1.54102435e-02 2.42468752e-02 5.33952843e-03 3.22277918e-02 -1.09151360e-02 2.16073040e-02 2.19729505e-02 -5.74380644e-02 2.24566786e-03 1.04937442e-02 -3.05936988e-02 -1.32254036e-02 4.52613505e-03 -5.51734259e-03 -5.02759665e-02 -1.02558630e-02
1.32179521e-02 2.15258729e-02 4.71757259e-03 2.99782567e-02 -9.95645206e-03 1.98473670e-02 2.02009622e-02 -5.29459231e-02 2.07628449e-03 9.72825103e-03 -2.83677485e-02 -1.22641996e-02 4.19732649e-03 -5.11723571e-03 -4.66312803e-02 -9.51252691e-03
1.09798517e-02 1.59230642e-02 3.60096898e-03 2.25337464e-02 -7.46037439e-03 1.48651702e-02 1.51874144e-02 -3.97482552e-02 1.56076602e-03 7.30441511e-03 -2.13033259e-02 -9.21015162e-03 3.15198698e-03 -3.84264812e-03 -3.50160673e-02 -7.14304391e-03
-1.06325634e-02 -1.59372725e-02 -3.56787443e-03 -2.18666550e-02 7.32649257e-03 -1.45954499e-02 -1.48524530e-02 3.88989449e-02 -1.52854493e-03 -7.15432595e-03 2.08604299e-02 9.01841652e-03 -3.08636134e-03 3.76266823e-03 3.42873335e-02 6.99439878e-03
-1.08491639e-02 -1.71041228e-02 -3.73303075e-03 -2.29128171e-02 7.67246680e-03 -1.52263269e-02 -1.54554946e-02 4.03901488e-02 -1.58999255e-03 -7.41240522e-03 2.16113571e-02 9.34322085e-03 -3.19752656e-03 3.89794447e-03 3.55195291e-02 7.24569475e-03
-2.73211449e-02 -3.88824642e-02 -8.70306510e-03 -5.24641424e-02 1.73054393e-02 -3.49107608e-02 -3.55621725e-02 9.30360407e-02 -3.65954032e-03 -1.70894414e-02 4.98501286e-02 2.15534382e-02 -7.37638818e-03 8.99311714e-03 8.19508582e-02 1.67175326e-02
1.78046636e-02 2.90672015e-02 5.82352886e-03 3.46606262e-02 -1.14689302e-02 2.30856594e-02 2.33892277e-02 -6.08332381e-02 2.39347550e-03 1.11822085e-02 -3.25720385e-02 -1.40814157e-02 4.81781736e-03 -5.87342260e-03 -5.35200350e-02 -1.09176878e-02
5.93266729e-03 9.25663393e-03 2.02249852e-03 1.31367147e-02 -4.26412793e-03 8.52619763e-03 8.64414033e-03 -2.26228200e-02 8.85352667e-04 4.14533820e-03 -1.20869689e-02 -5.22554433e-03 1.78837893e-03 -2.18029856e-03 -1.98681001e-02 -4.05297801e-03
9.96072497e-03 1.55631397e-02 3.21132690e-03 2.01123208e-02 -6.64259726e-03 1.31361792e-02 1.33375553e-02 -3.48529257e-02 1.37249008e-03 6.39612740e-03 -1.86335444e-02 -8.05381034e-03 2.75635230e-03 -3.35974805e-03 -3.06137390e-02 -6.24485174e-03
-7.58915767e-03 -1.21627413e-02 -2.45014811e-03 -1.50912171e-02 4.94525582e-03 -9.79666132e-03 -9.93030705e-03 2.57582683e-02 -1.01429271e-03 -4.72471444e-03 1.37501080e-02 5.94076421e-03 -2.03306391e-03 2.47767754e-03 2.25758888e-02 4.60516149e-03
-4.90205586e-02 -6.99419603e-02 -1.49538033e-02 -9.29138660e-02 3.13035809e-02 -6.25948012e-02 -6.25967532e-02 1.63849667e-01 -6.42134016e-03 -3.01192664e-02 8.77277851e-02 3.79101597e-02 -1.29719581e-02 1.58137269e-02 1.44098192e-01 2.93948296e-02
-5.69512043e-03 -8.38371087e-03 -2.00719456e-03 -1.25816250e-02 4.19141585e-03 -8.41459259e-03 -8.58415011e-03 2.24939566e-02 -8.81940883e-04 -4.13129712e-03 1.20503856e-02 5.20998333e-03 -1.78305001e-03 2.17387918e-03 1.98097583e-02 4.04108921e-03
-1.66274868e-02 -2.65838448e-02 -5.70785487e-03 -3.61054912e-02 1.18287131e-02 -2.36130022e-02 -2.40097046e-02 6.26968890e-02 -2.46160664e-03 -1.15190828e-02 3.35848145e-02 1.45180468e-02 -4.96852351e-03 6.05681678e-03 5.51914945e-02 1.12586003e-02
-1.14085348e-02 -1.91520434e-02 -3.85989086e-03 -2.43821368e-02 8.00086744e-03 -1.59700066e-02 -1.62703004e-02 4.24458124e-02 -1.66770862e-03 -7.79773481e-03 2.27203947e-02 9.82073043e-03 -3.36093199e-03 4.09693411e-03 3.73316556e-02 7.61529058e-03
-7.88832270e-03 -1.14784883e-02 -2.57479982e-03 -1.66903492e-02 5.45500172e-03 -1.10217016e-02 -1.12371678e-02 2.94980947e-02 -1.15744828e-03 -5.42539125e-03 1.58260446e-02 6.84259785e-03 -2.34177662e-03 2.85517750e-03 2.60181464e-02 5.30757289e-03
3.59181361e-03 5.76971052e-03 1.29638636e-03 8.62815324e-03 -2.78187427e-03 5.55369258e-03 5.63555630e-03 -1.47517640e-02 5.78968553e-04 2.71046208e-03 -7.90337101e-03 -3.41663207e-03 1.16930238e-03 -1.42553879e-03 -1.29902652e-02 -2.64993496e-03
-1.52883008e-02 -2.44314428e-02 -5.02748881e-03 -3.05604991e-02 1.01515725e-02 -2.00953763e-02 -2.04479080e-02 5.34221828e-02 -2.09391792e-03 -9.79251880e-03 2.85444781e-02 1.23401806e-02 -4.22321074e-03 5.14806667e-03 4.69110347e-02 9.56947263e-03
-5.04691992e-03 -8.00987426e-03 -1.89287716e-03 -1.20014930e-02 3.96288186e-03 -7.93268718e-03 -8.05125106e-03 2.10852306e-02 -8.28663644e-04 -3.87800415e-03 1.13073615e-02 4.88737691e-03 -1.67265919e-03 2.03913637e-03 1.85816549e-02 3.79052130e-03
7.59730488e-03 1.29486341e-02 2.70763994e-03 1.69415288e-02 -5.57780499e-03 1.12748630e-02 1.14079574e-02 -2.99187712e-02 1.17488846e-03 5.50353481e-03 -1.60503071e-02 -6.93872711e-03 2.37471797e-03 -2.89522298e-03 -2.63830945e-02 -5.38201444e-03
-4.48062345e-02 -6.95217624e-02 -1.42556950e-02 -8.80681276e-02 2.88374368e-02 -5.77106588e-02 -5.87613732e-02 1.53587848e-01 -6.02982240e-03 -2.82018613e-02 8.22848678e-02 3.55701223e-02 -1.21707972e-02 1.48369903e-02 1.35200053e-01 2.75798012e-02
1.01641761e-02 1.57746393e-02 3.60642863e-03 2.26730648e-02 -7.44580943e-03 1.48298601e-02 1.50829563e-02 -3.95443775e-02 1.55286258e-03 7.26752589e-03 -2.11872552e-02 -9.15937126e-03 3.13462713e-03 -3.82150454e-03 -3.48234363e-02 -7.10375234e-03
1.46468058e-02 2.39558835e-02 5.49409771e-03 3.48414481e-02 -1.16272634e-02 2.34158747e-02 2.39431132e-02 -6.28412515e-02 2.46501458e-03 1.15466723e-02 -3.36796232e-02 -1.45625733e-02 4.98400023e-03 -6.07663253e-03 -5.53739555e-02 -1.12959919e-02
-2.51027793e-02 -4.09546942e-02 -9.36767273e-03 -5.66545762e-02 1.89739615e-02 -3.84910107e-02 -3.88128385e-02 1.01698689e-01 -3.98605689e-03 -1.86615102e-02 5.44077605e-02 2.35123578e-02 -8.04601144e-03 9.80819948e-03 8.93764272e-02 1.82322916e-02
6.61458727e-03 1.07050929e-02 2.49720411e-03 1.62849855e-02 -5.30069973e-03 1.05958721e-02 1.07840812e-02 -2.82777771e-02 1.10938121e-03 5.19370707e-03 -1.51473805e-02 -6.54946920e-03 2.24151183e-03 -2.73277471e-03 -2.49026529e-02 -5.08000329e-03
-1.73990168e-02 -2.85980590e-02 -6.74680714e-03 -4.19132076e-02 1.41261900e-02 -2.81815715e-02 -2.89158020e-02 7.56920055e-02 -2.96976813e-03 -1.39077399e-02 4.05810215e-02 1.75430141e-02 -6.00389298e-03 7.32006738e-03 6.67053312e-02 1.36075774e-02
-1.72247663e-02 -2.75676642e-02 -5.52636059e-03 -3.34779583e-02 1.16422717e-02 -2.27498561e-02 -2.30237767e-02 5.88260926e-02 -2.31825002e-03 -1.07239289e-02 3.12577635e-02 1.34706376e-02 -4.61065490e-03 5.61890984e-03 5.11979237e-02 1.04436874e-02
7.10363733e-03 1.18824532e-02 2.43715965e-03 1.52605213e-02 -5.06863045e-03 1.01472093e-02 1.02325371e-02 -2.66927481e-02 1.04966259e-03 4.90577007e-03 -1.42809460e-02 -6.17171684e-03 2.11223797e-03 -2.57438445e-03 -2.34575700e-02 -4.78504691e-03
2.32368382e-03 2.92112469e-03 3.26064444e-04 1.91039976e-03 -5.66372357e-04 1.09826250e-03 1.05678674e-03 -2.76677054e-03 1.07539046e-04 4.92091640e-04 -1.42527721e-03 -6.14475808e-04 2.10289378e-04 -2.55937484e-04 -2.33147317e-03 -4.75499430e-04
3.39123909e-03 5.38577139e-03 1.20717462e-03 7.61326356e-03 -2.46344670e-03 4.97289514e-03 5.05140657e-03 -1.32156229e-02 5.16842876e-04 2.42248620e-03 -7.05823861e-03 -3.05168168e-03 1.04446185e-03 -1.27334788e-03 -1.16033563e-02 -2.36701965e-03
7.69848097e-03 1.17640328e-02 2.83331564e-03 1.76200513e-02 -5.93162468e-03 1.17820688e-02 1.20319705e-02 -3.15378308e-02 1.23783201e-03 5.79835521e-03 -1.69144943e-02 -7.31292693e-03 2.50278227e-03 -3.05137993e-03 -2.78061088e-02 -5.67230675e-03
-1.28592888e-03 -1.88651565e-03 -3.44085885e-04 -2.11132551e-03 6.77877862e-04 -1.32886216e-03 -1.34173594e-03 3.47236055e-03 -1.37122217e-04 -6.37969119e-04 1.85698771e-03 8.02618684e-04 -2.74689315e-04 3.34820244e-04 3.05094477e-03 6.22361316e-04
2.43446534e-03 3.66810197e-03 8.27575743e-04 5.16528357e-03 -1.71321584e-03 3.38740880e-03 3.43515584e-03 -8.99042655e-03 3.52987088e-04 1.65128009e-03 -4.81415028e-03 -2.08103727e-03 7.12205074e-04 -8.68239498e-04 -7.91180506e-03 -1.61395455e-03
1.54519454e-04 -3.01060063e-05 -3.52667084e-05 -2.39270215e-04 8.20499044e-05 -1.71345542e-04 -1.76170550e-04 4.65666060e-04 -1.82500135e-05 -8.58159256e-05 2.50625279e-04 1.08377215e-04 -3.70937742e-05 4.52305831e-05 4.12183639e-04 8.40848079e-05
1.26526402e-02 2.05694810e-02 4.37651901e-03 2.75793485e-02 -9.15739872e-03 1.82707421e-02 1.83758959e-02 -4.80409041e-02 1.88441982e-03 8.82425718e-03 -2.57222075e-02 -1.11182239e-02 3.80497985e-03 -4.63877851e-03 -4.22709472e-02 -8.62301700e-03
-2.14630179e-02 -3.24171633e-02 -7.69743044e-03 -4.78818677e-02 1.57649945e-02 -3.13866511e-02 -3.19093056e-02 8.35995600e-02 -3.28244595e-03 -1.53461210e-02 4.47376966e-02 1.93385780e-02 -6.61860732e-03 8.06858670e-03 7.35247284e-02 1.49985384e-02
-2.71342811e-03 -4.73132031e-03 -1.12778670e-03 -7.19394209e-03 2.39635888e-03 -4.81822109e-03 -4.91637597e-03 1.29092978e-02 -5.06893091e-04 -2.37058359e-03 6.91421470e-03 2.98968982e-03 -1.02318753e-03 1.24746806e-03 1.13671590e-02 2.31883372e-03
-1.58846769e-02 -2.34808233e-02 -5.34776272e-03 -3.31357047e-02 1.11056082e-02 -2.22504623e-02 -2.24718787e-02 5.88044636e-02 -2.30769673e-03 -1.07904961e-02 3.14533897e-02 1.35951051e-02 -4.65280702e-03 5.67236915e-03 5.16891889e-02 1.05442302e-02
7.61848688e-03 1.23857884e-02 2.62496131e-03 1.66799836e-02 -5.57721267e-03 1.11832684e-02 1.13681741e-02 -2.97529213e-02 1.16744649e-03 5.47321979e-03 -1.59466267e-02 -6.89421641e-03 2.35950830e-03 -2.87668826e-03 -2.62142103e-02 -5.34753082e-03
-5.08107897e-03 -7.77831022e-03 -1.63017923e-03 -1.06098419e-02 3.46931070e-03 -6.91058021e-03 -6.91702170e-03 1.80835370e-02 -7.09696615e-04 -3.32198106e-03 9.66409035e-03 4.17727092e-03 -1.42954267e-03 1.74258137e-03 1.58786029e-02 3.23905912e-03
-1.16813388e-02 -1.81267560e-02 -3.79824126e-03 -2.54396182e-02 7.96160288e-03 -1.60613004e-02 -1.60099138e-02 4.18223329e-02 -1.64456468e-03 -7.69440690e-03 2.24042851e-02 9.68390238e-03 -3.31408880e-03 4.03996836e-03 3.68133597e-02 7.50960875e-03
1.63539685e-02 3.08988802e-02 5.58314659e-03 3.11731473e-02 -1.06448354e-02 2.07855031e-02 2.11266279e-02 -5.47889546e-02 2.14468781e-03 1.00216465e-02 -2.91299075e-02 -1.25891967e-02 4.30877972e-03 -5.25032682e-03 -4.78461087e-02 -9.75911133e-03
1.03747530e-04 4.85356490e-04 2.84158305e-04 1.95264246e-03 -6.55799406e-04 1.33962871e-03 1.37681386e-03 -3.63350776e-03 1.42369783e-04 6.69019122e-04 -1.95318274e-03 -8.44694616e-04 2.89091462e-04 -3.52503965e-04 -3.21231666e-03 -6.55306503e-04
-7.88947940e-03 -1.31084640e-02 -2.69820658e-03 -1.68319754e-02 5.51577099e-03 -1.10399211e-02 -1.11522684e-02 2.91773230e-02 -1.14744494e-03 -5.36574470e-03 1.56421717e-02 6.76156487e-03 -2.31405394e-03 2.82107480e-03 2.57070754e-02 5.24406275e-03
5.66590810e-03 8.75683315e-03 1.96382799e-03 1.22875543e-02 -4.02192213e-03 8.12363625e-03 8.21552053e-03 -2.14873441e-02 8.44562775e-04 3.94473597e-03 -1.14997411e-02 -4.96995449e-03 1.70090329e-03 -2.07343837e-03 -1.88938957e-02 -3.85420374e-03
7.48990569e-04 1.10732112e-03 2.14246043e-04 1.32941315e-03 -4.38756368e-04 8.70388409e-04 8.83582397e-04 -2.31324160e-03 9.08060829e-05 4.24950704e-04 -1.23889465e-03 -5.35510655e-04 1.83268974e-04 -2.23422641e-04 -2.03593331e-03 -4.15316987e-04
-1.50636281e-03 -1.84955576e-03 -4.10846376e-04 -2.73300917e-03 8.99411447e-04 -1.79992965e-03 -1.83621689e-03 4.81299916e-03 -1.88831211e-04 -8.84367211e-04 2.57901358e-03 1.11500360e-03 -3.81588412e-04 4.65226738e-04 4.23939526e-03 8.64811242e-04
-8.68394971e-03 -1.28876362e-02 -2.89345440e-03 -1.81082226e-02 5.98832965e-03 -1.20794931e-02 -1.21835703e-02 3.19683999e-02 -1.25360349e-03 -5.86630544e-03 1.71048753e-02 7.39237061e-03 -2.52984487e-03 3.08417110e-03 2.81044245e-02 5.73310861e-03
3.06675723e-03 4.46598884e-03 9.17925674e-04 5.87744964e-03 -1.87249738e-03 3.70944757e-03 3.74398218e-03 -9.76293162e-03 3.84266110e-04 1.79238431e-03 -5.21504181e-03 -2.25310749e-03 7.71042833e-04 -9.39603662e-04 -8.56124237e-03 -1.74635812e-03
-4.26719617e-03 -7.22087547e-03 -1.58067700e-03 -1.00234700e-02 3.33680469e-03 -6.57830760e-03 -6.72382442e-03 1.75902061e-02 -6.90799090e-04 -3.23174521e-03 9.42218304e-03 4.07316210e-03 -1.39397033e-03 1.69940863e-03 1.54858474e-02 3.15901032e-03
1.73730648e-03 3.32499016e-03 7.47082930e-04 4.54620412e-03 -1.52705866e-03 3.05071799e-03 3.11289052e-03 -8.14571045e-03 3.19737388e-04 1.49602792e-03 -4.36498690e-03 -1.88682042e-03 6.45741588e-04 -7.87288009e-04 -7.17427675e-03 -1.46351766e-03
6.67197257e-03 1.05488319e-02 2.53647077e-03 1.52256247e-02 -5.13746915e-03 1.02872550e-02 1.04184616e-02 -2.71912646e-02 1.06747507e-03 4.99558169e-03 -1.45613933e-02 -6.29351521e-03 2.15365435e-03 -2.62539997e-03 -2.39235796e-02 -4.88023553e-03
9.86826699e-03 1.58714708e-02 3.69610009e-03 2.27404945e-02 -7.56819360e-03 1.51293213e-02 1.54006789e-02 -4.03292365e-02 1.58297271e-03 7.41242338e-03 -2.16176156e-02 -9.34593100e-03 3.19854100e-03 -3.89960478e-03 -3.55355963e-02 -7.24907359e-03
1.57401375e-02 2.65569221e-02 5.29175764e-03 3.13756540e-02 -1.06419381e-02 2.13397052e-02 2.14027092e-02 -5.57611138e-02 2.19496386e-03 1.02382870e-02 -2.98381113e-02 -1.28852753e-02 4.40961309e-03 -5.37468167e-03 -4.89744656e-02 -9.99044348e-03
1.26381628e-02 2.07882784e-02 4.14157845e-03 2.49161012e-02 -8.31049494e-03 1.66109651e-02 1.66925881e-02 -4.35068198e-02 1.71292119e-03 7.98213482e-03 -2.32426077e-02 -1.00443074e-02 3.43739195e-03 -4.18871362e-03 -3.81653607e-02 -7.78509676e-03
1.73437372e-02 2.65371352e-02 5.62822679e-03 3.56046222e-02 -1.17553426e-02 2.34944560e-02 2.40076650e-02 -6.27884194e-02 2.46095331e-03 1.15287201e-02 -3.36256847e-02 -1.45366807e-02 4.97501250e-03 -6.06544968e-03 -5.52721247e-02 -1.12752318e-02
-4.97820845e-04 -8.84425535e-04 -1.89348240e-04 -1.16222422e-03 3.81569407e-04 -7.58331327e-04 -7.61950854e-04 1.98606006e-03 -7.80650735e-05 -3.64861655e-04 1.06286339e-03 4.59311006e-04 -1.57188231e-04 1.91603118e-04 1.74593064e-03 3.56153672e-04
2.45328038e-03 3.61106661e-03 8.46398179e-04 5.31046977e-03 -1.78390206e-03 3.52705410e-03 3.58521380e-03 -9.38136969e-03 3.67983506e-04 1.72121159e-03 -5.01897978e-03 -2.16928404e-03 7.42448261e-04 -9.05057066e-04 -8.24730471e-03 -1.68239174e-03
6.14432991e-03 9.11466312e-03 1.96112669e-03 1.19966827e-02 -3.95200308e-03 7.88651407e-03 8.04275181e-03 -2.10261531e-02 8.24473915e-04 3.86285107e-03 -1.12651978e-02 -4.86977212e-03 1.66664028e-03 -2.03192933e-03 -1.85162313e-02 -3.77721339e-03
-3.84799466e-02 -6.80907220e-02 -1.33551713e-02 -8.48995000e-02 2.71654204e-02 -5.51580712e-02 -5.53764068e-02 1.44576371e-01 -5.68349659e-03 -2.65754946e-02 7.74678737e-02 3.34689617e-02 -1.14538008e-02 1.39578013e-02 1.27185583e-01 2.59448811e-02
1.78963889e-03 2.86464859e-03 6.73177594e-04 4.29665251e-03 -1.43043417e-03 2.86603370e-03 2.91961641e-03 -7.65334768e-03 3.00353655e-04 1.40718091e-03 -4.10427060e-03 -1.77445950e-03 6.07289257e-04 -7.40403193e-04 -6.74701622e-03 -1.37635681e-03
-5.15265856e-04 -8.15357431e-04 -1.71620632e-04 -1.07257743e-03 3.59549333e-04 -7.15211965e-04 -7.28099141e-04 1.90029864e-03 -7.47052836e-05 -3.49395792e-04 1.01805781e-03 4.39976517e-04 -1.50567226e-04 1.83530836e-04 1.67235371e-03 3.41142877e-04
-7.47385994e-03 -1.28724845e-02 -2.82000937e-03 -1.63967125e-02 5.43172285e-03 -1.08560063e-02 -1.10000363e-02 2.87560262e-02 -1.13161583e-03 -5.28658554e-03 1.54047040e-02 6.65904023e-03 -2.27899151e-03 2.77783489e-03 2.53126286e-02 5.16350195e-03
-9.85961966e-03 -1.50821414e-02 -3.16635589e-03 -1.99472550e-02 6.64035883e-03 -1.31111583e-02 -1.33546358e-02 3.49719003e-02 -1.37439603e-03 -6.43208297e-03 1.87512934e-02 8.10624473e-03 -2.77423067e-03 3.38213099e-03 3.08196843e-02 6.28702017e-03
1.38119236e-03 1.90216396e-03 3.44091910e-04 2.16656784e-03 -7.12966837e-04 1.42111257e-03 1.44634396e-03 -3.77512746e-03 1.48175692e-04 6.93537004e-04 -2.02194322e-03 -8.73986282e-04 2.99107865e-04 -3.64659121e-04 -3.32296104e-03 -6.77864475e-04
1.95856701e-04 1.89921935e-04 -2.39186738e-06 -8.97218924e-05 2.67739761e-05 -8.05730597e-05 -9.12598553e-05 2.64059025e-04 -1.04429773e-05 -5.06666984e-05 1.49557411e-04 6.50432266e-05 -2.22710878e-05 2.72112629e-05 2.48085562e-04 5.06194629e-05
-8.35234486e-03 -1.24835828e-02 -2.78998329e-03 -1.71857774e-02 5.77057991e-03 -1.15396287e-02 -1.17674861e-02 3.08380704e-02 -1.21148489e-03 -5.67071373e-03 1.65404752e-02 7.15139089e-03 -2.44746474e-03 2.98390398e-03 2.71911472e-02 5.54684689e-03
-4.20697359e-03 -6.97093317e-03 -1.62685162e-03 -1.04147540e-02 3.46892048e-03 -6.92149764e-03 -7.02149561e-03 1.84089988e-02 -7.23900739e-04 -3.38298338e-03 9.85989720e-03 4.26299451e-03 -1.45889248e-03 1.77839561e-03 1.62051413e-02 3.30568338e-03
1.39576383e-02 2.04500780e-02 4.28826781e-03 2.75083408e-02 -8.88727047e-03 1.78425983e-02 1.79926921e-02 -4.71114777e-02 1.84962631e-03 8.65773018e-03 -2.52287053e-02 -1.09024178e-02 3.73114506e-03 -4.54820972e-03 -4.14439626e-02 -8.45418032e-03
-1.75448433e-02 -2.84428857e-02 -6.27436722e-03 -3.76027264e-02 1.27758104e-02 -2.52726022e-02 -2.57535297e-02 6.74638227e-02 -2.64555053e-03 -1.23911630e-02 3.61427628e-02 1.56251397e-02 -5.34758344e-03 6.51969435e-03 5.94114922e-02 1.21196443e-02
-8.13185237e-04 -1.35431485e-03 -3.15412297e-04 -1.97592331e-03 6.55472453e-04 -1.31685229e-03 -1.33874605e-03 3.50698130e-03 -1.37774550e-04 -6.44538319e-04 1.87915331e-03 8.12370912e-04 -2.78021587e-04 3.38934886e-04 3.08852619e-03 6.30038325e-04
7.80930743e-03 1.13500543e-02 2.74113473e-03 1.72751881e-02 -5.71617903e-03 1.14492429e-02 1.16677694e-02 -3.05925179e-02 1.20139634e-03 5.62581280e-03 -1.64080430e-02 -7.09391572e-03 2.42780684e-03 -2.95991939e-03 -2.69725043e-02 -5.50223980e-03
-3.11916042e-03 -4.94642649e-03 -1.06683769e-03 -7.01451534e-03 2.28623301e-03 -4.52926848e-03 -4.60805884e-03 1.20265270e-02 -4.71620820e-04 -2.20509619e-03 6.42480189e-03 2.77705467e-03 -9.50403104e-04 1.15854642e-03 1.05569698e-02 2.15352885e-03
7.81829841e-03 1.32563673e-02 2.88440404e-03 1.77335516e-02 -5.88196563e-03 1.17340963e-02 1.18859913e-02 -3.09818964e-02 1.21686864e-03 5.68562187e-03 -1.65704396e-02 -7.16322428e-03 2.45151226e-03 -2.98854685e-03 -2.72329729e-02 -5.55532100e-03
-5.15272841e-03 -8.00071005e-03 -1.99747132e-03 -1.26978895e-02 4.20887815e-03 -8.46684631e-03 -8.61093868e-03 2.25844365e-02 -8.86848196e-04 -4.15397901e-03 1.21168988e-02 5.23906713e-03 -1.79302495e-03 2.18605879e-03 1.99207868e-02 4.06374177e-03
-3.75804189e-03 -5.93422353e-03 -1.41085160e-03 -8.86743236e-03 2.96335085e-03 -5.91251114e-03 -6.03714958e-03 1.58245079e-02 -6.20740000e-04 -2.90823216e-03 8.48161243e-03 3.66700767e-03 -1.25500350e-03 1.53007556e-03 1.39429662e-02 2.84429104e-03
1.64257511e-02 2.88655125e-02 5.48303453e-03 3.42645943e-02 -1.11718774e-02 2.21292302e-02 2.25005336e-02 -5.82559444e-02 2.28839437e-03 1.06918775e-02 -3.11345253e-02 -1.34533374e-02 4.60403832e-03 -5.61111560e-03 -5.11297025e-02 -1.04298862e-02
1.06782056e-02 1.52248070e-02 2.99490383e-03 1.87673494e-02 -6.18431624e-03 1.23577192e-02 1.24663487e-02 -3.25648040e-02 1.28072209e-03 5.98798553e-03 -1.74485240e-02 -7.53896125e-03 2.58011231e-03 -3.14498111e-03 -2.86577214e-02 -5.84590528e-03
-1.30584585e-02 -2.24825684e-02 -4.47535142e-03 -2.79193874e-02 9.26618837e-03 -1.84650254e-02 -1.88151505e-02 4.92880158e-02 -1.93263649e-03 -9.05720890e-03 2.64200624e-02 1.14196483e-02 -3.90829099e-03 4.76484699e-03 4.34199907e-02 8.85741692e-03
1.89775601e-02 2.99241208e-02 6.54190918e-03 4.22952436e-02 -1.39000267e-02 2.76399720e-02 2.80549042e-02 -7.34565854e-02 2.88250600e-03 1.34865548e-02 -3.93311419e-02 -1.70050133e-02 5.81970718e-03 -7.09529920e-03 -6.46563396e-02 -1.31895253e-02
-1.29201394e-02 -1.74794290e-02 -3.39338626e-03 -2.08337046e-02 6.88777771e-03 -1.37969088e-02 -1.40169486e-02 3.66822556e-02 -1.44101749e-03 -6.74406718e-03 1.96704213e-02 8.50244053e-03 -2.90982937e-03 3.54744424e-03 3.23261507e-02 6.59433752e-03
4.21736296e-03 6.60802238e-03 1.41583534e-03 8.86477623e-03 -2.96736928e-03 5.95726678e-03 6.08116761e-03 -1.59565080e-02 6.26147143e-04 2.93418369e-03 -8.56006332e-03 -3.70102655e-03 1.26664189e-03 -1.54432165e-03 -1.40728969e-02 -2.87080533e-03
-2.02270597e-02 -3.23973969e-02 -6.94979308e-03 -4.30234708e-02 1.42760938e-02 -2.86432020e-02 -2.89624278e-02 7.58327991e-02 -2.97843525e-03 -1.39411213e-02 4.06602472e-02 1.75782796e-02 -6.01592287e-03 7.33441999e-03 6.68353960e-02 1.36340270e-02
-1.03613324e-02 -1.57113820e-02 -3.60323698e-03 -2.26378217e-02 7.53050856e-03 -1.51574500e-02 -1.54664703e-02 4.05373983e-02 -1.59140502e-03 -7.45188585e-03 2.17376314e-02 9.39781591e-03 -3.21626430e-03 3.92118050e-03 3.57321575e-02 7.28916703e-03
-7.49700144e-03 -1.09598497e-02 -2.63285497e-03 -1.61285717e-02 5.41065494e-03 -1.08358311e-02 -1.10754976e-02 2.90248618e-02 -1.13886723e-03 -5.33041684e-03 1.55514563e-02 6.72425563e-03 -2.30131298e-03 2.80577736e-03 2.55680699e-02 5.21576311e-03
5.20305568e-03 8.30459408e-03 1.83888653e-03 1.12093054e-02 -3.75986658e-03 7.53310230e-03 7.68486317e-03 -2.00948287e-02 7.88574922e-04 3.69234965e-03 -1.07659781e-02 -4.65376908e-03 1.59247569e-03 -1.94147241e-03 -1.76917817e-02 -3.60902073e-03
2.09151115e-03 3.34028713e-03 5.97951934e-04 3.68809863e-03 -1.18625455e-03 2.31740763e-03 2.33245082e-03 -6.05382910e-03 2.38424094e-04 1.11058378e-03 -3.23091680e-03 -1.39554846e-03 4.77572030e-04 -5.81935514e-04 -5.30227646e-03 -1.08157273e-03
-2.88389176e-02 -4.47160900e-02 -1.05111469e-02 -6.67989925e-02 2.19561961e-02 -4.42898199e-02 -4.50427160e-02 1.18220069e-01 -4.63731680e-03 -2.17276867e-02 6.33804873e-02 2.74045784e-02 -9.37908888e-03 1.14352647e-02 1.04206026e-01 2.12575216e-02
1.37436194e-02 2.19536312e-02 4.62795421e-03 2.94179805e-02 -9.58874635e-03 1.91652644e-02 1.96266063e-02 -5.14521003e-02 2.01943261e-03 9.46305972e-03 -2.76076663e-02 -1.19367363e-02 4.08501411e-03 -4.98061115e-03 -4.53863330e-02 -9.25856829e-03
-5.92296943e-03 -9.89219546e-03 -2.02826248e-03 -1.31457681e-02 4.30060877e-03 -8.53144750e-03 -8.67731124e-03 2.27287747e-02 -8.94060242e-04 -4.17525880e-03 1.21705988e-02 5.26146311e-03 -1.80060451e-03 2.19492638e-03 2.00007129e-02 4.07997146e-03
1.85182353e-03 3.11321137e-03 7.42789241e-04 4.78754239e-03 -1.60770037e-03 3.22279590e-03 3.27490969e-03 -8.59260652e-03 3.36186524e-04 1.57517672e-03 -4.59202146e-03 -1.98500091e-03 6.79346034e-04 -8.28179240e-04 -7.54673360e-03 -1.53948134e-03
-3.12758842e-03 -4.74491995e-03 -1.10937725e-03 -6.86790422e-03 2.27495166e-03 -4.56611253e-03 -4.62490087e-03 1.20838108e-02 -4.74992092e-04 -2.22066231e-03 6.47410937e-03 2.79786577e-03 -9.57499549e-04 1.16722391e-03 1.06361452e-02 2.16968963e-03
-1.95225999e-02 -2.97580212e-02 -6.36171130e-03 -3.88244875e-02 1.26473568e-02 -2.52097417e-02 -2.55906042e-02 6.69365227e-02 -2.63438770e-03 -1.22851767e-02 3.58042493e-02 1.54700633e-02 -5.29402029e-03 6.45253854e-03 5.87951466e-02 1.19934762e-02
1.00010820e-02 1.70748420e-02 3.58577236e-03 2.17405483e-02 -7.14522833e-03 1.43394368e-02 1.45462276e-02 -3.80605124e-02 1.49613712e-03 6.99453242e-03 -2.03957986e-02 -8.81667621e-03 3.01730609e-03 -3.67823755e-03 -3.35176587e-02 -6.83736335e-03
-5.68231428e-03 -9.02681425e-03 -1.89235294e-03 -1.17183346e-02 3.84595292e-03 -7.69262714e-03 -7.80088501e-03 2.03613099e-02 -7.99383270e-04 -3.73294414e-03 1.08775059e-02 4.69969958e-03 -1.60834391e-03 1.96035486e-03 1.78628583e-02 3.64382914e-03
5.09357220e-03 8.20815843e-03 1.67592778e-03 1.02095194e-02 -3.40654282e-03 6.74212631e-03 6.75233407e-03 -1.75620820e-02 6.93124486e-04 3.22604994e-03 -9.38818045e-03 -4.05506371e-03 1.38796167e-03 -1.69145060e-03 -1.54119935e-02 -3.14381672e-03
-1.92055129e-03 -3.11974436e-03 -7.44999328e-04 -4.63222759e-03 1.54525507e-03 -3.12084658e-03 -3.12782475e-03 8.16986244e-03 -3.21301515e-04 -1.50442810e-03 4.38340195e-03 1.89394830e-03 -6.48144109e-04 7.90092687e-04 7.19958311e-03 1.46865274e-03
-9.90246050e-03 -1.54261850e-02 -3.22801666e-03 -2.00022962e-02 6.59561576e-03 -1.31291253e-02 -1.31188752e-02 3.43460813e-02 -1.35136268e-03 -6.31628651e-03 1.83925387e-02 7.94991013e-03 -2.72071478e-03 3.31665715e-03 3.02220974e-02 6.16502389e-03
-1.61252555e-03 -2.36324850e-03 -6.59146637e-04 -4.29710466e-03 1.45582936e-03 -2.94952281e-03 -3.02601559e-03 7.95200188e-03 -3.11807089e-04 -1.46294059e-03 4.26922180e-03 1.84603420e-03 -6.31806441e-04 7.70343700e-04 7.01995566e-03 1.43204408e-03
-6.69369055e-03 -1.14204213e-02 -1.61254779e-03 -9.72067378e-03 3.09202261e-03 -5.91022428e-03 -6.04258059e-03 1.54147372e-02 -6.12500822e-04 -2.81911762e-03 8.20848625e-03 3.54606798e-03 -1.21375977e-03 1.47907296e-03 1.34771690e-02 2.74915108e-03
1.76315326e-02 2.69995630e-02 5.78990532e-03 3.74136418e-02 -1.20043308e-02 2.35325433e-02 2.40024384e-02 -6.26829118e-02 2.46505067e-03 1.15234675e-02 -3.35986540e-02 -1.45207634e-02 4.96960292e-03 -6.05781656e-03 -5.52001074e-02 -1.12603409e-02
-6.09280542e-03 -9.65984724e-03 -1.89456821e-03 -1.19558154e-02 3.91458720e-03 -7.75990868e-03 -7.80775072e-03 2.03656293e-02 -7.96461245e-04 -3.73305404e-03 1.08560445e-02 4.69023688e-03 -1.60523131e-03 1.95656484e-03 1.78284571e-02 3.63684329e-03
-9.38635133e-03 -1.60547905e-02 -3.71589046e-03 -2.29127593e-02 7.61182467e-03 -1.53342243e-02 -1.56033002e-02 4.08601649e-02 -1.60303770e-03 -7.50887021e-03 2.19011251e-02 9.46886092e-03 -3.24062933e-03 3.95095209e-03 3.60035859e-02 7.34454952e-03
-2.05362849e-02 -3.35681885e-02 -7.28023425e-03 -4.49755266e-02 1.48674091e-02 -2.94720624e-02 -3.00047714e-02 7.85740316e-02 -3.08809895e-03 -1.44496849e-02 4.21313196e-02 1.82137564e-02 -6.23340486e-03 7.59935379e-03 6.92491680e-02 1.41263818e-02
-3.39498185e-02 -5.88567555e-02 -1.13057895e-02 -6.78901449e-02 2.28043348e-02 -4.54851948e-02 -4.58727702e-02 1.20191589e-01 -4.70269052e-03 -2.20010187e-02 6.41415343e-02 2.77212132e-02 -9.48696211e-03 1.15653863e-02 1.05387889e-01 2.14983430e-02
4.31119557e-03 6.89724414e-03 1.36335462e-03 9.31178220e-03 -2.79059028e-03 5.55527443e-03 5.55334473e-03 -1.44568123e-02 5.69117838e-04 2.65662209e-03 -7.72366161e-03 -3.33895069e-03 1.14267389e-03 -1.39279780e-03 -1.26911718e-02 -2.58884183e-03
-2.84824856e-02 -4.86662760e-02 -9.62890405e-03 -6.16625175e-02 1.99955814e-02 -4.01847363e-02 -4.08552811e-02 1.06512606e-01 -4.18837974e-03 -1.95829868e-02 5.70851825e-02 2.46720761e-02 -8.44339002e-03 1.02932416e-02 9.37963873e-02 1.91337969e-02
-2.44791843e-02 -3.79940644e-02 -8.21530633e-03 -5.09038493e-02 1.68314315e-02 -3.35261524e-02 -3.38416882e-02 8.83596316e-02 -3.46746086e-03 -1.62215680e-02 4.72561307e-02 2.04273947e-02 -6.99088536e-03 8.52172170e-03 7.76522234e-02 1.58403795e-02
1.94075587e-03 3.16573447e-03 7.40159012e-04 4.62942338e-03 -1.56302075e-03 3.09575815e-03 3.11130262e-03 -8.12477991e-03 3.18523613e-04 1.48983754e-03 -4.34190780e-03 -1.87637913e-03 6.42178231e-04 -7.82841293e-04 -7.13352580e-03 -1.45518046e-03
5.43295965e-03 7.89943058e-03 1.77972938e-03 1.12597942e-02 -3.76510061e-03 7.47039774e-03 7.60626374e-03 -1.99341290e-02 7.82783143e-04 3.66161298e-03 -1.06732361e-02 -4.61477414e-03 1.57939759e-03 -1.92536681e-03 -1.75446961e-02 -3.57899582e-03
-5.06729074e-03 -8.60866811e-03 -1.78560044e-03 -1.13670956e-02 3.70055134e-03 -7.38227554e-03 -7.46000418e-03 1.95199810e-02 -7.64821889e-04 -3.58005939e-03 1.04372744e-02 4.51139081e-03 -1.54390640e-03 1.88218232e-03 1.71513539e-02 3.49876471e-03
5.21922624e-03 7.36647798e-03 1.65670004e-03 1.03628142e-02 -3.36313713e-03 6.64881663e-03 6.78147236e-03 -1.77241061e-02 6.97216135e-04 3.25495331e-03 -9.48745757e-03 -4.10017697e-03 1.40320219e-03 -1.71044830e-03 -1.55860046e-02 -3.17939441e-03
2.55808979e-03 4.22589434e-03 8.90450261e-04 5.58207044e-03 -1.83234154e-03 3.64241120e-03 3.68558429e-03 -9.64103453e-03 3.78962373e-04 1.77202583e-03 -5.16561186e-03 -2.23282469e-03 7.64135271e-04 -9.31545103e-04 -8.48865602e-03 -1.73162692e-03
-2.58673690e-02 -4.25275452e-02 -9.97078326e-03 -6.24573082e-02 2.05759834e-02 -4.12527286e-02 -4.19969372e-02 1.10145733e-01 -4.32051253e-03 -2.02294365e-02 5.89903072e-02 2.55021732e-02 -8.72792583e-03 1.06406678e-02 9.69636962e-02 1.97800379e-02
-5.41765383e-03 -8.82595964e-03 -1.83006912e-03 -1.16968779e-02 3.79016390e-03 -7.57891824e-03 -7.67371943e-03 2.00896040e-02 -7.88304373e-04 -3.69286048e-03 1.07680438e-02 4.65541380e-03 -1.59326079e-03 1.94247579e-03 1.77010037e-02 3.61091224e-03
-7.39379041e-03 -1.12848375e-02 -2.50405213e-03 -1.56113636e-02 5.10228286e-03 -1.02144210e-02 -1.03564365e-02 2.71181725e-02 -1.06680498e-03 -4.98394202e-03 1.45217171e-02 6.27578795e-03 -2.14768830e-03 2.61793379e-03 2.38549653e-02 4.86616511e-03
-4.84529563e-04 -7.84683449e-04 -8.87887727e-05 -4.53286368e-04 1.55399990e-04 -2.91609496e-04 -2.79610249e-04 7.23880308e-04 -2.83253867e-05 -1.31623907e-04 3.82482802e-04 1.65109101e-04 -5.64965594e-05 6.88445361e-05 6.27287023e-04 1.27957304e-04
-1.49040371e-02 -2.38831844e-02 -5.58873639e-03 -3.42845619e-02 1.14165591e-02 -2.25855596e-02 -2.30798926e-02 6.04864098e-02 -2.37394613e-03 -1.11185787e-02 3.24368365e-02 1.40245333e-02 -4.79977485e-03 5.85193839e-03 5.33267893e-02 1.08784121e-02
9.85396467e-03 1.63426343e-02 3.17880581e-03 1.98673774e-02 -6.53813640e-03 1.29638892e-02 1.32557796e-02 -3.46036032e-02 1.35881256e-03 6.34597568e-03 -1.85067616e-02 -8.00101552e-03 2.73814611e-03 -3.33810714e-03 -3.04184221e-02 -6.20517414e-03
1.25918593e-02 2.20962465e-02 3.88543913e-03 2.56090406e-02 -8.34431779e-03 1.62596311e-02 1.62476823e-02 -4.23319899e-02 1.65991520e-03 7.77005870e-03 -2.25896705e-02 -9.76054743e-03 3.33988876e-03 -4.07093111e-03 -3.70943509e-02 -7.56680593e-03
