-4.34949901e-03 -3.53759564e-02 -2.04062928e-02 -2.84877308e-02 7.87571352e-03 -1.37771200e-02 1.66928340e-02 -1.12035530e-04 -1.17702419e-02 9.64204955e-04 -1.92982405e-02 8.14403407e-03 9.27684456e-03 -1.08322026e-02 1.49217872e-02 2.56411452e-02
1.31489113e-02 1.12123847e-01 5.78105822e-02 8.01812708e-02 -2.23709531e-02 3.87775451e-02 -4.70229201e-02 3.49631329e-04 3.31408493e-02 -2.72889272e-03 5.43707907e-02 -2.29430217e-02 -2.61373036e-02 3.05181127e-02 -4.20401953e-02 -7.22385943e-02
1.34807732e-03 1.98770985e-02 1.05300406e-02 1.50831016e-02 -4.03068215e-03 7.11060315e-03 -8.58775992e-03 6.90144807e-05 6.06012112e-03 -4.97810659e-04 9.96003579e-03 -4.20348532e-03 -4.78868652e-03 5.59158064e-03 -7.70258671e-03 -1.32360319e-02
3.85415601e-03 3.49515192e-02 2.13111695e-02 2.98028123e-02 -8.12166743e-03 1.46163125e-02 -1.75418984e-02 7.41282420e-05 1.24494834e-02 -1.02105411e-03 2.05464996e-02 -8.67240317e-03 -9.88001283e-03 1.15392515e-02 -1.58956554e-02 -2.73175370e-02
1.26459291e-02 9.15862322e-02 5.22225797e-02 7.43057430e-02 -2.07801592e-02 3.59766856e-02 -4.29621600e-02 3.96129995e-04 3.03922966e-02 -2.51005474e-03 4.99844812e-02 -2.10998021e-02 -2.40381863e-02 2.80710291e-02 -3.86683568e-02 -6.64464012e-02
-1.68056064e-03 -3.16195562e-02 -1.40184192e-02 -1.93786994e-02 5.50153013e-03 -8.86967871e-03 1.09808343e-02 -2.91358534e-04 -7.49477418e-03 6.26334397e-04 -1.21154981e-02 5.10841468e-03 5.82092255e-03 -6.78494340e-03 9.34892334e-03 1.60508417e-02
-3.53986718e-04 1.18689556e-02 5.58931101e-03 7.48055009e-03 -2.28306139e-03 3.51484469e-03 -4.27296804e-03 8.05489908e-05 2.96266074e-03 -2.50812911e-04 4.79005137e-03 -2.01702234e-03 -2.29781447e-03 2.67890329e-03 -3.69333616e-03 -6.33692043e-03
-6.64048537e-04 4.83760145e-03 2.17658747e-03 3.03504337e-03 -8.33719794e-04 1.38036581e-03 -1.67816144e-03 1.70395451e-05 1.17277633e-03 -9.71667178e-05 1.91626768e-03 -8.08317680e-04 -9.20811261e-04 1.07458711e-03 -1.48040941e-03 -2.54314672e-03
2.52722073e-02 1.31625846e-01 7.26137459e-02 1.01718254e-01 -2.74499487e-02 4.90348265e-02 -5.89664094e-02 4.19788237e-04 4.17863987e-02 -3.45210312e-03 6.84688017e-02 -2.88698878e-02 -3.28906253e-02 3.83898169e-02 -5.28835580e-02 -9.08600092e-02
-2.00511262e-04 -9.60298348e-03 -4.46478371e-03 -5.67379734e-03 1.68799818e-03 -2.73939245e-03 3.37380730e-03 -8.27301992e-05 -2.31859530e-03 1.90319042e-04 -3.80145828e-03 1.60429161e-03 1.82752346e-03 -2.13347562e-03 2.93900585e-03 5.04992995e-03
4.64624667e-04 6.18635619e-04 9.87111242e-04 1.48399873e-03 -4.04611288e-04 7.56336842e-04 -9.04868532e-04 2.27705823e-06 6.46301371e-04 -5.29572389e-05 1.06754142e-03 -4.50648280e-04 -5.13408042e-04 5.99648862e-04 -8.26038071e-04 -1.41960720e-03
-2.95397500e-03 -3.02158706e-02 -1.65580809e-02 -2.31433269e-02 6.47858251e-03 -1.10546807e-02 1.34519804e-02 -1.30912638e-04 -9.42865945e-03 7.74860673e-04 -1.54735902e-02 6.53021410e-03 7.43857818e-03 -8.68376251e-03 1.19627807e-02 2.05537863e-02
-1.89935497e-04 1.71199292e-02 9.40926839e-03 1.26275420e-02 -3.56424204e-03 6.18088711e-03 -7.44291954e-03 4.50825464e-05 5.26643312e-03 -4.33133042e-04 8.65767431e-03 -3.65379057e-03 -4.16212622e-03 4.85966261e-03 -6.69442583e-03 -1.15031339e-02
2.75752740e-03 2.93751247e-02 1.50699932e-02 2.03863531e-02 -5.92980720e-03 9.76860244e-03 -1.19272228e-02 1.78580260e-04 8.33013002e-03 -6.81440870e-04 1.35654267e-02 -5.72532276e-03 -6.52199890e-03 7.61262234e-03 -1.04873106e-02 -1.80172883e-02
-9.44340788e-03 -3.50538492e-02 -2.17769556e-02 -3.07118781e-02 8.33029393e-03 -1.50660565e-02 1.81457084e-02 -9.81786725e-05 -1.28532648e-02 1.04969437e-03 -2.11334731e-02 8.92110541e-03 1.01630324e-02 -1.18694399e-02 1.63505301e-02 2.80990228e-02
1.23456009e-02 9.05298293e-02 5.69631755e-02 7.90710822e-02 -2.14610621e-02 3.96432132e-02 -4.74734008e-02 1.14097871e-04 3.38334814e-02 -2.77117710e-03 5.58839999e-02 -2.35917978e-02 -2.68766917e-02 3.13923955e-02 -4.32441048e-02 -7.43190199e-02
1.28954067e-03 2.56894641e-02 1.47650717e-02 2.11147647e-02 -5.73959295e-03 1.02133024e-02 -1.22954221e-02 1.01855905e-04 8.67986400e-03 -7.11873290e-04 1.43151684e-02 -6.04252843e-03 -6.88383961e-03 8.03964864e-03 -1.10748373e-02 -1.90325361e-02
-2.93709245e-03 -2.63502505e-02 -1.47221489e-02 -2.07607653e-02 5.76123176e-03 -1.00760506e-02 1.21446466e-02 -8.99877195e-05 -8.59815814e-03 7.04737904e-04 -1.41337235e-02 5.96537860e-03 6.79603592e-03 -7.93632120e-03 1.09323515e-02 1.87864620e-02
-1.84954773e-03 1.40784658e-04 1.08120847e-03 1.35199830e-03 -3.41227948e-04 8.15397303e-04 -9.33509495e-04 -1.43727302e-05 7.08284439e-04 -5.76979401e-05 1.18478097e-03 -5.00543392e-04 -5.70355623e-04 6.66492910e-04 -9.18155594e-04 -1.57817465e-03
-7.88804702e-03 -4.16499116e-02 -2.84528509e-02 -3.99061404e-02 1.09224394e-02 -2.00797152e-02 2.39815731e-02 -5.99931591e-05 -1.71227995e-02 1.40321127e-03 -2.82922201e-02 1.19433245e-02 1.36063658e-02 -1.58924069e-02 2.18923278e-02 3.76239568e-02
2.72574415e-03 2.36409642e-02 1.44271730e-02 2.00332552e-02 -5.49913524e-03 9.87992436e-03 -1.18824607e-02 7.07270301e-05 8.41529015e-03 -6.89801935e-04 1.38804931e-02 -5.85903320e-03 -6.67465571e-03 7.79544469e-03 -1.07384659e-02 -1.84545293e-02
-3.54891829e-03 4.21174578e-02 3.15893032e-02 4.38833423e-02 -1.18966727e-02 2.23857407e-02 -2.67387964e-02 4.31636618e-05 1.91517398e-02 -1.56826340e-03 3.16553600e-02 -1.33637656e-02 -1.52249848e-02 1.77832767e-02 -2.44971421e-02 -4.21008505e-02
3.47204017e-03 4.70054634e-02 2.20315177e-02 3.10464054e-02 -8.62346031e-03 1.46892015e-02 -1.79892257e-02 2.22538336e-04 1.24993902e-02 -1.03244535e-03 2.04865243e-02 -8.64361972e-03 -9.84654576e-03 1.14942659e-02 -1.58338975e-02 -2.72031873e-02
2.37973966e-03 5.04220463e-02 3.11410967e-02 4.48693261e-02 -1.20352283e-02 2.18321607e-02 -2.61197053e-02 1.20710320e-04 1.85888577e-02 -1.52809836e-03 3.06389760e-02 -1.29310181e-02 -1.47288637e-02 1.72026958e-02 -2.36961022e-02 -4.07190472e-02
1.00942818e-03 -1.23756984e-02 -8.40400252e-03 -1.19741810e-02 3.25606996e-03 -5.95010864e-03 7.12811388e-03 -2.54222814e-05 -5.07648336e-03 4.16111056e-04 -8.37936997e-03 3.53704952e-03 4.02958784e-03 -4.70631849e-03 6.48311526e-03 1.11415628e-02
3.21602356e-03 7.36053288e-03 3.00150365e-03 4.02365439e-03 -1.11827767e-03 1.91491051e-03 -2.30914308e-03 1.60958698e-05 1.62733020e-03 -1.33320544e-04 2.68431799e-03 -1.13315578e-03 -1.29092112e-03 1.50772091e-03 -2.07692804e-03 -3.56934802e-03
-2.22443417e-03 2.17446946e-02 1.41126355e-02 1.96073111e-02 -5.36637101e-03 9.77253634e-03 -1.17095392e-02 4.30916371e-05 8.34081974e-03 -6.84389495e-04 1.37568209e-02 -5.80586959e-03 -6.61446201e-03 7.72456871e-03 -1.06411669e-02 -1.82863325e-02
5.46819670e-03 2.07753386e-04 -1.81737868e-03 -3.05886078e-03 8.38691718e-04 -1.69472955e-03 2.03230185e-03 4.20036940e-06 -1.46737846e-03 1.19504672e-04 -2.43679178e-03 1.02938642e-03 1.17281114e-03 -1.37028506e-03 1.88762171e-03 3.24442494e-03
-7.19662104e-03 2.71081477e-02 1.08804060e-02 1.37318904e-02 -3.80370463e-03 6.43172627e-03 -7.87792448e-03 1.11154179e-04 5.46759879e-03 -4.49055340e-04 8.96176230e-03 -3.78150353e-03 -4.30377014e-03 5.02234278e-03 -6.91846153e-03 -1.18847135e-02
-3.75365198e-05 -1.02410484e-02 -5.39640896e-03 -7.61624007e-03 2.13708822e-03 -3.56191886e-03 4.30501485e-03 -5.49913020e-05 -3.03073786e-03 2.50375131e-04 -4.96261334e-03 2.09360593e-03 2.38483609e-03 -2.78378534e-03 3.83492559e-03 6.58861548e-03
-2.00106693e-03 -3.04849595e-02 -1.52187282e-02 -2.10809968e-02 5.87284006e-03 -1.01814857e-02 1.23863108e-02 -2.05720848e-04 -8.69624689e-03 7.16727169e-04 -1.42121473e-02 5.99853555e-03 6.83526602e-03 -7.98158441e-03 1.09955939e-02 1.88875645e-02
4.21772804e-03 1.93603188e-02 7.63954874e-03 9.29884147e-03 -2.62744306e-03 4.51896619e-03 -5.41998120e-03 8.64654940e-05 3.77889466e-03 -3.11556651e-04 6.21469365e-03 -2.62098573e-03 -2.98496685e-03 3.48502584e-03 -4.80048312e-03 -8.24971590e-03
-1.49666588e-03 3.05016935e-02 2.30389405e-02 3.21483240e-02 -8.72884784e-03 1.63791142e-02 -1.95764769e-02 3.20628897e-05 1.40078468e-02 -1.14715658e-03 2.31525525e-02 -9.77404416e-03 -1.11352578e-02 1.30063007e-02 -1.79166663e-02 -3.07915770e-02
-9.74536221e-03 -7.32740387e-02 -4.39914092e-02 -6.06969073e-02 1.67815164e-02 -3.02733462e-02 3.64308394e-02 -1.27069827e-04 -2.58647166e-02 2.11736467e-03 -4.27019522e-02 1.80242434e-02 2.05339715e-02 -2.39837281e-02 3.30383703e-02 5.67793995e-02
1.06017813e-02 7.29952976e-02 4.45919745e-02 6.20607920e-02 -1.74159873e-02 3.11605763e-02 -3.75762507e-02 1.53431087e-04 2.65408792e-02 -2.17259349e-03 4.38135974e-02 -1.84935331e-02 -2.10690461e-02 2.46088747e-02 -3.38995792e-02 -5.82596026e-02
-3.19810538e-03 -2.15828680e-02 -1.17358426e-02 -1.65274926e-02 4.56551509e-03 -8.11544247e-03 9.74584650e-03 -5.23757190e-05 -6.89618522e-03 5.66366827e-04 -1.13659706e-02 4.79735807e-03 5.46534406e-03 -6.38267491e-03 8.79229140e-03 1.51095875e-02
-7.35921960e-04 5.29687433e-03 -1.45403028e-04 -5.26449585e-04 1.45738435e-04 -4.73926950e-04 5.39542234e-04 4.85326309e-05 -4.20786324e-04 3.41166415e-05 -7.15233153e-04 3.02547647e-04 3.44755827e-04 -4.03266837e-04 5.55526116e-04 9.55280033e-04
5.03434427e-03 1.65686514e-02 8.77572875e-03 1.27831595e-02 -3.37496446e-03 6.00673538e-03 -7.26122130e-03 7.93356012e-05 5.08433534e-03 -4.18130716e-04 8.38559866e-03 -3.53982206e-03 -4.03293315e-03 4.71016299e-03 -6.48829248e-03 -1.11505222e-02
2.52633775e-03 2.47296039e-02 1.59808621e-02 2.19796747e-02 -6.09586854e-03 1.09442482e-02 -1.31216738e-02 4.36238042e-05 9.34184063e-03 -7.65404198e-04 1.54173635e-02 -6.50785584e-03 -7.41402060e-03 8.65913182e-03 -1.19282277e-02 -2.04993319e-02
-9.82732745e-04 4.41585248e-03 4.16599028e-03 5.73546486e-03 -1.54986652e-03 3.00177815e-03 -3.57308425e-03 3.02215221e-06 2.57242797e-03 -2.10672501e-04 4.25759936e-03 -1.79745362e-03 -2.04779441e-03 2.39193626e-03 -3.29498807e-03 -5.66280121e-03
-8.63343885e-04 -8.55914596e-03 -4.74137068e-03 -6.66251080e-03 1.90967543e-03 -3.16798850e-03 3.83457402e-03 -4.46672348e-05 -2.68948008e-03 2.21492228e-04 -4.41219332e-03 1.86146330e-03 2.12059612e-03 -2.47553969e-03 3.41019197e-03 5.85946767e-03
9.52800619e-04 5.12149278e-03 3.73765966e-03 5.35127940e-03 -1.47622754e-03 2.66296975e-03 -3.20492266e-03 1.50694668e-05 2.27422384e-03 -1.86386751e-04 3.75069329e-03 -1.58335688e-03 -1.80378882e-03 2.10670847e-03 -2.90207868e-03 -4.98728501e-03
2.45964481e-03 -1.06476843e-02 -4.03566193e-03 -5.48332930e-03 1.61364395e-03 -2.54824711e-03 3.08845239e-03 -5.01221257e-05 -2.12992355e-03 1.76601592e-04 -3.49179143e-03 1.47228350e-03 1.67695712e-03 -1.95761677e-03 2.69668200e-03 4.63345740e-03
-3.10100522e-03 -1.24957990e-02 -8.35404359e-03 -1.25220316e-02 3.45094525e-03 -6.08715275e-03 7.31302798e-03 -4.95581153e-05 -5.18621877e-03 4.25121223e-04 -8.54143035e-03 3.60498577e-03 4.10705246e-03 -4.79645561e-03 6.60724984e-03 1.13547174e-02
-4.81841154e-03 -2.84637194e-02 -1.50925284e-02 -2.13879365e-02 5.96690737e-03 -1.02764228e-02 1.24232667e-02 -2.06973898e-04 -8.79216846e-03 7.19856063e-04 -1.43339690e-02 6.05289638e-03 6.89558033e-03 -8.05269368e-03 1.10883256e-02 1.90501269e-02
4.23767697e-03 3.16591114e-02 1.73941292e-02 2.39851493e-02 -6.81411475e-03 1.17173139e-02 -1.41278477e-02 1.60456184e-04 9.92274284e-03 -8.15456908e-04 1.63023341e-02 -6.87794248e-03 -7.83561915e-03 9.15025640e-03 -1.26047144e-02 -2.16598995e-02
1.03347246e-02 7.96492323e-02 4.55151685e-02 6.42739981e-02 -1.78944394e-02 3.17005403e-02 -3.81628722e-02 2.26738761e-04 2.69413441e-02 -2.22330727e-03 4.43950705e-02 -1.87367331e-02 -2.13460624e-02 2.49295235e-02 -3.43428999e-02 -5.90152703e-02
4.95393667e-03 3.10823545e-02 1.99540947e-02 2.82934234e-02 -7.67847756e-03 1.40614519e-02 -1.68005247e-02 4.53172361e-05 1.19907269e-02 -9.82544152e-04 1.98080726e-02 -8.36203154e-03 -9.52651072e-03 1.11270770e-02 -1.53279370e-02 -2.63424497e-02
-1.24330516e-03 3.39158392e-03 3.36637092e-03 4.15151892e-03 -1.16864056e-03 2.37220409e-03 -2.84772762e-03 -3.95816096e-06 2.06177426e-03 -1.68140265e-04 3.41844535e-03 -1.44343916e-03 -1.64457376e-03 1.92111346e-03 -2.64643319e-03 -4.54834476e-03
-3.38836270e-03 -3.63076292e-02 -2.17291992e-02 -2.97405329e-02 8.12027603e-03 -1.50044784e-02 1.79557782e-02 -4.18408745e-05 -1.28199980e-02 1.04997575e-03 -2.11834293e-02 8.94274097e-03 1.01881605e-02 -1.18999556e-02 1.63926315e-02 2.81722900e-02
-8.32046755e-03 -5.35488427e-02 -3.19099464e-02 -4.41517085e-02 1.21529549e-02 -2.21903902e-02 2.66311727e-02 -8.01250426e-05 -1.89434960e-02 1.55125663e-03 -3.12810577e-02 1.32051343e-02 1.50441509e-02 -1.75716411e-02 2.42055692e-02 4.15994115e-02
2.52320734e-03 2.09281873e-02 1.12011274e-02 1.58835892e-02 -4.41860640e-03 7.56902294e-03 -9.10772104e-03 6.87843058e-05 6.41899509e-03 -5.28172357e-04 1.05297565e-02 -4.44235047e-03 -5.06075984e-03 5.90852555e-03 -8.13952554e-03 -1.39857223e-02
-1.70154264e-03 -2.50293501e-02 -1.59353483e-02 -2.23320872e-02 6.03373442e-03 -1.10952146e-02 1.32811442e-02 -4.67405953e-05 -9.46148764e-03 7.74913351e-04 -1.56163694e-02 6.59192400e-03 7.50986394e-03 -8.77135247e-03 1.20828198e-02 2.07652636e-02
-4.67057311e-04 -5.02036838e-03 -3.46130668e-03 -4.73919464e-03 1.28790969e-03 -2.38062954e-03 2.84857024e-03 -7.59639624e-06 -2.03420781e-03 1.66669575e-04 -3.36019625e-03 1.41847401e-03 1.61600881e-03 -1.88747421e-03 2.60006590e-03 4.46840934e-03
5.76347392e-03 3.96067575e-02 2.48059239e-02 3.59443501e-02 -9.75971948e-03 1.74688678e-02 -2.09512468e-02 9.31633185e-05 1.48868058e-02 -1.21998496e-03 2.45666485e-02 -1.03702657e-02 -1.18139694e-02 1.37985907e-02 -1.90079417e-02 -3.26664932e-02
-1.19882561e-02 -1.86164919e-02 -1.08013153e-02 -1.59365647e-02 4.54413285e-03 -7.49201188e-03 9.05282423e-03 -2.38297755e-04 -6.29944867e-03 5.23686234e-04 -1.02784559e-02 4.32852469e-03 4.92959144e-03 -5.75210713e-03 7.92499725e-03 1.36126541e-02
-2.08106218e-03 -1.12860147e-02 -6.15594862e-03 -8.96813348e-03 2.42568273e-03 -4.19676211e-03 5.06416475e-03 -4.40308213e-05 -3.56882531e-03 2.93645659e-04 -5.86832315e-03 2.47640745e-03 2.82100379e-03 -3.29396571e-03 4.53748973e-03 7.79719790e-03
-1.60056481e-03 -7.74044730e-03 -4.19285567e-03 -5.98292006e-03 1.67099421e-03 -2.88202218e-03 3.47334659e-03 -1.79269846e-05 -2.45893630e-03 2.01542411e-04 -4.05318430e-03 1.71083421e-03 1.94900623e-03 -2.27629184e-03 3.13565508e-03 5.38877724e-03
-8.15933920e-04 -4.53315303e-03 -1.15085393e-03 -1.25307462e-03 3.83770443e-04 -5.61440887e-04 6.97020616e-04 -1.26782479e-05 -4.71726933e-04 3.84514933e-05 -7.70136889e-04 3.24571709e-04 3.69699992e-04 -4.31702705e-04 5.94668323e-04 1.02193095e-03
-2.15240079e-03 -2.43846439e-02 -1.46480761e-02 -1.99712869e-02 5.53574041e-03 -9.96740162e-03 1.19433217e-02 -3.94976087e-05 -8.48096050e-03 6.94922928e-04 -1.40047176e-02 5.91177447e-03 6.73485175e-03 -7.86627643e-03 1.08360453e-02 1.86227020e-02
-8.73880868e-04 -9.89830680e-03 -5.33265527e-03 -7.22055556e-03 2.03206390e-03 -3.46913654e-03 4.19300795e-03 -3.51320487e-05 -2.94512347e-03 2.42022477e-04 -4.84090252e-03 2.04270170e-03 2.32699350e-03 -2.71722418e-03 3.74305877e-03 6.43213093e-03
1.58105269e-02 1.17310449e-01 6.89723492e-02 9.47167799e-02 -2.63499822e-02 4.74824347e-02 -5.68930954e-02 2.38482622e-04 4.03860472e-02 -3.30940797e-03 6.66215494e-02 -2.81163659e-02 -3.20310146e-02 3.74103375e-02 -5.15334569e-02 -8.85644779e-02
4.90413792e-03 4.87393737e-02 2.89921798e-02 4.04727459e-02 -1.12646045e-02 2.00130846e-02 -2.40822081e-02 1.71890249e-04 1.70244444e-02 -1.39722659e-03 2.80160364e-02 -1.18250018e-02 -1.34710697e-02 1.57297775e-02 -2.16682069e-02 -3.72344367e-02
-7.80220237e-03 -6.33957535e-02 -3.47098596e-02 -4.89735641e-02 1.33824013e-02 -2.38553472e-02 2.87948940e-02 -1.72012660e-04 -2.03174185e-02 1.66586915e-03 -3.35250609e-02 1.41500048e-02 1.61200594e-02 -1.88271888e-02 2.59349588e-02 4.45708632e-02
-3.22163617e-03 -1.67957526e-02 -9.09299310e-03 -1.26541397e-02 3.50745581e-03 -6.12192368e-03 7.36111961e-03 -4.50145671e-05 -5.19452523e-03 4.26690909e-04 -8.55679903e-03 3.61112133e-03 4.11380408e-03 -4.80407570e-03 6.61773607e-03 1.13724554e-02
-7.53560162e-04 2.09359396e-02 1.31306266e-02 1.86820347e-02 -5.27734309e-03 9.20117926e-03 -1.10985711e-02 9.36234646e-05 7.83550646e-03 -6.43077714e-04 1.29018696e-02 -5.44401072e-03 -6.20261021e-03 7.24229543e-03 -9.97667294e-03 -1.71442088e-02
-5.96644217e-03 -3.20895985e-02 -1.73418839e-02 -2.41149720e-02 6.70665735e-03 -1.15012154e-02 1.39985103e-02 -1.35398048e-04 -9.76079609e-03 8.03795876e-04 -1.60691068e-02 6.77861553e-03 7.72241177e-03 -9.01722815e-03 1.24217151e-02 2.13457011e-02
-2.20882017e-02 -4.60988991e-02 -3.38524058e-02 -4.85255457e-02 1.29879154e-02 -2.39126291e-02 2.85881162e-02 -8.45396644e-05 -2.03639008e-02 1.66877592e-03 -3.36283036e-02 1.41947847e-02 1.61711760e-02 -1.88868102e-02 2.60172952e-02 4.47128639e-02
3.28983762e-04 -6.96229376e-03 -3.83010320e-03 -5.44930389e-03 1.54633750e-03 -2.63223378e-03 3.18576745e-03 -3.24982284e-05 -2.23571039e-03 1.84609293e-04 -3.66786984e-03 1.54730689e-03 1.76262402e-03 -2.05750903e-03 2.83438433e-03 4.86978795e-03
3.73683986e-03 1.69640593e-02 7.59998150e-03 1.01763476e-02 -3.01525416e-03 4.77267662e-03 -5.89524815e-03 8.98950311e-05 4.04358190e-03 -3.35999299e-04 6.60533132e-03 -2.78495788e-03 -3.17176455e-03 3.70109756e-03 -5.09851240e-03 -8.75846203e-03
7.09196413e-03 6.43417388e-02 3.50574180e-02 4.50044759e-02 -1.25178434e-02 2.18304619e-02 -2.63081696e-02 1.88455670e-04 1.85795035e-02 -1.52704702e-03 3.05172093e-02 -1.28798978e-02 -1.46734919e-02 1.71303637e-02 -2.35992800e-02 -4.05495800e-02
6.99450495e-04 3.92076280e-03 1.96006289e-03 2.74338061e-03 -7.76214467e-04 1.31040125e-03 -1.57733634e-03 8.87877832e-06 1.11646822e-03 -9.17528305e-05 1.83647266e-03 -7.75036984e-04 -8.82902707e-04 1.03100482e-03 -1.42023293e-03 -2.44058552e-03
2.86640991e-02 1.77389205e-01 9.21135694e-02 1.30810216e-01 -3.61666009e-02 6.34842366e-02 -7.68666714e-02 5.47309639e-04 5.40044047e-02 -4.43766918e-03 8.89266431e-02 -3.75234559e-02 -4.27464359e-02 4.99207489e-02 -6.87666759e-02 -1.18173778e-01
-4.98993322e-05 1.45577034e-02 1.04102064e-02 1.45922573e-02 -3.97961307e-03 7.36656087e-03 -8.81780218e-03 2.23223469e-05 6.29361579e-03 -5.15458465e-04 1.03980936e-02 -4.38955147e-03 -5.00085158e-03 5.84105728e-03 -8.04626569e-03 -1.38282515e-02
-5.22871362e-03 -7.39990547e-03 -4.54594847e-03 -6.31420780e-03 1.78083172e-03 -3.09544103e-03 3.72697227e-03 -2.04383432e-05 -2.63808784e-03 2.16235159e-04 -4.33580671e-03 1.83002243e-03 2.08466360e-03 -2.43430957e-03 3.35335452e-03 5.76243410e-03
-3.38666118e-03 1.19442760e-03 -9.55507159e-04 -1.54538546e-03 3.93838447e-04 -8.38937354e-04 9.96430870e-04 7.61129922e-06 -7.20085169e-04 5.86316055e-05 -1.20072556e-03 5.06866723e-04 5.77537226e-04 -6.74996991e-04 9.29747184e-04 1.59848889e-03
-4.35161078e-03 -2.74707396e-02 -1.40818395e-02 -2.03540884e-02 5.50507940e-03 -9.55276657e-03 1.14603853e-02 -1.01422833e-04 -8.08650162e-03 6.66785636e-04 -1.33079607e-02 5.61410515e-03 6.39547361e-03 -7.46749714e-03 1.02865715e-02 1.76757127e-02
8.21967889e-03 7.39537403e-02 4.50522341e-02 6.19636811e-02 -1.72794648e-02 3.09984051e-02 -3.71370912e-02 1.27894411e-04 2.64416710e-02 -2.16591288e-03 4.36663516e-02 -1.84328668e-02 -2.09997743e-02 2.45276410e-02 -3.37876230e-02 -5.80670014e-02
-2.26568617e-03 -2.17292886e-02 -1.22804334e-02 -1.71518289e-02 4.76243859e-03 -8.30665883e-03 1.00280531e-02 -9.73188435e-05 -7.06982519e-03 5.81871544e-04 -1.15973949e-02 4.89376765e-03 5.57493698e-03 -6.50833175e-03 8.96553881e-03 1.54047953e-02
-2.73953401e-03 -3.09222229e-02 -1.78631619e-02 -2.48493589e-02 6.88891578e-03 -1.19222412e-02 1.43550104e-02 -1.01450772e-04 -1.01536140e-02 8.35032493e-04 -1.66756324e-02 7.03691877e-03 8.01628083e-03 -9.35931504e-03 1.28929671e-02 2.21533328e-02
-6.49930676e-03 -6.07714802e-03 -1.06295059e-03 -2.25598086e-03 6.77281758e-04 -6.17512967e-04 8.76227452e-04 -7.86570672e-05 -4.92700376e-04 4.21838668e-05 -7.69336941e-04 3.23461514e-04 3.68253386e-04 -4.28800064e-04 5.90604439e-04 1.01371505e-03
-8.52141413e-04 -1.48827266e-02 -8.40246491e-03 -1.16221933e-02 3.24320327e-03 -5.66547317e-03 6.85742032e-03 -5.57524145e-05 -4.81286645e-03 3.94842646e-04 -7.91663956e-03 3.34137050e-03 3.80656263e-03 -4.44522966e-03 6.12349296e-03 1.05229653e-02
7.89274694e-04 -1.98338088e-03 -2.38939235e-03 -3.38957109e-03 9.03891225e-04 -1.82019349e-03 2.17402121e-03 1.49218840e-06 -1.56786933e-03 1.28188636e-04 -2.60376069e-03 1.09932979e-03 1.25251361e-03 -1.46332849e-03 2.01579928e-03 3.46465106e-03
-4.18631453e-03 -3.03070247e-02 -1.85275674e-02 -2.60677673e-02 7.23753544e-03 -1.28032574e-02 1.53936511e-02 -8.38023188e-05 -1.09124715e-02 8.95420089e-04 -1.79952998e-02 7.59571977e-03 8.65332503e-03 -1.01060690e-02 1.39213558e-02 2.39241850e-02
-4.01549367e-03 1.07773989e-02 1.16884653e-02 1.62826199e-02 -4.41125873e-03 8.49875901e-03 -1.00991921e-02 5.30400030e-06 7.28566339e-03 -5.96318510e-04 1.20485695e-02 -5.08671766e-03 -5.79522969e-03 6.76918495e-03 -9.32480954e-03 -1.60256810e-02
6.43165410e-03 3.49863134e-02 2.03953627e-02 2.87880115e-02 -7.89645221e-03 1.41657311e-02 -1.69760063e-02 7.02279358e-05 1.20570036e-02 -9.89353750e-04 1.98850781e-02 -8.39198940e-03 -9.56048630e-03 1.11654475e-02 -1.53807113e-02 -2.64321566e-02
5.06707374e-03 7.39171952e-02 3.19573469e-02 4.35094200e-02 -1.24892667e-02 2.04808880e-02 -2.49992888e-02 3.76689015e-04 1.73458587e-02 -1.43829943e-03 2.85106264e-02 -1.20099308e-02 -1.36836916e-02 1.59697440e-02 -2.20017303e-02 -3.77941690e-02
3.14747472e-03 -2.10151691e-02 -7.69154262e-03 -1.07966438e-02 3.28108598e-03 -4.69451211e-03 5.88591723e-03 -2.22941846e-04 -3.96153796e-03 3.29750153e-04 -6.36496628e-03 2.68420437e-03 3.05724493e-03 -3.56499827e-03 4.91227675e-03 8.43230169e-03
1.66469923e-04 1.02851670e-02 3.19080311e-03 4.08953987e-03 -1.16959214e-03 1.83692994e-03 -2.24702666e-03 3.23276618e-05 1.54692435e-03 -1.27708336e-04 2.52360944e-03 -1.06323778e-03 -1.21106696e-03 1.41312287e-03 -1.94660947e-03 -3.34414700e-03
9.71290981e-04 5.26435953e-03 3.39525309e-03 4.78331186e-03 -1.32323895e-03 2.37035844e-03 -2.84251757e-03 1.28175207e-05 2.02070712e-03 -1.65736332e-04 3.33069917e-03 -1.40568824e-03 -1.60132488e-03 1.87013822e-03 -2.57616886e-03 -4.42712894e-03
1.39720307e-03 4.98150289e-02 2.88132168e-02 3.97678986e-02 -1.09287556e-02 1.96596887e-02 -2.35214513e-02 8.49730277e-05 1.67251192e-02 -1.37036922e-03 2.75880881e-02 -1.16450367e-02 -1.32663418e-02 1.54942675e-02 -2.13439167e-02 -3.66803631e-02
-4.11500951e-04 1.11278612e-02 7.22918101e-03 1.00803748e-02 -2.74567818e-03 5.04204631e-03 -6.04441995e-03 2.13580734e-05 4.30544000e-03 -3.52788484e-04 7.10429996e-03 -2.99874879e-03 -3.41624836e-03 3.98985669e-03 -5.49617363e-03 -9.44535434e-03
-9.85958055e-03 -5.40603697e-02 -3.12199499e-02 -4.24349606e-02 1.19492849e-02 -2.07702536e-02 2.51828395e-02 -2.48781987e-04 -1.77108292e-02 1.44655071e-03 -2.90840808e-02 1.22779412e-02 1.39867058e-02 -1.63330361e-02 2.24989317e-02 3.86636592e-02
-2.02280446e-03 -2.69416105e-02 -1.74046662e-02 -2.40805075e-02 6.56808075e-03 -1.21004591e-02 1.44924037e-02 -3.83606166e-05 -1.03324614e-02 8.46412324e-04 -1.70682911e-02 7.20526837e-03 8.20848905e-03 -9.58760735e-03 1.32072670e-02 2.26979107e-02
-3.35655129e-03 -9.77681577e-03 -4.36911639e-03 -6.25274656e-03 1.73522625e-03 -2.85716122e-03 3.46762873e-03 -3.46212692e-05 -2.42082565e-03 1.99089220e-04 -3.97713995e-03 1.67814130e-03 1.91162818e-03 -2.23212130e-03 3.07476800e-03 5.28370775e-03
-5.71235269e-03 -3.21339406e-02 -1.77159756e-02 -2.49247327e-02 6.90705283e-03 -1.17629450e-02 1.42153427e-02 -2.46409763e-04 -9.96574666e-03 8.23795388e-04 -1.62710492e-02 6.86526624e-03 7.82222208e-03 -9.13042855e-03 1.25815803e-02 2.16089152e-02
-3.71622446e-05 -2.30894573e-02 -7.50065036e-03 -1.01126656e-02 2.79691583e-03 -4.14332421e-03 5.19866310e-03 -8.08321784e-05 -3.53846909e-03 2.94271100e-04 -5.74616482e-03 2.42399448e-03 2.75462540e-03 -3.21704894e-03 4.43268009e-03 7.60776782e-03
-2.19208910e-03 -2.78191529e-02 -1.78202149e-02 -2.53607929e-02 6.88956492e-03 -1.25420270e-02 1.50140319e-02 -4.82665491e-05 -1.07126301e-02 8.77311744e-04 -1.76791195e-02 7.46317999e-03 8.50233994e-03 -9.93043743e-03 1.36794737e-02 2.35091187e-02
-1.25301842e-04 -3.32669588e-05 7.55958899e-04 1.14405376e-03 -3.16970050e-04 5.74603560e-04 -6.89009437e-04 4.52628046e-06 4.88911464e-04 -4.01131219e-05 8.07053351e-04 -3.40653496e-04 -3.88085668e-04 4.53257962e-04 -6.24375069e-04 -1.07302458e-03
1.05829944e-03 6.87780511e-03 4.34983475e-03 5.81813650e-03 -1.57820689e-03 2.91582663e-03 -3.48919374e-03 8.88220620e-06 2.49006180e-03 -2.03975214e-04 4.11283644e-03 -1.73616572e-03 -1.97793287e-03 2.31021270e-03 -3.18239722e-03 -5.46921184e-03
5.92982862e-03 2.98632756e-02 1.56122083e-02 2.17208676e-02 -5.89776970e-03 1.03091821e-02 -1.24197081e-02 1.01246063e-04 8.78604874e-03 -7.20343203e-04 1.44448960e-02 -6.09519612e-03 -6.94319373e-03 8.10784567e-03 -1.11687100e-02 -1.91926472e-02
-3.80244944e-03 -3.64256985e-02 -1.86208710e-02 -2.53990125e-02 7.09790178e-03 -1.20213740e-02 1.46162268e-02 -1.91170795e-04 -1.02157928e-02 8.41867819e-04 -1.66880731e-02 7.03941146e-03 8.01875722e-03 -9.35602840e-03 1.28891896e-02 2.21420564e-02
1.92128180e-03 1.61489323e-02 9.03465878e-03 1.26839997e-02 -3.46801965e-03 6.17404887e-03 -7.44593423e-03 5.71752535e-05 5.25457645e-03 -4.31113876e-04 8.65681935e-03 -3.65318242e-03 -4.16168710e-03 4.86011757e-03 -6.69491896e-03 -1.15051996e-02
-3.70012922e-03 -2.78680008e-02 -1.73348859e-02 -2.41993740e-02 6.64641289e-03 -1.20517658e-02 1.44210830e-02 -4.26154547e-05 -1.02736745e-02 8.41511413e-04 -1.69596411e-02 7.15913670e-03 8.15616455e-03 -9.52633098e-03 1.31228324e-02 2.25526951e-02
3.60103906e-03 -1.29127949e-02 -1.08682103e-02 -1.51907541e-02 4.08748258e-03 -7.77738169e-03 9.30780265e-03 -1.43238185e-05 -6.67586457e-03 5.46144845e-04 -1.10379932e-02 4.66036377e-03 5.30951703e-03 -6.20180694e-03 8.54323618e-03 1.46825062e-02
9.71085113e-03 3.51966731e-02 1.81883406e-02 2.59828921e-02 -7.34413788e-03 1.22838896e-02 -1.46268774e-02 1.05958272e-04 1.03604579e-02 -8.52831057e-04 1.70233455e-02 -7.18412781e-03 -8.18406604e-03 9.55737662e-03 -1.31654488e-02 -2.26237532e-02
3.69854213e-04 1.92958442e-03 6.53897354e-04 1.06857182e-03 -2.31520258e-04 3.59643600e-04 -4.39483090e-04 7.99479039e-06 3.05714406e-04 -2.50513131e-05 4.98744426e-04 -2.10492537e-04 -2.39730041e-04 2.79905158e-04 -3.85568710e-04 -6.62545906e-04
8.41348805e-03 5.32905795e-02 2.96465643e-02 4.18208763e-02 -1.14525240e-02 2.02709045e-02 -2.45489161e-02 1.10986592e-04 1.73090324e-02 -1.41508412e-03 2.85067633e-02 -1.20331068e-02 -1.37090208e-02 1.60113741e-02 -2.20561884e-02 -3.79050784e-02
5.65780466e-03 2.49828696e-02 1.45744421e-02 2.12757755e-02 -5.72415534e-03 1.00668296e-02 -1.20872809e-02 3.82400904e-05 8.59029219e-03 -7.03680736e-04 1.41764116e-02 -5.98389469e-03 -6.81713503e-03 7.96209276e-03 -1.09679876e-02 -1.88492350e-02
-7.21202698e-04 1.31748943e-03 1.13220804e-03 1.54719758e-03 -4.10977023e-04 8.12236394e-04 -9.63959028e-04 -4.22596395e-06 6.98918593e-04 -5.68944415e-05 1.15699589e-03 -4.88609076e-04 -5.56655228e-04 6.50292262e-04 -8.95812234e-04 -1.53960660e-03
-1.56847166e-03 -6.68330956e-03 -5.22253523e-03 -7.68692512e-03 2.09715520e-03 -3.82718327e-03 4.58808243e-03 -1.71298052e-05 -3.26053821e-03 2.67160998e-04 -5.38187474e-03 2.27182149e-03 2.58816080e-03 -3.02289333e-03 4.16413136e-03 7.15637160e-03
3.84239899e-03 3.09149884e-02 1.73888728e-02 2.39270516e-02 -6.57606684e-03 1.16657438e-02 -1.39820557e-02 4.78899929e-05 9.95051395e-03 -8.15515581e-04 1.64106525e-02 -6.92708837e-03 -7.89155718e-03 9.21684224e-03 -1.26964729e-02 -2.18194798e-02
2.43634032e-03 1.16389943e-03 -3.51619604e-03 -5.29040257e-03 1.35826902e-03 -2.79948488e-03 3.33583867e-03 2.29781417e-05 -2.42077373e-03 1.98024354e-04 -4.00869455e-03 1.69274199e-03 1.92858500e-03 -2.25276873e-03 3.10330675e-03 5.33344876e-03
-5.45036001e-03 -2.42655389e-02 -1.22822989e-02 -1.92588679e-02 4.98273456e-03 -8.31030030e-03 1.00502959e-02 -1.12856484e-04 -7.01226527e-03 5.79527288e-04 -1.14882719e-02 4.84934403e-03 5.52418595e-03 -6.45007333e-03 8.88526533e-03 1.52673442e-02
1.28716156e-02 8.97519737e-02 4.71344069e-02 6.72649294e-02 -1.80463977e-02 3.25752385e-02 -3.92197296e-02 1.53338420e-04 2.77403947e-02 -2.27405108e-03 4.57412116e-02 -1.93056818e-02 -2.19932050e-02 2.56867241e-02 -3.53841707e-02 -6.08096085e-02
-5.70924080e-04 -1.03652272e-02 -7.83361495e-03 -1.11564528e-02 3.03483941e-03 -5.61484834e-03 6.71520643e-03 -1.60041855e-05 -4.79491940e-03 3.92745540e-04 -7.92195834e-03 3.34428949e-03 3.81002203e-03 -4.45015030e-03 6.13023946e-03 1.05353845e-02
4.67378786e-03 2.73555610e-02 1.71748083e-02 2.44302321e-02 -6.88687712e-03 1.20699434e-02 -1.44629469e-02 7.84966105e-05 1.02428598e-02 -8.39671528e-04 1.69031546e-02 -7.13459123e-03 -8.12810846e-03 9.49333794e-03 -1.30773587e-02 -2.24743281e-02
-9.52650211e-04 -7.17894174e-03 -3.02169798e-03 -4.23309952e-03 1.31260045e-03 -1.90155720e-03 2.36220518e-03 -7.73320280e-05 -1.61856320e-03 1.35448950e-04 -2.60375254e-03 1.09915156e-03 1.25301664e-03 -1.45968387e-03 2.01094477e-03 3.45235062e-03
-5.89586422e-03 -3.91910970e-02 -2.23114323e-02 -3.18478495e-02 8.63562152e-03 -1.54770445e-02 1.85386166e-02 -8.99549050e-05 -1.31653957e-02 1.07896526e-03 -2.17353608e-02 9.17478465e-03 1.04521960e-02 -1.22079495e-02 1.68168303e-02 2.89010648e-02
-5.48971992e-04 -4.60373412e-04 4.49789659e-04 6.66240870e-04 -1.80341274e-04 4.52825159e-04 -5.23625873e-04 -7.61097044e-06 3.89177265e-04 -3.17698577e-05 6.52227842e-04 -2.75656086e-04 -3.14109086e-04 3.67108441e-04 -5.05713513e-04 -8.69317446e-04
-1.54571852e-03 -1.11030918e-02 -5.53060137e-03 -7.87101220e-03 2.18371348e-03 -3.73039930e-03 4.48168768e-03 -2.90339667e-05 -3.16585391e-03 2.59863882e-04 -5.20794513e-03 2.19775434e-03 2.50359718e-03 -2.92366138e-03 4.02740669e-03 6.92099938e-03
-7.02119293e-03 -5.40629178e-02 -3.34372893e-02 -4.68545184e-02 1.26825310e-02 -2.31068004e-02 2.76571624e-02 -1.06160936e-04 -1.97107978e-02 1.61494198e-03 -3.25412005e-02 1.37365526e-02 1.56494454e-02 -1.82782859e-02 2.51789149e-02 4.32719924e-02
1.47764292e-03 2.12195478e-02 1.27192484e-02 1.79577190e-02 -4.86195646e-03 8.79901461e-03 -1.05316443e-02 3.57630124e-05 7.49369338e-03 -6.14332675e-04 1.23710493e-02 -5.22215059e-03 -5.94930025e-03 6.94861123e-03 -9.57191829e-03 -1.64500382e-02
5.31597808e-03 6.04587756e-02 3.66180204e-02 5.13623171e-02 -1.39264129e-02 2.51334999e-02 -3.01176105e-02 1.41595738e-04 2.14360505e-02 -1.75829395e-03 3.53324078e-02 -1.49126165e-02 -1.69883929e-02 1.98404733e-02 -2.73308307e-02 -4.69682403e-02
-3.49676423e-03 -3.52354124e-02 -1.96023714e-02 -2.70266458e-02 7.64560606e-03 -1.34027535e-02 1.60783101e-02 -1.15350995e-04 -1.13829160e-02 9.34094889e-04 -1.87675934e-02 7.92074669e-03 9.02339630e-03 -1.05382148e-02 1.45166758e-02 2.49473024e-02
3.78335011e-03 3.48823592e-02 2.17585880e-02 2.93449759e-02 -8.08101054e-03 1.44856190e-02 -1.73656568e-02 5.37843443e-05 1.23683112e-02 -1.01276778e-03 2.04163715e-02 -8.61847028e-03 -9.81855765e-03 1.14678480e-02 -1.57973506e-02 -2.71489881e-02
-7.40817375e-03 -5.30950576e-02 -2.86818817e-02 -4.04914059e-02 1.11496719e-02 -1.96278337e-02 2.37768572e-02 -1.76613612e-04 -1.67512670e-02 1.37057458e-03 -2.75711790e-02 1.16382521e-02 1.32580120e-02 -1.54836597e-02 2.13289969e-02 3.66545916e-02
-4.63055912e-03 -4.52684797e-02 -2.49015708e-02 -3.61448862e-02 1.00005120e-02 -1.74478292e-02 2.09100712e-02 -1.08068198e-04 -1.48206512e-02 1.21732196e-03 -2.44598575e-02 1.03245648e-02 1.17617249e-02 -1.37372091e-02 1.89234149e-02 3.25210430e-02
