-2.73699872e-04 -3.62565033e-02 -1.66829862e-02 -2.16440931e-02 3.10465787e-03 -1.64239556e-02 1.34157687e-02 -6.00134779e-04 -6.03444548e-03 -9.57734603e-03 -6.10130141e-03 6.17526518e-03 -5.41194389e-03 -9.48781148e-03 9.05882940e-03 1.75150540e-02
-1.39569305e-03 1.46339223e-01 6.47026151e-02 8.58977512e-02 -1.24288509e-02 6.79840297e-02 -5.55631034e-02 2.50981306e-03 2.50283629e-02 4.00746092e-02 2.54528169e-02 -2.58136801e-02 2.26550922e-02 3.96886542e-02 -3.78952995e-02 -7.32760802e-02
4.48080886e-04 8.26523453e-03 2.90802866e-03 4.07495163e-03 -4.89141967e-04 2.06860458e-03 -1.67329051e-03 7.08150765e-05 7.35734124e-04 1.11990632e-03 7.27792387e-04 -7.26863800e-04 6.30891183e-04 1.11274119e-03 -1.06213544e-03 -2.05221004e-03
-1.26379402e-03 4.95191179e-02 2.35271677e-02 3.15493569e-02 -4.48461855e-03 2.50923000e-02 -2.04370469e-02 9.27103916e-04 9.19685513e-03 1.48135768e-02 9.39050689e-03 -9.53540485e-03 8.37669335e-03 1.46660022e-02 -1.40036019e-02 -2.70800740e-02
-3.38617479e-03 1.43976867e-01 6.70746192e-02 9.28571671e-02 -1.34185404e-02 7.41561428e-02 -5.98953031e-02 2.71934061e-03 2.70040557e-02 4.34104204e-02 2.75195390e-02 -2.79518198e-02 2.45458148e-02 4.29874994e-02 -4.10450250e-02 -7.93693662e-02
8.70939693e-04 -3.71399447e-02 -1.56008573e-02 -2.07578503e-02 2.99324095e-03 -1.52686732e-02 1.23750940e-02 -5.51052799e-04 -5.53085888e-03 -8.67209584e-03 -5.58252959e-03 5.61376521e-03 -4.88736713e-03 -8.60900525e-03 8.21912941e-03 1.58826355e-02
-4.42208548e-04 8.18417873e-03 3.18155624e-03 3.48490989e-03 -6.35365024e-04 2.01674341e-03 -1.52934331e-03 6.15862373e-05 6.88387430e-04 9.37512901e-04 6.75502815e-04 -6.29378250e-04 5.17904526e-04 9.49153095e-04 -9.07809357e-04 -1.74187205e-03
-4.02078265e-04 1.99714396e-03 6.34464028e-04 7.79583585e-04 -1.00686710e-04 3.03526904e-04 -2.38482549e-04 9.21268384e-06 1.03426886e-04 1.43620302e-04 9.93377616e-05 -9.52357295e-05 8.00158596e-05 1.44130172e-04 -1.37543742e-04 -2.65019597e-04
4.65304963e-03 2.00667500e-01 9.01590884e-02 1.18040189e-01 -1.63821205e-02 9.08216089e-02 -7.34516159e-02 3.30542936e-03 3.32476757e-02 5.27413860e-02 3.38039398e-02 -3.40499841e-02 2.97754966e-02 5.22894226e-02 -4.99213524e-02 -9.65072811e-02
-2.69932571e-05 -3.67850834e-03 -1.29587040e-03 -1.08602818e-03 1.98659487e-04 -6.85434556e-04 5.66226838e-04 -2.40741574e-05 -2.35537314e-04 -3.60917707e-04 -2.33699655e-04 2.34087682e-04 -2.03334712e-04 -3.58334510e-04 3.42079904e-04 6.60995138e-04
9.80297482e-05 2.04062229e-03 1.06527598e-03 1.45506754e-03 -2.11520164e-04 1.12511078e-03 -9.14049626e-04 4.11507426e-05 4.10075212e-04 6.57224271e-04 4.17922682e-04 -4.23469231e-04 3.71472328e-04 6.50964503e-04 -6.21541578e-04 -1.20181649e-03
8.38986132e-04 -4.26101759e-02 -1.96648017e-02 -2.61901822e-02 3.78777180e-03 -2.03196090e-02 1.66165009e-02 -7.48213730e-04 -7.46156974e-03 -1.19366040e-02 -7.59377796e-03 7.69470865e-03 -6.74442947e-03 -1.18244393e-02 1.12900287e-02 2.18288191e-02
-9.05164925e-04 1.58814359e-02 7.07484316e-03 8.43947288e-03 -1.28079066e-03 6.32300368e-03 -5.12041245e-03 2.28191217e-04 2.30019214e-03 3.63942259e-03 2.32963869e-03 -2.35087704e-03 2.05469714e-03 3.60827916e-03 -3.44492774e-03 -6.65936060e-03
-9.23571875e-04 4.20911051e-02 1.92503948e-02 2.50856113e-02 -3.74741200e-03 1.97542254e-02 -1.60974264e-02 7.24135025e-04 7.24844867e-03 1.15291066e-02 7.33208191e-03 -7.43205985e-03 6.51398581e-03 1.14210518e-02 -1.09048728e-02 -2.10837964e-02
-2.68818485e-03 -4.14883792e-02 -1.99314076e-02 -2.48306450e-02 3.48606380e-03 -1.96014736e-02 1.59697253e-02 -7.21685879e-04 -7.19377026e-03 -1.15285860e-02 -7.30585260e-03 7.42130214e-03 -6.51883613e-03 -1.14134774e-02 1.08980006e-02 2.10744217e-02
-6.28959062e-03 1.66699544e-01 7.91265219e-02 1.07255347e-01 -1.53805539e-02 8.91022533e-02 -7.26869106e-02 3.31246131e-03 3.28053497e-02 5.29456884e-02 3.35187018e-02 -3.40708643e-02 2.99425423e-02 5.24111353e-02 -5.00446819e-02 -9.67786536e-02
-2.63394089e-03 4.78684194e-02 2.23726891e-02 3.16753015e-02 -4.48769983e-03 2.52438318e-02 -2.05654968e-02 9.33187024e-04 9.24824364e-03 1.49008334e-02 9.44077689e-03 -9.59096756e-03 8.42616986e-03 1.47518264e-02 -1.40856020e-02 -2.72388402e-02
5.14109735e-04 -3.49219255e-02 -1.57059785e-02 -2.12022122e-02 3.07054212e-03 -1.65609848e-02 1.34999882e-02 -6.09474781e-04 -6.08375156e-03 -9.72706731e-03 -6.17935462e-03 6.26643375e-03 -5.49786119e-03 -9.63411480e-03 9.19844862e-03 1.77859999e-02
-1.53621961e-03 8.35201796e-03 4.25356627e-03 5.96342189e-03 -8.56643252e-04 4.96110367e-03 -4.04936494e-03 1.84399236e-04 1.82767026e-03 2.94834934e-03 1.86698802e-03 -1.89738197e-03 1.66733761e-03 2.91865901e-03 -2.78686755e-03 -5.38933743e-03
2.41428101e-03 -8.20183903e-02 -3.92738916e-02 -5.45421541e-02 7.89264869e-03 -4.54106145e-02 3.69654335e-02 -1.68614031e-03 -1.66940503e-02 -2.69506034e-02 -1.70634352e-02 1.73429362e-02 -1.52414693e-02 -2.66786460e-02 2.54740529e-02 4.92628366e-02
-4.73105931e-04 2.99823843e-02 1.41866291e-02 1.87066719e-02 -2.68926076e-03 1.48960734e-02 -1.21410741e-02 5.49066288e-04 5.45225572e-03 8.76806770e-03 5.56055130e-03 -5.64517826e-03 4.95773647e-03 8.68116319e-03 -8.28903727e-03 -1.60290543e-02
-1.90399052e-03 1.28632970e-02 4.84297704e-03 5.21341432e-03 -6.40869956e-04 2.65746238e-03 -2.13484443e-03 9.15338314e-05 9.22541134e-04 1.46122579e-03 9.32965253e-04 -9.42740531e-04 8.25653377e-04 1.44789170e-03 -1.38232380e-03 -2.67266412e-03
-1.96771068e-03 6.99052736e-02 3.00150607e-02 4.08492461e-02 -5.85901737e-03 3.15958560e-02 -2.58582849e-02 1.15991186e-03 1.15766134e-02 1.84794646e-02 1.17777549e-02 -1.19185196e-02 1.04387403e-02 1.83128901e-02 -1.74842998e-02 -3.38025428e-02
-4.73643700e-03 9.29978713e-02 4.31037471e-02 6.07069470e-02 -8.40639044e-03 4.75117117e-02 -3.85357887e-02 1.74938689e-03 1.73981152e-02 2.79468149e-02 1.77543573e-02 -1.80034824e-02 1.58002824e-02 2.76787858e-02 -2.64262892e-02 -5.10974936e-02
2.21915240e-03 -2.55998448e-02 -1.20292427e-02 -1.74490325e-02 2.44115852e-03 -1.35013359e-02 1.09775392e-02 -4.97233064e-04 -4.94024111e-03 -7.94422347e-03 -5.03920065e-03 5.11485059e-03 -4.49174596e-03 -7.86580332e-03 7.51047395e-03 1.45233683e-02
2.86534615e-03 -1.97225325e-02 -1.01790680e-02 -1.47433998e-02 2.12466135e-03 -1.24937119e-02 1.01993065e-02 -4.65938414e-04 -4.61196247e-03 -7.44818058e-03 -4.71454952e-03 4.79265023e-03 -4.21220018e-03 -7.37283845e-03 7.03995815e-03 1.36142122e-02
-4.80985921e-03 5.26123866e-02 2.55901702e-02 3.48884240e-02 -5.03849052e-03 2.72280853e-02 -2.20848955e-02 9.94369271e-04 9.95439477e-03 1.58785004e-02 1.01397391e-02 -1.02403034e-02 8.96908157e-03 1.57341994e-02 -1.50238518e-02 -2.90446188e-02
2.77307513e-03 6.50971243e-03 2.79791676e-03 4.16378677e-03 -6.09455281e-04 3.73901846e-03 -3.09277512e-03 1.42528224e-04 1.39950099e-03 2.27835518e-03 1.43462885e-03 -1.46418239e-03 1.28915708e-03 2.25405628e-03 -2.15237378e-03 -4.16289968e-03
-5.24057075e-03 1.93221699e-02 6.94913045e-03 8.18039291e-03 -1.15553767e-03 5.59030147e-03 -4.56983503e-03 2.00195311e-04 2.01965496e-03 3.17075220e-03 2.05374905e-03 -2.05758959e-03 1.78682955e-03 3.14613502e-03 -3.00315907e-03 -5.80343092e-03
6.53476221e-04 -1.20622301e-02 -5.49564650e-03 -7.28760241e-03 1.05192687e-03 -5.36622619e-03 4.35220543e-03 -1.95566390e-04 -1.96114043e-03 -3.11077107e-03 -1.98950968e-03 2.00847117e-03 -1.75647426e-03 -3.08398483e-03 2.94449716e-03 5.69196325e-03
8.00909474e-04 -3.52015570e-02 -1.50308898e-02 -1.96205154e-02 2.84779444e-03 -1.50482142e-02 1.22896060e-02 -5.51019621e-04 -5.52882534e-03 -8.72680638e-03 -5.56809688e-03 5.63340448e-03 -4.92598116e-03 -8.65836442e-03 8.26620962e-03 1.59741733e-02
2.05290737e-04 2.56515406e-02 1.16225742e-02 1.54869333e-02 -2.23450200e-03 1.28877163e-02 -1.04853576e-02 4.77790192e-04 4.73097339e-03 7.63131725e-03 4.83450014e-03 -4.91145439e-03 4.31559514e-03 7.55454600e-03 -7.21340301e-03 -1.39495647e-02
-3.88519792e-03 4.83871810e-02 2.31138859e-02 3.27233821e-02 -4.56943037e-03 2.55995281e-02 -2.08324865e-02 9.46861517e-04 9.39416885e-03 1.51324719e-02 9.58366133e-03 -9.73955635e-03 8.55717622e-03 1.49807967e-02 -1.43042486e-02 -2.76617389e-02
2.48143449e-03 -1.05320551e-01 -4.92534302e-02 -6.50638565e-02 9.48378071e-03 -5.34770042e-02 4.37632874e-02 -1.98816811e-03 -1.97062753e-02 -3.17746252e-02 -2.01283321e-02 2.04480346e-02 -1.79692879e-02 -3.14542316e-02 3.00339423e-02 5.80808446e-02
-6.44088257e-04 8.23093206e-02 3.76132876e-02 5.04702516e-02 -7.49339815e-03 4.18636426e-02 -3.42121609e-02 1.54976093e-03 1.53585458e-02 2.47664079e-02 1.56851523e-02 -1.59370750e-02 1.40062291e-02 2.45164335e-02 -2.34094840e-02 -4.52703089e-02
7.88676320e-04 -3.44318561e-02 -1.56473164e-02 -2.15081125e-02 3.10042943e-03 -1.75449494e-02 1.42800743e-02 -6.48668967e-04 -6.43522199e-03 -1.03645502e-02 -6.56851986e-03 6.67175092e-03 -5.86075243e-03 -1.02614202e-02 9.79794934e-03 1.89471412e-02
-2.47681560e-03 2.83849128e-02 1.34038804e-02 1.90904401e-02 -2.75179115e-03 1.60873532e-02 -1.31344199e-02 6.00306201e-04 5.93672646e-03 9.58778430e-03 6.06871536e-03 -6.16939925e-03 5.42223360e-03 9.49078240e-03 -9.06227902e-03 -1.75250918e-02
4.71681636e-03 -3.21957879e-02 -1.66343618e-02 -2.41115261e-02 3.52571649e-03 -2.07818039e-02 1.69729553e-02 -7.76548404e-04 -7.68708577e-03 -1.24184843e-02 -7.85991177e-03 7.99055863e-03 -7.02309515e-03 -1.22924689e-02 1.17375227e-02 2.26986483e-02
-1.98035594e-03 4.82164659e-02 2.34861169e-02 3.13852988e-02 -4.60993033e-03 2.54671574e-02 -2.07639392e-02 9.43258347e-04 9.36064962e-03 1.50740203e-02 9.55388881e-03 -9.70301405e-03 8.52376036e-03 1.49234915e-02 -1.42494757e-02 -2.75555756e-02
-9.62739170e-04 8.26584082e-03 4.02777502e-03 5.54413814e-03 -7.88274570e-04 4.48508607e-03 -3.65868537e-03 1.66416852e-04 1.64970348e-03 2.65994552e-03 1.68417348e-03 -1.71174062e-03 1.50426792e-03 2.63314461e-03 -2.51424965e-03 -4.86215251e-03
4.42028511e-04 -1.47580393e-02 -6.98589021e-03 -9.45505314e-03 1.39490969e-03 -7.39523163e-03 6.01464370e-03 -2.71383586e-04 -2.70499219e-03 -4.32643667e-03 -2.75381561e-03 2.78860494e-03 -2.44469265e-03 -4.28576535e-03 4.09205025e-03 7.91195687e-03
-2.71422556e-04 1.21190585e-02 5.83977764e-03 8.08714237e-03 -1.18134916e-03 6.41210191e-03 -5.24901366e-03 2.36929627e-04 2.35622539e-03 3.78425140e-03 2.39929673e-03 -2.43673939e-03 2.13961978e-03 3.74706229e-03 -3.57780769e-03 -6.91842800e-03
1.24625233e-03 -4.62407712e-04 9.06585192e-04 1.71375286e-03 -2.13000152e-04 1.91393623e-03 -1.60823844e-03 7.63698263e-05 7.46855396e-04 1.23420986e-03 7.68531696e-04 -7.90829014e-04 6.99006894e-04 1.21949776e-03 -1.16460829e-03 -2.25301087e-03
9.76515003e-05 -2.32180338e-02 -1.13883112e-02 -1.55237438e-02 2.21389835e-03 -1.24823274e-02 1.01715634e-02 -4.62831988e-04 -4.58972808e-03 -7.39475666e-03 -4.68424847e-03 4.75917337e-03 -4.18173475e-03 -7.32055819e-03 6.98997686e-03 1.35173677e-02
2.53750477e-05 -4.68190573e-02 -2.09477246e-02 -2.83914339e-02 4.10467573e-03 -2.22726837e-02 1.81147549e-02 -8.19810433e-04 -8.20722152e-03 -1.30276699e-02 -8.28822609e-03 8.40511732e-03 -7.35584181e-03 -1.29179899e-02 1.23281647e-02 2.38335114e-02
-6.56854128e-04 4.67074551e-02 2.18155123e-02 2.90533062e-02 -4.27800324e-03 2.34181769e-02 -1.90057196e-02 8.59113235e-04 8.54502525e-03 1.37004070e-02 8.70210677e-03 -8.82282574e-03 7.74584757e-03 1.35673536e-02 -1.29543040e-02 -2.50493400e-02
-2.71515222e-03 1.29231974e-01 5.77621311e-02 7.90590122e-02 -1.15539879e-02 6.35221452e-02 -5.16749397e-02 2.33244780e-03 2.31975671e-02 3.72422002e-02 2.36452091e-02 -2.39859875e-02 2.10581757e-02 3.68854776e-02 -3.52209993e-02 -6.81024715e-02
-2.00987770e-03 5.33236302e-02 2.52695363e-02 3.59182358e-02 -5.13685634e-03 2.96183508e-02 -2.41329931e-02 1.10080873e-03 1.08999172e-02 1.75948720e-02 1.11386739e-02 -1.13222431e-02 9.95048601e-03 1.74172707e-02 -1.66308563e-02 -3.21614817e-02
6.93392125e-04 -1.64060555e-02 -8.21857806e-03 -1.16852429e-02 1.71852077e-03 -1.01608858e-02 8.32305383e-03 -3.80629441e-04 -3.76492785e-03 -6.08414691e-03 -3.85013456e-03 3.91464448e-03 -3.44080897e-03 -6.02237508e-03 5.75048663e-03 1.11206239e-02
3.15089105e-03 -6.49354458e-02 -3.04280370e-02 -4.10580598e-02 5.93686430e-03 -3.43901254e-02 2.80733183e-02 -1.28074526e-03 -1.26791298e-02 -2.04714406e-02 -1.29588190e-02 1.31729720e-02 -1.15772495e-02 -2.02645324e-02 1.93495862e-02 3.74191254e-02
1.82158430e-03 -7.64956325e-02 -3.55185829e-02 -4.82268333e-02 6.99250214e-03 -4.02759947e-02 3.28857899e-02 -1.49823923e-03 -1.48384664e-02 -2.39470527e-02 -1.51602393e-02 1.54097332e-02 -1.35427695e-02 -2.37052161e-02 2.26349048e-02 4.37723622e-02
3.41843814e-04 2.19861753e-02 9.48938169e-03 1.23058725e-02 -1.77276263e-03 8.91547091e-03 -7.16698635e-03 3.18905833e-04 3.22048599e-03 5.08270971e-03 3.25774658e-03 -3.28229158e-03 2.86955410e-03 5.03935851e-03 -4.81163478e-03 -9.30075534e-03
1.90790545e-03 -4.08545732e-02 -1.94118153e-02 -2.64016315e-02 3.72807402e-03 -2.12996993e-02 1.73261445e-02 -7.87209952e-04 -7.81301875e-03 -1.25794644e-02 -7.97199085e-03 8.09664559e-03 -7.11350981e-03 -1.24535589e-02 1.18911397e-02 2.29952130e-02
-3.49450420e-04 -6.69170520e-04 -2.21338822e-04 1.47378480e-04 -1.25582519e-05 5.17985900e-04 -4.39105963e-04 2.25378099e-05 2.07878009e-04 3.62693361e-04 2.18555768e-04 -2.30315607e-04 2.06296259e-04 3.57056590e-04 -3.41096369e-04 -6.60476624e-04
3.12650693e-03 8.54849350e-03 2.12632003e-03 3.71949025e-03 -4.24319122e-04 1.14914239e-03 -8.91743228e-04 3.55530392e-05 3.70328606e-04 5.62404864e-04 3.63856263e-04 -3.64294130e-04 3.17814905e-04 5.58227766e-04 -5.32833103e-04 -1.02997269e-03
-6.61099376e-03 -2.16103792e-02 -9.83439945e-03 -1.27404742e-02 1.86591758e-03 -9.40279476e-03 7.51025043e-03 -3.38279904e-04 -3.37088807e-03 -5.30186389e-03 -3.42934718e-03 3.43008572e-03 -2.99116317e-03 -5.26081631e-03 5.02303662e-03 9.70788207e-03
-4.14595008e-04 -1.27239926e-02 -5.69804804e-03 -7.92293064e-03 1.09790813e-03 -5.97842364e-03 4.86523565e-03 -2.19961323e-04 -2.18855590e-03 -3.51069495e-03 -2.22986634e-03 2.26141489e-03 -1.98464910e-03 -3.47669655e-03 3.31956428e-03 6.41895831e-03
-7.31021282e-05 -9.95398685e-03 -4.45471099e-03 -6.11971272e-03 8.85277230e-04 -4.89236321e-03 3.99602717e-03 -1.81556956e-04 -1.80085597e-03 -2.90112477e-03 -1.83793949e-03 1.86723657e-03 -1.64058397e-03 -2.87205540e-03 2.74235499e-03 5.30321011e-03
-1.17021252e-03 9.24786367e-03 4.98174829e-03 7.27128796e-03 -1.04485534e-03 6.14912389e-03 -5.01962658e-03 2.29335434e-04 2.26985128e-03 3.66636924e-03 2.32049194e-03 -2.35917815e-03 2.07345630e-03 3.62928002e-03 -3.46542033e-03 -6.70159794e-03
3.41880322e-03 -6.16960898e-02 -3.02215684e-02 -4.09837961e-02 5.92878507e-03 -3.42132561e-02 2.78985444e-02 -1.27186766e-03 -1.25939185e-02 -2.03290619e-02 -1.28703080e-02 1.30817313e-02 -1.14967069e-02 -2.01237649e-02 1.92151517e-02 3.71591188e-02
1.97545131e-04 -1.10008037e-02 -5.11038676e-03 -6.47359015e-03 9.45772335e-04 -5.01097739e-03 4.07404080e-03 -1.83261553e-04 -1.82748283e-03 -2.92406115e-03 -1.85935746e-03 1.88394706e-03 -1.65285741e-03 -2.89602578e-03 2.76514422e-03 5.34673966e-03
-9.16687306e-04 1.39457345e-01 6.32286444e-02 8.01294744e-02 -1.18419686e-02 6.58703446e-02 -5.34332246e-02 2.41984776e-03 2.40412932e-02 3.86625938e-02 2.45322548e-02 -2.48882286e-02 2.18628142e-02 3.82772423e-02 -3.65481041e-02 -7.06775934e-02
-2.08545965e-03 7.44471103e-02 3.46069820e-02 4.52806242e-02 -6.61068084e-03 3.64185199e-02 -2.95868739e-02 1.33630424e-03 1.33085009e-02 2.13325769e-02 1.35511495e-02 -1.37440823e-02 1.20569319e-02 2.11274140e-02 -2.01723538e-02 -3.90053950e-02
1.25027727e-03 -8.70826095e-02 -3.87776159e-02 -5.29189147e-02 7.53386738e-03 -4.21990789e-02 3.44837159e-02 -1.56250247e-03 -1.54892057e-02 -2.49611754e-02 -1.58180911e-02 1.60658099e-02 -1.41154928e-02 -2.47111078e-02 2.35951394e-02 4.56287563e-02
-8.78152205e-05 -2.61644479e-02 -1.20058022e-02 -1.62143540e-02 2.33571324e-03 -1.29241524e-02 1.05036879e-02 -4.75750159e-04 -4.72565880e-03 -7.59957498e-03 -4.82148305e-03 4.89313202e-03 -4.29686159e-03 -7.52462680e-03 7.18470756e-03 1.38934115e-02
-2.69638840e-03 3.55861373e-02 1.68950781e-02 2.27018073e-02 -3.39548709e-03 1.78022515e-02 -1.45005053e-02 6.52908057e-04 6.50235498e-03 1.04127377e-02 6.62427722e-03 -6.70833560e-03 5.88461431e-03 1.03125684e-02 -9.84665100e-03 -1.90396290e-02
2.31869053e-04 -5.06938696e-02 -2.37983409e-02 -3.18442248e-02 4.57104435e-03 -2.54176091e-02 2.07576286e-02 -9.39410820e-04 -9.31919832e-03 -1.49993859e-02 -9.51661915e-03 9.65642650e-03 -8.48123338e-03 -1.48508241e-02 1.41801490e-02 2.74210703e-02
-5.66086452e-03 -8.71195644e-02 -4.01483439e-02 -5.56996278e-02 7.74267549e-03 -4.45841327e-02 3.62365283e-02 -1.64921791e-03 -1.63446609e-02 -2.63585187e-02 -1.67012010e-02 1.69651378e-02 -1.49052022e-02 -2.60937363e-02 2.49154940e-02 4.81823832e-02
8.46241659e-04 -1.10193668e-02 -5.05786948e-03 -6.84192032e-03 1.01376406e-03 -5.20936446e-03 4.22713580e-03 -1.88771548e-04 -1.89525716e-03 -3.00562545e-03 -1.92599348e-03 1.94150396e-03 -1.69648731e-03 -2.98036635e-03 2.84550991e-03 5.50035108e-03
3.52253322e-04 3.02159917e-02 1.37731628e-02 1.84968188e-02 -2.72533647e-03 1.49528049e-02 -1.22119272e-02 5.52107347e-04 5.48918406e-03 8.80744308e-03 5.59953321e-03 -5.67491120e-03 4.97803790e-03 8.72325432e-03 -8.32902547e-03 -1.61049049e-02
-1.18432380e-03 8.76461789e-02 4.16851528e-02 5.05940206e-02 -7.31991651e-03 3.98703665e-02 -3.24026905e-02 1.46249146e-03 1.45960664e-02 2.33478639e-02 1.48433754e-02 -1.50471367e-02 1.31931920e-02 2.31258329e-02 -2.20818277e-02 -4.26947139e-02
3.45748907e-04 1.60090160e-03 5.01774950e-04 5.67208510e-04 -8.72118253e-05 3.25615110e-04 -2.61676701e-04 1.14135628e-05 1.16480755e-04 1.81776733e-04 1.16822877e-04 -1.17506948e-04 1.02647733e-04 1.80282252e-04 -1.72108354e-04 -3.32704833e-04
2.73796823e-03 2.31834024e-01 9.92730930e-02 1.35894835e-01 -1.95464902e-02 1.07305564e-01 -8.76170844e-02 3.94989969e-03 3.92838307e-02 6.30642027e-02 4.00571562e-02 -4.06132378e-02 3.56556289e-02 6.24499284e-02 -5.96277826e-02 -1.15302809e-01
-3.43972677e-03 4.72209901e-02 2.30614580e-02 3.20517868e-02 -4.67104232e-03 2.65540592e-02 -2.16772500e-02 9.85886552e-04 9.76659171e-03 1.57567151e-02 9.97769181e-03 -1.01398462e-02 8.91079288e-03 1.55978892e-02 -1.48935933e-02 -2.88018044e-02
-2.70811049e-03 -9.29042511e-03 -4.27122321e-03 -5.32273576e-03 7.92321574e-04 -4.17935383e-03 3.39663168e-03 -1.52936889e-04 -1.52990851e-03 -2.44221766e-03 -1.55288109e-03 1.57393841e-03 -1.38024136e-03 -2.41895719e-03 2.30962038e-03 4.46576672e-03
-2.43600784e-03 4.38176095e-03 1.78222184e-03 2.58333376e-03 -3.68102395e-04 2.31062924e-03 -1.89848803e-03 8.79296276e-05 8.56942206e-04 1.40366249e-03 8.82579538e-04 -9.00506566e-04 7.95145519e-04 1.38758146e-03 -1.32498739e-03 -2.56342907e-03
-4.48881416e-04 -3.47775295e-02 -1.53251486e-02 -2.12967042e-02 2.96588219e-03 -1.63997747e-02 1.32858464e-02 -6.02290791e-04 -5.98366745e-03 -9.61530767e-03 -6.10854570e-03 6.19290583e-03 -5.43584907e-03 -9.52203013e-03 9.09166038e-03 1.75803509e-02
-2.58331397e-03 9.32086781e-02 4.38886732e-02 5.68742529e-02 -8.38242937e-03 4.68895137e-02 -3.82282473e-02 1.73999602e-03 1.72384121e-02 2.78084632e-02 1.76098831e-02 -1.78955030e-02 1.57263186e-02 2.75281966e-02 -2.62851864e-02 -5.08313291e-02
7.04312231e-04 -3.21298838e-02 -1.48889134e-02 -1.96387134e-02 2.82986369e-03 -1.53221497e-02 1.24436719e-02 -5.60412300e-04 -5.60321333e-03 -8.93571693e-03 -5.69212018e-03 5.76194748e-03 -5.04832854e-03 -8.85336194e-03 8.45295470e-03 1.63430944e-02
1.71112269e-03 -5.08901775e-02 -2.43194979e-02 -3.27873453e-02 4.70279623e-03 -2.57491432e-02 2.09339801e-02 -9.47832537e-04 -9.44351591e-03 -1.51365781e-02 -9.61724389e-03 9.75173526e-03 -8.55556224e-03 -1.49912238e-02 1.43136987e-02 2.76768822e-02
-4.55509080e-03 1.06139444e-02 5.93251595e-03 8.37235060e-03 -1.20871922e-03 7.22174533e-03 -5.89256687e-03 2.68892618e-04 2.66717561e-03 4.30972548e-03 2.72725057e-03 -2.77294405e-03 2.43736408e-03 4.26596915e-03 -4.07337770e-03 -7.87735637e-03
8.30972684e-04 -2.06618831e-02 -9.57330782e-03 -1.25521664e-02 1.82245206e-03 -9.90263745e-03 8.06652568e-03 -3.63168132e-04 -3.61365057e-03 -5.79653634e-03 -3.67745408e-03 3.73258186e-03 -3.27729527e-03 -5.73963253e-03 5.48036909e-03 1.05974954e-02
5.62156492e-05 4.62106708e-03 2.15315307e-03 3.28494958e-03 -4.80562769e-04 3.00465594e-03 -2.47893925e-03 1.14258684e-04 1.12223870e-03 1.82658632e-03 1.15301227e-03 -1.17411953e-03 1.03345676e-03 1.80737546e-03 -1.72584166e-03 -3.33783659e-03
1.20813027e-03 -4.84697334e-02 -2.30087098e-02 -3.11061498e-02 4.50694049e-03 -2.51159649e-02 2.04831325e-02 -9.30401497e-04 -9.22828447e-03 -1.48651898e-02 -9.41993296e-03 9.56849847e-03 -8.40584654e-03 -1.47169381e-02 1.40522318e-02 2.71741599e-02
-6.83590118e-03 7.01192170e-02 3.45609561e-02 4.86472473e-02 -6.97653461e-03 4.04215008e-02 -3.29998396e-02 1.50427886e-03 1.48951672e-02 2.40445156e-02 1.52221136e-02 -1.54725434e-02 1.35978619e-02 2.38016732e-02 -2.27270070e-02 -4.39504981e-02
-2.52537429e-05 5.61592728e-02 2.55613830e-02 3.51037309e-02 -5.02778171e-03 2.84083989e-02 -2.31073871e-02 1.05053606e-03 1.04209296e-02 1.67881250e-02 1.06418440e-02 -1.08059496e-02 9.49334353e-03 1.66204441e-02 -1.58698149e-02 -3.06891184e-02
-1.41644618e-03 8.90124515e-02 3.59313414e-02 4.67813686e-02 -6.92073163e-03 3.53647992e-02 -2.88083926e-02 1.29085279e-03 1.28564266e-02 2.05230135e-02 1.31661044e-02 -1.32431081e-02 1.15883695e-02 2.03433707e-02 -1.94239710e-02 -3.75478379e-02
2.77696433e-03 -1.85880288e-02 -6.79695234e-03 -9.36495233e-03 1.44566596e-03 -6.35176199e-03 5.16116712e-03 -2.30339225e-04 -2.29261117e-03 -3.55227594e-03 -2.29455344e-03 2.30303057e-03 -2.00102222e-03 -3.52939893e-03 3.36943334e-03 6.50924351e-03
1.17122036e-05 4.85232100e-03 1.20551651e-03 1.25686848e-03 -1.83364551e-04 7.97016313e-04 -6.39795326e-04 2.77884701e-05 2.82802095e-04 4.40019357e-04 2.85901304e-04 -2.84967653e-04 2.48071126e-04 4.36701317e-04 -4.16878815e-04 -8.05661199e-04
-2.38613051e-04 1.23326797e-02 5.79273980e-03 7.78558198e-03 -1.13249838e-03 6.29662583e-03 -5.12217265e-03 2.32335282e-04 2.31039966e-03 3.71187250e-03 2.35661957e-03 -2.39039143e-03 2.09857360e-03 3.67549830e-03 -3.50943115e-03 -6.78620907e-03
-1.56582962e-03 4.49824296e-02 1.96192618e-02 2.44180821e-02 -3.52226757e-03 1.85382664e-02 -1.49028692e-02 6.70716458e-04 6.69146376e-03 1.07137989e-02 6.80667767e-03 -6.90105977e-03 6.05680235e-03 1.06098410e-02 -1.01304455e-02 -1.95888113e-02
-1.30544417e-03 1.71171166e-02 8.03632010e-03 1.06821237e-02 -1.52956985e-03 8.49907566e-03 -6.92209601e-03 3.12557619e-04 3.11607844e-03 4.99275979e-03 3.17449309e-03 -3.21687292e-03 2.82190461e-03 4.94461693e-03 -4.72116284e-03 -9.12889373e-03
-7.80331902e-04 -7.90587813e-02 -3.77594605e-02 -4.81107719e-02 7.05264695e-03 -3.86228077e-02 3.15517299e-02 -1.42551400e-03 -1.41844591e-02 -2.27468535e-02 -1.44199207e-02 1.46462629e-02 -1.28601780e-02 -2.25215424e-02 2.15039309e-02 4.15831655e-02
3.36698489e-03 -6.04204535e-02 -2.91084312e-02 -3.93492170e-02 5.67392306e-03 -3.27169262e-02 2.66999286e-02 -1.21665001e-03 -1.20491134e-02 -1.94462184e-02 -1.23125967e-02 1.25139821e-02 -1.09974667e-02 -1.92499496e-02 1.83807891e-02 3.55455764e-02
-1.87296548e-03 -1.06854131e-04 6.45357592e-04 1.21462927e-03 -1.85662007e-04 1.37892319e-03 -1.13155053e-03 5.28878481e-05 5.19066991e-04 8.47973104e-04 5.33768325e-04 -5.44798328e-04 4.79800306e-04 8.38877575e-04 -8.01059301e-04 -1.54931354e-03
-3.54724238e-04 -5.25846332e-02 -2.45984830e-02 -3.33743952e-02 4.77861892e-03 -2.50747558e-02 2.02265773e-02 -9.06994392e-04 -9.10888240e-03 -1.43631985e-02 -9.19444300e-03 9.27916728e-03 -8.10467452e-03 -1.42491627e-02 1.36089697e-02 2.62946226e-02
3.32251744e-04 -1.46420337e-02 -4.22466127e-03 -5.26691414e-03 7.21354387e-04 -2.91403383e-03 2.42098584e-03 -1.03778839e-04 -1.06791547e-03 -1.63967814e-03 -1.07961940e-03 1.07148197e-03 -9.22529725e-04 -1.63415913e-03 1.55988021e-03 3.00986739e-03
1.37446448e-04 -2.11033430e-02 -8.50337278e-03 -1.18856030e-02 1.65193202e-03 -8.89046025e-03 7.23065948e-03 -3.27816175e-04 -3.26274498e-03 -5.23767015e-03 -3.32084298e-03 3.37233534e-03 -2.96145491e-03 -5.18582575e-03 4.95152827e-03 9.57508199e-03
4.17015603e-04 -6.20977860e-03 -3.02368333e-03 -4.33336198e-03 6.22467487e-04 -3.68079147e-03 3.00739123e-03 -1.37494775e-04 -1.36079546e-03 -2.19836063e-03 -1.39113667e-03 1.41447503e-03 -1.24327140e-03 -2.17605801e-03 2.07781699e-03 4.01820336e-03
-7.21483142e-04 1.70037877e-02 8.27164017e-03 1.13712540e-02 -1.63191918e-03 9.36927181e-03 -7.63525721e-03 3.47571360e-04 3.44521785e-03 5.55512076e-03 3.51901934e-03 -3.57516971e-03 3.14145372e-03 5.49929263e-03 -5.25095966e-03 -1.01544410e-02
-2.66578281e-04 5.00762314e-02 2.35338546e-02 3.18512209e-02 -4.52302117e-03 2.57559419e-02 -2.10017078e-02 9.55826894e-04 9.48133972e-03 1.52709791e-02 9.67807975e-03 -9.82949603e-03 8.63530114e-03 1.51182627e-02 -1.44354682e-02 -2.79152971e-02
-4.47732629e-04 -3.74527611e-02 -1.63951591e-02 -1.98764708e-02 2.86779786e-03 -1.43500920e-02 1.16193909e-02 -5.13708219e-04 -5.21015329e-03 -8.15087277e-03 -5.26215369e-03 5.27980132e-03 -4.59202845e-03 -8.09031446e-03 7.72397593e-03 1.49258766e-02
-5.78273088e-04 2.36513335e-02 1.08940192e-02 1.47388037e-02 -2.09854962e-03 1.18677299e-02 -9.67705064e-03 4.39233612e-04 4.35682945e-03 7.01568136e-03 4.44748765e-03 -4.51596919e-03 3.96715850e-03 6.94566220e-03 -6.63195876e-03 -1.28248762e-02
7.23789912e-04 -3.36227491e-02 -1.57578178e-02 -2.12079212e-02 3.06320470e-03 -1.73480380e-02 1.41203189e-02 -6.42765954e-04 -6.37107715e-03 -1.02731362e-02 -6.50551729e-03 6.61105057e-03 -5.80969965e-03 -1.01696849e-02 9.71048046e-03 1.87784880e-02
-5.05720964e-05 2.05568895e-02 1.04820179e-02 1.56150237e-02 -2.25319876e-03 1.33964168e-02 -1.09883649e-02 5.02699986e-04 4.97259991e-03 8.03566817e-03 5.08372299e-03 -5.17020514e-03 4.54445602e-03 7.95407034e-03 -7.59497192e-03 -1.46875894e-02
3.78640951e-03 2.00464409e-02 8.17290414e-03 1.01785995e-02 -1.47886167e-03 7.30787497e-03 -5.80659742e-03 2.61722453e-04 2.61675660e-03 4.17612633e-03 2.65512033e-03 -2.69083562e-03 2.36099842e-03 4.13668528e-03 -3.94964637e-03 -7.63704628e-03
-1.24107581e-03 1.87806226e-02 9.21167713e-03 1.31675713e-02 -1.88360910e-03 1.09753534e-02 -8.95881187e-03 4.08928638e-04 4.04847134e-03 6.53595850e-03 4.13749833e-03 -4.20580199e-03 3.69627657e-03 6.46991516e-03 -6.17779326e-03 -1.19468933e-02
-8.70233867e-04 7.83531815e-02 3.51069383e-02 4.78791595e-02 -6.81789825e-03 3.79265584e-02 -3.10628098e-02 1.40554365e-03 1.39601808e-02 2.24604178e-02 1.42255686e-02 -1.44546302e-02 1.27013978e-02 2.22345535e-02 -2.12305374e-02 -4.10561934e-02
1.03879476e-03 2.32858695e-02 1.05270240e-02 1.47465784e-02 -2.03536148e-03 1.13003599e-02 -9.22229420e-03 4.19684744e-04 4.15938580e-03 6.70778938e-03 4.24829451e-03 -4.31679795e-03 3.79333040e-03 6.64026011e-03 -6.34040637e-03 -1.22612910e-02
-1.02156040e-03 8.72313138e-03 4.29252209e-03 6.04634639e-03 -8.69642361e-04 4.99665970e-03 -4.07437654e-03 1.85396915e-04 1.83732260e-03 2.96388892e-03 1.87749683e-03 -1.90751860e-03 1.67611067e-03 2.93417578e-03 -2.80167419e-03 -5.41795045e-03
-3.56805103e-04 -6.09627599e-03 -2.96860677e-03 -3.54261161e-03 4.99732036e-04 -2.68492126e-03 2.17408943e-03 -9.75536605e-05 -9.71352507e-04 -1.55802839e-03 -9.88877611e-04 1.00328028e-03 -8.80940352e-04 -1.54271675e-03 1.47301715e-03 2.84845149e-03
-3.06611764e-04 3.64173427e-02 1.65910628e-02 2.17263214e-02 -3.11590312e-03 1.70099437e-02 -1.38462177e-02 6.28537964e-04 6.24480192e-03 1.00440336e-02 6.36734534e-03 -6.46586809e-03 5.67947375e-03 9.94426198e-03 -9.49508976e-03 -1.83613747e-02
2.07157759e-03 -1.25626726e-02 -6.74252119e-03 -9.23672039e-03 1.33455382e-03 -7.67445145e-03 6.25271117e-03 -2.84820766e-04 -2.82191136e-03 -4.55383305e-03 -2.88344128e-03 2.93045724e-03 -2.57531134e-03 -4.50790161e-03 4.30435501e-03 8.32393579e-03
-1.39446987e-03 -2.09535733e-02 -8.96934327e-03 -1.35692013e-02 1.73284998e-03 -9.15538799e-03 7.40386173e-03 -3.33187345e-04 -3.32025229e-03 -5.31335222e-03 -3.37206293e-03 3.42287286e-03 -3.00401449e-03 -5.26254531e-03 5.02472976e-03 9.71600879e-03
-2.82237306e-05 9.64862704e-02 4.08721976e-02 5.66620603e-02 -7.87880272e-03 4.44697961e-02 -3.62637192e-02 1.64201262e-03 1.63041037e-02 2.62390282e-02 1.66347828e-02 -1.68899763e-02 1.48379449e-02 2.59772930e-02 -2.48040520e-02 -4.79661673e-02
2.05088663e-03 -3.18620615e-02 -1.55403353e-02 -2.16333829e-02 3.10607860e-03 -1.79304499e-02 1.46208256e-02 -6.66740467e-04 -6.60194922e-03 -1.06569929e-02 -6.74657477e-03 6.85772626e-03 -6.02684682e-03 -1.05493777e-02 1.00730592e-02 1.94797274e-02
3.48428264e-04 3.04544903e-02 1.40778339e-02 1.87967010e-02 -2.79675261e-03 1.50239179e-02 -1.21731311e-02 5.51107049e-04 5.46681788e-03 8.80290847e-03 5.57981012e-03 -5.66598494e-03 4.97802906e-03 8.71500839e-03 -8.32141563e-03 -1.60920154e-02
-3.34469747e-04 -5.76680433e-03 -2.26159487e-03 -2.92812963e-03 4.68105281e-04 -2.08233390e-03 1.69580919e-03 -7.59366521e-05 -7.61063478e-04 -1.18141680e-03 -7.61562667e-04 7.66433601e-04 -6.64520659e-04 -1.17418764e-03 1.12083543e-03 2.16527376e-03
1.88206625e-03 -6.43047616e-02 -2.96828523e-02 -4.14635763e-02 5.88858593e-03 -3.34825777e-02 2.72651613e-02 -1.24100316e-03 -1.22939004e-02 -1.98314022e-02 -1.25597911e-02 1.27625642e-02 -1.12150582e-02 -1.96317676e-02 1.87452976e-02 3.62503156e-02
-5.58271655e-04 3.33644846e-03 1.76901056e-03 2.48790765e-03 -3.56090488e-04 2.05059536e-03 -1.67392322e-03 7.61868578e-05 7.55809306e-04 1.21829403e-03 7.71783583e-04 -7.84098986e-04 6.88931614e-04 1.20607042e-03 -1.15160726e-03 -2.22699251e-03
-1.14370836e-04 -1.23469941e-02 -5.34206396e-03 -7.19528692e-03 1.02901983e-03 -5.57413092e-03 4.52437298e-03 -2.04870172e-04 -2.03780108e-03 -3.27223470e-03 -2.07667565e-03 2.10706866e-03 -1.85013923e-03 -3.24003678e-03 3.09366081e-03 5.98234171e-03
2.46298080e-03 -7.96025768e-02 -3.78834344e-02 -5.15119843e-02 7.30721606e-03 -4.17196378e-02 3.39936651e-02 -1.54829945e-03 -1.53432023e-02 -2.47436464e-02 -1.56701710e-02 1.59237683e-02 -1.39929522e-02 -2.44946983e-02 2.33886223e-02 4.52296883e-02
-3.51885799e-04 2.09304225e-02 9.06964019e-03 1.23116188e-02 -1.69871340e-03 8.94191954e-03 -7.21719768e-03 3.24684108e-04 3.23333847e-03 5.18591329e-03 3.29332822e-03 -3.34018376e-03 2.93203141e-03 5.13559394e-03 -4.90348693e-03 -9.48193111e-03
-3.11740395e-03 9.15132537e-02 4.32050340e-02 5.81526607e-02 -8.20226315e-03 4.60092947e-02 -3.74238417e-02 1.69933704e-03 1.68931652e-02 2.71485727e-02 1.72254518e-02 -1.74808577e-02 1.53500838e-02 2.68812422e-02 -2.56668366e-02 -4.96328734e-02
2.07283907e-03 -6.00170605e-02 -2.76661981e-02 -3.69977430e-02 5.45339379e-03 -3.03491727e-02 2.46704612e-02 -1.12084812e-03 -1.11139370e-02 -1.79032180e-02 -1.13471719e-02 1.15238111e-02 -1.01240054e-02 -1.77243575e-02 1.69238858e-02 3.27275172e-02
7.73768639e-04 2.17138678e-02 1.02480762e-02 1.15342252e-02 -1.69846183e-03 8.05565901e-03 -6.56243600e-03 2.94197322e-04 2.93702423e-03 4.69937176e-03 2.98354845e-03 -3.02643911e-03 2.65689427e-03 4.65313764e-03 -4.44291532e-03 -8.59143864e-03
3.54921212e-04 -6.50855750e-02 -2.85120048e-02 -3.84579822e-02 5.50241675e-03 -3.02377716e-02 2.47573983e-02 -1.11824600e-03 -1.11173969e-02 -1.78548992e-02 -1.13188736e-02 1.14950463e-02 -1.00956466e-02 -1.76773667e-02 1.68787688e-02 3.26399133e-02
4.68452694e-04 -5.05252108e-02 -2.05585007e-02 -2.95027141e-02 4.22805035e-03 -2.24533118e-02 1.82041954e-02 -8.24223040e-04 -8.17671698e-03 -1.31651321e-02 -8.34689382e-03 8.47541634e-03 -7.44510721e-03 -1.30346818e-02 1.24459639e-02 2.40679570e-02
