-2.74167350e-03 -3.74180600e-02 -1.01418421e-02 -1.92120261e-02 -5.55503462e-03 -1.57541204e-02 7.66470935e-03 1.61131974e-02 -1.34327598e-02 -5.57912560e-03 -1.26023004e-02 -2.29256391e-03 -1.32361893e-02 -4.86203097e-03 6.57523144e-03 9.83497314e-03
5.02968114e-03 1.04410738e-01 2.57567950e-02 4.45063785e-02 1.22845694e-02 3.53886858e-02 -1.72757655e-02 -3.60492393e-02 3.00658755e-02 1.25333061e-02 2.81998739e-02 5.13012242e-03 2.96164025e-02 1.08794589e-02 -1.47121372e-02 -2.20054910e-02
2.88210431e-04 2.84126936e-03 5.61971916e-04 8.89506657e-04 7.81843410e-05 3.48259317e-04 -1.70336833e-04 -2.91883131e-04 2.50097626e-04 1.06770967e-04 2.30734237e-04 4.03957674e-05 2.41144138e-04 8.90701849e-05 -1.19878416e-04 -1.79166789e-04
1.90407573e-03 3.91295329e-02 1.06657837e-02 1.94022115e-02 5.49909193e-03 1.56214423e-02 -7.53413793e-03 -1.59525387e-02 1.32622560e-02 5.51257422e-03 1.24711134e-02 2.27510929e-03 1.31017435e-02 4.81092045e-03 -6.50800904e-03 -9.73496493e-03
6.83176424e-03 1.21348277e-01 3.11901923e-02 6.26726672e-02 1.79589782e-02 5.18934205e-02 -2.44663544e-02 -5.22287712e-02 4.34313565e-02 1.80844981e-02 4.08195257e-02 7.44959898e-03 4.28971983e-02 1.57535803e-02 -2.13091131e-02 -3.18749212e-02
-1.09672686e-03 -3.10264938e-02 -8.02003965e-03 -1.38848256e-02 -3.29950964e-03 -1.04738306e-02 5.01789059e-03 9.95809492e-03 -8.36012606e-03 -3.51039832e-03 -7.81564135e-03 -1.40220311e-03 -8.19698162e-03 -3.01864510e-03 4.07390110e-03 6.09203940e-03
-1.43961719e-04 5.70905721e-03 1.59059255e-03 1.88645115e-03 2.39166708e-04 1.23114570e-03 -5.60181215e-04 -9.95503739e-04 8.57902516e-04 3.75492033e-04 7.93705636e-04 1.33440859e-04 8.24241783e-04 3.07872659e-04 -4.12266265e-04 -6.15107594e-04
-3.56563076e-04 -6.55555225e-04 -2.21663897e-04 -6.99002994e-04 -2.85989518e-04 -7.30135594e-04 3.54013871e-04 7.85303302e-04 -6.49997848e-04 -2.68627133e-04 -6.12724631e-04 -1.12500980e-04 -6.44401007e-04 -2.36413020e-04 3.20048508e-04 4.78809903e-04
1.18665816e-02 1.74534321e-01 4.57406752e-02 7.40332901e-02 1.88135467e-02 5.67802414e-02 -2.68869251e-02 -5.52412607e-02 4.63381670e-02 1.94952600e-02 4.33808267e-02 7.77714467e-03 4.54438403e-02 1.67343039e-02 -2.25833803e-02 -3.37744355e-02
2.47225980e-04 1.77126739e-03 5.11452323e-04 1.66146306e-03 5.86569891e-04 1.52430357e-03 -7.35359383e-04 -1.62622100e-03 1.34782318e-03 5.58322703e-04 1.26949383e-03 2.32432445e-04 1.33457442e-03 4.89863101e-04 -6.62914535e-04 -9.91693698e-04
-1.79231050e-04 -1.82196754e-03 -4.85411554e-04 -1.37738779e-03 -5.22580522e-04 -1.32950325e-03 6.45499618e-04 1.43935380e-03 -1.19158940e-03 -4.91990126e-04 -1.12289935e-03 -2.06055876e-04 -1.18092296e-03 -4.33330279e-04 5.86576876e-04 8.77528801e-04
-1.89827930e-03 -3.73068750e-02 -9.98543017e-03 -1.82037819e-02 -5.06622251e-03 -1.45089952e-02 7.07732234e-03 1.48214744e-02 -1.23454677e-02 -5.13220020e-03 -1.15939807e-02 -2.10712687e-03 -1.21774580e-02 -4.47416678e-03 6.04965771e-03 9.04870220e-03
2.12680199e-04 1.33857895e-02 3.66430311e-03 5.86056523e-03 1.59859110e-03 4.73630615e-03 -2.27795378e-03 -4.75555146e-03 3.96763580e-03 1.65526511e-03 3.72251449e-03 6.74436742e-04 3.90803535e-03 1.43644458e-03 -1.94156310e-03 -2.90390174e-03
2.15244084e-03 4.15787175e-02 1.12963961e-02 2.00289525e-02 5.63063519e-03 1.64783224e-02 -7.97823444e-03 -1.65979825e-02 1.38586089e-02 5.75098814e-03 1.29846232e-02 2.36012484e-03 1.36395786e-02 5.01143606e-03 -6.77600224e-03 -1.01348571e-02
-2.49423203e-03 -2.13538408e-02 -6.28607068e-03 -8.24630354e-03 -2.20766244e-03 -6.39985921e-03 3.09101213e-03 6.42366009e-03 -5.35926456e-03 -2.21692282e-03 -5.02139051e-03 -9.16094170e-04 -5.27633214e-03 -1.93727831e-03 2.62083462e-03 3.92036000e-03
7.47740595e-03 1.40192509e-01 3.57334912e-02 6.93698525e-02 2.21996047e-02 6.03734702e-02 -2.91818772e-02 -6.30476177e-02 5.23297749e-02 2.16935650e-02 4.92452905e-02 9.00348835e-03 5.17601818e-02 1.90015528e-02 -2.57107057e-02 -3.84611040e-02
1.35469681e-03 3.76930572e-02 9.39807389e-03 1.96704138e-02 5.47463866e-03 1.55968815e-02 -7.51762511e-03 -1.58761404e-02 1.31971696e-02 5.47868107e-03 1.24098379e-02 2.26594927e-03 1.30407400e-02 4.78793634e-03 -6.47761673e-03 -9.68971755e-03
-1.32278097e-03 -2.83233747e-02 -7.22868880e-03 -1.29917804e-02 -3.37030319e-03 -1.00818845e-02 4.89788456e-03 1.00547308e-02 -8.41432996e-03 -3.50835943e-03 -7.87576754e-03 -1.42564066e-03 -8.26784782e-03 -3.04089161e-03 4.10805596e-03 6.14384236e-03
-1.60131021e-05 9.51034296e-03 2.49081431e-03 5.06401062e-03 1.55266572e-03 4.28296486e-03 -2.07716855e-03 -4.44471790e-03 3.69213824e-03 1.53155706e-03 3.47271445e-03 6.34487602e-04 3.64956376e-03 1.33987016e-03 -1.81282661e-03 -2.71180132e-03
-5.42172790e-03 -7.87120834e-02 -1.99091285e-02 -4.32947278e-02 -1.40474336e-02 -3.81671488e-02 1.83711704e-02 3.99059281e-02 -3.31137478e-02 -1.37282228e-02 -3.11691910e-02 -5.69935935e-03 -3.27611007e-02 -1.20267831e-02 1.62733495e-02 2.43436061e-02
1.42884417e-03 2.55263131e-02 6.99829403e-03 1.26151387e-02 3.61204939e-03 1.03501640e-02 -5.01595903e-03 -1.05082104e-02 8.74628127e-03 3.63539555e-03 8.21847003e-03 1.49703282e-03 8.63315351e-03 3.17048514e-03 -4.28839028e-03 -6.41459320e-03
1.17990340e-03 2.48909630e-02 6.32498739e-03 1.39928181e-02 4.53420263e-03 1.22310966e-02 -5.91819640e-03 -1.28489686e-02 1.06626451e-02 4.41978499e-03 1.00358669e-02 1.83500047e-03 1.05484985e-02 3.87245766e-03 -5.23973629e-03 -7.83820357e-03
2.53503351e-03 6.70159757e-02 1.65311210e-02 3.02666910e-02 7.76965683e-03 2.33223755e-02 -1.14899538e-02 -2.30947956e-02 1.93214491e-02 8.10157973e-03 1.81079954e-02 3.26164975e-03 1.89981926e-02 6.99403835e-03 -9.44226142e-03 -1.41206253e-02
-2.60259281e-03 2.89417990e-02 6.40828954e-03 8.19193944e-03 -6.32424199e-05 2.18455936e-03 -7.49495113e-04 -6.81411999e-04 6.81407575e-04 3.69214045e-04 5.89255826e-04 6.65222979e-05 5.81266184e-04 2.30388017e-04 -2.92836310e-04 -4.32163622e-04
6.52302173e-04 -1.04323579e-02 -2.29902146e-03 -4.76509985e-03 -7.81762530e-04 -2.68014125e-03 1.25836290e-03 2.49314029e-03 -2.08538445e-03 -8.71500524e-04 -1.95349101e-03 -3.54131189e-04 -2.05000117e-03 -7.53212546e-04 1.01827946e-03 1.52300519e-03
-5.60957822e-04 -2.25506220e-02 -5.94406528e-03 -1.21316034e-02 -3.81289632e-03 -1.04305679e-02 5.05085150e-03 1.08851148e-02 -9.03682411e-03 -3.74673307e-03 -8.50332156e-03 -1.55429740e-03 -8.93734954e-03 -3.28103243e-03 4.43939585e-03 6.64092554e-03
-1.77857000e-04 5.05889542e-02 1.47406133e-02 2.53177062e-02 5.79101732e-03 1.87771991e-02 -8.93163867e-03 -1.77954733e-02 1.49614057e-02 6.31570583e-03 1.39978705e-02 2.49698898e-03 1.46517986e-02 5.39946835e-03 -7.28516607e-03 -1.08907642e-02
3.34012206e-03 1.97700989e-02 5.19566936e-03 1.11459624e-02 3.44343786e-03 9.62055009e-03 -4.59931605e-03 -9.85426642e-03 8.19632970e-03 3.41060129e-03 7.70595763e-03 1.40327623e-03 8.09366535e-03 2.97286850e-03 -4.02066344e-03 -6.01402437e-03
-3.71480128e-03 1.09362788e-03 -1.05719315e-04 -2.61294446e-03 -1.23283593e-03 -2.97965296e-03 1.43192150e-03 3.32143088e-03 -2.74082040e-03 -1.13306986e-03 -2.58601340e-03 -4.79420414e-04 -2.72322283e-03 -9.98478383e-04 1.35259877e-03 2.02383520e-03
-2.50673329e-05 -8.62071384e-03 -2.47403514e-03 -3.93715221e-03 -8.18764442e-04 -2.71822815e-03 1.30221632e-03 2.57431273e-03 -2.16966216e-03 -9.18756821e-04 -2.02542613e-03 -3.59911646e-04 -2.12118891e-03 -7.82386400e-04 1.05475576e-03 1.57690397e-03
-1.17075944e-03 -3.02358828e-02 -7.63829146e-03 -1.30696977e-02 -3.38187953e-03 -1.02764331e-02 5.03276289e-03 1.00807594e-02 -8.47484451e-03 -3.56060639e-03 -7.90748000e-03 -1.42316648e-03 -8.30124319e-03 -3.06483568e-03 4.13078256e-03 6.17496297e-03
4.43315832e-03 5.08948676e-02 1.34195946e-02 2.90936716e-02 9.55967139e-03 2.58320943e-02 -1.24651138e-02 -2.70635169e-02 2.24590916e-02 9.31021571e-03 2.11392194e-02 3.86506971e-03 2.22184751e-02 8.15650914e-03 -1.10364920e-02 -1.65096987e-02
2.52972008e-03 5.36351725e-02 1.38055431e-02 3.02123427e-02 8.99097882e-03 2.48113927e-02 -1.19575048e-02 -2.57587396e-02 2.13942025e-02 8.87110271e-03 2.01234724e-02 3.67738679e-03 2.11506337e-02 7.76504772e-03 -1.05060404e-02 -1.57159325e-02
-4.93419729e-03 -8.93592834e-02 -2.32386962e-02 -4.25532050e-02 -1.31968521e-02 -3.63553278e-02 1.77854914e-02 3.79541777e-02 -3.15262340e-02 -1.30664296e-02 -2.96576768e-02 -5.41911973e-03 -3.11635882e-02 -1.14406748e-02 1.54797044e-02 2.31562313e-02
2.09484203e-03 3.88030782e-02 9.06175748e-03 1.65252984e-02 5.08571789e-03 1.43854003e-02 -7.01691629e-03 -1.47822127e-02 1.22775855e-02 5.08780172e-03 1.15496619e-02 2.11156206e-03 1.21376589e-02 4.45579691e-03 -6.02909224e-03 -9.01902746e-03
-1.73914374e-03 -3.13083194e-02 -7.65378354e-03 -1.52119836e-02 -4.55318019e-03 -1.28435660e-02 6.17332524e-03 1.31318355e-02 -1.09177185e-02 -4.53849230e-03 -1.02643315e-02 -1.87243195e-03 -1.07848439e-02 -3.96032212e-03 5.35717420e-03 8.01346917e-03
7.22582219e-04 2.72356030e-02 6.82499912e-03 1.41204391e-02 4.30293428e-03 1.18568894e-02 -5.71218878e-03 -1.22928433e-02 1.02115469e-02 4.23432374e-03 9.60562006e-03 1.75538752e-03 1.00951036e-02 3.70611297e-03 -5.01446752e-03 -7.50111090e-03
2.88865925e-03 4.09920234e-03 1.10301760e-03 4.80532274e-03 2.10954132e-03 5.25500113e-03 -2.54743616e-03 -5.81498258e-03 4.81437473e-03 1.98622746e-03 4.53724572e-03 8.30743287e-04 4.76980861e-03 1.75065687e-03 -2.36935471e-03 -3.54444701e-03
1.33368350e-03 3.54608148e-02 9.91850998e-03 1.71457157e-02 4.92942054e-03 1.40757514e-02 -6.79846434e-03 -1.44691961e-02 1.20290304e-02 4.99203568e-03 1.13087725e-02 2.06378708e-03 1.18820770e-02 4.36272286e-03 -5.90208080e-03 -8.82871076e-03
3.24228749e-04 8.77304282e-03 2.24299310e-03 4.81436588e-03 1.51885604e-03 4.12978465e-03 -1.99820567e-03 -4.32154723e-03 3.58713791e-03 1.48689863e-03 3.37544922e-03 6.17191079e-04 3.54786217e-03 1.30244531e-03 -1.76231808e-03 -2.63627968e-03
-2.93577119e-04 -1.05038779e-02 -3.02350754e-03 -4.92972834e-03 -1.09648914e-03 -3.61291366e-03 1.73530064e-03 3.43738822e-03 -2.88596656e-03 -1.21278479e-03 -2.69951392e-03 -4.84231015e-04 -2.82975123e-03 -1.04160234e-03 1.40613713e-03 2.10262998e-03
9.59336641e-04 1.54160056e-02 4.04551579e-03 8.25456064e-03 2.38164444e-03 6.75517460e-03 -3.30695440e-03 -6.95010973e-03 5.78326639e-03 2.40219012e-03 5.43289771e-03 9.90612432e-04 5.70886303e-03 2.09661457e-03 -2.83595291e-03 -4.24202159e-03
1.54923229e-03 8.18342902e-03 2.40020407e-03 5.42278402e-03 1.70817657e-03 4.74696653e-03 -2.28304206e-03 -4.87624714e-03 4.05274611e-03 1.68473553e-03 3.81195638e-03 6.95244118e-04 4.00471548e-03 1.47060154e-03 -1.98931643e-03 -2.97573023e-03
-4.04542225e-05 -4.67405515e-03 -1.41429109e-03 -1.30743370e-03 -1.46054823e-04 -5.94697369e-04 2.75517174e-04 5.27222874e-04 -4.43293742e-04 -1.84773322e-04 -4.13418718e-04 -7.50895415e-05 -4.33864770e-04 -1.59344883e-04 2.15483436e-04 3.22305510e-04
-2.65272078e-03 -4.58690152e-02 -1.16499607e-02 -2.12210584e-02 -5.58902649e-03 -1.67716108e-02 8.08299612e-03 1.65731460e-02 -1.39274225e-02 -5.80438692e-03 -1.29916463e-02 -2.33388692e-03 -1.36441058e-02 -5.04069496e-03 6.78397855e-03 1.01470966e-02
1.91834534e-03 3.70945111e-02 1.01044569e-02 1.75230354e-02 4.79072845e-03 1.44940168e-02 -6.91754650e-03 -1.42209288e-02 1.18750697e-02 4.95369779e-03 1.11370245e-02 2.02327291e-03 1.16899069e-02 4.29580640e-03 -5.80762513e-03 -8.68618116e-03
5.86620253e-03 1.22691676e-01 2.96499319e-02 5.63887991e-02 1.54886851e-02 4.63330932e-02 -2.23503783e-02 -4.58240733e-02 3.82325947e-02 1.61054321e-02 3.58780771e-02 6.51251385e-03 3.76649760e-02 1.38458479e-02 -1.87188797e-02 -2.79918499e-02
2.82615353e-03 4.45038266e-02 1.09387310e-02 2.47088689e-02 7.80068384e-03 2.12560352e-02 -1.02328770e-02 -2.21944228e-02 1.84193179e-02 7.63730705e-03 1.73355862e-02 3.16980877e-03 1.82211213e-02 6.68910611e-03 -9.05093364e-03 -1.35394400e-02
-1.53247593e-03 -2.35269051e-02 -5.98985236e-03 -1.36269536e-02 -4.08989983e-03 -1.12844817e-02 5.39804995e-03 1.16671193e-02 -9.68583487e-03 -4.01803572e-03 -9.11379885e-03 -1.66591757e-03 -9.57872439e-03 -3.51651898e-03 4.75801062e-03 7.11754523e-03
-3.32859671e-03 -6.09145053e-02 -1.52420644e-02 -3.02297473e-02 -9.91836190e-03 -2.67573129e-02 1.29545107e-02 2.81241573e-02 -2.33369023e-02 -9.67284758e-03 -2.19661612e-02 -4.01695445e-03 -2.30886992e-02 -8.47594719e-03 1.14688035e-02 1.71564035e-02
-4.00960352e-03 -6.16604798e-02 -1.52095566e-02 -3.15595604e-02 -1.03226732e-02 -2.79130060e-02 1.35224201e-02 2.92941947e-02 -2.43109241e-02 -1.00762127e-02 -2.28804741e-02 -4.18400718e-03 -2.40494777e-02 -8.82867537e-03 1.19460402e-02 1.78702977e-02
9.45911102e-04 1.68402921e-02 4.47577052e-03 6.97569549e-03 1.45607954e-03 4.97819204e-03 -2.34681508e-03 -4.58221463e-03 3.86538589e-03 1.63423968e-03 3.60535481e-03 6.41219842e-04 3.77431768e-03 1.39160047e-03 -1.87677098e-03 -2.80546490e-03
-1.31141732e-03 -3.43841985e-02 -9.12335701e-03 -1.71298832e-02 -4.94547281e-03 -1.40202446e-02 6.72063418e-03 1.42411049e-02 -1.18507650e-02 -4.92005330e-03 -1.11347223e-02 -2.03073537e-03 -1.16969822e-02 -4.29511257e-03 5.81019185e-03 8.69114324e-03
-2.80086359e-04 -1.07655767e-03 -2.72315578e-04 -5.16718836e-04 -1.78251270e-04 -4.58241499e-04 2.22525574e-04 5.01458824e-04 -4.14428825e-04 -1.70772983e-04 -3.90873873e-04 -7.19244563e-05 -4.11281071e-04 -1.50875625e-04 2.04286276e-04 3.05632042e-04
1.78695482e-03 1.49890955e-03 1.02080041e-04 2.36331514e-04 -3.15285288e-05 -3.46797387e-05 1.82387448e-05 5.29578101e-05 -4.31622357e-05 -1.76342219e-05 -4.11094006e-05 -7.62788204e-06 -4.33299210e-05 -1.58826042e-05 2.15214095e-05 3.22032647e-05
-5.87362237e-03 -2.41271928e-02 -6.60822354e-03 -1.18599404e-02 -3.15780682e-03 -9.59770475e-03 4.53829952e-03 9.35560837e-03 -7.82673992e-03 -3.28041264e-03 -7.34478887e-03 -1.32185686e-03 -7.69707793e-03 -2.83250050e-03 3.82577279e-03 5.72172971e-03
-1.09171728e-03 -1.23153254e-02 -3.15131410e-03 -6.48930017e-03 -1.84722175e-03 -5.18279336e-03 2.50185491e-03 5.33063803e-03 -4.43280395e-03 -1.84240588e-03 -4.16719634e-03 -7.59814284e-04 -4.37812880e-03 -1.60775473e-03 2.17476021e-03 3.25308647e-03
-4.06283914e-04 -6.46338938e-03 -1.53861009e-03 -2.87309219e-03 -7.86377641e-04 -2.25046184e-03 1.09693396e-03 2.31638597e-03 -1.92701549e-03 -8.00312322e-04 -1.81075605e-03 -3.30332725e-04 -1.90246978e-03 -6.98557764e-04 9.45005682e-04 1.41358702e-03
7.39210634e-04 1.59883257e-02 4.31028707e-03 8.77647940e-03 2.80382507e-03 7.65975611e-03 -3.70973535e-03 -7.99312443e-03 6.63712434e-03 2.75077345e-03 6.24465337e-03 1.14140951e-03 6.56261388e-03 2.40921183e-03 -3.25981411e-03 -4.87639615e-03
-3.49498028e-03 -6.39591292e-02 -1.76249165e-02 -3.40659842e-02 -1.09916320e-02 -2.99499352e-02 1.44509291e-02 3.12757529e-02 -2.59558316e-02 -1.07598426e-02 -2.44290996e-02 -4.46667382e-03 -2.56764907e-02 -9.42598097e-03 1.27542019e-02 1.90792419e-02
-4.90877079e-04 -9.60607640e-03 -2.74757086e-03 -4.58579464e-03 -1.24912779e-03 -3.68335634e-03 1.77749479e-03 3.68989818e-03 -3.07664112e-03 -1.28200802e-03 -2.88777077e-03 -5.24698698e-04 -3.03207897e-03 -1.11393875e-03 1.50622521e-03 2.25288980e-03
1.99414021e-03 6.55323118e-02 1.64580047e-02 1.93865430e-02 4.97824699e-03 1.61828864e-02 -7.57664116e-03 -1.52209112e-02 1.27233509e-02 5.30420244e-03 1.19303428e-02 2.16447306e-03 1.25105698e-02 4.59463801e-03 -6.21321937e-03 -9.29411780e-03
1.27510936e-03 4.68714796e-02 1.23251416e-02 1.86376981e-02 4.90697660e-03 1.50076086e-02 -7.16271531e-03 -1.46435769e-02 1.22336857e-02 5.10047749e-03 1.14676058e-02 2.07625120e-03 1.20393792e-02 4.42540227e-03 -5.98082179e-03 -8.94499291e-03
-3.75779835e-03 -7.09311143e-02 -1.70793682e-02 -3.29853445e-02 -9.54553112e-03 -2.67789196e-02 1.30515397e-02 2.75829490e-02 -2.29201745e-02 -9.51386243e-03 -2.15589888e-02 -3.93665396e-03 -2.26526372e-02 -8.31671152e-03 1.12520121e-02 1.68317631e-02
-1.37187319e-03 -2.18326412e-02 -5.68851922e-03 -1.02490187e-02 -2.79997638e-03 -8.21768958e-03 3.93284019e-03 8.22851341e-03 -6.85127405e-03 -2.85279774e-03 -6.43674657e-03 -1.17145397e-03 -6.75988989e-03 -2.48283381e-03 3.35786818e-03 5.02262637e-03
-8.76686769e-04 1.77977756e-02 4.89923079e-03 6.85983291e-03 1.25629734e-03 4.66152653e-03 -2.25574546e-03 -4.26200731e-03 3.58623802e-03 1.50415918e-03 3.35157267e-03 6.02228392e-04 3.51127330e-03 1.29114673e-03 -1.74401957e-03 -2.60804757e-03
-2.59697018e-03 -4.12490144e-02 -1.11771729e-02 -2.01795511e-02 -5.81790926e-03 -1.64362453e-02 7.98896234e-03 1.68550145e-02 -1.40099628e-02 -5.82221895e-03 -1.31769050e-02 -2.40461458e-03 -1.38427829e-02 -5.08252671e-03 6.87604118e-03 1.02855898e-02
-8.23572278e-03 -8.10103938e-02 -1.89860761e-02 -3.87330204e-02 -1.15082338e-02 -3.18452530e-02 1.52453780e-02 3.28152031e-02 -2.72490326e-02 -1.13041494e-02 -2.56408248e-02 -4.68244171e-03 -2.69438550e-02 -9.89166740e-03 1.33834211e-02 2.00205259e-02
2.72462523e-04 -7.02225510e-03 -1.97618245e-03 -2.88747181e-03 -4.30021115e-04 -1.87462487e-03 8.99636128e-04 1.54624414e-03 -1.32660731e-03 -5.78079489e-04 -1.22947141e-03 -2.09107136e-04 -1.28040137e-03 -4.75660374e-04 6.37666380e-04 9.52709583e-04
2.23564194e-03 3.16298157e-02 8.55518132e-03 1.52533334e-02 4.23876662e-03 1.25242760e-02 -6.11720607e-03 -1.25365620e-02 1.04666911e-02 4.38088411e-03 9.82366130e-03 1.77407369e-03 1.03068268e-02 3.79045960e-03 -5.12121385e-03 -7.65920943e-03
3.47195147e-03 7.44145215e-02 2.27312464e-02 3.21113206e-02 8.71060416e-03 2.57107504e-02 -1.23479869e-02 -2.56731622e-02 2.14299280e-02 8.93656909e-03 2.00952385e-02 3.64198489e-03 2.11014561e-02 7.75416894e-03 -1.04832295e-02 -1.56779177e-02
4.57031390e-04 3.30488314e-03 8.23345617e-04 1.82785920e-03 5.91406133e-04 1.60022441e-03 -7.74064509e-04 -1.68062770e-03 1.39484089e-03 5.78269828e-04 1.31272106e-03 2.39994522e-04 1.37974310e-03 5.06522483e-04 -6.85356965e-04 -1.02523353e-03
1.13207567e-02 1.76682830e-01 4.01509702e-02 7.57101625e-02 2.05673669e-02 6.01364598e-02 -2.93318294e-02 -6.04615770e-02 5.03837988e-02 2.10002754e-02 4.73184511e-02 8.60559661e-03 4.96782288e-02 1.82502344e-02 -2.46784072e-02 -3.69134583e-02
-7.95039814e-05 2.37990152e-02 6.11652806e-03 1.07811699e-02 3.04721389e-03 8.86816625e-03 -4.31426428e-03 -9.01362672e-03 7.49131991e-03 3.10786604e-03 7.04497099e-03 1.28704542e-03 7.40298862e-03 2.71781418e-03 -3.67722311e-03 -5.50075527e-03
-2.42627552e-03 -1.05619878e-02 -2.84603820e-03 -4.98062372e-03 -1.44793524e-03 -4.16574534e-03 2.01059179e-03 4.23427904e-03 -3.52946459e-03 -1.46739115e-03 -3.31212161e-03 -6.01849402e-04 -3.47867003e-03 -1.27811672e-03 1.72816450e-03 2.58482993e-03
-9.03952285e-04 8.50473624e-03 2.18871678e-03 4.67470847e-03 1.39301817e-03 3.96422436e-03 -1.90492230e-03 -4.03222116e-03 3.36325960e-03 1.40201044e-03 3.15551646e-03 5.71320648e-04 3.31440824e-03 1.21905585e-03 -1.64715864e-03 -2.46336567e-03
-2.56112008e-03 -3.39471847e-02 -8.45405087e-03 -1.73497591e-02 -4.96932026e-03 -1.40055940e-02 6.69425121e-03 1.43201342e-02 -1.19028725e-02 -4.94842511e-03 -1.11953244e-02 -2.04151054e-03 -1.17608244e-02 -4.31899168e-03 5.84207568e-03 8.73881206e-03
2.52581062e-03 5.77963553e-02 1.52950240e-02 2.53877267e-02 7.78348837e-03 2.17617992e-02 -1.05044330e-02 -2.25568246e-02 1.87308900e-02 7.76715530e-03 1.76231246e-02 3.22106178e-03 1.85210761e-02 6.79935655e-03 -9.19984002e-03 -1.37621248e-02
-1.34079834e-03 -2.86757909e-02 -7.79147819e-03 -1.35230385e-02 -3.64260236e-03 -1.07881343e-02 5.18014235e-03 1.07281711e-02 -8.96225497e-03 -3.74098355e-03 -8.40161834e-03 -1.52103126e-03 -8.81940965e-03 -3.24224937e-03 4.38160403e-03 6.55321311e-03
-1.89145748e-03 -4.30894867e-02 -1.20181683e-02 -2.19722185e-02 -6.06518798e-03 -1.74554177e-02 8.37542024e-03 1.77258607e-02 -1.47627555e-02 -6.14098273e-03 -1.38632962e-02 -2.52225064e-03 -1.45610850e-02 -5.34901628e-03 7.23339245e-03 1.08193271e-02
-2.69851647e-03 7.57373869e-04 3.88782937e-05 -3.65203130e-04 -4.44041740e-04 -9.06339323e-04 4.25160571e-04 1.11111731e-03 -9.10559087e-04 -3.72145965e-04 -8.63363501e-04 -1.59992123e-04 -9.09425144e-04 -3.33314121e-04 4.51702042e-04 6.75900723e-04
-9.23051208e-04 -2.01216768e-02 -5.40598622e-03 -9.87813342e-03 -2.85577332e-03 -8.17347318e-03 3.95435328e-03 8.30379874e-03 -6.90882560e-03 -2.86887493e-03 -6.49102591e-03 -1.18430390e-03 -6.82036160e-03 -2.50435248e-03 3.38787818e-03 5.06771915e-03
1.02037832e-03 1.17472140e-02 3.15007754e-03 6.88159838e-03 2.15383479e-03 5.93438372e-03 -2.85066734e-03 -6.14773948e-03 5.10724261e-03 2.11879588e-03 4.80308756e-03 8.77124374e-04 5.04775485e-03 1.85332505e-03 -2.50736391e-03 -3.75070283e-03
-2.41347868e-03 -4.22515869e-02 -1.11695938e-02 -2.15226058e-02 -6.44750800e-03 -1.79845132e-02 8.70009791e-03 1.86147448e-02 -1.54660046e-02 -6.42054155e-03 -1.45462397e-02 -2.65635550e-03 -1.52860442e-02 -5.61236404e-03 7.59295141e-03 1.13581223e-02
3.32172355e-03 7.76532888e-02 1.93272382e-02 4.13893797e-02 1.30866244e-02 3.55540812e-02 -1.72326844e-02 -3.72130722e-02 3.08841672e-02 1.28032491e-02 2.90668327e-02 5.31462533e-03 3.05511542e-02 1.12154735e-02 -1.51755493e-02 -2.27013640e-02
3.42287216e-03 4.94628735e-02 1.19301490e-02 2.43675672e-02 7.46670598e-03 2.06353553e-02 -9.91917308e-03 -2.13743784e-02 1.77496281e-02 7.36377295e-03 1.66998617e-02 3.05131124e-03 1.75493266e-02 6.44281227e-03 -8.71715508e-03 -1.30399829e-02
3.38166766e-03 8.19570273e-02 1.98552310e-02 3.40410993e-02 8.75674561e-03 2.64249407e-02 -1.28074139e-02 -2.62539312e-02 2.18976140e-02 9.16335080e-03 2.05931105e-02 3.72156920e-03 2.15876978e-02 7.93938432e-03 -1.07273916e-02 -1.60426293e-02
2.02655373e-03 -4.48235776e-03 -7.77504640e-04 -7.91003695e-05 7.83641939e-04 1.13673438e-03 -5.50544879e-04 -1.71814766e-03 1.37153140e-03 5.49536198e-04 1.32208806e-03 2.55489082e-04 1.39849400e-03 5.07678895e-04 -6.92786300e-04 -1.03764154e-03
-2.40922629e-04 -8.78358493e-04 -4.66186757e-04 -1.51906768e-03 -5.57347317e-04 -1.43986288e-03 6.98561198e-04 1.54653552e-03 -1.28081790e-03 -5.29885932e-04 -1.20669883e-03 -2.21379247e-04 -1.26914296e-03 -4.65724297e-04 6.30393799e-04 9.43074643e-04
4.11299785e-04 1.05303302e-02 2.69222981e-03 4.38644085e-03 1.15510670e-03 3.48694692e-03 -1.66658557e-03 -3.44887702e-03 2.88065523e-03 1.20222219e-03 2.70194048e-03 4.88965481e-04 2.83476408e-03 1.04203855e-03 -1.40835613e-03 -2.10637436e-03
1.36254937e-03 3.79359126e-02 9.75540467e-03 1.69173181e-02 4.75940527e-03 1.38239842e-02 -6.56608166e-03 -1.39098410e-02 1.15730893e-02 4.80603985e-03 1.08745769e-02 1.98235665e-03 1.14240786e-02 4.19545593e-03 -5.67494892e-03 -8.48867837e-03
7.13748042e-04 2.00523231e-02 5.26624778e-03 1.02869831e-02 3.09337792e-03 8.66481941e-03 -4.19026660e-03 -8.89712758e-03 7.40357209e-03 3.07554239e-03 6.95777405e-03 1.26659882e-03 7.30814040e-03 2.68420484e-03 -3.63031426e-03 -5.43018803e-03
-4.41160239e-03 -6.28854111e-02 -1.78941786e-02 -2.90351771e-02 -8.47596023e-03 -2.41307095e-02 1.17435083e-02 2.46822834e-02 -2.05504708e-02 -8.51155631e-03 -1.92932487e-02 -3.51980678e-03 -2.02748161e-02 -7.44467275e-03 1.00708604e-02 1.50645375e-02
-3.36570269e-03 -6.34032935e-02 -1.66828595e-02 -3.25613655e-02 -1.04546044e-02 -2.84310058e-02 1.37610007e-02 2.97380369e-02 -2.46826261e-02 -1.02334339e-02 -2.32293550e-02 -4.24658787e-03 -2.44145840e-02 -8.96275323e-03 1.21273799e-02 1.81415528e-02
-6.94181013e-04 2.78186449e-03 8.29922326e-04 1.84479414e-03 5.74084523e-04 1.58138666e-03 -7.64922355e-04 -1.64042239e-03 1.36279839e-03 5.65599708e-04 1.28185959e-03 2.34070059e-04 1.34701806e-03 4.94566746e-04 -6.69100089e-04 -1.00089214e-03
-2.97737704e-03 -5.10983393e-02 -1.49492025e-02 -2.56892815e-02 -5.48390811e-03 -1.88599378e-02 8.92105326e-03 1.70672536e-02 -1.44779030e-02 -6.17225887e-03 -1.34539232e-02 -2.37233704e-03 -1.40902195e-02 -5.21666976e-03 7.02413637e-03 1.04893669e-02
5.17171458e-04 -3.65920714e-03 -3.80007608e-04 7.69305974e-04 7.30076863e-04 1.60122663e-03 -7.39456154e-04 -1.84155698e-03 1.50448014e-03 6.11301744e-04 1.42536394e-03 2.72761681e-04 1.50675175e-03 5.47280302e-04 -7.45580939e-04 -1.11651979e-03
-1.32160858e-05 -5.78813488e-03 -8.13580409e-04 -1.22946827e-03 -1.31097768e-04 -5.31644502e-04 2.48920929e-04 4.78070084e-04 -4.03950573e-04 -1.68548242e-04 -3.75168922e-04 -6.74847906e-05 -3.93544469e-04 -1.44699326e-04 1.95466579e-04 2.92311131e-04
-3.69517540e-04 -7.75525579e-03 -1.91230152e-03 -4.10702312e-03 -1.25491375e-03 -3.52072832e-03 1.69519847e-03 3.61364218e-03 -3.00298072e-03 -1.24780531e-03 -2.82500940e-03 -5.15587628e-04 -2.96829524e-03 -1.08989177e-03 1.47442927e-03 2.20554671e-03
1.20689801e-03 1.91948358e-02 5.13222907e-03 1.05460174e-02 3.32113355e-03 9.09480825e-03 -4.38556354e-03 -9.46330279e-03 7.85712246e-03 3.25797638e-03 7.39292474e-03 1.35113834e-03 7.76955346e-03 2.85234721e-03 -3.85933323e-03 -5.77320205e-03
3.65733146e-03 5.16709462e-02 1.38080837e-02 2.69915462e-02 8.25690199e-03 2.26581618e-02 -1.09475655e-02 -2.35828273e-02 1.95917636e-02 8.12502299e-03 1.84273515e-02 3.36553250e-03 1.93641149e-02 7.10945018e-03 -9.61867999e-03 -1.43884374e-02
-1.66393386e-03 -3.07259187e-02 -8.76710191e-03 -1.24741057e-02 -2.80966517e-03 -9.19284113e-03 4.43306239e-03 8.64845514e-03 -7.29556428e-03 -3.07374960e-03 -6.80934871e-03 -1.20284117e-03 -7.12882867e-03 -2.63089454e-03 3.54484771e-03 5.29988948e-03
1.31328730e-03 2.19923109e-02 5.59717789e-03 1.11951148e-02 3.44885793e-03 9.48215649e-03 -4.58523910e-03 -9.84934065e-03 8.18000920e-03 3.39268590e-03 7.69573124e-03 1.40610919e-03 8.08736589e-03 2.96908733e-03 -4.01718728e-03 -6.00930955e-03
-8.83888686e-04 -1.76345296e-02 -4.42988705e-03 -8.26940034e-03 -2.52759783e-03 -7.01503968e-03 3.36928782e-03 7.26102712e-03 -6.02916116e-03 -2.49970634e-03 -5.67206647e-03 -1.03694561e-03 -5.96140185e-03 -2.18849769e-03 2.96117715e-03 4.42965981e-03
2.29797512e-03 2.75238436e-02 7.12698512e-03 1.56591367e-02 5.08845178e-03 1.38055524e-02 -6.64633606e-03 -1.44309029e-02 1.19753554e-02 4.96463059e-03 1.12715419e-02 2.06097704e-03 1.18470471e-02 4.34911763e-03 -5.88475075e-03 -8.80310219e-03
2.75370199e-03 1.44235045e-02 3.63086630e-03 6.72286469e-03 1.92524819e-03 5.50965732e-03 -2.61146226e-03 -5.60481194e-03 4.65957494e-03 1.93621230e-03 4.38014418e-03 7.99547706e-04 4.60255425e-03 1.69005233e-03 -2.28628190e-03 -3.41993920e-03
4.03571175e-03 5.20054772e-02 1.37826055e-02 3.18571590e-02 1.00997267e-02 2.72468440e-02 -1.31852608e-02 -2.86214873e-02 2.37548910e-02 9.84626636e-03 2.23556291e-02 4.08753101e-03 2.34975480e-02 8.62613786e-03 -1.16718747e-02 -1.74601432e-02
4.41290205e-03 7.30178803e-02 1.78556219e-02 3.53174508e-02 1.04134539e-02 2.88687367e-02 -1.41209168e-02 -2.99927350e-02 2.49263402e-02 1.03261312e-02 2.34314781e-02 4.28289780e-03 2.46263724e-02 9.04069562e-03 -1.22324582e-02 -1.82985887e-02
3.53880413e-03 3.67560685e-02 9.49218683e-03 2.13450976e-02 6.78945286e-03 1.83307845e-02 -8.87206756e-03 -1.92688014e-02 1.59899928e-02 6.62763463e-03 1.50499884e-02 2.75197159e-03 1.58187654e-02 5.80716273e-03 -7.85761047e-03 -1.17543396e-02
2.24906777e-04 1.01482673e-02 2.59051123e-03 5.37917390e-03 1.60550303e-03 4.49650362e-03 -2.16749427e-03 -4.62363707e-03 3.84062063e-03 1.59681228e-03 3.61358048e-03 6.60013175e-04 3.79711483e-03 1.39406952e-03 -1.88609713e-03 -2.82140169e-03
-3.85361578e-04 -4.01717564e-03 -1.11958385e-03 -1.69115444e-03 -4.69146151e-04 -1.35967508e-03 6.52661198e-04 1.36768399e-03 -1.13789202e-03 -4.72764805e-04 -1.06928381e-03 -1.95024608e-04 -1.12338027e-03 -4.12489462e-04 5.58004773e-04 8.34689999e-04
2.22042832e-03 3.58408839e-02 9.50933434e-03 1.76077802e-02 5.09722624e-03 1.43408207e-02 -6.91450527e-03 -1.47891538e-02 1.22963320e-02 5.10581536e-03 1.15583902e-02 2.10897322e-03 1.21445982e-02 4.45948867e-03 -6.03265595e-03 -9.02388990e-03
4.43610188e-04 -7.85554759e-03 -1.96073763e-03 -3.27547314e-03 -9.86683182e-04 -2.77906400e-03 1.32998487e-03 2.85046897e-03 -2.36736448e-03 -9.81782679e-04 -2.22737319e-03 -4.07078507e-04 -2.34080525e-03 -8.59354855e-04 1.16273761e-03 1.73934794e-03
-1.53355673e-03 -1.44529650e-02 -3.57052311e-03 -7.90379290e-03 -1.93280808e-03 -5.56395482e-03 2.65991897e-03 5.63101191e-03 -4.68393136e-03 -1.94818352e-03 -4.40074317e-03 -8.03106523e-04 -4.62464662e-03 -1.69819256e-03 2.29724683e-03 3.43631324e-03
2.41540489e-03 5.09827659e-02 1.07174329e-02 2.00058613e-02 5.18190674e-03 1.49867544e-02 -7.26368558e-03 -1.50993522e-02 1.25689264e-02 5.22403605e-03 1.18069919e-02 2.15232978e-03 1.24010574e-02 4.55365749e-03 -6.15991559e-03 -9.21426993e-03
-1.41534070e-03 -2.96002608e-02 -7.60298315e-03 -1.58860274e-02 -5.05017675e-03 -1.37352180e-02 6.62680529e-03 1.43634537e-02 -1.19199529e-02 -4.94124647e-03 -1.12188570e-02 -2.05142028e-03 -1.17919929e-02 -4.32890467e-03 5.85740153e-03 8.76219291e-03
2.42427178e-03 3.06200944e-02 7.93397799e-03 1.59677695e-02 4.83512599e-03 1.36497580e-02 -6.54541701e-03 -1.40008405e-02 1.16294483e-02 4.82533779e-03 1.09404037e-02 1.99895119e-03 1.14968475e-02 4.22086474e-03 -5.71078015e-03 -8.54270905e-03
-7.38899049e-04 -7.68641336e-03 -1.98801956e-03 -3.92324058e-03 -1.10241654e-03 -3.22826137e-03 1.56748295e-03 3.26205976e-03 -2.72611971e-03 -1.13993627e-03 -2.55493540e-03 -4.61042480e-04 -2.68334826e-03 -9.87724401e-04 1.33358024e-03 1.99445896e-03
-2.23933137e-03 -4.80609685e-02 -1.17488205e-02 -2.33553573e-02 -6.57792669e-03 -1.86766442e-02 8.95639695e-03 1.90606732e-02 -1.58389099e-02 -6.57528732e-03 -1.48979882e-02 -2.72013759e-03 -1.56538803e-02 -5.74720604e-03 7.77562242e-03 1.16314339e-02
2.26195989e-04 6.49548694e-03 1.79104321e-03 3.78731615e-03 1.16463820e-03 3.19168856e-03 -1.54790666e-03 -3.32896295e-03 2.76588369e-03 1.14737649e-03 2.60131992e-03 4.74998757e-04 2.73351162e-03 1.00364420e-03 -1.35782443e-03 -2.03113304e-03
-2.09473103e-04 -5.20150736e-03 -1.20900513e-03 -1.64285244e-03 -2.76606792e-04 -1.00691477e-03 4.68152051e-04 9.13354277e-04 -7.67517020e-04 -3.21928470e-04 -7.16814597e-04 -1.29122825e-04 -7.51385640e-04 -2.76243838e-04 3.73244344e-04 5.58187603e-04
-3.92426876e-03 -6.73769638e-02 -1.77570712e-02 -3.52040231e-02 -1.07844742e-02 -2.95788087e-02 1.42607605e-02 3.07902656e-02 -2.55664792e-02 -1.06025944e-02 -2.40544546e-02 -4.39663557e-03 -2.52808984e-02 -9.28107928e-03 1.25576444e-02 1.87850613e-02
4.26441111e-04 1.41325854e-02 3.49972630e-03 6.03157328e-03 1.26933877e-03 4.12163045e-03 -1.94475648e-03 -3.90913617e-03 3.26790311e-03 1.37066573e-03 3.06333043e-03 5.54037339e-04 3.21440049e-03 1.18171645e-03 -1.59687747e-03 -2.38832063e-03
3.62927234e-03 8.00875425e-02 2.15385444e-02 3.99755165e-02 1.13865184e-02 3.21594588e-02 -1.54455919e-02 -3.29069085e-02 2.73866486e-02 1.13865044e-02 2.57321931e-02 4.68749087e-03 2.70288140e-02 9.92687233e-03 -1.34265181e-02 -2.00834032e-02
-2.86433799e-03 -5.72853535e-02 -1.45359887e-02 -2.75266692e-02 -8.42431374e-03 -2.37200856e-02 1.13736046e-02 2.43539177e-02 -2.02330332e-02 -8.39704089e-03 -1.90322381e-02 -3.47619713e-03 -1.99993420e-02 -7.34248105e-03 9.93412640e-03 1.48603609e-02
-9.67762608e-05 3.94313596e-04 4.52992273e-04 -2.21412606e-03 -1.10643602e-03 -2.66372599e-03 1.28717709e-03 2.90991273e-03 -2.40687444e-03 -9.96823772e-04 -2.27061892e-03 -4.16303170e-04 -2.38775113e-03 -8.76403647e-04 1.18609599e-03 1.77438336e-03
-3.06903920e-03 -5.21474779e-02 -1.25366505e-02 -2.40080152e-02 -6.95142755e-03 -1.94876455e-02 9.52893402e-03 2.01198645e-02 -1.67354792e-02 -6.93738507e-03 -1.57250240e-02 -2.87029031e-03 -1.65243931e-02 -6.06713584e-03 8.20800103e-03 1.22782160e-02
9.46824788e-04 -8.37150961e-03 2.36299820e-06 1.66462362e-03 1.75348273e-03 3.58173694e-03 -1.81876041e-03 -4.34495462e-03 3.58472089e-03 1.46546436e-03 3.38399666e-03 6.23231346e-04 3.56189976e-03 1.30682054e-03 -1.76928029e-03 -2.64701992e-03
