-1.28439197e-03 -3.21961865e-02 -1.82799045e-02 -2.48955209e-02 -5.57575666e-04 -1.72933619e-02 4.78879223e-03 4.11443748e-02 -7.31622684e-04 -3.18672089e-03 -1.43207544e-02 9.29698173e-04 -5.47546102e-03 -2.00922368e-03 1.61471851e-02 1.13836927e-02
2.34835083e-03 6.81570768e-02 3.28203924e-02 4.38041724e-02 9.62544582e-04 3.03857625e-02 -8.41512345e-03 -7.26757571e-02 1.23359123e-03 5.63160703e-03 2.52943691e-02 -1.64472102e-03 9.67149623e-03 3.54958582e-03 -2.85333190e-02 -2.01157276e-02
1.25704653e-04 3.63056827e-03 2.20199884e-03 3.07483366e-03 4.53693938e-05 2.16622395e-03 -5.97452978e-04 -5.22904610e-03 8.20130372e-05 4.04173916e-04 1.82118570e-03 -1.18631579e-04 6.96414732e-04 2.55661755e-04 -2.05575489e-03 -1.44928531e-03
8.25508905e-04 3.40745077e-02 1.95661336e-02 2.65696719e-02 5.52266778e-04 1.84957329e-02 -5.09372540e-03 -4.41262200e-02 7.13123067e-04 3.41324415e-03 1.53559027e-02 -9.98955686e-04 5.87078417e-03 2.15484085e-03 -1.73235107e-02 -1.22129004e-02
2.71421345e-03 8.29471648e-02 4.48291712e-02 6.23523854e-02 1.51582691e-03 4.35003340e-02 -1.17459418e-02 -1.01952516e-01 1.68575451e-03 7.89921079e-03 3.54307070e-02 -2.30499916e-03 1.35514364e-02 4.97423904e-03 -3.99821326e-02 -2.81871185e-02
-5.07718767e-04 -2.14188360e-02 -9.69123654e-03 -1.31603163e-02 -3.41786479e-04 -8.80724099e-03 2.40899553e-03 2.03067083e-02 -3.85794410e-04 -1.57667836e-03 -7.05002900e-03 4.55668662e-04 -2.69740773e-03 -9.89049906e-04 7.93898292e-03 5.59719326e-03
-9.35702265e-05 2.66335183e-03 6.51599432e-04 5.99517953e-04 3.37263446e-05 3.11054842e-04 -7.52133928e-05 -4.95988643e-04 2.65368453e-05 4.31648914e-05 1.73439214e-04 -1.00318466e-05 6.64736290e-05 2.41268281e-05 -1.88222388e-04 -1.32805115e-04
-1.95340792e-04 -6.71766116e-04 -3.79176578e-04 -5.79564366e-04 -2.67965188e-05 -3.71540897e-04 1.02082391e-04 8.30624660e-04 -2.03156706e-05 -6.56263801e-05 -2.89025833e-04 1.83567154e-05 -1.10689936e-04 -4.04863931e-05 3.23722314e-04 2.28263554e-04
6.91041443e-03 1.18511632e-01 4.90521044e-02 6.34621605e-02 1.45465345e-03 4.23904657e-02 -1.15070986e-02 -9.80540067e-02 1.96293369e-03 7.66755594e-03 3.42049152e-02 -2.20147311e-03 1.30733494e-02 4.79154615e-03 -3.84315178e-02 -2.70966105e-02
9.97208117e-05 4.11527976e-03 2.76042498e-03 3.82214086e-03 8.28753691e-05 2.74693454e-03 -7.60251191e-04 -6.58585550e-03 1.06585008e-04 5.07898571e-04 2.28693476e-03 -1.48795923e-04 8.74564692e-04 3.20995430e-04 -2.58061849e-03 -1.81931176e-03
-7.37792434e-05 -2.98539735e-03 -1.86410896e-03 -2.62816297e-03 -6.37970879e-05 -1.85268733e-03 5.09771693e-04 4.41386085e-03 -7.27544175e-05 -3.41579842e-04 -1.53476791e-03 9.97347088e-05 -5.86871582e-04 -2.15360167e-04 1.73093786e-03 1.22030708e-03
-8.99613427e-04 -3.07668373e-02 -1.70080531e-02 -2.30828114e-02 -5.07342629e-04 -1.59760583e-02 4.42462508e-03 3.82147469e-02 -6.36140117e-04 -2.95558874e-03 -1.32974330e-02 8.63977941e-04 -5.08531649e-03 -1.86625798e-03 1.49990963e-02 1.05743408e-02
7.43489509e-05 1.09690856e-02 5.72987413e-03 7.47205690e-03 1.89866827e-04 5.21810586e-03 -1.43382500e-03 -1.23483222e-02 2.15414315e-04 9.58078192e-04 4.29925602e-03 -2.78734107e-04 1.64415035e-03 6.03203021e-04 -4.84594610e-03 -3.41641949e-03
9.79157630e-04 3.67696285e-02 2.00949945e-02 2.68337298e-02 6.75478426e-04 1.88098401e-02 -5.18909190e-03 -4.45608646e-02 7.97563582e-04 3.44424392e-03 1.54839940e-02 -1.00558915e-03 5.92267560e-03 2.17328616e-03 -1.74643137e-02 -1.23122949e-02
-1.29875343e-03 -9.88285523e-03 -4.49546706e-03 -5.28182928e-03 -1.07357890e-04 -3.61234671e-03 9.95529583e-04 8.56058206e-03 -1.48764346e-04 -6.60930644e-04 -2.97658704e-03 1.93757223e-04 -1.13818864e-03 -4.17788775e-04 3.35928029e-03 2.36824504e-03
2.86764209e-03 9.18796808e-02 4.91299890e-02 6.50997236e-02 1.13290199e-03 4.64562625e-02 -1.27989808e-02 -1.11468785e-01 1.75099075e-03 8.61499738e-03 3.88180315e-02 -2.52898852e-03 1.48423659e-02 5.44925407e-03 -4.38211188e-02 -3.08933295e-02
4.74240194e-04 2.49586049e-02 1.33710038e-02 1.90259144e-02 4.11389396e-04 1.29549904e-02 -3.56360571e-03 -3.08091976e-02 4.93168947e-04 2.37669609e-03 1.06993420e-02 -6.96595176e-04 4.09103092e-03 1.50174019e-03 -1.20749893e-02 -8.51271767e-03
-6.40312966e-04 -2.50016823e-02 -1.29498811e-02 -1.77278928e-02 -4.44791047e-04 -1.21899489e-02 3.37212486e-03 2.88864486e-02 -5.32683742e-04 -2.23851367e-03 -1.00360317e-02 6.50066009e-04 -3.83983226e-03 -1.40866463e-03 1.13092093e-02 7.97325838e-03
-3.27786474e-05 5.59358299e-03 2.73078354e-03 3.70057276e-03 9.16632853e-05 2.52562831e-03 -7.00038741e-04 -5.98615967e-03 1.00940204e-04 4.62897966e-04 2.08077696e-03 -1.35305498e-04 7.95511762e-04 2.91969423e-04 -2.34718691e-03 -1.65474182e-03
-1.93623360e-03 -6.12176135e-02 -3.79908644e-02 -5.22506908e-02 -9.03130625e-04 -3.77140678e-02 1.03416489e-02 9.07070488e-02 -1.39841158e-03 -7.00922636e-03 -3.15944850e-02 2.05894304e-03 -1.20805362e-02 -4.43531014e-03 3.56681384e-02 2.51455773e-02
6.75242569e-04 1.92587785e-02 1.06733860e-02 1.43099669e-02 3.23596527e-04 9.98862274e-03 -2.75822612e-03 -2.37425044e-02 3.93952854e-04 1.83412631e-03 8.24854895e-03 -5.36133477e-04 3.15373158e-03 1.15741475e-03 -9.30390321e-03 -6.55916706e-03
2.97599181e-04 4.10093106e-02 2.64807642e-02 3.68509665e-02 6.25745568e-04 2.62816288e-02 -7.24616321e-03 -6.33195192e-02 9.89403925e-04 4.89298766e-03 2.20515337e-02 -1.43647450e-03 8.43209215e-03 3.09558492e-03 -2.48919930e-02 -1.75485611e-02
1.31026015e-03 4.93875593e-02 2.07614116e-02 2.84531731e-02 8.42784648e-04 1.87621657e-02 -5.26324194e-03 -4.36378829e-02 8.63935915e-04 3.39948153e-03 1.51474206e-02 -9.74212016e-04 5.79742528e-03 2.12532096e-03 -1.70325283e-02 -1.20092453e-02
-1.55095558e-03 2.55937539e-02 1.38701396e-02 1.90881528e-02 2.57748878e-04 1.33270323e-02 -3.66593176e-03 -3.21672894e-02 4.97012399e-04 2.48608459e-03 1.12064071e-02 -7.30313594e-04 4.28506033e-03 1.57326297e-03 -1.26514537e-02 -8.91910959e-03
3.48693575e-04 -8.73771030e-03 -4.87339916e-03 -7.03284331e-03 -1.21177764e-04 -4.78101335e-03 1.31422665e-03 1.14651108e-02 -1.80964140e-04 -8.86100228e-04 -3.99175286e-03 2.59983994e-04 -1.52628985e-03 -5.60310669e-04 4.50547645e-03 3.17630637e-03
-1.27832114e-04 -2.03905106e-02 -1.20379729e-02 -1.63781513e-02 -3.16678575e-04 -1.16196238e-02 3.20761534e-03 2.79448815e-02 -4.40334523e-04 -2.15803622e-03 -9.72301513e-03 6.33292890e-04 -3.71804298e-03 -1.36488373e-03 1.09752268e-02 7.73739628e-03
-2.83384346e-04 4.13089432e-02 2.04886962e-02 2.77782716e-02 8.49318109e-04 1.82674211e-02 -4.98117460e-03 -4.18758318e-02 8.51526682e-04 3.27314832e-03 1.45882973e-02 -9.36946599e-04 5.57692861e-03 2.04307120e-03 -1.63790826e-02 -1.15481112e-02
2.03524344e-03 1.16092376e-02 3.60131077e-03 4.88176756e-03 2.68998760e-04 2.98229745e-03 -7.46759586e-04 -5.91737358e-03 1.73527544e-04 4.74143686e-04 2.06170161e-03 -1.29216642e-04 7.86776713e-04 2.87160568e-04 -2.29284004e-03 -1.61669333e-03
-2.16297852e-03 3.85806052e-04 6.51779737e-06 -2.09762598e-04 -4.74779044e-05 -4.30642613e-05 1.41015607e-05 -3.78842196e-05 -1.09562552e-05 2.93705853e-06 1.65040565e-05 -2.15734940e-06 6.74742432e-06 2.70416308e-06 -2.40816753e-05 -1.69668219e-05
-1.18822336e-05 -3.14073497e-03 -7.81328883e-04 -9.17678874e-04 -6.72360256e-05 -3.63966712e-04 9.70634719e-05 6.51661190e-04 -3.47611567e-05 -5.41272930e-05 -2.20996721e-04 1.28159090e-05 -8.49312419e-05 -3.07315131e-05 2.40765861e-04 1.69895313e-04
-5.07120043e-04 -2.49789730e-02 -1.23318331e-02 -1.65848676e-02 -3.87208682e-04 -1.15058478e-02 3.18992650e-03 2.72589847e-02 -5.11190621e-04 -2.11285870e-03 -9.44671873e-03 6.12128119e-04 -3.61691066e-03 -1.32790231e-03 1.06500415e-02 7.50866299e-03
1.88655825e-03 -6.49923645e-03 -1.00741312e-02 -1.52790956e-02 -1.34511414e-04 -1.12294517e-02 3.13608721e-03 2.77922414e-02 -4.16003109e-04 -2.14824267e-03 -9.69674997e-03 6.32745097e-04 -3.70908249e-03 -1.36197382e-03 1.09535530e-02 7.72210862e-03
6.82202401e-04 5.76542318e-02 3.59383002e-02 5.08479811e-02 9.30168491e-04 3.54736596e-02 -9.75620933e-03 -8.52630511e-02 1.34707650e-03 6.58607064e-03 2.96746027e-02 -1.93317002e-03 1.13480277e-02 4.16595116e-03 -3.34991403e-02 -2.36164723e-02
-1.96485547e-03 -7.02672303e-02 -3.91057804e-02 -5.18982112e-02 -1.06190098e-03 -3.69057134e-02 1.02589512e-02 8.89937505e-02 -1.41567003e-03 -6.87219063e-03 -3.09799965e-02 2.01753178e-03 -1.18418811e-02 -4.34744311e-03 3.49599458e-02 2.46463120e-02
8.82898807e-04 2.19630208e-02 1.13202641e-02 1.51239382e-02 3.55002179e-04 1.09057492e-02 -3.02871410e-03 -2.60168854e-02 4.14968235e-04 2.00791610e-03 9.05084144e-03 -5.89636853e-04 3.45968665e-03 1.27017335e-03 -1.02144955e-02 -7.20108487e-03
-7.31215987e-04 -2.24085394e-02 -1.12255728e-02 -1.53536024e-02 -3.60026170e-04 -1.07822316e-02 2.95698550e-03 2.54654642e-02 -4.28171916e-04 -1.97300641e-03 -8.85767862e-03 5.75432205e-04 -3.38730216e-03 -1.24296208e-03 9.98933241e-03 7.04243546e-03
2.33536281e-04 2.38949154e-02 1.37687800e-02 1.90601349e-02 3.40907281e-04 1.34272790e-02 -3.69193451e-03 -3.22727486e-02 5.10664308e-04 2.48997821e-03 1.12188999e-02 -7.30785017e-04 4.28966898e-03 1.57477136e-03 -1.26632759e-02 -8.92742816e-03
1.17787637e-03 5.27095562e-03 3.41337849e-03 4.89201862e-03 9.87403037e-05 3.41924257e-03 -9.43027495e-04 -8.14598240e-03 1.29643435e-04 6.28945709e-04 2.82717939e-03 -1.84133023e-04 1.08122057e-03 3.96899180e-04 -3.19115771e-03 -2.24973471e-03
5.88297611e-04 1.52672194e-02 7.11455988e-03 8.94325320e-03 2.94602156e-04 6.04758179e-03 -1.66435179e-03 -1.43167498e-02 2.40097666e-04 1.10726920e-03 4.98127565e-03 -3.23887536e-04 1.90427841e-03 6.98895718e-04 -5.61866164e-03 -3.96109046e-03
3.38287209e-05 1.40552372e-02 9.35881771e-03 1.30020650e-02 2.05774326e-04 9.33322962e-03 -2.57349317e-03 -2.25485843e-02 3.49925744e-04 1.74228696e-03 7.85445608e-03 -5.11907972e-04 3.00342217e-03 1.10268267e-03 -8.86763167e-03 -6.25156518e-03
-1.19279779e-04 -9.54407360e-03 -5.31914225e-03 -7.19038537e-03 -1.78285554e-04 -4.93897963e-03 1.35880336e-03 1.16647342e-02 -2.03976582e-04 -9.03882610e-04 -4.05566581e-03 2.62866117e-04 -1.55106746e-03 -5.68952179e-04 4.57022199e-03 3.22205247e-03
4.26503771e-04 2.05369368e-02 1.25134652e-02 1.74295697e-02 3.81739868e-04 1.22298039e-02 -3.39437602e-03 -2.93538831e-02 4.79320501e-04 2.26855092e-03 1.02081997e-02 -6.64306222e-04 3.90388910e-03 1.43303513e-03 -1.15206083e-02 -8.12191516e-03
8.94046098e-04 7.59901945e-03 3.91400373e-03 5.49045671e-03 2.00447117e-04 3.75972153e-03 -1.01716234e-03 -8.56007915e-03 1.55559494e-04 6.64604886e-04 2.97080423e-03 -1.92096442e-04 1.13497616e-03 4.16296767e-04 -3.34354094e-03 -2.35723425e-03
5.48860626e-05 -1.04555786e-02 -7.27038039e-03 -9.98618174e-03 -1.43604542e-04 -7.22086290e-03 1.99058373e-03 1.74852833e-02 -2.69204989e-04 -1.35091029e-03 -6.09126361e-03 3.97022726e-04 -2.32921285e-03 -8.55163322e-04 6.87717972e-03 4.84832283e-03
-1.34863285e-03 -3.93437222e-02 -1.92470904e-02 -2.62605697e-02 -6.59059617e-04 -1.80453882e-02 4.96315770e-03 4.25889939e-02 -8.48500757e-04 -3.29451915e-03 -1.47517240e-02 9.52783506e-04 -5.65344328e-03 -2.07658252e-03 1.66253895e-02 1.17227826e-02
9.58481047e-04 2.37679984e-02 1.18854987e-02 1.56533252e-02 4.60907526e-04 1.09644067e-02 -2.99312780e-03 -2.53952891e-02 4.67271049e-04 1.96646713e-03 8.80638976e-03 -5.70701261e-04 3.36548546e-03 1.23484945e-03 -9.91871208e-03 -6.99269352e-03
2.63864547e-03 1.10903934e-01 5.61678372e-02 7.72911757e-02 1.91588327e-03 5.44220619e-02 -1.49858864e-02 -1.28016695e-01 2.20960611e-03 9.97200888e-03 4.45058085e-02 -2.88835261e-03 1.70180090e-02 6.24493184e-03 -5.01698926e-02 -3.53695042e-02
8.92939162e-04 3.50903347e-02 2.16701925e-02 3.04683615e-02 5.33626473e-04 2.16566119e-02 -5.94327087e-03 -5.20638041e-02 8.08292476e-04 4.02348721e-03 1.81297641e-02 -1.18145393e-03 6.93243416e-03 2.54517258e-03 -2.04675943e-02 -1.44293867e-02
-7.90699269e-04 -2.57172436e-03 1.44159549e-03 1.26161310e-03 -6.57687124e-05 1.74438069e-03 -5.22946997e-04 -4.80750669e-03 6.03505177e-05 3.68836598e-04 1.67943537e-03 -1.09942273e-04 6.42516650e-04 2.36026637e-04 -1.89928163e-03 -1.33896584e-03
-1.57635543e-03 9.73437726e-03 1.59574728e-02 2.40892395e-02 2.39472385e-04 1.76977143e-02 -4.87284642e-03 -4.30442728e-02 6.58420206e-04 3.32665793e-03 1.50050493e-02 -9.78104188e-04 5.73776849e-03 2.10664980e-03 -1.69416573e-02 -1.19436597e-02
-1.45197974e-03 -3.26424688e-02 -1.73896123e-02 -2.32147891e-02 -4.17312374e-04 -1.67391151e-02 4.62459773e-03 4.03545797e-02 -6.29380753e-04 -3.11722909e-03 -1.40518127e-02 9.15777520e-04 -5.37308631e-03 -1.97267323e-03 1.58639438e-02 1.11838710e-02
5.11385035e-04 1.35798585e-02 6.17506914e-03 8.21792334e-03 2.25324897e-04 5.48678031e-03 -1.49489124e-03 -1.26129035e-02 2.51752557e-04 9.84200859e-04 4.39066067e-03 -2.82760040e-04 1.67955237e-03 6.15527970e-04 -4.93676169e-03 -3.48064140e-03
-5.71911572e-04 -2.44965609e-02 -1.28182098e-02 -1.73873268e-02 -3.75341246e-04 -1.19939437e-02 3.28413001e-03 2.82579102e-02 -4.89401864e-04 -2.18553306e-03 -9.82325710e-03 6.37985417e-04 -3.75494920e-03 -1.37788325e-03 1.10745113e-02 7.80746574e-03
-9.54230345e-05 -8.15328304e-03 -5.79262944e-03 -8.04790854e-03 -1.23475285e-04 -5.82664460e-03 1.60607882e-03 1.40902232e-02 -2.18616842e-04 -1.08881481e-03 -4.90798941e-03 3.19789397e-04 -1.87670242e-03 -6.88991917e-04 5.54052973e-03 3.90600623e-03
9.02622938e-04 1.93958990e-02 1.40229724e-02 1.95359774e-02 2.76226056e-04 1.41885094e-02 -3.91200138e-03 -3.43761109e-02 5.28335513e-04 2.65592081e-03 1.19761322e-02 -7.80614850e-04 4.57952078e-03 1.68136472e-03 -1.35214981e-02 -9.53248236e-03
-3.64954607e-03 -2.41320208e-02 -1.29583906e-02 -1.75931565e-02 -4.52244130e-04 -1.22722676e-02 3.32946074e-03 2.85131447e-02 -5.30492689e-04 -2.21196353e-03 -9.89896432e-03 6.38100610e-04 -3.78148211e-03 -1.38678448e-03 1.11283557e-02 7.84614868e-03
-5.73549711e-04 -9.59438086e-03 -5.15158940e-03 -7.28420308e-03 -1.64646859e-04 -4.90623293e-03 1.35075254e-03 1.16583174e-02 -1.97341666e-04 -9.02838481e-04 -4.05431958e-03 2.63253634e-04 -1.55022286e-03 -5.68845775e-04 4.57150815e-03 3.22289835e-03
-1.75986323e-04 -3.36820143e-03 -1.43923284e-03 -1.96154881e-03 -5.60711269e-05 -1.30809750e-03 3.63232248e-04 3.12038115e-03 -5.28111668e-05 -2.41357353e-04 -1.08485285e-03 7.05233178e-05 -4.14752605e-04 -1.52218359e-04 1.22364715e-03 8.62658722e-04
2.43179908e-04 1.68929640e-02 1.01090763e-02 1.35921706e-02 2.54985847e-04 9.73960571e-03 -2.68804561e-03 -2.34245379e-02 3.71158036e-04 1.80907291e-03 8.15534126e-03 -5.31231402e-04 3.11770383e-03 1.14458788e-03 -9.20432806e-03 -6.48893276e-03
-1.55965309e-03 -2.24369299e-02 -9.97866411e-03 -1.15734367e-02 -3.42674350e-04 -8.12119339e-03 2.21558684e-03 1.90122183e-02 -3.05252033e-04 -1.46915717e-03 -6.61378726e-03 4.30540764e-04 -2.52817804e-03 -9.28102469e-04 7.46314880e-03 5.26142120e-03
-2.09230726e-04 -7.66237732e-03 -4.17615520e-03 -5.48933400e-03 -1.38267889e-04 -3.80078703e-03 1.04647037e-03 8.97212047e-03 -1.54962079e-04 -6.94925489e-04 -3.12000629e-03 2.02524097e-04 -1.19282189e-03 -4.37674898e-04 3.51725961e-03 2.47965544e-03
1.09874655e-03 8.46776925e-03 -5.38959913e-03 -1.03489812e-02 3.84923042e-05 -7.67012220e-03 2.15137494e-03 1.96633842e-02 -2.48733006e-04 -1.51503354e-03 -6.86269440e-03 4.49964427e-04 -2.62808567e-03 -9.65707644e-04 7.77107663e-03 5.47841704e-03
7.27747101e-04 4.98088077e-03 -4.40526288e-03 -7.69451447e-03 8.27145122e-05 -6.05531875e-03 1.68994337e-03 1.56433862e-02 -1.73718261e-04 -1.20364456e-03 -5.47502516e-03 3.60666803e-04 -2.09202361e-03 -7.69389211e-04 6.20110845e-03 4.37147729e-03
-1.79096265e-03 -4.77884449e-02 -2.32294928e-02 -3.18154395e-02 -6.81700534e-04 -2.19233632e-02 6.07980555e-03 5.24366200e-02 -8.38038279e-04 -4.04932629e-03 -1.82329696e-02 1.18687877e-03 -6.97024539e-03 -2.55865487e-03 2.05736272e-02 1.45041589e-02
-6.19039172e-04 -2.44529787e-02 -1.41556635e-02 -1.93662737e-02 -3.96294170e-04 -1.36569757e-02 3.75132333e-03 3.25362571e-02 -5.28851815e-04 -2.51751300e-03 -1.13258557e-02 7.36615912e-04 -4.33034264e-03 -1.58934714e-03 1.27768451e-02 9.00756661e-03
-6.47713954e-04 2.51088757e-02 1.55759305e-02 2.12138277e-02 3.76764918e-04 1.51011543e-02 -4.16431017e-03 -3.63046564e-02 5.75966318e-04 2.80508585e-03 1.26368897e-02 -8.22765112e-04 4.83201118e-03 1.77362491e-03 -1.42609179e-02 -1.00538051e-02
-1.05690712e-03 -3.05102356e-02 -1.70801729e-02 -2.29416359e-02 -4.64417855e-04 -1.60208046e-02 4.42859251e-03 3.83579433e-02 -6.09886192e-04 -2.96486169e-03 -1.33486837e-02 8.69025069e-04 -5.10301348e-03 -1.87321822e-03 1.50623498e-02 1.06187677e-02
-4.11697431e-03 -6.53914660e-02 -3.22544649e-02 -4.49209474e-02 -7.91253347e-04 -3.10901701e-02 8.49837996e-03 7.39873126e-02 -1.17734249e-03 -5.72096929e-03 -2.57685762e-02 1.67645409e-03 -9.85193346e-03 -3.61577212e-03 2.90726572e-02 2.04961300e-02
1.71609950e-04 -4.07371018e-03 -1.56205322e-03 -2.01249146e-03 -6.30706854e-05 -1.25563645e-03 3.44446074e-04 2.80014519e-03 -6.12983495e-05 -2.19752255e-04 -9.72740410e-04 6.21332802e-05 -3.72233189e-04 -1.36282950e-04 1.09081296e-03 7.69147591e-04
1.21520262e-03 3.15909050e-02 1.72882937e-02 2.31799390e-02 6.04411936e-04 1.62485074e-02 -4.51136380e-03 -3.83650661e-02 6.87652850e-04 2.98180548e-03 1.33519452e-02 -8.62790621e-04 5.10576228e-03 1.87250518e-03 -1.50316553e-02 -1.05977925e-02
1.68437988e-03 5.39308265e-02 2.69310381e-02 3.22275460e-02 8.41534929e-04 2.21357550e-02 -6.07487932e-03 -5.19221909e-02 9.48950532e-04 4.03102953e-03 1.80597641e-02 -1.16898969e-03 6.91099418e-03 2.53358553e-03 -2.03486271e-02 -1.43458145e-02
2.20377362e-04 3.70460004e-03 2.19120248e-03 3.03948554e-03 6.32131050e-05 2.14529550e-03 -5.90734300e-04 -5.15620317e-03 8.24485396e-05 3.98819568e-04 1.79571158e-03 -1.16918185e-04 6.86606683e-04 2.52047088e-04 -2.02662242e-03 -1.42874441e-03
5.83974132e-03 1.35226056e-01 6.49101213e-02 8.95280242e-02 1.97839388e-03 6.22439198e-02 -1.72389094e-02 -1.48042023e-01 2.46660528e-03 1.14586912e-02 5.15003614e-02 -3.34700872e-03 1.96851119e-02 7.22514978e-03 -5.80745153e-02 -4.09422927e-02
-1.79205133e-04 2.34896522e-02 1.44944899e-02 1.98119618e-02 3.85454827e-04 1.41939474e-02 -3.92126571e-03 -3.41287218e-02 5.33732702e-04 2.63539725e-03 1.18772294e-02 -7.73845124e-04 4.54126671e-03 1.66723144e-03 -1.34072490e-02 -9.45193879e-03
-1.43088493e-03 -1.56692229e-02 -9.46634356e-03 -1.27840685e-02 -2.55826046e-04 -9.13461857e-03 2.51619378e-03 2.18745731e-02 -3.62005259e-04 -1.69263431e-03 -7.61742797e-03 4.95306391e-04 -2.91305035e-03 -1.06914819e-03 8.59404169e-03 6.05874788e-03
-5.86234208e-04 6.02463400e-03 2.66394927e-03 3.77537776e-03 1.62532742e-04 2.48915609e-03 -6.74275740e-04 -5.62174479e-03 1.36530929e-04 4.40415286e-04 1.94657245e-03 -1.23662583e-04 7.47566985e-04 2.73577112e-04 -2.18489603e-03 -1.54068181e-03
-1.31711550e-03 -2.71550287e-02 -1.44142574e-02 -2.02707164e-02 -4.21211618e-04 -1.38769532e-02 3.78929684e-03 3.29253674e-02 -5.36268577e-04 -2.54841824e-03 -1.14590861e-02 7.44883611e-04 -4.38059587e-03 -1.60781131e-03 1.29236886e-02 9.11111850e-03
8.85540911e-04 3.79269570e-02 2.08232813e-02 2.71476228e-02 5.68662363e-04 1.94458757e-02 -5.35575021e-03 -4.67658155e-02 7.31451029e-04 3.61220585e-03 1.62798930e-02 -1.06070680e-03 6.22464297e-03 2.28523533e-03 -1.83770452e-02 -1.29555790e-02
-5.94066107e-04 -2.38145236e-02 -1.25450902e-02 -1.68050490e-02 -3.93234077e-04 -1.16419354e-02 3.19617963e-03 2.74655409e-02 -4.88172314e-04 -2.12924555e-03 -9.55022033e-03 6.19010942e-04 -3.65265599e-03 -1.33992755e-03 1.07632438e-02 7.58817559e-03
-8.45408824e-04 -3.15189734e-02 -1.77665055e-02 -2.41028424e-02 -5.29250829e-04 -1.65911466e-02 4.55204025e-03 3.95115837e-02 -6.57726312e-04 -3.05870781e-03 -1.37561774e-02 8.94317054e-04 -5.25997300e-03 -1.93050259e-03 1.55177210e-02 1.09398607e-02
-1.50927796e-03 2.87095597e-03 1.97207113e-03 2.70574004e-03 2.02822139e-05 1.97475171e-03 -5.43479924e-04 -4.81858803e-03 7.10766908e-05 3.72250681e-04 1.68121664e-03 -1.09725850e-04 6.42890693e-04 2.36080567e-04 -1.89901260e-03 -1.33877422e-03
-3.58626305e-04 -1.74831096e-02 -9.64461546e-03 -1.29704457e-02 -2.94873200e-04 -9.09237843e-03 2.50791479e-03 2.15717219e-02 -3.57423443e-04 -1.66720641e-03 -7.49977818e-03 4.87994606e-04 -2.86774221e-03 -1.05257949e-03 8.46247654e-03 5.96594717e-03
6.64325198e-04 -1.04313763e-02 -9.30344872e-03 -1.29838577e-02 -1.06449290e-04 -9.73763783e-03 2.70581967e-03 2.39632651e-02 -3.48113099e-04 -1.84891059e-03 -8.35067127e-03 5.45061834e-04 -3.19294352e-03 -1.17257424e-03 9.43205226e-03 6.64945878e-03
-9.35363933e-04 -3.35699469e-02 -1.96110308e-02 -2.66774930e-02 -5.42731374e-04 -1.88171063e-02 5.18786767e-03 4.52049747e-02 -7.16743350e-04 -3.49376653e-03 -1.57332644e-02 1.02457614e-03 -6.01592800e-03 -2.20842427e-03 1.77575573e-02 1.25188576e-02
1.14885264e-03 4.44006249e-02 2.18418129e-02 3.00533995e-02 6.06959104e-04 2.07991879e-02 -5.75682940e-03 -4.98371907e-02 7.83140538e-04 3.85067030e-03 1.73482951e-02 -1.13013200e-03 6.63316483e-03 2.43510609e-03 -1.95822883e-02 -1.38052525e-02
1.64840452e-03 3.80684547e-02 2.06686575e-02 2.84612589e-02 5.37419750e-04 2.01251805e-02 -5.52249094e-03 -4.81998175e-02 7.62465468e-04 3.72673129e-03 1.67870149e-02 -1.09321787e-03 6.41793758e-03 2.35603820e-03 -1.89452209e-02 -1.33561408e-02
1.61122147e-03 7.02311397e-02 3.24719734e-02 4.35867831e-02 1.09839556e-03 2.98825148e-02 -8.24319664e-03 -7.07406998e-02 1.18284125e-03 5.47840120e-03 2.46170573e-02 -1.59556500e-03 9.40531120e-03 3.45083978e-03 -2.77223811e-02 -1.95443686e-02
1.10584160e-03 1.12185534e-02 9.24687739e-03 1.30655207e-02 2.58884393e-04 9.57086217e-03 -2.63840426e-03 -2.30730325e-02 3.71234462e-04 1.78317667e-03 8.02995078e-03 -5.22521557e-04 3.07086320e-03 1.12727622e-03 -9.06190369e-03 -6.38860371e-03
-1.05796382e-04 -6.70860894e-03 -4.78437264e-03 -6.67999079e-03 -1.18686788e-04 -4.80125612e-03 1.32254150e-03 1.15393549e-02 -1.84831195e-04 -8.92419368e-04 -4.01962129e-03 2.61515059e-04 -1.53683114e-03 -5.64096030e-04 4.53499286e-03 3.19713634e-03
2.18396730e-04 6.08098879e-03 2.25368282e-03 2.83356407e-03 8.89258154e-05 1.90897461e-03 -5.20769798e-04 -4.43383073e-03 8.20757123e-05 3.44149332e-04 1.54233398e-03 -9.97614770e-05 5.89302799e-04 2.16183413e-04 -1.73631287e-03 -1.22410816e-03
5.23549854e-04 4.16748449e-02 2.37271264e-02 3.21361125e-02 6.45408116e-04 2.27851421e-02 -6.23441720e-03 -5.42418063e-02 8.76611448e-04 4.19436675e-03 1.88870244e-02 -1.22918701e-03 7.22145382e-03 2.65085604e-03 -2.13123541e-02 -1.50250075e-02
2.88163137e-04 1.74898487e-02 9.68724117e-03 1.31643135e-02 2.74776714e-04 9.25308652e-03 -2.55036540e-03 -2.20331829e-02 3.73089570e-04 1.70501391e-03 7.66856503e-03 -4.97847272e-04 2.93192687e-03 1.07582076e-03 -8.64604022e-03 -6.09542802e-03
-2.10476201e-03 -5.50716296e-02 -3.22272256e-02 -4.23208252e-02 -8.39285320e-04 -3.00971605e-02 8.31856765e-03 7.22608119e-02 -1.17107143e-03 -5.57687366e-03 -2.51322556e-02 1.63672108e-03 -9.61089227e-03 -3.52809276e-03 2.83689201e-02 1.99997388e-02
-1.17659324e-03 -5.18225133e-02 -2.98076775e-02 -3.96223292e-02 -7.10106455e-04 -2.83827055e-02 7.83009082e-03 6.83211684e-02 -1.06715877e-03 -5.27902739e-03 -2.37899739e-02 1.54979457e-03 -9.09554865e-03 -3.33930436e-03 2.68539041e-02 1.89316534e-02
-3.38318554e-04 -2.09583947e-03 -1.97866047e-03 -2.75454135e-03 -1.91823219e-05 -2.08764290e-03 5.75516839e-04 5.11990162e-03 -7.45193393e-05 -3.95200361e-04 -1.78547541e-03 1.16591320e-04 -6.82812883e-04 -2.50761164e-04 2.01721187e-03 1.42210245e-03
-1.57836755e-03 -4.55083363e-02 -2.34038550e-02 -3.21419872e-02 -8.68504518e-04 -2.14277897e-02 5.82179567e-03 4.90059704e-02 -1.01205369e-03 -3.81790102e-03 -1.69724151e-02 1.09315221e-03 -6.50052028e-03 -2.38313479e-03 1.90969687e-02 1.34640466e-02
2.64410861e-04 6.79793209e-03 6.02743402e-03 8.66570324e-03 1.81176787e-04 6.25063479e-03 -1.73004053e-03 -1.50321303e-02 2.49543140e-04 1.16437441e-03 5.23824571e-03 -3.39482212e-04 2.00259127e-03 7.35418696e-04 -5.90568595e-03 -4.16364241e-03
8.87052229e-05 -1.40091544e-02 -9.31401737e-03 -1.29634542e-02 -1.86351972e-04 -9.37331095e-03 2.58408766e-03 2.26982981e-02 -3.49807640e-04 -1.75372337e-03 -7.90738780e-03 5.15377207e-04 -3.02368798e-03 -1.11013220e-03 8.92756134e-03 6.29381649e-03
-1.74855493e-04 -4.17258032e-03 -1.75667298e-03 -2.45799706e-03 -8.58963904e-05 -1.68778410e-03 4.61258867e-04 3.91177740e-03 -6.78378929e-05 -3.01553315e-04 -1.34952867e-03 8.73959070e-05 -5.15873893e-04 -1.89211773e-04 1.51997095e-03 1.07158092e-03
4.88079299e-04 7.77751487e-03 3.78092052e-03 4.98837186e-03 1.21748271e-04 3.41940904e-03 -9.34955606e-04 -8.05694703e-03 1.33206704e-04 6.23039901e-04 2.80385441e-03 -1.82387783e-04 1.07167149e-03 3.93366703e-04 -3.16275866e-03 -2.22970499e-03
1.72091485e-03 2.95599885e-02 1.48951560e-02 1.98124722e-02 4.32663830e-04 1.34568932e-02 -3.70355090e-03 -3.21077220e-02 5.38660563e-04 2.48186570e-03 1.11684324e-02 -7.26002443e-04 4.26925300e-03 1.56692509e-03 -1.25963408e-02 -8.88028182e-03
-8.65506474e-04 -2.66009010e-02 -1.28928339e-02 -1.64523683e-02 -4.19014716e-04 -1.11698611e-02 3.07557546e-03 2.59796456e-02 -5.12894825e-04 -2.02124985e-03 -9.03816801e-03 5.81016240e-04 -3.46006686e-03 -1.26747717e-03 1.01614287e-02 7.16463942e-03
5.47370582e-04 1.39843486e-02 7.32186623e-03 9.93234850e-03 1.97799091e-04 6.92852493e-03 -1.90979172e-03 -1.65675636e-02 2.66402349e-04 1.27972965e-03 5.76277170e-03 -3.75109783e-04 2.20307126e-03 8.08707962e-04 -6.50254264e-03 -4.58421232e-03
-1.99374903e-04 -2.56781261e-02 -1.69487912e-02 -2.33401395e-02 -3.75423260e-04 -1.68409534e-02 4.63622762e-03 4.06452417e-02 -6.30889146e-04 -3.14060412e-03 -1.41577981e-02 9.22681240e-04 -5.41360909e-03 -1.98755157e-03 1.59835313e-02 1.12681845e-02
1.16830575e-03 -1.54651031e-02 -1.38355400e-02 -1.95104554e-02 -2.30527716e-04 -1.43055832e-02 3.96671100e-03 3.49453688e-02 -5.33184444e-04 -2.69881869e-03 -1.21741965e-02 7.93712330e-04 -4.65565594e-03 -1.70935818e-03 1.37468418e-02 9.69134923e-03
1.28398032e-03 1.12826610e-02 6.22601667e-03 8.49886332e-03 1.89760642e-04 5.95897669e-03 -1.62036868e-03 -1.41219590e-02 2.31035869e-04 1.09326490e-03 4.91569005e-03 -3.19891871e-04 1.87955331e-03 6.89955661e-04 -5.54678636e-03 -3.91042838e-03
1.51781610e-03 5.23393042e-02 3.34466062e-02 4.83521484e-02 8.18825560e-04 3.28519642e-02 -9.05854255e-03 -7.92389587e-02 1.25143107e-03 6.12102263e-03 2.75835842e-02 -1.79706828e-03 1.05473017e-02 3.87219340e-03 -3.11383083e-02 -2.19521038e-02
1.96264032e-03 4.27698866e-02 1.82676744e-02 2.49583013e-02 6.66529522e-04 1.65109728e-02 -4.63518640e-03 -3.92818861e-02 6.81601639e-04 3.03305895e-03 1.36565333e-02 -8.89100542e-04 5.22167841e-03 1.91661983e-03 -1.54109858e-02 -1.08645353e-02
1.44744047e-03 1.76801160e-02 9.13393684e-03 1.30324867e-02 2.84317124e-04 8.59828666e-03 -2.37254798e-03 -2.06874441e-02 3.25883011e-04 1.59874652e-03 7.20515801e-03 -4.69371909e-04 2.75487523e-03 1.01136556e-03 -8.13283678e-03 -5.73354447e-03
5.66740164e-05 1.01083368e-02 5.82831865e-03 8.10966454e-03 1.66520855e-04 5.69914561e-03 -1.56773475e-03 -1.36180473e-02 2.14982691e-04 1.05290615e-03 4.73575713e-03 -3.08338000e-04 1.81057747e-03 6.64626190e-04 -5.34411473e-03 -3.76754045e-03
-1.19620803e-04 -8.78059957e-03 -5.82761317e-03 -7.96628464e-03 -1.25496386e-04 -5.74200787e-03 1.58189540e-03 1.38461813e-02 -2.15696302e-04 -1.06988905e-03 -4.82213218e-03 3.14192119e-04 -1.84386526e-03 -6.76932861e-04 5.44358697e-03 3.83766065e-03
1.00248575e-03 2.78480984e-02 1.44925108e-02 1.94685347e-02 4.77718510e-04 1.33190798e-02 -3.66213731e-03 -3.17331403e-02 5.31033322e-04 2.45704036e-03 1.10477926e-02 -7.18309544e-04 4.22413833e-03 1.55035360e-03 -1.24623813e-02 -8.78585409e-03
1.77827271e-04 7.61287054e-04 1.77698839e-03 2.66775442e-03 2.02367828e-05 1.97901321e-03 -5.48898242e-04 -4.85732825e-03 7.32023545e-05 3.75709147e-04 1.69523491e-03 -1.10556510e-04 6.48328394e-04 2.38045279e-04 -1.91447139e-03 -1.34967745e-03
-6.24619657e-04 -1.08226463e-02 -5.95514709e-03 -8.82808398e-03 -1.74716042e-04 -5.75922197e-03 1.57776487e-03 1.36785107e-02 -2.23202573e-04 -1.05864776e-03 -4.75878827e-03 3.09777824e-04 -1.81988045e-03 -6.68043154e-04 5.37094940e-03 3.78646003e-03
1.03519671e-03 2.16438733e-02 7.04384688e-03 9.79289692e-03 2.31675804e-04 6.31065201e-03 -1.74525462e-03 -1.47794569e-02 2.56864063e-04 1.14510790e-03 5.14292577e-03 -3.34006909e-04 1.96524686e-03 7.21242453e-04 -5.79750817e-03 -4.08718735e-03
-4.63574193e-04 -2.84753889e-02 -1.77878682e-02 -2.44580861e-02 -4.09122527e-04 -1.75021831e-02 4.81571304e-03 4.21929248e-02 -6.52558520e-04 -3.25974380e-03 -1.46948360e-02 9.57702287e-04 -5.61904674e-03 -2.06298544e-03 1.65902637e-02 1.16959214e-02
1.07451330e-03 2.83843894e-02 1.66073646e-02 2.27924176e-02 5.46998694e-04 1.62104964e-02 -4.43854555e-03 -3.84720787e-02 6.16757316e-04 2.97206035e-03 1.33795300e-02 -8.70993012e-04 5.11499960e-03 1.87764049e-03 -1.50971571e-02 -1.06433034e-02
-4.09280125e-04 -8.57923459e-03 -4.80979588e-03 -6.66585937e-03 -1.90888808e-04 -4.63229278e-03 1.28105748e-03 1.09220743e-02 -2.11472769e-04 -8.49407457e-04 -3.78984492e-03 2.44260882e-04 -1.45344366e-03 -5.32444217e-04 4.26758640e-03 3.00902897e-03
-8.38692009e-04 -3.38434651e-02 -1.73649173e-02 -2.42216066e-02 -5.27991797e-04 -1.66255012e-02 4.55883890e-03 3.95288356e-02 -6.34034048e-04 -3.05296388e-03 -1.37429694e-02 8.94353958e-04 -5.25376434e-03 -1.92852446e-03 1.55062312e-02 1.09317061e-02
1.05014602e-04 4.24729101e-03 2.26286543e-03 3.13039077e-03 8.51878285e-05 2.05318932e-03 -5.69718308e-04 -4.87935916e-03 8.69951036e-05 3.77709279e-04 1.69617753e-03 -1.10016896e-04 6.48390444e-04 2.37888511e-04 -1.91151805e-03 -1.34761387e-03
-1.40884425e-04 2.11642822e-03 2.48534046e-03 3.55625129e-03 4.04315469e-05 2.66970764e-03 -7.37989612e-04 -6.52152626e-03 9.72217604e-05 5.03527874e-04 2.27274862e-03 -1.48276929e-04 8.69135605e-04 3.19143874e-04 -2.56691617e-03 -1.80963916e-03
-1.36571028e-03 -5.15911318e-02 -3.03474143e-02 -4.14509177e-02 -7.48373568e-04 -2.91315541e-02 8.01107474e-03 7.00347051e-02 -1.10381213e-03 -5.41041838e-03 -2.43753958e-02 1.58788776e-03 -9.32013243e-03 -3.42156878e-03 2.75140237e-02 1.93970352e-02
1.66090816e-04 1.52346445e-02 8.19999911e-03 1.14046950e-02 2.32619263e-04 7.82392733e-03 -2.14517070e-03 -1.85597055e-02 3.04919406e-04 1.43710047e-03 6.45881239e-03 -4.19848395e-04 2.46971077e-03 9.06404923e-04 -7.28539517e-03 -5.13618207e-03
1.59874116e-03 6.73836470e-02 3.73545736e-02 5.08406088e-02 1.05515972e-03 3.50924842e-02 -9.63262562e-03 -8.36248100e-02 1.40982599e-03 6.47531403e-03 2.91024223e-02 -1.89046271e-03 1.11260209e-02 4.08323063e-03 -3.28173898e-02 -2.31360961e-02
-1.19345321e-03 -4.62719388e-02 -2.50993650e-02 -3.36356908e-02 -7.49269093e-04 -2.40707751e-02 6.59436826e-03 5.74058741e-02 -9.13589727e-04 -4.43420606e-03 -1.99679602e-02 1.30013085e-03 -7.63407443e-03 -2.80242530e-03 2.25342028e-02 1.58863291e-02
-6.39529026e-05 2.55614845e-03 1.88157172e-03 2.35856045e-03 -9.93084541e-06 1.80051953e-03 -4.95888176e-04 -4.42395126e-03 6.34205135e-05 3.41778679e-04 1.54308963e-03 -1.00723097e-04 5.90132549e-04 2.16716799e-04 -1.74312142e-03 -1.22887781e-03
-1.23032159e-03 -3.99383605e-02 -2.05409117e-02 -2.81415656e-02 -5.87043469e-04 -1.95581224e-02 5.43093123e-03 4.69404981e-02 -7.69677223e-04 -3.62366717e-03 -1.63216274e-02 1.06240972e-03 -6.24098675e-03 -2.29091872e-03 1.84198879e-02 1.29858274e-02
3.43512162e-04 2.01380029e-02 1.67870633e-02 2.35552844e-02 4.32930479e-04 1.70929655e-02 -4.70640464e-03 -4.12014723e-02 6.42092433e-04 3.18475626e-03 1.43465549e-02 -9.34582669e-04 5.48553793e-03 2.01388588e-03 -1.61943510e-02 -1.14168180e-02
