1.17056235e-03 -5.54687995e-03 1.90480482e-02 -7.41347391e-03 -1.86888520e-02 4.62525437e-04 -1.54857859e-02 4.64414954e-02 -1.87128298e-02 1.08650280e-02 -2.22685151e-02 -1.37844943e-02 -1.26915071e-02 -3.88638419e-03 7.83015694e-03 -3.78871476e-03
1.82918459e-03 7.99409673e-03 -6.48399210e-03 3.83511977e-03 5.76601131e-03 1.35158771e-05 4.82816575e-03 -1.45657128e-02 5.85266901e-03 -3.35254474e-03 6.92842295e-03 4.26930189e-03 3.94110708e-03 1.20649615e-03 -2.42935494e-03 1.17106200e-03
-2.86098686e-04 -2.85930349e-03 5.40160574e-03 -3.05014895e-03 -4.97077731e-03 -1.63020450e-05 -4.14006226e-03 1.25517370e-02 -5.02107060e-03 2.87745218e-03 -5.95391914e-03 -3.66270589e-03 -3.38756666e-03 -1.03704527e-03 2.08745617e-03 -1.00177550e-03
-1.18521787e-03 7.07041798e-03 -1.58309639e-02 6.73773047e-03 1.50368260e-02 -2.99686566e-04 1.24562429e-02 -3.73886302e-02 1.50299007e-02 -8.73641670e-03 1.79028828e-02 1.10848695e-02 1.02027319e-02 3.12423846e-03 -6.29491219e-03 3.04791797e-03
-2.58976431e-03 5.63135091e-03 -2.06335951e-02 7.79623073e-03 2.02153847e-02 -4.50057851e-04 1.67219751e-02 -5.01779728e-02 2.01890487e-02 -1.17455143e-02 2.40456276e-02 1.49007365e-02 1.37116248e-02 4.19910485e-03 -8.46091751e-03 4.09737602e-03
2.82076129e-04 -3.19418358e-03 5.31681161e-03 -2.97814794e-03 -5.03480062e-03 -6.03448570e-05 -4.21261787e-03 1.27558261e-02 -5.09859622e-03 2.93107564e-03 -6.05627429e-03 -3.72830918e-03 -3.44728283e-03 -1.05555600e-03 2.12474610e-03 -1.01945782e-03
4.72242618e-03 3.94248450e-03 -1.09750521e-03 2.53556250e-03 -6.51470153e-04 8.35615385e-04 -4.29147214e-04 7.24069774e-04 -3.32948461e-04 4.80750226e-04 -4.21181612e-04 -5.08241530e-04 -2.96877086e-04 -8.40415159e-05 1.76435249e-04 -2.38119217e-04
-1.75900001e-04 1.22112373e-03 -1.85343926e-03 1.20487507e-03 1.74736779e-03 1.19236356e-05 1.46291812e-03 -4.40841401e-03 1.77317741e-03 -1.01724139e-03 2.10651662e-03 1.29503966e-03 1.19814696e-03 3.66841297e-04 -7.38470873e-04 3.53875163e-04
8.64867121e-03 1.91181805e-02 -3.03290822e-02 1.51671246e-02 2.76626665e-02 1.01473415e-04 2.29943842e-02 -6.92516863e-02 2.79343147e-02 -1.60155687e-02 3.32235321e-02 2.03907844e-02 1.88663267e-02 5.77653479e-03 -1.16245467e-02 5.57090575e-03
-7.93281128e-04 3.65406252e-03 -8.27743951e-03 3.24786035e-03 7.82972574e-03 -1.13365939e-04 6.50619902e-03 -1.96938068e-02 7.84798432e-03 -4.55309078e-03 9.33695957e-03 5.77761140e-03 5.32139465e-03 1.62931008e-03 -3.28251906e-03 1.58776378e-03
5.42914553e-04 -1.87438633e-03 5.80226583e-03 -2.30580638e-03 -5.62717393e-03 1.18598196e-04 -4.66211373e-03 1.40156969e-02 -5.62894577e-03 3.26917809e-03 -6.70454185e-03 -4.14911378e-03 -3.82085727e-03 -1.16995070e-03 2.35707848e-03 -1.14016130e-03
-1.65424543e-04 -6.79498212e-03 1.55809764e-02 -6.70413719e-03 -1.48843536e-02 3.13680503e-04 -1.23494202e-02 3.70964371e-02 -1.49141913e-02 8.65391549e-03 -1.77504085e-02 -1.09812617e-02 -1.01155303e-02 -3.09752556e-03 6.24009874e-03 -3.01669491e-03
7.76170054e-06 2.07456830e-03 -3.29612195e-03 1.53564767e-03 3.13790492e-03 -2.72373218e-05 2.61639059e-03 -7.86446594e-03 3.16487835e-03 -1.82918459e-03 3.76390177e-03 2.32376065e-03 2.14325427e-03 6.56241318e-04 -1.32165488e-03 6.37632387e-04
-1.28336484e-04 7.84126483e-03 -1.64889228e-02 7.09963311e-03 1.56063847e-02 -1.79334107e-04 1.29816886e-02 -3.91113646e-02 1.57093629e-02 -9.08342283e-03 1.86436120e-02 1.15297064e-02 1.06252935e-02 3.25345900e-03 -6.55371696e-03 3.16627999e-03
5.91659918e-04 -7.87665136e-03 1.46031650e-02 -5.94158843e-03 -1.36092464e-02 2.66196730e-04 -1.12718223e-02 3.38217542e-02 -1.36207063e-02 7.90738408e-03 -1.61871072e-02 -1.00287534e-02 -9.22889076e-03 -2.82602687e-03 5.69441123e-03 -2.75807409e-03
-8.97916593e-03 3.22804116e-02 -1.09046362e-01 3.65197770e-02 1.06149040e-01 -3.25959758e-03 8.77016261e-02 -2.62644261e-01 1.05838738e-01 -6.16639592e-02 1.26129329e-01 7.81862289e-02 7.19272122e-02 2.20271498e-02 -4.43872437e-02 2.15044226e-02
-1.68624730e-03 3.42984870e-03 -7.60088721e-03 3.51725845e-03 7.34641356e-03 -1.34321133e-04 6.08952250e-03 -1.83300897e-02 7.34381704e-03 -4.27135965e-03 8.74582678e-03 5.41816931e-03 4.98600025e-03 1.52681430e-03 -3.07647814e-03 1.49002578e-03
-1.26882200e-03 -6.27980474e-03 1.21181840e-02 -5.63494954e-03 -1.13704838e-02 1.19636155e-04 -9.45372693e-03 2.85482015e-02 -1.14500709e-02 6.60437113e-03 -1.35899391e-02 -8.39092024e-03 -7.74085522e-03 -2.37069186e-03 4.77351528e-03 -2.30104546e-03
-7.23233912e-04 2.40255729e-04 -4.35689231e-03 1.35124498e-03 4.39502019e-03 -1.52784254e-04 3.62832611e-03 -1.08640399e-02 4.37979586e-03 -2.55319639e-03 5.22106700e-03 3.23692011e-03 2.97764293e-03 9.11888259e-04 -1.83758500e-03 8.90294265e-04
3.31826298e-03 -1.11342957e-02 4.74280640e-02 -1.58142969e-02 -4.67451587e-02 1.42562087e-03 -3.86129431e-02 1.15657561e-01 -4.66031469e-02 2.71563083e-02 -5.55457361e-02 -3.44322771e-02 -3.16757075e-02 -9.70043708e-03 1.95475314e-02 -9.47027095e-03
-1.57809351e-04 4.37617116e-03 -1.15100481e-02 4.68091061e-03 1.09997112e-02 -1.93473286e-04 9.12202336e-03 -2.74695568e-02 1.10107437e-02 -6.39041467e-03 1.31071890e-02 8.10986478e-03 7.46842986e-03 2.28680484e-03 -4.60718712e-03 2.22895225e-03
-8.78456794e-03 4.86505916e-03 -3.06729637e-02 1.01058986e-02 3.09370253e-02 -1.03844446e-03 2.55547520e-02 -7.65299350e-02 3.08456142e-02 -1.79770961e-02 3.67656052e-02 2.27923710e-02 2.09671408e-02 6.42104074e-03 -1.29392473e-02 6.26887986e-03
-5.27310185e-04 8.46708566e-03 -1.58611592e-02 7.60087604e-03 1.51176704e-02 -1.45977305e-04 1.25906551e-02 -3.79703939e-02 1.52154500e-02 -8.78194254e-03 1.80993937e-02 1.11620836e-02 1.03053600e-02 3.15653789e-03 -6.35508168e-03 3.05641908e-03
-8.68411735e-03 9.83504858e-03 1.08616333e-02 1.69547927e-03 -1.11108012e-02 8.93340679e-04 -9.07539856e-03 2.69435812e-02 -1.09102605e-02 6.44590473e-03 -1.30199175e-02 -8.14133044e-03 -7.45738903e-03 -2.28004227e-03 4.60370071e-03 -2.24834844e-03
1.24220084e-03 -1.72804168e-03 -4.39569075e-03 1.81927346e-04 4.53683641e-03 -2.39223271e-04 3.72527004e-03 -1.11227995e-02 4.49683191e-03 -2.62936670e-03 5.36613958e-03 3.33100092e-03 3.06237955e-03 9.37935431e-04 -1.89034001e-03 9.16454359e-04
1.82395463e-03 -7.61962403e-03 2.20037457e-02 -7.90956058e-03 -2.11934205e-02 6.04095811e-04 -1.75226480e-02 5.25489971e-02 -2.11430080e-02 1.23126060e-02 -2.51908656e-02 -1.56131359e-02 -1.43647436e-02 -4.39893594e-03 8.86418205e-03 -4.29413281e-03
-3.01551865e-03 1.02294302e-02 -1.30195888e-02 8.97210371e-03 1.21101653e-02 3.83433711e-04 1.02039054e-02 -3.09412461e-02 1.24037396e-02 -7.05683092e-03 1.47552686e-02 9.00297426e-03 8.36039521e-03 2.55917385e-03 -5.15079452e-03 2.44722213e-03
6.15007244e-03 -2.85728113e-03 -7.67344283e-03 1.20887719e-03 6.75036944e-03 -3.17644008e-04 5.52191772e-03 -1.65345911e-02 6.67102402e-03 -3.88503936e-03 7.94603955e-03 4.92651993e-03 4.53214627e-03 1.38788589e-03 -2.79678148e-03 1.35497411e-03
-2.29304493e-03 -4.71205730e-03 1.38061475e-02 -5.49790077e-03 -1.29717709e-02 2.62003450e-04 -1.07452888e-02 3.22842486e-02 -1.29741933e-02 7.53251044e-03 -1.54564008e-02 -9.55458637e-03 -8.80245958e-03 -2.69534718e-03 5.42952912e-03 -2.62595131e-03
1.67745515e-04 -4.56010550e-03 7.46041117e-03 -4.40896861e-03 -6.89037843e-03 -5.66161616e-05 -5.76662598e-03 1.75394025e-02 -7.00294971e-03 4.00518905e-03 -8.31791572e-03 -5.10270009e-03 -4.72797034e-03 -1.44796295e-03 2.91387900e-03 -1.39066030e-03
1.39309454e-03 -6.72842190e-03 1.06473863e-02 -5.40038664e-03 -1.02188336e-02 -8.39150744e-07 -8.54730047e-03 2.60881800e-02 -1.03673283e-02 5.94216492e-03 -1.22820940e-02 -7.56493304e-03 -7.00185820e-03 -2.14920775e-03 4.32349695e-03 -2.05609133e-03
2.67655705e-03 -1.48317101e-03 -9.37057845e-03 2.87129683e-03 9.47877578e-03 -3.63761763e-04 7.82385562e-03 -2.34123040e-02 9.44478158e-03 -5.50585333e-03 1.12577798e-02 6.98013697e-03 6.42100768e-03 1.96641940e-03 -3.96260712e-03 1.91981066e-03
-6.94484543e-03 1.29492544e-02 -4.27303016e-02 1.75968073e-02 4.18039337e-02 -1.11115328e-03 3.45765986e-02 -1.03730746e-01 4.17406522e-02 -2.42945217e-02 4.97126468e-02 3.08096129e-02 2.83489376e-02 8.68123770e-03 -1.74928810e-02 8.47309176e-03
2.46750400e-03 -1.56800728e-02 3.90403755e-02 -1.38523467e-02 -3.73819135e-02 1.09337072e-03 -3.09374277e-02 9.27415341e-02 -3.73229943e-02 2.17233170e-02 -4.44656052e-02 -2.75469106e-02 -2.53442619e-02 -7.76130054e-03 1.56395007e-02 -7.57638039e-03
-2.14773836e-03 6.14964729e-03 -1.42226089e-02 4.82930196e-03 1.37155997e-02 -3.61918123e-04 1.13496426e-02 -3.39948758e-02 1.36839431e-02 -7.97044951e-03 1.63048748e-02 1.01061156e-02 9.29704867e-03 2.84714019e-03 -5.73732657e-03 2.77959136e-03
1.00909034e-04 -5.52254356e-03 1.36626828e-02 -5.24638221e-03 -1.31197860e-02 2.63072900e-04 -1.08598089e-02 3.25873382e-02 -1.31095368e-02 7.61841377e-03 -1.56104052e-02 -9.66685917e-03 -8.89834017e-03 -2.72478373e-03 5.48996404e-03 -2.65778159e-03
-9.62652615e-04 -4.42864897e-04 -3.20515386e-03 8.49972421e-04 3.31903785e-03 -1.30472559e-04 2.73860130e-03 -8.17347597e-03 3.30550387e-03 -1.92813389e-03 3.94179951e-03 2.44421605e-03 2.24828650e-03 6.88543601e-04 -1.38752989e-03 6.72264025e-04
-3.42102163e-03 -3.15084122e-04 -3.57759669e-02 1.01876678e-02 3.65294889e-02 -1.38557563e-03 3.01419403e-02 -9.01135951e-02 3.63986827e-02 -2.12247632e-02 4.33942527e-02 2.69038063e-02 2.47476231e-02 7.57887494e-03 -1.52728520e-02 7.39997625e-03
1.18590030e-03 2.30493397e-03 -6.48250850e-03 2.44915276e-03 6.12830976e-03 -1.53149012e-04 5.07342489e-03 -1.52101284e-02 6.12445362e-03 -3.56231444e-03 7.29409978e-03 4.51829238e-03 4.15798230e-03 1.27325696e-03 -2.56556063e-03 1.24252948e-03
-1.65094412e-03 -8.03837902e-05 -5.08361403e-03 1.48939877e-03 5.20381145e-03 -1.86439400e-04 4.29557264e-03 -1.28652500e-02 5.18539129e-03 -3.02311801e-03 6.18224218e-03 3.83267715e-03 3.52573209e-03 1.07973663e-03 -2.17581354e-03 1.05414423e-03
-2.99160311e-05 -2.81851832e-03 1.88474380e-03 -1.81329716e-03 -1.48743123e-03 -1.49396379e-04 -1.28111523e-03 3.98568343e-03 -1.56147883e-03 8.70746211e-04 -1.84270367e-03 -1.11597893e-03 -1.04196928e-03 -3.18622042e-04 6.40179671e-04 -3.02599830e-04
5.84186055e-04 8.25557020e-03 -1.67991985e-02 7.91433081e-03 1.58659425e-02 -2.43084709e-04 1.32077625e-02 -3.97976488e-02 1.59426648e-02 -9.23104957e-03 1.89421307e-02 1.17200240e-02 1.07964696e-02 3.30627197e-03 -6.66051498e-03 3.21965176e-03
9.01695807e-04 -2.16052122e-03 5.08556236e-03 -2.23165308e-03 -4.89541842e-03 3.72391223e-05 -4.06739861e-03 1.22388462e-02 -4.90941899e-03 2.84727127e-03 -5.84726222e-03 -3.61521705e-03 -3.32974270e-03 -1.01958844e-03 2.05403403e-03 -9.93382419e-04
-2.89572892e-03 1.19934033e-03 -2.05648784e-02 6.32953690e-03 2.07362585e-02 -7.12205132e-04 1.71211064e-02 -5.12606688e-02 2.06650943e-02 -1.20453360e-02 2.46334597e-02 1.52714234e-02 1.40484590e-02 4.30226000e-03 -8.66961945e-03 4.20027506e-03
1.76540110e-04 -1.08399773e-02 1.73441954e-02 -8.83769989e-03 -1.63417533e-02 -1.99266942e-05 -1.36342840e-02 4.16528396e-02 -1.65938232e-02 9.49729327e-03 -1.96111239e-02 -1.20766740e-02 -1.11885583e-02 -3.43792746e-03 6.89864485e-03 -3.28220194e-03
8.11145408e-04 7.64187844e-03 -1.48120215e-02 6.55594980e-03 1.37062520e-02 5.11046965e-05 1.14041921e-02 -3.45334820e-02 1.37897944e-02 -7.95764755e-03 1.63853727e-02 1.01139685e-02 9.32301115e-03 2.85507925e-03 -5.75033203e-03 2.77661276e-03
-2.85980152e-03 3.28139998e-02 -5.35287596e-02 2.51204148e-02 5.06322309e-02 1.46781211e-04 4.22291420e-02 -1.27471521e-01 5.10210022e-02 -2.93643307e-02 6.06635064e-02 3.74145284e-02 3.45254987e-02 1.05744340e-02 -2.13046987e-02 1.02470340e-02
-1.97566021e-03 6.28113095e-03 -2.77567115e-02 9.72332619e-03 2.74425652e-02 -8.33963975e-04 2.26699896e-02 -6.79122955e-02 2.73613334e-02 -1.59420967e-02 3.26087810e-02 2.02140268e-02 1.85958445e-02 5.69482334e-03 -1.14757251e-02 5.55966469e-03
-2.89219012e-03 -4.34365403e-03 1.53382868e-02 -6.32503629e-03 -1.48522295e-02 3.43154708e-04 -1.22739086e-02 3.67715210e-02 -1.48143396e-02 8.62540305e-03 -1.76501051e-02 -1.09390197e-02 -1.00641288e-02 -3.08201159e-03 6.21047989e-03 -3.00858403e-03
-7.14702066e-04 -1.26478542e-02 4.21167463e-02 -1.34992553e-02 -4.07877602e-02 1.32519705e-03 -3.36912312e-02 1.00910276e-01 -4.06612232e-02 2.36949697e-02 -4.84626181e-02 -3.00426446e-02 -2.76373401e-02 -8.46371707e-03 1.70554314e-02 -8.26294161e-03
4.58057737e-04 -5.18676639e-03 1.74763948e-02 -5.68973832e-03 -1.71009861e-02 5.46383380e-04 -1.41278086e-02 4.23129052e-02 -1.70498006e-02 9.93463676e-03 -2.03194823e-02 -1.25961620e-02 -1.15877176e-02 -3.54864262e-03 7.15094479e-03 -3.46445199e-03
5.59204724e-04 5.84057299e-03 -7.51780812e-03 4.77731600e-03 6.83456752e-03 2.13583975e-04 5.74482791e-03 -1.74067393e-02 6.98574074e-03 -3.97576299e-03 8.28881003e-03 5.07035619e-03 4.70515760e-03 1.44041050e-03 -2.89899041e-03 1.37963088e-03
1.40042324e-03 -4.81628394e-03 1.20892655e-02 -4.90380451e-03 -1.15908831e-02 2.23710173e-04 -9.59422812e-03 2.88155135e-02 -1.15872649e-02 6.73183426e-03 -1.37934191e-02 -8.54031462e-03 -7.86063820e-03 -2.40702135e-03 4.84986277e-03 -2.34827166e-03
1.14459277e-03 -8.82286578e-04 2.08931649e-03 -9.21437168e-04 -2.24692188e-03 7.10886379e-05 -1.87154731e-03 5.60267875e-03 -2.25748774e-03 1.31702318e-03 -2.69179279e-03 -1.66937604e-03 -1.53535488e-03 -4.70209867e-04 9.47577006e-04 -4.59227595e-04
-5.67362318e-03 -2.80153775e-03 4.99563105e-03 -2.70831352e-03 -4.58667474e-03 3.12897464e-05 -3.79744498e-03 1.14433896e-02 -4.58191661e-03 2.65700673e-03 -5.44857047e-03 -3.37265641e-03 -3.10437893e-03 -9.50692745e-04 1.91539852e-03 -9.27410787e-04
-3.32407886e-03 -7.79191917e-03 1.48439985e-02 -7.49914441e-03 -1.38253346e-02 -1.89973653e-04 -1.15395878e-02 3.52131724e-02 -1.39867514e-02 8.03255010e-03 -1.66688617e-02 -1.02230124e-02 -9.45626013e-03 -2.89632613e-03 5.83110843e-03 -2.79000611e-03
-6.16517500e-05 -1.82704988e-03 5.98971080e-03 -2.42896029e-03 -5.84335858e-03 1.52332155e-04 -4.83456673e-03 1.45044122e-02 -5.83696272e-03 3.39490036e-03 -6.95264246e-03 -4.30650078e-03 -3.96344066e-03 -1.21369679e-03 2.44548311e-03 -1.18415407e-03
-3.65833170e-04 1.21523277e-03 -4.57390398e-03 1.66322745e-03 4.46872506e-03 -1.31960536e-04 3.69499670e-03 -1.10769039e-02 4.46024165e-03 -2.59603211e-03 5.31322649e-03 3.29235056e-03 3.02936626e-03 9.27687390e-04 -1.86931645e-03 9.05438967e-04
-9.46488581e-06 1.98734109e-04 -2.71174661e-03 8.68184841e-04 2.61104596e-03 -8.08804325e-05 2.15569790e-03 -6.45907968e-03 2.60196906e-03 -1.51552854e-03 3.10054002e-03 1.92163186e-03 1.76786259e-03 5.41387242e-04 -1.09094975e-03 5.28521137e-04
3.90685163e-04 -6.81992201e-03 3.09937038e-02 -1.01439841e-02 -3.00749037e-02 9.24729567e-04 -2.48457510e-02 7.44144097e-02 -2.99843308e-02 1.74713153e-02 -3.57358642e-02 -2.21522432e-02 -2.03788448e-02 -6.24084612e-03 1.25760445e-02 -6.09276909e-03
-1.13692688e-04 -2.07060832e-03 3.39537859e-03 -1.68447557e-03 -3.06296092e-03 -9.55677388e-06 -2.55377125e-03 7.71008898e-03 -3.08806403e-03 1.77960948e-03 -3.66882980e-03 -2.26249173e-03 -2.08734861e-03 -6.39019534e-04 1.28693145e-03 -6.20830222e-04
8.38160049e-04 -8.50057323e-03 1.75254736e-02 -6.32838113e-03 -1.64737031e-02 2.35933781e-04 -1.36454925e-02 4.09631915e-02 -1.64746493e-02 9.56782978e-03 -1.96191631e-02 -1.21399928e-02 -1.11738928e-02 -3.42137739e-03 6.89348532e-03 -3.33851576e-03
-1.06881373e-04 2.74974294e-03 -3.50425602e-03 1.61533535e-03 3.08691361e-03 2.75733109e-05 2.56840256e-03 -7.76262069e-03 3.10608745e-03 -1.79070339e-03 3.68751329e-03 2.27549253e-03 2.09973217e-03 6.42784347e-04 -1.29433314e-03 6.24498003e-04
-8.26308504e-04 2.05047661e-03 -2.95550213e-03 1.38758589e-03 2.70781806e-03 -3.86534084e-05 2.24785833e-03 -6.76766271e-03 2.70809280e-03 -1.57243025e-03 3.22460197e-03 1.99550297e-03 1.83690200e-03 5.62452478e-04 -1.13324134e-03 5.48712560e-04
4.21093224e-04 -1.33387931e-03 4.14501596e-03 -1.59989658e-03 -4.11239499e-03 1.05589817e-04 -3.40632931e-03 1.02113923e-02 -4.11152141e-03 2.39274278e-03 -4.89882566e-03 -3.03481496e-03 -2.79278308e-03 -8.55221762e-04 1.72324665e-03 -8.34516599e-04
-4.28212713e-03 8.30725115e-03 2.33055907e-03 2.30568834e-03 -2.93487171e-03 5.34796563e-04 -2.25097151e-03 6.36957772e-03 -2.71085487e-03 1.64501648e-03 -3.26255127e-03 -2.06711888e-03 -1.87885680e-03 -5.77269588e-04 1.16552750e-03 -5.73267404e-04
-1.10345019e-03 -4.11277125e-03 9.84054245e-03 -4.00777720e-03 -9.22446977e-03 1.93700442e-04 -7.64317904e-03 2.29461044e-02 -9.21757892e-03 5.35829086e-03 -1.09815272e-02 -6.79870648e-03 -6.25734217e-03 -1.91602425e-03 3.86070739e-03 -1.86949305e-03
3.63219995e-04 -1.55753773e-02 3.42724398e-02 -1.36634596e-02 -3.30899693e-02 8.05798569e-04 -2.73534432e-02 8.19615126e-02 -3.30121443e-02 1.92207824e-02 -3.93421203e-02 -2.43747830e-02 -2.24286895e-02 -6.86792238e-03 1.38393044e-02 -6.70328643e-03
1.50849082e-04 -2.24397308e-03 -1.32136594e-03 -8.14878789e-04 1.60764111e-03 -3.10937234e-04 1.25974382e-03 -3.59030114e-03 1.49353209e-03 -9.32898838e-04 1.79135369e-03 1.16205739e-03 1.03605213e-03 3.17194383e-04 -6.42945990e-04 3.33048432e-04
-8.19409965e-04 2.01824494e-03 -2.74811033e-03 1.41037768e-03 2.62765517e-03 3.46180605e-06 2.20330944e-03 -6.64755795e-03 2.66321586e-03 -1.53248583e-03 3.16977687e-03 1.94960868e-03 1.80195249e-03 5.51748672e-04 -1.11072138e-03 5.33557148e-04
3.92285874e-04 1.44087113e-02 -2.52341833e-02 1.09605379e-02 2.29574386e-02 -2.10538623e-04 1.90677512e-02 -5.73584661e-02 2.30678469e-02 -1.33336550e-02 2.74161529e-02 1.69365108e-02 1.56209227e-02 4.78111207e-03 -9.63182654e-03 4.64884052e-03
-6.78446377e-04 1.92225940e-04 -5.13618067e-03 1.56241143e-03 5.18793240e-03 -1.82837641e-04 4.28272784e-03 -1.28231375e-02 5.16858697e-03 -3.01394495e-03 6.16194727e-03 3.82072921e-03 3.51444748e-03 1.07629260e-03 -2.16891849e-03 1.05090823e-03
-1.35209598e-03 3.14993262e-02 -5.34967668e-02 2.38564201e-02 5.11298403e-02 -7.34273752e-04 4.24742661e-02 -1.27700701e-01 5.12580723e-02 -2.97115464e-02 6.10184036e-02 3.77249606e-02 3.47447731e-02 1.06399320e-02 -2.14338694e-02 1.03656733e-02
-1.41198270e-03 5.18546999e-03 -5.02737612e-03 2.39460543e-03 4.37473692e-03 -1.21398189e-05 3.64489714e-03 -1.09779770e-02 4.38280543e-03 -2.54666060e-03 5.21649886e-03 3.23084556e-03 2.97289691e-03 9.10363451e-04 -1.83438964e-03 8.88583716e-04
-6.13519223e-05 -3.69929615e-03 6.43846299e-03 -2.82282615e-03 -6.19189814e-03 6.73076574e-05 -5.15734358e-03 1.55031504e-02 -6.24230132e-03 3.60660697e-03 -7.41806300e-03 -4.58041485e-03 -4.22511855e-03 -1.29371008e-03 2.60559865e-03 -1.25640864e-03
7.72837782e-04 8.42420268e-04 -3.13325459e-03 1.24553079e-03 2.99140671e-03 -4.96858593e-05 2.47821328e-03 -7.46527920e-03 3.00095114e-03 -1.73527200e-03 3.56736174e-03 2.20375089e-03 2.03363504e-03 6.22852938e-04 -1.25438836e-03 6.03730325e-04
-1.84911559e-03 -6.61938684e-03 1.61380079e-02 -7.06496276e-03 -1.54254744e-02 2.78711552e-04 -1.27677871e-02 3.83477733e-02 -1.54167507e-02 8.95781256e-03 -1.83676612e-02 -1.13674542e-02 -1.04652755e-02 -3.20473965e-03 6.45657023e-03 -3.12479795e-03
-2.24047294e-03 1.16544012e-02 -2.90134680e-02 1.00145712e-02 2.77194381e-02 -7.73755542e-04 2.29237974e-02 -6.87250569e-02 2.76621003e-02 -1.61095075e-02 3.29606012e-02 2.04278864e-02 1.87937636e-02 5.75531507e-03 -1.15974462e-02 5.61842369e-03
5.30819409e-04 -5.67661179e-03 9.92833450e-03 -4.76145837e-03 -9.36204661e-03 4.29531501e-05 -7.78996805e-03 2.35023256e-02 -9.42859799e-03 5.44089824e-03 -1.12041626e-02 -6.91407779e-03 -6.37952192e-03 -1.95322465e-03 3.93333472e-03 -1.89645786e-03
-1.14125654e-03 -6.90239528e-03 1.37365293e-02 -6.55236235e-03 -1.26994858e-02 1.35661918e-04 -1.05391899e-02 3.16772200e-02 -1.27487006e-02 7.37609109e-03 -1.51574574e-02 -9.36711766e-03 -8.63314886e-03 -2.64344667e-03 5.32451039e-03 -2.57262518e-03
-3.07452120e-03 1.51555031e-03 3.43907508e-03 -3.85944033e-04 -3.53737897e-03 1.74667424e-04 -2.90184538e-03 8.64485372e-03 -3.50494497e-03 2.05026381e-03 -4.18343861e-03 -2.59700045e-03 -2.38730526e-03 -7.31162261e-04 1.47366186e-03 -7.14601658e-04
1.08819990e-03 -5.61647676e-03 1.32822813e-02 -5.45156654e-03 -1.26791662e-02 2.11244260e-04 -1.05176531e-02 3.15947235e-02 -1.26923649e-02 7.37045286e-03 -1.51019776e-02 -9.35191475e-03 -8.60841479e-03 -2.63595278e-03 5.31112822e-03 -2.57126964e-03
2.31366837e-03 2.17752252e-03 -1.16077513e-02 4.06544236e-03 1.09748309e-02 -2.56103260e-04 9.06190556e-03 -2.71548349e-02 1.09472619e-02 -6.36388129e-03 1.30318291e-02 8.07263982e-03 7.43003003e-03 2.27517053e-03 -4.58425237e-03 2.21969490e-03
4.98935929e-04 -7.13664526e-03 1.57755353e-02 -6.41675945e-03 -1.49594350e-02 3.34360317e-04 -1.23926802e-02 3.72181907e-02 -1.49568925e-02 8.69378168e-03 -1.78102162e-02 -1.10302391e-02 -1.01522841e-02 -3.10878176e-03 6.26376271e-03 -3.03300284e-03
-2.04816973e-03 3.48952645e-03 -1.35604963e-02 4.67494037e-03 1.33534055e-02 -4.20845696e-04 1.10329501e-02 -3.30425464e-02 1.33136520e-02 -7.75752962e-03 1.58672687e-02 9.83596593e-03 9.04857926e-03 2.77104042e-03 -5.58397640e-03 2.70528905e-03
-2.90267169e-04 9.43838991e-03 -2.52389479e-02 9.30764992e-03 2.45382600e-02 -6.58993144e-04 2.02849396e-02 -6.07767142e-02 2.44842842e-02 -1.42556867e-02 2.91747134e-02 1.80786848e-02 1.66333616e-02 5.09366672e-03 -1.02640539e-02 4.97218408e-03
1.69921434e-04 1.30378576e-02 -1.98181253e-02 9.98815149e-03 1.88587382e-02 -1.25757011e-04 1.57525018e-02 -4.75514606e-02 1.90136116e-02 -1.09986709e-02 2.26987172e-02 1.39755439e-02 1.28978956e-02 3.94976838e-03 -7.95444008e-03 3.82937049e-03
7.17598596e-04 4.55536181e-03 -7.71855935e-03 4.88791615e-03 7.23738689e-03 1.31138004e-04 6.10737968e-03 -1.86238885e-02 7.39789521e-03 -4.23882017e-03 8.77510291e-03 5.39402943e-03 4.99308389e-03 1.53018592e-03 -3.07915779e-03 1.47045520e-03
-5.76638500e-04 -5.97286131e-03 1.06961867e-02 -4.75064106e-03 -1.00946473e-02 1.02773891e-04 -8.38465523e-03 2.52023507e-02 -1.01360232e-02 5.86495269e-03 -1.20692980e-02 -7.44776009e-03 -6.86742086e-03 -2.10256223e-03 4.23478847e-03 -2.04437412e-03
-3.75869597e-04 4.67666832e-04 -4.81648778e-04 2.58347864e-04 4.59428615e-04 1.99928400e-06 3.84080602e-04 -1.15897565e-03 4.65095101e-04 -2.67831754e-04 5.53060265e-04 3.40510305e-04 3.14337900e-04 9.62564300e-05 -1.93807937e-04 9.33486372e-05
-5.02777519e-03 5.94915589e-03 -1.54636288e-02 6.03953516e-03 1.56914871e-02 -4.08787193e-04 1.30022690e-02 -3.89587469e-02 1.56951174e-02 -9.13820136e-03 1.87009312e-02 1.15883220e-02 1.06626991e-02 3.26532824e-03 -6.57973904e-03 3.18672019e-03
-1.48567965e-03 4.59893653e-03 -1.24674290e-02 4.84980876e-03 1.21134780e-02 -2.68710253e-04 1.00326538e-02 -3.01188845e-02 1.21193826e-02 -7.03747245e-03 1.44311748e-02 8.92896671e-03 8.22269358e-03 2.51777540e-03 -5.07253548e-03 2.45393324e-03
1.20218773e-03 -1.19614154e-02 2.48654820e-02 -9.78327822e-03 -2.35623270e-02 4.87766578e-04 -1.95432324e-02 5.87798767e-02 -2.35994346e-02 1.37049435e-02 -2.80599762e-02 -1.73817072e-02 -1.59989819e-02 -4.89903381e-03 9.87074897e-03 -4.77955025e-03
1.06692128e-03 -7.27338810e-03 2.22251229e-02 -7.48948008e-03 -2.13820953e-02 6.42470201e-04 -1.76706668e-02 5.29371947e-02 -2.13229042e-02 1.24213547e-02 -2.54109334e-02 -1.57502592e-02 -1.44896656e-02 -4.43731993e-03 8.94169696e-03 -4.33198176e-03
-2.93811696e-04 -1.02138962e-03 2.06770259e-03 -9.00004874e-04 -1.98492547e-03 4.42541677e-05 -1.64481159e-03 4.93596960e-03 -1.98527332e-03 1.15403929e-03 -2.36421032e-03 -1.46407611e-03 -1.34753704e-03 -4.12636553e-04 8.31412559e-04 -4.02576174e-04
2.88138515e-04 -1.33552719e-02 1.53094996e-02 -1.31208748e-02 -1.39672132e-02 -1.17550115e-03 -1.19668860e-02 3.74754667e-02 -1.46326479e-02 8.15817434e-03 -1.73005089e-02 -1.04636215e-02 -9.82852373e-03 -3.01846350e-03 6.07855758e-03 -2.76485737e-03
-2.36896914e-03 1.18394736e-02 -1.57592408e-02 1.11855417e-02 1.48198102e-02 9.29504749e-05 1.25031602e-02 -3.78013216e-02 1.51751786e-02 -8.64227768e-03 1.80986281e-02 1.10088252e-02 1.02467500e-02 3.15669808e-03 -6.34331163e-03 2.95040407e-03
1.92698673e-03 2.53709964e-03 -8.91915802e-03 3.38547397e-03 8.61051120e-03 -2.38448440e-04 7.11477501e-03 -2.13358309e-02 8.59255716e-03 -4.99910954e-03 1.02316597e-02 6.33999100e-03 5.83392102e-03 1.78650778e-03 -3.59978783e-03 1.74357346e-03
-6.13806653e-04 1.89357833e-03 -2.15752958e-03 1.05808163e-03 2.02638935e-03 4.15006798e-06 1.68804266e-03 -5.14216069e-03 2.03500898e-03 -1.17899000e-03 2.42328015e-03 1.49766007e-03 1.37983472e-03 4.22451965e-04 -8.50987271e-04 4.11556568e-04
-5.29649900e-04 1.43749616e-03 -1.19540989e-02 3.88203724e-03 1.18352361e-02 -3.83036939e-04 9.77450889e-03 -2.92757358e-02 1.17979674e-02 -6.87447423e-03 1.40611092e-02 8.71624239e-03 8.01851787e-03 2.45560030e-03 -4.94831614e-03 2.39730743e-03
2.94934236e-03 1.01605542e-02 -2.87376009e-02 1.09551493e-02 2.72092931e-02 -7.29961379e-04 2.24976819e-02 -6.74970374e-02 2.71679256e-02 -1.58035308e-02 3.23565677e-02 2.00434681e-02 1.84442475e-02 5.64813428e-03 -1.13808280e-02 5.51206851e-03
4.84618125e-04 -8.49878788e-03 1.19691668e-02 -6.96285954e-03 -1.12691578e-02 -1.56748079e-04 -9.46328603e-03 2.86941528e-02 -1.14796264e-02 6.57113828e-03 -1.36528835e-02 -8.36285949e-03 -7.76136061e-03 -2.37590866e-03 4.78067622e-03 -2.27426062e-03
-4.61369054e-05 3.23976227e-03 -1.02932882e-02 3.72749544e-03 9.97487921e-03 -2.81182001e-04 8.24622158e-03 -2.47264802e-02 9.95165575e-03 -5.79446880e-03 1.18574155e-02 7.34804571e-03 6.76053064e-03 2.07030238e-03 -4.17179288e-03 2.02094275e-03
1.29960873e-03 -1.78013532e-03 2.35935906e-03 -9.28666210e-04 -2.21391907e-03 4.99438465e-05 -1.83160196e-03 5.48755843e-03 -2.21044593e-03 1.28686265e-03 -2.63295695e-03 -1.63189403e-03 -1.50132179e-03 -4.59759671e-04 9.26459266e-04 -4.48833074e-04
4.91222274e-03 5.96926827e-03 -1.58035159e-02 5.54487202e-03 1.51202139e-02 -3.81981314e-04 1.24929426e-02 -3.74099649e-02 1.50771234e-02 -8.78312066e-03 1.79687068e-02 1.11373020e-02 1.02458987e-02 3.13769979e-03 -6.32281136e-03 3.06320912e-03
2.31335941e-03 5.80995623e-03 -1.88639034e-02 7.22269993e-03 1.81539990e-02 -3.95315350e-04 1.50154261e-02 -4.50296216e-02 1.81351230e-02 -1.05467513e-02 2.15963703e-02 1.33795701e-02 1.23122344e-02 3.77050391e-03 -7.59732770e-03 3.67909623e-03
-1.64047116e-03 2.76533468e-03 -1.86137538e-02 6.51163096e-03 1.85065921e-02 -6.02727116e-04 1.52865248e-02 -4.57903706e-02 1.84516069e-02 -1.07512027e-02 2.19900273e-02 1.36315599e-02 1.25403358e-02 3.84037010e-03 -7.73879141e-03 3.74921924e-03
3.81915364e-04 5.42274304e-03 -1.81493964e-02 6.68956898e-03 1.75933056e-02 -5.19028341e-04 1.45496186e-02 -4.35795076e-02 1.75578706e-02 -1.02211889e-02 2.09099744e-02 1.29605075e-02 1.19236289e-02 3.65142548e-03 -7.35797826e-03 3.56461364e-03
-8.64542555e-04 2.20318465e-03 -1.70208793e-02 5.59173711e-03 1.69749316e-02 -5.60882443e-04 1.40198478e-02 -4.19882312e-02 1.69221219e-02 -9.86135006e-03 2.01690514e-02 1.25030447e-02 1.15020210e-02 3.52240400e-03 -7.09807267e-03 3.43884085e-03
-3.45822540e-04 3.52634117e-03 -6.24402659e-03 2.82063195e-03 5.88819943e-03 -8.34067032e-05 4.88222484e-03 -1.46996025e-02 5.88559266e-03 -3.42037133e-03 7.01223919e-03 4.34184913e-03 3.99603508e-03 1.22360082e-03 -2.46543228e-03 1.19397591e-03
6.46510103e-04 -5.48799383e-03 1.08930562e-02 -4.43370268e-03 -1.02579053e-02 1.70179934e-04 -8.49962234e-03 2.55181883e-02 -1.02557866e-02 5.95981302e-03 -1.22100320e-02 -7.56130321e-03 -6.95933169e-03 -2.13101413e-03 4.29377984e-03 -2.07921513e-03
-1.65104226e-03 5.95081318e-03 -2.34770365e-02 8.54677707e-03 2.29921937e-02 -6.64203486e-04 1.90130547e-02 -5.69736883e-02 2.29569618e-02 -1.33606819e-02 2.73477156e-02 1.69447958e-02 1.55923115e-02 4.77488758e-03 -9.62136406e-03 4.65969183e-03
1.69407995e-03 1.59960066e-04 8.78423962e-05 -1.36498238e-05 -1.84434684e-04 1.42589597e-05 -1.51862929e-04 4.48889128e-04 -1.83656506e-04 1.07377229e-04 -2.19186477e-04 -1.36041519e-04 -1.25111124e-04 -3.83163424e-05 7.72192798e-05 -3.74191040e-05
-5.28712815e-04 -2.96557788e-03 6.82193879e-03 -3.81353078e-03 -6.48814859e-03 1.00078338e-04 -5.37559297e-03 1.61360428e-02 -6.48982543e-03 3.76903196e-03 -7.72168068e-03 -4.78339847e-03 -4.40260302e-03 -1.34820538e-03 2.71645677e-03 -1.31521618e-03
1.52049656e-03 -3.59145924e-03 1.16433278e-02 -4.36102925e-03 -1.13659231e-02 3.10170260e-04 -9.39832721e-03 2.81539205e-02 -1.13424240e-02 6.60154736e-03 -1.35124438e-02 -8.37236177e-03 -7.70336157e-03 -2.35903007e-03 4.75353142e-03 -2.30256841e-03
2.29581259e-03 -4.43489244e-03 1.81862283e-02 -6.18716236e-03 -1.79061107e-02 5.62082452e-04 -1.47920083e-02 4.43057902e-02 -1.78525224e-02 1.04027195e-02 -2.12770253e-02 -1.31897228e-02 -1.21337855e-02 -3.71586950e-03 7.48792151e-03 -3.62770585e-03
2.18013395e-03 1.27407797e-02 -3.27671394e-02 1.27366940e-02 3.12335696e-02 -5.36639011e-04 2.58651190e-02 -7.76732117e-02 3.12013887e-02 -1.81519520e-02 3.71667854e-02 2.30247136e-02 2.11860947e-02 6.48777792e-03 -1.30729163e-02 6.33218652e-03
-7.81224750e-04 -1.31254701e-03 3.22098844e-03 -1.50911883e-03 -3.04647419e-03 1.25220758e-05 -2.54582358e-03 7.72934314e-03 -3.08751618e-03 1.77242013e-03 -3.66548006e-03 -2.25537922e-03 -2.09091045e-03 -6.40246551e-04 1.28817535e-03 -6.13758690e-04
-1.68815558e-03 -6.61924342e-03 5.28461765e-03 -3.62157635e-03 -4.40205820e-03 -9.52212722e-05 -3.66806705e-03 1.11351255e-02 -4.41965088e-03 2.55677383e-03 -5.25680929e-03 -3.24787013e-03 -2.99148634e-03 -9.15880024e-04 1.84508425e-03 -8.92938406e-04
-4.93090774e-04 1.18606503e-03 -4.11250303e-03 1.64000108e-03 4.00836626e-03 -1.10977358e-04 3.31708463e-03 -9.95121058e-03 4.00582235e-03 -2.32922100e-03 4.77055088e-03 2.95448513e-03 2.71923374e-03 8.32689111e-04 -1.67779624e-03 8.12341867e-04
3.56419652e-04 3.00246407e-04 -1.63782970e-03 5.77247702e-04 1.56812009e-03 -4.09251734e-05 1.29544525e-03 -3.88410897e-03 1.56429736e-03 -9.09900991e-04 1.86320394e-03 1.15413743e-03 1.06212019e-03 3.25246801e-04 -6.55357784e-04 3.17368365e-04
3.23034776e-03 -1.11940932e-02 3.73455882e-02 -1.36456182e-02 -3.62256281e-02 1.05635507e-03 -2.99372226e-02 8.97551179e-02 -3.61353531e-02 2.10446436e-02 -4.30561230e-02 -2.66860481e-02 -2.45512761e-02 -7.51849776e-03 1.51504111e-02 -7.33959256e-03
-1.67782605e-03 1.81795796e-03 -2.45479145e-03 1.52036338e-03 2.59476225e-03 -4.41026132e-05 2.16945587e-03 -6.50829636e-03 2.61779712e-03 -1.52262137e-03 3.11917439e-03 1.93158328e-03 1.77802774e-03 5.44488023e-04 -1.09704607e-03 5.30963531e-04
-6.47469098e-03 1.19209299e-02 -3.57632898e-02 1.40008610e-02 3.50483432e-02 -9.18600068e-04 2.89920047e-02 -8.69696885e-02 3.50165926e-02 -2.03631464e-02 4.17069048e-02 2.58308407e-02 2.37732548e-02 7.28009548e-03 -1.46686817e-02 7.10240100e-03
1.51587208e-03 -8.55291076e-03 2.02577040e-02 -7.39865424e-03 -1.94564834e-02 4.18027077e-04 -1.61049236e-02 4.83669862e-02 -1.94358490e-02 1.13084000e-02 -2.31532846e-02 -1.43435374e-02 -1.31984176e-02 -4.04168013e-03 8.14401638e-03 -3.94471409e-03
-3.33314948e-03 -2.21584062e-03 7.23953266e-03 -2.73710280e-03 -6.30696537e-03 1.41592245e-04 -5.20908786e-03 1.56269670e-02 -6.28885860e-03 3.65478918e-03 -7.48469215e-03 -4.63580713e-03 -4.26641339e-03 -1.30640960e-03 2.63236184e-03 -1.27485394e-03
-9.10974341e-05 -4.92772786e-03 7.33730989e-03 -3.29074217e-03 -6.91531831e-03 1.48032879e-04 -5.73788024e-03 1.72510743e-02 -6.92454726e-03 4.02096473e-03 -8.23519286e-03 -5.10041835e-03 -4.69439104e-03 -1.43748301e-03 2.89632799e-03 -1.40254386e-03
-1.44519075e-03 -9.17380769e-03 5.21518663e-03 -4.51084645e-03 -4.39016940e-03 -1.89712810e-04 -3.67743266e-03 1.11655742e-02 -4.42767655e-03 2.55165389e-03 -5.26353624e-03 -3.24875582e-03 -2.99367215e-03 -9.16588120e-04 1.84627925e-03 -8.92910059e-04
