1.78040890e-03 -7.17799924e-03 2.88775051e-03 -4.66542970e-03 -1.33931555e-03 -1.40632014e-03 -1.11622158e-02 3.86664607e-02 -1.30751496e-03 7.35717919e-03 -1.61070600e-02 -1.40382908e-03 -6.74504414e-03 -4.22247266e-03 1.49567993e-02 1.65099688e-02
-4.32575354e-04 7.48236023e-04 -3.04566580e-04 4.61633375e-04 1.29167965e-04 1.41299883e-04 1.11832877e-03 -3.92205454e-03 1.32208123e-04 -7.48045975e-04 1.63714658e-03 1.42711899e-04 6.86439918e-04 4.29634470e-04 -1.52258168e-03 -1.68092758e-03
9.03651584e-04 -3.28088668e-03 1.30476290e-03 -2.25970754e-03 -6.12053729e-04 -5.97414153e-04 -4.77446336e-03 1.63904186e-02 -5.50348486e-04 3.09664593e-03 -6.75956812e-03 -5.88907104e-04 -2.82533397e-03 -1.76996482e-03 6.26003137e-03 6.90700952e-03
-8.14408297e-04 1.03738494e-02 -3.72807495e-03 6.78455364e-03 1.86858000e-03 2.13809288e-03 1.67600326e-02 -5.91571517e-02 1.98967778e-03 -1.12777893e-02 2.47196965e-02 2.15508090e-03 1.03714680e-02 6.49022870e-03 -2.30096988e-02 -2.54056305e-02
-3.01954715e-04 -9.41765145e-04 2.95812177e-04 -6.82144542e-04 -1.79430514e-04 -2.26277523e-04 -1.78499927e-03 6.36628037e-03 -2.14557207e-04 1.21711812e-03 -2.67088925e-03 -2.32934020e-04 -1.12142682e-03 -7.01705401e-04 2.48832582e-03 2.74758670e-03
6.10193820e-04 -9.56135336e-04 4.71301144e-04 -6.03480905e-04 -1.79048919e-04 -1.52268825e-04 -1.23470637e-03 4.10293648e-03 -1.37224255e-04 7.67908117e-04 -1.66942819e-03 -1.45402519e-04 -6.94797549e-04 -4.36096423e-04 1.53692602e-03 1.69399381e-03
-2.13126012e-04 2.80121295e-03 -1.49960397e-03 2.00518849e-03 6.34640688e-04 5.26523741e-04 4.40793438e-03 -1.49210505e-02 5.03525254e-04 -2.85291136e-03 6.19682716e-03 5.38807653e-04 2.56808987e-03 1.61790673e-03 -5.68424957e-03 -6.25263760e-03
-6.15170342e-04 1.14808755e-03 -5.42302732e-04 8.49794422e-04 2.31132974e-04 2.26323100e-04 1.80119567e-03 -6.20726729e-03 2.09721184e-04 -1.18397549e-03 2.58537848e-03 2.25252574e-04 1.08090811e-03 6.77134260e-04 -2.39545433e-03 -2.64305715e-03
-1.10463169e-03 7.19427271e-03 -2.66530761e-03 4.88379039e-03 1.32233859e-03 1.54409499e-03 1.20924776e-02 -4.25682440e-02 1.43838068e-03 -8.13546125e-03 1.78181902e-02 1.55192020e-03 7.45929219e-03 4.67048073e-03 -1.65397823e-02 -1.82566065e-02
-2.97594117e-04 5.80647076e-03 -2.24250369e-03 3.65657499e-03 1.10471377e-03 1.17104535e-03 9.28198546e-03 -3.25407311e-02 1.08421012e-03 -6.13057986e-03 1.34339919e-02 1.17141078e-03 5.63403592e-03 3.52600263e-03 -1.24965897e-02 -1.37963900e-02
4.90844017e-04 -3.82133271e-03 1.41556934e-03 -2.42722710e-03 -7.15869828e-04 -7.25475606e-04 -5.71098831e-03 1.99786369e-02 -6.69142464e-04 3.78916180e-03 -8.28994717e-03 -7.22381053e-04 -3.47305578e-03 -2.17392133e-03 7.70167075e-03 8.50192178e-03
2.17480166e-03 -8.44856817e-03 3.25593003e-03 -5.44304028e-03 -1.55371847e-03 -1.65638025e-03 -1.31053310e-02 4.58130687e-02 -1.54120999e-03 8.71144608e-03 -1.90874450e-02 -1.66438613e-03 -8.00110865e-03 -5.00853779e-03 1.77449640e-02 1.95888579e-02
-4.78581089e-04 1.44125475e-03 -6.18603081e-04 9.09403549e-04 2.74551130e-04 2.79706117e-04 2.20005494e-03 -7.67506147e-03 2.58958869e-04 -1.46311277e-03 3.20149329e-03 2.79083324e-04 1.34075282e-03 8.39420245e-04 -2.97283451e-03 -3.28139192e-03
-1.63661805e-03 9.31898691e-03 -3.78997484e-03 5.91268810e-03 1.78595807e-03 1.82107906e-03 1.44020645e-02 -5.01509011e-02 1.68855442e-03 -9.49748699e-03 2.07968038e-02 1.81374175e-03 8.71758349e-03 5.45737799e-03 -1.93318278e-02 -2.13393364e-02
7.27590173e-04 -1.37529848e-02 5.23472717e-03 -8.82988423e-03 -2.39287573e-03 -2.84174643e-03 -2.22965796e-02 7.87005052e-02 -2.65271077e-03 1.49987778e-02 -3.28877717e-02 -2.86811660e-03 -1.38038322e-02 -8.63781385e-03 3.06258332e-02 3.38154137e-02
3.50118428e-03 5.37280887e-02 -1.71512328e-02 3.31457891e-02 8.99326615e-03 1.09959356e-02 8.60816240e-02 -3.05553883e-01 1.02923959e-02 -5.83636239e-02 1.27992094e-01 1.11625148e-02 5.37328757e-02 3.36234644e-02 -1.19222671e-01 -1.31642014e-01
-3.73515417e-04 4.32275608e-03 -1.44788693e-03 2.82221427e-03 7.73262698e-04 8.38325359e-04 6.58191415e-03 -2.31332444e-02 7.73033127e-04 -4.37841844e-03 9.59370099e-03 8.36499443e-04 4.02523857e-03 2.51888297e-03 -8.92989617e-03 -9.85968579e-03
1.20700104e-03 -8.82770494e-03 3.17165442e-03 -5.77420415e-03 -1.65695371e-03 -1.78537623e-03 -1.40745752e-02 4.94306423e-02 -1.66314945e-03 9.39066894e-03 -2.05630679e-02 -1.79269235e-03 -8.62078182e-03 -5.39695704e-03 1.91194415e-02 2.11061873e-02
7.94855994e-04 2.19716947e-03 -6.41926366e-04 1.57191465e-03 4.26464801e-04 5.29828772e-04 4.14859923e-03 -1.47661325e-02 4.97381960e-04 -2.82085058e-03 6.18667249e-03 5.39548695e-04 2.59730383e-03 1.62526604e-03 -5.76290116e-03 -6.36321725e-03
-2.48171389e-03 -2.35959645e-02 6.95936708e-03 -1.56229846e-02 -4.29897429e-03 -5.22837369e-03 -4.08172272e-02 1.45273402e-01 -4.89239860e-03 2.77504195e-02 -6.08593374e-02 -5.30754216e-03 -2.55494583e-02 -1.59876123e-02 5.66892698e-02 6.25945628e-02
-8.69881478e-04 5.04996628e-03 -1.96519215e-03 3.23275360e-03 9.26558219e-04 1.00195536e-03 7.90995732e-03 -2.76832581e-02 9.27042216e-04 -5.24426810e-03 1.14880400e-02 1.00145000e-03 4.81582480e-03 3.01399594e-03 -1.06816255e-02 -1.17926318e-02
-1.62534090e-03 1.38658891e-02 -4.62763896e-03 8.55308305e-03 2.33143894e-03 2.64698151e-03 2.07592417e-02 -7.31685311e-02 2.46213679e-03 -1.39525477e-02 3.05901859e-02 2.66750343e-03 1.28375925e-02 8.03347677e-03 -2.84816381e-02 -3.14475931e-02
-1.52649672e-03 5.14658075e-03 -2.00214610e-03 3.18424567e-03 9.24123568e-04 9.14042583e-04 7.34497886e-03 -2.51106564e-02 8.42190813e-04 -4.75335261e-03 1.03829475e-02 9.04741697e-04 4.34114086e-03 2.72061676e-03 -9.62093938e-03 -1.06152389e-02
-3.17572057e-03 2.85637192e-03 -1.05527823e-03 1.98719301e-03 5.05145348e-04 5.79465355e-04 4.55227448e-03 -1.60841625e-02 5.41644637e-04 -3.06967599e-03 6.72308635e-03 5.86083625e-04 2.81714648e-03 1.76427769e-03 -6.24913350e-03 -6.89830678e-03
3.94912844e-04 -6.72955415e-04 2.34327570e-04 -4.49957734e-04 -1.14866743e-04 -1.09977271e-04 -8.62856745e-04 3.00063984e-03 -1.00676938e-04 5.69281285e-04 -1.24633848e-03 -1.08610853e-04 -5.22355898e-04 -3.26908223e-04 1.15859217e-03 1.27912348e-03
-1.33934035e-03 -1.40370848e-02 4.54311818e-03 -8.93601123e-03 -2.46965629e-03 -2.92083481e-03 -2.28956100e-02 8.12275857e-02 -2.73244176e-03 1.54918116e-02 -3.39717828e-02 -2.96271755e-03 -1.42611032e-02 -8.92387610e-03 3.16417664e-02 3.49376872e-02
-3.38244229e-03 8.64466280e-03 -4.24284581e-03 5.76448906e-03 1.75425573e-03 1.51920202e-03 1.20794531e-02 -4.10174988e-02 1.38543791e-03 -7.79207889e-03 1.70187540e-02 1.47735176e-03 7.07535120e-03 4.43611294e-03 -1.56663638e-02 -1.72732063e-02
2.27164011e-03 5.00604417e-03 -1.64272985e-03 3.56051838e-03 9.86688188e-04 1.16674497e-03 9.09575727e-03 -3.21839191e-02 1.08505564e-03 -6.14678115e-03 1.34691745e-02 1.17385993e-03 5.64669957e-03 3.53417103e-03 -1.25250220e-02 -1.38275316e-02
1.81943190e-03 -4.10993211e-03 1.77245960e-03 -2.61246390e-03 -7.34256697e-04 -7.65448727e-04 -6.07632240e-03 2.10516118e-02 -7.06657476e-04 3.98597447e-03 -8.75177979e-03 -7.63199467e-04 -3.66043695e-03 -2.29176297e-03 8.11536983e-03 8.95764120e-03
1.99401565e-03 -2.75633740e-03 1.59762288e-03 -1.84997357e-03 -5.66163682e-04 -4.38301562e-04 -3.51617951e-03 1.19582806e-02 -3.99899436e-04 2.24448438e-03 -4.87846788e-03 -4.24521248e-04 -2.02793395e-03 -1.27287221e-03 4.48752288e-03 4.94614104e-03
1.78865599e-03 -6.76064286e-03 2.87130289e-03 -4.25293064e-03 -1.26313255e-03 -1.24281272e-03 -1.00035500e-02 3.45980525e-02 -1.15348550e-03 6.48123212e-03 -1.40973404e-02 -1.22960948e-03 -5.89946238e-03 -3.70806269e-03 1.30765755e-02 1.44139556e-02
-1.10724661e-03 -9.54574626e-03 3.08652641e-03 -6.25046808e-03 -1.70702580e-03 -2.09502387e-03 -1.63616072e-02 5.81897013e-02 -1.95843168e-03 1.11063858e-02 -2.43575778e-02 -2.12408905e-03 -1.02244569e-02 -6.39792066e-03 2.26857476e-02 2.50488948e-02
1.11875869e-03 2.73951069e-02 -8.99046380e-03 1.85159948e-02 4.98216087e-03 5.60582569e-03 4.38361689e-02 -1.55157268e-01 5.21573238e-03 -2.95359213e-02 6.47362694e-02 5.64610399e-03 2.71727424e-02 1.70038138e-02 -6.02843054e-02 -6.65618256e-02
1.76100526e-04 -2.15212740e-02 7.40745105e-03 -1.32732522e-02 -3.77831375e-03 -4.33817133e-03 -3.42259333e-02 1.20757237e-01 -4.06354666e-03 2.30199788e-02 -5.04978001e-02 -4.40225378e-03 -2.11891923e-02 -1.32592218e-02 4.70133163e-02 5.19103408e-02
-7.33728870e-04 4.61410685e-03 -1.40083674e-03 2.66963849e-03 7.78947782e-04 8.87595175e-04 6.98391441e-03 -2.45921500e-02 8.27402284e-04 -4.68996260e-03 1.02865845e-02 8.96986574e-04 4.31798119e-03 2.70197750e-03 -9.58075467e-03 -1.05787814e-02
1.66390091e-04 -7.76626822e-03 2.51648785e-03 -4.70645400e-03 -1.33134285e-03 -1.49715715e-03 -1.17115276e-02 4.12228666e-02 -1.38681324e-03 7.85700511e-03 -1.72098354e-02 -1.50048686e-03 -7.21980212e-03 -4.51816013e-03 1.60161369e-02 1.76832750e-02
1.90350809e-03 2.08874489e-03 -5.33635495e-04 1.66904391e-03 4.54770256e-04 5.88831259e-04 4.61140834e-03 -1.64398141e-02 5.55147009e-04 -3.15039279e-03 6.91076973e-03 6.02749467e-04 2.90178438e-03 1.81579520e-03 -6.43869303e-03 -7.10946461e-03
4.05962637e-05 1.37818308e-04 -1.29055006e-05 1.51963395e-04 4.40553631e-05 6.08296214e-05 4.73923137e-04 -1.71025121e-03 5.80746491e-05 -3.29364208e-04 7.23576231e-04 6.31096118e-05 3.03837442e-04 1.90119550e-04 -6.74223003e-04 -7.44473771e-04
5.98301878e-04 8.09282355e-04 -1.35442882e-04 7.62915064e-04 1.71878171e-04 2.83118425e-04 2.21186527e-03 -7.99917337e-03 2.69605196e-04 -1.53304555e-03 3.36468895e-03 2.93581630e-04 1.41410297e-03 8.84824549e-04 -3.13831517e-03 -3.46547086e-03
8.81704254e-05 -1.34755828e-04 3.23098539e-05 -1.30668923e-04 -3.39819235e-05 -4.93737170e-05 -3.85846215e-04 1.39352132e-03 -4.69246661e-05 2.66605435e-04 -5.85074129e-04 -5.10298305e-05 -2.45676492e-04 -1.53732457e-04 5.45131043e-04 6.01922686e-04
6.03482360e-04 -3.08556971e-03 1.26120111e-03 -2.07457785e-03 -6.19024737e-04 -6.19608327e-04 -4.89088055e-03 1.70788188e-02 -5.73323981e-04 3.23969289e-03 -7.09113106e-03 -6.17877464e-04 -2.96916440e-03 -1.85882708e-03 6.58313883e-03 7.26634776e-03
-3.03869136e-03 1.35291610e-02 -4.93516633e-03 8.86929967e-03 2.64360104e-03 2.66589434e-03 2.12409534e-02 -7.38621503e-02 2.47783912e-03 -1.40030421e-02 3.06480527e-02 2.67322478e-03 1.28546515e-02 8.04634485e-03 -2.85133924e-02 -3.14777680e-02
1.64184684e-03 -2.58348184e-03 1.05146319e-03 -1.78776158e-03 -5.23047231e-04 -5.40732639e-04 -4.25052596e-03 1.48640703e-02 -4.98611480e-04 2.82451999e-03 -6.18422590e-03 -5.38793684e-04 -2.59097759e-03 -1.62166043e-03 5.74686984e-03 6.34456566e-03
-1.31462014e-03 3.80180078e-03 -1.51734520e-03 2.34807632e-03 6.46626228e-04 7.09213025e-04 5.54559380e-03 -1.96200628e-02 6.59500365e-04 -3.73425125e-03 8.18552542e-03 7.13707472e-04 3.43519123e-03 2.14957050e-03 -7.62145175e-03 -8.41523428e-03
3.41390143e-03 -1.09230736e-02 4.40752972e-03 -6.91626035e-03 -2.03332515e-03 -2.02242332e-03 -1.60320122e-02 5.61566316e-02 -1.88080990e-03 1.05205709e-02 -2.29718443e-02 -2.00761529e-03 -9.62304045e-03 -6.05093455e-03 2.13199835e-02 2.35147607e-02
-2.10372405e-03 8.24985001e-03 -3.31520895e-03 5.12290141e-03 1.55296468e-03 1.58309366e-03 1.24453437e-02 -4.33898643e-02 1.45219173e-03 -8.20089784e-03 1.79456584e-02 1.56269281e-03 7.51438737e-03 4.70420253e-03 -1.66657753e-02 -1.83973592e-02
-5.99500630e-03 3.03933211e-02 -1.07644107e-02 1.89122893e-02 5.66681800e-03 5.81984827e-03 4.60670739e-02 -1.59512490e-01 5.35357650e-03 -3.04018203e-02 6.62114397e-02 5.76750375e-03 2.77261771e-02 1.73619781e-02 -6.14935271e-02 -6.78650960e-02
2.24692491e-03 1.31932013e-02 -3.77335283e-03 8.91451351e-03 2.41840258e-03 2.93681957e-03 2.29429081e-02 -8.16309899e-02 2.74889753e-03 -1.55909248e-02 3.41898836e-02 2.98175146e-03 1.43536162e-02 8.98179971e-03 -3.18478234e-02 -3.51653807e-02
1.06776133e-06 -5.73451864e-03 1.75873528e-03 -3.91180627e-03 -1.00860337e-03 -1.18444441e-03 -9.20502096e-03 3.26348618e-02 -1.09920732e-03 6.23254944e-03 -1.36620542e-02 -1.19139231e-03 -5.73462760e-03 -3.58848530e-03 1.27236377e-02 1.40489256e-02
-1.30396034e-03 -1.48021542e-02 4.60833497e-03 -8.69395118e-03 -2.38971855e-03 -2.92139035e-03 -2.28794198e-02 8.13975334e-02 -2.74121040e-03 1.55474525e-02 -3.40988897e-02 -2.97384174e-03 -1.43157691e-02 -8.95809941e-03 3.17639709e-02 3.50728258e-02
-8.82923778e-05 -1.59457291e-03 4.77905443e-04 -8.93828692e-04 -2.48857483e-04 -2.98496394e-04 -2.34070770e-03 8.30343552e-03 -2.79612315e-04 1.58543931e-03 -3.47705535e-03 -3.03235807e-04 -1.45973486e-03 -9.13429481e-04 3.23886261e-03 3.57625238e-03
-2.08740402e-03 4.97375242e-03 -2.42551044e-03 3.31316330e-03 9.71116708e-04 9.01092717e-04 7.16633163e-03 -2.45546419e-02 8.29387340e-04 -4.66904603e-03 1.01957312e-02 8.87246279e-04 4.25512530e-03 2.66620843e-03 -9.42753069e-03 -1.03995800e-02
4.96084453e-04 -5.40744420e-03 1.92501303e-03 -3.42060626e-03 -9.23465879e-04 -1.06967182e-03 -8.36027507e-03 2.94858739e-02 -9.91798704e-04 5.61224390e-03 -1.23026371e-02 -1.07240758e-03 -5.16055524e-03 -3.22934636e-03 1.14485985e-02 1.26406159e-02
6.53424242e-04 -2.08857958e-03 8.40437133e-04 -1.40212511e-03 -4.03746322e-04 -4.29431588e-04 -3.37688532e-03 1.18631143e-02 -3.98519885e-04 2.25532870e-03 -4.93980711e-03 -4.30437824e-04 -2.06974568e-03 -1.29544782e-03 4.59037023e-03 5.06761856e-03
8.88302340e-04 -3.01465555e-03 8.89513409e-04 -1.97327626e-03 -5.37116837e-04 -5.83498448e-04 -4.57025319e-03 1.61223095e-02 -5.41682180e-04 3.06843687e-03 -6.72488939e-03 -5.86393639e-04 -2.82199844e-03 -1.76596397e-03 6.26109866e-03 6.91314600e-03
3.53652332e-03 -7.99483154e-03 3.56246671e-03 -5.30980341e-03 -1.56137103e-03 -1.55042124e-03 -1.22294324e-02 4.27529067e-02 -1.42307382e-03 8.03139620e-03 -1.75806917e-02 -1.52780779e-03 -7.32464017e-03 -4.59066173e-03 1.62324738e-02 1.79074164e-02
4.39078547e-04 -3.23556457e-03 1.09512464e-03 -2.16545467e-03 -5.85837057e-04 -6.61350612e-04 -5.18460805e-03 1.82966180e-02 -6.15357072e-04 3.48538742e-03 -7.63623603e-03 -6.65770494e-04 -3.20311496e-03 -2.00453470e-03 7.10563548e-03 7.84525368e-03
4.59928764e-04 4.57813032e-03 -1.45716639e-03 3.01043759e-03 8.45597242e-04 9.66011605e-04 7.58905103e-03 -2.68615484e-02 9.04211483e-04 -5.12352167e-03 1.12323044e-02 9.79450531e-04 4.71394369e-03 2.94982875e-03 -1.04585700e-02 -1.15477480e-02
1.49741862e-03 3.96858016e-03 -1.17088482e-03 2.74902629e-03 7.58927898e-04 9.20391700e-04 7.21133268e-03 -2.56010685e-02 8.62070126e-04 -4.88629797e-03 1.07175568e-02 9.34533542e-04 4.49847244e-03 2.81492458e-03 -9.98106319e-03 -1.10207461e-02
2.00442970e-04 -3.79783195e-03 1.42172119e-03 -2.27326690e-03 -6.36945595e-04 -7.51956773e-04 -5.87641867e-03 2.08362658e-02 -7.01552664e-04 3.97832971e-03 -8.72460101e-03 -7.60853523e-04 -3.66250821e-03 -2.29181466e-03 8.12634639e-03 8.97286087e-03
-6.80732774e-06 -1.04255136e-03 4.01378842e-04 -6.92979898e-04 -1.99524220e-04 -2.18413596e-04 -1.71799120e-03 6.02564355e-03 -2.02690673e-04 1.14680675e-03 -2.51186290e-03 -2.18928893e-04 -1.05293060e-03 -6.59004494e-04 2.33542989e-03 2.57830578e-03
2.14645127e-03 -3.94105073e-03 1.61033298e-03 -2.08771136e-03 -6.35056524e-04 -6.72802329e-04 -5.25087863e-03 1.83448624e-02 -6.16977166e-04 3.48876929e-03 -7.64872879e-03 -6.66117528e-04 -3.20470450e-03 -2.00532470e-03 7.10889883e-03 7.84917176e-03
-2.85910006e-04 -1.10627525e-03 2.10038474e-04 -1.06755714e-03 -2.70121702e-04 -3.83538078e-04 -2.99867126e-03 1.08177131e-02 -3.65050684e-04 2.07560812e-03 -4.55685519e-03 -3.97473050e-04 -1.91503589e-03 -1.19812496e-03 4.25051106e-03 4.69390117e-03
-4.29971749e-03 1.26271676e-02 -4.40216996e-03 7.73257436e-03 2.14258209e-03 2.37112003e-03 1.87410079e-02 -6.56995028e-02 2.20359070e-03 -1.24849267e-02 2.73678005e-02 2.38564657e-03 1.14800967e-02 7.18383491e-03 -2.54688077e-02 -2.81209145e-02
-7.58766895e-04 -2.23598816e-03 5.64033166e-04 -1.76200666e-03 -4.68499231e-04 -6.19328464e-04 -4.84457798e-03 1.73473787e-02 -5.84688212e-04 3.31805483e-03 -7.28038279e-03 -6.35066419e-04 -3.05789709e-03 -1.91341084e-03 6.78554457e-03 7.49265822e-03
-2.72940588e-03 7.84208532e-03 -3.09513859e-03 5.06687909e-03 1.55838020e-03 1.53205148e-03 1.21173039e-02 -4.23073471e-02 1.41573988e-03 -8.00044183e-03 1.75299589e-02 1.52681430e-03 7.34241959e-03 4.59488947e-03 -1.62810422e-02 -1.79732200e-02
8.28055199e-05 -5.14069386e-03 1.91763905e-03 -3.26473988e-03 -9.13056720e-04 -1.01910660e-03 -8.03435501e-03 2.81939954e-02 -9.46964428e-04 5.36685903e-03 -1.17621226e-02 -1.02508301e-03 -4.93275141e-03 -3.08674434e-03 1.09430403e-02 1.20823085e-02
1.39201945e-03 -1.74917262e-02 5.35846036e-03 -1.08226798e-02 -2.83589051e-03 -3.42358183e-03 -2.66954228e-02 9.46403518e-02 -3.18692415e-03 1.80681609e-02 -3.96249369e-02 -3.45511967e-03 -1.66290887e-02 -1.04053989e-02 3.68938558e-02 4.07365821e-02
3.43573105e-04 -1.20541803e-03 5.52218640e-04 -7.77193694e-04 -2.47295131e-04 -2.06153956e-04 -1.67379715e-03 5.63707622e-03 -1.88990118e-04 1.06464699e-03 -2.31937692e-03 -2.01781309e-04 -9.64219391e-04 -6.05261128e-04 2.13360111e-03 2.35160231e-03
2.55966443e-04 2.01961119e-03 -6.00772153e-04 1.32090820e-03 3.84502811e-04 4.32914007e-04 3.40621662e-03 -1.19368639e-02 4.01886762e-04 -2.27506855e-03 4.98285145e-03 4.34285961e-04 2.08753836e-03 1.30687200e-03 -4.62952442e-03 -5.11038490e-03
-2.98791658e-03 1.28067369e-02 -6.68911636e-03 7.69180246e-03 2.22924375e-03 2.32652691e-03 1.82889085e-02 -6.37739673e-02 2.14955420e-03 -1.21369576e-02 2.65549049e-02 2.31531006e-03 1.11270789e-02 6.96413126e-03 -2.46706456e-02 -2.72311736e-02
-8.87365313e-05 5.62639674e-03 -1.85235962e-03 3.51301930e-03 1.00747100e-03 1.10315857e-03 8.64145812e-03 -3.05354726e-02 1.02906569e-03 -5.82870189e-03 1.27722602e-02 1.11362233e-03 5.35870064e-03 3.35339317e-03 -1.18882405e-02 -1.31259924e-02
-8.12625885e-03 3.87605242e-02 -1.27242208e-02 2.43008211e-02 6.86668791e-03 7.59170018e-03 5.99674173e-02 -2.09719270e-01 7.04902736e-03 -3.99116129e-02 8.74336436e-02 7.61882961e-03 3.66501920e-02 2.29387227e-02 -8.12999755e-02 -8.97589102e-02
-2.22779345e-05 7.67539395e-03 -2.48094532e-03 4.89433063e-03 1.41150691e-03 1.59766048e-03 1.25478180e-02 -4.43298481e-02 1.49004033e-03 -8.44721217e-03 1.85239762e-02 1.61533919e-03 7.77562009e-03 4.86560073e-03 -1.72523055e-02 -1.90494098e-02
2.25381367e-03 -5.28919045e-03 2.30861688e-03 -3.16005037e-03 -9.81818303e-04 -9.60600970e-04 -7.59362010e-03 2.62575187e-02 -8.87704198e-04 4.99467738e-03 -1.09274685e-02 -9.52626462e-04 -4.57309606e-03 -2.86389352e-03 1.01371026e-02 1.11871511e-02
4.87018027e-04 4.37040161e-03 -1.50279200e-03 2.88861478e-03 8.58885993e-04 8.93026765e-04 6.99513685e-03 -2.45615318e-02 8.27173237e-04 -4.66454355e-03 1.01972995e-02 8.90014577e-04 4.27183369e-03 2.67650001e-03 -9.46939830e-03 -1.04483701e-02
1.76040013e-03 -8.81250948e-03 3.00009176e-03 -5.79059869e-03 -1.56119233e-03 -1.76351157e-03 -1.37509815e-02 4.85835671e-02 -1.63334154e-03 9.25690122e-03 -2.02833507e-02 -1.76779705e-03 -8.50448757e-03 -5.32262819e-03 1.88653469e-02 2.08284333e-02
-5.10232057e-04 1.59344245e-02 -5.68112172e-03 9.68830287e-03 2.80536758e-03 3.18929018e-03 2.49732491e-02 -8.85455534e-02 2.97892699e-03 -1.68876611e-02 3.70331295e-02 3.22930748e-03 1.55444341e-02 9.72693879e-03 -3.44891474e-02 -3.80816795e-02
1.04638399e-03 -6.01056125e-03 2.47526332e-03 -3.84361786e-03 -1.10322353e-03 -1.15917507e-03 -9.12886951e-03 3.18471231e-02 -1.07125647e-03 6.04626350e-03 -1.32262567e-02 -1.15276885e-03 -5.53803705e-03 -3.46746296e-03 1.22780167e-02 1.35518145e-02
1.34631712e-03 -8.51282384e-03 3.30499001e-03 -5.70047367e-03 -1.60948746e-03 -1.74228195e-03 -1.36498502e-02 4.79793921e-02 -1.61757343e-03 9.14676022e-03 -2.00321972e-02 -1.74632319e-03 -8.39694217e-03 -5.25607029e-03 1.86234824e-02 2.05592997e-02
-7.90747465e-04 4.89890855e-03 -1.50835072e-03 3.23396409e-03 8.91706615e-04 9.83250327e-04 7.75152817e-03 -2.72549521e-02 9.14468837e-04 -5.17963665e-03 1.13487961e-02 9.89491120e-04 4.76128422e-03 2.97962339e-03 -1.05626751e-02 -1.16622783e-02
6.22765394e-04 -6.86898082e-03 2.71094497e-03 -4.32140427e-03 -1.25191105e-03 -1.33251562e-03 -1.05159516e-02 3.66189852e-02 -1.22966245e-03 6.95186201e-03 -1.52238719e-02 -1.32728775e-03 -6.38518762e-03 -3.99589399e-03 1.41638117e-02 1.56376678e-02
-1.51573040e-04 -3.87004518e-04 -7.32883054e-05 -4.51569795e-04 -1.11580142e-04 -2.01728486e-04 -1.59840356e-03 5.83344325e-03 -1.95698784e-04 1.11627823e-03 -2.45457678e-03 -2.14093554e-04 -1.03203882e-03 -6.45693624e-04 2.29109940e-03 2.53022509e-03
4.45136568e-04 -8.62911996e-03 3.02439416e-03 -5.57438983e-03 -1.58511731e-03 -1.77427894e-03 -1.39269726e-02 4.91972156e-02 -1.65406743e-03 9.37294774e-03 -2.05403622e-02 -1.79099687e-03 -8.61870870e-03 -5.39345527e-03 1.91205908e-02 2.11113822e-02
1.88184250e-03 8.98998603e-03 -2.66815629e-03 5.66984387e-03 1.53584999e-03 1.84673409e-03 1.44837182e-02 -5.13396971e-02 1.72868988e-03 -9.80328210e-03 2.14989539e-02 1.87490939e-03 9.02535580e-03 5.64759644e-03 -2.00253557e-02 -2.21113712e-02
-2.37356732e-03 8.14319588e-03 -2.53979559e-03 5.11764782e-03 1.40538439e-03 1.65199465e-03 1.29039055e-02 -4.57385704e-02 1.54049497e-03 -8.73271469e-03 1.91476345e-02 1.66946731e-03 8.03550519e-03 5.02825575e-03 -1.78282447e-02 -1.96851287e-02
-3.12861148e-03 8.47607758e-03 -3.68644833e-03 5.28291008e-03 1.60265388e-03 1.51381909e-03 1.20656732e-02 -4.16224562e-02 1.38996216e-03 -7.86943734e-03 1.72538832e-02 1.49829302e-03 7.19252555e-03 4.50654561e-03 -1.59407947e-02 -1.75875258e-02
-3.25726182e-03 3.17662931e-03 -1.62966410e-03 2.48768111e-03 7.44061428e-04 6.06240646e-04 4.99648321e-03 -1.69372056e-02 5.63758251e-04 -3.16084805e-03 6.89116726e-03 6.00784610e-04 2.87528429e-03 1.80494308e-03 -6.36845827e-03 -7.02126883e-03
3.38454987e-03 -8.77153873e-03 3.44675174e-03 -5.43957856e-03 -1.55872980e-03 -1.66510791e-03 -1.31054018e-02 4.57161590e-02 -1.54038344e-03 8.70445743e-03 -1.90811697e-02 -1.66159868e-03 -7.98604731e-03 -4.99918871e-03 1.77083015e-02 1.95474699e-02
3.20406165e-04 1.31320162e-03 -4.23207210e-04 8.61538865e-04 2.45921226e-04 2.80203240e-04 2.19407771e-03 -7.74362497e-03 2.60859757e-04 -1.47646014e-03 3.23612220e-03 2.82056077e-04 1.35649077e-03 8.49064963e-04 -3.00891162e-03 -3.32182040e-03
-1.95806543e-03 9.29549243e-03 -3.54834902e-03 5.83694503e-03 1.67438295e-03 1.81535759e-03 1.41433533e-02 -4.96650487e-02 1.67315104e-03 -9.46435519e-03 2.07410194e-02 1.80805195e-03 8.69764388e-03 5.44349756e-03 -1.92940924e-02 -2.13015303e-02
-1.26430742e-03 8.61343369e-03 -3.13630095e-03 5.42928744e-03 1.52268622e-03 1.70309539e-03 1.33972000e-02 -4.69904914e-02 1.58197235e-03 -8.94215889e-03 1.95998605e-02 1.70825981e-03 8.21317360e-03 5.14050573e-03 -1.82155203e-02 -2.01093573e-02
3.95323290e-03 -1.64365247e-02 6.66283909e-03 -1.02905603e-02 -2.97261612e-03 -3.28137004e-03 -2.58860774e-02 9.09732655e-02 -3.05615994e-03 1.72618590e-02 -3.78450304e-02 -3.30089265e-03 -1.58817004e-02 -9.93858278e-03 3.52316089e-02 3.88994031e-02
-2.38897698e-03 -1.04993591e-02 3.32035916e-03 -6.88386196e-03 -1.88760704e-03 -2.29687360e-03 -1.79916136e-02 6.39095828e-02 -2.15206598e-03 1.22042783e-02 -2.67649610e-02 -2.33413791e-03 -1.12356590e-02 -7.03072082e-03 2.49296520e-02 2.75265481e-02
5.79598651e-04 1.09459646e-03 -3.51697148e-04 6.76604803e-04 1.90050574e-04 2.10383587e-04 1.65078463e-03 -5.81136206e-03 1.95459870e-04 -1.10699073e-03 2.42592953e-03 2.11497463e-04 1.01764465e-03 6.36830111e-04 -2.25757062e-03 -2.49259872e-03
4.60152142e-03 -9.01761744e-03 4.92890412e-03 -6.65028114e-03 -1.95807731e-03 -1.63830409e-03 -1.35011636e-02 4.57831249e-02 -1.52028154e-03 8.52415245e-03 -1.84526425e-02 -1.60748814e-03 -7.67405517e-03 -4.83248895e-03 1.69876721e-02 1.86832994e-02
-9.30229388e-03 2.54493486e-02 -1.29442867e-02 1.79668479e-02 5.16017573e-03 4.40581096e-03 3.62204351e-02 -1.20956086e-01 4.09461185e-03 -2.30112262e-02 5.03622927e-02 4.39723209e-03 2.08772719e-02 1.31804897e-02 -4.62889522e-02 -5.09495474e-02
3.14983074e-04 5.20024961e-03 -1.51454599e-03 3.27340234e-03 8.93292832e-04 1.03244721e-03 8.07949994e-03 -2.86658015e-02 9.65463405e-04 -5.46826422e-03 1.19887535e-02 1.04554172e-03 5.03191166e-03 3.14880162e-03 -1.11639500e-02 -1.23266019e-02
-7.28491403e-04 2.28269841e-03 -7.13631453e-04 1.31344283e-03 3.91209294e-04 4.05644911e-04 3.17994412e-03 -1.12134833e-02 3.72777955e-04 -2.11309898e-03 4.62729530e-03 4.03300073e-04 1.94007356e-03 1.21411344e-03 -4.30342136e-03 -4.75126971e-03
-4.34669637e-04 5.04711177e-04 -2.32664752e-04 2.59452238e-04 7.50800027e-05 7.22094410e-05 5.62134723e-04 -1.93865935e-03 6.51968076e-05 -3.68115201e-04 8.06444208e-04 7.02377220e-05 3.37793754e-04 2.11388164e-04 -7.49272294e-04 -8.27254902e-04
-3.38207930e-04 1.29446201e-02 -4.54582553e-03 8.38476978e-03 2.27051135e-03 2.67619570e-03 2.09605563e-02 -7.43298903e-02 2.50216690e-03 -1.41729983e-02 3.10783815e-02 2.70975661e-03 1.30408555e-02 8.16060696e-03 -2.89326757e-02 -3.19456458e-02
2.85296957e-03 -6.49415236e-03 3.62318638e-03 -4.24538134e-03 -1.24810217e-03 -1.16320013e-03 -9.36592370e-03 3.18847746e-02 -1.07333169e-03 6.02332456e-03 -1.31704845e-02 -1.14725786e-03 -5.48709882e-03 -3.44104320e-03 1.21436082e-02 1.33888638e-02
-1.50430016e-04 5.42971725e-03 -1.80938048e-03 3.38644814e-03 9.23804822e-04 1.08152698e-03 8.47964548e-03 -2.99922004e-02 1.00828905e-03 -5.71353547e-03 1.25277117e-02 1.09227689e-03 5.25704492e-03 3.28963902e-03 -1.16635812e-02 -1.28783444e-02
-1.07643020e-03 -4.16965131e-03 1.23326597e-03 -2.90502235e-03 -7.90169463e-04 -9.77103831e-04 -7.64591061e-03 2.72180736e-02 -9.16867517e-04 5.19992365e-03 -1.14045469e-02 -9.94607108e-04 -4.78792749e-03 -2.99604889e-03 1.06234858e-02 1.17301326e-02
4.74796805e-04 1.67690765e-03 -5.01436298e-04 1.09004299e-03 2.97234859e-04 3.63468251e-04 2.83700554e-03 -1.00903613e-02 3.39931838e-04 -1.92795764e-03 4.22818400e-03 3.68729001e-04 1.77498604e-03 1.11069845e-03 -3.93833593e-03 -4.34858864e-03
-2.26169126e-04 1.03028491e-02 -3.54925683e-03 6.85832603e-03 1.91911450e-03 2.19317339e-03 1.70698799e-02 -6.05390444e-02 2.03914102e-03 -1.15554556e-02 2.53202040e-02 2.20783893e-03 1.06255328e-02 6.64947415e-03 -2.35739741e-02 -2.60285586e-02
2.81380350e-03 7.12122349e-03 -2.08305009e-03 5.09591494e-03 1.37518137e-03 1.69634342e-03 1.32813677e-02 -4.72697876e-02 1.59204786e-03 -9.02765431e-03 1.97987426e-02 1.72668661e-03 8.31183791e-03 5.20114833e-03 -1.84422471e-02 -2.03633364e-02
-1.16903987e-03 -1.22620713e-03 2.85644492e-04 -1.01061130e-03 -2.69720389e-04 -3.65266635e-04 -2.83963769e-03 1.02217980e-02 -3.44290776e-04 1.95604842e-03 -4.29079589e-03 -3.74243216e-04 -1.80166319e-03 -1.12739881e-03 3.99767794e-03 4.41414537e-03
2.21448811e-03 1.09445201e-02 -3.31393862e-03 7.54562858e-03 2.02886946e-03 2.44707032e-03 1.91642176e-02 -6.81461617e-02 2.29561958e-03 -1.30178947e-02 2.85507552e-02 2.48988438e-03 1.19857630e-02 7.50010507e-03 -2.65938807e-02 -2.93641165e-02
-1.85789308e-04 6.07446767e-03 -2.00890307e-03 3.86701408e-03 1.08289241e-03 1.20723783e-03 9.46167670e-03 -3.33770104e-02 1.11876964e-03 -6.34833472e-03 1.39033841e-02 1.21199677e-03 5.83299017e-03 3.65003920e-03 -1.29406787e-02 -1.42882941e-02
6.36990531e-04 -5.18145226e-03 2.09243502e-03 -3.17724003e-03 -8.80907290e-04 -9.98659525e-04 -7.82869384e-03 2.75197569e-02 -9.25172877e-04 5.23967948e-03 -1.14832912e-02 -1.00119086e-03 -4.81789373e-03 -3.01488233e-03 1.06885470e-02 1.18015027e-02
-8.50981101e-04 9.03351232e-03 -3.47950310e-03 5.73737174e-03 1.62905094e-03 1.76254043e-03 1.38106309e-02 -4.86854315e-02 1.64118572e-03 -9.28903371e-03 2.03527603e-02 1.77443121e-03 8.53722636e-03 5.34278899e-03 -1.89387370e-02 -2.09098309e-02
-2.67987023e-04 -3.34076490e-03 1.06875820e-03 -1.92091800e-03 -5.39323839e-04 -6.30909752e-04 -4.92529385e-03 1.74973477e-02 -5.87913266e-04 3.33340163e-03 -7.31013389e-03 -6.37465215e-04 -3.06851463e-03 -1.92013511e-03 6.80834241e-03 7.51753896e-03
-1.97904883e-05 -3.89949535e-03 1.30083121e-03 -2.82679638e-03 -7.22463126e-04 -8.24778515e-04 -6.44958951e-03 2.27636471e-02 -7.66172307e-04 4.34143329e-03 -9.50792897e-03 -8.29220167e-04 -3.99051746e-03 -2.49725720e-03 8.85324832e-03 9.77501180e-03
-3.80096026e-05 -1.00815780e-02 3.12170805e-03 -6.26939489e-03 -1.67510961e-03 -1.95576367e-03 -1.53619274e-02 5.40451184e-02 -1.82071247e-03 1.03133451e-02 -2.26087756e-02 -1.97103503e-03 -9.48567875e-03 -5.93585521e-03 2.10451558e-02 2.32367944e-02
-4.76801768e-04 -1.06313620e-02 3.29156406e-03 -6.89156773e-03 -1.87711464e-03 -2.26891832e-03 -1.77397653e-02 6.30702674e-02 -2.12383037e-03 1.20448740e-02 -2.64153890e-02 -2.30372557e-03 -1.10897347e-02 -6.93940558e-03 2.46059019e-02 2.71690842e-02
-1.40913296e-03 1.63541138e-02 -5.39440848e-03 1.06355865e-02 3.06615583e-03 3.45105771e-03 2.69574262e-02 -9.53965262e-02 3.20675387e-03 -1.81781873e-02 3.98565605e-02 3.47519130e-03 1.67274717e-02 1.04673374e-02 -3.71134505e-02 -4.09790315e-02
5.44748735e-04 -1.73007743e-03 7.21123186e-04 -1.14523375e-03 -3.75573407e-04 -3.31025774e-04 -2.65482860e-03 9.11306776e-03 -3.05059744e-04 1.71286240e-03 -3.72259505e-03 -3.25208472e-04 -1.55595492e-03 -9.76761919e-04 3.44113493e-03 3.79240746e-03
-1.62729091e-04 -1.50273961e-04 1.47225874e-05 -1.76461079e-04 -4.38447496e-05 -7.45753641e-05 -5.87612041e-04 2.13227770e-03 -7.24309939e-05 4.11556510e-04 -9.03638662e-04 -7.88629768e-05 -3.79885198e-04 -2.37705419e-04 8.43054731e-04 9.30924318e-04
-3.67179746e-05 3.18339583e-03 -1.15971314e-03 2.15663156e-03 5.92307886e-04 6.65827014e-04 5.23882825e-03 -1.84828620e-02 6.22177555e-04 -3.52080585e-03 7.71767739e-03 6.72776776e-04 3.23694455e-03 2.02571484e-03 -7.18073687e-03 -7.92811252e-03
4.54754743e-04 -1.83758093e-05 1.26579500e-04 2.36093256e-04 4.64824006e-05 1.25387160e-04 9.86945350e-04 -3.65872611e-03 1.23396225e-04 -7.05064274e-04 1.55140215e-03 1.35521113e-04 6.53742871e-04 4.08966414e-04 -1.45158009e-03 -1.60320569e-03
-1.84826832e-03 -2.04157084e-02 6.73392881e-03 -1.33595448e-02 -3.61213135e-03 -4.31733020e-03 -3.37634496e-02 1.19986735e-01 -4.03760700e-03 2.28903946e-02 -5.01932576e-02 -4.37707175e-03 -2.10693441e-02 -1.31841982e-02 4.67475951e-02 5.16169593e-02
-7.03519443e-04 1.64776412e-03 -6.78191194e-04 1.05206575e-03 3.00784566e-04 2.81670305e-04 2.20878050e-03 -7.60136498e-03 2.54939339e-04 -1.44140690e-03 3.14834574e-03 2.74268241e-04 1.31754717e-03 8.24899878e-04 -2.92106206e-03 -3.22423549e-03
-3.24394647e-03 1.51529536e-02 -5.76523971e-03 9.57098044e-03 2.60981708e-03 2.90868222e-03 2.27403343e-02 -8.02576393e-02 2.70175375e-03 -1.52865835e-02 3.34881917e-02 2.91895657e-03 1.40403183e-02 8.78716726e-03 -3.11449431e-02 -3.43855768e-02
6.55041076e-04 -1.10614980e-02 3.78857600e-03 -6.74452260e-03 -1.98214152e-03 -2.19195220e-03 -1.71109438e-02 6.05115928e-02 -2.03154469e-03 1.15115177e-02 -2.52329987e-02 -2.19984725e-03 -1.05866585e-02 -6.62474241e-03 2.34873071e-02 2.59331968e-02
-1.75205991e-04 -5.56058809e-03 2.21254816e-03 -3.52066034e-03 -1.03026442e-03 -1.07912871e-03 -8.47648457e-03 2.98549850e-02 -1.00517471e-03 5.68868360e-03 -1.24723082e-02 -1.08750828e-03 -5.23341447e-03 -3.27483565e-03 1.16105890e-02 1.28196534e-02
1.67660951e-03 6.18069945e-03 -1.92498183e-03 3.96597758e-03 1.09980698e-03 1.27504859e-03 1.00416960e-02 -3.54490466e-02 1.19232317e-03 -6.75016968e-03 1.48010403e-02 1.29076827e-03 6.21204125e-03 3.88727221e-03 -1.37822451e-02 -1.52176209e-02
1.67258503e-03 -9.47636832e-03 2.82807299e-03 -5.77630335e-03 -1.64774060e-03 -1.70083495e-03 -1.32786855e-02 4.67642471e-02 -1.56959647e-03 8.90263356e-03 -1.94954555e-02 -1.69972528e-03 -8.17890279e-03 -5.11818100e-03 1.81456041e-02 2.00351216e-02
