-1.35490042e-03 -7.62050319e-03 3.33635369e-03 -7.57851172e-03 -4.24360530e-03 -1.65840751e-03 -1.33610219e-02 4.29315157e-02 -1.07339362e-03 8.92166235e-03 -1.78941358e-02 7.70489627e-04 -9.18010995e-03 -4.37400071e-03 1.30950687e-02 1.40456436e-02
4.80960327e-04 3.31269507e-03 -1.46752095e-03 3.42134782e-03 1.96203613e-03 7.54642882e-04 6.17946172e-03 -1.99737474e-02 5.03261574e-04 -4.16111853e-03 8.34179949e-03 -3.59792233e-04 4.28312318e-03 2.04089121e-03 -6.11063326e-03 -6.55467110e-03
-5.49640099e-04 -3.78741696e-03 1.59100827e-03 -3.89434537e-03 -2.07475596e-03 -8.24978168e-04 -6.53702999e-03 2.10578926e-02 -5.20561298e-04 4.35072510e-03 -8.71002115e-03 3.74155352e-04 -4.46491363e-03 -2.12713750e-03 6.36695139e-03 6.82797143e-03
1.91899273e-03 1.01391505e-02 -4.68645338e-03 1.09170517e-02 6.23465190e-03 2.39972537e-03 1.96374413e-02 -6.37156814e-02 1.61807297e-03 -1.32777551e-02 2.66636424e-02 -1.15197524e-03 1.37007320e-02 6.52881199e-03 -1.95502285e-02 -2.09730510e-02
-2.51245132e-04 -1.09876576e-03 3.86647764e-04 -8.69240030e-04 -4.50078573e-04 -1.91303596e-04 -1.36176671e-03 4.41341847e-03 -1.09010682e-04 9.09798720e-04 -1.81391474e-03 7.81969575e-05 -9.31456278e-04 -4.43861936e-04 1.32872781e-03 1.42517302e-03
5.61911584e-05 -3.90820496e-04 1.33650683e-04 -2.83521018e-04 -1.48241350e-04 -6.26789551e-05 -4.65771853e-04 1.48703251e-03 -3.58574034e-05 3.04749788e-04 -6.08446426e-04 2.59588978e-05 -3.11146403e-04 -1.48212450e-04 4.43389552e-04 4.75288834e-04
4.45575162e-04 3.50291375e-03 -1.37809361e-03 2.77924212e-03 1.45739713e-03 6.71464950e-04 4.43696696e-03 -1.38930529e-02 3.10585543e-04 -2.87297042e-03 5.66339400e-03 -2.31533661e-04 2.84684892e-03 1.35784608e-03 -4.05797036e-03 -4.33206279e-03
2.14221844e-04 1.94678886e-03 -8.28740536e-04 1.95760000e-03 1.04449748e-03 4.17113886e-04 3.26288980e-03 -1.04539897e-02 2.59561522e-04 -2.17546453e-03 4.35157772e-03 -1.86646590e-04 2.22906633e-03 1.06193393e-03 -3.17845237e-03 -3.40820360e-03
2.20548082e-03 1.44250961e-02 -6.16653170e-03 1.41333267e-02 7.90211465e-03 3.14946845e-03 2.50040647e-02 -8.08098838e-02 2.02481775e-03 -1.68660190e-02 3.38124931e-02 -1.45188835e-03 1.73201412e-02 8.25217646e-03 -2.47001406e-02 -2.64908131e-02
1.11058087e-03 6.23675017e-03 -2.78918352e-03 6.16779085e-03 3.59008648e-03 1.39592844e-03 1.12823620e-02 -3.66287865e-02 9.12433083e-04 -7.52235157e-03 1.50999548e-02 -6.51500537e-04 7.75529863e-03 3.69523838e-03 -1.10642603e-02 -1.18684573e-02
-6.37437217e-04 -3.83537053e-03 1.52835483e-03 -3.55745759e-03 -1.98614178e-03 -7.77106034e-04 -6.17712457e-03 1.99956298e-02 -5.00074239e-04 4.13854560e-03 -8.29463731e-03 3.57358746e-04 -4.25644824e-03 -2.02799565e-03 6.07162900e-03 6.51262468e-03
-1.43952027e-03 -8.66046548e-03 3.75026371e-03 -8.57517403e-03 -4.82323207e-03 -1.85882079e-03 -1.51336342e-02 4.88516726e-02 -1.22798723e-03 1.01430481e-02 -2.03577410e-02 8.77447659e-04 -1.04510663e-02 -4.97983675e-03 1.49093205e-02 1.59920659e-02
2.30598918e-04 1.77813065e-03 -7.68142054e-04 1.68448116e-03 9.60770762e-04 3.75094882e-04 2.99106189e-03 -9.64699686e-03 2.42049209e-04 -2.00831238e-03 4.02579689e-03 -1.73280583e-04 2.06527696e-03 9.84025886e-04 -2.94585247e-03 -3.15959752e-03
1.62217207e-03 9.82447714e-03 -4.16191155e-03 9.17125866e-03 5.20610297e-03 2.04677600e-03 1.62468944e-02 -5.23821227e-02 1.30010466e-03 -1.08146453e-02 2.16894932e-02 -9.34279931e-04 1.11336373e-02 5.30478545e-03 -1.58812646e-02 -1.70333926e-02
-2.78908852e-03 -1.35276429e-02 6.21760637e-03 -1.37211354e-02 -7.86728505e-03 -3.04561248e-03 -2.49309074e-02 8.07986632e-02 -2.04711733e-03 1.68236624e-02 -3.37941274e-02 1.46047072e-03 -1.73690915e-02 -8.27687047e-03 2.47850567e-02 2.65889931e-02
8.14242568e-03 4.48876247e-02 -2.13156976e-02 5.04947975e-02 2.98987161e-02 1.13982977e-02 9.48119760e-02 -3.08586717e-01 7.87667744e-03 -6.44654632e-02 1.29525334e-01 -5.60043845e-03 6.65877908e-02 3.17323543e-02 -9.50249583e-02 -1.01943418e-01
7.66673358e-04 4.79878858e-03 -2.15512025e-03 5.31033194e-03 2.97965715e-03 1.15622149e-03 9.38521884e-03 -3.04954890e-02 7.70145329e-04 -6.32152287e-03 1.26933055e-02 -5.48458484e-04 6.52308622e-03 3.10842576e-03 -9.30804200e-03 -9.98547301e-03
-1.62970484e-03 -8.72097351e-03 3.63178807e-03 -8.47094320e-03 -4.79576178e-03 -1.85519329e-03 -1.50187071e-02 4.86618616e-02 -1.21969043e-03 1.00907702e-02 -2.02412680e-02 8.72836623e-04 -1.03931157e-02 -4.95250244e-03 1.48269748e-02 1.59039516e-02
1.17549254e-03 6.49160612e-03 -3.18895117e-03 7.72427674e-03 4.53284336e-03 1.72868476e-03 1.43508893e-02 -4.66599017e-02 1.18894002e-03 -9.73837264e-03 1.95638239e-02 -8.45766976e-04 1.00565851e-02 4.79240483e-03 -1.43510979e-02 -1.53958788e-02
-4.13902244e-03 -2.07805932e-02 1.02959629e-02 -2.51044128e-02 -1.49206752e-02 -5.69212204e-03 -4.71774787e-02 1.53721169e-01 -3.92417377e-03 3.21124457e-02 -6.45210221e-02 2.78973416e-03 -3.31691355e-02 -1.58067197e-02 4.73344326e-02 5.07806949e-02
1.01122609e-03 5.37758227e-03 -2.40379712e-03 5.44422911e-03 3.08909034e-03 1.20670837e-03 9.72795859e-03 -3.14924270e-02 7.90090882e-04 -6.51497813e-03 1.30748907e-02 -5.64017973e-04 6.71349466e-03 3.19890724e-03 -9.57815349e-03 -1.02744764e-02
2.68000225e-03 1.67427156e-02 -7.64609873e-03 1.84264742e-02 1.06207486e-02 4.06159647e-03 3.35390382e-02 -1.08937413e-01 2.77466280e-03 -2.27317754e-02 4.56665419e-02 -1.97392679e-03 2.34728120e-02 1.11857727e-02 -3.34959626e-02 -3.59342545e-02
8.51298682e-04 6.28263224e-03 -2.40710471e-03 5.56625519e-03 3.07470909e-03 1.21188071e-03 9.70800407e-03 -3.11568547e-02 7.74206477e-04 -6.44739857e-03 1.29132876e-02 -5.54967031e-04 6.62077870e-03 3.15490714e-03 -9.44282487e-03 -1.01266904e-02
-3.09847615e-04 2.78332201e-03 -1.04246847e-03 2.50609918e-03 1.26531569e-03 5.24668838e-04 3.95018468e-03 -1.27390819e-02 3.14288278e-04 -2.64390535e-03 5.28636668e-03 -2.26081800e-04 2.70191836e-03 1.28849084e-03 -3.85399791e-03 -4.13145730e-03
-7.62141281e-05 -1.25333201e-03 5.13591745e-04 -1.32371020e-03 -6.89185748e-04 -2.71392375e-04 -2.14198674e-03 6.91559678e-03 -1.73865352e-04 1.43456121e-03 -2.87811039e-03 1.24171333e-04 -1.47775956e-03 -7.04142090e-04 2.10834737e-03 2.26166076e-03
-2.36997590e-03 -1.38357086e-02 6.54826779e-03 -1.55363223e-02 -9.12896078e-03 -3.47283343e-03 -2.88442969e-02 9.38811079e-02 -2.39215256e-03 1.95849352e-02 -3.93482707e-02 1.70121458e-03 -2.02278700e-02 -9.63947084e-03 2.88659986e-02 3.09675429e-02
1.06570974e-03 1.07549205e-02 -4.46478277e-03 9.94930975e-03 5.30497124e-03 2.17057113e-03 1.64048411e-02 -5.24777360e-02 1.28598709e-03 -1.08751701e-02 2.17670687e-02 -9.28754976e-04 1.11134741e-02 5.29351411e-03 -1.58427376e-02 -1.69825349e-02
2.07054825e-03 6.00882620e-03 -2.20127171e-03 4.83431388e-03 2.68631405e-03 1.08459184e-03 8.39458406e-03 -2.71494575e-02 6.81713514e-04 -5.65881934e-03 1.13435639e-02 -4.87890211e-04 5.81490574e-03 2.77042133e-03 -8.29397421e-03 -8.89559090e-03
-5.40965062e-04 -5.12512401e-03 2.12967745e-03 -4.80803801e-03 -2.67697498e-03 -1.04933651e-03 -8.44487920e-03 2.72237454e-02 -6.81900827e-04 5.63641172e-03 -1.13322679e-02 4.87217447e-04 -5.80961257e-03 -2.76806555e-03 8.28642771e-03 8.88764299e-03
-1.22125362e-04 -3.44665861e-03 1.49166747e-03 -3.37472605e-03 -1.82064227e-03 -7.24989397e-04 -5.63998427e-03 1.82452407e-02 -4.47152561e-04 3.76296742e-03 -7.52403075e-03 3.22112232e-04 -3.85084772e-03 -1.83465402e-03 5.49046649e-03 5.88672236e-03
-1.05065317e-03 -7.85863958e-03 3.00301891e-03 -6.65134285e-03 -3.65606602e-03 -1.47892069e-03 -1.15464181e-02 3.74243669e-02 -8.96283193e-04 7.61755276e-03 -1.51744559e-02 6.49842492e-04 -7.77850393e-03 -3.71063477e-03 1.10980226e-02 1.18917571e-02
-1.86200277e-03 -1.04517052e-02 4.90972400e-03 -1.12497648e-02 -6.64312579e-03 -2.56397622e-03 -2.10273657e-02 6.84850439e-02 -1.74377812e-03 1.42809190e-02 -2.86918171e-02 1.24021643e-03 -1.47470254e-02 -7.02755339e-03 2.10444145e-02 2.25765593e-02
4.89621842e-03 2.82563455e-02 -1.30175557e-02 3.22282724e-02 1.80872791e-02 6.94197183e-03 5.68279810e-02 -1.84868366e-01 4.69093351e-03 -3.84849682e-02 7.72871599e-02 -3.34048062e-03 3.97276320e-02 1.89313982e-02 -5.66895977e-02 -6.08156025e-02
-3.75729706e-03 -2.05408167e-02 9.32051148e-03 -2.13734042e-02 -1.26002757e-02 -4.76934155e-03 -3.97668667e-02 1.28997698e-01 -3.28180101e-03 2.68916767e-02 -5.40410690e-02 2.33556889e-03 -2.77714785e-02 -1.32343294e-02 3.96308340e-02 4.25160378e-02
1.15101878e-03 5.96782751e-03 -2.61949981e-03 6.15315605e-03 3.66913318e-03 1.39857340e-03 1.15774702e-02 -3.75282913e-02 9.56353848e-04 -7.82908220e-03 1.57316085e-02 -6.80164783e-04 8.08690116e-03 3.85380280e-03 -1.15405163e-02 -1.23807471e-02
-1.21599680e-03 -7.37145729e-03 3.25596007e-03 -7.78650772e-03 -4.52824449e-03 -1.74910866e-03 -1.42851314e-02 4.63742279e-02 -1.17793109e-03 9.66960937e-03 -1.94135159e-02 8.38781008e-04 -9.97644383e-03 -4.75404039e-03 1.42356390e-02 1.52715920e-02
9.99384676e-04 2.06267694e-03 -8.98183731e-04 2.15510000e-03 1.25141046e-03 4.78863105e-04 3.95614514e-03 -1.29076401e-02 3.27889953e-04 -2.68619228e-03 5.39648533e-03 -2.33284562e-04 2.77392240e-03 1.32188690e-03 -3.95845436e-03 -4.24662186e-03
8.31941725e-05 -1.78146875e-03 1.15714991e-03 -2.97126104e-03 -1.81289844e-03 -6.84495957e-04 -5.75714093e-03 1.87801421e-02 -4.80661460e-04 3.93046066e-03 -7.89977890e-03 3.41605773e-04 -4.06140322e-03 -1.93546864e-03 5.79596078e-03 6.21796446e-03
7.56162510e-04 2.90226052e-03 -1.36567280e-03 3.11771431e-03 1.81812921e-03 6.91293448e-04 5.67939086e-03 -1.84284896e-02 4.68123588e-04 -3.84246139e-03 7.71777984e-03 -3.33419885e-04 3.96569958e-03 1.88975479e-03 -5.65875927e-03 -6.07057475e-03
-3.99265882e-05 -5.67477080e-04 2.93757621e-04 -7.23339384e-04 -4.25636477e-04 -1.61938980e-04 -1.34764635e-03 4.38555097e-03 -1.11908725e-04 9.16099467e-04 -1.84059178e-03 7.95831220e-05 -9.46226937e-04 -4.50922205e-04 1.35031960e-03 1.44863059e-03
-5.94549812e-04 -3.46624944e-03 1.51729817e-03 -3.44883767e-03 -1.92220358e-03 -7.55830319e-04 -5.95404441e-03 1.92291886e-02 -4.77978814e-04 3.97474226e-03 -7.96684995e-03 3.42599989e-04 -4.08486230e-03 -1.94608653e-03 5.82574215e-03 6.24816492e-03
2.27814214e-03 1.36980657e-02 -5.73103502e-03 1.34841371e-02 7.57660577e-03 2.90143164e-03 2.36247070e-02 -7.60483220e-02 1.90232729e-03 -1.57280788e-02 3.15326825e-02 -1.36042514e-03 1.61963906e-02 7.71791860e-03 -2.31081396e-02 -2.47868113e-02
-2.07609090e-04 -3.04392958e-03 1.20714167e-03 -2.77489936e-03 -1.54496089e-03 -6.22836116e-04 -4.79143299e-03 1.54424831e-02 -3.85863212e-04 3.19605111e-03 -6.40637800e-03 2.75864848e-04 -3.28541081e-03 -1.56542670e-03 4.68680682e-03 5.02731930e-03
8.61006090e-04 6.29048795e-03 -3.28138843e-03 7.95860123e-03 4.67413804e-03 1.77904312e-03 1.47797940e-02 -4.81448583e-02 1.22714718e-03 -1.00486996e-02 2.01886259e-02 -8.72832490e-04 1.03781270e-02 4.94563906e-03 -1.48100210e-02 -1.58882383e-02
-1.51334261e-03 -1.19284466e-02 4.51657223e-03 -1.02281729e-02 -5.62783424e-03 -2.25499505e-03 -1.75963435e-02 5.74239530e-02 -1.38756773e-03 1.17095402e-02 -2.34206282e-02 1.00430520e-03 -1.20179681e-02 -5.73453587e-03 1.71354469e-02 1.83729045e-02
1.36218092e-03 8.61227047e-03 -3.87612870e-03 8.86617880e-03 5.10412082e-03 2.02026847e-03 1.60144176e-02 -5.19062802e-02 1.29949616e-03 -1.07404683e-02 2.15445627e-02 -9.29051545e-04 1.10578854e-02 5.26934955e-03 -1.57768931e-02 -1.69233661e-02
5.24836872e-03 3.44194695e-02 -1.32904425e-02 3.10238544e-02 1.76032186e-02 7.01500569e-03 5.52380867e-02 -1.77602887e-01 4.43424564e-03 -3.69308218e-02 7.37139732e-02 -3.17421486e-03 3.78148891e-02 1.80195384e-02 -5.39544038e-02 -5.78612462e-02
1.90521008e-03 1.01742763e-02 -5.11403941e-03 1.27553148e-02 7.51971407e-03 2.86458107e-03 2.37960182e-02 -7.75345415e-02 1.97900203e-03 -1.61958020e-02 3.25399823e-02 -1.40698650e-03 1.67286247e-02 7.97200669e-03 -2.38727834e-02 -2.56108772e-02
-1.09375198e-03 -4.88911383e-03 2.16798298e-03 -5.49433799e-03 -3.04557150e-03 -1.18146616e-03 -9.59273335e-03 3.11905723e-02 -7.94848427e-04 6.51338277e-03 -1.30813485e-02 5.65492490e-04 -6.72410335e-03 -3.20433127e-03 9.59550776e-03 1.02940565e-02
-2.59762257e-03 -1.64198391e-02 8.05563014e-03 -1.93580706e-02 -1.15696751e-02 -4.39143972e-03 -3.66853140e-02 1.19544461e-01 -3.05255991e-03 2.49760989e-02 -5.01856729e-02 2.17001629e-03 -2.58005671e-02 -1.22952396e-02 3.68190855e-02 3.94997820e-02
-8.15811742e-04 -5.43178292e-03 2.73941434e-03 -6.67133555e-03 -3.98510089e-03 -1.51361164e-03 -1.26361782e-02 4.11590263e-02 -1.05080602e-03 8.59854091e-03 -1.72772910e-02 7.47059588e-04 -8.88223853e-03 -4.23282245e-03 1.26755247e-02 1.35983918e-02
6.30964525e-04 6.09681848e-03 -2.36336654e-03 5.23218233e-03 2.81462912e-03 1.15462253e-03 8.73829611e-03 -2.79734172e-02 6.88805943e-04 -5.80083858e-03 1.16051733e-02 -4.96883062e-04 5.93765220e-03 2.82846740e-03 -8.46586749e-03 -9.07672662e-03
-1.01556571e-03 -5.73905744e-03 2.63710972e-03 -6.21670531e-03 -3.55819752e-03 -1.38061598e-03 -1.12539502e-02 3.65649201e-02 -9.27710964e-04 7.61549780e-03 -1.52963921e-02 6.60894613e-04 -7.85996113e-03 -3.74550512e-03 1.12158190e-02 1.20321419e-02
-3.29463714e-04 -2.36543827e-03 9.63009370e-04 -2.12248345e-03 -1.16733857e-03 -4.59938659e-04 -3.61620937e-03 1.16780270e-02 -2.90325610e-04 2.41366937e-03 -4.83792881e-03 2.08035432e-04 -2.47969781e-03 -1.18138839e-03 3.53666418e-03 3.79328150e-03
-4.59332980e-04 -4.59160190e-03 2.39864923e-03 -6.03495305e-03 -3.54578090e-03 -1.34960457e-03 -1.12198601e-02 3.65390070e-02 -9.31708026e-04 7.62803666e-03 -1.53253544e-02 6.62584440e-04 -7.87820388e-03 -3.75434710e-03 1.12426151e-02 1.20611126e-02
-8.72023636e-04 -8.36316682e-03 3.31090298e-03 -7.21403398e-03 -3.91721912e-03 -1.64711545e-03 -1.22012170e-02 3.97528745e-02 -9.59542347e-04 8.09989870e-03 -1.62286106e-02 6.91939204e-04 -8.27816222e-03 -3.94414971e-03 1.18034622e-02 1.26549695e-02
-5.89601113e-04 -2.83280993e-03 1.26906170e-03 -3.08010122e-03 -1.73196499e-03 -6.66244305e-04 -5.45308879e-03 1.77116841e-02 -4.48881037e-04 3.68882902e-03 -7.40545988e-03 3.19831044e-04 -3.80473188e-03 -1.81303092e-03 5.42887207e-03 5.82386926e-03
9.83362086e-04 5.30471094e-03 -2.31101946e-03 5.52891428e-03 3.18816118e-03 1.20781537e-03 9.99420136e-03 -3.24434228e-02 8.23822513e-04 -6.76107360e-03 1.35779670e-02 -5.86711394e-04 6.97773835e-03 3.32511775e-03 -9.95698385e-03 -1.06816730e-02
3.04854999e-04 9.68659442e-05 2.78322459e-05 -1.09096065e-04 -6.54330943e-05 -2.49696950e-05 -2.08904254e-04 6.80932601e-04 -1.73811550e-05 1.42253426e-04 -2.85841961e-04 1.23587524e-05 -1.46942810e-04 -7.00252858e-05 2.09695907e-04 2.24963034e-04
-9.17389174e-04 -4.23368486e-03 2.09516566e-03 -4.80215810e-03 -2.85139866e-03 -1.08760071e-03 -9.01702885e-03 2.93467380e-02 -7.48932362e-04 6.12940826e-03 -1.23155089e-02 5.32487989e-04 -6.33115415e-03 -3.01710051e-03 9.03493818e-03 9.69274249e-03
-2.94146070e-04 -1.72255887e-03 7.81037612e-04 -1.73294975e-03 -9.78346448e-04 -3.83989071e-04 -3.06219934e-03 9.87771060e-03 -2.47564720e-04 2.04926706e-03 -4.10967460e-03 1.77083391e-04 -2.10885215e-03 -1.00480346e-03 3.00837820e-03 3.22690653e-03
3.41220642e-04 -9.19844140e-04 2.92615237e-04 -5.05999895e-04 -2.81164423e-04 -1.20444318e-04 -8.59744905e-04 2.72708805e-03 -6.72245806e-05 5.61028544e-04 -1.12574140e-03 4.83749973e-05 -5.76091639e-04 -2.74451566e-04 8.21685651e-04 8.81463580e-04
-2.97027145e-04 -8.85528396e-04 3.62739840e-04 -8.12226150e-04 -4.71988926e-04 -1.83500233e-04 -1.48609234e-03 4.82063042e-03 -1.21913225e-04 1.00288296e-03 -2.01345980e-03 8.69246505e-05 -1.03439006e-03 -4.92893334e-04 1.47583766e-03 1.58316758e-03
1.97893661e-03 1.35896634e-02 -5.51665341e-03 1.29568484e-02 7.32921902e-03 2.81809433e-03 2.31196955e-02 -7.48020709e-02 1.89223327e-03 -1.55361705e-02 3.12009379e-02 -1.34769769e-03 1.60294026e-02 7.63838179e-03 -2.28727274e-02 -2.45374180e-02
-8.23022798e-04 -2.15514726e-03 8.40548251e-04 -1.88716897e-03 -1.06406026e-03 -4.16230032e-04 -3.32761207e-03 1.07590379e-02 -2.71800411e-04 2.23867549e-03 -4.49270289e-03 1.93876011e-04 -2.30709882e-03 -1.09932641e-03 3.29166837e-03 3.53105878e-03
1.22746336e-03 9.79405362e-03 -4.13085427e-03 9.35173780e-03 5.24896150e-03 2.05429317e-03 1.62029658e-02 -5.23188412e-02 1.29636039e-03 -1.07586114e-02 2.15863623e-02 -9.28802998e-04 1.10681066e-02 5.27222222e-03 -1.57844946e-02 -1.69303715e-02
-9.34036972e-04 -4.90331603e-03 2.24804133e-03 -5.18165808e-03 -2.96809967e-03 -1.14272896e-03 -9.36570019e-03 3.03200018e-02 -7.68085127e-04 6.30944269e-03 -1.26689663e-02 5.47082687e-04 -6.50752056e-03 -3.10092093e-03 9.28554218e-03 9.96118877e-03
-3.04500153e-03 -1.73799340e-02 7.22455420e-03 -1.75008625e-02 -1.00038536e-02 -3.86067876e-03 -3.16733159e-02 1.03012569e-01 -2.62567494e-03 2.15071030e-02 -4.32116687e-02 1.86761597e-03 -2.22090147e-02 -1.05832526e-02 3.16920541e-02 3.39993127e-02
-2.46384516e-05 -1.26344501e-03 5.28055592e-04 -1.21567294e-03 -6.52220740e-04 -2.71627214e-04 -2.03035423e-03 6.46829512e-03 -1.55145724e-04 1.32941885e-03 -2.65279459e-03 1.12571899e-04 -1.35249179e-03 -6.44221902e-04 1.92680478e-03 2.06486764e-03
5.12477418e-04 1.50040351e-03 -5.75603626e-04 1.22438930e-03 6.91887108e-04 2.72472069e-04 2.16002995e-03 -6.91255368e-03 1.71795386e-04 -1.43305806e-03 2.87043164e-03 -1.23190679e-04 1.47019711e-03 7.00454635e-04 -2.09659082e-03 -2.24843621e-03
1.80985942e-03 1.31329875e-02 -5.86402975e-03 1.20134959e-02 6.81357691e-03 2.66713812e-03 2.13792976e-02 -6.91125840e-02 1.73840637e-03 -1.43785002e-02 2.88358647e-02 -1.24299293e-03 1.48054892e-02 7.05349818e-03 -2.11194921e-02 -2.26525236e-02
1.38360506e-03 6.97641913e-03 -2.97203311e-03 7.03966990e-03 4.04670183e-03 1.54063303e-03 1.26372622e-02 -4.10156846e-02 1.04148907e-03 -8.55820905e-03 1.71810221e-02 -7.42146745e-04 8.82781111e-03 4.20666067e-03 -1.25964461e-02 -1.35130379e-02
6.73178490e-03 4.00067717e-02 -1.55421710e-02 3.68299074e-02 2.08612122e-02 8.11481941e-03 6.57774955e-02 -2.12115452e-01 5.34339575e-03 -4.40690890e-02 8.84288996e-02 -3.81425279e-03 4.53926250e-02 2.16306429e-02 -6.47653416e-02 -6.94747493e-02
1.43439649e-03 8.54805391e-03 -4.11260501e-03 9.82578471e-03 5.79785090e-03 2.20718398e-03 1.82542726e-02 -5.92907257e-02 1.50917005e-03 -1.23580527e-02 2.48285569e-02 -1.07340806e-03 1.27629200e-02 6.08211709e-03 -1.82132982e-02 -1.95393078e-02
-5.04315482e-04 -5.62634366e-03 2.25991453e-03 -4.80351970e-03 -2.73054140e-03 -1.07502367e-03 -8.49699788e-03 2.73030344e-02 -6.80175726e-04 5.67077100e-03 -1.13667995e-02 4.88658261e-04 -5.82885509e-03 -2.77707307e-03 8.31304304e-03 8.91529396e-03
1.11862249e-03 4.06119600e-03 -1.50671927e-03 3.45176901e-03 1.88581622e-03 7.58257112e-04 5.78758819e-03 -1.87371951e-02 4.57672024e-04 -3.86069249e-03 7.71458587e-03 -3.30366020e-04 3.95389879e-03 1.88387500e-03 -5.63706085e-03 -6.04269234e-03
-1.47867133e-03 -8.28888640e-03 3.51389684e-03 -8.47054739e-03 -4.71571228e-03 -1.84244523e-03 -1.48111982e-02 4.81183007e-02 -1.21749099e-03 1.00168874e-02 -2.01067850e-02 8.67689494e-04 -1.03248879e-02 -4.92002768e-03 1.47315804e-02 1.58029515e-02
2.81392364e-03 1.66234151e-02 -7.79652735e-03 1.78435314e-02 1.05899610e-02 4.02162038e-03 3.32994275e-02 -1.08354986e-01 2.76038493e-03 -2.26046331e-02 4.54151332e-02 -1.96335698e-03 2.33448390e-02 1.11248484e-02 -3.33140045e-02 -3.57393734e-02
-1.04508619e-03 -6.58653677e-03 2.75922706e-03 -6.15927903e-03 -3.42826173e-03 -1.36405590e-03 -1.07527953e-02 3.47326882e-02 -8.64265778e-04 7.19321147e-03 -1.44126453e-02 6.19912869e-04 -7.39164045e-03 -3.52165080e-03 1.05419215e-02 1.13063315e-02
-1.44903245e-03 -7.89402798e-03 3.61361401e-03 -8.33110325e-03 -4.68138792e-03 -1.81989861e-03 -1.46439606e-02 4.74093184e-02 -1.19476893e-03 9.87248030e-03 -1.98059212e-02 8.53815232e-04 -1.01674506e-02 -4.84473724e-03 1.45049365e-02 1.55584915e-02
1.08647707e-03 6.02600537e-03 -2.54240283e-03 6.36608293e-03 3.55901849e-03 1.36973849e-03 1.11881858e-02 -3.62471752e-02 9.14897362e-04 -7.52253598e-03 1.50993606e-02 -6.52131333e-04 7.75770703e-03 3.69672268e-03 -1.10693015e-02 -1.18746525e-02
-1.20788231e-03 -7.30301626e-03 3.13873938e-03 -7.04345619e-03 -3.98632139e-03 -1.56531378e-03 -1.25341099e-02 4.03908491e-02 -1.01534463e-03 8.37434363e-03 -1.68013480e-02 7.25259772e-04 -8.63020308e-03 -4.11226181e-03 1.23133557e-02 1.32087851e-02
-8.08216791e-05 -3.05681926e-04 1.17177158e-04 -2.56909145e-04 -1.31513676e-04 -5.40379260e-05 -4.01656231e-04 1.28663634e-03 -3.21749067e-05 2.67912081e-04 -5.36564912e-04 2.31133399e-05 -2.75390019e-04 -1.31199602e-04 3.92788905e-04 4.21309611e-04
-1.56853267e-03 -8.66632536e-03 3.98263801e-03 -9.28888284e-03 -5.36423083e-03 -2.05124798e-03 -1.68320760e-02 5.46496399e-02 -1.38518168e-03 1.13768242e-02 -2.28403434e-02 9.86665371e-04 -1.17362943e-02 -5.59261348e-03 1.67464875e-02 1.79650467e-02
2.08509201e-03 1.29402811e-02 -6.14692038e-03 1.50102992e-02 8.82113725e-03 3.35550308e-03 2.79466994e-02 -9.09170955e-02 2.32020323e-03 -1.89889334e-02 3.81532237e-02 -1.64965237e-03 1.96139868e-02 9.34699271e-03 -2.79902928e-02 -3.00281662e-02
1.28506927e-03 7.42665445e-03 -3.21119325e-03 7.68983318e-03 4.45827795e-03 1.71252387e-03 1.40535031e-02 -4.56814729e-02 1.16328266e-03 -9.53584816e-03 1.91550441e-02 -8.27816490e-04 9.84404702e-03 4.69104433e-03 -1.40474131e-02 -1.50699783e-02
1.14764390e-03 1.06684919e-02 -3.86992353e-03 8.49591009e-03 4.66845790e-03 1.85392005e-03 1.45039661e-02 -4.66378219e-02 1.15080562e-03 -9.60796420e-03 1.92877166e-02 -8.24788061e-04 9.85191111e-03 4.69391141e-03 -1.40487123e-02 -1.50629180e-02
-3.51570750e-04 2.92621762e-03 -1.03632105e-03 2.38366309e-03 1.21441495e-03 5.14595595e-04 3.72048817e-03 -1.18591040e-02 2.74894119e-04 -2.38190335e-03 4.74488176e-03 -2.01202172e-04 2.42082588e-03 1.15384173e-03 -3.44990636e-03 -3.69602581e-03
-1.14714878e-03 -9.75337438e-03 3.79773881e-03 -8.44557676e-03 -4.73728077e-03 -1.86920282e-03 -1.48594165e-02 4.78743017e-02 -1.20130961e-03 9.95156076e-03 -1.99801680e-02 8.59557418e-04 -1.02423895e-02 -4.87992819e-03 1.46092847e-02 1.56697147e-02
6.04755711e-04 3.27010825e-03 -1.38106628e-03 3.15497397e-03 1.80772028e-03 7.06090184e-04 5.65794343e-03 -1.83116570e-02 4.60173556e-04 -3.80767114e-03 7.64130149e-03 -3.29038914e-04 3.91944638e-03 1.86763145e-03 -5.59139159e-03 -5.99738723e-03
1.56656234e-03 1.00529380e-02 -4.04864596e-03 8.98552500e-03 5.03914384e-03 2.00090068e-03 1.57060213e-02 -5.07257394e-02 1.28017343e-03 -1.05557693e-02 2.11886559e-02 -9.14220291e-04 1.08801378e-02 5.18455170e-03 -1.55237094e-02 -1.66523121e-02
1.80677464e-03 1.02091087e-02 -4.45224345e-03 1.02837579e-02 5.87603729e-03 2.28756689e-03 1.85488965e-02 -6.00431450e-02 1.51386624e-03 -1.24860723e-02 2.50712279e-02 -1.08099927e-03 1.28698619e-02 6.13222364e-03 -1.83606092e-02 -1.96950305e-02
-2.80173402e-03 -1.62923802e-02 7.34536536e-03 -1.59134399e-02 -9.18679871e-03 -3.54334339e-03 -2.88981888e-02 9.35936272e-02 -2.35378183e-03 1.93805508e-02 -3.89239974e-02 1.68115739e-03 -2.00022757e-02 -9.53122322e-03 2.85393354e-02 3.06155514e-02
-1.35761523e-03 -6.73800940e-03 3.21684964e-03 -7.53397681e-03 -4.46540304e-03 -1.69970689e-03 -1.41398702e-02 4.60172743e-02 -1.17394328e-03 9.60939564e-03 -1.93071496e-02 8.34741397e-04 -9.92503203e-03 -4.72975429e-03 1.41636031e-02 1.51948025e-02
1.99994392e-04 8.64392379e-04 -3.77031654e-04 8.94366589e-04 5.06106589e-04 1.94475302e-04 1.58971688e-03 -5.15387207e-03 1.30645334e-04 -1.07327453e-03 2.15500291e-03 -9.30810129e-05 1.10720366e-03 5.27606288e-04 -1.57986628e-03 -1.69482816e-03
-5.38870227e-04 -1.04349218e-02 4.20106156e-03 -9.17110033e-03 -4.67954110e-03 -2.07029586e-03 -1.46093788e-02 4.71179783e-02 -1.08005293e-03 9.49398708e-03 -1.88125074e-02 7.93760933e-04 -9.58864205e-03 -4.57038824e-03 1.36762904e-02 1.46298455e-02
2.28767516e-03 2.80604847e-02 -9.75000393e-03 2.10042633e-02 1.04048923e-02 4.14236449e-03 3.22486311e-02 -1.01018272e-01 2.41807778e-03 -2.08876096e-02 4.18170802e-02 -1.75539975e-03 2.12200675e-02 1.01428758e-02 -3.03077549e-02 -3.24403942e-02
8.66986753e-04 5.41840959e-03 -2.57402007e-03 6.39794301e-03 3.74110136e-03 1.42271677e-03 1.18198516e-02 -3.84960957e-02 9.81068937e-04 -8.03648215e-03 1.61453336e-02 -6.97967364e-04 8.29948112e-03 3.95505503e-03 -1.18435519e-02 -1.27057396e-02
3.42470099e-04 2.22006952e-03 -8.62851099e-04 2.06779363e-03 1.18447479e-03 4.62830329e-04 3.70343961e-03 -1.20762996e-02 3.02810950e-04 -2.49016820e-03 4.99734748e-03 -2.15749329e-04 2.56682024e-03 1.22310792e-03 -3.66238668e-03 -3.92883131e-03
1.67989347e-05 4.78217553e-04 -3.34560784e-04 9.01246502e-04 5.58346277e-04 2.08807527e-04 1.78256759e-03 -5.83307538e-03 1.49566884e-04 -1.22090103e-03 2.45389808e-03 -1.06174382e-04 1.26210251e-03 6.01471053e-04 -1.80119986e-03 -1.93236908e-03
2.40655756e-03 1.19092222e-02 -5.54720312e-03 1.29251331e-02 7.44504947e-03 2.84657371e-03 2.35065743e-02 -7.64896572e-02 1.94386742e-03 -1.59451533e-02 3.20320800e-02 -1.38408097e-03 1.64606310e-02 7.84406532e-03 -2.34888624e-02 -2.51984559e-02
-7.67573423e-04 -7.96524994e-03 3.12519865e-03 -6.33699587e-03 -3.37635959e-03 -1.40239112e-03 -1.05777392e-02 3.37787643e-02 -8.15363950e-04 6.94230152e-03 -1.38968425e-02 5.90928481e-04 -7.09525403e-03 -3.37862410e-03 1.01070907e-02 1.08329616e-02
8.98283964e-04 5.09042013e-03 -2.33772723e-03 5.54871233e-03 3.21852649e-03 1.23355864e-03 1.01800999e-02 -3.31010371e-02 8.41564615e-04 -6.89789979e-03 1.38571132e-02 -5.98888786e-04 7.12169940e-03 3.39376112e-03 -1.01626832e-02 -1.09024728e-02
-8.89108167e-04 -4.44145594e-03 2.11524544e-03 -5.04655764e-03 -2.97715445e-03 -1.13465672e-03 -9.40436590e-03 3.06178257e-02 -7.81267008e-04 6.39519794e-03 -1.28492210e-02 5.55567269e-04 -6.60554878e-03 -3.14786029e-03 9.42650158e-03 1.01128109e-02
2.92083656e-04 9.44201543e-04 -6.27832545e-04 1.63367949e-03 9.92108136e-04 3.72773531e-04 3.16172396e-03 -1.03183733e-02 2.63638998e-04 -2.15608790e-03 4.33284137e-03 -1.87373298e-04 2.22773128e-03 1.06162811e-03 -3.17913853e-03 -3.41060711e-03
1.89785718e-03 8.85085296e-03 -3.90443578e-03 9.10417922e-03 5.20152180e-03 2.02534697e-03 1.62362717e-02 -5.27881570e-02 1.33924733e-03 -1.10090887e-02 2.20937822e-02 -9.54455347e-04 1.13526694e-02 5.40999649e-03 -1.61996260e-02 -1.73783209e-02
1.41169550e-03 4.49605193e-03 -2.12137215e-03 5.39506879e-03 2.92244577e-03 1.11238018e-03 9.21476260e-03 -2.99949180e-02 7.62722222e-04 -6.25239359e-03 1.25594353e-02 -5.42913505e-04 6.45586010e-03 3.07648722e-03 -9.21265129e-03 -9.88331158e-03
-1.20096884e-04 5.04024210e-04 -4.57688177e-04 1.21040863e-03 7.54118024e-04 2.86068273e-04 2.40499014e-03 -7.88770709e-03 2.02169671e-04 -1.65100966e-03 3.31795751e-03 -1.43493642e-04 1.70596014e-03 8.12988263e-04 -2.43457709e-03 -2.61184503e-03
1.77349034e-03 7.44835660e-03 -3.45412572e-03 8.48567393e-03 4.83606569e-03 1.83018181e-03 1.52348317e-02 -4.95751761e-02 1.26487867e-03 -1.03550255e-02 2.08057594e-02 -8.99517967e-04 1.06953429e-02 5.09682158e-03 -1.52627518e-02 -1.63739454e-02
1.21743418e-03 6.59828074e-03 -2.87585380e-03 6.90357527e-03 3.94510897e-03 1.52529730e-03 1.24071473e-02 -4.03059870e-02 1.02059485e-03 -8.37935694e-03 1.68153439e-02 -7.26460945e-04 8.63993634e-03 4.11713030e-03 -1.23285707e-02 -1.32259093e-02
-9.41806124e-04 -6.13194983e-03 2.74198339e-03 -6.16746396e-03 -3.54126748e-03 -1.37601083e-03 -1.11808050e-02 3.62368338e-02 -9.19140002e-04 7.54531100e-03 -1.51518928e-02 6.54660282e-04 -7.78609794e-03 -3.71028343e-03 1.11103188e-02 1.19189397e-02
1.77997467e-03 9.65084787e-03 -4.14878270e-03 9.42439865e-03 5.34782792e-03 2.04564328e-03 1.66965853e-02 -5.41389249e-02 1.37282594e-03 -1.12913009e-02 2.26670243e-02 -9.78872995e-04 1.16451383e-02 5.54916728e-03 -1.66161414e-02 -1.78248920e-02
-6.74896408e-04 -4.11913730e-03 1.83751050e-03 -4.30583488e-03 -2.54507759e-03 -9.72659793e-04 -8.03608913e-03 2.61869188e-02 -6.67005370e-04 5.46021806e-03 -1.09706847e-02 4.74312052e-04 -5.63954934e-03 -2.68751383e-03 8.04793928e-03 8.63386970e-03
-4.90334234e-04 -2.67189229e-03 1.18591473e-03 -3.02081229e-03 -1.61535700e-03 -6.29234011e-04 -5.07648801e-03 1.64540783e-02 -4.16756811e-04 3.42793483e-03 -6.87607704e-03 2.97086168e-04 -3.53385694e-03 -1.68399664e-03 5.04254270e-03 5.40941767e-03
-1.35894632e-03 -8.03353544e-03 3.30827944e-03 -8.03489517e-03 -4.56046779e-03 -1.75800349e-03 -1.44398753e-02 4.67607193e-02 -1.18909054e-03 9.75690782e-03 -1.95966102e-02 8.46749346e-04 -1.00698303e-02 -4.79864515e-03 1.43695092e-02 1.54154412e-02
-1.98282721e-03 -9.92488489e-03 4.76232544e-03 -1.14469947e-02 -6.73155813e-03 -2.56413314e-03 -2.12850068e-02 6.93151727e-02 -1.76891033e-03 1.44766103e-02 -2.90866885e-02 1.25766220e-03 -1.49532473e-02 -7.12594343e-03 2.13391818e-02 2.28928160e-02
2.99814483e-03 1.61822271e-02 -7.52262631e-03 1.78871304e-02 1.04696080e-02 4.03106632e-03 3.28095034e-02 -1.06622741e-01 2.70998781e-03 -2.22098939e-02 4.46135104e-02 -1.92833098e-03 2.29296535e-02 1.09269246e-02 -3.27210426e-02 -3.51030193e-02
-2.28762074e-04 -1.82064692e-03 7.51984888e-04 -1.71473809e-03 -9.58983088e-04 -3.81484191e-04 -2.97127757e-03 9.60389897e-03 -2.32325212e-04 1.97014096e-03 -3.92921874e-03 1.67886465e-04 -2.01400858e-03 -9.59213474e-04 2.86913174e-03 3.07533238e-03
1.12425740e-04 3.93912080e-04 -9.25556378e-05 1.92162581e-04 8.46217081e-05 3.52831994e-05 2.52223632e-04 -8.08800978e-04 1.98023754e-05 -1.64356126e-04 3.29406525e-04 -1.41873443e-05 1.68908708e-04 8.04783922e-05 -2.40962152e-04 -2.58482905e-04
1.03514746e-03 5.27226273e-03 -2.51692673e-03 5.93711948e-03 3.35157826e-03 1.27914606e-03 1.05387410e-02 -3.41987945e-02 8.65667069e-04 -7.11936038e-03 1.42967692e-02 -6.17299578e-04 7.34394323e-03 3.49950744e-03 -1.04787685e-02 -1.12410523e-02
2.28178833e-04 9.28852096e-05 -1.61528078e-07 -2.12737450e-05 -1.47317924e-05 -5.71854844e-06 -4.96849061e-05 1.62408032e-04 -4.15230033e-06 3.39692051e-05 -6.82672762e-05 2.95223435e-06 -3.50984119e-05 -1.67261860e-05 5.00880014e-05 5.37348424e-05
-3.45533062e-03 -1.89584922e-02 9.12101846e-03 -2.17375979e-02 -1.26331924e-02 -4.82033752e-03 -3.99170220e-02 1.30026683e-01 -3.31227900e-03 2.71269120e-02 -5.44972233e-02 2.35602097e-03 -2.80138664e-02 -1.33498488e-02 3.99768539e-02 4.28872667e-02
1.63756791e-04 1.88711460e-03 -7.58290233e-04 1.79772265e-03 9.69479326e-04 3.86106112e-04 3.02133523e-03 -9.74074192e-03 2.44381634e-04 -2.02210993e-03 4.05261246e-03 -1.74665955e-04 2.07993807e-03 9.91055509e-04 -2.96715181e-03 -3.18274158e-03
2.74064764e-03 1.57652404e-02 -7.05367047e-03 1.63700916e-02 9.25455522e-03 3.57301626e-03 2.91169547e-02 -9.46416780e-02 2.39661895e-03 -1.97149124e-02 3.95788997e-02 -1.70883362e-03 2.03301050e-02 9.68778133e-03 -2.90084165e-02 -3.11186314e-02
-1.85244682e-03 -1.04412762e-02 4.52323025e-03 -1.03854733e-02 -6.09487202e-03 -2.35417206e-03 -1.90915205e-02 6.20880239e-02 -1.57316623e-03 1.29112033e-02 -2.59287301e-02 1.12021086e-03 -1.33228861e-02 -6.34873286e-03 1.90111008e-02 2.03947760e-02
-7.98651483e-04 -4.94889915e-03 2.39293510e-03 -5.50804380e-03 -3.18281772e-03 -1.20656053e-03 -9.96543188e-03 3.23611870e-02 -8.22919537e-04 6.74841087e-03 -1.35568557e-02 5.85901260e-04 -6.96761161e-03 -3.32029117e-03 9.94265918e-03 1.06663890e-02
9.77243530e-04 3.91756790e-03 -1.54127483e-03 3.59780923e-03 2.04797881e-03 7.82192394e-04 6.45555276e-03 -2.09080894e-02 5.28815901e-04 -4.34391806e-03 8.72509461e-03 -3.76991171e-04 4.48388839e-03 2.13669729e-03 -6.39821030e-03 -6.86389534e-03
-1.64655899e-03 -1.07156076e-02 4.29258682e-03 -1.07285436e-02 -6.09097909e-03 -2.33928673e-03 -1.90305356e-02 6.18293993e-02 -1.57052185e-03 1.28830671e-02 -2.58631036e-02 1.11766043e-03 -1.32913608e-02 -6.33385871e-03 1.89667679e-02 2.03473587e-02
