-7.58368196e-03 2.94114184e-03 1.49553670e-02 -4.29740828e-03 -2.58012931e-03 8.76124296e-03 -1.67002771e-02 6.01674095e-02 1.66201184e-03 1.73721332e-02 -2.26900261e-02 -9.15092416e-03 1.45534973e-03 -3.24665057e-03 1.92341767e-02 1.69420112e-02
6.75185118e-04 -7.41162512e-05 -9.79069155e-04 2.58181186e-04 1.59167248e-04 -5.08069119e-04 9.72769980e-04 -3.48773249e-03 -9.54269271e-05 -1.00576715e-03 1.31053943e-03 5.28360077e-04 -8.37754415e-05 1.87388505e-04 -1.11010694e-03 -9.77753196e-04
-2.94777798e-03 8.42718582e-04 5.64686535e-03 -1.70501287e-03 -9.94250062e-04 3.22838197e-03 -6.16829470e-03 2.21582055e-02 5.98423067e-04 6.34614518e-03 -8.27324670e-03 -3.33683775e-03 5.24194387e-04 -1.18152366e-03 6.99897390e-03 6.16360968e-03
9.13999975e-03 -4.25154669e-03 -1.83354672e-02 5.42705366e-03 3.16777825e-03 -1.12525392e-02 2.13116258e-02 -7.75421038e-02 -2.18557101e-03 -2.24421155e-02 2.93298028e-02 1.18274242e-02 -1.89445878e-03 4.20336332e-03 -2.49036420e-02 -2.19385531e-02
-4.45010979e-03 2.51831161e-03 9.40860156e-03 -2.92209536e-03 -1.72237749e-03 6.13141432e-03 -1.15409940e-02 4.21270058e-02 1.18559261e-03 1.21899946e-02 -1.59175582e-02 -6.42080326e-03 1.02810713e-03 -2.28184951e-03 1.35190925e-02 1.19093386e-02
1.30831287e-03 -4.21775156e-04 -2.55688769e-03 7.31885433e-04 4.42442601e-04 -1.44441251e-03 2.74760858e-03 -9.84732062e-03 -2.64899340e-04 -2.81739770e-03 3.67247593e-03 1.48174609e-03 -2.31544269e-04 5.24238101e-04 -3.10528884e-03 -2.73444247e-03
2.11337465e-03 -3.36385390e-04 -5.00469422e-03 1.41613581e-03 9.34309559e-04 -2.72617140e-03 5.20634605e-03 -1.84103660e-02 -4.71234700e-04 -5.29729249e-03 6.88072108e-03 2.77248188e-03 -4.07591899e-04 9.72469046e-04 -5.76351956e-03 -5.06643578e-03
1.97440013e-03 -6.71961519e-04 -4.15791804e-03 1.23478856e-03 7.30298867e-04 -2.38960469e-03 4.54051560e-03 -1.63076278e-02 -4.47214436e-04 -4.71256953e-03 6.14498137e-03 2.47831224e-03 -3.90186295e-04 8.77856452e-04 -5.20047359e-03 -4.57981089e-03
3.03659122e-03 -6.31009636e-04 -6.12462312e-03 1.72831467e-03 1.00163592e-03 -3.49979475e-03 6.60460722e-03 -2.38698386e-02 -6.56527642e-04 -6.91276323e-03 9.02525149e-03 3.63568356e-03 -5.72847028e-04 1.28817686e-03 -7.63061410e-03 -6.72053825e-03
4.07609530e-03 -1.37663772e-03 -8.25206283e-03 2.24136678e-03 1.41492975e-03 -4.65996563e-03 8.90352018e-03 -3.23050357e-02 -8.87904200e-04 -9.20065027e-03 1.20205395e-02 4.84883878e-03 -7.72801985e-04 1.72131252e-03 -1.01978946e-02 -8.98293778e-03
-3.78359575e-03 1.28217309e-03 7.48789590e-03 -2.19552289e-03 -1.34332746e-03 4.44853073e-03 -8.43032449e-03 3.05794664e-02 8.48923635e-04 8.80121253e-03 -1.14891995e-02 -4.63248370e-03 7.37634720e-04 -1.64443161e-03 9.74219386e-03 8.58148932e-03
-7.35993823e-03 2.78589921e-03 1.44136557e-02 -4.15286515e-03 -2.48780963e-03 8.46169516e-03 -1.61148794e-02 5.83333261e-02 1.62655651e-03 1.68352220e-02 -2.19984520e-02 -8.87431577e-03 1.41395896e-03 -3.15004843e-03 1.86622143e-02 1.64387524e-02
1.00602454e-03 -4.47906961e-04 -2.38994136e-03 6.90583140e-04 4.16788243e-04 -1.43150380e-03 2.71222973e-03 -9.84049123e-03 -2.75128317e-04 -2.84831156e-03 3.72037943e-03 1.50065206e-03 -2.39111396e-04 5.32687700e-04 -3.15585337e-03 -2.77986494e-03
7.96847511e-03 -2.61134189e-03 -1.62274577e-02 4.50036023e-03 2.81548244e-03 -9.21301730e-03 1.75220482e-02 -6.32627532e-02 -1.73417712e-03 -1.81630515e-02 2.37202775e-02 9.57107265e-03 -1.52071763e-03 3.39565938e-03 -2.01168973e-02 -1.77190304e-02
-9.82432067e-03 4.28867992e-03 2.04024557e-02 -5.75494440e-03 -3.32066673e-03 1.20194480e-02 -2.27855165e-02 8.28327760e-02 2.32725474e-03 2.39615161e-02 -3.13222148e-02 -1.26339430e-02 2.02441425e-03 -4.49017249e-03 2.66031213e-02 2.34358497e-02
4.04737107e-02 -2.04535238e-02 -7.81877935e-02 2.36565899e-02 1.35943573e-02 -5.03438637e-02 9.53434631e-02 -3.47990870e-01 -9.86370444e-03 -1.00935340e-01 1.31957427e-01 5.32250553e-02 -8.53732135e-03 1.89213715e-02 -1.12105489e-01 -9.87602249e-02
2.40639597e-03 -9.59404744e-04 -4.78244526e-03 1.48001593e-03 8.55787948e-04 -2.97533139e-03 5.63690718e-03 -2.05124058e-02 -5.74398669e-04 -5.90355881e-03 7.71429483e-03 3.11128469e-03 -4.98290174e-04 1.10565813e-03 -6.55067712e-03 -5.77074243e-03
-7.63180153e-03 2.66702496e-03 1.45915337e-02 -4.26991330e-03 -2.58689420e-03 8.69073626e-03 -1.65181290e-02 5.99061474e-02 1.65567279e-03 1.72453243e-02 -2.25186348e-02 -9.08224192e-03 1.44521333e-03 -3.22392746e-03 1.90988332e-02 1.68228038e-02
4.38897684e-03 -2.01691897e-03 -8.23841617e-03 2.48235976e-03 1.44432869e-03 -5.19878045e-03 9.86172352e-03 -3.58926579e-02 -1.01348606e-03 -1.03941746e-02 1.35861505e-02 5.47956210e-03 -8.78446677e-04 1.94772414e-03 -1.15397973e-02 -1.01660015e-02
-2.12062858e-02 1.10268025e-02 3.84450406e-02 -1.20884255e-02 -7.01573910e-03 2.57881936e-02 -4.87305485e-02 1.78111076e-01 5.05019911e-03 5.16606495e-02 -6.75388351e-02 -2.72409990e-02 4.36951360e-03 -9.68422089e-03 5.73771559e-02 5.05468585e-02
4.14053630e-03 -1.55834865e-03 -8.24080501e-03 2.33736192e-03 1.40448613e-03 -4.79458459e-03 9.11753904e-03 -3.30393352e-02 -9.17333469e-04 -9.49349254e-03 1.24019654e-02 5.00155473e-03 -7.97875749e-04 1.77571469e-03 -1.05201881e-02 -9.26701166e-03
1.10373944e-02 -6.51192758e-03 -2.52989959e-02 7.92388897e-03 4.55877092e-03 -1.66405439e-02 3.15271132e-02 -1.14978001e-01 -3.25435074e-03 -3.33286151e-02 4.35706452e-02 1.75737571e-02 -2.81751831e-03 6.24680845e-03 -3.70108783e-02 -3.26047726e-02
3.55617749e-03 -1.34606264e-04 -6.86121965e-03 1.88359432e-03 1.16097776e-03 -3.62489978e-03 6.99080992e-03 -2.48327684e-02 -6.67520158e-04 -7.09936209e-03 9.25118290e-03 3.73157323e-03 -5.83675981e-04 1.32020994e-03 -7.81961344e-03 -6.88563706e-03
3.22561711e-04 -1.19432900e-03 -3.89171112e-03 1.33962778e-03 7.42903794e-04 -2.84722238e-03 5.40765701e-03 -1.98137555e-02 -5.66148316e-04 -5.75491972e-03 7.52790924e-03 3.03642824e-03 -4.88811405e-04 1.08043163e-03 -6.40192814e-03 -5.64039825e-03
7.49696279e-04 -1.66575483e-04 -6.27730158e-04 1.71710271e-04 1.14357827e-04 -3.44174099e-04 6.46797474e-04 -2.32161954e-03 -6.37651174e-05 -6.65765780e-04 8.68878851e-04 3.50231829e-04 -5.57688181e-05 1.24295650e-04 -7.36357819e-04 -6.48626999e-04
-1.18328119e-02 5.97232673e-03 2.34127454e-02 -7.07695680e-03 -4.12053429e-03 1.49413096e-02 -2.83178575e-02 1.03348643e-01 2.92335334e-03 2.99325343e-02 -3.91305126e-02 -1.57832541e-02 2.53095920e-03 -5.61059965e-03 3.32416259e-02 2.92843673e-02
3.23382183e-03 -6.41634688e-06 -9.76436958e-03 2.74056895e-03 1.67111191e-03 -5.06140990e-03 9.60461330e-03 -3.42832990e-02 -9.19837912e-04 -9.85931512e-03 1.28655918e-02 5.17739588e-03 -8.05111544e-04 1.83031824e-03 -1.08434074e-02 -9.54637397e-03
3.94641142e-03 2.62326910e-04 -5.42483898e-03 1.39441690e-03 8.86167516e-04 -2.76366388e-03 5.11858193e-03 -1.83256213e-02 -4.91266546e-04 -5.28263859e-03 6.88327756e-03 2.76983320e-03 -4.31707856e-04 9.79170902e-04 -5.80011215e-03 -5.10703726e-03
-2.92069488e-03 3.66004242e-04 5.24329860e-03 -1.35806238e-03 -8.25321302e-04 2.64332211e-03 -5.05223731e-03 1.80741604e-02 4.93150961e-04 5.17011154e-03 -6.77058054e-03 -2.73323315e-03 4.30288055e-04 -9.66071326e-04 5.72245289e-03 5.03976271e-03
-2.87334714e-03 7.75157881e-04 6.35849778e-03 -1.77894719e-03 -1.09356712e-03 3.39330989e-03 -6.44473778e-03 2.32917089e-02 6.26339577e-04 6.66842191e-03 -8.69029481e-03 -3.50488047e-03 5.47684962e-04 -1.23964541e-03 7.34324800e-03 6.46599429e-03
-5.45111997e-03 1.32848369e-03 1.18335802e-02 -3.35751288e-03 -2.05252320e-03 6.76438399e-03 -1.29605820e-02 4.69588786e-02 1.25229161e-03 1.33547755e-02 -1.73746850e-02 -7.01379403e-03 1.09727704e-03 -2.48587411e-03 1.47242090e-02 1.29620042e-02
-7.76295457e-03 6.00094628e-03 1.99198611e-02 -6.34635473e-03 -3.64401308e-03 1.35877989e-02 -2.57165879e-02 9.40145403e-02 2.66510854e-03 2.72643268e-02 -3.56458835e-02 -1.43773044e-02 2.30607833e-03 -5.11112250e-03 3.02824229e-02 2.66775452e-02
2.03736909e-02 -1.05084591e-02 -4.19070460e-02 1.31638283e-02 7.57885631e-03 -2.69147325e-02 5.09098917e-02 -1.85726374e-01 -5.23215439e-03 -5.37144765e-02 7.02006146e-02 2.83176024e-02 -4.53696772e-03 1.00644501e-02 -5.96290380e-02 -5.25297299e-02
-1.81106552e-02 8.10046773e-03 3.53649482e-02 -1.02909571e-02 -6.11128658e-03 2.17070952e-02 -4.13259454e-02 1.50261864e-01 4.24151123e-03 4.34940420e-02 -5.68753444e-02 -2.29335744e-02 3.67719191e-03 -8.15192051e-03 4.82982732e-02 4.25485671e-02
5.66313276e-03 -3.77604598e-03 -1.26398196e-02 4.03260672e-03 2.34255474e-03 -8.63057468e-03 1.63616221e-02 -5.97087033e-02 -1.69242790e-03 -1.73142795e-02 2.26375703e-02 9.13049653e-03 -1.46461918e-03 3.24598467e-03 -1.92318540e-02 -1.69424601e-02
-6.21218607e-03 2.59290077e-03 1.16694719e-02 -3.50089069e-03 -2.07030354e-03 7.33095175e-03 -1.38614755e-02 5.03965281e-02 1.41758367e-03 1.45842927e-02 -1.90530475e-02 -7.68418889e-03 1.22975220e-03 -2.73041194e-03 1.61766801e-02 1.42504536e-02
-3.05048889e-05 9.54741961e-04 2.01705284e-03 -7.42720091e-04 -4.20159369e-04 1.64769194e-03 -3.12701263e-03 1.14253098e-02 3.27415386e-04 3.33677442e-03 -4.36369516e-03 -1.76026253e-03 2.82588735e-04 -6.25920075e-04 3.70849529e-03 3.26707237e-03
1.31219402e-02 -8.41177907e-03 -2.82479189e-02 8.91607348e-03 5.10833925e-03 -1.88810825e-02 3.57711278e-02 -1.30622178e-01 -3.69440927e-03 -3.78215872e-02 4.94348593e-02 1.99392773e-02 -3.19765671e-03 7.08834548e-03 -4.19968665e-02 -3.69973779e-02
2.97784619e-03 -1.12501229e-03 -4.96854261e-03 1.39338220e-03 8.61336768e-04 -2.89351656e-03 5.48276166e-03 -1.99172460e-02 -5.60087326e-04 -5.76349767e-03 7.53303058e-03 3.03783966e-03 -4.86261037e-04 1.07941078e-03 -6.39512856e-03 -5.63366804e-03
-4.20932332e-03 2.46582576e-03 8.60175211e-03 -2.70516775e-03 -1.55875878e-03 5.71738090e-03 -1.08319419e-02 3.95262428e-02 1.11977663e-03 1.14637055e-02 -1.49866128e-02 -6.04474451e-03 9.69532121e-04 -2.14890949e-03 1.27318678e-02 1.12162288e-02
-2.59901024e-03 9.28530470e-04 5.45712980e-03 -1.56590901e-03 -9.72842798e-04 3.13790981e-03 -5.95241133e-03 2.15329267e-02 5.93055214e-04 6.18981943e-03 -8.08179472e-03 -3.25857033e-03 5.16747532e-04 -1.15575269e-03 6.84688473e-03 6.03066338e-03
1.23906108e-02 -4.50874120e-03 -2.43421644e-02 7.19691254e-03 4.46095504e-03 -1.44756166e-02 2.77292375e-02 -9.99575481e-02 -2.76827184e-03 -2.87338439e-02 3.75076234e-02 1.51340840e-02 -2.41352245e-03 5.37290564e-03 -3.18316557e-02 -2.80389525e-02
-1.21605978e-03 4.53612156e-04 3.07863369e-03 -9.34474636e-04 -5.57598949e-04 1.90916518e-03 -3.60702956e-03 1.30893532e-02 3.66418360e-04 3.77925998e-03 -4.93703969e-03 -1.99044612e-03 3.18109873e-04 -7.06995663e-04 4.18863352e-03 3.68980505e-03
4.55314992e-03 -2.03498499e-03 -8.50022119e-03 2.50049867e-03 1.45232747e-03 -5.19165024e-03 9.82474256e-03 -3.58640440e-02 -1.01235218e-03 -1.03816791e-02 1.35704009e-02 5.47309220e-03 -8.77494342e-04 1.94551679e-03 -1.15267467e-02 -1.01545155e-02
-8.60639103e-03 1.94640434e-03 1.79561526e-02 -5.13712410e-03 -3.13727674e-03 1.02741383e-02 -1.95233040e-02 7.11891651e-02 1.89669104e-03 2.02293713e-02 -2.63743941e-02 -1.06648272e-02 1.66507391e-03 -3.77638708e-03 2.23511141e-02 1.96830556e-02
6.76027220e-03 -2.38037203e-03 -1.29123861e-02 3.63154011e-03 2.25297641e-03 -7.52244145e-03 1.42182205e-02 -5.15205711e-02 -1.42050686e-03 -1.47841359e-02 1.93031486e-02 7.77892908e-03 -1.24023773e-03 2.76217842e-03 -1.63640585e-02 -1.44142173e-02
2.46676505e-02 -6.45354483e-03 -4.87892069e-02 1.42447287e-02 8.83894786e-03 -2.91501954e-02 5.54087870e-02 -1.99228600e-01 -5.49155986e-03 -5.74962050e-02 7.47742429e-02 3.01394798e-02 -4.78631118e-03 1.06958877e-02 -6.33739904e-02 -5.58119826e-02
1.07510649e-02 -5.84672019e-03 -1.99298430e-02 6.41554128e-03 3.69478762e-03 -1.35721369e-02 2.56615151e-02 -9.37788486e-02 -2.65786517e-03 -2.71955468e-02 3.55520472e-02 1.43397460e-02 -2.30009202e-03 5.09782275e-03 -3.02036181e-02 -2.66081020e-02
-6.50988519e-03 2.45861523e-03 1.02963811e-02 -3.25369090e-03 -1.83024199e-03 6.52165851e-03 -1.22482805e-02 4.46195826e-02 1.26087421e-03 1.29343914e-02 -1.69017408e-02 -6.81679044e-03 1.09282276e-03 -2.42302753e-03 1.43558513e-02 1.26467953e-02
-5.56384632e-03 -3.81601858e-04 4.05008858e-03 -6.65648200e-04 -4.16825293e-04 1.38568145e-03 -2.63077253e-03 9.55775660e-03 2.70128308e-04 2.76490184e-03 -3.61428480e-03 -1.45780051e-03 2.33833081e-04 -5.18254004e-04 3.07056075e-03 2.70503270e-03
-1.60528091e-03 3.59144411e-04 1.74995861e-03 -4.88636433e-04 -2.87804432e-04 1.03911781e-03 -1.97106879e-03 7.18138320e-03 2.03336152e-04 2.08151387e-03 -2.72126333e-03 -1.09759020e-03 1.76053814e-04 -3.90198751e-04 2.31185346e-03 2.03664461e-03
5.43253031e-03 -1.57495111e-03 -1.16597069e-02 3.35227698e-03 2.04119901e-03 -6.67235209e-03 1.26199722e-02 -4.53949235e-02 -1.24079571e-03 -1.30928895e-02 1.70836654e-02 6.88577956e-03 -1.08440244e-03 2.43943464e-03 -1.44520644e-02 -1.27268862e-02
-3.73751437e-03 1.54088461e-03 7.25159515e-03 -2.12654681e-03 -1.22556603e-03 4.39921580e-03 -8.31214059e-03 3.02512217e-02 8.49459553e-04 8.74343980e-03 -1.14280945e-02 -4.60813055e-03 7.37902301e-04 -1.63755578e-03 9.70199239e-03 8.54683295e-03
-2.11751275e-03 1.05116679e-03 4.97793034e-03 -1.49679522e-03 -8.88759736e-04 3.09318723e-03 -5.86153893e-03 2.13266220e-02 5.96991042e-04 6.16091536e-03 -8.05006921e-03 -3.24588967e-03 5.18282177e-04 -1.15277432e-03 6.82963477e-03 6.01618271e-03
7.40355230e-04 -1.82759692e-03 -4.71814163e-03 1.56665605e-03 8.91420117e-04 -3.49179003e-03 6.61698822e-03 -2.42546648e-02 -6.90957066e-04 -7.05071678e-03 9.22062621e-03 3.71925882e-03 -5.96881553e-04 1.32243265e-03 -7.83523824e-03 -6.90257270e-03
-8.62343702e-03 2.33336934e-03 1.70477703e-02 -4.77054575e-03 -2.94259354e-03 9.57955047e-03 -1.80306863e-02 6.56225905e-02 1.75793143e-03 1.86525155e-02 -2.43670698e-02 -9.80743207e-03 1.53619354e-03 -3.46945692e-03 2.05533747e-02 1.80992559e-02
-2.75906175e-03 1.16476556e-03 5.06288232e-03 -1.54326437e-03 -8.93457851e-04 3.14110587e-03 -5.94917918e-03 2.16505416e-02 6.07719645e-04 6.25952799e-03 -8.17801896e-03 -3.29816504e-03 5.27530443e-04 -1.17171253e-03 6.94190525e-03 6.11526286e-03
5.00427559e-03 -2.13317806e-03 -9.60399956e-03 2.89199711e-03 1.73074554e-03 -5.96993323e-03 1.13424649e-02 -4.12572511e-02 -1.16086181e-03 -1.19355535e-02 1.55979199e-02 6.29066536e-03 -1.00749184e-03 2.23549246e-03 -1.32446131e-02 -1.16676670e-02
-1.64043065e-03 1.46597682e-03 3.67122563e-03 -1.20816345e-03 -6.96108560e-04 2.59544235e-03 -4.91640158e-03 1.79702304e-02 5.09436824e-04 5.21216309e-03 -6.81470940e-03 -2.74858717e-03 4.40871023e-04 -9.77131655e-04 5.78931766e-03 5.10014268e-03
-3.66989477e-03 4.43245808e-05 2.95523927e-03 -4.56618960e-04 -3.03318491e-04 9.25592380e-04 -1.73391297e-03 6.22475613e-03 1.74840476e-04 1.79725466e-03 -2.34863558e-03 -9.47096269e-04 1.51805783e-04 -3.36590223e-04 1.99421309e-03 1.75680907e-03
-1.02722505e-03 3.67282162e-04 2.13548588e-03 -5.85403759e-04 -3.59667378e-04 1.19198533e-03 -2.26230919e-03 8.16679280e-03 2.26128017e-04 2.35272292e-03 -3.07198684e-03 -1.23850966e-03 1.97151719e-04 -4.39558848e-04 2.60410132e-03 2.29380862e-03
-7.78793823e-03 2.51268363e-03 1.44342594e-02 -3.93380923e-03 -2.39656121e-03 8.33844673e-03 -1.57315694e-02 5.70707247e-02 1.60087191e-03 1.64962094e-02 -2.15654317e-02 -8.69198702e-03 1.39153190e-03 -3.08845448e-03 1.82978623e-02 1.61194615e-02
-4.52915207e-03 1.84046139e-03 8.70675407e-03 -2.51974305e-03 -1.50534243e-03 5.28816646e-03 -1.00043360e-02 3.63528579e-02 1.01746363e-03 1.04992092e-02 -1.37186320e-02 -5.53373806e-03 8.83641245e-04 -1.96529785e-03 1.16433417e-02 1.02565624e-02
1.64210703e-02 -6.57155737e-03 -3.12773995e-02 9.36630927e-03 5.48738474e-03 -1.93367768e-02 3.67862247e-02 -1.33557275e-01 -3.75558645e-03 -3.85693572e-02 5.04129939e-02 2.03286279e-02 -3.25635774e-03 7.22440751e-03 -4.28024568e-02 -3.77065167e-02
-1.43029960e-03 5.65612863e-05 1.70979148e-03 -4.22065321e-04 -2.72393925e-04 8.20946705e-04 -1.54581328e-03 5.51987253e-03 1.50992768e-04 1.58448273e-03 -2.06698338e-03 -8.32959020e-04 1.32136644e-04 -2.95370148e-04 1.74978422e-03 1.54121965e-03
6.84762094e-03 -3.29284533e-03 -1.66574679e-02 4.96865530e-03 3.04343668e-03 -1.02081634e-02 1.93930753e-02 -7.04228505e-02 -1.96014112e-03 -2.02668309e-02 2.64877658e-02 1.06775658e-02 -1.70263974e-03 3.79182701e-03 -2.24649291e-02 -1.97889861e-02
-4.79273545e-03 2.14261701e-03 9.47840419e-03 -2.75722728e-03 -1.62667874e-03 5.71757089e-03 -1.08640417e-02 3.94223966e-02 1.10843813e-03 1.13947922e-02 -1.48916021e-02 -6.00388832e-03 9.61243641e-04 -2.13350402e-03 1.26404148e-02 1.11353435e-02
-1.46378763e-02 5.69292717e-03 2.64946483e-02 -8.08591582e-03 -4.57441760e-03 1.67688783e-02 -3.16458233e-02 1.15380183e-01 3.26332101e-03 3.34427841e-02 -4.37229685e-02 -1.76334251e-02 2.82565388e-03 -6.26705168e-03 3.71308923e-02 3.27106193e-02
1.60535856e-05 5.36255830e-05 8.50584474e-04 -2.78578431e-04 -1.53323519e-04 5.34577528e-04 -1.02267484e-03 3.70566291e-03 1.03844373e-04 1.07122515e-03 -1.39958016e-03 -5.64351154e-04 8.99124789e-05 -2.00390787e-04 1.18718832e-03 1.04574300e-03
7.84573902e-04 -4.81609022e-05 -1.34649372e-03 3.45739420e-04 2.30778300e-04 -6.97602576e-04 1.33899599e-03 -4.75062942e-03 -1.27827123e-04 -1.36256777e-03 1.77643588e-03 7.16071983e-04 -1.11795096e-04 2.53099075e-04 -1.49917556e-03 -1.32011599e-03
9.59761068e-03 -2.70145852e-03 -2.10274272e-02 5.36895916e-03 3.23965470e-03 -1.09807495e-02 2.07895692e-02 -7.52224401e-02 -2.08789320e-03 -2.17231978e-02 2.83609331e-02 1.14410911e-02 -1.81794551e-03 4.05942090e-03 -2.40507778e-02 -2.11838540e-02
6.20877836e-03 -3.09904176e-03 -1.22777782e-02 3.75789637e-03 2.23070709e-03 -7.85882864e-03 1.48808444e-02 -5.42330667e-02 -1.53044949e-03 -1.57193169e-02 2.05427874e-02 8.28517880e-03 -1.32719043e-03 2.94444989e-03 -1.74449943e-02 -1.53679848e-02
3.02926078e-02 -1.10550169e-02 -5.86447008e-02 1.76935270e-02 1.05006257e-02 -3.65325250e-02 6.94968030e-02 -2.51534641e-01 -7.03911576e-03 -7.26511925e-02 9.49180201e-02 3.82653400e-02 -6.11692853e-03 1.35930385e-02 -8.05319548e-02 -7.09413365e-02
4.55011753e-03 -2.60384893e-03 -9.71363857e-03 3.00835050e-03 1.77628873e-03 -6.37723040e-03 1.20931631e-02 -4.40817736e-02 -1.24702300e-03 -1.27660846e-02 1.66896675e-02 6.73137559e-03 -1.07961614e-03 2.39296420e-03 -1.41778365e-02 -1.24900611e-02
-4.25646128e-03 1.34641619e-03 9.37885232e-03 -2.60304380e-03 -1.61564455e-03 5.36499592e-03 -1.01876557e-02 3.67627554e-02 1.01499131e-03 1.06153963e-02 -1.38624683e-02 -5.59263956e-03 8.86124093e-04 -1.98300579e-03 1.17477588e-02 1.03469770e-02
2.82314955e-03 -5.75140293e-04 -5.65402396e-03 1.61260040e-03 1.03099528e-03 -3.17405444e-03 5.98898204e-03 -2.16763727e-02 -5.80830732e-04 -6.20511686e-03 8.08253884e-03 3.26704234e-03 -5.08738740e-04 1.15465967e-03 -6.83969539e-03 -6.02177391e-03
-7.76206236e-03 2.80716782e-03 1.39198378e-02 -4.18238388e-03 -2.42531439e-03 8.46124627e-03 -1.59409586e-02 5.80239482e-02 1.62590365e-03 1.67680308e-02 -2.19073817e-02 -8.83220974e-03 1.41084241e-03 -3.13702272e-03 1.85850877e-02 1.63715668e-02
1.63049586e-02 -8.12486373e-03 -3.30260098e-02 9.69162863e-03 5.76259941e-03 -2.05829646e-02 3.89790684e-02 -1.42256841e-01 -4.02442506e-03 -4.12116796e-02 5.38772158e-02 2.17295643e-02 -3.48468754e-03 7.72452867e-03 -4.57661971e-02 -4.03179899e-02
-5.31255081e-03 1.77246705e-03 1.11004859e-02 -3.13049462e-03 -1.88230490e-03 6.35881536e-03 -1.20468149e-02 4.36023511e-02 1.20132207e-03 1.25543782e-02 -1.63870323e-02 -6.60928711e-03 1.04795955e-03 -2.34401808e-03 1.38861025e-02 1.22307371e-02
-4.50493582e-03 9.16177116e-04 8.17065779e-03 -2.18010927e-03 -1.32436666e-03 4.21661977e-03 -7.96687417e-03 2.87306048e-02 7.90825638e-04 8.28726403e-03 -1.08159008e-02 -4.36182832e-03 6.91349502e-04 -1.54663005e-03 9.16222110e-03 8.06981046e-03
1.30358664e-03 -7.49896979e-04 -3.62957479e-03 1.16963522e-03 6.73252391e-04 -2.38084071e-03 4.52208333e-03 -1.64547749e-02 -4.62852739e-04 -4.75457124e-03 6.21328643e-03 2.50589382e-03 -4.01356403e-04 8.90555617e-04 -5.27626090e-03 -4.64805122e-03
-5.78401051e-03 2.11827713e-03 1.18774520e-02 -3.35057406e-03 -2.02692649e-03 6.88337209e-03 -1.30781326e-02 4.72152047e-02 1.31486100e-03 1.36026591e-02 -1.77656431e-02 -7.16494024e-03 1.14500988e-03 -2.54502892e-03 1.50782866e-02 1.32824732e-02
-2.50033627e-04 1.14207354e-03 2.67121801e-03 -1.00664480e-03 -5.53142454e-04 2.23994232e-03 -4.27088840e-03 1.57132465e-02 4.49800282e-04 4.56393976e-03 -5.97145176e-03 -2.40838272e-03 3.87411623e-04 -8.56786850e-04 5.07646939e-03 4.47234791e-03
-8.41314252e-03 3.64792184e-03 1.61671601e-02 -4.73621953e-03 -2.83396360e-03 9.83224530e-03 -1.86450817e-02 6.78475350e-02 1.90709298e-03 1.96133684e-02 -2.56266482e-02 -1.03353374e-02 1.65431073e-03 -3.67250643e-03 2.17582453e-02 1.91674642e-02
4.14971542e-03 -1.27906282e-03 -6.38430845e-03 1.88483892e-03 1.08902832e-03 -3.90727399e-03 7.41530582e-03 -2.69649494e-02 -7.63182819e-04 -7.81425182e-03 1.02152703e-02 4.12013195e-03 -6.60769932e-04 1.46464864e-03 -8.67775735e-03 -7.64472969e-03
5.57654630e-03 -2.08303472e-03 -9.38376971e-03 2.82355258e-03 1.64927891e-03 -5.89943910e-03 1.11434702e-02 -4.06032316e-02 -1.14694191e-03 -1.17670745e-02 1.53811527e-02 6.20250404e-03 -9.94044007e-04 2.20455625e-03 -1.30614229e-02 -1.15064289e-02
6.92633353e-03 -2.08554324e-04 -1.46364216e-02 4.00197972e-03 2.51805503e-03 -7.80933490e-03 1.49110826e-02 -5.35544604e-02 -1.45900086e-03 -1.53247425e-02 2.00440511e-02 8.05989653e-03 -1.26534689e-03 2.85448111e-03 -1.69099439e-02 -1.48903495e-02
3.53424158e-03 -5.36335516e-04 -6.80001546e-03 2.01057154e-03 1.28896500e-03 -3.69679788e-03 7.10839871e-03 -2.53302045e-02 -6.55943761e-04 -7.13610230e-03 9.29163024e-03 3.75160063e-03 -5.78489504e-04 1.32403092e-03 -7.84198288e-03 -6.90313382e-03
-7.36643095e-03 1.95919746e-03 1.50685590e-02 -4.24057245e-03 -2.54724687e-03 8.65870342e-03 -1.64086670e-02 5.92822209e-02 1.64799055e-03 1.71222799e-02 -2.23833732e-02 -9.02041327e-03 1.43405888e-03 -3.20070074e-03 1.89617295e-02 1.67020876e-02
1.11501594e-03 -2.09944381e-04 -2.54974538e-03 7.23476987e-04 4.40425676e-04 -1.48464378e-03 2.81016948e-03 -1.01848207e-02 -2.82903056e-04 -2.94062169e-03 3.84218385e-03 1.54890295e-03 -2.46389915e-04 5.49585850e-04 -3.25587718e-03 -2.86787516e-03
9.43936314e-03 -4.14683158e-03 -2.07287632e-02 6.09037094e-03 3.61530157e-03 -1.26707582e-02 2.38937251e-02 -8.68291259e-02 -2.44045048e-03 -2.51323935e-02 3.28465588e-02 1.32464059e-02 -2.11917050e-03 4.70628170e-03 -2.78830603e-02 -2.45626010e-02
7.81333447e-03 -3.26140737e-03 -1.58173107e-02 4.63977130e-03 2.72988784e-03 -9.64053720e-03 1.82816777e-02 -6.63705617e-02 -1.85641355e-03 -1.91796105e-02 2.50693746e-02 1.01094479e-02 -1.61340204e-03 3.58963152e-03 -2.12667901e-02 -1.87336430e-02
-1.40762124e-02 5.85302757e-03 2.87741683e-02 -8.02497845e-03 -4.81857825e-03 1.67686734e-02 -3.18818726e-02 1.15827233e-01 3.23748123e-03 3.33807245e-02 -4.36331481e-02 -1.76024716e-02 2.81691621e-03 -6.25411747e-03 3.70531864e-02 3.26412506e-02
-2.75510061e-03 3.55512369e-04 3.88482539e-03 -9.33287840e-04 -5.57634106e-04 1.94106309e-03 -3.68118053e-03 1.33608021e-02 3.76874988e-04 3.86608276e-03 -5.05332742e-03 -2.03801063e-03 3.26747744e-04 -7.24331534e-04 4.29150788e-03 3.78062460e-03
-1.07482960e-03 6.83137216e-04 2.19281344e-03 -6.97722484e-04 -4.04388877e-04 1.48208265e-03 -2.80790078e-03 1.02492720e-02 2.89964897e-04 2.97079282e-03 -3.88353853e-03 -1.56633556e-03 2.51088175e-04 -5.56757441e-04 3.29865515e-03 2.90594855e-03
-5.93962893e-03 -9.98654868e-05 1.46450344e-02 -4.17433586e-03 -2.55271839e-03 7.41910236e-03 -1.42219262e-02 5.08917123e-02 1.26425142e-03 1.42421816e-02 -1.84501596e-02 -7.44883716e-03 1.11093873e-03 -2.62029679e-03 1.55329369e-02 1.36541240e-02
1.68239214e-02 1.90657005e-03 -4.22469750e-02 1.22883217e-02 7.32561434e-03 -2.19938308e-02 4.27460670e-02 -1.50886804e-01 -4.02131537e-03 -4.34208289e-02 5.67528345e-02 2.29549129e-02 -3.50841181e-03 8.06832686e-03 -4.77861054e-02 -4.20434587e-02
3.49247269e-03 -3.93975177e-04 -3.65233561e-03 1.05489383e-03 6.29008282e-04 -2.04683817e-03 3.86832654e-03 -1.40622854e-02 -3.92266666e-04 -4.05821251e-03 5.30162826e-03 2.13858578e-03 -3.41924111e-04 7.59625167e-04 -4.50041518e-03 -3.96449352e-03
3.14076501e-03 -1.87297026e-03 -6.71080220e-03 2.12312234e-03 1.25128555e-03 -4.49457811e-03 8.50672182e-03 -3.10873259e-02 -8.74884019e-04 -8.97382013e-03 1.17283100e-02 4.72997641e-03 -7.57707865e-04 1.68102654e-03 -9.95958876e-03 -8.77380930e-03
-1.87784689e-03 1.51674892e-03 4.76229982e-03 -1.53475651e-03 -8.82808934e-04 3.28079541e-03 -6.21258141e-03 2.26994231e-02 6.43352454e-04 6.58384804e-03 -8.60773679e-03 -3.47177405e-03 5.56811050e-04 -1.23419252e-03 7.31234252e-03 6.44185394e-03
1.08270589e-02 -4.03218623e-03 -1.88438036e-02 5.35467546e-03 3.10602994e-03 -1.10387672e-02 2.09040605e-02 -7.61990026e-02 -2.14188755e-03 -2.20348965e-02 2.88040228e-02 1.16155520e-02 -1.85974839e-03 4.12737578e-03 -2.44532898e-02 -2.15417035e-02
-6.78095873e-03 1.52379833e-03 1.53971128e-02 -4.18122951e-03 -2.55204970e-03 8.28179903e-03 -1.57845337e-02 5.66140749e-02 1.52194221e-03 1.62305813e-02 -2.11959593e-02 -8.55221320e-03 1.32637285e-03 -3.02090007e-03 1.78946014e-02 1.57560539e-02
4.54989634e-03 -1.93852105e-03 -8.32972210e-03 2.47475738e-03 1.43497600e-03 -5.17032947e-03 9.79703944e-03 -3.56989726e-02 -1.00646599e-03 -1.03260959e-02 1.34983957e-02 5.44359861e-03 -8.72436620e-04 1.93479215e-03 -1.14631383e-02 -1.00984285e-02
-5.21854963e-03 3.61600355e-03 1.19895618e-02 -3.82441212e-03 -2.20232084e-03 8.16501398e-03 -1.54575864e-02 5.64937703e-02 1.60192139e-03 1.63879935e-02 -2.14257333e-02 -8.64190701e-03 1.38621312e-03 -3.07227019e-03 1.82026215e-02 1.60357449e-02
-9.02102329e-05 2.80760834e-03 7.45036174e-03 -2.61371629e-03 -1.48135656e-03 5.64461574e-03 -1.07272593e-02 3.92755754e-02 1.11488905e-03 1.13953426e-02 -1.48998322e-02 -6.01013796e-03 9.64185863e-04 -2.13674246e-03 1.26598198e-02 1.11527843e-02
1.46533605e-02 -7.07172463e-03 -2.84767263e-02 8.54153093e-03 5.07276133e-03 -1.78417712e-02 3.35682668e-02 -1.22433111e-01 -3.44820926e-03 -3.54651511e-02 4.63314503e-02 1.86856817e-02 -2.99254642e-03 6.64052553e-03 -3.93428653e-02 -3.46583463e-02
3.20644001e-03 -9.12972726e-04 -4.44694096e-03 1.37989316e-03 7.41062278e-04 -2.56421883e-03 4.86061769e-03 -1.77111067e-02 -4.97083820e-04 -5.11505920e-03 6.68443879e-03 2.69620446e-03 -4.31998400e-04 9.58173769e-04 -5.67690935e-03 -5.00104297e-03
-1.98055920e-03 1.21303229e-03 4.63836826e-03 -1.45192025e-03 -8.39544227e-04 3.05256690e-03 -5.79820340e-03 2.11128425e-02 5.97091101e-04 6.11917116e-03 -7.99991935e-03 -3.22662364e-03 5.17465291e-04 -1.14704389e-03 6.79600378e-03 5.98697830e-03
8.50939937e-03 -4.69040684e-03 -1.68189369e-02 5.30666718e-03 3.04235588e-03 -1.10643730e-02 2.09643599e-02 -7.65525997e-02 -2.16953224e-03 -2.22039130e-02 2.90294494e-02 1.17085287e-02 -1.87785935e-03 4.16232552e-03 -2.46609356e-02 -2.17252150e-02
4.26743599e-03 -1.58992817e-03 -7.80337257e-03 2.33089039e-03 1.38365966e-03 -4.78764810e-03 9.06116609e-03 -3.29621509e-02 -9.24983935e-04 -9.50876065e-03 1.24174720e-02 5.00677060e-03 -8.01760878e-04 1.77928456e-03 -1.05416644e-02 -9.28658247e-03
-7.19465408e-03 3.28766112e-03 1.50176249e-02 -4.31763614e-03 -2.52373749e-03 9.03042406e-03 -1.70900095e-02 6.21343255e-02 1.74997770e-03 1.79746747e-02 -2.34916955e-02 -9.47414991e-03 1.51779247e-03 -3.36705893e-03 1.99488681e-02 1.75738037e-02
8.21232144e-03 -3.08111869e-03 -1.62384454e-02 4.62737074e-03 2.77399016e-03 -9.45252087e-03 1.78932287e-02 -6.50141016e-02 -1.82486104e-03 -1.88243277e-02 2.45938022e-02 9.91829857e-03 -1.58606772e-03 3.52352858e-03 -2.08754316e-02 -1.83893573e-02
1.50721672e-03 -2.63857248e-04 -1.65898760e-03 4.18057141e-04 2.54695537e-04 -8.72154254e-04 1.64256128e-03 -5.99550502e-03 -1.68494895e-04 -1.72790722e-03 2.25871825e-03 9.10889881e-04 -1.46044040e-04 3.23781831e-04 -1.91832939e-03 -1.68995769e-03
-4.47560009e-03 2.32145726e-03 8.96630064e-03 -2.85473047e-03 -1.61888625e-03 5.74472267e-03 -1.08559169e-02 3.94951329e-02 1.11135910e-03 1.14328312e-02 -1.49315475e-02 -6.02309313e-03 9.64550301e-04 -2.14044005e-03 1.26814311e-02 1.11714629e-02
-8.62490386e-03 3.48640722e-03 1.61113143e-02 -4.93991701e-03 -2.83198524e-03 1.01963626e-02 -1.93386283e-02 7.02004507e-02 1.97980902e-03 2.03381851e-02 -2.65829507e-02 -1.07196998e-02 1.71765871e-03 -3.80979292e-03 2.25719642e-02 1.98846422e-02
-1.28596118e-02 6.55711396e-03 2.38460843e-02 -7.37519888e-03 -4.25426289e-03 1.56268924e-02 -2.95703877e-02 1.08021103e-01 3.06189014e-03 3.13257538e-02 -4.09541279e-02 -1.65186543e-02 2.64961855e-03 -5.87245403e-03 3.47931720e-02 3.06513160e-02
2.40642466e-02 -1.16999587e-02 -4.54263538e-02 1.37919141e-02 8.28663632e-03 -2.90780570e-02 5.49108312e-02 -2.00091928e-01 -5.64620830e-03 -5.78861237e-02 7.56656155e-02 3.05144917e-02 -4.89210011e-03 1.08467843e-02 -6.42646402e-02 -5.66139668e-02
-1.78041228e-03 4.39832482e-04 3.53292376e-03 -1.00790092e-03 -6.58573932e-04 1.98675692e-03 -3.80676310e-03 1.37165952e-02 3.61212995e-04 3.90242855e-03 -5.07342163e-03 -2.05178163e-03 3.13888799e-04 -7.24050798e-04 4.28813836e-03 3.77488229e-03
-7.37179653e-04 -6.01102249e-04 -5.79081650e-04 3.02687084e-04 1.59838513e-04 -7.68644910e-04 1.46786775e-03 -5.43130143e-03 -1.58065872e-04 -1.59831520e-03 2.09167646e-03 8.44155264e-04 -1.35875060e-04 3.00407963e-04 -1.77994312e-03 -1.56812603e-03
4.39543929e-03 -1.85732066e-03 -8.76143761e-03 2.55934568e-03 1.49784773e-03 -5.16377995e-03 9.81611665e-03 -3.56630981e-02 -9.97541938e-04 -1.03019122e-02 1.34632103e-02 5.42865088e-03 -8.67549737e-04 1.92828290e-03 -1.14242481e-02 -1.00636510e-02
5.14144194e-04 2.94880068e-04 -1.08586246e-04 -3.69740083e-05 -9.25383938e-06 1.47489409e-04 -2.85765447e-04 1.09925109e-03 3.39030157e-05 3.26332374e-04 -4.28634055e-04 -1.73221124e-04 2.83821992e-05 -6.19126076e-05 3.66917317e-04 3.23343556e-04
-1.77121945e-02 9.00309347e-03 3.47566195e-02 -1.05334837e-02 -6.06172998e-03 2.21039169e-02 -4.18252908e-02 1.52802870e-01 4.32167854e-03 4.42649275e-02 -5.78650124e-02 -2.33383793e-02 3.74255283e-03 -8.29638448e-03 4.91542965e-02 4.33027074e-02
1.11028808e-03 -6.59531099e-04 -3.14792595e-03 9.99088632e-04 5.73459722e-04 -2.04866985e-03 3.87823884e-03 -1.41175212e-02 -3.97534779e-04 -4.08709981e-03 5.34030190e-03 2.15377891e-03 -3.44602711e-04 7.65263336e-04 -4.53389250e-03 -3.99400992e-03
1.30390916e-02 -5.43734804e-03 -2.61204075e-02 7.63167022e-03 4.42672987e-03 -1.56663600e-02 2.96180379e-02 -1.07922092e-01 -3.02816951e-03 -3.12183034e-02 4.07913774e-02 1.64493751e-02 -2.63083726e-03 5.84362075e-03 -3.46210152e-02 -3.04981377e-02
-6.83670770e-03 2.21262779e-03 1.27482638e-02 -3.58884945e-03 -2.20868108e-03 7.53330672e-03 -1.42115531e-02 5.17617986e-02 1.45174668e-03 1.49314590e-02 -1.95124894e-02 -7.86808133e-03 1.25990179e-03 -2.79589510e-03 1.65647827e-02 1.45925255e-02
-4.01096232e-03 1.24652195e-03 7.36832339e-03 -1.95592176e-03 -1.20334676e-03 3.93854082e-03 -7.47360336e-03 2.71168295e-02 7.61588977e-04 7.84021523e-03 -1.02479076e-02 -4.13296139e-03 6.61807775e-04 -1.46861793e-03 8.70112423e-03 7.66514614e-03
2.83313124e-03 -1.06580858e-03 -5.63576119e-03 1.67449575e-03 9.84190963e-04 -3.45806591e-03 6.58327620e-03 -2.39132605e-02 -6.71450514e-04 -6.90553989e-03 9.02655069e-03 3.64087452e-03 -5.83232730e-04 1.29386585e-03 -7.66575150e-03 -6.75310241e-03
-5.68604050e-03 1.98971084e-03 1.07127028e-02 -3.38623044e-03 -2.01096549e-03 6.86583808e-03 -1.29655246e-02 4.71950918e-02 1.32909568e-03 1.36491731e-02 -1.78302508e-02 -7.19084777e-03 1.15213031e-03 -2.55549676e-03 1.51406033e-02 1.33380014e-02
