-2.11201552e-02 7.74292648e-03 7.04757404e-03 -4.83539933e-03 -4.05538129e-03 1.31788384e-02 -1.34727191e-02 5.10486066e-02 -1.43150678e-02 1.12525793e-02 -2.03360990e-02 1.24885715e-04 -2.55029276e-03 2.89626420e-04 8.86172429e-03 2.50826161e-02
1.98570192e-02 -7.37390714e-03 -6.88228011e-03 4.78275958e-03 3.98854027e-03 -1.28860762e-02 1.32465744e-02 -5.00821769e-02 1.40052512e-02 -1.10361250e-02 1.99073590e-02 -1.23969265e-04 2.49749981e-03 -2.80643668e-04 -8.66907742e-03 -2.45299395e-02
-4.58222488e-03 1.26137096e-03 1.65504054e-03 -1.48892729e-03 -8.43856658e-04 2.63937842e-03 -2.86876224e-03 1.05618946e-02 -2.88439495e-03 2.28490750e-03 -4.11117868e-03 2.88035480e-05 -5.16622153e-04 5.45207440e-05 1.78111391e-03 5.03163878e-03
2.97416840e-02 -1.14169465e-02 -9.69676953e-03 6.50383811e-03 5.79247763e-03 -1.90037694e-02 1.90672576e-02 -7.31881931e-02 2.05948353e-02 -1.61755159e-02 2.92508621e-02 -1.72595901e-04 3.66830872e-03 -4.22941870e-04 -1.27690332e-02 -3.61569375e-02
-2.31658928e-02 9.17888060e-03 7.52182538e-03 -5.20082377e-03 -4.60834661e-03 1.50559973e-02 -1.51395798e-02 5.81679642e-02 -1.63257271e-02 1.28373392e-02 -2.31829192e-02 1.37986004e-04 -2.90839351e-03 3.33742151e-04 1.01195471e-02 2.86511462e-02
8.10908736e-04 -6.77393982e-05 -3.76204553e-04 3.17730970e-04 1.15152485e-04 -3.22581007e-04 4.44661942e-04 -1.46703224e-03 3.61017766e-04 -2.98336294e-04 5.29429992e-04 -6.73579189e-06 6.80438388e-05 -3.02993703e-06 -2.23174473e-04 -6.20120089e-04
1.63826253e-02 -5.85360685e-03 -6.21419493e-03 4.45746444e-03 3.27826687e-03 -1.02713695e-02 1.11629348e-02 -4.11093794e-02 1.12377368e-02 -9.03776381e-03 1.62505303e-02 -1.41834753e-04 2.05655582e-03 -1.65850506e-04 -7.00960169e-03 -1.96337719e-02
4.75851959e-03 -1.53150724e-03 -1.73593708e-03 1.38115126e-03 9.12631454e-04 -2.89948029e-03 3.04102362e-03 -1.13330213e-02 3.15770903e-03 -2.49596615e-03 4.49772924e-03 -2.97590705e-05 5.64582297e-04 -6.16012112e-05 -1.95364119e-03 -5.52337524e-03
4.40590717e-02 -1.65965855e-02 -1.51422247e-02 1.05144707e-02 8.74019694e-03 -2.84930002e-02 2.90418491e-02 -1.10441118e-01 3.09692658e-02 -2.44152043e-02 4.41168211e-02 -2.80391308e-04 5.53245796e-03 -6.13426848e-04 -1.91790555e-02 -5.42539097e-02
4.48809378e-03 -1.09059771e-03 -1.75424269e-03 1.10247184e-03 7.98850495e-04 -2.45811511e-03 2.70260102e-03 -1.00366930e-02 2.67860317e-03 -2.10967241e-03 3.80815472e-03 -2.47568878e-05 4.77950874e-04 -5.30761281e-05 -1.65559072e-03 -4.68321284e-03
-7.97325559e-03 2.83596991e-03 2.61743786e-03 -1.83977967e-03 -1.52282440e-03 4.93062520e-03 -5.01746498e-03 1.91449653e-02 -5.34970686e-03 4.20954078e-03 -7.60410260e-03 4.60584124e-05 -9.53677518e-04 1.08742672e-04 3.31495493e-03 9.38397925e-03
-2.18839478e-02 7.63580110e-03 7.44798314e-03 -5.21355728e-03 -4.17279359e-03 1.34544391e-02 -1.38513111e-02 5.23557216e-02 -1.46148968e-02 1.14986608e-02 -2.07824502e-02 1.30683300e-04 -2.60819052e-03 2.92490586e-04 9.05243959e-03 2.56133527e-02
7.91317504e-03 -2.95161130e-03 -2.74008000e-03 1.82817399e-03 1.56679121e-03 -5.06781554e-03 5.16158948e-03 -1.96242910e-02 5.50276507e-03 -4.33072960e-03 7.82321114e-03 -4.84754310e-05 9.81398276e-04 -1.10913221e-04 -3.40850488e-03 -9.64639988e-03
2.34570149e-02 -8.18520505e-03 -8.20543431e-03 5.55229886e-03 4.51667141e-03 -1.44786304e-02 1.50248306e-02 -5.66766337e-02 1.57540943e-02 -1.23848421e-02 2.23698188e-02 -1.41595621e-04 2.80901021e-03 -3.13698110e-04 -9.74455941e-03 -2.75679212e-02
-4.01552171e-02 1.48899471e-02 1.37551045e-02 -8.88462365e-03 -7.76227470e-03 2.54339483e-02 -2.57163327e-02 9.82004106e-02 -2.75922641e-02 2.16545016e-02 -3.91582623e-02 2.32466526e-04 -4.91141621e-03 5.65432885e-04 1.70919653e-02 4.83958423e-02
1.41541734e-01 -5.61029837e-02 -4.51940373e-02 2.91606318e-02 2.78434511e-02 -9.19363275e-02 9.17590782e-02 -3.53352457e-01 9.96030048e-02 -7.82034621e-02 1.41448006e-01 -8.31895974e-04 1.77413076e-02 -2.04781257e-03 -6.17665462e-02 -1.74903393e-01
-9.27237049e-03 4.68109502e-03 2.70215771e-03 -1.44972606e-03 -1.93562312e-03 6.54196693e-03 -6.35171169e-03 2.47842651e-02 -7.07767904e-03 5.55133447e-03 -1.00500518e-02 5.81574568e-05 -1.26074906e-03 1.46262304e-04 4.39262949e-03 1.24400388e-02
-3.14363949e-02 1.18335001e-02 1.02260830e-02 -7.00486684e-03 -6.13098545e-03 2.00131424e-02 -2.01831330e-02 7.73240775e-02 -2.17061844e-02 1.70501582e-02 -3.08217816e-02 1.83703552e-04 -3.86591977e-03 4.43617988e-04 1.34500274e-02 3.80809158e-02
2.56011635e-02 -1.00972326e-02 -8.26323219e-03 5.51938545e-03 5.06213354e-03 -1.66451130e-02 1.66852046e-02 -6.40654862e-02 1.80373304e-02 -1.41635891e-02 2.56144218e-02 -1.50909706e-04 3.21253901e-03 -3.70622787e-04 -1.11835264e-02 -3.16678770e-02
-6.79352134e-02 2.70333979e-02 2.12854836e-02 -1.39998905e-02 -1.33255767e-02 4.38906774e-02 -4.37887795e-02 1.68740600e-01 -4.75518554e-02 3.73391509e-02 -6.75334632e-02 3.97297466e-04 -8.47014878e-03 9.77615244e-04 2.94886529e-02 8.35024640e-02
1.77705158e-02 -6.69848360e-03 -5.87162049e-03 3.94917745e-03 3.44825373e-03 -1.12454360e-02 1.14063667e-02 -4.35755663e-02 1.21960938e-02 -9.58360359e-03 1.73255727e-02 -1.03723854e-04 2.17265403e-03 -2.49361532e-04 -7.55815720e-03 -2.13992018e-02
7.13801384e-02 -2.80720349e-02 -2.29974743e-02 1.55693414e-02 1.41231669e-02 -4.64513525e-02 4.64940704e-02 -1.78686559e-01 5.03319688e-02 -3.95213552e-02 7.14794919e-02 -4.21129429e-04 8.96513741e-03 -1.03423791e-03 -3.12096886e-02 -8.83748829e-02
4.81351512e-03 -1.11308962e-03 -1.74602715e-03 1.33795768e-03 8.54237587e-04 -2.68422300e-03 2.90871901e-03 -1.06514664e-02 2.92600202e-03 -2.31492519e-03 4.16969415e-03 -2.81610846e-05 5.23435243e-04 -5.62332752e-05 -1.80965406e-03 -5.11497492e-03
-6.60671946e-03 3.52887204e-03 1.40545750e-03 -4.40396660e-04 -1.23183429e-03 4.21321718e-03 -4.01382660e-03 1.58483610e-02 -4.54033632e-03 3.53401829e-03 -6.41324604e-03 3.15987490e-05 -8.05883144e-04 1.00271260e-04 2.82014534e-03 8.00210703e-03
3.79690528e-03 -1.93190982e-03 -1.01486815e-03 3.71956034e-04 7.47587997e-04 -2.56677670e-03 2.46633380e-03 -9.72172897e-03 2.77311471e-03 -2.17219628e-03 3.93486582e-03 -2.22200852e-05 4.93787462e-04 -5.78246472e-05 -1.72247039e-03 -4.87927301e-03
-4.50660698e-02 1.80458501e-02 1.44145889e-02 -9.43348743e-03 -8.92616063e-03 2.94259302e-02 -2.93775778e-02 1.13154799e-01 -3.18799764e-02 2.50306372e-02 -4.52734381e-02 2.66295683e-04 -5.67851169e-03 6.55415352e-04 1.97695289e-02 5.59810102e-02
1.42906401e-02 -4.36314335e-03 -5.69946738e-03 4.39449400e-03 2.82536680e-03 -8.83065443e-03 9.40830167e-03 -3.48427929e-02 9.63717047e-03 -7.63509097e-03 1.37809785e-02 -9.46357177e-05 1.72670069e-03 -1.83630618e-04 -5.95933618e-03 -1.68331228e-02
4.19784412e-02 -1.69854090e-02 -1.33785289e-02 8.98294989e-03 8.29235744e-03 -2.72534359e-02 2.73174234e-02 -1.04961224e-01 2.95456294e-02 -2.32177339e-02 4.19799089e-02 -2.50080397e-04 5.26431156e-03 -6.04435336e-04 -1.83152463e-02 -5.18555455e-02
-7.70348997e-04 -3.20251682e-04 3.07038950e-04 -2.65305513e-04 7.99472582e-06 -1.24330705e-04 -3.55618977e-05 -2.21508002e-04 1.20652505e-04 -8.78225983e-05 1.46661157e-04 4.18071886e-06 1.86259913e-05 -6.11334644e-06 -7.79777984e-05 -2.29911413e-04
-4.00812365e-03 8.68396019e-04 1.70953502e-03 -1.38255511e-03 -7.24346668e-04 2.18252302e-03 -2.40251608e-03 8.87084752e-03 -2.39220378e-03 1.90593465e-03 -3.42154922e-03 2.58962518e-05 -4.29708743e-04 4.33228706e-05 1.47608272e-03 4.16465476e-03
-1.79583095e-02 6.14338834e-03 6.35337550e-03 -4.45362879e-03 -3.48614855e-03 1.11976843e-02 -1.17602460e-02 4.45112698e-02 -1.22008212e-02 9.64354910e-03 -1.73436850e-02 1.14853901e-04 -2.18445808e-03 2.27337179e-04 7.55963661e-03 2.13420950e-02
2.11906713e-03 -1.79197104e-03 -2.27644108e-04 3.48304282e-04 5.15446067e-04 -1.77786069e-03 1.69280393e-03 -6.65801903e-03 1.92001718e-03 -1.50342064e-03 2.72121700e-03 -1.53435667e-05 3.42085259e-04 -3.97394651e-05 -1.19280175e-03 -3.37793375e-03
7.95266926e-02 -3.07830684e-02 -2.59777121e-02 1.89075358e-02 1.57644842e-02 -5.15183993e-02 5.17684892e-02 -1.98819429e-01 5.58488220e-02 -4.38585021e-02 7.92954937e-02 -4.69342485e-04 9.94696468e-03 -1.14570197e-03 -3.46189961e-02 -9.80251655e-02
-5.52338883e-02 2.10137814e-02 1.80389564e-02 -1.15394201e-02 -1.07755065e-02 3.53494808e-02 -3.54956016e-02 1.36092633e-01 -3.83058451e-02 3.00741531e-02 -5.44045791e-02 3.20376857e-04 -6.82205055e-03 7.87212339e-04 2.37497929e-02 6.72515556e-02
2.82268915e-02 -1.14274705e-02 -8.86110868e-03 5.78308059e-03 5.59047470e-03 -1.84258856e-02 1.84147749e-02 -7.08369836e-02 1.99624691e-02 -1.56730823e-02 2.83493754e-02 -1.66679529e-04 3.55571671e-03 -4.10431530e-04 -1.23792943e-02 -3.50542665e-02
-2.20208857e-02 8.45194329e-03 7.06456462e-03 -4.73556714e-03 -4.32026945e-03 1.41747734e-02 -1.42258191e-02 5.45967482e-02 -1.53633114e-02 1.20679652e-02 -2.18188204e-02 1.28950647e-04 -2.73650838e-03 3.15329526e-04 9.52474121e-03 2.69699972e-02
-7.87713390e-04 3.51858529e-04 2.22079630e-04 -1.43080251e-04 -1.47344253e-04 4.88306570e-04 -4.85324068e-04 1.87188259e-03 -5.28882607e-04 4.15212271e-04 -7.51090003e-04 4.40811164e-06 -9.42111801e-05 1.08804870e-05 3.28027818e-04 9.28884314e-04
1.34838149e-02 -6.17830316e-03 -3.91101791e-03 2.45031412e-03 2.70948349e-03 -9.01428517e-03 8.90291575e-03 -3.44836079e-02 9.76243429e-03 -7.66142365e-03 1.38650546e-02 -8.14032901e-05 1.73902209e-03 -2.00870229e-04 -6.05508452e-03 -1.71462912e-02
6.11235667e-03 -2.09685043e-03 -2.10505375e-03 1.39313424e-03 1.16110058e-03 -3.72425653e-03 3.79102910e-03 -1.44112427e-02 4.04130388e-03 -3.17606214e-03 5.74189657e-03 -3.45886256e-05 7.19922013e-04 -8.24163581e-05 -2.50347750e-03 -7.08763301e-03
-8.91914032e-03 3.60567775e-03 2.82454677e-03 -1.88849762e-03 -1.76801498e-03 5.82845276e-03 -5.82230417e-03 2.24059056e-02 -6.31495845e-03 4.95820306e-03 -8.96759797e-03 5.27502671e-05 -1.12477283e-03 1.29815249e-04 3.91583005e-03 1.10883703e-02
-7.96733797e-03 2.81071849e-03 2.78807385e-03 -1.97677780e-03 -1.55111623e-03 4.97445557e-03 -5.11223823e-03 1.93951055e-02 -5.40372776e-03 4.25397325e-03 -7.68433744e-03 4.76239657e-05 -9.63764847e-04 1.08842527e-04 3.34614050e-03 9.46976058e-03
3.52606997e-02 -1.22645292e-02 -1.16791017e-02 8.45372770e-03 6.73319772e-03 -2.15946846e-02 2.23208610e-02 -8.41789395e-02 2.34493390e-02 -1.84418410e-02 3.32942270e-02 -2.03517950e-04 4.17750841e-03 -4.74963424e-04 -1.45211006e-02 -4.11015041e-02
-4.16364847e-03 1.26458285e-03 1.55963493e-03 -1.16674346e-03 -8.20057816e-04 2.58132862e-03 -2.71101785e-03 1.01434430e-02 -2.80682114e-03 2.21462082e-03 -3.99608212e-03 2.49721652e-05 -5.00399619e-04 5.64617221e-05 1.73723267e-03 4.91649937e-03
1.91199854e-02 -7.23072095e-03 -6.33335020e-03 4.31567337e-03 3.70602612e-03 -1.20937442e-02 1.21679334e-02 -4.67081890e-02 1.31124128e-02 -1.02988062e-02 1.86201707e-02 -1.10197550e-04 2.33513676e-03 -2.68925010e-04 -8.12673289e-03 -2.30111182e-02
-2.19021887e-02 6.97453227e-03 7.65699241e-03 -5.51476981e-03 -4.14150162e-03 1.32438969e-02 -1.38038155e-02 5.26522808e-02 -1.44417230e-02 1.13733187e-02 -2.05023400e-02 1.39410869e-04 -2.58440338e-03 2.65678187e-04 8.93270317e-03 2.52403300e-02
2.51743235e-02 -9.22634825e-03 -8.41567665e-03 5.65209985e-03 4.88422671e-03 -1.58271883e-02 1.61329433e-02 -6.15273640e-02 1.71783101e-02 -1.35066127e-02 2.44060680e-02 -1.46290447e-04 3.05931014e-03 -3.50021786e-04 -1.06405420e-02 -3.01236529e-02
6.51172027e-02 -2.25862954e-02 -2.13807877e-02 1.48886936e-02 1.25115626e-02 -4.04493622e-02 4.14864458e-02 -1.57070860e-01 4.39063646e-02 -3.46393585e-02 6.23962320e-02 -3.77225573e-04 7.82412384e-03 -8.90564115e-04 -2.72042267e-02 -7.69939795e-02
5.63120469e-02 -2.33415328e-02 -1.76288523e-02 1.18146241e-02 1.12514738e-02 -3.71447839e-02 3.70340534e-02 -1.42766416e-01 4.02413420e-02 -3.15961987e-02 5.71482442e-02 -3.36042227e-04 7.16794236e-03 -8.27368756e-04 -2.49552559e-02 -7.06654042e-02
-8.48260894e-03 2.97422684e-03 2.57625896e-03 -1.99077232e-03 -1.55565096e-03 5.08936774e-03 -5.10384049e-03 1.95910353e-02 -5.51646203e-03 4.33323625e-03 -7.83387944e-03 4.62084427e-05 -9.82477563e-04 1.13308161e-04 3.42007214e-03 9.68438201e-03
-9.22591984e-02 3.73727418e-02 2.94113979e-02 -1.88972987e-02 -1.83541309e-02 6.06422015e-02 -6.04492612e-02 2.33045205e-01 -6.56954050e-02 5.15802279e-02 -9.32970420e-02 5.48541546e-04 -1.17020337e-02 1.35075429e-03 4.07408848e-02 1.15365371e-01
-3.71521823e-02 1.53365154e-02 1.17390836e-02 -7.65420729e-03 -7.42386375e-03 2.45210920e-02 -2.44579203e-02 9.42426026e-02 -2.65650526e-02 2.08572485e-02 -3.77257876e-02 2.21819850e-04 -4.73184092e-03 5.46184834e-04 1.64739639e-02 4.66490723e-02
2.20908877e-02 -8.12236685e-03 -7.52720237e-03 5.23129059e-03 4.31003328e-03 -1.39955459e-02 1.42327799e-02 -5.41670211e-02 1.51937464e-02 -1.19533893e-02 2.15972885e-02 -1.31793888e-04 2.70832540e-03 -3.07708047e-04 -9.41136852e-03 -2.66376007e-02
-9.24654026e-03 3.36958584e-03 3.02800629e-03 -2.03888700e-03 -1.77053781e-03 5.81240468e-03 -5.83590474e-03 2.24016421e-02 -6.30045775e-03 4.94725863e-03 -8.94708373e-03 5.27777229e-05 -1.12200016e-03 1.29395412e-04 3.90565861e-03 1.10593839e-02
-5.97972423e-03 2.13735341e-03 2.08525825e-03 -1.43158075e-03 -1.15236931e-03 3.72011890e-03 -3.81070608e-03 1.44899981e-02 -4.03996743e-03 3.18158139e-03 -5.74839208e-03 3.56921300e-05 -7.20730692e-04 8.12994185e-05 2.50229123e-03 7.08139315e-03
-1.64517667e-02 6.38142042e-03 5.13854856e-03 -3.72569170e-03 -3.22032557e-03 1.05463592e-02 -1.05707180e-02 4.06208038e-02 -1.14289336e-02 8.97474494e-03 -1.62298381e-02 9.56384974e-05 -2.03547860e-03 2.34828825e-04 7.08610518e-03 2.00653970e-02
-2.78099161e-02 9.73447971e-03 9.36156698e-03 -6.48084655e-03 -5.22208121e-03 1.68704875e-02 -1.73497368e-02 6.63172379e-02 -1.83361322e-02 1.44619308e-02 -2.61483714e-02 1.67376886e-04 -3.27486335e-03 3.63084488e-04 1.13574294e-02 3.21236067e-02
-1.14718024e-02 4.41748556e-03 3.66641814e-03 -2.57874979e-03 -2.23211688e-03 7.31769484e-03 -7.34969322e-03 2.82140523e-02 -7.93234818e-03 6.23164512e-03 -1.12665938e-02 6.68414577e-05 -1.41296152e-03 1.62627926e-04 4.91724908e-03 1.39231645e-02
1.10896006e-02 -4.00044117e-03 -3.61582893e-03 2.49852100e-03 2.14793347e-03 -6.98692491e-03 7.03753391e-03 -2.69459505e-02 7.57416803e-03 -5.94890676e-03 1.07559543e-02 -6.36611658e-05 1.34886533e-03 -1.55409085e-04 -4.69476730e-03 -1.32935271e-02
-1.07547026e-02 4.52503562e-03 3.38329352e-03 -2.22027022e-03 -2.14733067e-03 7.09141139e-03 -7.07602594e-03 2.72621326e-02 -7.68293114e-03 6.03213534e-03 -1.09111061e-02 6.41855004e-05 -1.36847177e-03 1.57940682e-04 4.76425514e-03 1.34908343e-02
2.37460434e-02 -1.03479028e-02 -7.60342460e-03 5.01803588e-03 4.89065144e-03 -1.61719155e-02 1.61154196e-02 -6.21430203e-02 1.75194200e-02 -1.37552116e-02 2.48801708e-02 -1.46284117e-04 3.12066055e-03 -3.60214472e-04 -1.08646471e-02 -3.07652634e-02
-3.95216653e-03 1.50601752e-03 1.35047804e-03 -8.98335769e-04 -7.77970301e-04 2.53198692e-03 -2.56906892e-03 9.79705341e-03 -2.74690893e-03 2.15946394e-03 -3.90293985e-03 2.34756862e-05 -4.89405473e-04 5.60127228e-05 1.70199189e-03 4.81843203e-03
8.63887742e-02 -3.72817926e-02 -2.75557525e-02 1.81794707e-02 1.76839605e-02 -5.84470965e-02 5.82675636e-02 -2.24622458e-01 6.33191690e-02 -4.97150049e-02 8.99234414e-02 -5.28807868e-04 1.12786414e-02 -1.30182586e-03 -3.92664634e-02 -1.11190222e-01
1.61738358e-02 -6.84039108e-03 -5.33736777e-03 3.56462039e-03 3.34344991e-03 -1.09842699e-02 1.10211363e-02 -4.23301272e-02 1.19065801e-02 -9.35156271e-03 1.69105381e-02 -1.00415084e-04 2.12112162e-03 -2.43980990e-04 -7.38125667e-03 -2.08996125e-02
2.81038992e-02 -8.77946150e-03 -9.25638434e-03 6.56415336e-03 5.15889609e-03 -1.66748464e-02 1.71177853e-02 -6.47879019e-02 1.80868041e-02 -1.42158279e-02 2.57002469e-02 -1.53429835e-04 3.22144292e-03 -3.70184367e-04 -1.12074772e-02 -3.17329019e-02
-2.97795702e-03 1.29134615e-03 8.69760406e-04 -5.49846154e-04 -5.85375878e-04 1.95916253e-03 -1.93189061e-03 7.50184292e-03 -2.12079962e-03 1.66399707e-03 -3.01111862e-03 1.75239184e-05 -3.77757795e-04 4.37489398e-05 1.31581363e-03 3.72627098e-03
1.04882251e-02 -2.69836094e-03 -4.23741760e-03 3.13805719e-03 2.01311870e-03 -6.17155060e-03 6.70185033e-03 -2.48011760e-02 6.73024682e-03 -5.31411590e-03 9.60022490e-03 -6.32109732e-05 1.20374933e-03 -1.31938737e-04 -4.15883493e-03 -1.17604686e-02
-2.64783315e-02 1.03227124e-02 8.83373059e-03 -5.96484402e-03 -5.24533074e-03 1.71357859e-02 -1.73642207e-02 6.62507042e-02 -1.85804348e-02 1.46059552e-02 -2.64070146e-02 1.57551403e-04 -3.31056979e-03 3.80061072e-04 1.15167163e-02 3.26068103e-02
-5.22801802e-02 1.99963544e-02 1.64839514e-02 -1.12213045e-02 -1.01516712e-02 3.34749706e-02 -3.34473215e-02 1.28726587e-01 -3.62709835e-02 2.84808166e-02 -5.15150800e-02 3.03576991e-04 -6.46086736e-03 7.45466212e-04 2.24913470e-02 6.36879355e-02
-1.61350961e-03 4.08380147e-04 7.58612179e-04 -6.46337983e-04 -3.47738183e-04 1.02773891e-03 -1.19698665e-03 4.24198294e-03 -1.13139942e-03 9.08904476e-04 -1.63109310e-03 1.40890097e-05 -2.05285774e-04 1.84712862e-05 6.98480697e-04 1.96531438e-03
-4.98738838e-03 1.91604136e-03 1.76023284e-03 -1.21700228e-03 -1.02415844e-03 3.28977662e-03 -3.39974975e-03 1.28011322e-02 -3.57416878e-03 2.81641632e-03 -5.08675212e-03 3.20071595e-05 -6.37766672e-04 7.16066570e-05 2.21340288e-03 6.26312848e-03
4.02715690e-02 -1.45104118e-02 -1.47246560e-02 9.23334528e-03 7.84061383e-03 -2.54749563e-02 2.58701276e-02 -9.85757187e-02 2.76500825e-02 -2.17416175e-02 3.92807871e-02 -2.39114059e-04 4.92887199e-03 -5.61895256e-04 -1.71286352e-02 -4.84842844e-02
7.67240953e-03 -2.31318153e-03 -2.51173764e-03 1.78235827e-03 1.38939568e-03 -4.44920687e-03 4.52678930e-03 -1.72133204e-02 4.82958509e-03 -3.79881612e-03 6.86107762e-03 -4.15167997e-05 8.60271684e-04 -9.83245918e-05 -2.99103861e-03 -8.46762117e-03
8.73595625e-02 -3.01381648e-02 -2.82068849e-02 1.98315624e-02 1.65953208e-02 -5.38898334e-02 5.50518110e-02 -2.08799154e-01 5.84686287e-02 -4.59781587e-02 8.30950141e-02 -4.98924404e-04 1.04151117e-02 -1.19215110e-03 -3.62251438e-02 -1.02557518e-01
1.95310600e-02 -7.51320366e-03 -6.36743708e-03 4.20603715e-03 3.86068714e-03 -1.26074553e-02 1.26837045e-02 -4.85944487e-02 1.36619583e-02 -1.07274828e-02 1.94016695e-02 -1.14213741e-04 2.43326114e-03 -2.80792621e-04 -8.47101677e-03 -2.39871256e-02
-1.10137649e-02 3.47259804e-03 3.92295700e-03 -2.53536156e-03 -2.04383489e-03 6.53946400e-03 -6.76140655e-03 2.54483372e-02 -7.11287977e-03 5.59884543e-03 -1.01116570e-02 6.43745443e-05 -1.26890186e-03 1.41702898e-04 4.40117251e-03 1.24514028e-02
1.07376864e-02 -3.74461384e-03 -3.57252709e-03 2.59763212e-03 2.05918169e-03 -6.60247263e-03 6.77524367e-03 -2.58021411e-02 7.18136365e-03 -5.65839792e-03 1.02074286e-02 -6.63203828e-05 1.28305354e-03 -1.41214376e-04 -4.44638217e-03 -1.25735002e-02
-2.86228433e-02 1.05926143e-02 9.17269010e-03 -6.56719320e-03 -5.48105687e-03 1.78912301e-02 -1.80463605e-02 6.91634417e-02 -1.94033831e-02 1.52575625e-02 -2.75808517e-02 1.65686681e-04 -3.45802004e-03 3.95569543e-04 1.20265875e-02 3.40479426e-02
6.24666512e-02 -2.42169145e-02 -2.06825044e-02 1.31123848e-02 1.23535786e-02 -4.04874198e-02 4.05242927e-02 -1.55848145e-01 4.38707881e-02 -3.44478711e-02 6.23038001e-02 -3.66817490e-04 7.81393144e-03 -9.01632768e-04 -2.72025354e-02 -7.70285055e-02
-1.25939157e-02 4.14292142e-03 4.54667583e-03 -3.16814217e-03 -2.40414659e-03 7.70382397e-03 -8.00284185e-03 3.01871244e-02 -8.38250481e-03 6.60920655e-03 -1.19258249e-02 7.67515157e-05 -1.49669859e-03 1.65875594e-04 5.18656522e-03 1.46711636e-02
-2.18210611e-02 7.61832623e-03 7.76392035e-03 -5.65107772e-03 -4.25553415e-03 1.35944905e-02 -1.40560875e-02 5.30357920e-02 -1.47908479e-02 1.16618695e-02 -2.10513752e-02 1.36249233e-04 -2.64214841e-03 2.91391625e-04 9.15458053e-03 2.58907862e-02
9.92855616e-03 -3.28787556e-03 -3.33612482e-03 2.69940076e-03 1.94897794e-03 -6.24466687e-03 6.43944833e-03 -2.43523121e-02 6.77762367e-03 -5.32970624e-03 9.62681696e-03 -5.78831241e-05 1.20711408e-03 -1.38234842e-04 -4.19809390e-03 -1.18854288e-02
-1.53056094e-02 5.35918912e-03 5.38716838e-03 -3.66592058e-03 -2.96825543e-03 9.56461858e-03 -9.87736136e-03 3.72387171e-02 -1.03864325e-02 8.16704240e-03 -1.47502599e-02 8.93576434e-05 -1.85000745e-03 2.11214021e-04 6.43125316e-03 1.82058550e-02
6.94186985e-03 -2.90583051e-03 -2.08954932e-03 1.40074524e-03 1.35868846e-03 -4.47462406e-03 4.46944498e-03 -1.72057357e-02 4.84893471e-03 -3.80759011e-03 6.88592065e-03 -4.06489635e-05 8.63706751e-04 -9.95667651e-05 -3.00644455e-03 -8.51302687e-03
-2.31423285e-02 8.42793752e-03 7.75299408e-03 -5.26476931e-03 -4.48346976e-03 1.45344231e-02 -1.47440489e-02 5.62875085e-02 -1.57651361e-02 1.23945381e-02 -2.23965961e-02 1.34333619e-04 -2.80887890e-03 3.21797415e-04 9.76929534e-03 2.76584998e-02
3.29154059e-02 -1.29134590e-02 -1.05533646e-02 7.07207806e-03 6.51683845e-03 -2.14615650e-02 2.14730948e-02 -8.25257748e-02 2.32522953e-02 -1.82573348e-02 3.30214761e-02 -1.94263455e-04 4.14168416e-03 -4.78030881e-04 -1.44190192e-02 -4.08300608e-02
1.83984712e-02 -7.00592576e-03 -5.73546020e-03 3.86575260e-03 3.52939381e-03 -1.15909874e-02 1.16124982e-02 -4.46145758e-02 1.25621920e-02 -9.86675546e-03 1.78435836e-02 -1.05402876e-04 2.23758398e-03 -2.57893000e-04 -7.78833358e-03 -2.20533460e-02
2.24558227e-02 -7.01355888e-03 -8.25440697e-03 5.92972478e-03 4.32591746e-03 -1.36871478e-02 1.45232985e-02 -5.42345122e-02 1.48991449e-02 -1.18005555e-02 2.13735104e-02 -1.46020204e-04 2.67645740e-03 -2.81129993e-04 -9.23872739e-03 -2.60889865e-02
4.84260847e-04 5.34447376e-04 -2.65947659e-04 3.71206377e-04 -7.72434214e-05 4.02942940e-04 -1.49565545e-04 1.02745392e-03 -4.16765048e-04 3.01689637e-04 -5.64296904e-04 -3.49884704e-06 -6.80991070e-05 1.72863147e-05 2.59658002e-04 7.59159448e-04
-2.20824014e-02 7.29996711e-03 7.42480252e-03 -5.03591308e-03 -4.11184505e-03 1.33035230e-02 -1.36136347e-02 5.15835322e-02 -1.44464439e-02 1.13648046e-02 -2.05567200e-02 1.26769199e-04 -2.57625454e-03 2.91649980e-04 8.94740783e-03 2.53235660e-02
1.26445917e-02 -4.87022707e-03 -4.23862366e-03 2.84638978e-03 2.52434611e-03 -8.22732411e-03 8.32254067e-03 -3.18150297e-02 8.92704632e-03 -7.01932888e-03 1.26916273e-02 -7.71921696e-05 1.59116706e-03 -1.81156312e-04 -5.53147728e-03 -1.56576894e-02
2.88806502e-02 -1.06259547e-02 -9.62261856e-03 6.42221002e-03 5.58406627e-03 -1.82164460e-02 1.83627903e-02 -7.02516064e-02 1.97542608e-02 -1.55173447e-02 2.80581508e-02 -1.67010367e-04 3.51852411e-03 -4.04346356e-04 -1.22433007e-02 -3.46650817e-02
2.50891671e-02 -9.10397805e-03 -8.34746286e-03 5.63666178e-03 4.83596325e-03 -1.57655012e-02 1.60075352e-02 -6.10180795e-02 1.71079598e-02 -1.34459604e-02 2.43149679e-02 -1.47625760e-04 3.04874848e-03 -3.48034024e-04 -1.05986157e-02 -3.00033279e-02
-3.57952863e-02 1.21918842e-02 1.26482099e-02 -8.05764366e-03 -6.75819349e-03 2.17963774e-02 -2.24536769e-02 8.50735456e-02 -2.36773975e-02 1.85848139e-02 -3.35996225e-02 2.04935699e-04 -4.21657832e-03 4.80579096e-04 1.46547211e-02 4.14850786e-02
1.24473358e-03 -1.07336650e-03 -2.76700506e-04 2.77192070e-04 3.50406888e-04 -1.19277742e-03 1.15994783e-03 -4.55562072e-03 1.29096443e-03 -1.01301563e-03 1.83314027e-03 -1.06883836e-05 2.30057864e-04 -2.65728813e-05 -8.01054586e-04 -2.26836302e-03
2.68415199e-03 -9.47972527e-04 -9.40479629e-04 6.81520789e-04 5.32798818e-04 -1.71702064e-03 1.74804754e-03 -6.64730975e-03 1.86269102e-03 -1.46399194e-03 2.64593563e-03 -1.58236999e-05 3.31745832e-04 -3.80945203e-05 -1.15408155e-03 -3.26760230e-03
-1.22206816e-02 2.84286868e-03 5.45538496e-03 -4.52523120e-03 -2.27976101e-03 6.85606292e-03 -8.04559048e-03 2.92617138e-02 -7.56374095e-03 6.11363351e-03 -1.08813941e-02 9.94790753e-05 -1.38348644e-03 1.05766405e-04 4.69531212e-03 1.31226443e-02
3.44573483e-02 -7.59423198e-03 -1.47670191e-02 1.20060612e-02 6.31126994e-03 -1.94295589e-02 2.17797235e-02 -7.76988789e-02 2.12809164e-02 -1.69777498e-02 3.07184011e-02 -2.78827647e-04 3.84973455e-03 -3.21985106e-04 -1.32364193e-02 -3.71522754e-02
2.55819820e-02 -1.02464100e-02 -8.01118743e-03 5.46626048e-03 5.04839513e-03 -1.66189838e-02 1.65982358e-02 -6.39256239e-02 1.80080831e-02 -1.41394166e-02 2.55723242e-02 -1.50714317e-04 3.20743886e-03 -3.69995163e-04 -1.11656571e-02 -3.16171944e-02
9.52403434e-03 -3.80937126e-03 -2.98943557e-03 2.00422527e-03 1.88554730e-03 -6.20516483e-03 6.20766357e-03 -2.39148624e-02 6.72349380e-03 -5.28012076e-03 9.54904594e-03 -5.62655296e-05 1.19763217e-03 -1.38154006e-04 -4.16915119e-03 -1.18055623e-02
5.03836374e-04 -1.36949806e-04 -2.14144180e-04 1.63485063e-04 9.98715259e-05 -3.05632828e-04 3.29187838e-04 -1.20436365e-03 3.33127478e-04 -2.62470188e-04 4.74089960e-04 -2.98799705e-06 5.92910255e-05 -6.69474230e-06 -2.05763659e-04 -5.82359498e-04
3.82082500e-02 -1.46213789e-02 -1.24020539e-02 8.28074664e-03 7.38817127e-03 -2.42566392e-02 2.43257284e-02 -9.34959799e-02 2.62939204e-02 -2.06491817e-02 3.73458937e-02 -2.21324270e-04 4.68314998e-03 -5.39262895e-04 -1.62990093e-02 -4.61509824e-02
-1.90006196e-02 6.34336658e-03 7.19480403e-03 -4.78982646e-03 -3.63551965e-03 1.16907060e-02 -1.21801365e-02 4.58022654e-02 -1.27218813e-02 1.00335274e-02 -1.81326009e-02 1.20997662e-04 -2.27750861e-03 2.47653661e-04 7.87623972e-03 2.22668704e-02
1.62469409e-02 -6.11547753e-03 -5.31217176e-03 3.57838883e-03 3.15991859e-03 -1.03533398e-02 1.04295434e-02 -3.99735272e-02 1.12235062e-02 -8.81562196e-03 1.59422439e-02 -9.44503772e-05 1.99899962e-03 -2.30220088e-04 -6.95713796e-03 -1.96994115e-02
-1.37208458e-02 5.68921166e-03 4.36097011e-03 -2.86501413e-03 -2.75518605e-03 9.09707975e-03 -9.07078292e-03 3.49619016e-02 -9.85550508e-03 7.73798767e-03 -1.39960889e-02 8.22960792e-05 -1.75548380e-03 2.02629468e-04 6.11172803e-03 1.73064880e-02
2.51898281e-02 -1.04088699e-02 -7.87643902e-03 5.20280423e-03 4.99423407e-03 -1.64853055e-02 1.64428558e-02 -6.33562580e-02 1.78602710e-02 -1.40237855e-02 2.53649317e-02 -1.49197862e-04 3.18132178e-03 -3.67184228e-04 -1.10756578e-02 -3.13627236e-02
6.11322187e-02 -2.45142542e-02 -1.95901226e-02 1.31508028e-02 1.20912846e-02 -3.97068113e-02 3.97084653e-02 -1.52825162e-01 4.30343151e-02 -3.38016003e-02 6.11143038e-02 -3.60838167e-04 7.66490260e-03 -8.83295026e-04 -2.66805254e-02 -7.55477399e-02
-3.10946163e-03 1.36752706e-03 1.13966281e-03 -8.75100144e-04 -6.92660280e-04 2.27067829e-03 -2.27805320e-03 8.75567924e-03 -2.46135099e-03 1.93275372e-03 -3.49482708e-03 2.06676305e-05 -4.38318064e-04 5.05243261e-05 1.52569578e-03 4.32015164e-03
2.64979783e-03 -1.08560070e-03 -8.77029728e-04 6.06118119e-04 5.40192414e-04 -1.76740496e-03 1.78169564e-03 -6.80590374e-03 1.91579375e-03 -1.50383683e-03 2.71981210e-03 -1.60170675e-05 3.41122446e-04 -3.93562586e-05 -1.18750113e-03 -3.36259441e-03
1.16370693e-02 -4.14044969e-03 -3.72312032e-03 2.72593927e-03 2.19796458e-03 -7.17609981e-03 7.19220331e-03 -2.76070759e-02 7.77654629e-03 -6.10625278e-03 1.10441018e-02 -6.51101509e-05 1.38506910e-03 -1.59752759e-04 -4.82150679e-03 -1.36527820e-02
1.96629371e-02 -7.36861769e-03 -6.42987480e-03 4.51219780e-03 3.85184563e-03 -1.25370268e-02 1.27003379e-02 -4.85798232e-02 1.35926018e-02 -1.06917107e-02 1.93137899e-02 -1.14740702e-04 2.42160750e-03 -2.78479885e-04 -8.42576288e-03 -2.38571968e-02
-2.33206674e-02 8.99824500e-03 7.79984286e-03 -5.07569686e-03 -4.59629158e-03 1.50922779e-02 -1.51587091e-02 5.81421368e-02 -1.63572095e-02 1.28457760e-02 -2.32296158e-02 1.37096693e-04 -2.91331881e-03 3.35936638e-04 1.01410327e-02 2.87155565e-02
2.88361665e-02 -1.10066188e-02 -9.50163417e-03 6.36730436e-03 5.63404430e-03 -1.84270311e-02 1.84847880e-02 -7.09497929e-02 1.99748594e-02 -1.56890191e-02 2.83675697e-02 -1.67988459e-04 3.55766667e-03 -4.09668079e-04 -1.23820640e-02 -3.50599997e-02
-9.56194382e-03 3.80051439e-03 3.18194646e-03 -2.05759145e-03 -1.94070616e-03 6.38476107e-03 -6.38112938e-03 2.45823469e-02 -6.91785244e-03 5.43179829e-03 -9.82449017e-03 5.78071486e-05 -1.23218668e-03 1.42202975e-04 4.28975932e-03 1.21472031e-02
-6.99179899e-03 2.66892416e-03 2.22381926e-03 -1.69195049e-03 -1.34618499e-03 4.40816628e-03 -4.43937676e-03 1.70055758e-02 -4.77945758e-03 3.75623652e-03 -6.78649545e-03 4.03239719e-05 -8.51311022e-04 9.78669195e-05 2.96245678e-03 8.38783942e-03
7.35221431e-03 -4.03797394e-03 -2.31160130e-03 1.37582480e-03 1.64932339e-03 -5.51206432e-03 5.41479932e-03 -2.11221017e-02 5.96666476e-03 -4.68273601e-03 8.47284123e-03 -4.94947126e-05 1.06311694e-03 -1.22924976e-04 -3.70221818e-03 -1.04839234e-02
-2.06348170e-02 7.63670122e-03 6.54338161e-03 -4.31991229e-03 -3.93328117e-03 1.29257347e-02 -1.29217599e-02 4.97178137e-02 -1.40049104e-02 1.09966472e-02 -1.98884886e-02 1.17010422e-04 -2.49451934e-03 2.87904317e-04 8.68450198e-03 2.45917253e-02
9.50912908e-02 -3.85313854e-02 -3.00183818e-02 1.99072901e-02 1.88319534e-02 -6.19454980e-02 6.19054921e-02 -2.38305330e-01 6.71169981e-02 -5.27000390e-02 9.53167155e-02 -5.60751010e-04 1.19547443e-02 -1.37967581e-03 -4.16194275e-02 -1.17852673e-01
-3.83317214e-03 1.24100049e-03 1.30617130e-03 -9.38486424e-04 -7.08219304e-04 2.25038710e-03 -2.36750417e-03 8.92531406e-03 -2.45195231e-03 1.94067624e-03 -3.49137234e-03 2.42958486e-05 -4.40762844e-04 4.59545408e-05 1.51851133e-03 4.28858912e-03
-5.93117718e-03 2.42018164e-03 1.85522041e-03 -1.25107623e-03 -1.17012474e-03 3.85506032e-03 -3.85103957e-03 1.48311546e-02 -4.17681970e-03 3.27965105e-03 -5.93182724e-03 3.49110451e-05 -7.43973535e-04 8.58579515e-05 2.59006280e-03 7.33421184e-03
1.51291117e-02 -5.68815786e-03 -4.99767577e-03 3.46867344e-03 2.92416103e-03 -9.54929832e-03 9.62349121e-03 -3.68579440e-02 1.03547517e-02 -8.13355204e-03 1.47075662e-02 -8.75223268e-05 1.84424582e-03 -2.12008963e-04 -6.41714083e-03 -1.81694385e-02
-2.00646580e-03 7.49163679e-04 7.47789396e-04 -5.32387348e-04 -4.25496546e-04 1.37684122e-03 -1.39409991e-03 5.32078976e-03 -1.49370276e-03 1.17381464e-03 -2.12172000e-03 1.26804216e-05 -2.66009622e-04 3.05528883e-05 9.25442087e-04 2.62024929e-03
-6.06658906e-02 2.40028258e-02 1.96257047e-02 -1.30635817e-02 -1.19669288e-02 3.94018218e-02 -3.93655077e-02 1.51623636e-01 -4.26930003e-02 3.35230641e-02 -6.06291480e-02 3.56870616e-04 -7.60418735e-03 8.77473445e-04 2.64727008e-02 7.49619007e-02
6.12122146e-03 -2.25450099e-03 -2.08746572e-03 1.51661469e-03 1.21688202e-03 -3.95925669e-03 4.00140276e-03 -1.52882366e-02 4.29332443e-03 -3.37429065e-03 6.09831698e-03 -3.62846804e-05 7.64739118e-04 -8.79240761e-05 -2.66099325e-03 -7.53441127e-03
2.05448065e-02 -6.64578797e-03 -7.06190104e-03 4.89201909e-03 3.81384394e-03 -1.23853814e-02 1.25219934e-02 -4.79149632e-02 1.34383142e-02 -1.05626276e-02 1.90897342e-02 -1.14477145e-04 2.39315676e-03 -2.74496968e-04 -8.32491927e-03 -2.35699099e-02
-7.34063517e-03 1.57304015e-03 2.72190245e-03 -1.74738676e-03 -1.28718477e-03 3.97524145e-03 -4.18085512e-03 1.57335773e-02 -4.32344805e-03 3.40594258e-03 -6.14849431e-03 3.78894256e-05 -7.70016690e-04 8.75662008e-05 2.67485040e-03 7.57164462e-03
-3.67622823e-03 8.44467024e-04 1.47175952e-03 -9.93244932e-04 -6.34739059e-04 1.95261324e-03 -2.03044270e-03 7.60287093e-03 -2.12170929e-03 1.66653667e-03 -3.01224249e-03 1.82367294e-05 -3.77595396e-04 4.32501911e-05 1.31286669e-03 3.71694309e-03
1.29838102e-02 -4.70308261e-03 -4.34841169e-03 3.00094066e-03 2.54936563e-03 -8.30395147e-03 8.42557847e-03 -3.21257412e-02 9.00565088e-03 -7.07048783e-03 1.27854943e-02 -7.59948380e-05 1.60349603e-03 -1.84558070e-04 -5.58014261e-03 -1.58002675e-02
-4.77088653e-02 1.82644166e-02 1.52138174e-02 -1.08401002e-02 -9.48073156e-03 3.09903622e-02 -3.10635120e-02 1.19365707e-01 -3.35830860e-02 2.63796411e-02 -4.76954542e-02 2.81195360e-04 -5.98158548e-03 6.90037094e-04 2.08231565e-02 5.89638427e-02
