-3.02347578e-02 1.88534916e-03 -6.97542913e-03 1.24258432e-03 -1.07542216e-03 1.20350625e-02 -2.22527962e-02 5.32219224e-02 -1.63818188e-02 1.33949248e-02 -4.21403050e-02 2.48385477e-03 -3.60183942e-04 -3.32501787e-03 1.03307581e-02 1.47253852e-02
1.88492723e-02 -2.41743377e-03 1.84695155e-03 -1.77839131e-04 5.62976755e-04 -4.79883607e-03 8.65268055e-03 -2.06125062e-02 6.32908149e-03 -5.15114423e-03 1.60747115e-02 -9.45259992e-04 1.39188938e-04 1.26500905e-03 -3.93378129e-03 -5.60793327e-03
-6.38906285e-03 3.22570762e-04 -1.46531174e-03 1.48642110e-04 -2.29477417e-04 2.54182960e-03 -4.67915181e-03 1.12227658e-02 -3.43844574e-03 2.81499722e-03 -8.84698145e-03 5.21348673e-04 -7.57964153e-05 -6.97871437e-04 2.16856552e-03 3.09115928e-03
4.04530764e-02 -2.15729652e-03 1.00111244e-02 -1.91862858e-03 1.37042382e-03 -1.63681377e-02 3.04526445e-02 -7.30336979e-02 2.24259961e-02 -1.84147004e-02 5.80013208e-02 -3.42083978e-03 4.94275475e-04 4.57967445e-03 -1.42263118e-02 -2.02776957e-02
-1.71391051e-02 2.19839835e-03 -1.56373426e-03 5.37032611e-05 -5.05700475e-04 4.22985945e-03 -7.02409539e-03 1.69824809e-02 -5.14033064e-03 4.21487074e-03 -1.31438654e-02 7.74311717e-04 -1.13107060e-04 -1.03638531e-03 3.22151417e-03 4.59219096e-03
-2.96479277e-03 -4.72916290e-05 -1.57685601e-03 3.63426516e-04 -1.53751491e-04 2.11954652e-03 -4.01361147e-03 9.64203291e-03 -2.97050294e-03 2.44267308e-03 -7.70674879e-03 4.54835594e-04 -6.53887473e-05 -6.08988688e-04 1.89126842e-03 2.69557536e-03
1.96970031e-02 -2.66572786e-03 1.67437573e-03 1.81314419e-04 9.35016607e-04 -6.66485960e-03 1.07831005e-02 -2.56905612e-02 7.89995957e-03 -6.41415548e-03 1.97056197e-02 -1.14860432e-03 1.79844472e-04 1.53483951e-03 -4.79872199e-03 -6.84726238e-03
5.42815030e-03 -4.60468960e-04 8.99701845e-04 -4.58334689e-05 1.92549211e-04 -1.87634572e-03 3.38085555e-03 -8.06501973e-03 2.48109619e-03 -2.02864059e-03 6.35843817e-03 -3.74307652e-04 5.47734162e-05 5.00978029e-04 -1.55734504e-03 -2.22001481e-03
5.99316880e-02 -6.07485836e-03 1.07094850e-02 -1.65328558e-03 1.88179431e-03 -2.12556254e-02 3.83004211e-02 -9.16731507e-02 2.82759387e-02 -2.31152866e-02 7.25084394e-02 -4.26594540e-03 6.24556560e-04 5.70960063e-03 -1.77487694e-02 -2.53032837e-02
2.80353241e-03 -2.95974169e-04 -1.09281871e-04 2.88748743e-05 6.56074772e-05 -3.53302399e-04 5.90223237e-04 -1.45676453e-03 4.08094842e-04 -3.29066243e-04 1.02758082e-03 -6.03629996e-05 8.96140409e-06 8.07670367e-05 -2.51215912e-04 -3.58107383e-04
-1.21708177e-02 7.69909937e-04 -3.12413811e-03 5.52267942e-04 -4.64491342e-04 5.17328642e-03 -9.55439545e-03 2.29464564e-02 -7.02750497e-03 5.76821249e-03 -1.81502104e-02 1.07011956e-03 -1.54955953e-04 -1.43257412e-03 4.45060246e-03 6.34384202e-03
-2.96127908e-02 2.15956662e-03 -5.80079015e-03 9.31620540e-04 -1.02268660e-03 1.06686968e-02 -1.96838882e-02 4.71325777e-02 -1.44426506e-02 1.18194856e-02 -3.71662974e-02 2.18982971e-03 -3.18833016e-04 -2.93117575e-03 9.10951849e-03 1.29855797e-02
9.86030698e-03 -8.87400063e-04 1.67445792e-03 -3.02229688e-04 3.36357567e-04 -3.34876776e-03 6.09367946e-03 -1.45772630e-02 4.48129280e-03 -3.66766751e-03 1.15206353e-02 -6.78690441e-04 9.87987078e-05 9.08457674e-04 -2.82314420e-03 -4.02424438e-03
3.01277079e-02 -2.55005783e-03 5.49544254e-03 -9.15545505e-04 1.12331507e-03 -1.09720519e-02 1.99062210e-02 -4.77473959e-02 1.46247037e-02 -1.19029088e-02 3.74018401e-02 -2.20358046e-03 3.21329542e-04 2.94950814e-03 -9.16714687e-03 -1.30674876e-02
-5.70902638e-02 3.80379637e-03 -1.22327469e-02 2.45269621e-03 -1.83125329e-03 2.19186842e-02 -4.05749939e-02 9.72065777e-02 -2.98845433e-02 2.44530737e-02 -7.70178512e-02 4.54224041e-03 -6.56748016e-04 -6.08087191e-03 1.88901145e-02 2.69252136e-02
1.20996483e-01 -9.77110583e-03 2.34179311e-02 -5.04095014e-03 3.19277612e-03 -3.96703705e-02 7.39761144e-02 -1.77259356e-01 5.44954836e-02 -4.47495915e-02 1.40990853e-01 -8.31672922e-03 1.20095024e-03 1.11341812e-02 -3.45864333e-02 -4.92983498e-02
-1.38088241e-02 1.06298935e-03 -3.72393150e-03 6.82057638e-04 -5.25284093e-04 5.99842146e-03 -1.10497763e-02 2.65793968e-02 -8.11303314e-03 6.65744580e-03 -2.09589116e-02 1.23597193e-03 -1.78762100e-04 -1.65463553e-03 5.14017744e-03 7.32665323e-03
-2.78883874e-02 2.75837653e-03 -4.09724843e-03 6.37219637e-04 -7.72934058e-04 7.82259088e-03 -1.43496152e-02 3.44416052e-02 -1.05538657e-02 8.63052066e-03 -2.71457899e-02 1.60030054e-03 -2.31947633e-04 -2.14228081e-03 6.65580947e-03 9.48705152e-03
3.08197923e-02 -2.00049905e-03 7.38831284e-03 -1.42301084e-03 1.01310236e-03 -1.20416814e-02 2.24360265e-02 -5.37655540e-02 1.65095087e-02 -1.35500804e-02 4.26790863e-02 -2.51724804e-03 3.63687635e-04 3.36998701e-03 -1.04684820e-02 -1.49214193e-02
-7.46280402e-02 3.87989008e-03 -1.76832918e-02 3.58788134e-03 -2.31601018e-03 2.79053021e-02 -5.17261624e-02 1.24166824e-01 -3.81439142e-02 3.13384086e-02 -9.87256020e-02 5.82324341e-03 -8.40963388e-04 -7.79596623e-03 2.42169369e-02 3.45180035e-02
2.42799949e-02 -1.45284156e-03 5.53311920e-03 -1.05005316e-03 8.21425754e-04 -9.42101609e-03 1.74292903e-02 -4.18474339e-02 1.28055718e-02 -1.05045056e-02 3.30715291e-02 -1.95009692e-03 2.82117893e-04 2.61063571e-03 -8.11013300e-03 -1.15599371e-02
1.01878852e-01 -5.08175371e-03 2.85062697e-02 -5.51273953e-03 3.60544934e-03 -4.43682894e-02 8.29166695e-02 -1.98852032e-01 6.11127205e-02 -5.01862653e-02 1.58124343e-01 -9.32704285e-03 1.34719640e-03 1.24867195e-02 -3.87882888e-02 -5.52875325e-02
1.08116176e-02 -3.34617391e-04 3.20382440e-03 -5.76697872e-04 4.28337866e-04 -5.11929020e-03 9.54286940e-03 -2.28731669e-02 7.02031888e-03 -5.76089974e-03 1.81335714e-02 -1.06922432e-03 1.54820649e-04 1.43136340e-03 -4.44697309e-03 -6.33872440e-03
-4.15119994e-03 1.03326677e-03 2.43748073e-05 -1.77885850e-05 -6.20214632e-05 3.73887713e-04 -5.02472394e-04 1.20880711e-03 -3.65579326e-04 2.94507976e-04 -8.95573176e-04 5.19506684e-05 -8.03803141e-06 -6.94102855e-05 2.16780638e-04 3.08885035e-04
3.30283307e-03 -4.99255140e-04 4.92578023e-04 -7.33643974e-05 1.05361119e-04 -9.52930714e-04 1.68444042e-03 -4.03518742e-03 1.23075233e-03 -1.00676215e-03 3.16088507e-03 -1.86175035e-04 2.70854562e-05 2.49211182e-04 -7.74396351e-04 -1.10382773e-03
-5.40089309e-02 2.46659154e-03 -1.53347002e-02 3.14969360e-03 -1.89678743e-03 2.36762688e-02 -4.43801694e-02 1.06528454e-01 -3.27331387e-02 2.68848073e-02 -8.47169161e-02 4.99735121e-03 -7.21637276e-04 -6.69031637e-03 2.07823180e-02 2.96224188e-02
2.58483142e-02 -1.34958955e-03 6.22846978e-03 -9.04907065e-04 1.03634677e-03 -1.12021072e-02 2.04798896e-02 -4.90543954e-02 1.50743267e-02 -1.23504633e-02 3.88271101e-02 -2.28719902e-03 3.32552037e-04 3.06163006e-03 -9.51408595e-03 -1.35615002e-02
4.47479300e-02 -6.31293887e-03 6.13893196e-03 -8.16451386e-04 1.34810177e-03 -1.38239013e-02 2.41469685e-02 -5.78004420e-02 1.77756064e-02 -1.45512819e-02 4.56718095e-02 -2.68929452e-03 3.91251378e-04 3.59985232e-03 -1.11860447e-02 -1.59444194e-02
1.04782330e-02 -6.29972055e-05 4.76816343e-03 -1.00223860e-03 5.23379305e-04 -6.81261020e-03 1.27932215e-02 -3.07196528e-02 9.44712199e-03 -7.75970938e-03 2.44529266e-02 -1.44240516e-03 2.08310768e-04 1.93107454e-03 -5.99861890e-03 -8.55024625e-03
-4.52832598e-03 2.44787603e-04 -6.67873537e-04 3.23162240e-05 -1.55424219e-04 1.50957331e-03 -2.74371123e-03 6.59980113e-03 -2.01759860e-03 1.65107171e-03 -5.18137729e-03 3.05154914e-04 -4.44980251e-05 -4.08442545e-04 1.26943761e-03 1.80955231e-03
-2.47369185e-02 1.94160885e-03 -5.42186480e-03 9.18589532e-04 -9.00367973e-04 9.80023574e-03 -1.79880299e-02 4.34186533e-02 -1.32278157e-02 1.08113214e-02 -3.39201428e-02 1.99893047e-03 -2.91569479e-04 -2.67553492e-03 8.31826683e-03 1.18578589e-02
6.09792769e-04 -4.20232944e-04 -1.90750652e-04 4.48016508e-05 -7.38717154e-06 1.92340085e-04 -4.21586359e-04 1.00309111e-03 -3.16414691e-04 2.60856468e-04 -8.25637020e-04 4.88430051e-05 -6.99390694e-06 -6.54012401e-05 2.03120944e-04 2.89510615e-04
9.79259387e-02 -5.77625027e-03 2.52725631e-02 -4.04001679e-03 3.54199950e-03 -4.08556834e-02 7.57261291e-02 -1.81901485e-01 5.57917207e-02 -4.57725860e-02 1.44153953e-01 -8.50253925e-03 1.22909434e-03 1.13827484e-02 -3.53600197e-02 -5.04009761e-02
-6.10699467e-02 4.21617460e-03 -1.36200860e-02 2.88667344e-03 -1.94602692e-03 2.26671156e-02 -4.25287522e-02 1.01881668e-01 -3.12859565e-02 2.56759264e-02 -8.09084326e-02 4.77181235e-03 -6.89170789e-04 -6.38834247e-03 1.98443793e-02 2.82855053e-02
3.94209847e-02 -1.54255028e-03 1.13364728e-02 -2.35543191e-03 1.40481489e-03 -1.72417760e-02 3.22763585e-02 -7.73584321e-02 2.37701479e-02 -1.95202306e-02 6.15132488e-02 -3.62850958e-03 5.23936236e-04 4.85775573e-03 -1.50897549e-02 -2.15084367e-02
-2.55759228e-02 1.76337967e-03 -6.26774831e-03 1.21348607e-03 -8.54559126e-04 1.01362905e-02 -1.87677070e-02 4.50020432e-02 -1.38197877e-02 1.13452226e-02 -3.57220136e-02 2.10676575e-03 -3.04552377e-04 -2.82042357e-03 8.76154751e-03 1.24884248e-02
-6.67654304e-03 5.90344789e-05 -2.64200591e-03 5.37326094e-04 -3.01978900e-04 3.88150872e-03 -7.28111761e-03 1.74916964e-02 -5.37390308e-03 4.41353582e-03 -1.39070852e-02 8.20339948e-04 -1.18476251e-04 -1.09824608e-03 3.41153494e-03 4.86268103e-03
1.69403777e-02 -8.94843310e-04 4.75299032e-03 -9.28715512e-04 5.89140167e-04 -7.38933636e-03 1.37859425e-02 -3.31109762e-02 1.01523791e-02 -8.33974127e-03 2.62697376e-02 -1.54959492e-03 2.23807976e-04 2.07455014e-03 -6.44427491e-03 -9.18546319e-03
-2.85644853e-03 -5.58196625e-04 -2.95876642e-03 6.33638469e-04 -2.27608383e-04 3.71315866e-03 -7.06878537e-03 1.69994440e-02 -5.23361517e-03 4.30580042e-03 -1.35801788e-02 8.01443297e-04 -1.15476570e-04 -1.07299641e-03 3.33277090e-03 4.75039473e-03
3.83588183e-03 7.19612930e-04 3.44615779e-03 -7.51429703e-04 3.24351364e-04 -4.60731843e-03 8.72205850e-03 -2.09811013e-02 6.45272713e-03 -5.30494517e-03 1.67235434e-02 -9.86584695e-04 1.42408593e-04 1.32082240e-03 -4.10285499e-03 -5.84808225e-03
-1.20638330e-02 6.88240572e-04 -2.86297244e-03 4.88736143e-04 -4.62321157e-04 4.95536579e-03 -9.11738351e-03 2.18854938e-02 -6.70651440e-03 5.49779041e-03 -1.72973685e-02 1.01963431e-03 -1.47814455e-04 -1.36495673e-03 4.24076989e-03 6.04475569e-03
3.67771834e-02 -3.45034595e-03 5.17821731e-03 -5.37820917e-04 1.22470269e-03 -1.05757862e-02 1.93863641e-02 -4.63356189e-02 1.41044846e-02 -1.15241325e-02 3.61830406e-02 -2.13250588e-03 3.09964642e-04 2.85451813e-03 -8.87048617e-03 -1.26439715e-02
-5.07547427e-03 4.02980600e-04 -8.70758435e-04 1.06742533e-04 -1.80799252e-04 1.76024216e-03 -3.13950912e-03 7.52125774e-03 -2.29569408e-03 1.88292493e-03 -5.91695681e-03 3.48636153e-04 -5.05584067e-05 -4.66701516e-04 1.45001279e-03 2.06684717e-03
1.55377164e-02 -1.56905770e-03 1.42637803e-03 -1.43200421e-04 4.01336525e-04 -3.67056159e-03 6.61235442e-03 -1.59221850e-02 4.85028559e-03 -3.96319013e-03 1.24524264e-02 -7.33760302e-04 1.06525316e-04 9.82250320e-04 -3.05183115e-03 -4.34999866e-03
-2.76461747e-02 2.21195095e-03 -5.35160303e-03 8.18197615e-04 -9.39269317e-04 9.94563289e-03 -1.81416906e-02 4.39175256e-02 -1.34009412e-02 1.09148482e-02 -3.42882536e-02 2.02074274e-03 -2.95225385e-04 -2.70451419e-03 8.40768311e-03 1.19871451e-02
2.79664453e-02 -2.05082027e-03 5.20446431e-03 -9.62591497e-04 9.02300642e-04 -9.61327180e-03 1.74286272e-02 -4.18882221e-02 1.27938408e-02 -1.04804244e-02 3.29618379e-02 -1.94288872e-03 2.81367829e-04 2.60093692e-03 -8.08058679e-03 -1.15178106e-02
7.76459873e-02 -6.10161806e-03 1.70213897e-02 -3.04057868e-03 2.64445343e-03 -2.90519018e-02 5.32290116e-02 -1.27441183e-01 3.90562937e-02 -3.20958309e-02 1.00782603e-01 -5.94183849e-03 8.60249624e-04 7.95436744e-03 -2.47134715e-02 -3.52252498e-02
3.44564952e-02 -2.65344628e-03 5.45461848e-03 -9.01215943e-04 7.83293392e-04 -8.92006326e-03 1.64227914e-02 -3.94196212e-02 1.21004665e-02 -9.93892271e-03 3.13017778e-02 -1.84637110e-03 2.66660209e-04 2.47186120e-03 -7.67845940e-03 -1.09446049e-02
-6.61365828e-03 6.23762084e-04 -8.27362062e-04 1.02722552e-05 -1.51763714e-04 1.60806300e-03 -2.85425829e-03 6.83041941e-03 -2.09780596e-03 1.72162137e-03 -5.41542796e-03 3.19344603e-04 -4.61713498e-05 -4.27518185e-04 1.32807833e-03 1.89299544e-03
-9.33787078e-02 7.13462057e-03 -2.24257968e-02 4.96832887e-03 -2.89223180e-03 3.61443460e-02 -6.78201169e-02 1.62758917e-01 -5.00224642e-02 4.10899781e-02 -1.29481837e-01 7.63808144e-03 -1.10289210e-03 -1.02256685e-02 3.17642279e-02 4.52756621e-02
-4.25083861e-02 2.33745598e-03 -1.11265397e-02 2.35884893e-03 -1.38032762e-03 1.72312874e-02 -3.23031470e-02 7.74791539e-02 -2.38149222e-02 1.95573382e-02 -6.16261661e-02 3.63523746e-03 -5.24935487e-04 -4.86675836e-03 1.51177496e-02 2.15483252e-02
3.13239470e-02 -2.45222123e-03 7.13761896e-03 -1.19531504e-03 1.14355516e-03 -1.26470933e-02 2.30970178e-02 -5.53160906e-02 1.70083269e-02 -1.39361378e-02 4.38379757e-02 -2.58405250e-03 3.74493102e-04 3.45921912e-03 -1.07474122e-02 -1.53190596e-02
-1.64007936e-02 5.18652669e-04 -5.03169792e-03 1.00522873e-03 -6.08310045e-04 7.72169186e-03 -1.44297276e-02 3.46353576e-02 -1.06452676e-02 8.74102209e-03 -2.75420770e-02 1.62459910e-03 -2.34622305e-04 -2.17496441e-03 6.75617950e-03 9.63003095e-03
-7.31108291e-03 6.99934491e-04 -1.20187597e-03 1.63009187e-04 -2.65244133e-04 2.52175890e-03 -4.55141487e-03 1.09345233e-02 -3.33622261e-03 2.73028109e-03 -8.57018959e-03 5.04543423e-04 -7.35984504e-05 -6.75334246e-04 2.09885649e-03 2.99184863e-03
-7.20567536e-03 9.59455967e-04 8.84636480e-04 -3.48273315e-04 1.37029638e-05 -8.97580641e-04 1.80128682e-03 -4.33430541e-03 1.34833378e-03 -1.11149566e-03 3.51108820e-03 -2.07242105e-04 2.98730683e-05 2.77464394e-04 -8.61828681e-04 -1.22843264e-03
-3.78911644e-02 3.11941002e-03 -6.85530901e-03 1.03209470e-03 -1.30086835e-03 1.35913286e-02 -2.41645053e-02 5.85236810e-02 -1.77602340e-02 1.45331295e-02 -4.56288755e-02 2.68455339e-03 -3.91854323e-04 -3.59315192e-03 1.11689372e-02 1.59222353e-02
-1.52277853e-02 9.34634183e-04 -3.47318617e-03 5.75519574e-04 -4.93168249e-04 5.71390148e-03 -1.05933798e-02 2.54235435e-02 -7.80102611e-03 6.40143454e-03 -2.01512631e-02 1.18828088e-03 -1.71885273e-04 -1.59078254e-03 4.94184950e-03 7.04397447e-03
7.49797653e-03 -9.17952042e-04 7.52593507e-04 -8.27036274e-05 1.92135165e-04 -1.65587105e-03 3.05002811e-03 -7.29605416e-03 2.23288615e-03 -1.82804558e-03 5.74917952e-03 -3.38913465e-04 4.90751190e-05 4.53702029e-04 -1.40950235e-03 -2.00905465e-03
-5.76711260e-04 1.21415348e-03 2.46424368e-03 -4.97469911e-04 1.57009665e-04 -2.75619468e-03 5.29779354e-03 -1.27564752e-02 3.93864932e-03 -3.24696628e-03 1.02362987e-02 -6.04289002e-04 8.71324664e-05 8.09030840e-04 -2.51299725e-03 -3.58194625e-03
3.00397612e-02 -1.70919951e-03 7.31031643e-03 -1.58388214e-03 9.87951295e-04 -1.20395357e-02 2.24296413e-02 -5.37839681e-02 1.65281054e-02 -1.35743748e-02 4.27702665e-02 -2.52285623e-03 3.64323845e-04 3.37752420e-03 -1.04917074e-02 -1.49545278e-02
-4.85733617e-03 3.85056919e-04 -1.00789440e-03 1.83790733e-04 -1.76069851e-04 1.88112911e-03 -3.44733312e-03 8.25844891e-03 -2.53165327e-03 2.07468122e-03 -6.52588625e-03 3.84670973e-04 -5.57408930e-05 -5.14951767e-04 1.59986271e-03 2.28041294e-03
1.72108844e-01 -7.90278986e-03 5.41292019e-02 -1.13260755e-02 6.73833815e-03 -8.38208348e-02 1.56232119e-01 -3.74829233e-01 1.15205675e-01 -9.45923105e-02 2.98036814e-01 -1.75786819e-02 2.53891153e-03 2.35337671e-02 -7.31038600e-02 -1.04199886e-01
4.17311080e-02 -1.61445758e-03 1.37144336e-02 -2.78218347e-03 1.71987864e-03 -2.12171338e-02 3.95283587e-02 -9.48703811e-02 2.91432180e-02 -2.39208937e-02 7.53472447e-02 -4.44385596e-03 6.42468454e-04 5.94917452e-03 -1.84810869e-02 -2.63424423e-02
2.05249451e-02 -2.48300354e-03 9.28893685e-04 6.50552975e-05 4.08758468e-04 -3.32344929e-03 5.95808914e-03 -1.42015833e-02 4.27561579e-03 -3.49840801e-03 1.09859556e-02 -6.46905683e-04 9.39820093e-05 8.65954906e-04 -2.69053853e-03 -3.83504876e-03
-8.37629137e-04 3.35359480e-04 4.12771304e-04 -9.95945811e-05 1.30958124e-05 -3.92212387e-04 7.96781969e-04 -1.92477100e-03 5.95661462e-04 -4.91019571e-04 1.55281287e-03 -9.17248763e-05 1.31681436e-05 1.22812547e-04 -3.81408754e-04 -5.43645700e-04
3.00556384e-02 -6.88705593e-04 9.44010820e-03 -1.75896159e-03 1.30140793e-03 -1.50486315e-02 2.80006547e-02 -6.72502145e-02 2.06111167e-02 -1.69107039e-02 5.32514639e-02 -3.13978270e-03 4.54586756e-04 4.20327857e-03 -1.30581846e-02 -1.86130088e-02
-3.21015343e-02 2.76149134e-03 -6.26669265e-03 1.07414776e-03 -1.10640319e-03 1.17526762e-02 -2.16071531e-02 5.17117716e-02 -1.58001129e-02 1.29624270e-02 -4.07624543e-02 2.40195612e-03 -3.48284637e-04 -3.21543752e-03 9.99005139e-03 1.42396539e-02
-6.61452115e-02 5.05207805e-03 -1.56069007e-02 2.85548298e-03 -2.01081950e-03 2.51329355e-02 -4.65982966e-02 1.11763239e-01 -3.43490206e-02 2.82062404e-02 -8.88654962e-02 5.24116680e-03 -7.57321715e-04 -7.01665040e-03 2.17963811e-02 3.10680978e-02
-2.69775279e-03 1.30923407e-04 -6.03270833e-04 6.53883835e-05 -1.14147617e-04 1.15361554e-03 -2.09983648e-03 5.02696168e-03 -1.53897319e-03 1.26052776e-03 -3.95720359e-03 2.33032028e-04 -3.40101869e-05 -3.11899406e-04 9.69411631e-04 1.38191297e-03
-6.03068434e-03 5.46144613e-04 -1.02722645e-03 1.78097413e-04 -2.03296688e-04 2.01757229e-03 -3.68380407e-03 8.79561808e-03 -2.69436347e-03 2.20717373e-03 -6.93067955e-03 4.08151216e-04 -5.94504127e-05 -5.46320400e-04 1.69781072e-03 2.42015929e-03
4.75474000e-02 -4.35917545e-03 7.95568153e-03 -1.65356230e-03 1.56500447e-03 -1.70519985e-02 3.12222578e-02 -7.47931078e-02 2.29757447e-02 -1.88177098e-02 5.91766685e-02 -3.48822842e-03 5.06395067e-04 4.66951262e-03 -1.45085473e-02 -2.06799787e-02
2.03122292e-03 -6.78311219e-04 -1.30605162e-03 3.42268380e-04 -3.97550320e-05 1.32945296e-03 -2.60298327e-03 6.27808878e-03 -1.93245045e-03 1.59436720e-03 -5.04492456e-03 2.98013299e-04 -4.27219275e-05 -3.99030338e-04 1.23911432e-03 1.76615710e-03
1.05859935e-01 -8.25827848e-03 2.15336867e-02 -3.71479918e-03 3.27763404e-03 -3.65442298e-02 6.75207302e-02 -1.61585703e-01 4.95279022e-02 -4.06259000e-02 1.27838939e-01 -7.53641082e-03 1.09064707e-03 1.00890705e-02 -3.13433297e-02 -4.46762890e-02
3.44334021e-02 -1.13314937e-03 1.05600674e-02 -2.13459181e-03 1.34558778e-03 -1.62063707e-02 3.03026959e-02 -7.26932064e-02 2.23169215e-02 -1.83270462e-02 5.77459410e-02 -3.40621616e-03 4.91903687e-04 4.56014229e-03 -1.41653344e-02 -2.01907903e-02
-9.38472617e-03 1.14952167e-03 -2.83800357e-04 2.20676156e-05 -2.30665319e-04 1.71590527e-03 -2.97909346e-03 7.07108434e-03 -2.17796001e-03 1.76328234e-03 -5.51858405e-03 3.24535882e-04 -4.77860922e-05 -4.34299844e-04 1.35043752e-03 1.92505505e-03
7.69719714e-03 -1.13479106e-03 5.14307758e-05 1.53055502e-04 1.95500586e-04 -1.08367240e-03 1.69751502e-03 -4.12814226e-03 1.24842103e-03 -9.97322495e-04 3.08100949e-03 -1.80587362e-04 2.76223018e-05 2.41456903e-04 -7.52697757e-04 -1.07325416e-03
-3.53482999e-02 2.94800568e-03 -6.60615554e-03 8.97137041e-04 -1.09829614e-03 1.19642168e-02 -2.16877218e-02 5.21020144e-02 -1.59477424e-02 1.30846016e-02 -4.11346257e-02 2.42365198e-03 -3.51875176e-04 -3.24436394e-03 1.00808879e-02 1.43695287e-02
8.05620328e-02 -4.90900315e-03 2.02747472e-02 -4.33392823e-03 2.87201651e-03 -3.33964229e-02 6.23045638e-02 -1.49528846e-01 4.59088907e-02 -3.76952328e-02 1.18761159e-01 -7.00491434e-03 1.01179187e-03 9.37794335e-03 -2.91311927e-02 -4.15226109e-02
-1.67550445e-02 1.22115156e-03 -3.44077009e-03 5.66288945e-04 -5.98669343e-04 6.47771824e-03 -1.18099106e-02 2.83448491e-02 -8.68641865e-03 7.10827857e-03 -2.23337896e-02 1.31584890e-03 -1.91515879e-04 -1.76134391e-03 5.47350990e-03 7.80223170e-03
-2.85894964e-02 2.15322617e-03 -5.07091638e-03 6.59179583e-04 -1.01428083e-03 1.01241758e-02 -1.83367599e-02 4.39268276e-02 -1.34924855e-02 1.10294372e-02 -3.46183181e-02 2.03832309e-03 -2.97984167e-04 -2.72816070e-03 8.48053955e-03 1.20892422e-02
8.33078753e-03 -7.24412850e-04 1.06118410e-03 -4.98720765e-05 2.12189887e-04 -2.00315122e-03 3.65428301e-03 -8.76085274e-03 2.66408734e-03 -2.18266528e-03 6.86128344e-03 -4.04441642e-04 5.86155365e-05 5.41415939e-04 -1.68208394e-03 -2.39759986e-03
-2.04382576e-02 1.56358175e-03 -4.36582696e-03 7.58841285e-04 -7.61024246e-04 8.12372100e-03 -1.48504758e-02 3.55382673e-02 -1.08726462e-02 8.90360773e-03 -2.80021075e-02 1.65078987e-03 -2.39257162e-04 -2.20987853e-03 6.86579058e-03 9.78633482e-03
6.79721404e-03 -6.90218701e-04 9.65757412e-04 -1.36465373e-04 1.95391709e-04 -1.96591136e-03 3.50959133e-03 -8.38676374e-03 2.58386414e-03 -2.11375486e-03 6.64556026e-03 -3.91755893e-04 5.68229152e-05 5.24426985e-04 -1.62933976e-03 -2.32241699e-03
-2.60263644e-02 2.01619836e-03 -4.90840804e-03 8.56525498e-04 -8.71798431e-04 9.01794806e-03 -1.66063607e-02 3.98497544e-02 -1.21907992e-02 9.99725889e-03 -3.14386860e-02 1.85325160e-03 -2.68679083e-04 -2.48089549e-03 7.70786544e-03 1.09866792e-02
4.96674851e-02 -2.53541488e-03 1.47338444e-02 -2.90076737e-03 1.83012488e-03 -2.26949509e-02 4.24936861e-02 -1.01867020e-01 3.13052945e-02 -2.57112086e-02 8.10112208e-02 -4.77859937e-03 6.90106244e-04 6.39744755e-03 -1.98726039e-02 -2.83257291e-02
2.54968666e-02 -1.74597441e-03 5.79494331e-03 -1.08371966e-03 8.14463594e-04 -9.50335898e-03 1.75548717e-02 -4.20851335e-02 1.29306233e-02 -1.06124738e-02 3.34145054e-02 -1.97024224e-03 2.84938520e-04 2.63763266e-03 -8.19384307e-03 -1.16792507e-02
3.32842581e-02 -2.95989681e-03 6.35884237e-03 -8.45592178e-04 1.32624572e-03 -1.27961263e-02 2.32116617e-02 -5.57146892e-02 1.69467814e-02 -1.38969626e-02 4.36404273e-02 -2.56537227e-03 3.76517128e-04 3.43335350e-03 -1.06761875e-02 -1.52203375e-02
-8.77085701e-03 1.69978623e-04 -3.95182706e-03 8.79288069e-04 -4.43214842e-04 5.66996913e-03 -1.06001170e-02 2.54682172e-02 -7.83033855e-03 6.42785244e-03 -2.02480797e-02 1.19416043e-03 -1.72681364e-04 -1.59869087e-03 4.96668182e-03 7.07956729e-03
-2.66964883e-02 2.40696222e-03 -4.12366027e-03 6.82719750e-04 -7.85205804e-04 8.23566969e-03 -1.49691990e-02 3.57925408e-02 -1.09891258e-02 8.99455044e-03 -2.82887518e-02 1.66607171e-03 -2.42287555e-04 -2.23018299e-03 6.92998199e-03 9.87814646e-03
2.35665180e-02 -1.68278429e-03 6.09576562e-03 -1.17064058e-03 9.02738422e-04 -1.02231316e-02 1.88631471e-02 -4.52481955e-02 1.38983820e-02 -1.13941440e-02 3.58585641e-02 -2.11359817e-03 3.06271773e-04 2.82941014e-03 -8.79072770e-03 -1.25303017e-02
4.85801362e-02 -2.85046967e-03 1.27416756e-02 -2.46377569e-03 1.78791746e-03 -2.10535638e-02 3.88573222e-02 -9.31542218e-02 2.86327172e-02 -2.34940145e-02 7.39976838e-02 -4.36402764e-03 6.30813476e-04 5.84231503e-03 -1.81490928e-02 -2.58691795e-02
3.48204747e-02 -2.17415439e-03 8.21841415e-03 -1.56595663e-03 1.17195281e-03 -1.37715265e-02 2.54995897e-02 -6.11399226e-02 1.87745560e-02 -1.53906681e-02 4.84553538e-02 -2.85660638e-03 4.13718459e-04 3.82411596e-03 -1.18805431e-02 -1.69343073e-02
-4.61306944e-02 3.40985716e-03 -8.07285402e-03 1.60522654e-03 -1.52005430e-03 1.59814507e-02 -2.94297934e-02 7.06597641e-02 -2.15893816e-02 1.76309794e-02 -5.55021875e-02 3.27238999e-03 -4.74539294e-04 -4.38061496e-03 1.36100585e-02 1.93995982e-02
8.41740926e-04 -2.28423043e-04 9.98129690e-05 -2.00462746e-05 1.96833007e-05 -1.98648733e-04 3.63155559e-04 -8.67405208e-04 2.65457522e-04 -2.17756009e-04 6.85385254e-04 -4.04103739e-05 5.83929113e-06 5.40986439e-05 -1.68051614e-04 -2.39534638e-04
1.02380395e-03 -2.39188521e-04 -2.47052289e-04 7.75625886e-05 1.99700753e-06 1.69463121e-04 -3.51260125e-04 8.51507590e-04 -2.65597861e-04 2.19762893e-04 -6.96654315e-04 4.11897636e-05 -5.88686544e-06 -5.51551457e-05 1.71259133e-04 2.44104682e-04
3.22839571e-03 1.08244445e-03 5.80281392e-03 -1.72216888e-03 3.06521310e-04 -6.02310803e-03 1.19933644e-02 -2.86222249e-02 8.91388021e-03 -7.36710057e-03 2.33711526e-02 -1.38138293e-03 1.96126843e-04 1.85001642e-03 -5.73950959e-03 -8.18056427e-03
4.40581702e-02 -3.02921096e-03 6.05876464e-03 2.04102369e-04 1.56680937e-03 -1.45404264e-02 2.67567355e-02 -6.35934174e-02 1.95569992e-02 -1.59791205e-02 5.01545258e-02 -2.95008672e-03 4.32160421e-04 3.94711737e-03 -1.22795030e-02 -1.75070856e-02
1.65839791e-02 -2.27198028e-03 1.62969832e-03 -1.38801901e-04 3.42577900e-04 -3.23157944e-03 5.89789078e-03 -1.41597390e-02 4.34317812e-03 -3.55156558e-03 1.11730229e-02 -6.58728764e-04 9.54308998e-05 8.81828135e-04 -2.73959083e-03 -3.90491844e-03
2.13520974e-02 -6.62682811e-04 7.11843232e-03 -1.42506917e-03 8.55965016e-04 -1.06541691e-02 1.99096929e-02 -4.78523038e-02 1.46806212e-02 -1.20585039e-02 3.79913859e-02 -2.24093790e-03 3.23665678e-04 3.00009409e-03 -9.31935012e-03 -1.32834911e-02
-2.60262797e-03 -4.72549655e-05 -1.25063409e-03 2.61734822e-04 -1.32641682e-04 1.76239712e-03 -3.32191866e-03 7.97785819e-03 -2.45392323e-03 2.01627170e-03 -6.35486050e-03 3.74905008e-04 -5.41155314e-05 -5.01916860e-04 1.55909336e-03 2.22227839e-03
3.39201987e-02 -3.46049853e-03 4.19432390e-03 -6.68478489e-04 8.49790464e-04 -8.99135787e-03 1.64820924e-02 -3.96008603e-02 1.21278726e-02 -9.92303435e-03 3.12214419e-02 -1.83989457e-03 2.66766147e-04 2.46298756e-03 -7.65224965e-03 -1.09073240e-02
-2.88738068e-02 2.18303339e-03 -6.19227299e-03 1.06186955e-03 -1.08176447e-03 1.18858609e-02 -2.17071828e-02 5.20277917e-02 -1.59650482e-02 1.30595276e-02 -4.10592034e-02 2.41865474e-03 -3.52513685e-04 -3.23742651e-03 1.00611364e-02 1.43420063e-02
1.99207962e-02 -1.46492140e-03 4.35397914e-03 -8.04265728e-04 6.44825341e-04 -7.46631995e-03 1.38118109e-02 -3.31558809e-02 1.01517094e-02 -8.32669530e-03 2.62154341e-02 -1.54563284e-03 2.23621013e-04 2.06917175e-03 -6.42803265e-03 -9.16233379e-03
-1.92596205e-02 7.23685254e-04 -5.77026419e-03 1.18141179e-03 -7.04615493e-04 8.81354231e-03 -1.64879207e-02 3.95662449e-02 -1.21655762e-02 9.99117084e-03 -3.14824618e-02 1.85709621e-03 -2.68168806e-04 -2.48623057e-03 7.72304693e-03 1.10081732e-02
3.71634681e-03 -1.82112481e-03 -4.14873892e-03 8.86038179e-04 -3.20785446e-04 4.94383788e-03 -9.65482928e-03 2.32546441e-02 -7.15004141e-03 5.87539980e-03 -1.85331069e-02 1.09370297e-03 -1.57784219e-04 -1.46425050e-03 4.54829959e-03 6.48301793e-03
6.54030591e-02 -5.59423631e-03 1.27713485e-02 -2.19898601e-03 2.16971477e-03 -2.31560208e-02 4.19257991e-02 -1.00643650e-01 3.09109520e-02 -2.53512654e-02 7.97315463e-02 -4.70115151e-03 6.80354366e-04 6.29347935e-03 -1.95519347e-02 -2.78688055e-02
-1.18878176e-02 2.09456193e-04 -4.29836242e-03 7.90079648e-04 -5.11812861e-04 6.44015241e-03 -1.20723899e-02 2.89889351e-02 -8.90854653e-03 7.31412740e-03 -2.30441857e-02 1.35928288e-03 -1.96337409e-04 -1.81975926e-03 5.65283978e-03 8.05737078e-03
2.82867043e-03 -2.89430987e-04 5.74013917e-04 -9.70071997e-05 9.16240097e-05 -1.00139040e-03 1.86790468e-03 -4.45771217e-03 1.36997644e-03 -1.12197851e-03 3.53423064e-03 -2.08449303e-04 3.01207510e-05 2.79063563e-04 -8.66879360e-04 -1.23561802e-03
5.23580750e-03 -8.48673692e-04 -4.90569393e-04 2.49907025e-04 4.54044457e-05 1.33440859e-04 -3.07240291e-04 7.75876222e-04 -2.40623747e-04 2.02037350e-04 -6.42473169e-04 3.81026912e-05 -5.38678023e-06 -5.10310892e-05 1.58402123e-04 2.25781230e-04
2.27957945e-02 -1.99719844e-03 4.43097111e-03 -6.78372104e-04 7.64629047e-04 -7.99830444e-03 1.45672634e-02 -3.50277498e-02 1.06573496e-02 -8.75991024e-03 2.75192522e-02 -1.62204693e-03 2.34988824e-04 2.17143190e-03 -6.74598617e-03 -9.61564481e-03
-2.80727930e-02 2.03824649e-03 -6.69422606e-03 1.34731235e-03 -9.59720113e-04 1.14832548e-02 -2.12643929e-02 5.09748869e-02 -1.56475808e-02 1.28436629e-02 -4.04537283e-02 2.38594972e-03 -3.44741362e-04 -3.19420686e-03 9.92245879e-03 1.41431307e-02
3.31630036e-02 -2.79477588e-03 6.75107166e-03 -1.21852942e-03 1.10844732e-03 -1.20582171e-02 2.23254655e-02 -5.35008051e-02 1.64502840e-02 -1.34911994e-02 4.24716175e-02 -2.50450778e-03 3.62230989e-04 3.35285836e-03 -1.04158223e-02 -1.48463473e-02
-1.94878783e-02 8.34105071e-04 -6.20951876e-03 1.28634670e-03 -7.62930780e-04 9.53863282e-03 -1.78294331e-02 4.28297259e-02 -1.31510617e-02 1.08011784e-02 -3.40345912e-02 2.00759689e-03 -2.89914577e-04 -2.68771267e-03 8.34893622e-03 1.19002955e-02
-1.39766131e-02 6.10982650e-04 -4.27848753e-03 6.69361907e-04 -5.66927018e-04 6.75017759e-03 -1.24978470e-02 2.99774855e-02 -9.20598209e-03 7.55629223e-03 -2.37809848e-02 1.40256167e-03 -2.02826719e-04 -1.87765574e-03 5.83307771e-03 8.31432082e-03
1.43952072e-02 -9.16538062e-04 4.60915640e-03 -9.03889653e-04 5.62890025e-04 -7.02561298e-03 1.31219933e-02 -3.14514264e-02 9.66971088e-03 -7.93889072e-03 2.50100046e-02 -1.47512462e-03 2.13083244e-04 1.97484158e-03 -6.13459339e-03 -8.74404516e-03
-3.12732197e-02 1.29070308e-03 -8.66822060e-03 1.73543277e-03 -1.09458051e-03 1.35077313e-02 -2.52213236e-02 6.05230816e-02 -1.85976401e-02 1.52746188e-02 -4.81265634e-02 2.83887587e-03 -4.09973931e-04 -3.80060286e-03 1.18059488e-02 1.68278012e-02
1.02972522e-01 -6.29662769e-03 2.35536806e-02 -4.60873637e-03 3.39648454e-03 -3.84183116e-02 7.09464848e-02 -1.70239180e-01 5.22241369e-02 -4.28814404e-02 1.35088280e-01 -7.96787813e-03 1.15084532e-03 1.06671331e-02 -3.31358761e-02 -4.72307168e-02
-4.28284891e-03 3.74365627e-04 -6.22159103e-04 6.77523931e-05 -1.52529174e-04 1.32687774e-03 -2.38123420e-03 5.74644934e-03 -1.74721878e-03 1.42426440e-03 -4.45301086e-03 2.62093818e-04 -3.88347835e-05 -3.50718823e-04 1.09088805e-03 1.55536400e-03
4.88259364e-04 5.09378791e-04 1.37295108e-03 -3.20311519e-04 1.13402741e-04 -1.73289923e-03 3.31946393e-03 -7.96699803e-03 2.45930417e-03 -2.02130363e-03 6.37284154e-03 -3.76004580e-04 5.42638663e-05 5.03391435e-04 -1.56366988e-03 -2.22880649e-03
2.12554708e-02 -1.19065458e-03 4.89131780e-03 -8.48585623e-04 7.23530480e-04 -8.24937783e-03 1.53704993e-02 -3.68737094e-02 1.13215558e-02 -9.28294379e-03 2.92294119e-02 -1.72348891e-03 2.49334465e-04 2.30727601e-03 -7.16775563e-03 -1.02167157e-02
-6.06247317e-03 1.72080923e-04 -2.05193786e-03 4.00275574e-04 -2.54427665e-04 3.13909142e-03 -5.86220669e-03 1.40676489e-02 -4.32451908e-03 3.55060771e-03 -1.11855073e-02 6.59742916e-04 -9.53134804e-05 -8.83237168e-04 2.74367980e-03 3.91075294e-03
-6.83506578e-02 3.93321086e-03 -1.69259422e-02 3.29251844e-03 -2.25359923e-03 2.74336934e-02 -5.11528999e-02 1.22864909e-01 -3.77212241e-02 3.09714042e-02 -9.75695476e-02 5.75503521e-03 -8.31279147e-04 -7.70464307e-03 2.39333827e-02 3.41138244e-02
8.77182279e-03 -5.59852691e-04 2.22562137e-03 -3.74743773e-04 3.13007040e-04 -3.65418126e-03 6.75662654e-03 -1.62010659e-02 4.97556757e-03 -4.08521434e-03 1.28653031e-02 -7.58789480e-04 1.09641907e-04 1.01583300e-03 -3.15558957e-03 -4.49787499e-03
4.08677682e-02 -1.32783211e-03 1.22065181e-02 -2.36803270e-03 1.54522387e-03 -1.91455036e-02 3.57438922e-02 -8.58151391e-02 2.63745710e-02 -2.16515176e-02 6.82002902e-02 -4.02238173e-03 5.81235741e-04 5.38497418e-03 -1.67280380e-02 -2.38436107e-02
-7.62291718e-03 4.40777541e-04 -1.15474686e-03 2.21458438e-04 -2.38041059e-04 2.38165306e-03 -4.31604730e-03 1.03829280e-02 -3.16550420e-03 2.59557832e-03 -8.16454459e-03 4.81233408e-04 -6.97111536e-05 -6.44220912e-04 2.00142339e-03 2.85277748e-03
-7.95069803e-03 1.65068021e-04 -2.42442358e-03 4.77783818e-04 -3.22860928e-04 3.88574298e-03 -7.27745611e-03 1.74596924e-02 -5.36717102e-03 4.40654019e-03 -1.38843786e-02 8.18976492e-04 -1.18290889e-04 -1.09641801e-03 3.40586319e-03 4.85460227e-03
3.09067685e-03 -1.24763057e-03 -1.71733764e-03 4.39935713e-04 -6.41297884e-05 1.69297925e-03 -3.26993875e-03 7.88715947e-03 -2.45160097e-03 2.02893931e-03 -6.40493212e-03 3.78111261e-04 -5.43810311e-05 -5.06249547e-04 1.57234829e-03 2.24114489e-03
-6.31424338e-02 4.66420408e-03 -1.59858987e-02 2.70690885e-03 -2.22543976e-03 2.51718014e-02 -4.66233417e-02 1.11884125e-01 -3.43319960e-02 2.82015335e-02 -8.88103098e-02 5.23819681e-03 -7.56645168e-04 -7.01269554e-03 2.17840150e-02 3.10501829e-02
