-6.46614749e-03 -3.70659307e-02 -2.92460211e-02 -2.80728210e-02 -3.38408607e-03 -9.59168596e-04 5.19572105e-03 3.04296464e-02 5.76285273e-03 1.15508577e-04 4.12985403e-03 6.55348040e-03 3.54278623e-03 -5.73010650e-04 1.26568852e-02 1.58647709e-02
1.88569841e-03 -4.33506556e-02 -3.45885418e-02 -3.36446539e-02 -4.00308752e-03 -1.14521268e-03 6.26276992e-03 3.66753675e-02 6.97480561e-03 1.39667172e-04 4.98026842e-03 7.90104643e-03 4.27112868e-03 -6.90849440e-04 1.52587462e-02 1.91260669e-02
-1.78790814e-03 7.36756483e-03 6.56228559e-03 6.53706584e-03 7.62039970e-04 2.21132315e-04 -1.21153053e-03 -7.09374202e-03 -1.35239668e-03 -2.65180752e-05 -9.63654311e-04 -1.52837648e-03 -8.26199132e-04 1.33657595e-04 -2.95154774e-03 -3.69960978e-03
8.25021602e-03 5.66138960e-02 4.54569049e-02 4.36912440e-02 5.33411512e-03 1.50695280e-03 -8.07296857e-03 -4.73353267e-02 -8.97246227e-03 -1.85378522e-04 -6.40898570e-03 -1.01806484e-02 -5.50358603e-03 8.89574760e-04 -1.96639877e-02 -2.46480349e-02
3.58136790e-03 7.74730891e-02 5.97040281e-02 5.77190220e-02 7.31710251e-03 2.05399934e-03 -1.06062386e-02 -6.22715242e-02 -1.17487488e-02 -2.56801111e-04 -8.42674728e-03 -1.33748641e-02 -7.23038241e-03 1.16803881e-03 -2.58345343e-02 -3.23827565e-02
-1.21169700e-03 -2.65172552e-02 -2.07803287e-02 -2.02079397e-02 -2.38891598e-03 -6.94845861e-04 3.74591118e-03 2.19437089e-02 4.17717593e-03 8.25309762e-05 2.97943503e-03 4.72602854e-03 2.55478476e-03 -4.13263449e-04 9.12695844e-03 1.14401709e-02
6.30834885e-03 2.57515013e-02 1.85875893e-02 1.74377076e-02 2.16152426e-03 6.04680157e-04 -3.21924617e-03 -1.88467354e-02 -3.59215424e-03 -7.12062465e-05 -2.56080274e-03 -4.06198809e-03 -2.19580904e-03 3.55240976e-04 -7.84430653e-03 -9.83241666e-03
1.20284024e-03 -7.58307474e-03 -6.50870847e-03 -6.42824499e-03 -7.63239805e-04 -2.19239912e-04 1.19154039e-03 6.97687501e-03 1.32623641e-03 2.68130516e-05 9.46986256e-04 1.50297023e-03 8.12491868e-04 -1.31370645e-04 2.90282723e-03 3.63856577e-03
2.26267427e-02 1.14125431e-01 8.28216821e-02 7.87111744e-02 9.20193829e-03 2.70368252e-03 -1.45475138e-02 -8.51848647e-02 -1.61626711e-02 -3.29829694e-04 -1.15566002e-02 -1.83522832e-02 -9.92108043e-03 1.60425913e-03 -3.54452319e-02 -4.44289632e-02
-1.08420383e-04 2.52358075e-02 2.12973282e-02 2.07714010e-02 2.47693108e-03 7.12097739e-04 -3.88340489e-03 -2.27752160e-02 -4.33629379e-03 -8.47354167e-05 -3.08907824e-03 -4.89949994e-03 -2.64855241e-03 4.28442407e-04 -9.46191698e-03 -1.18600270e-02
-1.88590703e-03 -3.25572789e-02 -2.57834177e-02 -2.51871105e-02 -3.04526463e-03 -8.61685257e-04 4.67406260e-03 2.73885671e-02 5.21739991e-03 1.03640305e-04 3.71692330e-03 5.89685468e-03 3.18769761e-03 -5.15626220e-04 1.13881417e-02 1.42744593e-02
-7.71121914e-03 -4.86556813e-02 -3.88171598e-02 -3.75094824e-02 -4.52014292e-03 -1.27735222e-03 6.95509138e-03 4.07468937e-02 7.74529111e-03 1.54012203e-04 5.52880671e-03 8.77318904e-03 4.74276720e-03 -7.66906713e-04 1.69444438e-02 2.12390963e-02
2.26183329e-03 2.32912973e-03 1.42898387e-03 1.18816167e-03 1.78193208e-04 4.22298617e-05 -2.12296160e-04 -1.24569156e-03 -2.30694422e-04 -5.40812880e-06 -1.67860213e-04 -2.67273746e-04 -1.44522855e-04 2.33262563e-05 -5.16508531e-04 -6.47431763e-04
4.15364327e-03 6.31667897e-02 5.19973561e-02 5.04675992e-02 6.07637782e-03 1.73126231e-03 -9.40230396e-03 -5.50893992e-02 -1.04577215e-02 -2.06211465e-04 -7.47821014e-03 -1.18617425e-02 -6.41224254e-03 1.03715097e-03 -2.29079984e-02 -2.87140273e-02
-1.65811218e-02 -8.74236673e-02 -6.88016042e-02 -6.46399036e-02 -7.64850527e-03 -2.22200970e-03 1.19861485e-02 7.02322721e-02 1.32837202e-02 2.62608286e-04 9.53146536e-03 1.51190022e-02 8.17308482e-03 -1.32209144e-03 2.91985050e-02 3.65988053e-02
1.92539059e-02 1.47576094e-01 1.12903163e-01 1.06080465e-01 1.30210435e-02 3.71428370e-03 -1.96218733e-02 -1.15015358e-01 -2.16668006e-02 -4.62165539e-04 -1.55666322e-02 -2.47246996e-02 -1.33694001e-02 2.16041622e-03 -4.77671772e-02 -5.98743595e-02
-2.21530907e-03 1.84342242e-03 2.48556398e-03 2.60742754e-03 2.42376031e-04 8.54927712e-05 -5.18100918e-04 -3.00870906e-03 -5.89694537e-04 -1.00653642e-05 -4.14315116e-04 -6.55551441e-04 -3.54328571e-04 5.73929028e-05 -1.26550742e-03 -1.58622791e-03
-3.51636577e-03 -5.36773689e-02 -4.36076373e-02 -4.25203331e-02 -5.18388161e-03 -1.45668944e-03 7.88107235e-03 4.62105423e-02 8.73134192e-03 1.78418151e-04 6.26117503e-03 9.93924215e-03 5.37305186e-03 -8.68356554e-04 1.91974547e-02 2.40632724e-02
6.22790121e-03 4.70162816e-02 3.60953026e-02 3.45562547e-02 4.31597279e-03 1.19876256e-03 -6.36566477e-03 -3.73637900e-02 -7.01944670e-03 -1.50435342e-04 -5.04751876e-03 -8.02255422e-03 -4.33717482e-03 7.00639386e-04 -1.54979797e-02 -1.94262546e-02
-1.68281980e-02 -8.67220834e-02 -6.59391060e-02 -6.31355494e-02 -8.08424316e-03 -2.24465667e-03 1.16784815e-02 6.84995800e-02 1.30112376e-02 2.75953353e-04 9.26441792e-03 1.47256609e-02 7.96167459e-03 -1.28682924e-03 2.84456704e-02 3.56555060e-02
5.69982454e-03 2.51179338e-02 1.98727641e-02 1.90223083e-02 2.29855045e-03 6.53783209e-04 -3.52705386e-03 -2.06825696e-02 -3.93045507e-03 -7.80852351e-05 -2.80396990e-03 -4.44892980e-03 -2.40504323e-03 3.89019988e-04 -8.59212503e-03 -1.07697900e-02
8.31243023e-03 2.17711348e-02 1.93577521e-02 1.91895701e-02 2.23482377e-03 6.53202587e-04 -3.58583848e-03 -2.09941659e-02 -4.00885055e-03 -7.81594499e-05 -2.85255583e-03 -4.52438602e-03 -2.44576740e-03 3.95609561e-04 -8.73747095e-03 -1.09519856e-02
5.32449782e-03 7.92068094e-02 5.95099702e-02 5.77109605e-02 6.96494849e-03 1.97626092e-03 -1.06699439e-02 -6.25419542e-02 -1.18596787e-02 -2.42034526e-04 -8.47673789e-03 -1.34562431e-02 -7.27444421e-03 1.17586739e-03 -2.59902999e-02 -3.25777680e-02
-1.47350561e-02 1.32507697e-01 1.20295122e-01 1.20316915e-01 1.37548996e-02 4.08418104e-03 -2.25885380e-02 -1.32208824e-01 -2.53048819e-02 -4.86229168e-04 -1.79810934e-02 -2.85089109e-02 -1.54108703e-02 2.49349466e-03 -5.50525673e-02 -6.90053925e-02
1.96542428e-03 -1.16094127e-02 -1.09079555e-02 -1.09314946e-02 -1.23312394e-03 -3.70786351e-04 2.06398172e-03 1.20774098e-02 2.31504627e-03 4.40814365e-05 1.64352020e-03 2.60529062e-03 1.40831200e-03 -2.27886485e-04 5.03086159e-03 6.30590599e-03
-4.33734013e-03 -4.38706949e-02 -3.61809507e-02 -3.54019217e-02 -4.17546136e-03 -1.20836787e-03 6.61226688e-03 3.87430042e-02 7.38629233e-03 1.44717516e-04 5.26006846e-03 8.34292080e-03 4.50998545e-03 -7.29520281e-04 1.61120463e-02 2.01956350e-02
6.96912734e-03 7.14570880e-02 5.72110340e-02 5.53028286e-02 6.71087718e-03 1.90293801e-03 -1.02219991e-02 -5.98748848e-02 -1.13713369e-02 -2.30082383e-04 -8.12144205e-03 -1.28953801e-02 -6.97105005e-03 1.12730660e-03 -2.49054693e-02 -3.12178284e-02
1.04909968e-02 1.25513867e-01 9.61024240e-02 9.25122499e-02 1.10041182e-02 3.20077664e-03 -1.71171390e-02 -1.00227676e-01 -1.90826710e-02 -3.81400518e-04 -1.36088766e-02 -2.15965863e-02 -1.16746621e-02 1.88848621e-03 -4.17079926e-02 -5.22788130e-02
8.93146091e-04 -1.06039010e-02 -7.71197351e-03 -7.26488559e-03 -8.89003917e-04 -2.48681870e-04 1.33178965e-03 7.80649297e-03 1.47943152e-03 2.94731708e-05 1.05694833e-03 1.67883688e-03 9.07742884e-04 -1.46764956e-04 3.24318861e-03 4.06518159e-03
-3.58567806e-03 2.05281321e-02 1.89782474e-02 1.90006606e-02 2.18121591e-03 6.44686341e-04 -3.56415240e-03 -2.08614729e-02 -3.99104599e-03 -7.69098551e-05 -2.83681764e-03 -4.49799839e-03 -2.43146042e-03 3.93399998e-04 -8.68600886e-03 -1.08874440e-02
-6.07104041e-04 -5.65663502e-02 -4.72243950e-02 -4.65669520e-02 -5.39334398e-03 -1.58354675e-03 8.71122908e-03 5.10167852e-02 9.73981153e-03 1.89117505e-04 6.93301903e-03 1.09930458e-02 5.94244804e-03 -9.61347192e-04 2.12286282e-02 2.66089551e-02
1.04511147e-02 -7.23500773e-02 -6.67098537e-02 -6.65304288e-02 -7.65728485e-03 -2.26590363e-03 1.24824746e-02 7.30815306e-02 1.39697492e-02 2.70835473e-04 9.93163511e-03 1.57515071e-02 8.51484109e-03 -1.37761049e-03 3.04183867e-02 3.81278284e-02
6.07497711e-03 1.05110511e-01 8.69731382e-02 8.58838037e-02 1.02297962e-02 2.92341434e-03 -1.58821158e-02 -9.30702463e-02 -1.77124422e-02 -3.48816364e-04 -1.26345009e-02 -2.00376008e-02 -1.08318198e-02 1.75206095e-03 -3.86970900e-02 -4.85048443e-02
-1.08937053e-02 -9.35292616e-02 -7.31608346e-02 -6.97668418e-02 -8.53165798e-03 -2.37543765e-03 1.29956529e-02 7.61464089e-02 1.44723132e-02 2.84378941e-04 1.03244781e-02 1.63909364e-02 8.86070542e-03 -1.43340742e-03 3.16544361e-02 3.96771729e-02
3.44375591e-03 3.29258442e-02 2.79789530e-02 2.74370573e-02 3.38162878e-03 9.56059142e-04 -5.12595708e-03 -3.00778877e-02 -5.67477057e-03 -1.15793860e-04 -4.06368449e-03 -6.46273978e-03 -3.49356118e-03 5.64943475e-04 -1.24814855e-02 -1.56449322e-02
-5.05472952e-03 -2.52181757e-02 -1.81876011e-02 -1.74486972e-02 -2.18453957e-03 -6.14257820e-04 3.22133536e-03 1.89045146e-02 3.55791347e-03 7.77414825e-05 2.55454332e-03 4.06086305e-03 2.19535478e-03 -3.54465737e-04 7.84524716e-03 9.83385835e-03
-1.67005230e-03 7.35405460e-03 6.36190875e-03 6.27819635e-03 7.45624304e-04 2.15361564e-04 -1.16695731e-03 -6.85303146e-03 -1.29718089e-03 -2.62101930e-05 -9.27090878e-04 -1.47177570e-03 -7.95622764e-04 1.28633605e-04 -2.84263818e-03 -3.56311444e-03
3.84803489e-03 1.11826986e-01 8.87346864e-02 8.56414437e-02 1.02501800e-02 2.95567396e-03 -1.57324430e-02 -9.24511403e-02 -1.75092164e-02 -3.64400883e-04 -1.25018703e-02 -1.98339950e-02 -1.07214330e-02 1.73344056e-03 -3.83050069e-02 -4.80136387e-02
5.18180750e-05 1.38904434e-04 -5.12321130e-04 -8.36259045e-04 9.04808985e-07 -2.64241935e-05 1.77401540e-04 1.03221985e-03 2.09668011e-04 2.78333209e-06 1.43266268e-04 2.25255179e-04 1.21715995e-04 -1.97668578e-05 4.34491580e-04 5.44591690e-04
-5.30232792e-04 8.08198750e-03 7.41194654e-03 7.44097168e-03 8.37832456e-04 2.52107740e-04 -1.40244409e-03 -8.20743665e-03 -1.57503947e-03 -2.98101440e-05 -1.11696613e-03 -1.77052827e-03 -9.57073877e-04 1.54881767e-04 -3.41887237e-03 -4.28536255e-03
-2.11167731e-03 -2.01058835e-02 -1.66924670e-02 -1.62934605e-02 -1.95792317e-03 -5.57832536e-04 3.03180981e-03 1.77622736e-02 3.38244671e-03 6.68865687e-05 2.41115037e-03 3.82535905e-03 2.06790678e-03 -3.34483717e-04 7.38769257e-03 9.26010031e-03
7.50915799e-03 2.59896498e-02 2.06466392e-02 2.01203767e-02 2.49629305e-03 6.85884850e-04 -3.72422091e-03 -2.18337122e-02 -4.14399989e-03 -8.28024495e-05 -2.96137994e-03 -4.69744159e-03 -2.53939535e-03 4.10690234e-04 -9.07216221e-03 -1.13715110e-02
-2.11311714e-03 5.77297993e-02 4.74903472e-02 4.65083085e-02 5.65524027e-03 1.60938152e-03 -8.63490626e-03 -5.05898669e-02 -9.63591598e-03 -1.91816900e-04 -6.86470885e-03 -1.08927255e-02 -5.88841690e-03 9.52505914e-04 -2.10363287e-02 -2.63679624e-02
1.84023578e-03 1.01990616e-02 8.39343388e-03 7.99725670e-03 1.00692839e-03 2.74785823e-04 -1.46543607e-03 -8.60440638e-03 -1.61856588e-03 -3.39317594e-05 -1.16299267e-03 -1.84749824e-03 -9.98728676e-04 1.61431832e-04 -3.56849958e-03 -4.47297096e-03
-4.34809085e-03 -6.81601912e-02 -5.47264889e-02 -5.36910929e-02 -6.30004378e-03 -1.83038379e-03 1.00093894e-02 5.86584844e-02 1.11532388e-02 2.18521513e-04 7.96432514e-03 1.26297912e-02 6.82739215e-03 -1.10386719e-03 2.43909787e-02 3.05729173e-02
7.10133649e-03 3.11525762e-02 2.40755752e-02 2.29286421e-02 2.87718745e-03 8.07650154e-04 -4.24473779e-03 -2.49230824e-02 -4.70157899e-03 -9.74877839e-05 -3.37031367e-03 -5.35292085e-03 -2.89371936e-03 4.67827515e-04 -1.03385411e-02 -1.29588954e-02
8.06539878e-03 1.84260830e-01 1.48468241e-01 1.46190897e-01 1.73436869e-02 5.01743611e-03 -2.72774696e-02 -1.59746587e-01 -3.04692425e-02 -6.11531781e-04 -2.16983538e-02 -3.44163328e-02 -1.86043996e-02 3.00956890e-03 -6.64631054e-02 -8.33080485e-02
6.11706451e-03 4.34323438e-02 3.16567048e-02 3.07655241e-02 4.13741032e-03 1.10032258e-03 -5.55956457e-03 -3.27037722e-02 -6.10908726e-03 -1.45587284e-04 -4.40335087e-03 -7.00307777e-03 -3.78634245e-03 6.10932417e-04 -1.35313068e-02 -1.69612803e-02
-8.47548712e-03 -3.00704641e-03 2.93053268e-03 3.35178990e-03 1.97773916e-04 8.77999628e-05 -7.71157269e-04 -4.48200898e-03 -9.07993643e-04 -8.69972519e-06 -6.21328014e-04 -9.77219315e-04 -5.28024801e-04 8.58571584e-05 -1.88477919e-03 -2.36233626e-03
-3.91516611e-02 1.87015712e-01 1.75958797e-01 1.75962344e-01 2.03534365e-02 5.98643720e-03 -3.30194309e-02 -1.93320200e-01 -3.69397178e-02 -7.19200063e-04 -2.62717307e-02 -4.16618250e-02 -2.25209612e-02 3.64355766e-03 -8.04549232e-02 -1.00845851e-01
-8.44909810e-03 4.42878269e-02 3.87701765e-02 3.80027071e-02 4.52960981e-03 1.30314019e-03 -7.11038709e-03 -4.16537747e-02 -7.91677367e-03 -1.57517527e-04 -5.65192010e-03 -8.96769855e-03 -4.84766206e-03 7.84007600e-04 -1.73188355e-02 -2.17083097e-02
5.39029762e-03 3.34274657e-02 2.59081516e-02 2.50292160e-02 3.00990860e-03 8.61832290e-04 -4.63424344e-03 -2.71398928e-02 -5.15984511e-03 -1.03176651e-04 -3.68445949e-03 -5.84664848e-03 -3.16058868e-03 5.11206861e-04 -1.12914219e-02 -1.41532309e-02
-5.17535582e-03 -3.97695377e-02 -3.05364504e-02 -2.91472301e-02 -3.53271072e-03 -1.01736840e-03 5.36367018e-03 3.14786434e-02 5.92339505e-03 1.23710357e-04 4.25502192e-03 6.76252367e-03 3.65584972e-03 -5.90875454e-04 1.30624855e-02 1.63733233e-02
2.09387741e-03 -1.81533974e-02 -1.71627235e-02 -1.72389504e-02 -1.96859380e-03 -5.84565743e-04 3.23845446e-03 1.89528000e-02 3.62827838e-03 6.96261632e-05 2.57787411e-03 4.08708397e-03 2.20932369e-03 -3.57475248e-04 7.89240003e-03 9.89269186e-03
-1.05871037e-02 6.29429370e-02 5.76330386e-02 5.76859452e-02 6.63463073e-03 1.95847731e-03 -1.08154500e-02 -6.33097589e-02 -1.21083660e-02 -2.33675455e-04 -8.60786438e-03 -1.36488397e-02 -7.37810880e-03 1.19371992e-03 -2.63571646e-02 -3.30372900e-02
-1.13546727e-02 -1.87652521e-02 -1.30712036e-02 -1.21392226e-02 -1.53488223e-03 -4.33158508e-04 2.21921527e-03 1.30561218e-02 2.45209713e-03 5.22910850e-05 1.75869674e-03 2.79819104e-03 1.51281746e-03 -2.44490948e-04 5.40529145e-03 6.77533820e-03
-2.83307862e-03 -1.69266127e-02 -1.38507811e-02 -1.35917170e-02 -1.62576314e-03 -4.64357814e-04 2.51294067e-03 1.47304712e-02 2.79435446e-03 5.71191376e-05 1.99638400e-03 3.16958828e-03 1.71348383e-03 -2.76992825e-04 6.12205267e-03 7.67374318e-03
9.34398791e-04 -2.22409028e-03 -1.91720342e-03 -1.89902307e-03 -2.25483891e-04 -6.45414038e-05 3.54332587e-04 2.07516202e-03 3.95431765e-04 7.79593938e-06 2.81794579e-04 4.47032769e-04 2.41656380e-04 -3.90875321e-05 8.63323628e-04 1.08213327e-03
7.52834184e-03 5.61247393e-03 -1.60860782e-03 -3.39139020e-03 -1.50690787e-04 -9.96280723e-05 6.91076333e-04 3.99231119e-03 8.23545794e-04 1.20505138e-05 5.59611188e-04 8.76244041e-04 4.73496853e-04 -7.67764286e-05 1.69069867e-03 2.11915700e-03
-1.03529468e-02 -3.75731289e-02 -2.20691394e-02 -1.62495039e-02 -2.85247457e-03 -6.60813064e-04 2.86481809e-03 1.69553217e-02 3.02496180e-03 8.90450829e-05 2.23301421e-03 3.58988298e-03 1.94243493e-03 -3.12475575e-04 6.94628572e-03 8.70733056e-03
-7.31598819e-04 -1.31543055e-02 -1.06699141e-02 -1.02047706e-02 -1.23915740e-03 -3.50596558e-04 1.89302897e-03 1.10906428e-02 2.10861117e-03 4.20861033e-05 1.50492520e-03 2.38796766e-03 1.29089539e-03 -2.08801284e-04 4.61178692e-03 5.78064146e-03
3.99037078e-02 2.58317471e-01 1.90189838e-01 1.77304804e-01 2.27327738e-02 6.36814535e-03 -3.28980759e-02 -1.93144962e-01 -3.61725017e-02 -7.88437959e-04 -2.60185096e-02 -4.14614528e-02 -2.24155951e-02 3.62191163e-03 -8.00994039e-02 -1.00401908e-01
2.06968542e-02 6.90970570e-03 -7.18199182e-03 -1.03050293e-02 -6.69111090e-04 -2.89361284e-04 2.07053078e-03 1.19687859e-02 2.45961710e-03 2.87945168e-05 1.67122658e-03 2.62529426e-03 1.41835958e-03 -2.31315149e-04 5.06002689e-03 6.34186249e-03
-1.49206258e-03 -7.63063803e-02 -5.75342588e-02 -5.55569306e-02 -6.79136068e-03 -1.90214161e-03 1.02524636e-02 6.01371862e-02 1.14142504e-02 2.29595506e-04 8.14334396e-03 1.29279522e-02 6.98872609e-03 -1.13032025e-03 2.49681007e-02 3.12962905e-02
2.19308375e-03 -3.89300734e-02 -3.33924182e-02 -3.28597091e-02 -3.88580235e-03 -1.12471369e-03 6.12517726e-03 3.58674712e-02 6.84041856e-03 1.34713846e-04 4.87133628e-03 7.72783253e-03 4.17748187e-03 -6.75756542e-04 1.49240252e-02 1.87064987e-02
4.49464936e-03 3.79323922e-02 3.30538824e-02 3.29438597e-02 3.71206715e-03 1.11979200e-03 -6.19958015e-03 -3.62884291e-02 -6.95332931e-03 -1.32834801e-04 -4.93779080e-03 -7.82757904e-03 -4.23128577e-03 6.84668077e-04 -1.51152937e-02 -1.89461857e-02
-5.35812927e-03 -5.46645038e-02 -4.38527167e-02 -4.21448685e-02 -5.05530415e-03 -1.43978384e-03 7.81650282e-03 4.57951799e-02 8.72466899e-03 1.73051900e-04 6.21363427e-03 9.86007135e-03 5.33010345e-03 -8.62247020e-04 1.90417450e-02 2.38678399e-02
-2.08367333e-02 -8.45445842e-02 -5.69552444e-02 -5.43443039e-02 -6.59994036e-03 -1.91538513e-03 9.88588668e-03 5.79869747e-02 1.09231016e-02 2.35626096e-04 7.82068819e-03 1.24571892e-02 6.73523359e-03 -1.08767382e-03 2.40724497e-02 3.01750861e-02
-1.83644122e-03 -4.48247883e-03 -2.61358614e-03 -2.37155496e-03 -3.20593681e-04 -8.38582782e-05 4.27701598e-04 2.51063285e-03 4.72323823e-04 1.01187752e-05 3.39398073e-04 5.39370521e-04 2.91600212e-04 -4.71351959e-05 1.04188360e-03 1.30595616e-03
-4.91795130e-03 8.06753784e-02 6.91808388e-02 6.79230019e-02 8.07028450e-03 2.32390338e-03 -1.26848910e-02 -7.42883161e-02 -1.41460458e-02 -2.82590394e-04 -1.00825801e-02 -1.60015300e-02 -8.65031406e-03 1.39883242e-03 -3.09046041e-02 -3.87375057e-02
9.54976585e-03 3.04468013e-02 2.24274602e-02 2.01214403e-02 2.48644478e-03 6.97531679e-04 -3.71315237e-03 -2.17649769e-02 -4.11059987e-03 -8.54204409e-05 -2.94893351e-03 -4.68257489e-03 -2.53141741e-03 4.09196888e-04 -9.04505514e-03 -1.13376128e-02
-3.92279401e-03 1.09603582e-02 1.21317646e-02 1.24319308e-02 1.34447590e-03 4.19751450e-04 -2.35625030e-03 -1.37825999e-02 -2.65277363e-03 -4.89443701e-05 -1.87766959e-03 -2.97469390e-03 -1.60794437e-03 2.60286120e-04 -5.74363396e-03 -7.19929719e-03
2.44978704e-02 2.51130581e-01 1.97581187e-01 1.94114059e-01 2.30374467e-02 6.63477974e-03 -3.61281671e-02 -2.11612970e-01 -4.03165184e-02 -7.97880930e-04 -2.87264008e-02 -4.55779135e-02 -2.46383846e-02 3.98543244e-03 -8.80199894e-02 -1.10328563e-01
1.17058121e-03 3.04916129e-02 2.76007000e-02 2.76828893e-02 3.09114624e-03 9.36773082e-04 -5.21075586e-03 -3.04889306e-02 -5.85009996e-03 -1.10909103e-04 -4.15164419e-03 -6.58004219e-03 -3.55687900e-03 5.75598271e-04 -1.27059575e-02 -1.59261990e-02
3.21501726e-03 1.77267808e-02 1.10435272e-02 9.79196373e-03 1.28903438e-03 3.40590079e-04 -1.79670157e-03 -1.05274981e-02 -1.98311056e-03 -4.08728702e-05 -1.42691028e-03 -2.26544007e-03 -1.22474320e-03 1.98020047e-04 -4.37578745e-03 -5.48484689e-03
1.54248485e-03 3.32434140e-02 2.68688351e-02 2.63181664e-02 3.21306428e-03 9.04551591e-04 -4.87789838e-03 -2.85902303e-02 -5.41550573e-03 -1.09970380e-04 -3.87751800e-03 -6.15283474e-03 -3.32629192e-03 5.37642336e-04 -1.18844500e-02 -1.48966741e-02
-1.12886960e-02 -4.91781346e-02 -3.69151644e-02 -3.57622541e-02 -4.36001178e-03 -1.23730337e-03 6.54997304e-03 3.84135023e-02 7.27615831e-03 1.52020890e-04 5.19780023e-03 8.26023705e-03 4.46556509e-03 -7.21600896e-04 1.59555785e-02 1.99997444e-02
1.59273334e-02 4.52511907e-02 3.11594941e-02 2.80283168e-02 3.76058812e-03 9.77902557e-04 -5.18209208e-03 -3.04219853e-02 -5.74855972e-03 -1.17933101e-04 -4.11352655e-03 -6.53399760e-03 -3.53223574e-03 5.71150973e-04 -1.26199592e-02 -1.58185232e-02
-2.85164616e-03 -2.53478773e-02 -2.01654192e-02 -1.94793381e-02 -2.32351595e-03 -6.69674017e-04 3.61865526e-03 2.12046579e-02 4.02646419e-03 8.09143239e-05 2.87671713e-03 4.56512067e-03 2.46785814e-03 -3.99080367e-04 8.81686620e-03 1.10515272e-02
-1.16705205e-02 5.34697296e-03 8.28206632e-03 9.17711947e-03 9.19260201e-04 3.05936817e-04 -1.78143138e-03 -1.04097752e-02 -2.02253181e-03 -3.53848809e-05 -1.42186659e-03 -2.25014868e-03 -1.21621485e-03 1.97006477e-04 -4.34387615e-03 -5.44475298e-03
-3.05373291e-03 3.87408212e-02 3.49204876e-02 3.49056274e-02 4.02977364e-03 1.18585466e-03 -6.53873524e-03 -3.82820442e-02 -7.31724454e-03 -1.41713361e-04 -5.20344544e-03 -8.25127400e-03 -4.46036458e-03 7.21619523e-04 -1.59341227e-02 -1.99725796e-02
-2.92166462e-03 -4.19649668e-02 -3.35904993e-02 -3.23240720e-02 -3.93529190e-03 -1.11805624e-03 5.99646010e-03 3.51523012e-02 6.66874554e-03 1.33773152e-04 4.76689823e-03 7.56331487e-03 4.08859737e-03 -6.61279715e-04 1.46069331e-02 1.83090698e-02
1.02713229e-02 -3.90408747e-02 -3.82841490e-02 -3.89140546e-02 -4.34774486e-03 -1.31240417e-03 7.35586602e-03 4.30470295e-02 8.26052483e-03 1.56430382e-04 5.85760688e-03 9.28517804e-03 5.01914090e-03 -8.12213926e-04 1.79294832e-02 2.24736016e-02
-6.04524929e-03 -2.43027695e-02 -1.83245651e-02 -1.73817966e-02 -2.18100892e-03 -5.96461294e-04 3.20846867e-03 1.88160557e-02 3.56759923e-03 7.28304149e-05 2.54931976e-03 4.04656911e-03 2.18754006e-03 -3.53711657e-04 7.81554729e-03 9.79642756e-03
2.16392428e-02 1.24934778e-01 8.14508945e-02 7.57461190e-02 1.02608446e-02 2.67655728e-03 -1.36514939e-02 -8.02814439e-02 -1.49112660e-02 -3.50107119e-04 -1.07748276e-02 -1.71731319e-02 -9.28532612e-03 1.49898801e-03 -3.31891701e-02 -4.16020229e-02
8.34998302e-03 2.65565906e-02 1.89906713e-02 1.81881711e-02 2.26747897e-03 6.33900869e-04 -3.34732723e-03 -1.96211580e-02 -3.70850530e-03 -7.81118433e-05 -2.65467772e-03 -4.22067661e-03 -2.28171749e-03 3.68773792e-04 -8.15274473e-03 -1.02191512e-02
7.80594908e-03 3.21601816e-02 2.25514099e-02 2.15048194e-02 2.62940675e-03 7.35374924e-04 -3.97722609e-03 -2.33056359e-02 -4.44106245e-03 -8.80668522e-05 -3.16039589e-03 -5.01763867e-03 -2.71242158e-03 4.38709947e-04 -9.69027169e-03 -1.21462690e-02
-2.62166793e-03 -4.68770899e-02 -3.74009050e-02 -3.68038602e-02 -4.42607328e-03 -1.25820108e-03 6.82090363e-03 3.99644449e-02 7.61281326e-03 1.48907129e-04 5.42684691e-03 8.60647019e-03 4.65244148e-03 -7.52639433e-04 1.66204404e-02 2.08328478e-02
-8.25706590e-03 -5.99428266e-03 -3.48847476e-03 -3.13518988e-03 -4.01865516e-04 -1.10103152e-04 5.72187942e-04 3.35606746e-03 6.31208532e-04 1.33867716e-05 4.53370187e-04 7.21443794e-04 3.90037079e-04 -6.30203795e-05 1.39370619e-03 1.74696092e-03
5.24631189e-03 6.49635345e-02 5.11502363e-02 4.97209020e-02 5.88744460e-03 1.69832876e-03 -9.27518029e-03 -5.43077439e-02 -1.03610484e-02 -2.02628697e-04 -7.37824291e-03 -1.17037091e-02 -6.32675970e-03 1.02351012e-03 -2.26018559e-02 -2.83302329e-02
4.41736355e-03 9.50055569e-02 7.92236179e-02 7.74307549e-02 9.14917327e-03 2.65621999e-03 -1.44363670e-02 -8.45192820e-02 -1.61286555e-02 -3.14571807e-04 -1.14850095e-02 -1.82158016e-02 -9.84697510e-03 1.59298116e-03 -3.51775661e-02 -4.40932438e-02
5.40818740e-03 7.92079046e-02 6.48315996e-02 6.32752627e-02 7.43905082e-03 2.16350053e-03 -1.17946863e-02 -6.90799579e-02 -1.31519213e-02 -2.59535358e-04 -9.37777665e-03 -1.48803545e-02 -8.04414041e-03 1.30108069e-03 -2.87382938e-02 -3.60220261e-02
-1.04587590e-02 -9.69244987e-02 -7.99304098e-02 -7.66950026e-02 -9.15446877e-03 -2.62152706e-03 1.43044228e-02 8.38213786e-02 1.59445629e-02 3.10397212e-04 1.13799013e-02 1.80465113e-02 9.75551922e-03 -1.57819327e-03 3.48510705e-02 4.36839722e-02
-7.71044614e-03 -4.40490656e-02 -2.88970005e-02 -2.51640119e-02 -3.42748594e-03 -8.97999911e-04 4.59342590e-03 2.70255487e-02 5.01914369e-03 1.17695068e-04 3.62378987e-03 5.78008546e-03 3.12643987e-03 -5.04949130e-04 1.11722685e-02 1.40041132e-02
3.97635158e-03 4.18167859e-02 3.03355791e-02 2.87355389e-02 3.74793517e-03 9.98256728e-04 -5.22515131e-03 -3.06906961e-02 -5.74261043e-03 -1.27529274e-04 -4.13627643e-03 -6.58260891e-03 -3.55891581e-03 5.74470963e-04 -1.27187194e-02 -1.59426928e-02
-3.26700206e-03 6.29215240e-02 5.48598468e-02 5.43472208e-02 6.27149874e-03 1.84973970e-03 -1.01599190e-02 -5.94819039e-02 -1.13707939e-02 -2.19655733e-04 -8.08669999e-03 -1.28220012e-02 -6.93111494e-03 1.12143066e-03 -2.47602947e-02 -3.10356878e-02
4.92674112e-03 1.02354363e-01 8.47779438e-02 8.36427286e-02 9.66911670e-03 2.82640196e-03 -1.56008322e-02 -9.13124382e-02 -1.74642466e-02 -3.36865371e-04 -1.24162948e-02 -1.96881108e-02 -1.06428750e-02 1.72189495e-03 -3.80199477e-02 -4.76559587e-02
7.54326396e-03 8.21844488e-03 1.10430270e-03 5.50614786e-04 3.13550438e-04 2.54889910e-05 4.02422984e-07 -6.09303679e-05 7.88936231e-05 -7.55824294e-06 1.08091390e-05 6.24143013e-06 2.96013945e-06 -1.39895178e-06 7.26103508e-06 8.78751507e-06
3.36719560e-03 5.57160983e-03 4.20231605e-03 4.15680092e-03 4.81692696e-04 1.42851553e-04 -7.79065478e-04 -4.56708996e-03 -8.72180564e-04 -1.69839768e-05 -6.20208157e-04 -9.83642414e-04 -5.31726284e-04 8.60203872e-05 -1.89955381e-03 -2.38099205e-03
2.09866487e-03 -1.30233048e-02 -1.26003744e-02 -1.28494594e-02 -1.42062956e-03 -4.31626337e-04 2.43062247e-03 1.42169604e-02 2.73639080e-03 5.07574368e-05 1.93785306e-03 3.06915096e-03 1.65899517e-03 -2.68552598e-04 5.92598133e-03 7.42785586e-03
1.50450077e-02 7.14934319e-02 5.17603680e-02 4.77164201e-02 6.01669354e-03 1.64496410e-03 -8.68645217e-03 -5.10459431e-02 -9.51986294e-03 -2.08184094e-04 -6.87460508e-03 -1.09460074e-02 -5.91825414e-03 9.55249532e-04 -2.11502519e-02 -2.65114512e-02
-4.50051390e-03 -3.70979272e-02 -2.92427130e-02 -2.80039292e-02 -3.31096258e-03 -9.59177793e-04 5.20397490e-03 3.04796733e-02 5.80104301e-03 1.14523449e-04 4.13820939e-03 6.56567747e-03 3.54931597e-03 -5.74096921e-04 1.26801915e-02 1.58939827e-02
5.82038844e-03 1.08237583e-02 6.34656241e-03 5.61119337e-03 7.66002340e-04 2.01586270e-04 -1.00385072e-03 -5.93283679e-03 -1.08609733e-03 -2.64127448e-05 -7.90604041e-04 -1.26331020e-03 -6.83106482e-04 1.10105822e-04 -2.44190567e-03 -3.06093600e-03
3.64354136e-03 -4.34690751e-02 -3.92746888e-02 -3.90336365e-02 -4.55818838e-03 -1.33286510e-03 7.30849151e-03 4.27919067e-02 8.16119276e-03 1.60344032e-04 5.81307849e-03 9.22151189e-03 4.98483330e-03 -8.06290191e-04 1.78084169e-02 2.23219749e-02
1.29778087e-02 -4.04696763e-02 -4.17207032e-02 -4.27503064e-02 -4.66408674e-03 -1.41438248e-03 8.09281319e-03 4.73510996e-02 9.11168288e-03 1.64938392e-04 6.45616464e-03 1.02189807e-02 5.52364672e-03 -8.94279976e-04 1.97300874e-02 2.47304253e-02
1.16175339e-02 4.97402027e-02 3.77854481e-02 3.59034687e-02 4.62915795e-03 1.27067161e-03 -6.58195233e-03 -3.86076719e-02 -7.26403948e-03 -1.58496128e-04 -5.22334129e-03 -8.29945877e-03 -4.48680948e-03 7.24690093e-04 -1.60321575e-02 -2.00958475e-02
-2.72780354e-03 6.19789325e-02 5.19385710e-02 5.14837317e-02 6.15020934e-03 1.72850210e-03 -9.36532114e-03 -5.49412929e-02 -1.03729786e-02 -2.12354091e-04 -7.44018704e-03 -1.18100522e-02 -6.38476061e-03 1.03215443e-03 -2.28117853e-02 -2.85936128e-02
4.40833438e-03 3.42186987e-02 2.24332586e-02 2.07176004e-02 2.88673909e-03 7.17053656e-04 -3.70985409e-03 -2.17969399e-02 -3.98161542e-03 -8.83026441e-05 -2.93407473e-03 -4.66678292e-03 -2.52276636e-03 4.07532876e-04 -9.01543722e-03 -1.13005545e-02
9.09714587e-03 4.30960394e-02 2.85838023e-02 2.67261267e-02 3.77696869e-03 8.96274287e-04 -4.67218598e-03 -2.74193790e-02 -5.09638852e-03 -1.15678449e-04 -3.68896569e-03 -5.88222314e-03 -3.18026403e-03 5.12793253e-04 -1.13675678e-02 -1.42492177e-02
3.29729472e-03 2.66043972e-02 2.15646792e-02 2.11374070e-02 2.55425414e-03 7.29238847e-04 -3.92355351e-03 -2.30181962e-02 -4.37580468e-03 -9.01010280e-05 -3.11758788e-03 -4.94921859e-03 -2.67543201e-03 4.32663510e-04 -9.55851004e-03 -1.19811473e-02
-2.65421206e-03 2.00550212e-03 1.59845862e-03 1.45099813e-03 1.95624496e-04 5.17828121e-05 -2.60484754e-04 -1.52981607e-03 -2.85135029e-04 -6.31921148e-06 -2.05991484e-04 -3.27624468e-04 -1.77128066e-04 2.86202903e-05 -6.32933865e-04 -7.93358835e-04
6.16760040e-03 6.49417639e-02 5.08230813e-02 4.85138819e-02 6.02064561e-03 1.65746256e-03 -8.94764811e-03 -5.24132960e-02 -9.93674528e-03 -2.02392184e-04 -7.10943108e-03 -1.12857334e-02 -6.10102061e-03 9.86409606e-04 -2.17975378e-02 -2.73222364e-02
-4.79996623e-03 -4.36034426e-02 -3.19033787e-02 -3.00623402e-02 -3.79136740e-03 -1.05575193e-03 5.56884939e-03 3.27452235e-02 6.18285220e-03 1.26985251e-04 4.41964064e-03 7.02153053e-03 3.79589200e-03 -6.13586046e-04 1.35621252e-02 1.69995688e-02
-2.95188604e-03 -2.10368671e-02 -1.61195323e-02 -1.58564933e-02 -1.90646178e-03 -5.44088543e-04 2.89372820e-03 1.69632882e-02 3.21583077e-03 6.63752362e-05 2.30088923e-03 3.65035981e-03 1.97334820e-03 -3.19068029e-04 7.05018733e-03 8.83709360e-03
2.95578036e-04 -1.44933574e-02 -1.04789007e-02 -1.01940725e-02 -1.22757279e-03 -3.51607276e-04 1.87700393e-03 1.09991375e-02 2.07949872e-03 4.31964872e-05 1.48953218e-03 2.36676633e-03 1.27950858e-03 -2.06831988e-04 4.57152724e-03 5.73022244e-03
-4.74411622e-03 -1.69441458e-02 -1.44745596e-02 -1.44468937e-02 -1.61349389e-03 -4.89505590e-04 2.72551877e-03 1.59476306e-02 3.06130969e-03 5.75494560e-05 2.17158813e-03 3.44169652e-03 1.86041405e-03 -3.01106193e-04 6.64565060e-03 8.32993165e-03
2.25333571e-02 4.26224582e-02 2.76612956e-02 2.50664502e-02 3.86645645e-03 9.41014267e-04 -4.51275241e-03 -2.66294274e-02 -4.93152766e-03 -1.14052782e-04 -3.56456963e-03 -5.68059320e-03 -3.07107624e-03 4.95831657e-04 -1.09749967e-02 -1.37568563e-02
-1.93960179e-04 -1.04379782e-04 -4.22956335e-04 -4.84081975e-04 -3.63905856e-05 -1.58523035e-05 9.60783800e-05 5.58739994e-04 1.10826106e-04 1.72177681e-06 7.68193495e-05 1.21532568e-04 6.56879638e-05 -1.06541220e-05 2.34544277e-04 2.93981633e-04
-3.60324490e-03 6.65864870e-02 5.62190786e-02 5.54270670e-02 6.61725178e-03 1.90026290e-03 -1.02882553e-02 -6.03086092e-02 -1.14774490e-02 -2.28152945e-04 -8.17787740e-03 -1.29778655e-02 -7.01568602e-03 1.13472773e-03 -2.50640139e-02 -3.14165018e-02
6.16767816e-03 4.68964837e-02 3.79076637e-02 3.64421755e-02 4.46386682e-03 1.23859465e-03 -6.70440728e-03 -3.93153392e-02 -7.42361881e-03 -1.53045286e-04 -5.32184262e-03 -8.45458545e-03 -4.57060803e-03 7.38706207e-04 -1.63308140e-02 -2.04700641e-02
-7.06452993e-04 1.05071170e-02 8.07504728e-03 7.73351314e-03 9.91620007e-04 2.68296979e-04 -1.41273602e-03 -8.28448776e-03 -1.55904423e-03 -3.31814190e-05 -1.12027884e-03 -1.78072834e-03 -9.62715014e-04 1.55568472e-04 -3.43991979e-03 -4.31181537e-03
-1.29108429e-02 -7.73760304e-02 -5.86510263e-02 -5.54669388e-02 -6.85361773e-03 -1.91156974e-03 1.01773934e-02 5.97651750e-02 1.12717953e-02 2.35674030e-04 8.07856396e-03 1.28333019e-02 6.93764351e-03 -1.12134835e-03 2.47881562e-02 3.10709644e-02
-4.18315874e-04 2.27833688e-02 1.95390340e-02 1.93334147e-02 2.26653158e-03 6.58439007e-04 -3.59718967e-03 -2.10601687e-02 -4.02298663e-03 -7.83907235e-05 -2.86219758e-03 -4.53902222e-03 -2.45365710e-03 3.96967167e-04 -8.76541156e-03 -1.09869745e-02
7.18499860e-03 6.66984320e-02 5.47076650e-02 5.32510355e-02 6.30075112e-03 1.82299898e-03 -9.89637617e-03 -5.79924360e-02 -1.10081686e-02 -2.23232797e-04 -7.86355883e-03 -1.24846585e-02 -6.74921414e-03 1.09108491e-03 -2.41135806e-02 -3.02253813e-02
-4.95559676e-03 -3.94545309e-02 -2.89473757e-02 -2.73670685e-02 -3.51431174e-03 -9.64107225e-04 5.07142721e-03 2.97835357e-02 5.62879862e-03 1.16430972e-04 4.02588304e-03 6.39514858e-03 3.45725450e-03 -5.58967178e-04 1.23522226e-02 1.54829603e-02
-4.17899014e-03 5.90145914e-03 6.53172843e-03 6.63387356e-03 7.96863809e-04 2.24220028e-04 -1.23348064e-03 -7.21962424e-03 -1.37821632e-03 -2.67382475e-05 -9.81176156e-04 -1.55599788e-03 -8.41126312e-04 1.36085320e-04 -3.00482917e-03 -3.76639189e-03
-2.39003496e-03 7.98482727e-03 8.69943202e-03 8.85334797e-03 9.91301262e-04 2.99737992e-04 -1.67068839e-03 -9.76966415e-03 -1.87666703e-03 -3.56223973e-05 -1.33027497e-03 -2.10860511e-03 -1.13980996e-03 1.84450852e-04 -4.07165196e-03 -5.10358624e-03
-2.00337172e-02 6.24520667e-02 5.89996465e-02 5.90414926e-02 6.94751507e-03 2.00809259e-03 -1.10228853e-02 -6.45422414e-02 -1.23238740e-02 -2.42512295e-04 -8.76749679e-03 -1.39064239e-02 -7.51750357e-03 1.21608737e-03 -2.68558338e-02 -3.36624086e-02
