1.09411282e-02 -1.51941525e-02 -1.13220895e-02 -9.39631928e-03 -9.61501524e-03 2.53009028e-04 -1.28477681e-02 3.78613770e-02 -2.23831437e-03 1.57469735e-02 -1.20967953e-02 6.89055864e-03 -1.61024816e-02 -3.96607583e-03 3.32300621e-03 -1.20842771e-03
2.21311431e-02 -2.61298418e-02 -1.87408254e-02 -1.55857392e-02 -1.67021211e-02 5.78135601e-04 -2.23548897e-02 6.58437461e-02 -3.89984762e-03 2.74160840e-02 -2.10636836e-02 1.19935134e-02 -2.80321818e-02 -6.90468634e-03 5.78429317e-03 -2.10434152e-03
4.16831067e-03 -6.41912036e-03 -3.80591769e-03 -3.76958936e-03 -3.14047537e-03 -9.19165905e-06 -4.16570855e-03 1.23627130e-02 -7.23175704e-04 5.09423483e-03 -3.91186401e-03 2.23121908e-03 -5.21252258e-03 -1.28355704e-03 1.07632496e-03 -3.90490255e-04
-1.68259703e-02 2.29969583e-02 1.74534488e-02 1.43594146e-02 1.47061525e-02 -4.15874034e-04 1.96639393e-02 -5.79589121e-02 3.43150645e-03 -2.41146032e-02 1.85267143e-02 -1.05486372e-02 2.46556550e-02 6.07305393e-03 -5.08732768e-03 1.85105146e-03
-1.53935188e-02 2.17473991e-02 1.42674763e-02 1.23957060e-02 1.22017721e-02 -8.26935866e-05 1.62347760e-02 -4.79712822e-02 2.83195334e-03 -1.99081190e-02 1.52964005e-02 -8.70979857e-03 2.03569289e-02 5.01423050e-03 -4.20103176e-03 1.52783713e-03
2.27436284e-03 -7.19886739e-03 -2.82607763e-03 -2.31377035e-03 -1.64849195e-03 -9.68627501e-05 -2.16217060e-03 6.45560073e-03 -3.73707182e-04 2.63766665e-03 -2.02460005e-03 1.15654722e-03 -2.70072185e-03 -6.64885854e-04 5.58054191e-04 -2.01910530e-04
-5.46373567e-03 1.17673837e-02 7.68011529e-03 6.15030061e-03 5.89498505e-03 5.68157702e-05 7.79543677e-03 -2.30413172e-02 1.35509449e-03 -9.54542123e-03 7.32773310e-03 -4.18254128e-03 9.76946950e-03 2.40578828e-03 -2.02004099e-03 7.30674656e-04
-2.15436402e-03 7.69754173e-04 1.90491939e-03 1.71928224e-03 2.17562984e-03 -1.01251848e-04 2.93306657e-03 -8.62330850e-03 5.12751460e-04 -3.60083650e-03 2.76693748e-03 -1.57469988e-03 3.68100987e-03 9.06744914e-04 -7.59440183e-04 2.76456616e-04
-8.50751251e-03 2.98597533e-02 1.62557159e-02 1.24936458e-02 1.25545487e-02 -3.04211513e-04 1.68307703e-02 -4.95802127e-02 2.93476856e-03 -2.06432752e-02 1.58549901e-02 -9.03469324e-03 2.11131256e-02 5.19992923e-03 -4.35785903e-03 1.58340519e-03
-1.25255845e-02 1.44222658e-02 1.14239147e-02 8.98627564e-03 9.80523974e-03 -2.52712634e-04 1.30889621e-02 -3.87901887e-02 2.28201202e-03 -1.60406828e-02 1.23238806e-02 -7.01760361e-03 1.64014101e-02 4.03978303e-03 -3.38439923e-03 1.23113720e-03
1.31766414e-02 -1.75949875e-02 -1.20236576e-02 -1.03926547e-02 -1.06157744e-02 2.58368731e-04 -1.41522679e-02 4.17887345e-02 -2.46870425e-03 1.73520092e-02 -1.33305360e-02 7.59171229e-03 -1.77433100e-02 -4.37023444e-03 3.66139971e-03 -1.33167277e-03
1.42756812e-02 -2.10274365e-02 -1.46700591e-02 -1.21489018e-02 -1.23385824e-02 3.70080117e-04 -1.64706241e-02 4.85644825e-02 -2.87211500e-03 2.01917011e-02 -1.55119887e-02 8.83515924e-03 -2.06473507e-02 -5.08553069e-03 4.26113233e-03 -1.54935557e-03
-3.92324466e-04 3.80245328e-04 9.40281374e-04 8.30393983e-04 1.05564424e-03 -6.28869821e-05 1.42906141e-03 -4.19706432e-03 2.50190089e-04 -1.75611442e-03 1.34966453e-03 -7.67649442e-04 1.79479760e-03 4.42150224e-04 -3.70206864e-04 1.34882081e-04
-1.98911428e-02 2.88741682e-02 1.97323635e-02 1.56136658e-02 1.60113350e-02 -2.92406388e-04 2.13026442e-02 -6.29557744e-02 3.70916049e-03 -2.61023566e-02 2.00527217e-02 -1.14223501e-02 2.66930945e-02 6.57444214e-03 -5.50913904e-03 2.00275565e-03
2.41496265e-02 -3.64087559e-02 -2.70380396e-02 -2.03821864e-02 -2.16222052e-02 6.77559117e-04 -2.90113073e-02 8.54444429e-02 -5.06144762e-03 3.55822966e-02 -2.73406003e-02 1.55626377e-02 -3.63765657e-02 -8.96039139e-03 7.50497775e-03 -2.73181428e-03
-6.53149635e-02 7.08068982e-02 6.01021051e-02 4.87053394e-02 5.57341054e-02 -2.28145951e-03 7.49456361e-02 -2.20397264e-01 1.30952559e-02 -9.19856876e-02 7.06829950e-02 -4.02277038e-02 9.40329507e-02 2.31633056e-02 -1.93997677e-02 7.06256414e-03
-8.84035509e-03 8.02726112e-03 6.99339947e-03 6.37316611e-03 6.66157342e-03 -2.04192547e-04 8.92351475e-03 -2.63359249e-02 1.55784690e-03 -1.09450566e-02 8.40989221e-03 -4.78698732e-03 1.11894133e-02 2.75622169e-03 -2.30853818e-03 8.40291963e-04
1.30351912e-02 -1.88945048e-02 -1.29913688e-02 -1.08991843e-02 -1.11613609e-02 3.08456598e-04 -1.48938280e-02 4.39974144e-02 -2.59580673e-03 1.82608869e-02 -1.40279848e-02 7.99096562e-03 -1.86752453e-02 -4.59973374e-03 3.85488314e-03 -1.40075060e-03
-2.25291625e-02 2.47828290e-02 2.07234714e-02 1.75360888e-02 1.91927310e-02 -7.11241271e-04 2.57469676e-02 -7.58034885e-02 4.49556857e-03 -3.15866247e-02 2.42701732e-02 -1.38148647e-02 3.22917551e-02 7.95425754e-03 -6.66228449e-03 2.42500589e-03
3.65751311e-02 -3.52259129e-02 -3.22602354e-02 -2.73485836e-02 -3.14684175e-02 1.21884304e-03 -4.22516093e-02 1.24283440e-01 -7.38522690e-03 5.18706515e-02 -3.98577936e-02 2.26839371e-02 -5.30250520e-02 -1.30617553e-02 1.09394956e-02 -3.98258353e-03
-8.82172585e-03 9.69391968e-03 9.21178423e-03 7.66880158e-03 8.52101017e-03 -3.12261225e-04 1.14335902e-02 -3.36967520e-02 1.99654931e-03 -1.40280481e-02 1.07784122e-02 -6.13578735e-03 1.43416543e-02 3.53265600e-03 -2.95902696e-03 1.07690203e-03
-3.65906283e-02 2.13885307e-02 3.25637460e-02 2.84353383e-02 3.40770632e-02 -1.64103042e-03 4.59131859e-02 -1.34985521e-01 8.02777894e-03 -5.63803278e-02 4.33243886e-02 -2.46547423e-02 5.76338470e-02 1.41971279e-02 -1.18902037e-02 4.32889862e-03
-1.61329992e-02 4.01144922e-02 1.72761008e-02 1.47187337e-02 1.22550055e-02 1.15103321e-04 1.61894523e-02 -4.81248386e-02 2.80541810e-03 -1.97709762e-02 1.51771130e-02 -8.66643712e-03 2.02395972e-02 4.98372130e-03 -4.18348052e-03 1.51295110e-03
-6.57645799e-03 2.02212967e-02 3.08688427e-03 3.24893254e-03 -1.45226848e-04 3.68930021e-04 -3.19877203e-04 7.99456378e-04 -6.24655149e-05 4.16824711e-04 -3.26262554e-04 1.74959132e-04 -4.19117307e-04 -1.03225146e-04 8.43028029e-05 -3.28407441e-05
1.06487714e-04 -1.93334720e-03 2.33299274e-04 -8.97577847e-05 5.77205326e-04 -7.88198668e-05 8.06507072e-04 -2.34911009e-03 1.41983750e-04 -9.94853210e-04 7.64893892e-04 -4.34604211e-04 1.01639412e-03 2.50427867e-04 -2.09620921e-04 7.64328652e-05
2.56996900e-02 -2.42946446e-02 -2.28486825e-02 -1.91406757e-02 -2.17103474e-02 9.03914799e-04 -2.91546956e-02 8.58243480e-02 -5.09398524e-03 3.57825495e-02 -2.74954773e-02 1.56488847e-02 -3.65798846e-02 -9.01063811e-03 7.54679274e-03 -2.74726865e-03
-2.46169716e-02 4.50020581e-02 2.72301920e-02 2.32359804e-02 1.97551288e-02 3.05536261e-04 2.60334108e-02 -7.70949423e-02 4.51884419e-03 -3.18476371e-02 2.44404990e-02 -1.39568942e-02 3.26012075e-02 8.02666694e-03 -6.73823152e-03 2.43804022e-03
-2.85545569e-02 5.62535897e-02 3.24426666e-02 2.59598512e-02 2.53141783e-02 -2.65254464e-04 3.37833874e-02 -9.95955616e-02 5.89009840e-03 -4.14269380e-02 3.18182930e-02 -1.81302708e-02 4.23689559e-02 1.04348883e-02 -8.74480512e-03 3.17828148e-03
1.62758436e-02 -1.94370151e-02 -1.40949944e-02 -1.19044259e-02 -1.22275874e-02 3.33903241e-04 -1.63600165e-02 4.82452661e-02 -2.85309041e-03 2.00554729e-02 -1.54054184e-02 8.77782609e-03 -2.05076169e-02 -5.05109550e-03 4.23180312e-03 -1.53920113e-03
2.63451273e-03 -2.49857688e-03 -2.68466352e-03 -2.65757949e-03 -2.83870660e-03 4.67797872e-05 -3.78587795e-03 1.12020997e-02 -6.59345475e-04 4.63832030e-03 -3.56216822e-03 2.03098287e-03 -4.74513229e-03 -1.16859085e-03 9.79907811e-04 -3.55528784e-04
1.51807461e-02 -2.46852636e-02 -1.41341211e-02 -1.15560498e-02 -1.14480332e-02 1.69252395e-04 -1.52627230e-02 4.53838967e-02 -2.65428936e-03 1.86895300e-02 -1.43568283e-02 8.18146300e-03 -1.91198904e-02 -4.70973039e-03 3.95143451e-03 -1.43162278e-03
3.70666087e-02 -3.64362672e-02 -3.06024607e-02 -2.40775160e-02 -2.75579635e-02 9.53824841e-04 -3.70294340e-02 1.09049164e-01 -6.46991981e-03 4.54480089e-02 -3.49208862e-02 1.98764354e-02 -4.64607030e-02 -1.14445342e-02 9.58506204e-03 -3.48943495e-03
-6.40116557e-02 5.98261729e-02 5.50247394e-02 5.00540771e-02 5.27970307e-02 -1.96905271e-03 7.07897320e-02 -2.08493456e-01 1.23654967e-02 -8.68758634e-02 6.67555556e-02 -3.79953086e-02 8.88143554e-02 2.18771938e-02 -1.83237027e-02 6.66977465e-03
3.61687988e-02 -4.40670885e-02 -3.39774154e-02 -2.68357061e-02 -3.02062370e-02 1.25236809e-03 -4.04762290e-02 1.19149201e-01 -7.06719747e-03 4.96528633e-02 -3.81501019e-02 2.17151269e-02 -5.07590137e-02 -1.25034116e-02 1.04720304e-02 -3.81222880e-03
-2.01294702e-02 1.75298676e-02 1.76145285e-02 1.48453237e-02 1.73383299e-02 -7.01457262e-04 2.32802313e-02 -6.84947819e-02 4.06674249e-03 -2.85669304e-02 2.19506603e-02 -1.24924639e-02 2.92025451e-02 7.19351089e-03 -6.02468383e-03 2.19335640e-03
1.06091341e-02 -1.55292582e-02 -1.00879110e-02 -8.53492599e-03 -8.96797888e-03 1.91207931e-04 -1.19837653e-02 3.53385881e-02 -2.09005643e-03 1.46920513e-02 -1.12872552e-02 6.42804941e-03 -1.50235174e-02 -3.70034762e-03 3.10022291e-03 -1.12753001e-03
-1.98493549e-03 9.85200237e-03 1.01225683e-03 7.87733647e-04 -7.42991804e-04 2.30588528e-04 -1.08716975e-03 2.91507738e-03 -1.94163411e-04 1.35296187e-03 -1.04118639e-03 5.90076321e-04 -1.38095673e-03 -3.40411614e-04 2.84741720e-04 -1.03968996e-04
5.32433670e-03 -1.35034975e-03 -3.09197675e-03 -3.10147041e-03 -3.45111336e-03 9.52934279e-05 -4.63317242e-03 1.36830332e-02 -8.08418146e-04 5.67949703e-03 -4.36415290e-03 2.48396653e-03 -5.80645492e-03 -1.43026828e-03 1.19795778e-03 -4.36027563e-04
9.78597160e-03 -1.02471393e-02 -8.41028150e-03 -6.87790010e-03 -7.40111945e-03 2.47449934e-04 -9.86903161e-03 2.90535558e-02 -1.72288634e-03 1.21066561e-02 -9.30193067e-03 5.29537816e-03 -1.23773450e-02 -3.04879155e-03 2.55367300e-03 -9.29432339e-04
-4.00679512e-03 1.45318452e-03 3.37555492e-03 2.94149504e-03 3.67826782e-03 -1.92011765e-04 4.96516330e-03 -1.45962266e-02 8.68544041e-04 -6.09902246e-03 4.68671275e-03 -2.66700820e-03 6.23454293e-03 1.53578341e-03 -1.28622283e-03 4.68284998e-04
4.20189742e-03 -9.25613847e-03 -4.82950732e-03 -3.96854570e-03 -3.15252016e-03 -9.04073822e-05 -4.10143053e-03 1.22266104e-02 -7.10768974e-04 5.01058064e-03 -3.84612475e-03 2.19589774e-03 -5.12878736e-03 -1.26273360e-03 1.05936395e-03 -3.83842678e-04
-1.66832507e-02 2.04573255e-02 1.63961500e-02 1.43806674e-02 1.50082810e-02 -4.76403162e-04 2.00197212e-02 -5.90708256e-02 3.49092297e-03 -2.45394837e-02 1.88545510e-02 -1.07353721e-02 2.50904113e-02 6.18020771e-03 -5.17759891e-03 1.88344240e-03
-3.34767275e-04 1.26753347e-02 1.15033961e-03 4.78456030e-04 -1.53875479e-03 4.37969749e-04 -2.25078664e-03 6.45166263e-03 -3.99587530e-04 2.79201521e-03 -2.14926735e-03 1.21732976e-03 -2.84957839e-03 -7.02337013e-04 5.87185670e-04 -2.14850690e-04
-4.29700688e-02 2.79758424e-02 3.65334712e-02 3.17333378e-02 3.70146632e-02 -1.68013677e-03 4.98065874e-02 -1.46492779e-01 8.70620273e-03 -6.11506067e-02 4.69892435e-02 -2.67415605e-02 6.25113025e-02 1.53984940e-02 -1.28965611e-02 4.69507836e-03
2.03532185e-02 -3.44396047e-02 -1.96641721e-02 -1.65572520e-02 -1.61277354e-02 2.09884951e-04 -2.14675888e-02 6.38769343e-02 -3.73259536e-03 2.63002813e-02 -2.02018656e-02 1.15194833e-02 -2.69112624e-02 -6.62957691e-03 5.56038879e-03 -2.01321742e-03
-1.38519257e-02 2.01782882e-02 1.41370585e-02 1.14986980e-02 1.17767844e-02 -5.78575418e-05 1.56641155e-02 -4.64174822e-02 2.72727758e-03 -1.91862378e-02 1.47370659e-02 -8.39546975e-03 1.96208432e-02 4.83269896e-03 -4.04968299e-03 1.47213938e-03
-6.42588288e-02 9.52195376e-02 5.79780042e-02 4.94904667e-02 5.11104912e-02 -7.31662614e-04 6.81208596e-02 -2.01154664e-01 1.18685570e-02 -8.34543332e-02 6.41107038e-02 -3.65186408e-02 8.53492245e-02 2.10219454e-02 -1.76218450e-02 6.40196353e-03
-1.74769480e-02 1.67334341e-02 1.48452027e-02 1.33154737e-02 1.46803614e-02 -5.53608523e-04 1.97001472e-02 -5.79715446e-02 3.44264624e-03 -2.41818819e-02 1.85816903e-02 -1.05752973e-02 2.47204136e-02 6.08939491e-03 -5.10006677e-03 1.85664603e-03
6.34811353e-03 -1.11798896e-02 -6.75900048e-03 -6.87292498e-03 -5.97384060e-03 4.13017697e-05 -7.96497613e-03 2.34514140e-02 -1.39000267e-03 9.76836495e-03 -7.50546623e-03 4.27276595e-03 -9.98696219e-03 -2.46000709e-03 2.06052233e-03 -7.49929284e-04
-9.01512243e-03 4.16490883e-02 4.66038007e-03 -2.82551558e-03 -4.52952273e-03 3.85414460e-04 -6.27260236e-03 1.83300152e-02 -1.10088498e-03 7.72781391e-03 -5.93848852e-03 3.37887555e-03 -7.89898075e-03 -1.94586697e-03 1.62955967e-03 -5.93324366e-04
-2.45352760e-02 1.86436865e-02 1.91661473e-02 1.61298234e-02 1.90400742e-02 -8.63789581e-04 2.56187245e-02 -7.53373876e-02 4.47785016e-03 -3.14511247e-02 2.41677444e-02 -1.37536637e-02 3.21507864e-02 7.91976787e-03 -6.63294457e-03 2.41479790e-03
-5.69947204e-03 1.32092871e-02 7.56887393e-03 6.19017193e-03 5.65256085e-03 -5.40268957e-06 7.49822892e-03 -2.21536905e-02 1.30423647e-03 -9.18402243e-03 7.05223717e-03 -4.02170327e-03 9.39638261e-03 2.31391401e-03 -1.94063492e-03 7.03908736e-04
1.28802527e-02 -1.81712732e-02 -1.27652371e-02 -1.06253410e-02 -1.07587781e-02 2.26313510e-04 -1.44050810e-02 4.25143801e-02 -2.51209922e-03 1.76622197e-02 -1.35686351e-02 7.72673124e-03 -1.80592220e-02 -4.44815634e-03 3.72631196e-03 -1.35568599e-03
7.19911512e-03 -5.89989778e-03 -6.04559807e-03 -5.01474692e-03 -5.66321984e-03 2.40683032e-04 -7.60730729e-03 2.23864187e-02 -1.32935145e-03 9.33850743e-03 -7.17550609e-03 4.08417266e-03 -9.54679400e-03 -2.35162838e-03 1.96965877e-03 -7.16943585e-04
1.17092188e-02 -7.30120018e-03 -1.23880133e-02 -1.08352946e-02 -1.30202323e-02 5.82360313e-04 -1.75259970e-02 5.15493453e-02 -3.06325662e-03 2.15156227e-02 -1.65329129e-02 9.40908957e-03 -2.19944734e-02 -5.41793602e-03 4.53767274e-03 -1.65193027e-03
-3.80509463e-03 -1.45468838e-03 -6.65185275e-04 -3.54343560e-04 -3.98710632e-04 4.60891097e-05 -5.40148409e-04 1.56663579e-03 -9.50050162e-05 6.66146458e-04 -5.12544066e-04 2.90708704e-04 -6.80185214e-04 -1.67609833e-04 1.40099626e-04 -5.12920124e-05
4.27748123e-03 -6.91105146e-03 -4.49156947e-03 -4.06264607e-03 -3.78696970e-03 8.65496986e-05 -5.05129062e-03 1.49154803e-02 -8.80678650e-04 6.19221712e-03 -4.75683715e-03 2.70960829e-03 -6.33222749e-03 -1.55962328e-03 1.30674138e-03 -4.75184352e-04
-8.49914551e-03 6.05386868e-03 7.29295425e-03 6.40218752e-03 7.39422860e-03 -3.27302230e-04 9.93712153e-03 -2.92340796e-02 1.73648656e-03 -1.21979583e-02 9.37289093e-03 -5.33455191e-03 1.24697452e-02 3.07165668e-03 -2.57266569e-03 9.36506956e-04
-1.31664984e-02 1.25824213e-02 1.26136914e-02 1.05988244e-02 1.22417826e-02 -5.09106671e-04 1.64474119e-02 -4.83968146e-02 2.87349941e-03 -2.01861206e-02 1.55105488e-02 -8.82784370e-03 2.06355825e-02 5.08315768e-03 -4.25728969e-03 1.54985290e-03
1.31688770e-02 -2.05661394e-02 -1.42180892e-02 -1.00788511e-02 -1.10394862e-02 2.93164456e-04 -1.47541333e-02 4.34246175e-02 -2.57590599e-03 1.80965401e-02 -1.39048053e-02 7.91461393e-03 -1.84999052e-02 -4.55704099e-03 3.81666911e-03 -1.38942327e-03
5.07817836e-03 -7.82150216e-03 -5.16509730e-03 -4.01758682e-03 -3.86637892e-03 3.23932763e-05 -5.13041671e-03 1.51635818e-02 -8.93062679e-04 6.28274074e-03 -4.82575875e-03 2.74967612e-03 -6.42546080e-03 -1.58251694e-03 1.32610358e-03 -4.82062926e-04
8.46967101e-03 4.42039631e-02 7.69229047e-03 3.15819634e-04 -1.97957875e-03 8.52830824e-04 -2.98945070e-03 8.47714581e-03 -5.37881162e-04 3.73270339e-03 -2.88006896e-03 1.62489305e-03 -3.80623061e-03 -9.38686542e-04 7.85169308e-04 -2.87186296e-04
1.77867319e-02 -7.97209051e-03 -1.08221555e-02 -9.26844776e-03 -1.07955001e-02 4.58065828e-04 -1.45195313e-02 4.27219756e-02 -2.53720628e-03 1.78234447e-02 -1.36953099e-02 7.79516203e-03 -1.82211734e-02 -4.48834337e-03 3.75939766e-03 -1.36830483e-03
-5.22784609e-03 -7.31347874e-03 3.34218005e-03 3.39681352e-03 5.14071621e-03 -3.30871175e-04 6.98128110e-03 -2.04554051e-02 1.22303190e-03 -8.58541671e-03 6.59828121e-03 -3.75354616e-03 8.77531152e-03 2.16175476e-03 -1.81033101e-03 6.59254962e-04
5.80750545e-03 -1.14998072e-02 -5.26535697e-03 -4.07380238e-03 -3.44387139e-03 -4.65726043e-05 -4.53751301e-03 1.34246284e-02 -7.89006939e-04 5.55238314e-03 -4.26411582e-03 2.43066833e-03 -5.67938760e-03 -1.39867305e-03 1.17219472e-03 -4.25959937e-04
-9.45741124e-03 2.51090508e-02 1.05536226e-02 8.47398676e-03 6.15821872e-03 3.67392669e-04 7.85327144e-03 -2.36650649e-02 1.35531242e-03 -9.56347957e-03 7.33783841e-03 -4.19164216e-03 9.79197770e-03 2.41012988e-03 -2.02195928e-03 7.32663320e-04
1.12296212e-02 -1.87384691e-02 -1.14348419e-02 -8.96636024e-03 -8.76943674e-03 2.03721575e-04 -1.16930567e-02 3.44931111e-02 -2.03875429e-03 1.43280299e-02 -1.10074310e-02 6.26752712e-03 -1.46493241e-02 -3.60832061e-03 3.02250683e-03 -1.09992572e-03
1.70841608e-02 -3.69476229e-02 -2.00515054e-02 -1.74689852e-02 -1.74744073e-02 4.58065711e-04 -2.34428141e-02 6.90109208e-02 -4.09333454e-03 2.87608132e-02 -2.20961813e-02 1.25813270e-02 -2.94057261e-02 -7.24284491e-03 6.06693747e-03 -2.20761728e-03
1.95931131e-03 -4.67965845e-03 -2.41199392e-03 -2.12978269e-03 -1.73285615e-03 -7.36648726e-05 -2.26310152e-03 6.74501527e-03 -3.91366309e-04 2.76141404e-03 -2.11848016e-03 1.21174159e-03 -2.82863760e-03 -6.96299539e-04 5.84972848e-04 -2.11085440e-04
-9.33486689e-03 2.58976743e-02 9.47207306e-03 6.06635492e-03 3.93646443e-03 4.06991981e-04 4.97524533e-03 -1.49930101e-02 8.49980745e-04 -6.02675602e-03 4.61498508e-03 -2.65461951e-03 6.18591253e-03 1.52173254e-03 -1.28225179e-03 4.58708324e-04
-9.57974140e-03 1.64663829e-02 1.24862827e-02 9.08988342e-03 9.56830755e-03 -2.47632212e-04 1.27920955e-02 -3.77073772e-02 2.23091478e-03 -1.56863537e-02 1.20507050e-02 -6.86415099e-03 1.60418451e-02 3.95086827e-03 -3.31083266e-03 1.20359892e-03
-1.08116744e-02 9.55277495e-03 8.22358951e-03 7.07970560e-03 7.79561745e-03 -3.06854927e-04 1.04412381e-02 -3.07209995e-02 1.82387198e-03 -1.28143933e-02 9.84615646e-03 -5.60464151e-03 1.31005570e-02 3.22698406e-03 -2.70287972e-03 9.83786071e-04
-6.26334921e-02 9.56896693e-02 5.93801588e-02 5.11152595e-02 5.38294502e-02 -1.61555049e-03 7.20393285e-02 -2.12319985e-01 1.25675825e-02 -8.83272067e-02 6.78586885e-02 -3.86379361e-02 9.03079882e-02 2.22445838e-02 -1.86340660e-02 6.77982904e-03
-1.96264330e-02 1.95873044e-02 1.68002304e-02 1.40759544e-02 1.55934589e-02 -5.23587980e-04 2.08452605e-02 -6.14309646e-02 3.63899209e-03 -2.55653821e-02 1.96437947e-02 -1.11807669e-02 2.61352360e-02 6.43783202e-03 -5.39196469e-03 1.96283334e-03
3.35091096e-03 1.65576953e-03 -1.41737622e-03 -1.60019053e-03 -2.13250495e-03 1.37545663e-04 -2.89602601e-03 8.50018021e-03 -5.07432036e-04 3.55986319e-03 -2.73609301e-03 1.55589671e-03 -3.63798370e-03 -8.96249490e-04 7.50317238e-04 -2.73468060e-04
-6.88878028e-03 1.52337886e-02 6.98234281e-03 6.11655228e-03 4.98208497e-03 1.48160616e-04 6.50375756e-03 -1.94162205e-02 1.12607854e-03 -7.95170106e-03 6.10364135e-03 -3.49000841e-03 8.14569741e-03 2.00529140e-03 -1.68584962e-03 6.07409282e-04
1.56835597e-02 -2.31581554e-02 -1.64665952e-02 -1.46923857e-02 -1.47874048e-02 3.89894121e-04 -1.97909083e-02 5.83407618e-02 -3.45492340e-03 2.42789071e-02 -1.86521821e-02 1.06213288e-02 -2.48245057e-02 -6.11463515e-03 5.12248510e-03 -1.86344702e-03
-1.80018935e-02 2.37959959e-02 1.86570883e-02 1.45083442e-02 1.64681394e-02 -6.29033078e-04 2.20368560e-02 -6.48782402e-02 3.84966843e-03 -2.70432048e-02 2.07796432e-02 -1.18267871e-02 2.76457239e-02 6.80992613e-03 -5.70354098e-03 2.07631942e-03
7.37694139e-03 -1.18537238e-02 -7.66847190e-03 -6.19829074e-03 -6.11265330e-03 8.37105908e-05 -8.14705156e-03 2.40835659e-02 -1.41879928e-03 9.98281874e-03 -7.66772265e-03 4.36983211e-03 -1.02108074e-02 -2.51471461e-03 2.10769754e-03 -7.65693083e-04
1.21807894e-02 -1.23500796e-02 -1.28743118e-02 -1.12464530e-02 -1.24357771e-02 4.61447053e-04 -1.66802146e-02 4.90909778e-02 -2.91319331e-03 2.04698015e-02 -1.57277789e-02 8.95362906e-03 -2.09279116e-02 -5.15497569e-03 4.31809295e-03 -1.57133187e-03
-1.31285572e-02 1.69012453e-02 9.83893406e-03 9.48019978e-03 8.83349590e-03 -1.88125981e-04 1.17577650e-02 -3.47760133e-02 2.04886962e-03 -1.44043025e-02 1.10662049e-02 -6.30197255e-03 1.47287063e-02 3.62780434e-03 -3.03925993e-03 1.10554346e-03
1.63199734e-02 -2.10607089e-02 -1.57531053e-02 -1.28004057e-02 -1.34061845e-02 3.22091306e-04 -1.79150105e-02 5.28375506e-02 -3.12412949e-03 2.19604224e-02 -1.68727171e-02 9.60621424e-03 -2.24528238e-02 -5.53046027e-03 4.63274261e-03 -1.68575044e-03
6.03398494e-03 -3.27321561e-03 -3.29981139e-03 -2.55885720e-03 -2.89197057e-03 1.51160028e-04 -3.89613351e-03 1.14543419e-02 -6.81395642e-04 4.78524994e-03 -3.67719866e-03 2.09244573e-03 -4.89149662e-03 -1.20495388e-03 1.00913027e-03 -3.67424072e-04
8.45290348e-03 -1.10751782e-02 -8.47423449e-03 -7.01073976e-03 -7.48571893e-03 2.54306855e-04 -1.00054964e-02 2.94855852e-02 -1.74673309e-03 1.22736329e-02 -9.43038240e-03 5.36847766e-03 -1.25482706e-02 -3.09088780e-03 2.58898316e-03 -9.42229934e-04
-2.76372842e-02 4.85306792e-02 2.68284641e-02 2.26775575e-02 2.32403409e-02 -7.70382932e-04 3.11095417e-02 -9.15510207e-02 5.42997150e-03 -3.81475538e-02 2.93116812e-02 -1.66839119e-02 3.89983952e-02 9.60625708e-03 -8.04564264e-03 2.92889099e-03
-6.92875450e-03 1.06199421e-02 7.76878837e-03 6.63193269e-03 7.27253919e-03 -2.59985914e-04 9.75427218e-03 -2.87003778e-02 1.70394324e-03 -1.19708600e-02 9.19784606e-03 -5.23551693e-03 1.22379987e-02 3.01452400e-03 -2.52485764e-03 9.19058803e-04
-5.98535966e-03 1.52236456e-02 7.85784982e-03 6.38521370e-03 6.19643787e-03 -1.02534686e-04 8.23165569e-03 -2.43376996e-02 1.43442326e-03 -1.00848302e-02 7.74396118e-03 -4.41383850e-03 1.03147188e-02 2.54039071e-03 -2.12941901e-03 7.73472129e-04
4.34564427e-03 -1.63075943e-02 -5.54851163e-03 -5.45264501e-03 -3.00601637e-03 -3.50296497e-04 -3.78936529e-03 1.15453405e-02 -6.48754649e-04 4.59860545e-03 -3.52736562e-03 2.02021026e-03 -4.71294904e-03 -1.16020290e-03 9.75846197e-04 -3.50983726e-04
8.42085015e-03 -1.29150599e-02 -9.97182913e-03 -8.41335580e-03 -9.01445653e-03 2.53207196e-04 -1.20669967e-02 3.55452336e-02 -2.10525654e-03 1.47985360e-02 -1.13677336e-02 6.47478877e-03 -1.51322475e-02 -3.72711802e-03 3.12268967e-03 -1.13565312e-03
-1.12166768e-02 2.46429704e-02 1.22809038e-02 9.35605727e-03 9.39174648e-03 -1.64370926e-04 1.24909244e-02 -3.68533060e-02 2.17716908e-03 -1.53120067e-02 1.17611680e-02 -6.70089107e-03 1.56583954e-02 3.85669968e-03 -3.23157478e-03 1.17492559e-03
-2.02708915e-02 2.87813917e-02 2.03437246e-02 1.61680803e-02 1.72129944e-02 -4.89426486e-04 2.30344925e-02 -6.78049251e-02 4.02181922e-03 -2.82620285e-02 2.17146128e-02 -1.23618459e-02 2.88941953e-02 7.11727934e-03 -5.96183538e-03 2.16948777e-03
-3.03580966e-02 3.67727913e-02 2.76843999e-02 2.29157116e-02 2.46372428e-02 -7.69234728e-04 3.30184735e-02 -9.72960517e-02 5.76140080e-03 -4.04976159e-02 3.11118234e-02 -1.77178346e-02 4.14084531e-02 1.01992143e-02 -8.54449067e-03 3.10822413e-03
3.16266827e-02 -4.14648652e-02 -3.17336097e-02 -2.40454692e-02 -2.61222459e-02 8.54349870e-04 -3.49458754e-02 1.03081688e-01 -6.09705970e-03 4.28554341e-02 -3.29290070e-02 1.87445991e-02 -4.38131168e-02 -1.07920803e-02 9.03933123e-03 -3.29005276e-03
2.54468005e-02 -2.67856456e-02 -2.36621127e-02 -1.90714970e-02 -2.18932275e-02 9.08324844e-04 -2.94154119e-02 8.65403190e-02 -5.13960514e-03 3.61023173e-02 -2.77407654e-02 1.57887824e-02 -3.69060487e-02 -9.09109134e-03 7.61401327e-03 -2.77189631e-03
-7.21190404e-03 1.33597627e-02 7.66626280e-03 6.44178735e-03 6.18172670e-03 -1.43573052e-04 8.23305268e-03 -2.42933650e-02 1.43544341e-03 -1.00917304e-02 7.75264530e-03 -4.41545807e-03 1.03192497e-02 2.54167314e-03 -2.12938618e-03 7.74521497e-04
2.89601507e-03 5.48953284e-03 -1.24004995e-03 -1.70013076e-03 -3.72902513e-03 3.32439871e-04 -5.09525044e-03 1.48380455e-02 -8.94846802e-04 6.26734039e-03 -4.81804879e-03 2.73772422e-03 -6.40201336e-03 -1.57733250e-03 1.31872646e-03 -4.82124771e-04
-3.63143086e-02 6.35102093e-02 3.71720679e-02 3.27167064e-02 2.88540199e-02 -6.42183411e-04 3.83310206e-02 -1.13033809e-01 6.66968105e-03 -4.69381995e-02 3.60383019e-02 -2.05709618e-02 4.80182841e-02 1.18297869e-02 -9.92989913e-03 3.59263946e-03
-2.33516749e-02 2.21416820e-02 2.05663890e-02 1.83826983e-02 2.04731710e-02 -8.51381221e-04 2.74868347e-02 -8.08940381e-02 4.80232108e-03 -3.37391607e-02 2.59247497e-02 -1.47561319e-02 3.44920047e-02 8.49626027e-03 -7.11626373e-03 2.59024068e-03
5.34400390e-03 -1.41562847e-03 -3.75322206e-03 -3.29722022e-03 -4.06863680e-03 2.19154215e-04 -5.49363717e-03 1.61188934e-02 -9.60977166e-04 6.74819481e-03 -5.18579129e-03 2.95065646e-03 -6.89783087e-03 -1.69920351e-03 1.42301037e-03 -5.18167391e-04
-9.07668658e-03 3.23409331e-03 7.80813908e-03 7.06892926e-03 8.75668041e-03 -4.60545562e-04 1.18150888e-02 -3.47253047e-02 2.06655497e-03 -1.45118190e-02 1.11517385e-02 -6.34561852e-03 1.48341144e-02 3.65417032e-03 -3.06034042e-03 1.11424236e-03
-2.87313294e-02 3.81263793e-02 2.89926641e-02 2.37458143e-02 2.49240138e-02 -8.74284189e-04 3.33999731e-02 -9.84384343e-02 5.83064510e-03 -4.09780703e-02 3.14830728e-02 -1.79250874e-02 4.18958366e-02 1.03197061e-02 -8.64435639e-03 3.14563932e-03
3.36322328e-03 -1.21518970e-02 -5.96098788e-03 -4.07321425e-03 -3.32670426e-03 -7.20381940e-05 -4.38719476e-03 1.30454469e-02 -7.59946823e-04 5.36259590e-03 -4.11491608e-03 2.35251803e-03 -5.49223041e-03 -1.35190680e-03 1.13544706e-03 -4.10039793e-04
-5.60185313e-03 7.47752283e-03 5.88970771e-03 4.97248024e-03 5.40215475e-03 -1.91557017e-04 7.24771619e-03 -2.13564038e-02 1.26552919e-03 -8.89172405e-03 6.83186110e-03 -3.88901029e-03 9.09029786e-03 2.23915349e-03 -1.87546993e-03 6.82641694e-04
1.29838064e-02 -1.37917241e-02 -1.05181178e-02 -8.54819827e-03 -9.41157155e-03 3.27189453e-04 -1.26075353e-02 3.70955393e-02 -2.20223516e-03 1.54719269e-02 -1.18884854e-02 6.76629320e-03 -1.58167128e-02 -3.89610301e-03 3.26313684e-03 -1.18789624e-03
9.66557954e-03 -3.51149729e-03 -6.12487365e-03 -5.32291131e-03 -6.47420576e-03 3.42727464e-04 -8.73191655e-03 2.56735403e-02 -1.52692571e-03 1.07234865e-02 -8.24038498e-03 4.68925061e-03 -1.09618464e-02 -2.70027225e-03 2.26150127e-03 -8.23347131e-04
-4.52999771e-03 8.53668619e-03 6.83544297e-03 5.57639031e-03 6.07579341e-03 -2.20661648e-04 8.14314838e-03 -2.39645429e-02 1.42272608e-03 -9.99578927e-03 7.68058607e-03 -4.37172176e-03 1.02188801e-02 2.51719216e-03 -2.10838858e-03 7.67383433e-04
-2.50676796e-02 2.43276376e-02 2.05723178e-02 2.03380734e-02 1.87640544e-02 -7.24833808e-04 2.51481477e-02 -7.40945414e-02 4.39166324e-03 -3.08591891e-02 2.37116944e-02 -1.34967705e-02 3.15476581e-02 7.77100865e-03 -6.50871452e-03 2.36920989e-03
-1.85620207e-02 2.04178803e-02 1.70522332e-02 1.46871898e-02 1.61359347e-02 -6.59576326e-04 2.16533281e-02 -6.37024790e-02 3.78088444e-03 -2.65658330e-02 2.04131585e-02 -1.16178701e-02 2.71577407e-02 6.68970076e-03 -5.60288597e-03 2.03965441e-03
-1.78522896e-02 1.92191340e-02 1.65481605e-02 1.48490872e-02 1.56615805e-02 -6.72166934e-04 2.10019238e-02 -6.17646836e-02 3.66989942e-03 -2.57790405e-02 1.98085029e-02 -1.12738162e-02 2.63532400e-02 6.49156887e-03 -5.43691125e-03 1.97924883e-03
-1.03843547e-02 1.47273419e-02 9.63582844e-03 8.39946698e-03 8.46819207e-03 -1.86179706e-04 1.12994332e-02 -3.33883874e-02 1.97142106e-03 -1.38521595e-02 1.06425667e-02 -6.05925452e-03 1.41628981e-02 3.48852412e-03 -2.92206299e-03 1.06341264e-03
2.08802847e-03 -1.25657243e-03 -2.15976499e-03 -1.92892388e-03 -2.31818110e-03 1.11745983e-04 -3.12344334e-03 9.18267295e-03 -5.46116033e-04 3.83544178e-03 -2.94726901e-03 1.67721964e-03 -3.92072368e-03 -9.65803978e-04 8.08871118e-04 -2.94484780e-04
-2.12261211e-02 2.55528633e-02 2.10509412e-02 1.72746181e-02 1.86628792e-02 -7.10897206e-04 2.49950606e-02 -7.35539570e-02 4.36540041e-03 -3.06741800e-02 2.35685129e-02 -1.34165613e-02 3.13600451e-02 7.72468001e-03 -6.47043996e-03 2.35475996e-03
1.31505011e-02 -2.03482099e-02 -1.23877656e-02 -9.63750947e-03 -1.06735444e-02 3.40741943e-04 -1.42902536e-02 4.21485677e-02 -2.49605044e-03 1.75347142e-02 -1.34732621e-02 7.66858412e-03 -1.79254562e-02 -4.41556005e-03 3.69821652e-03 -1.34626043e-03
4.47356841e-03 -4.32537915e-03 -4.41067573e-03 -4.08657175e-03 -4.31927620e-03 1.84286342e-04 -5.80690894e-03 1.70817412e-02 -1.01485825e-03 7.12877745e-03 -5.47786616e-03 3.11758416e-03 -7.28756282e-03 -1.79514615e-03 1.50351773e-03 -5.47320873e-04
2.17600819e-02 -2.37240493e-02 -1.81414504e-02 -1.61370486e-02 -1.71586815e-02 5.85451198e-04 -2.30296198e-02 6.77617416e-02 -4.02008509e-03 2.82482114e-02 -2.17038617e-02 1.23553621e-02 -2.88793482e-02 -7.11366767e-03 5.95838437e-03 -2.16864003e-03
4.24331892e-03 -8.48936662e-03 -4.35864320e-03 -3.43969138e-03 -3.33863986e-03 6.89003355e-05 -4.44565667e-03 1.30985016e-02 -7.75973429e-04 5.45192137e-03 -4.18918207e-03 2.38444330e-03 -5.57356467e-03 -1.37291045e-03 1.14987651e-03 -4.18583601e-04
-7.12238019e-03 1.49922315e-02 1.11019276e-02 9.27595235e-03 9.93130077e-03 -2.23961397e-04 1.32351462e-02 -3.90352346e-02 2.31003785e-03 -1.62316263e-02 1.24712186e-02 -7.09929271e-03 1.65943727e-02 4.08757292e-03 -3.42373201e-03 1.24613696e-03
2.47991667e-03 -3.68979643e-03 -2.25429749e-03 -1.98604260e-03 -1.80285983e-03 -2.28547724e-05 -2.36766320e-03 7.07635470e-03 -4.10097971e-04 2.89316196e-03 -2.22107861e-03 1.26924668e-03 -2.96426518e-03 -7.29575870e-04 6.13057287e-04 -2.21025359e-04
-3.65942493e-02 3.71211916e-02 3.09356004e-02 2.71816086e-02 2.91118063e-02 -1.00617355e-03 3.90270874e-02 -1.14999101e-01 6.81657670e-03 -4.78883050e-02 3.67954038e-02 -2.09445748e-02 4.89568524e-02 1.20593207e-02 -1.01004848e-02 3.67658981e-03
-1.66810174e-02 2.20914837e-02 1.70131363e-02 1.44477971e-02 1.40715558e-02 -4.37584560e-04 1.87790357e-02 -5.54076508e-02 3.27438768e-03 -2.30242424e-02 1.76871140e-02 -1.00738844e-02 2.35435236e-02 5.79885487e-03 -4.85851569e-03 1.76692149e-03
-7.67882541e-03 5.69798006e-03 6.44721184e-03 5.57079213e-03 6.42995816e-03 -2.83336092e-04 8.64746142e-03 -2.54340526e-02 1.51140080e-03 -1.06164673e-02 8.15771520e-03 -4.64284373e-03 1.08529255e-02 2.67339591e-03 -2.23908364e-03 8.15093517e-04
1.44848255e-02 -2.14042068e-02 -1.49571644e-02 -1.22070387e-02 -1.26443645e-02 4.33485897e-04 -1.69362538e-02 4.99177091e-02 -2.95781996e-03 2.07818784e-02 -1.59681179e-02 9.08909645e-03 -2.12457087e-02 -5.23334648e-03 4.38325945e-03 -1.59552658e-03
-2.53739906e-03 4.99255536e-03 2.58093234e-03 2.19873735e-03 1.89820782e-03 -3.23632848e-05 2.52430444e-03 -7.44761713e-03 4.40259231e-04 -3.09517514e-03 2.37782579e-03 -1.35423592e-03 3.16498103e-03 7.79554539e-04 -6.53118594e-04 2.37534434e-04
-2.43350305e-02 3.39325145e-02 2.39770710e-02 1.99288055e-02 1.98649969e-02 -5.15692984e-04 2.65524294e-02 -7.83400908e-02 4.63135634e-03 -3.25644985e-02 2.50157136e-02 -1.42489159e-02 3.32993641e-02 8.20184220e-03 -6.87198341e-03 2.49898480e-03
2.10196767e-02 -2.67940275e-02 -1.92995965e-02 -1.55773060e-02 -1.72075666e-02 4.73886961e-04 -2.29875147e-02 6.78040609e-02 -4.01330879e-03 2.81992666e-02 -2.16663480e-02 1.23340022e-02 -2.88295206e-02 -7.10133696e-03 5.94800944e-03 -2.16491707e-03
6.73543569e-03 -7.72923185e-03 -6.60927128e-03 -5.56938304e-03 -5.90080675e-03 2.15775101e-04 -7.87705462e-03 2.31855400e-02 -1.37541303e-03 9.66419000e-03 -7.42567470e-03 4.22672695e-03 -9.87981260e-03 -2.43363832e-03 2.03832216e-03 -7.41968455e-04
-1.56636294e-02 1.72246136e-02 1.28891487e-02 1.10863307e-02 1.18318116e-02 -4.30809159e-04 1.58476308e-02 -4.67140973e-02 2.76542222e-03 -1.94348469e-02 1.49329975e-02 -8.50056391e-03 1.98689774e-02 4.89417836e-03 -4.09927638e-03 1.49203395e-03
-1.04036517e-02 1.21841133e-02 4.32187365e-03 4.17514285e-03 3.49104754e-03 -6.68435241e-05 4.61375201e-03 -1.36215240e-02 8.05140124e-04 -5.65835461e-03 4.34729550e-03 -2.47531501e-03 5.78523520e-03 1.42501260e-03 -1.19367952e-03 4.34365706e-04
