2.15442386e-02 -2.19623791e-03 2.45309668e-03 -7.56507553e-03 -9.35954694e-03 6.41923957e-03 -2.17484869e-02 4.33260687e-02 1.80666405e-03 1.86941177e-02 -1.32399769e-02 4.04972769e-03 -1.18431412e-02 -7.81838596e-03 1.24853179e-02 1.78328319e-03
2.73862928e-02 -3.76938889e-03 2.64565321e-03 -8.22700281e-03 -1.02980733e-02 7.02689914e-03 -2.39315666e-02 4.77286577e-02 1.98380905e-03 2.06284076e-02 -1.45943910e-02 4.46351804e-03 -1.30577236e-02 -8.62141047e-03 1.37674501e-02 1.96623872e-03
1.19353561e-02 -1.11624622e-03 1.93054753e-03 -4.87581128e-03 -5.90559421e-03 4.09362651e-03 -1.38907051e-02 2.78024804e-02 1.15130213e-03 1.19738737e-02 -8.47713556e-03 2.59310566e-03 -7.58556696e-03 -5.00709750e-03 7.99622200e-03 1.14235329e-03
-2.98137777e-02 2.59258412e-03 -3.97112546e-03 1.04080429e-02 1.30555332e-02 -9.05732717e-03 3.08908690e-02 -6.16104156e-02 -2.54884711e-03 -2.66700648e-02 1.89159997e-02 -5.78564359e-03 1.69297401e-02 1.11842528e-02 -1.78585202e-02 -2.54949974e-03
3.12197488e-04 1.20727380e-03 1.70506095e-03 -2.04678671e-03 -2.93818233e-03 2.11122399e-03 -7.49968225e-03 1.48887709e-02 6.19558501e-04 6.50811754e-03 -4.63222293e-03 1.41702150e-03 -4.14749281e-03 -2.74124462e-03 4.37696557e-03 6.24687644e-04
-9.60575999e-04 -9.02456406e-04 -5.77952538e-04 7.62456562e-04 1.06693979e-03 -7.57869973e-04 2.61057471e-03 -5.20721544e-03 -2.16032000e-04 -2.26294203e-03 1.60628627e-03 -4.91412182e-04 1.43811398e-03 9.50205373e-04 -1.51724508e-03 -2.16596018e-04
-5.16102556e-03 2.80515919e-03 5.18874847e-04 1.51990377e-03 1.69673376e-03 -1.05006830e-03 3.39900702e-03 -6.81825867e-03 -2.83585716e-04 -2.92773591e-03 2.04779231e-03 -6.25665707e-04 1.82631821e-03 1.19892100e-03 -1.92003744e-03 -2.76669860e-04
-8.65949877e-03 5.40595734e-04 -1.34076003e-03 3.65388719e-03 4.44990071e-03 -3.06323380e-03 1.03324614e-02 -2.06033736e-02 -8.57522769e-04 -8.91431700e-03 6.30493788e-03 -1.92852889e-03 5.64044993e-03 3.72181996e-03 -5.94438426e-03 -8.49556993e-04
-8.73601716e-03 5.27868094e-03 1.56077975e-03 1.58787437e-03 1.07005390e-03 -7.37102353e-04 1.81678974e-03 -3.67728830e-03 -1.67778620e-04 -1.53850135e-03 1.04024028e-03 -3.13080382e-04 9.07989452e-04 5.85327158e-04 -9.37639852e-04 -1.36958755e-04
-2.12447420e-02 2.12974846e-03 -2.63826223e-03 7.37444963e-03 9.61992331e-03 -6.58507086e-03 2.23803315e-02 -4.50722836e-02 -1.84321066e-03 -1.92170367e-02 1.36254001e-02 -4.16845223e-03 1.21951075e-02 8.05352442e-03 -1.28602386e-02 -1.83633959e-03
1.92325618e-02 -2.62023089e-03 2.35314830e-03 -6.71132281e-03 -8.36534239e-03 5.70083829e-03 -1.92610286e-02 3.85899507e-02 1.59037567e-03 1.66035760e-02 -1.17576420e-02 3.59583972e-03 -1.05201453e-02 -6.94628246e-03 1.10922214e-02 1.58411427e-03
2.60932520e-02 -2.77388655e-03 3.02599091e-03 -8.83328822e-03 -1.10066012e-02 7.51982769e-03 -2.56277602e-02 5.11552505e-02 2.11824127e-03 2.20629461e-02 -1.56393182e-02 4.78485785e-03 -1.39955608e-02 -9.24087502e-03 1.47568705e-02 2.10772664e-03
-1.34739408e-03 7.07737927e-05 -2.84345500e-04 5.83409506e-04 7.67929130e-04 -5.38519584e-04 1.85834127e-03 -3.70449456e-03 -1.53558722e-04 -1.60959549e-03 1.14251638e-03 -3.49530543e-04 1.02288404e-03 6.75863528e-04 -1.07918144e-03 -1.54055320e-04
-2.87736040e-02 4.25080396e-03 -2.46267417e-03 9.34224948e-03 1.17895417e-02 -7.97063112e-03 2.67661475e-02 -5.36461547e-02 -2.22518272e-03 -2.29530763e-02 1.62543040e-02 -4.97394940e-03 1.45471357e-02 9.60151106e-03 -1.53337177e-02 -2.19058641e-03
4.71117720e-02 -4.49315784e-03 5.81391249e-03 -1.61893293e-02 -2.04920508e-02 1.43679995e-02 -4.90851104e-02 9.78502557e-02 4.06153779e-03 4.23450246e-02 -3.00472118e-02 9.19239037e-03 -2.68982761e-02 -1.77707244e-02 2.83754319e-02 4.05073399e-03
-1.41463816e-01 7.74454931e-03 -2.89203413e-02 5.66415265e-02 7.44109526e-02 -5.23790717e-02 1.80445537e-01 -3.59615952e-01 -1.49080250e-02 -1.56227067e-01 1.10889137e-01 -3.39244865e-02 9.92775857e-02 6.55973926e-02 -1.04742147e-01 -1.49520785e-02
-1.83515362e-02 1.13098929e-03 -3.44021083e-03 7.37610459e-03 9.32466146e-03 -6.50787586e-03 2.22486407e-02 -4.44843583e-02 -1.83536718e-03 -1.92127619e-02 1.36312153e-02 -4.17000474e-03 1.22025320e-02 8.06197897e-03 -1.28729455e-02 -1.83768955e-03
2.70305537e-02 -3.15396371e-03 3.36872903e-03 -9.52467136e-03 -1.18896756e-02 8.11082870e-03 -2.75005456e-02 5.50931990e-02 2.28161435e-03 2.36884523e-02 -1.67772770e-02 5.13203442e-03 -1.50139900e-02 -9.91284288e-03 1.58294570e-02 2.26098695e-03
-3.57912034e-02 2.83738133e-03 -5.31741977e-03 1.25150988e-02 1.59191191e-02 -1.10716801e-02 3.79322171e-02 -7.55935311e-02 -3.12995538e-03 -3.27443294e-02 2.32307576e-02 -7.10641500e-03 2.07951050e-02 1.37390811e-02 -2.19377875e-02 -3.13172583e-03
6.46591932e-02 -2.93328008e-03 1.22662922e-02 -2.38278657e-02 -3.13515328e-02 2.20016986e-02 -7.55419359e-02 1.50623277e-01 6.24153111e-03 6.54220879e-02 -4.64341119e-02 1.42052993e-02 -4.15706895e-02 -2.74676457e-02 4.38587517e-02 6.26089796e-03
-1.47506595e-02 1.24391087e-03 -1.98792899e-03 5.11725619e-03 6.51777443e-03 -4.52267192e-03 1.54225109e-02 -3.08464058e-02 -1.27265276e-03 -1.32963760e-02 9.42913815e-03 -2.88433838e-03 8.43872316e-03 5.57403825e-03 -8.90057068e-03 -1.27076963e-03
-7.32502490e-02 3.77635658e-03 -1.42858950e-02 2.90135387e-02 3.74920964e-02 -2.62640584e-02 9.03210938e-02 -1.80015907e-01 -7.45955249e-03 -7.81436786e-02 5.54607175e-02 -1.69668254e-02 4.96510193e-02 3.28053646e-02 -5.23818135e-02 -7.47770863e-03
-2.04227678e-02 6.89109648e-03 -1.27147522e-03 6.34108391e-03 7.41181243e-03 -5.01274830e-03 1.68164819e-02 -3.36624794e-02 -1.38874492e-03 -1.43790832e-02 1.01527292e-02 -3.10552679e-03 9.07914806e-03 5.98717667e-03 -9.56311543e-03 -1.36787153e-03
-7.29854126e-03 2.24020239e-03 -6.16113539e-04 2.13853712e-03 2.41770642e-03 -1.68841355e-03 5.60133345e-03 -1.12206312e-02 -4.65674995e-04 -4.84238891e-03 3.42287216e-03 -1.04681612e-03 3.05833388e-03 2.01910222e-03 -3.22415051e-03 -4.60620417e-04
1.24014774e-03 -3.21862208e-05 6.38581289e-04 -7.35863578e-04 -1.15813885e-03 8.45603005e-04 -3.00465035e-03 5.97844971e-03 2.48727185e-04 2.61996151e-03 -1.86288322e-03 5.70099626e-04 -1.66884880e-03 -1.10316672e-03 1.76143285e-03 2.51400576e-04
4.32019457e-02 -2.62846285e-03 7.99284875e-03 -1.65984742e-02 -2.16405448e-02 1.51256407e-02 -5.20509295e-02 1.03822455e-01 4.29854542e-03 4.50328737e-02 -3.19617763e-02 9.77808610e-03 -2.86146272e-02 -1.89065058e-02 3.01888380e-02 4.30951500e-03
-3.54297310e-02 7.74859590e-03 -2.25297362e-03 1.21200569e-02 1.42569840e-02 -9.64504760e-03 3.20638530e-02 -6.41068816e-02 -2.66650412e-03 -2.76164599e-02 1.95248909e-02 -5.96436486e-03 1.74430385e-02 1.15005523e-02 -1.83732957e-02 -2.62758089e-03
-3.36862877e-02 1.32927792e-02 1.36695593e-03 9.17077996e-03 9.57494136e-03 -6.55828882e-03 2.00529210e-02 -4.02028821e-02 -1.68368197e-03 -1.72372293e-02 1.21098310e-02 -3.69315478e-03 1.07907988e-02 7.10216630e-03 -1.13466391e-02 -1.62380491e-03
2.48712599e-02 -3.58896120e-03 2.23371759e-03 -8.01976491e-03 -9.73855611e-03 6.69916347e-03 -2.26491485e-02 4.52676155e-02 1.87025080e-03 1.94347948e-02 -1.37941753e-02 4.22146264e-03 -1.23318974e-02 -8.13925080e-03 1.29974252e-02 1.85651577e-03
1.32582923e-02 -8.48180498e-04 2.42235209e-03 -5.71481045e-03 -7.24142091e-03 5.00716735e-03 -1.70485359e-02 3.41371074e-02 1.41360553e-03 1.47417597e-02 -1.04420539e-02 3.19420593e-03 -9.34385043e-03 -6.16884232e-03 9.85171087e-03 1.40744727e-03
2.35220864e-02 -4.38595098e-03 2.39007710e-03 -8.13929643e-03 -1.00539783e-02 6.90104160e-03 -2.32074391e-02 4.70751189e-02 1.93464698e-03 1.99556220e-02 -1.40693504e-02 4.30609379e-03 -1.25999320e-02 -8.31196643e-03 1.32808313e-02 1.90145860e-03
4.75914665e-02 -3.30282073e-03 7.25985877e-03 -1.64870974e-02 -2.15290152e-02 1.51784755e-02 -5.18115237e-02 1.03450291e-01 4.27889405e-03 4.48206849e-02 -3.18085141e-02 9.73006617e-03 -2.84723230e-02 -1.88120268e-02 3.00378781e-02 4.28797863e-03
-1.02113284e-01 6.83140568e-03 -1.78311132e-02 4.02769707e-02 5.00105545e-02 -3.47413085e-02 1.18808478e-01 -2.37287194e-01 -9.81825031e-03 -1.02704771e-01 7.28661120e-02 -2.22931746e-02 6.52361661e-02 4.30993587e-02 -6.88188821e-02 -9.82436351e-03
6.05951771e-02 -5.06147277e-03 9.44297109e-03 -2.14700568e-02 -2.81425975e-02 1.94827877e-02 -6.71598017e-02 1.33811444e-01 5.54130645e-03 5.79905398e-02 -4.11650985e-02 1.25908768e-02 -3.68446559e-02 -2.43441947e-02 3.88713591e-02 5.54897403e-03
-2.41305251e-02 8.72946752e-04 -5.87791298e-03 1.03796944e-02 1.37326336e-02 -9.70445666e-03 3.35314684e-02 -6.68723360e-02 -2.77311471e-03 -2.90720873e-02 2.06365790e-02 -6.31349999e-03 1.84763428e-02 1.22082345e-02 -1.94934197e-02 -2.78270966e-03
2.06517912e-02 -1.90003705e-03 3.62753076e-03 -7.82107655e-03 -1.01025766e-02 7.06057902e-03 -2.41141226e-02 4.80905361e-02 1.99189316e-03 2.08448041e-02 -1.47837037e-02 4.52243770e-03 -1.32335816e-02 -8.74246657e-03 1.39596164e-02 1.99291180e-03
-2.04077200e-03 1.05675531e-03 1.35593768e-03 -8.41851928e-04 -1.59068871e-03 1.18202949e-03 -4.32236819e-03 8.32453836e-03 3.57854442e-04 3.79369920e-03 -2.69933231e-03 8.26245523e-04 -2.41891691e-03 -1.59922498e-03 2.55351770e-03 3.64503590e-04
1.88452713e-02 -8.18215951e-04 3.75658111e-03 -7.77521497e-03 -9.94147826e-03 6.99246349e-03 -2.39979867e-02 4.79231067e-02 1.98011519e-03 2.07491554e-02 -1.47210862e-02 4.50358447e-03 -1.31796617e-02 -8.70808680e-03 1.39045389e-02 1.98492105e-03
9.56641138e-03 -8.16330255e-04 1.26479566e-03 -3.07423295e-03 -4.00633970e-03 2.76048132e-03 -9.47031192e-03 1.88778974e-02 7.82487041e-04 8.18799157e-03 -5.81013039e-03 1.77732913e-03 -5.20085311e-03 -3.43603967e-03 5.48649719e-03 7.83237920e-04
2.57143960e-03 -8.82053137e-05 7.23495614e-04 -1.38498156e-03 -1.80414226e-03 1.26468227e-03 -4.35296260e-03 8.67333729e-03 3.59626021e-04 3.76701006e-03 -2.67360383e-03 8.17928754e-04 -2.39362847e-03 -1.58156443e-03 2.52535217e-03 3.60497797e-04
8.55212659e-03 -1.27847819e-03 6.57189521e-04 -2.95918761e-03 -3.59388464e-03 2.38618511e-03 -7.91133661e-03 1.59066636e-02 6.55785552e-04 6.78821420e-03 -4.79894131e-03 1.46727276e-03 -4.29068273e-03 -2.83011934e-03 4.51997621e-03 6.45966677e-04
-3.83523703e-02 3.66239878e-03 -5.18840179e-03 1.38800824e-02 1.74801592e-02 -1.17800729e-02 4.02064808e-02 -8.03428590e-02 -3.31584061e-03 -3.45382839e-02 2.44659744e-02 -7.48644304e-03 2.18997914e-02 1.44635178e-02 -2.30963305e-02 -3.29811149e-03
1.06119905e-02 8.25131894e-04 1.91459665e-03 -4.60762670e-03 -5.86770149e-03 4.05040011e-03 -1.35589819e-02 2.71093342e-02 1.11853878e-03 1.16810622e-02 -8.27488862e-03 2.53018225e-03 -7.40163587e-03 -4.88818437e-03 7.80553091e-03 1.11459708e-03
-8.43010396e-02 3.99841648e-03 -1.45481918e-02 3.18715088e-02 4.09147739e-02 -2.85378769e-02 9.79949236e-02 -1.95572525e-01 -8.09910614e-03 -8.47889781e-02 6.01701140e-02 -1.84067264e-02 5.38657308e-02 3.55898701e-02 -5.68279102e-02 -8.11234210e-03
3.36487293e-02 -6.33041514e-03 3.34724248e-03 -1.13834310e-02 -1.39392624e-02 9.53714922e-03 -3.19480263e-02 6.49280399e-02 2.67949910e-03 2.74983365e-02 -1.94336399e-02 5.95547631e-03 -1.74125992e-02 -1.14878528e-02 1.83400027e-02 2.62683118e-03
-3.19837630e-02 2.80323182e-03 -4.66714753e-03 1.16602890e-02 1.50284739e-02 -1.04286894e-02 3.52074541e-02 -7.05386624e-02 -2.91077071e-03 -3.03507410e-02 2.15084590e-02 -6.57662749e-03 1.92428324e-02 1.27097219e-02 -2.02951059e-02 -2.89787096e-03
-1.02895290e-01 1.60939172e-02 -1.29738292e-02 3.51199433e-02 4.44987491e-02 -3.06054819e-02 1.02867842e-01 -2.05476105e-01 -8.48790817e-03 -8.87222812e-02 6.25963286e-02 -1.91400573e-02 5.59991635e-02 3.69739383e-02 -5.90556785e-02 -8.43547937e-03
-3.35073844e-02 1.48361432e-03 -6.78987848e-03 1.30955176e-02 1.69886220e-02 -1.19173238e-02 4.09479477e-02 -8.16534236e-02 -3.38340783e-03 -3.54584977e-02 2.51656137e-02 -7.69888936e-03 2.25303881e-02 1.48868188e-02 -2.37704199e-02 -3.39326053e-03
1.60568580e-02 -1.18066720e-03 2.93184910e-03 -6.40801014e-03 -7.85757322e-03 5.51815284e-03 -1.88013166e-02 3.74722183e-02 1.55335641e-03 1.62700769e-02 -1.15434974e-02 3.53135797e-03 -1.03339655e-02 -6.82786200e-03 1.09023470e-02 1.55634328e-03
4.18968424e-02 8.09479738e-04 1.22390781e-02 -2.14478802e-02 -2.84006447e-02 2.00317502e-02 -6.91442117e-02 1.37852192e-01 5.71527798e-03 5.99053837e-02 -4.25234251e-02 1.30092194e-02 -3.80712263e-02 -2.51555238e-02 4.01669145e-02 5.73387649e-03
-3.02077625e-02 1.76044146e-03 -4.84085781e-03 9.92863532e-03 1.31111117e-02 -9.17896722e-03 3.16201374e-02 -6.30090237e-02 -2.61117425e-03 -2.73581091e-02 1.94186214e-02 -5.94067620e-03 1.73852108e-02 1.14871897e-02 -1.83420945e-02 -2.61835661e-03
-1.48178888e-02 2.86208652e-03 -1.52448565e-03 5.73939970e-03 6.93675783e-03 -4.75557055e-03 1.57884751e-02 -3.15403417e-02 -1.31318590e-03 -1.35957841e-02 9.61150322e-03 -2.93832505e-03 8.59331619e-03 5.66827180e-03 -9.05415136e-03 -1.29422010e-03
1.99025851e-02 -1.80410559e-03 2.92863627e-03 -7.00821402e-03 -8.83951783e-03 6.20766729e-03 -2.11656690e-02 4.22484092e-02 1.74943183e-03 1.82869192e-02 -1.29744532e-02 3.96849029e-03 -1.16126128e-02 -7.67191034e-03 1.22501338e-02 1.74880924e-03
8.96004587e-03 -1.09869731e-03 5.95511345e-04 -2.77585164e-03 -3.37008294e-03 2.26181746e-03 -7.56253768e-03 1.51777556e-02 6.25865476e-04 6.50332170e-03 -4.60170535e-03 1.40670920e-03 -4.11391631e-03 -2.71503674e-03 4.33574617e-03 6.19374681e-04
3.41744684e-02 -1.48511585e-03 6.26179762e-03 -1.27409855e-02 -1.61578543e-02 1.12453215e-02 -3.85705456e-02 7.69559294e-02 3.18565941e-03 3.33547257e-02 -2.36678626e-02 7.24044954e-03 -2.11874209e-02 -1.39990197e-02 2.23528240e-02 3.19093862e-03
4.37097251e-03 -5.84061083e-04 8.15779786e-04 -2.51497957e-03 -3.10843484e-03 2.16485141e-03 -7.10527226e-03 1.44463386e-02 5.91416494e-04 6.12247409e-03 -4.33007069e-03 1.32228888e-03 -3.86466947e-03 -2.54849298e-03 4.07134509e-03 5.82541164e-04
9.64623131e-03 -8.58784188e-04 1.36091316e-03 -3.47032794e-03 -4.23298962e-03 2.92978412e-03 -9.97898169e-03 1.99356992e-02 8.24827643e-04 8.61730054e-03 -6.10858435e-03 1.86852703e-03 -5.46681322e-03 -3.61092971e-03 5.76583669e-03 8.23217561e-04
-1.85505915e-02 1.28188368e-03 -3.17915017e-03 7.12629408e-03 9.14474018e-03 -6.28602877e-03 2.15933584e-02 -4.30675745e-02 -1.78372161e-03 -1.86569579e-02 1.32356072e-02 -4.04882431e-03 1.18474942e-02 7.82721117e-03 -1.24981236e-02 -1.78420707e-03
-6.85796048e-03 1.22540712e-03 1.23421254e-04 1.13262434e-03 1.40325085e-03 -9.28841764e-04 3.11247469e-03 -6.20887335e-03 -2.56078230e-04 -2.65581743e-03 1.88502658e-03 -5.75963757e-04 1.68498990e-03 1.11302873e-03 -1.77721458e-03 -2.53715727e-04
1.71528719e-02 -1.13810028e-03 3.00756516e-03 -6.27076393e-03 -8.26877728e-03 5.80663234e-03 -1.99843124e-02 3.98321152e-02 1.65089173e-03 1.73012502e-02 -1.22804726e-02 3.75692220e-03 -1.09944148e-02 -7.26450887e-03 1.15995519e-02 1.65585114e-03
5.01403352e-03 -9.30501847e-04 1.82124553e-04 -1.50323100e-03 -1.82194950e-03 1.22530025e-03 -4.08140896e-03 8.16190057e-03 3.37303500e-04 3.49921756e-03 -2.47535133e-03 7.56805064e-04 -2.21336307e-03 -1.46090146e-03 2.33295001e-03 3.33232048e-04
1.13052335e-02 3.55188246e-03 3.89359635e-03 -5.51199028e-03 -7.35299801e-03 5.22518251e-03 -1.83204804e-02 3.65171954e-02 1.51504658e-03 1.59226544e-02 -1.13072777e-02 3.46074463e-03 -1.01290625e-02 -6.69381395e-03 1.06884250e-02 1.52572128e-03
1.93102024e-02 -1.83347135e-03 1.28286600e-03 -5.37962932e-03 -6.72348589e-03 4.61399509e-03 -1.53305149e-02 3.07041071e-02 1.26797170e-03 1.31593775e-02 -9.31626279e-03 2.85023358e-03 -8.33563786e-03 -5.50160697e-03 8.78541451e-03 1.25490571e-03
-5.95448576e-02 1.91572413e-03 -1.27591155e-02 2.56431513e-02 3.32340486e-02 -2.32396368e-02 7.99161941e-02 -1.59397483e-01 -6.59513799e-03 -6.90719560e-02 4.90173735e-02 -1.49943698e-02 4.38782796e-02 2.89905723e-02 -4.62905429e-02 -6.60817558e-03
2.22337083e-03 -1.54174247e-03 -1.74512912e-03 8.72999837e-04 1.62681122e-03 -1.26399251e-03 4.80970787e-03 -9.56520159e-03 -3.99264914e-04 -4.25054645e-03 3.03587690e-03 -9.29964299e-04 2.72448175e-03 1.80338195e-03 -2.87918816e-03 -4.10678535e-04
-2.04039309e-02 3.40718683e-03 -2.04410218e-03 7.05432612e-03 8.87588318e-03 -5.91596914e-03 1.98439453e-02 -3.99110764e-02 -1.63844822e-03 -1.70190670e-02 1.20564336e-02 -3.68497870e-03 1.07821468e-02 7.11516058e-03 -1.13626048e-02 -1.62304821e-03
1.48348566e-02 -1.88396277e-03 1.42835011e-03 -4.82841395e-03 -5.95960720e-03 4.08829935e-03 -1.38894608e-02 2.77067143e-02 1.14274898e-03 1.19430311e-02 -8.46596155e-03 2.58842041e-03 -7.57355615e-03 -5.00241201e-03 7.98781961e-03 1.14041835e-03
2.24108882e-02 -4.23501432e-03 2.62895599e-03 -6.93115266e-03 -8.38850532e-03 5.91382198e-03 -2.00834051e-02 4.00241166e-02 1.65825034e-03 1.73584707e-02 -1.23181557e-02 3.76789551e-03 -1.10250656e-02 -7.28340866e-03 1.16298459e-02 1.66032230e-03
1.66807161e-03 -6.67520799e-04 2.25999684e-04 -5.49497607e-04 -7.00059929e-04 4.91134590e-04 -1.74821459e-03 3.46538820e-03 1.43492885e-04 1.51951902e-03 -1.08251953e-03 3.31279822e-04 -9.70169553e-04 -6.42192434e-04 1.02502923e-03 1.46051912e-04
-1.24702649e-03 3.12534068e-03 2.06585182e-03 -1.68936828e-03 -2.46309256e-03 1.85581646e-03 -6.64950069e-03 1.32311434e-02 5.49519551e-04 5.83514431e-03 -4.16532718e-03 1.27520750e-03 -3.73739889e-03 -2.47520953e-03 3.95086315e-03 5.62887231e-04
-2.88871061e-02 3.32360901e-03 -3.65298963e-03 1.12786023e-02 1.43799949e-02 -9.98523924e-03 3.39509025e-02 -6.77486584e-02 -2.81117111e-03 -2.93199904e-02 2.07794197e-02 -6.35725865e-03 1.85997691e-02 1.22813387e-02 -1.96125209e-02 -2.80063297e-03
-1.76422447e-02 1.50447537e-03 -2.39019236e-03 5.86434081e-03 7.46640982e-03 -5.10079972e-03 1.74259488e-02 -3.47370058e-02 -1.44130725e-03 -1.50631601e-02 1.06808273e-02 -3.26717924e-03 9.55963228e-03 6.31508091e-03 -1.00836670e-02 -1.43958500e-03
-1.11568652e-01 1.41551439e-02 -1.53028481e-02 3.73645648e-02 4.71393988e-02 -3.26031074e-02 1.11063667e-01 -2.21480966e-01 -9.15983319e-03 -9.56637859e-02 6.78121224e-02 -2.07364168e-02 6.06698729e-02 4.00744714e-02 -6.39901161e-02 -9.13669728e-03
-2.97921728e-02 1.66510977e-03 -5.34699485e-03 1.10093355e-02 1.44693432e-02 -1.00457650e-02 3.45074646e-02 -6.88065216e-02 -2.84653041e-03 -2.98167765e-02 2.11619064e-02 -6.47371402e-03 1.89447254e-02 1.25174215e-02 -1.99871026e-02 -2.85319448e-03
7.73416925e-03 -1.68124345e-04 9.26199835e-04 -2.60243192e-03 -3.34670022e-03 2.28828611e-03 -7.73494178e-03 1.54269757e-02 6.42152911e-04 6.66499650e-03 -4.72079450e-03 1.44430436e-03 -4.22405545e-03 -2.78821657e-03 4.45278082e-03 6.36112643e-04
-9.12388973e-03 2.17228872e-03 -7.05994957e-04 2.79312208e-03 3.37833213e-03 -2.26675626e-03 7.50872632e-03 -1.51441125e-02 -6.28251524e-04 -6.47423463e-03 4.56939777e-03 -1.39981927e-03 4.09093592e-03 2.69639911e-03 -4.30794666e-03 -6.16439735e-04
2.71796845e-02 -3.04277195e-03 3.38593079e-03 -9.16997343e-03 -1.10908514e-02 7.71561684e-03 -2.60596890e-02 5.20993732e-02 2.15410092e-03 2.25182883e-02 -1.59614049e-02 4.88102995e-03 -1.42803201e-02 -9.43169091e-03 1.50604369e-02 2.15047598e-03
-5.61868809e-02 3.54822027e-03 -1.03462553e-02 2.21186429e-02 2.92267967e-02 -2.03094836e-02 6.98072091e-02 -1.39224738e-01 -5.76548558e-03 -6.03957511e-02 4.28654440e-02 -1.31131057e-02 3.83744240e-02 2.53551565e-02 -4.04856354e-02 -5.77940000e-03
1.41676906e-02 -1.88248814e-03 1.70199340e-03 -5.17773489e-03 -6.44460740e-03 4.45758319e-03 -1.50208306e-02 3.00743356e-02 1.24586117e-03 1.29494378e-02 -9.16713104e-03 2.80413521e-03 -8.20191856e-03 -5.41374134e-03 8.64545163e-03 1.23506959e-03
2.58304849e-02 -1.96259422e-03 3.34792444e-03 -9.33584385e-03 -1.16168214e-02 7.99805764e-03 -2.71175988e-02 5.41193560e-02 2.24706973e-03 2.34188139e-02 -1.65949054e-02 5.07624075e-03 -1.48498081e-02 -9.80586838e-03 1.56586058e-02 2.23619654e-03
-2.96777599e-02 2.15459825e-03 -5.23098558e-03 1.11724846e-02 1.40977539e-02 -9.77549609e-03 3.34797911e-02 -6.68682829e-02 -2.76251324e-03 -2.88978089e-02 2.04964690e-02 -6.26993878e-03 1.83467921e-02 1.21205412e-02 -1.93535704e-02 -2.76296772e-03
2.53003389e-02 -3.08390730e-03 3.09719099e-03 -9.07271728e-03 -1.14478376e-02 7.90130161e-03 -2.67672222e-02 5.34146912e-02 2.20736791e-03 2.30187401e-02 -1.63152572e-02 4.99078352e-03 -1.46023864e-02 -9.64498054e-03 1.54011128e-02 2.19887076e-03
1.03286584e-03 -4.85765806e-04 -1.46416062e-03 1.12115452e-03 1.86876324e-03 -1.38158700e-03 5.09091932e-03 -1.01782912e-02 -4.18642187e-04 -4.44371859e-03 3.16505576e-03 -9.68178327e-04 2.83512333e-03 1.87502871e-03 -2.99378042e-03 -4.27215244e-04
1.65038686e-02 -1.23677822e-03 2.74376338e-03 -6.19203085e-03 -7.99860433e-03 5.54054184e-03 -1.89937223e-02 3.79081815e-02 1.56874664e-03 1.64177381e-02 -1.16458312e-02 3.56255262e-03 -1.04247546e-02 -6.88705593e-03 1.09969266e-02 1.56992371e-03
-2.34673023e-02 2.90616089e-03 -3.83197214e-03 8.09932500e-03 1.04204165e-02 -7.29162525e-03 2.50957701e-02 -4.99897897e-02 -2.07123486e-03 -2.17026789e-02 1.54035185e-02 -4.71230317e-03 1.37902107e-02 9.11170710e-03 -1.45490579e-02 -2.07689824e-03
-1.77806690e-02 1.36209582e-03 -2.96883471e-03 6.37686159e-03 8.19807127e-03 -5.72962407e-03 1.96012966e-02 -3.90715748e-02 -1.61957229e-03 -1.69562958e-02 1.20316306e-02 -3.68021778e-03 1.07694287e-02 7.11523602e-03 -1.13612209e-02 -1.62186904e-03
-1.43756960e-02 3.57545540e-03 -1.35237980e-03 5.32195577e-03 6.53501693e-03 -4.40188264e-03 1.47550274e-02 -2.96218134e-02 -1.21674791e-03 -1.26731982e-02 8.97753052e-03 -2.74024741e-03 8.01508315e-03 5.28663537e-03 -8.44477583e-03 -1.20746659e-03
3.40834609e-03 -2.71854526e-03 -2.76930630e-04 -9.27522662e-04 -8.13670224e-04 4.78895847e-04 -1.43911783e-03 3.01937340e-03 1.21337107e-04 1.18808832e-03 -8.25620024e-04 2.52941041e-04 -7.36626855e-04 -4.82325326e-04 7.71963503e-04 1.11480906e-04
2.50994638e-02 -2.96983845e-03 3.05379136e-03 -8.80841538e-03 -1.10477600e-02 7.63747608e-03 -2.58107558e-02 5.14718778e-02 2.13574967e-03 2.22436432e-02 -1.57709923e-02 4.82137036e-03 -1.41034834e-02 -9.31124017e-03 1.48689291e-02 2.12362944e-03
-1.62919890e-02 4.35510231e-03 -1.11999165e-03 4.87402221e-03 6.07456407e-03 -4.11965884e-03 1.37857776e-02 -2.75673624e-02 -1.14355667e-03 -1.18721984e-02 8.40688031e-03 -2.57008011e-03 7.51481485e-03 4.96038049e-03 -7.92143028e-03 -1.13163760e-03
-2.90328749e-02 4.24545072e-03 -3.01267207e-03 9.43281874e-03 1.18224956e-02 -8.18193797e-03 2.75231209e-02 -5.48582971e-02 -2.27520219e-03 -2.37391219e-02 1.68339424e-02 -5.14893886e-03 1.50643233e-02 9.95042827e-03 -1.58889480e-02 -2.26863637e-03
-4.84792292e-02 4.74464241e-03 -6.39571529e-03 1.63967125e-02 2.07497347e-02 -1.44407777e-02 4.91371788e-02 -9.80811939e-02 -4.06508148e-03 -4.23868932e-02 3.00596599e-02 -9.19399224e-03 2.68954728e-02 1.77616123e-02 -2.83621978e-02 -4.04989067e-03
5.30076325e-02 -5.17439842e-03 5.70883136e-03 -1.70759670e-02 -2.19692439e-02 1.51227964e-02 -5.16010933e-02 1.03195950e-01 4.26421827e-03 4.44069840e-02 -3.15055065e-02 9.63985361e-03 -2.82044858e-02 -1.86307617e-02 2.97486912e-02 4.24710428e-03
1.93634219e-02 -2.11903988e-03 1.96791161e-03 -5.49929170e-03 -7.13215582e-03 4.96636657e-03 -1.70393996e-02 3.39530595e-02 1.40588195e-03 1.47242537e-02 -1.04490668e-02 3.19649582e-03 -9.35347192e-03 -6.18015183e-03 9.86810867e-03 1.40868931e-03
-5.73982671e-03 1.10998412e-03 -7.57510716e-04 1.78694585e-03 2.27788882e-03 -1.58934970e-03 5.46682067e-03 -1.09002097e-02 -4.51620494e-04 -4.72994847e-03 3.35654989e-03 -1.02681934e-03 3.00479750e-03 1.98526750e-03 -3.16997361e-03 -4.52531502e-04
9.79977101e-03 4.11949528e-04 1.52264966e-03 -4.09840560e-03 -5.07431664e-03 3.51489196e-03 -1.17126172e-02 2.36683842e-02 9.75627161e-04 1.00984788e-02 -7.12577673e-03 2.18021101e-03 -6.37786230e-03 -4.20468347e-03 6.72146771e-03 9.62254533e-04
-7.17907399e-02 1.75401140e-02 -4.34189988e-03 2.68620346e-02 3.02440152e-02 -1.99639630e-02 6.73279241e-02 -1.34109557e-01 -5.60121937e-03 -5.76949939e-02 4.07804511e-02 -1.24958642e-02 3.63822244e-02 2.39929650e-02 -3.83633785e-02 -5.50955487e-03
-4.13614884e-02 3.08091752e-03 -7.31582241e-03 1.53319081e-02 1.95049606e-02 -1.35667874e-02 4.65832576e-02 -9.29419398e-02 -3.85277462e-03 -4.03084345e-02 2.86025219e-02 -8.75048339e-03 2.56058630e-02 1.69174336e-02 -2.70128250e-02 -3.85623355e-03
2.96897045e-03 -2.78520049e-04 -1.07876695e-05 -3.93658294e-04 -4.46873484e-04 2.80037639e-04 -8.64526432e-04 1.82228442e-03 7.01616882e-05 7.27754610e-04 -5.12415892e-04 1.56521972e-04 -4.57527436e-04 -3.01744905e-04 4.81844239e-04 6.88351720e-05
-1.67219564e-02 8.27850832e-04 -2.70167808e-03 6.15991093e-03 7.90351629e-03 -5.52587165e-03 1.88819356e-02 -3.76339778e-02 -1.55966810e-03 -1.63189340e-02 1.15795908e-02 -3.54192127e-03 1.03642987e-02 6.84748823e-03 -1.09336963e-02 -1.56084821e-03
-4.50158007e-02 4.07877564e-03 -5.85956639e-03 1.52770150e-02 1.91925876e-02 -1.33582158e-02 4.57351543e-02 -9.13351998e-02 -3.78290354e-03 -3.95345651e-02 2.80504581e-02 -8.57999455e-03 2.51048505e-02 1.65850408e-02 -2.64822487e-02 -3.78063577e-03
1.35824373e-02 -2.87573482e-03 1.35396468e-03 -5.54322032e-03 -6.77304808e-03 4.66999412e-03 -1.55796036e-02 3.12465318e-02 1.29760220e-03 1.33929653e-02 -9.47340205e-03 2.89818808e-03 -8.47202260e-03 -5.58221480e-03 8.91810562e-03 1.27636676e-03
-1.36849424e-02 9.33760195e-04 -2.50663818e-03 5.32693788e-03 6.86690770e-03 -4.80999518e-03 1.65112708e-02 -3.29471342e-02 -1.36362144e-03 -1.42763890e-02 1.01312213e-02 -3.09910695e-03 9.06887557e-03 5.99180534e-03 -9.56738275e-03 -1.36578560e-03
1.25910100e-02 -8.59158055e-04 1.74968666e-03 -3.97973973e-03 -5.15141664e-03 3.58820963e-03 -1.22849513e-02 2.44825296e-02 1.01487036e-03 1.06276339e-02 -7.54240993e-03 2.30733235e-03 -6.75229682e-03 -4.46147844e-03 7.12383073e-03 1.01693824e-03
-3.37036094e-04 -7.08287989e-05 -8.87883361e-04 1.39009068e-03 1.87156210e-03 -1.32199866e-03 4.60208626e-03 -9.18036420e-03 -3.80517071e-04 -3.98937799e-03 2.83229351e-03 -8.66543094e-04 2.53598229e-03 1.67567399e-03 -2.67562247e-03 -3.81947757e-04
-1.93105340e-02 1.54375751e-03 -2.92273914e-03 7.48333987e-03 9.44690406e-03 -6.53802697e-03 2.20304504e-02 -4.39872704e-02 -1.82377128e-03 -1.90570429e-02 1.35063156e-02 -4.13141819e-03 1.20885810e-02 7.98583124e-03 -1.27515253e-02 -1.82051538e-03
-3.91094340e-03 8.43668240e-04 1.46278855e-03 -9.69341723e-04 -2.24533887e-03 1.64090854e-03 -5.73220057e-03 1.13876788e-02 4.73500200e-04 4.98780422e-03 -3.54394293e-03 1.08419289e-03 -3.17361695e-03 -2.09730864e-03 3.34885949e-03 4.78033471e-04
-1.94109306e-02 2.44902354e-03 -2.65140645e-03 6.54296856e-03 8.24052934e-03 -5.69539424e-03 1.95898060e-02 -3.89723964e-02 -1.61630008e-03 -1.68900378e-02 1.19865099e-02 -3.66679649e-03 1.07306475e-02 7.08982116e-03 -1.13206338e-02 -1.61604863e-03
-2.34230831e-02 1.45450782e-03 -4.05409047e-03 8.62601306e-03 1.09036909e-02 -7.59150740e-03 2.61514131e-02 -5.21165542e-02 -2.16067233e-03 -2.26361062e-02 1.60667598e-02 -4.91513312e-03 1.43837780e-02 9.50384233e-03 -1.51751842e-02 -2.16628611e-03
-1.95114911e-02 1.84245617e-03 -3.14194662e-03 7.20164645e-03 9.14209336e-03 -6.34951284e-03 2.16460265e-02 -4.32752520e-02 -1.78451731e-03 -1.86967943e-02 1.32544581e-02 -4.05397033e-03 1.18630705e-02 7.83723313e-03 -1.25140613e-02 -1.78649684e-03
1.39228832e-02 -7.78614660e-04 2.57204799e-03 -5.82482526e-03 -7.49282073e-03 5.24926791e-03 -1.79345962e-02 3.57612446e-02 1.48048066e-03 1.54930325e-02 -1.09921824e-02 3.36255087e-03 -9.83963441e-03 -6.50083600e-03 1.03801955e-02 1.48183282e-03
-3.50836292e-02 3.97397950e-03 -4.25224379e-03 1.23979449e-02 1.55405356e-02 -1.06327627e-02 3.62582728e-02 -7.22745880e-02 -2.99973600e-03 -3.13265659e-02 2.22125463e-02 -6.79452857e-03 1.98802035e-02 1.31322304e-02 -2.09692307e-02 -2.99375178e-03
1.67426914e-02 -1.88698294e-03 2.66165612e-03 -5.82248718e-03 -7.62264943e-03 5.33090299e-03 -1.82777029e-02 3.65002267e-02 1.50946935e-03 1.58140380e-02 -1.12240771e-02 3.43360822e-03 -1.00481370e-02 -6.63917325e-03 1.06010474e-02 1.51331921e-03
7.41007691e-03 -6.91391644e-04 8.27282900e-04 -2.93183560e-03 -3.12870578e-03 2.15103431e-03 -7.18010403e-03 1.43331615e-02 5.93011326e-04 6.18230738e-03 -4.37319139e-03 1.33806898e-03 -3.91463796e-03 -2.58549908e-03 4.12854599e-03 5.89490111e-04
3.73499840e-02 -3.31163802e-03 6.55853981e-03 -1.42305642e-02 -1.79703906e-02 1.25915064e-02 -4.31521423e-02 8.59172493e-02 3.56253819e-03 3.72781418e-02 -2.64500082e-02 8.09061620e-03 -2.36747805e-02 -1.56417377e-02 2.49758959e-02 3.56544973e-03
2.12259162e-02 -1.03756995e-03 4.38259356e-03 -8.63757450e-03 -1.12783695e-02 7.91384839e-03 -2.72306483e-02 5.42872809e-02 2.24968907e-03 2.35763937e-02 -1.67341884e-02 5.11947740e-03 -1.49819292e-02 -9.89922415e-03 1.58065185e-02 2.25640158e-03
-3.15209553e-02 2.05406453e-03 -5.67671238e-03 1.23667270e-02 1.61271505e-02 -1.11706406e-02 3.80462930e-02 -7.59316236e-02 -3.13939597e-03 -3.28692049e-02 2.33227946e-02 -7.13412883e-03 2.08770558e-02 1.37935998e-02 -2.20248550e-02 -3.14412219e-03
4.04297048e-03 -7.18012045e-04 1.34632544e-04 -1.24746724e-03 -1.49476074e-03 9.52640432e-04 -3.08045023e-03 6.33443287e-03 2.60179426e-04 2.63380492e-03 -1.84022530e-03 5.64732589e-04 -1.65125472e-03 -1.08235388e-03 1.73069153e-03 2.49026634e-04
-4.86433133e-02 4.35700035e-03 -7.78119965e-03 1.79094467e-02 2.25192681e-02 -1.56793371e-02 5.35354018e-02 -1.06921457e-01 -4.41856775e-03 -4.62630279e-02 3.28264162e-02 -1.00414362e-02 2.93833185e-02 1.94134563e-02 -3.09983231e-02 -4.42514056e-03
-2.80319490e-02 2.53179832e-03 -3.36646289e-03 9.67135094e-03 1.18613048e-02 -8.14124849e-03 2.78622974e-02 -5.56365475e-02 -2.30477517e-03 -2.40442343e-02 1.70516167e-02 -5.21517871e-03 1.52585721e-02 1.00784441e-02 -1.60932224e-02 -2.29774369e-03
-7.29948375e-03 9.30946902e-04 -2.40404275e-04 1.80445751e-03 2.06542178e-03 -1.37272279e-03 4.52760560e-03 -9.04174708e-03 -3.74726427e-04 -3.88791831e-03 2.75177020e-03 -8.41323461e-04 2.46057753e-03 1.62455882e-03 -2.59411731e-03 -3.70434456e-04
2.91845016e-02 -1.83181977e-03 5.43642649e-03 -1.14849564e-02 -1.47937639e-02 1.03638675e-02 -3.56194861e-02 7.10749328e-02 2.94342358e-03 3.08317859e-02 -2.18812767e-02 6.69386797e-03 -1.95890330e-02 -1.29430294e-02 2.06666887e-02 2.95021455e-03
-4.48322250e-03 8.46805924e-04 -5.03792660e-04 1.63315679e-03 1.94094598e-03 -1.33365847e-03 4.47433442e-03 -8.93299095e-03 -3.69339657e-04 -3.85475042e-03 2.72970065e-03 -8.34884471e-04 2.44239927e-03 1.61289796e-03 -2.57549318e-03 -3.67780536e-04
-5.13961539e-02 4.42188745e-03 -7.76369590e-03 1.89983174e-02 2.38896031e-02 -1.66524351e-02 5.68636693e-02 -1.13556691e-01 -4.70625097e-03 -4.91808467e-02 3.48785073e-02 -1.06685050e-02 3.12144794e-02 2.06199288e-02 -3.29253599e-02 -4.70073568e-03
3.20073366e-02 -3.36967525e-03 4.50894982e-03 -1.07990680e-02 -1.41364168e-02 9.77824349e-03 -3.32595594e-02 6.64926693e-02 2.74604140e-03 2.87309159e-02 -2.03810409e-02 6.23400696e-03 -1.82414763e-02 -1.20512741e-02 1.92428734e-02 2.74707051e-03
1.21459169e-02 -1.06273650e-03 1.50941568e-03 -4.43767523e-03 -5.62058110e-03 3.81738134e-03 -1.30672604e-02 2.60455199e-02 1.07934233e-03 1.12806000e-02 -8.00430123e-03 2.44855322e-03 -7.16480054e-03 -4.73348284e-03 7.55819306e-03 1.07897946e-03
-3.16952281e-02 2.60969531e-03 -5.63699752e-03 1.22950850e-02 1.57764144e-02 -1.09656099e-02 3.76963504e-02 -7.52084181e-02 -3.11276363e-03 -3.25432830e-02 2.30937339e-02 -7.06505682e-03 2.06735004e-02 1.36586176e-02 -2.18092948e-02 -3.11342324e-03
2.60186438e-02 3.63559811e-05 6.98670046e-03 -1.32339243e-02 -1.72930304e-02 1.21026989e-02 -4.15769443e-02 8.29261690e-02 3.43450066e-03 3.59900445e-02 -2.55383011e-02 7.81267509e-03 -2.28625480e-02 -1.51059097e-02 2.41202898e-02 3.44324159e-03
