2.26873904e-02 -5.01896348e-03 3.24279349e-03 -6.28513563e-03 -8.19217041e-03 2.28291540e-03 -2.20378693e-02 3.77021432e-02 1.57975196e-03 1.43877445e-02 -1.27636837e-02 -1.40374308e-04 -1.35314176e-02 -8.06425605e-03 1.04492763e-02 2.85415514e-03
2.76874173e-02 -6.18561683e-03 3.62262921e-03 -6.96063461e-03 -9.24107060e-03 2.52667465e-03 -2.49426086e-02 4.28279266e-02 1.79057696e-03 1.63770728e-02 -1.45172523e-02 -1.62942364e-04 -1.53998630e-02 -9.17850342e-03 1.18935201e-02 3.24891694e-03
1.36255771e-02 -3.21970927e-03 2.15473701e-03 -4.38345736e-03 -5.39953168e-03 1.53523311e-03 -1.44773405e-02 2.48629544e-02 1.03452126e-03 9.44197550e-03 -8.35637469e-03 -8.93682591e-05 -8.85405391e-03 -5.27570257e-03 6.83529675e-03 1.86654262e-03
-3.20014805e-02 7.45031983e-03 -4.92530223e-03 9.34895314e-03 1.23845246e-02 -3.40848463e-03 3.38234417e-02 -5.82830496e-02 -2.43055983e-03 -2.22810693e-02 1.98027901e-02 2.27481345e-04 2.10214630e-02 1.25306845e-02 -1.62384231e-02 -4.43651015e-03
3.03811557e-03 -9.18498437e-04 9.59263882e-04 -1.66098890e-03 -2.21273606e-03 6.36425859e-04 -5.91068948e-03 1.02159139e-02 4.24837373e-04 3.89694399e-03 -3.45235178e-03 -3.92802503e-05 -3.66526633e-03 -2.18480942e-03 2.83109862e-03 7.73420383e-04
-1.68861169e-03 1.08027132e-04 -4.32054512e-04 7.08605803e-04 8.98140715e-04 -2.75113940e-04 2.36598984e-03 -4.04026732e-03 -1.67463397e-04 -1.52441033e-03 1.34353526e-03 1.30537564e-05 1.42065994e-03 8.46152485e-04 -1.09598902e-03 -2.99079053e-04
-5.59143862e-03 2.24461453e-03 -3.12920427e-04 1.40463398e-03 1.74760434e-03 -5.50596567e-04 4.20560082e-03 -7.13493442e-03 -2.99649138e-04 -2.73519428e-03 2.37667304e-03 1.47444289e-05 2.48847762e-03 1.48153550e-03 -1.91970542e-03 -5.21585869e-04
-9.95502900e-03 2.23997934e-03 -1.59906829e-03 3.22432769e-03 3.95057723e-03 -1.13383506e-03 1.03528490e-02 -1.76556818e-02 -7.39396201e-04 -6.75302511e-03 5.96259534e-03 6.12017830e-05 6.31010719e-03 3.75926169e-03 -4.87032859e-03 -1.32952153e-03
-4.27025557e-03 1.56768807e-03 7.24297075e-04 -4.95248183e-04 -9.33073170e-04 2.30778474e-04 -2.71926797e-03 4.73106327e-03 1.96857640e-04 1.81364710e-03 -1.62019534e-03 -2.00583054e-05 -1.72608113e-03 -1.02935918e-03 1.33430061e-03 3.64721258e-04
-2.34618485e-02 5.62891690e-03 -3.68793751e-03 6.80053234e-03 9.35602654e-03 -2.58733612e-03 2.51195431e-02 -4.34317328e-02 -1.78980094e-03 -1.63686443e-02 1.45406667e-02 1.63849661e-04 1.54308835e-02 9.19698644e-03 -1.19178332e-02 -3.25570465e-03
2.05710549e-02 -5.08204149e-03 3.08978790e-03 -6.05398370e-03 -7.96417333e-03 2.20885384e-03 -2.11483743e-02 3.64563689e-02 1.51341525e-03 1.38695464e-02 -1.22992778e-02 -1.37435127e-04 -1.30444886e-02 -7.77420821e-03 1.00736897e-02 2.75175530e-03
2.87988558e-02 -6.41099038e-03 4.09730244e-03 -7.89008662e-03 -1.03839356e-02 2.83552846e-03 -2.79808603e-02 4.80844490e-02 2.00505531e-03 1.83371976e-02 -1.62867140e-02 -1.81603391e-04 -1.72791164e-02 -1.02985920e-02 1.33448550e-02 3.64526664e-03
-1.84834446e-03 4.46583785e-04 -3.30696872e-04 5.86219947e-04 7.91742292e-04 -2.19757421e-04 2.10634340e-03 -3.61602474e-03 -1.51206288e-04 -1.38282450e-03 1.22602680e-03 1.34130560e-05 1.29984226e-03 7.74645421e-04 -1.00372068e-03 -2.74146703e-04
-3.08604427e-02 7.36225257e-03 -4.32582712e-03 8.44829343e-03 1.13231810e-02 -3.15650785e-03 3.00221574e-02 -5.15982471e-02 -2.15188903e-03 -1.95800494e-02 1.73762292e-02 1.92054795e-04 1.84342340e-02 1.09863067e-02 -1.42356306e-02 -3.88829666e-03
4.99505103e-02 -1.10871280e-02 7.35364202e-03 -1.34274531e-02 -1.78023502e-02 4.95266309e-03 -4.91414480e-02 8.45898762e-02 3.53630562e-03 3.23067456e-02 -2.87287198e-02 -3.30665644e-04 -3.05062961e-02 -1.81846637e-02 2.35657152e-02 6.43852307e-03
-1.55600175e-01 4.16994020e-02 -2.80786529e-02 5.15620261e-02 7.09331259e-02 -1.93711761e-02 1.97742134e-01 -3.41443926e-01 -1.42706195e-02 -1.30856156e-01 1.16407305e-01 1.34926860e-03 1.23637974e-01 7.37041309e-02 -9.55157951e-02 -2.60971822e-02
-1.99629031e-02 5.01521025e-03 -3.38261994e-03 6.63449988e-03 8.64853151e-03 -2.39962246e-03 2.35782359e-02 -4.07265835e-02 -1.69041764e-03 -1.54911093e-02 1.37691712e-02 1.58394818e-04 1.46197062e-02 8.71471781e-03 -1.12934196e-02 -3.08552431e-03
2.73040459e-02 -5.92460437e-03 3.70428036e-03 -7.18013616e-03 -9.35171079e-03 2.58775312e-03 -2.47483496e-02 4.26052809e-02 1.77415821e-03 1.61737017e-02 -1.43368058e-02 -1.57599017e-04 -1.52025037e-02 -9.06049926e-03 1.17390547e-02 3.20616411e-03
-3.29389349e-02 7.37805665e-03 -4.85862792e-03 9.11288895e-03 1.21750832e-02 -3.33008799e-03 3.34241427e-02 -5.75567782e-02 -2.40195007e-03 -2.20077205e-02 1.95664465e-02 2.25750453e-04 2.07766220e-02 1.23851039e-02 -1.60500314e-02 -4.38516680e-03
6.81972504e-02 -1.76223610e-02 1.15473149e-02 -2.19858214e-02 -3.04809045e-02 8.31907149e-03 -8.45950544e-02 1.46270424e-01 6.11186028e-03 5.60585521e-02 -4.98697422e-02 -5.78239502e-04 -5.29667549e-02 -3.15749906e-02 4.09191698e-02 1.11800898e-02
-1.68000422e-02 3.83010344e-03 -2.56620534e-03 4.81821923e-03 6.42210059e-03 -1.78927719e-03 1.74282715e-02 -3.00343335e-02 -1.24681613e-03 -1.14132902e-02 1.01366630e-02 1.14428934e-04 1.07553676e-02 6.41054986e-03 -8.30706209e-03 -2.26938073e-03
-7.53542110e-02 1.80043858e-02 -1.23425722e-02 2.32324861e-02 3.08356471e-02 -8.43617134e-03 8.46543908e-02 -1.45864114e-01 -6.08964637e-03 -5.58172986e-02 4.96373512e-02 5.72111574e-04 5.27084284e-02 3.14199254e-02 -4.07173224e-02 -1.11246249e-02
-2.16878057e-02 6.59686606e-03 -2.74091261e-03 5.76330349e-03 7.33496156e-03 -2.06672959e-03 1.96489170e-02 -3.36108245e-02 -1.39681739e-03 -1.27734439e-02 1.13063855e-02 1.20330777e-04 1.19786169e-02 7.13860616e-03 -9.24829021e-03 -2.52526510e-03
-5.59850037e-03 1.24560134e-03 -4.35826776e-04 9.60656616e-04 1.03511452e-03 -3.17599945e-04 2.68133683e-03 -4.60219895e-03 -1.91805157e-04 -1.75511546e-03 1.54716487e-03 1.51242630e-05 1.63325248e-03 9.73914808e-04 -1.26101740e-03 -3.44158383e-04
2.95817479e-03 -9.84039973e-04 6.86395040e-04 -1.31535158e-03 -1.75700418e-03 4.83697833e-04 -4.81340615e-03 8.30297731e-03 3.46443965e-04 3.17484094e-03 -2.82220216e-03 -3.24379216e-05 -2.99626100e-03 -1.78604969e-03 2.31453776e-03 6.32359006e-04
4.52299789e-02 -1.19885840e-02 8.05517007e-03 -1.49625055e-02 -2.04656720e-02 5.55266254e-03 -5.65144867e-02 9.76286158e-02 4.07387596e-03 3.73498499e-02 -3.32224071e-02 -3.84530984e-04 -3.52845043e-02 -2.10337229e-02 2.72582211e-02 7.44754495e-03
-4.13333103e-02 1.07552651e-02 -5.54700568e-03 1.19897183e-02 1.50717283e-02 -4.36694967e-03 3.91463935e-02 -6.69759288e-02 -2.79936567e-03 -2.55553406e-02 2.26004086e-02 2.30705191e-04 2.38787439e-02 1.42244603e-02 -1.84302740e-02 -5.03033586e-03
-2.81408355e-02 8.72808509e-03 -1.38905563e-03 4.92655160e-03 5.54044265e-03 -1.78264687e-03 1.39007708e-02 -2.37285886e-02 -9.93668917e-04 -9.06745903e-03 7.98817817e-03 7.93366416e-05 8.42732936e-03 5.01902495e-03 -6.50178967e-03 -1.77468441e-03
2.64375862e-02 -5.89326257e-03 3.40470532e-03 -6.72307750e-03 -8.56782403e-03 2.40914803e-03 -2.30353549e-02 3.94910462e-02 1.64235872e-03 1.49934515e-02 -1.33364750e-02 -1.41308890e-04 -1.41260289e-02 -8.41820985e-03 1.09070307e-02 2.97904341e-03
1.66327693e-02 -3.88235855e-03 2.87072733e-03 -5.45076746e-03 -6.93247560e-03 1.96273439e-03 -1.80293266e-02 3.10974177e-02 1.29163137e-03 1.17958114e-02 -1.04165953e-02 -1.05791820e-04 -1.10203484e-02 -6.56576036e-03 8.50595534e-03 2.32180115e-03
2.55429447e-02 -6.62291376e-03 3.67289595e-03 -7.24891061e-03 -9.40746348e-03 2.70274607e-03 -2.51044258e-02 4.34789620e-02 1.79377489e-03 1.63290370e-02 -1.43850865e-02 -1.48674852e-04 -1.52479913e-02 -9.09194723e-03 1.17762126e-02 3.21252970e-03
4.25816998e-02 -1.03240097e-02 6.90718181e-03 -1.25168609e-02 -1.72372255e-02 4.77952510e-03 -4.78549935e-02 8.27426687e-02 3.45211918e-03 3.16552334e-02 -2.81573422e-02 -3.25643487e-04 -2.99004298e-02 -1.78241488e-02 2.30988488e-02 6.31114282e-03
-1.04400501e-01 2.66976785e-02 -1.78411528e-02 3.53434533e-02 4.57725674e-02 -1.25297531e-02 1.24724202e-01 -2.15488836e-01 -8.98408052e-03 -8.22899118e-02 7.31552839e-02 8.42520327e-04 7.76907504e-02 4.63110730e-02 -6.00147024e-02 -1.63968839e-02
6.40870631e-02 -1.58587787e-02 1.05169751e-02 -1.91283301e-02 -2.63997205e-02 7.08601857e-03 -7.24756941e-02 1.24829702e-01 5.21018915e-03 4.77307066e-02 -4.24674414e-02 -4.90881852e-04 -4.50868867e-02 -2.68771648e-02 3.48307937e-02 9.51653533e-03
-2.37383153e-02 5.76094817e-03 -3.90703371e-03 7.19093159e-03 1.00658610e-02 -2.73487158e-03 2.77481396e-02 -4.77902964e-02 -1.99529412e-03 -1.82908326e-02 1.62732266e-02 1.88750651e-04 1.72827970e-02 1.03027634e-02 -1.33517319e-02 -3.64801264e-03
2.30005160e-02 -5.99854579e-03 3.89905088e-03 -7.35229719e-03 -9.95478686e-03 2.76160450e-03 -2.72702184e-02 4.70012836e-02 1.96144287e-03 1.79784782e-02 -1.59725640e-02 -1.83057957e-04 -1.69570986e-02 -1.01077715e-02 1.30984690e-02 3.57858371e-03
-5.03996760e-03 1.88415474e-03 -9.31177754e-04 2.02964619e-03 2.86437967e-03 -7.72183819e-04 8.08419660e-03 -1.39664430e-02 -5.85394795e-04 -5.37138991e-03 4.78015048e-03 5.55869192e-05 5.07788127e-03 3.02713085e-03 -3.92299844e-03 -1.07186695e-03
2.26580761e-02 -6.34311326e-03 4.28386498e-03 -8.19037482e-03 -1.09750424e-02 3.02253524e-03 -3.05230878e-02 5.27480505e-02 2.19712430e-03 2.01533549e-02 -1.79172195e-02 -2.07500329e-04 -1.90297570e-02 -1.13440044e-02 1.47009213e-02 4.01660474e-03
1.24039054e-02 -3.30290850e-03 2.17497605e-03 -4.08860715e-03 -5.62871434e-03 1.51878723e-03 -1.53423864e-02 2.64694821e-02 1.10582751e-03 1.01331929e-02 -9.01136175e-03 -1.03827348e-04 -9.56821721e-03 -5.70362806e-03 7.39138573e-03 2.01944471e-03
2.71791639e-03 -7.29658990e-04 5.05708274e-04 -9.49607813e-04 -1.27525756e-03 3.46697081e-04 -3.51692084e-03 6.06442243e-03 2.53496895e-04 2.32335157e-03 -2.06645345e-03 -2.39436486e-05 -2.19474873e-03 -1.30833988e-03 1.69552013e-03 4.63254750e-04
9.55902226e-03 -2.27969792e-03 1.33810786e-03 -2.75150430e-03 -3.60303000e-03 1.00223254e-03 -9.43325739e-03 1.62376836e-02 6.74935523e-04 6.16990030e-03 -5.46965469e-03 -5.96667705e-05 -5.79688838e-03 -3.45435156e-03 4.47583105e-03 1.22242642e-03
-4.52187881e-02 1.03751700e-02 -6.74977060e-03 1.31998956e-02 1.74962971e-02 -4.71802987e-03 4.63882163e-02 -7.95877725e-02 -3.30742518e-03 -3.02392002e-02 2.68288646e-02 3.01640335e-04 2.84751710e-02 1.69728175e-02 -2.19937917e-02 -6.00802759e-03
1.40956175e-02 -2.85954028e-03 2.38755113e-03 -4.55504050e-03 -6.00349484e-03 1.72966602e-03 -1.57900881e-02 2.71228738e-02 1.12578948e-03 1.03163142e-02 -9.14717466e-03 -1.01956190e-04 -9.69552808e-03 -5.77857951e-03 7.48778787e-03 2.04542838e-03
-8.72196257e-02 2.06232760e-02 -1.42885931e-02 2.66316682e-02 3.56990434e-02 -9.70249064e-03 9.80817229e-02 -1.69525698e-01 -7.07564969e-03 -6.48433119e-02 5.76679818e-02 6.67286105e-04 6.12420402e-02 3.65072787e-02 -4.73107360e-02 -1.29262963e-02
3.70613486e-02 -9.31615941e-03 5.08619007e-03 -1.01521937e-02 -1.31045282e-02 3.74233141e-03 -3.47051583e-02 6.03835396e-02 2.50209053e-03 2.26615276e-02 -2.00400706e-02 -2.02707306e-04 -2.12552696e-02 -1.26775820e-02 1.64067298e-02 4.47791442e-03
-3.61388326e-02 8.26482754e-03 -5.55991801e-03 1.03539936e-02 1.39840711e-02 -3.99251468e-03 3.74507345e-02 -6.45757392e-02 -2.67968932e-03 -2.45043468e-02 2.17379145e-02 2.44686729e-04 2.30493359e-02 1.37385298e-02 -1.78022087e-02 -4.86294506e-03
-1.10673904e-01 2.75263023e-02 -1.60307549e-02 3.09979059e-02 4.13462818e-02 -1.18224584e-02 1.10159256e-01 -1.88684642e-01 -7.84286391e-03 -7.21181631e-02 6.35893717e-02 7.03495636e-04 6.74064457e-02 4.01749127e-02 -5.20635545e-02 -1.42174680e-02
-3.41395810e-02 9.27448273e-03 -6.01842348e-03 1.17793344e-02 1.60845462e-02 -4.38546296e-03 4.46314216e-02 -7.71644488e-02 -3.22390185e-03 -2.95675974e-02 2.63009649e-02 3.04973481e-04 2.79348884e-02 1.66527629e-02 -2.15809066e-02 -5.89641184e-03
1.50278397e-02 -3.21162329e-03 2.12462805e-03 -4.35215607e-03 -5.35510248e-03 1.51087495e-03 -1.45895798e-02 2.51575988e-02 1.05107704e-03 9.63711552e-03 -8.56526848e-03 -9.89139589e-05 -9.09540523e-03 -5.42190112e-03 7.02634081e-03 1.91973231e-03
5.51604256e-02 -1.63156819e-02 1.14022959e-02 -2.07740050e-02 -2.89389640e-02 7.83910323e-03 -8.07016343e-02 1.39522269e-01 5.83045417e-03 5.34723662e-02 -4.75735888e-02 -5.51926380e-04 -5.05303033e-02 -3.01225819e-02 3.90369892e-02 1.06658414e-02
-2.22710930e-02 4.81982250e-03 -3.14873294e-03 5.80020342e-03 8.07180442e-03 -2.18857010e-03 2.24482156e-02 -3.87711003e-02 -1.62007951e-03 -1.48552144e-02 1.32159283e-02 1.53295419e-04 1.40370596e-02 8.36788490e-03 -1.08442511e-02 -2.96290731e-03
-1.60032474e-02 4.05151024e-03 -2.22348305e-03 4.58828546e-03 5.69824455e-03 -1.69812760e-03 1.46573829e-02 -2.49932632e-02 -1.04577211e-03 -9.52346995e-03 8.40537716e-03 8.45142858e-05 8.88323132e-03 5.29138651e-03 -6.85545476e-03 -1.87102857e-03
2.18025930e-02 -5.30781318e-03 3.49038257e-03 -6.60530385e-03 -8.75134859e-03 2.44588475e-03 -2.41268855e-02 4.16303165e-02 1.73683942e-03 1.59022305e-02 -1.41375456e-02 -1.62433455e-04 -1.50074372e-02 -8.94576591e-03 1.15927942e-02 3.16729210e-03
8.31876788e-03 -1.66120101e-03 9.49367532e-04 -1.95507007e-03 -2.49747722e-03 6.97610201e-04 -6.48086425e-03 1.11477477e-02 4.62710945e-04 4.23138542e-03 -3.74972285e-03 -4.09030690e-05 -3.97198042e-03 -2.36692722e-03 3.06682941e-03 8.37650965e-04
4.01188619e-02 -8.86427518e-03 5.82828326e-03 -1.17126312e-02 -1.54791381e-02 4.21547750e-03 -4.23566215e-02 7.31329247e-02 3.05075618e-03 2.79618893e-02 -2.48626675e-02 -2.87084404e-04 -2.64017656e-02 -1.57386735e-02 2.03959942e-02 5.57257794e-03
7.53584830e-03 -2.13417038e-03 1.41898368e-03 -2.78108194e-03 -3.61612160e-03 1.07555604e-03 -9.60084144e-03 1.66768618e-02 6.87568914e-04 6.28485810e-03 -5.56674507e-03 -5.75653467e-05 -5.88176865e-03 -3.50479875e-03 4.54096962e-03 1.23970234e-03
9.78222676e-03 -2.01755506e-03 1.32110121e-03 -2.60987389e-03 -3.30793275e-03 9.13047988e-04 -8.95189214e-03 1.54313575e-02 6.43040752e-04 5.88983065e-03 -5.22969617e-03 -5.93139848e-05 -5.54965716e-03 -3.30786733e-03 4.28646430e-03 1.17103907e-03
-2.06821691e-02 5.30457823e-03 -3.52943945e-03 6.72835624e-03 9.06630792e-03 -2.43073562e-03 2.45712735e-02 -4.23623137e-02 -1.76795840e-03 -1.61958337e-02 1.43966675e-02 1.65523248e-04 1.52850999e-02 9.11139231e-03 -1.18074762e-02 -3.22595844e-03
-6.44435734e-03 1.63388939e-03 -8.26090050e-04 1.70190970e-03 2.34878412e-03 -6.38825179e-04 6.49933098e-03 -1.12208985e-02 -4.68639773e-04 -4.29447601e-03 3.82073829e-03 4.42184719e-05 4.05710842e-03 2.41852412e-03 -3.13423667e-03 -8.56343191e-04
2.21508145e-02 -6.22155378e-03 4.17221850e-03 -7.67921656e-03 -1.06591498e-02 2.90387450e-03 -2.96263322e-02 5.11849187e-02 2.13885657e-03 1.96145512e-02 -1.74498223e-02 -2.02329626e-04 -1.85335744e-02 -1.10483775e-02 1.43179931e-02 3.91201675e-03
4.48653847e-03 -1.05087203e-03 5.29870857e-04 -1.12122833e-03 -1.46053988e-03 4.10372246e-04 -3.85493157e-03 6.61118841e-03 2.75191647e-04 2.51572742e-03 -2.23050383e-03 -2.46932341e-05 -2.36447202e-03 -1.40913110e-03 1.82590028e-03 4.98746580e-04
1.96365397e-02 -4.86089382e-03 4.28100768e-03 -7.51602231e-03 -1.04358662e-02 2.89306999e-03 -2.87473388e-02 4.95773517e-02 2.07016151e-03 1.89671032e-02 -1.68676004e-02 -1.94266409e-04 -1.79042835e-02 -1.06726680e-02 1.38307409e-02 3.77883390e-03
1.43685658e-02 -2.36407085e-03 1.37670152e-03 -2.65133218e-03 -3.48532270e-03 1.00383395e-03 -9.20553133e-03 1.58035140e-02 6.56931254e-04 5.99926896e-03 -5.32054109e-03 -5.83707770e-05 -5.64204017e-03 -3.36225703e-03 4.35644807e-03 1.18992943e-03
-7.25080147e-02 1.69368684e-02 -1.20386519e-02 2.24401597e-02 2.97440942e-02 -8.14019516e-03 8.12871009e-02 -1.39894634e-01 -5.81997028e-03 -5.33380397e-02 4.74166945e-02 5.44928655e-04 5.03332205e-02 3.00031770e-02 -3.88811268e-02 -1.06229000e-02
1.52848661e-05 4.56412963e-05 -6.00491592e-04 7.06467952e-04 9.52974893e-04 -2.76203617e-04 2.51655374e-03 -4.29916847e-03 -1.78776274e-04 -1.63558463e-03 1.44912861e-03 1.59619267e-05 1.53555174e-03 9.15078039e-04 -1.18569541e-03 -3.23876826e-04
-2.27586292e-02 5.46967518e-03 -3.20216920e-03 6.32377155e-03 8.46487843e-03 -2.32533552e-03 2.21305564e-02 -3.81285138e-02 -1.57960271e-03 -1.44412844e-02 1.28215831e-02 1.43013793e-04 1.35928970e-02 8.09985586e-03 -1.04958611e-02 -2.86705652e-03
1.12240762e-02 -2.06635473e-03 1.23563525e-03 -2.35514622e-03 -2.99664959e-03 8.30911042e-04 -7.98263308e-03 1.36644132e-02 5.67227427e-04 5.19790733e-03 -4.61429823e-03 -5.23497038e-05 -4.89338115e-03 -2.91656703e-03 3.77949513e-03 1.03253848e-03
2.58915089e-02 -7.08704442e-03 4.02504625e-03 -7.85959233e-03 -1.04402266e-02 2.88851536e-03 -2.90194564e-02 5.01108207e-02 2.09366693e-03 1.91967878e-02 -1.70761142e-02 -1.97107758e-04 -1.81326009e-02 -1.08088581e-02 1.40075032e-02 3.82714067e-03
2.84190942e-03 -1.01430679e-03 5.33045386e-04 -1.03582710e-03 -1.38640997e-03 3.93330585e-04 -3.72324046e-03 6.39556907e-03 2.66412506e-04 2.43817712e-03 -2.15817359e-03 -2.24605810e-05 -2.28474545e-03 -1.36132783e-03 1.76369806e-03 4.81493102e-04
1.24450237e-03 2.26773554e-04 9.68736014e-04 -1.22616463e-03 -1.64926262e-03 4.75618988e-04 -4.29325830e-03 7.27129355e-03 3.02068715e-04 2.76089925e-03 -2.43549980e-03 -2.37938511e-05 -2.57185684e-03 -1.53199222e-03 1.98442652e-03 5.41633694e-04
-3.52946520e-02 9.11566522e-03 -6.04681112e-03 1.10444911e-02 1.46725532e-02 -4.10831580e-03 3.95812578e-02 -6.80598095e-02 -2.84313830e-03 -2.59985942e-02 2.30646245e-02 2.56047264e-04 2.44693011e-02 1.45814242e-02 -1.88955069e-02 -5.16117690e-03
-1.76469348e-02 3.74592678e-03 -2.41716416e-03 4.59803781e-03 6.15374977e-03 -1.65672321e-03 1.64965391e-02 -2.84268949e-02 -1.18823175e-03 -1.08842123e-02 9.66966059e-03 1.10668632e-04 1.02645606e-02 6.11849502e-03 -7.92884082e-03 -2.16621673e-03
-1.24145560e-01 2.89081298e-02 -1.75447129e-02 3.37642096e-02 4.47980575e-02 -1.24213062e-02 1.21738032e-01 -2.08998993e-01 -8.70603882e-03 -7.97392502e-02 7.08029568e-02 8.02845811e-04 7.51053542e-02 4.47680466e-02 -5.80115467e-02 -1.58481598e-02
-3.18823531e-02 8.13557208e-03 -5.44136018e-03 1.02149826e-02 1.41366674e-02 -3.82858608e-03 3.87214236e-02 -6.67860806e-02 -2.78512854e-03 -2.55337097e-02 2.27124505e-02 2.63077178e-04 2.41208933e-02 1.43790180e-02 -1.86342299e-02 -5.09129651e-03
9.52553377e-03 -1.89172977e-03 1.38245174e-03 -2.55415076e-03 -3.44719645e-03 9.61497484e-04 -9.13544092e-03 1.56566799e-02 6.55507320e-04 5.97738707e-03 -5.30026294e-03 -5.73909419e-05 -5.61864860e-03 -3.34825693e-03 4.33834968e-03 1.18481985e-03
-1.14756208e-02 3.13295377e-03 -1.63936114e-03 3.35205533e-03 4.42759600e-03 -1.24305289e-03 1.17251435e-02 -2.02574600e-02 -8.44881579e-04 -7.71078141e-03 6.82708621e-03 7.19999662e-05 7.23970076e-03 4.31422656e-03 -5.58962906e-03 -1.52607181e-03
3.05703804e-02 -6.93814363e-03 4.33419831e-03 -8.58809613e-03 -1.10586714e-02 3.09696677e-03 -3.00867241e-02 5.19409180e-02 2.16499623e-03 1.98484566e-02 -1.76311564e-02 -2.00389957e-04 -1.87072027e-02 -1.11507820e-02 1.44495619e-02 3.94752203e-03
-5.85834049e-02 1.49806226e-02 -1.02930395e-02 1.84095763e-02 2.56307311e-02 -6.91333460e-03 7.00237900e-02 -1.20941274e-01 -5.04773948e-03 -4.62763160e-02 4.11625206e-02 4.76567395e-04 4.37138714e-02 2.60587018e-02 -3.37702148e-02 -9.22677945e-03
1.58414152e-02 -3.92908929e-03 2.45640776e-03 -4.72898409e-03 -6.17313059e-03 1.75518938e-03 -1.65605545e-02 2.84984652e-02 1.18751649e-03 1.08484766e-02 -9.61391069e-03 -1.04719460e-04 -1.01911910e-02 -6.07312052e-03 7.86879286e-03 2.14910414e-03
3.09042074e-02 -7.16606108e-03 4.82598739e-03 -9.30332951e-03 -1.22141968e-02 3.37783108e-03 -3.29153128e-02 5.66795580e-02 2.36903480e-03 2.16759369e-02 -1.92437321e-02 -2.15960434e-04 -2.04162523e-02 -1.21686272e-02 1.57680716e-02 4.30734828e-03
-3.21374908e-02 7.10931746e-03 -4.65477956e-03 9.28859971e-03 1.20755937e-02 -3.30729783e-03 3.26999277e-02 -5.63285500e-02 -2.34137569e-03 -2.14482564e-02 1.90523285e-02 2.17788736e-04 2.02238970e-02 1.20549994e-02 -1.56216919e-02 -4.26789606e-03
2.67708600e-02 -6.67281263e-03 4.23049834e-03 -8.02940968e-03 -1.06545575e-02 2.98759830e-03 -2.87225861e-02 4.92836758e-02 2.05111736e-03 1.87615938e-02 -1.66583955e-02 -1.89503015e-04 -1.76806580e-02 -1.05385026e-02 1.36565166e-02 3.73089360e-03
-6.23822119e-03 2.69119162e-03 -2.02768785e-03 3.63962492e-03 5.00461366e-03 -1.37733133e-03 1.38358446e-02 -2.38812286e-02 -9.98821459e-04 -9.15211067e-03 8.13719817e-03 9.36711731e-05 8.64102319e-03 5.15088579e-03 -6.67506969e-03 -1.82372041e-03
1.90468226e-02 -4.78595961e-03 3.22374119e-03 -6.02797512e-03 -8.16802308e-03 2.21815077e-03 -2.22316924e-02 3.83594297e-02 1.59941369e-03 1.46593312e-02 -1.30281020e-02 -1.49623083e-04 -1.38320075e-02 -8.24510586e-03 1.06847463e-02 2.91918614e-03
-3.34840827e-02 1.06935976e-02 -6.71925209e-03 1.29875941e-02 1.78458933e-02 -4.84731095e-03 4.97475974e-02 -8.59317258e-02 -3.59088928e-03 -3.29308622e-02 2.92965621e-02 3.39731690e-04 3.11164707e-02 1.85493585e-02 -2.40387991e-02 -6.56797085e-03
-2.18624249e-02 5.36326272e-03 -3.48093873e-03 6.62897574e-03 8.99619702e-03 -2.46628467e-03 2.48181112e-02 -4.28461060e-02 -1.79031305e-03 -1.64135043e-02 1.45970266e-02 1.68666636e-04 1.54996002e-02 9.23948921e-03 -1.19736493e-02 -3.27143865e-03
-1.76203959e-02 5.20410016e-03 -2.65185745e-03 5.34610776e-03 6.97124656e-03 -1.94938388e-03 1.83441918e-02 -3.15207951e-02 -1.30528456e-03 -1.19654806e-02 1.06193200e-02 1.13757182e-04 1.12288008e-02 6.69123791e-03 -8.66965484e-03 -2.36722012e-03
1.71337719e-03 -9.35852528e-04 -1.97379864e-04 4.86562058e-05 2.41314643e-04 -5.38070381e-05 9.12184652e-04 -1.59332342e-03 -6.84291663e-05 -6.39618258e-04 5.77132741e-04 8.39574295e-06 6.17063255e-04 3.68109089e-04 -4.77417983e-04 -1.30719563e-04
3.13519873e-02 -7.23776966e-03 4.52767266e-03 -8.60953145e-03 -1.13601517e-02 3.19481920e-03 -3.06155924e-02 5.25533706e-02 2.19481299e-03 2.00709458e-02 -1.78270061e-02 -1.97084839e-04 -1.88912619e-02 -1.12583674e-02 1.45880021e-02 3.98468273e-03
-1.59174036e-02 4.14335541e-03 -1.79675594e-03 3.56451282e-03 4.68770182e-03 -1.32035080e-03 1.22800199e-02 -2.10883040e-02 -8.79799365e-04 -8.03567003e-03 7.12552946e-03 7.70792249e-05 7.54548702e-03 4.49680211e-03 -5.82633307e-03 -1.59125973e-03
-3.18927914e-02 7.77634559e-03 -4.63790866e-03 8.89731478e-03 1.18131116e-02 -3.33251408e-03 3.18046845e-02 -5.47115803e-02 -2.28543882e-03 -2.09151935e-02 1.85846351e-02 2.11404855e-04 1.97227206e-02 1.17561752e-02 -1.52344108e-02 -4.16192878e-03
-4.98835482e-02 1.09918816e-02 -7.12509919e-03 1.33494353e-02 1.76680293e-02 -4.94318688e-03 4.80819680e-02 -8.26995373e-02 -3.45061650e-03 -3.15482430e-02 2.80246250e-02 3.12478252e-04 2.97195818e-02 1.77125037e-02 -2.29518432e-02 -6.26970967e-03
5.75531200e-02 -1.26124639e-02 8.20765365e-03 -1.51141640e-02 -2.05154363e-02 5.61992312e-03 -5.56977242e-02 9.59829986e-02 3.99614312e-03 3.65043879e-02 -3.24574038e-02 -3.70911788e-04 -3.44633684e-02 -2.05425862e-02 2.66205054e-02 7.27290800e-03
2.26256289e-02 -6.44197734e-03 4.04459517e-03 -7.66070327e-03 -1.06001208e-02 2.88135721e-03 -2.95030512e-02 5.09694070e-02 2.12953170e-03 1.95283312e-02 -1.73723456e-02 -2.01292438e-04 -1.84505824e-02 -1.09988935e-02 1.42538613e-02 3.89449135e-03
-8.22168216e-03 2.47545494e-03 -1.49105850e-03 2.88160075e-03 3.89848580e-03 -1.06304779e-03 1.07422024e-02 -1.85394809e-02 -7.74052460e-04 -7.09502865e-03 6.30852766e-03 7.26598082e-05 6.69836905e-03 3.99291003e-03 -5.17444126e-03 -1.41373486e-03
1.67384800e-02 -4.08359617e-03 3.19221406e-03 -6.33640448e-03 -8.13020673e-03 2.43473239e-03 -2.15894226e-02 3.73551622e-02 1.54541282e-03 1.40897827e-02 -1.24054784e-02 -1.21421661e-04 -1.31272655e-02 -7.82143604e-03 1.01368381e-02 2.76369974e-03
-8.84299278e-02 2.48278007e-02 -1.17601529e-02 2.70392541e-02 3.22794728e-02 -8.92052427e-03 8.35067406e-02 -1.41497418e-01 -5.92765305e-03 -5.40147796e-02 4.77680229e-02 3.99553333e-04 5.03402352e-02 3.00387889e-02 -3.89014073e-02 -1.06015401e-02
-4.68961224e-02 1.22338785e-02 -7.84613844e-03 1.53432488e-02 2.05789600e-02 -5.57951676e-03 5.66103123e-02 -9.78295356e-02 -4.08738945e-03 -3.74480188e-02 3.33027057e-02 3.84154875e-04 3.53662781e-02 2.10821349e-02 -2.73205992e-02 -7.46447267e-03
3.48445727e-03 -8.89679068e-04 5.22555842e-04 -1.05179008e-03 -1.45197322e-03 3.95914452e-04 -4.02798923e-03 6.97105657e-03 2.90691445e-04 2.66597536e-03 -2.37117056e-03 -2.74252252e-05 -2.51816306e-03 -1.50111876e-03 1.94533600e-03 5.31504804e-04
-1.72305889e-02 4.19114018e-03 -2.86451285e-03 5.34275873e-03 7.21906591e-03 -1.98903633e-03 1.98871344e-02 -3.42974402e-02 -1.43267261e-03 -1.31290974e-02 1.16759650e-02 1.34687521e-04 1.23968441e-02 7.38986768e-03 -9.57664568e-03 -2.61651794e-03
-4.71421033e-02 1.09680584e-02 -7.18533015e-03 1.35134533e-02 1.79590415e-02 -4.90629673e-03 4.94187623e-02 -8.53725150e-02 -3.56386066e-03 -3.26407216e-02 2.90256999e-02 3.33555392e-04 3.08143198e-02 1.83683671e-02 -2.38035526e-02 -6.50344416e-03
1.53271304e-02 -4.13651625e-03 2.25667865e-03 -4.57028113e-03 -5.69874421e-03 1.70545327e-03 -1.48423780e-02 2.53463779e-02 1.05580105e-03 9.58531816e-03 -8.46637413e-03 -7.69445396e-05 -8.93767644e-03 -5.32101467e-03 6.89207856e-03 1.88008056e-03
-1.59013830e-02 4.12427727e-03 -2.76012579e-03 5.17516863e-03 6.98356330e-03 -1.91384892e-03 1.93090476e-02 -3.33405398e-02 -1.39071199e-03 -1.27465520e-02 1.13360947e-02 1.30865898e-04 1.20368125e-02 7.17526721e-03 -9.29855648e-03 -2.54054461e-03
8.63457099e-03 -1.75486051e-03 1.15121773e-03 -2.13307631e-03 -2.91643734e-03 7.94999243e-04 -8.03068001e-03 1.38682937e-02 5.79562155e-04 5.31312637e-03 -4.72614961e-03 -5.47884993e-05 -5.01951482e-03 -2.99225817e-03 3.87776876e-03 1.05949678e-03
-8.29282776e-03 3.35551798e-03 -2.19160016e-03 4.24369099e-03 5.89837786e-03 -1.60621433e-03 1.64855774e-02 -2.85051763e-02 -1.19154190e-03 -1.09279342e-02 9.72227380e-03 1.12772133e-04 1.03262942e-02 6.15579914e-03 -7.97752850e-03 -2.17965129e-03
-1.73622631e-02 3.63723375e-03 -2.47114641e-03 4.65188827e-03 6.08909456e-03 -1.71766849e-03 1.61285978e-02 -2.78279446e-02 -1.16202747e-03 -1.06429374e-02 9.44448914e-03 1.07737447e-04 1.00240363e-02 5.97521011e-03 -7.74297630e-03 -2.11535511e-03
-4.01089527e-03 1.05083419e-03 -4.58492606e-04 1.04238547e-03 1.55853946e-03 -4.23311198e-04 4.45751380e-03 -7.71695888e-03 -3.23137996e-04 -2.96756858e-03 2.64179055e-03 3.08145354e-05 2.80652358e-03 1.67309761e-03 -2.16826168e-03 -5.92430762e-04
-1.15470923e-02 1.69504574e-03 -9.67114465e-04 1.73887331e-03 2.03699642e-03 -5.43188304e-04 5.23897028e-03 -8.81588925e-03 -3.68171022e-04 -3.34711187e-03 2.97416956e-03 3.41417981e-05 3.15701077e-03 1.88175635e-03 -2.43855850e-03 -6.66244596e-04
-2.11662464e-02 4.82859183e-03 -3.21909436e-03 6.26038667e-03 8.20329878e-03 -2.20288429e-03 2.25282758e-02 -3.88987996e-02 -1.62583240e-03 -1.49058048e-02 1.32601047e-02 1.53594025e-04 1.40827103e-02 8.39501806e-03 -1.08793564e-02 -2.97248689e-03
-2.16262750e-02 5.29977214e-03 -3.44008300e-03 6.60238601e-03 8.77809990e-03 -2.42678355e-03 2.38680765e-02 -4.12015729e-02 -1.71211280e-03 -1.57146528e-02 1.39551116e-02 1.60554337e-04 1.48140434e-02 8.83044861e-03 -1.14433542e-02 -3.12649645e-03
1.40678203e-02 -3.38463811e-03 2.44516158e-03 -4.35186271e-03 -5.76762902e-03 1.61875924e-03 -1.57354288e-02 2.70668995e-02 1.12797995e-03 1.03313811e-02 -9.18086432e-03 -1.05276151e-04 -9.74591170e-03 -5.80934715e-03 7.52828596e-03 2.05681100e-03
-3.63937989e-02 8.68261140e-03 -5.52703952e-03 1.05254669e-02 1.38658807e-02 -3.76335951e-03 3.71412411e-02 -6.39499128e-02 -2.67350650e-03 -2.44733840e-02 2.17392612e-02 2.47695512e-04 2.30730288e-02 1.37531133e-02 -1.78221129e-02 -4.86894976e-03
1.70891900e-02 -4.53078607e-03 2.86430679e-03 -5.27888024e-03 -7.28366524e-03 1.99015019e-03 -2.01202855e-02 3.48048955e-02 1.45161443e-03 1.33103551e-02 -1.18405744e-02 -1.37198833e-04 -1.25751793e-02 -7.49638770e-03 9.71481018e-03 2.65430985e-03
5.14898263e-03 -8.94151628e-04 5.63247711e-04 -1.34224957e-03 -1.39607931e-03 4.01017634e-04 -3.66041786e-03 6.27477327e-03 2.61279958e-04 2.39200215e-03 -2.11784779e-03 -2.39412675e-05 -2.24802177e-03 -1.33993581e-03 1.73631881e-03 4.74333472e-04
4.11701351e-02 -1.09663475e-02 7.05651380e-03 -1.36444643e-02 -1.80505030e-02 4.97657806e-03 -4.99199331e-02 8.59136656e-02 3.59021407e-03 3.28973085e-02 -2.92497594e-02 -3.37050733e-04 -3.10538653e-02 -1.85114555e-02 2.39892080e-02 6.55425852e-03
2.39231847e-02 -6.27261074e-03 4.18979395e-03 -7.89171644e-03 -1.08088106e-02 2.94133089e-03 -2.99951490e-02 5.18387035e-02 2.16586050e-03 1.98622439e-02 -1.76696274e-02 -2.04904107e-04 -1.87674034e-02 -1.11877620e-02 1.44986240e-02 3.96136800e-03
-3.53035331e-02 8.71001463e-03 -5.86875807e-03 1.10186422e-02 1.51168499e-02 -4.16111993e-03 4.08811793e-02 -7.05394223e-02 -2.93923239e-03 -2.69425586e-02 2.39566248e-02 2.76761799e-04 2.54370067e-02 1.51632931e-02 -1.96503904e-02 -5.36885858e-03
4.16650344e-03 -9.07852314e-04 4.39918105e-04 -1.00306806e-03 -1.29918859e-03 3.66882829e-04 -3.27055389e-03 5.64701064e-03 2.33427592e-04 2.12361896e-03 -1.86596694e-03 -1.71719239e-05 -1.97626627e-03 -1.17651653e-03 1.52360101e-03 4.15540970e-04
-4.02068309e-02 8.88007879e-03 -5.79986069e-03 1.11354096e-02 1.43615929e-02 -3.98448389e-03 3.88098732e-02 -6.69923276e-02 -2.78557511e-03 -2.55298968e-02 2.26940941e-02 2.60823464e-04 2.40909662e-02 1.43605387e-02 -1.86098833e-02 -5.08451276e-03
-2.84088366e-02 5.87830739e-03 -3.90112121e-03 7.58069148e-03 9.69243981e-03 -2.62663746e-03 2.60973908e-02 -4.49423492e-02 -1.87461439e-03 -1.71432346e-02 1.52297458e-02 1.72434316e-04 1.61577892e-02 9.63069499e-03 -1.24798808e-02 -3.40935844e-03
-6.26073685e-03 1.22094492e-03 -6.41530438e-04 1.35555014e-03 1.75364327e-03 -4.83987853e-04 4.70233522e-03 -8.09951872e-03 -3.38185113e-04 -3.09597398e-03 2.75038322e-03 3.13287346e-05 2.91875796e-03 1.73976261e-03 -2.25450029e-03 -6.15931931e-04
3.30231749e-02 -9.04459972e-03 6.07374404e-03 -1.14384945e-02 -1.54634444e-02 4.21462348e-03 -4.28178124e-02 7.40365982e-02 3.09081050e-03 2.83369068e-02 -2.52040196e-02 -2.91827833e-04 -2.67671961e-02 -1.59564726e-02 2.06784513e-02 5.64980879e-03
-4.14323714e-03 9.44088853e-04 -5.05867531e-04 1.05500652e-03 1.25610619e-03 -3.66305874e-04 3.23515362e-03 -5.53122675e-03 -2.29678772e-04 -2.10254057e-03 1.85993384e-03 2.02575193e-05 1.97076495e-03 1.17442675e-03 -1.52165210e-03 -4.15606919e-04
-5.63962162e-02 1.32019911e-02 -8.85418523e-03 1.67006683e-02 2.18572170e-02 -6.04180992e-03 5.96195795e-02 -1.02931604e-01 -4.29674610e-03 -3.93417180e-02 3.49481106e-02 3.97386670e-04 3.70859541e-02 2.21058559e-02 -2.86459774e-02 -7.82596786e-03
3.58786210e-02 -8.91362410e-03 5.70239453e-03 -1.05484743e-02 -1.45676974e-02 4.01049806e-03 -3.95276546e-02 6.82981908e-02 2.84415879e-03 2.60677766e-02 -2.31741369e-02 -2.66744784e-04 -2.46028341e-02 -1.46657024e-02 1.90053955e-02 5.19257504e-03
1.24675613e-02 -3.00344150e-03 2.01051077e-03 -3.77699733e-03 -5.04547544e-03 1.34747324e-03 -1.35168433e-02 2.32881680e-02 9.72532260e-04 8.90473183e-03 -7.91859999e-03 -9.11506431e-05 -8.40773899e-03 -5.01180906e-03 6.49486482e-03 1.77450210e-03
-3.69217843e-02 9.86817945e-03 -6.50080666e-03 1.22964159e-02 1.65116135e-02 -4.48216125e-03 4.53292355e-02 -7.81230703e-02 -3.25748627e-03 -2.98174117e-02 2.65160743e-02 3.05160065e-04 2.81562191e-02 1.67839527e-02 -2.17503831e-02 -5.94256865e-03
3.28859612e-02 -7.93097634e-03 5.70500456e-03 -1.12229316e-02 -1.47209866e-02 4.03882470e-03 -3.92636806e-02 6.77020997e-02 2.81839399e-03 2.58574672e-02 -2.29630079e-02 -2.63640715e-04 -2.43769214e-02 -1.45311225e-02 1.88308991e-02 5.14485920e-03
