1.15418825e-02 -5.92129212e-03 8.98682885e-03 -1.35802990e-03 -6.28541457e-03 4.28067695e-04 -1.91210769e-02 4.72222976e-02 -1.42406416e-03 1.03775235e-02 -8.72164592e-03 -4.16943291e-03 -1.26187513e-02 -5.70072653e-03 1.75058693e-02 1.14779817e-02
1.12735163e-02 -5.29706618e-03 7.63325207e-03 -1.01020420e-03 -5.29200118e-03 3.01138731e-04 -1.62042212e-02 4.03510630e-02 -1.25662074e-03 8.88719317e-03 -7.45371124e-03 -3.57409474e-03 -1.08242324e-02 -4.89093503e-03 1.50219472e-02 9.85018443e-03
6.42997632e-03 -3.70462961e-03 5.40320296e-03 -9.15183336e-04 -3.80182406e-03 2.62588961e-04 -1.16125876e-02 2.88581997e-02 -8.72043660e-04 6.32726215e-03 -5.31108212e-03 -2.53657391e-03 -7.67751178e-03 -3.46794981e-03 1.06474236e-02 6.98061287e-03
-1.43297436e-02 7.75496010e-03 -1.19183855e-02 1.64628343e-03 8.22128728e-03 -4.84373653e-04 2.52056718e-02 -6.29471540e-02 1.99900335e-03 -1.38312969e-02 1.16204256e-02 5.58020035e-03 1.69040319e-02 7.63901602e-03 -2.34654881e-02 -1.53877437e-02
3.26225627e-03 -3.19103175e-03 4.88845957e-03 -6.31662901e-04 -3.42139904e-03 2.16852524e-04 -1.04670553e-02 2.62826905e-02 -8.34599487e-04 5.77960350e-03 -4.84454539e-03 -2.32950551e-03 -7.05700787e-03 -3.18925478e-03 9.79654491e-03 6.42416207e-03
-1.31720374e-03 6.65241794e-04 -1.01757201e-03 2.11607854e-04 7.30932283e-04 -8.22439324e-05 2.17350735e-03 -5.31049585e-03 1.46527134e-04 -1.15759415e-03 9.70451685e-04 4.58659022e-04 1.38603488e-03 6.25592191e-04 -1.91877969e-03 -1.25747151e-03
-3.61491647e-03 1.02759805e-03 -1.08066923e-03 3.93091672e-04 9.39302437e-04 -2.06138633e-04 2.29745638e-03 -5.25815133e-03 6.23174274e-05 -1.21700601e-03 1.02946337e-03 4.32821806e-04 1.28979690e-03 5.79901913e-04 -1.76152564e-03 -1.14602805e-03
-4.41009272e-03 2.07999023e-03 -3.00122495e-03 5.79714077e-04 2.13017431e-03 -1.71900901e-04 6.34112768e-03 -1.56041710e-02 4.61831456e-04 -3.44868121e-03 2.89242319e-03 1.37478486e-03 4.15820768e-03 1.87774305e-03 -5.76326950e-03 -3.77778034e-03
-1.82529911e-05 -2.06862623e-03 3.44969635e-03 -4.10917273e-04 -2.38200091e-03 1.37335490e-04 -7.43967621e-03 1.86249781e-02 -5.84584370e-04 4.11166763e-03 -3.45841656e-03 -1.65513146e-03 -5.01214107e-03 -2.26462120e-03 6.95462385e-03 4.56016930e-03
-1.02463020e-02 4.77320794e-03 -7.22690206e-03 9.94266709e-04 5.10235922e-03 -3.70111491e-04 1.52879627e-02 -3.81213985e-02 1.15569343e-03 -8.20619985e-03 6.89576846e-03 3.30470735e-03 1.00055719e-02 4.52035293e-03 -1.38829835e-02 -9.10304300e-03
8.80137179e-03 -4.71681124e-03 6.81158481e-03 -1.05808931e-03 -4.84967232e-03 3.36929545e-04 -1.44792022e-02 3.60960774e-02 -1.11425144e-03 7.90251605e-03 -6.63107634e-03 -3.17267980e-03 -9.60652530e-03 -4.33995482e-03 1.33280037e-02 8.73905793e-03
1.43894702e-02 -6.78691268e-03 1.01800356e-02 -1.45349314e-03 -7.08907796e-03 4.17695759e-04 -2.15746779e-02 5.36833368e-02 -1.67444756e-03 1.17794042e-02 -9.90296528e-03 -4.74829273e-03 -1.43765211e-02 -6.49583992e-03 1.99500732e-02 1.30813634e-02
-1.22883020e-03 -2.33508217e-05 1.00703764e-05 6.42448576e-05 1.94302556e-05 -2.75165094e-05 -1.03662693e-04 3.68134410e-04 -2.48012038e-05 8.09685152e-05 -6.96052448e-05 -3.81504069e-05 -1.18068026e-04 -5.37798733e-05 1.66597558e-04 1.09631073e-04
-1.53084751e-02 7.14564417e-03 -1.05960285e-02 1.60600734e-03 7.50730094e-03 -5.65153547e-04 2.23065466e-02 -5.52475564e-02 1.64193427e-03 -1.20424023e-02 1.01137841e-02 4.84246621e-03 1.46571239e-02 6.62143715e-03 -2.03323979e-02 -1.33308899e-02
2.15379577e-02 -1.06449183e-02 1.63067151e-02 -2.02851160e-03 -1.09650381e-02 6.22060674e-04 -3.41538340e-02 8.53153989e-02 -2.69353203e-03 1.87320877e-02 -1.57433916e-02 -7.57131446e-03 -2.29369402e-02 -1.03657171e-02 3.18429396e-02 2.08817106e-02
-5.15966453e-02 4.42118384e-02 -6.74040243e-02 7.02846376e-03 4.59521413e-02 -2.15515355e-03 1.44214883e-01 -3.62212330e-01 1.16848331e-02 -7.97820389e-02 6.70581907e-02 3.22719179e-02 9.77793857e-02 4.41916585e-02 -1.35759354e-01 -8.90286714e-02
-6.34339079e-03 3.58846784e-03 -5.37721673e-03 8.22245202e-04 3.76779493e-03 -2.34893261e-04 1.15321446e-02 -2.88676918e-02 9.12578660e-04 -6.30397443e-03 5.29491249e-03 2.54510436e-03 7.71006616e-03 3.48428776e-03 -1.07033160e-02 -7.01889908e-03
1.32741816e-02 -5.21608535e-03 7.63543276e-03 -1.31024187e-03 -5.46687935e-03 4.10509645e-04 -1.61815509e-02 4.01420556e-02 -1.18173391e-03 8.75892024e-03 -7.34968856e-03 -3.50807421e-03 -1.06174489e-02 -4.79637925e-03 1.47236232e-02 9.65273101e-03
-8.79979879e-03 3.64388293e-03 -5.44077205e-03 7.23946316e-04 3.73962638e-03 -2.06121418e-04 1.15253814e-02 -2.87610125e-02 9.16072226e-04 -6.31902693e-03 5.30863460e-03 2.55244807e-03 7.73274852e-03 3.49465781e-03 -1.07354242e-02 -7.04002474e-03
2.28596088e-02 -1.93215832e-02 2.97377855e-02 -3.07950098e-03 -2.05021612e-02 9.74944618e-04 -6.40466139e-02 1.61106125e-01 -5.20211831e-03 3.54862697e-02 -2.98279449e-02 -1.43542709e-02 -4.34919223e-02 -1.96562950e-02 6.03853203e-02 3.95996682e-02
-8.30973778e-03 3.67571111e-03 -5.53869270e-03 8.01705522e-04 3.84991104e-03 -2.65335693e-04 1.17138950e-02 -2.91548427e-02 8.99443054e-04 -6.35770243e-03 5.34181250e-03 2.55888351e-03 7.74738006e-03 3.50037985e-03 -1.07506784e-02 -7.04933424e-03
-2.51524784e-02 7.83307478e-03 -1.21349907e-02 2.16767052e-03 8.43754038e-03 -5.64182410e-04 2.53773462e-02 -6.28968030e-02 1.98589405e-03 -1.38000138e-02 1.15953190e-02 5.56846010e-03 1.68659873e-02 7.62168830e-03 -2.34114937e-02 -1.53521970e-02
-1.01401918e-02 4.14378103e-03 -5.40914666e-03 9.71753616e-04 3.83011252e-03 -3.06990347e-04 1.15414876e-02 -2.82896627e-02 8.31934914e-04 -6.19222689e-03 5.19599486e-03 2.47029332e-03 7.47114606e-03 3.37458658e-03 -1.03554260e-02 -6.78794691e-03
-5.35277883e-04 -7.16994182e-05 5.52423335e-05 -4.03193008e-05 -3.32337731e-05 9.79164633e-06 -6.83194230e-05 1.53149071e-04 -1.42852537e-06 3.41580781e-05 -2.84552389e-05 -1.19685201e-05 -3.52179632e-05 -1.59532519e-05 4.83027725e-05 3.14979188e-05
1.54064968e-04 2.85640272e-04 -4.91376384e-04 6.76510899e-05 3.46935674e-04 -2.01164148e-05 1.06713653e-03 -2.67078285e-03 8.49492280e-05 -5.86950220e-04 4.93163825e-04 2.36969659e-04 7.17863033e-04 3.24411318e-04 -9.96541930e-04 -6.53497584e-04
1.50242671e-02 -1.11235706e-02 1.71048101e-02 -1.99621008e-03 -1.17645487e-02 5.83826622e-04 -3.64307798e-02 9.14025977e-02 -2.93218414e-03 2.00835299e-02 -1.68782938e-02 -8.12056288e-03 -2.46031061e-02 -1.11190882e-02 3.41579989e-02 2.24001091e-02
-2.18974706e-02 7.68541824e-03 -1.04429433e-02 2.19787122e-03 7.49353692e-03 -7.43244193e-04 2.15019844e-02 -5.26406728e-02 1.48178148e-03 -1.16138468e-02 9.79988463e-03 4.59685782e-03 1.38953216e-02 6.27114251e-03 -1.92393828e-02 -1.26066832e-02
-1.41718267e-02 3.82082956e-03 -3.91084375e-03 1.02208415e-03 2.74531683e-03 -4.14925831e-04 7.63240550e-03 -1.85284913e-02 4.87754121e-04 -4.11499664e-03 3.46061634e-03 1.60639407e-03 4.84995591e-03 2.18739291e-03 -6.70692930e-03 -4.39425232e-03
1.23328995e-02 -4.29771375e-03 5.93800191e-03 -9.64620907e-04 -4.06928454e-03 2.88230600e-04 -1.23540750e-02 3.05676758e-02 -9.37326404e-04 6.67507388e-03 -5.64123830e-03 -2.69341469e-03 -8.14253651e-03 -3.67840589e-03 1.12948166e-02 7.40552787e-03
7.85440020e-03 -3.61963757e-03 5.16790152e-03 -8.93749064e-04 -3.64140887e-03 2.72163947e-04 -1.07670175e-02 2.68370584e-02 -7.92701379e-04 5.88629767e-03 -4.94186208e-03 -2.34909030e-03 -7.10469298e-03 -3.20867496e-03 9.84776393e-03 6.45512482e-03
1.22165345e-02 -5.53937536e-03 7.66621297e-03 -1.34446495e-03 -5.45203546e-03 4.92578431e-04 -1.63742173e-02 4.07190360e-02 -1.10029383e-03 8.80329404e-03 -7.32803624e-03 -3.47861438e-03 -1.05232876e-02 -4.75737080e-03 1.45798037e-02 9.55019984e-03
1.18018901e-02 -9.47037712e-03 1.46854334e-02 -1.54055981e-03 -9.99519415e-03 5.16976346e-04 -3.12679633e-02 7.86131695e-02 -2.52989051e-03 1.72924474e-02 -1.45365959e-02 -6.99299900e-03 -2.11871415e-02 -9.57543310e-03 2.94161905e-02 1.92906298e-02
-3.32874209e-02 2.20212750e-02 -3.36557329e-02 5.28428843e-03 2.35577393e-02 -1.36282761e-03 7.17924908e-02 -1.79993480e-01 5.70420455e-03 -3.94694246e-02 3.31452899e-02 1.59412064e-02 4.82925251e-02 2.18238328e-02 -6.70396760e-02 -4.39623296e-02
2.48917416e-02 -1.61738489e-02 2.45709494e-02 -2.77812500e-03 -1.69111751e-02 8.09646153e-04 -5.22291698e-02 1.30493954e-01 -4.17066133e-03 2.86674928e-02 -2.41185725e-02 -1.15909362e-02 -3.51162031e-02 -1.58704817e-02 4.87542227e-02 3.19720320e-02
-5.68294944e-03 5.75018534e-03 -8.69375281e-03 8.66209157e-04 5.99468360e-03 -2.71895144e-04 1.88044831e-02 -4.72483188e-02 1.52512826e-03 -1.04050674e-02 8.74693692e-03 4.20945091e-03 1.27543472e-02 5.76436706e-03 -1.77085008e-02 -1.16129387e-02
8.64136685e-03 -5.97136840e-03 8.91986396e-03 -1.10546558e-03 -6.19746465e-03 3.64867097e-04 -1.91086754e-02 4.77808677e-02 -1.51775940e-03 1.05103673e-02 -8.82490166e-03 -4.23992239e-03 -1.28438175e-02 -5.80410939e-03 1.78288240e-02 1.16913887e-02
-4.64261789e-03 6.90866867e-03 -1.02356840e-02 1.01308501e-03 7.02799950e-03 -3.09482421e-04 2.21219324e-02 -5.56720570e-02 1.79834408e-03 -1.22634275e-02 1.03088161e-02 4.96138027e-03 1.50326351e-02 6.79404335e-03 -2.08717324e-02 -1.36873312e-02
3.72430100e-03 -2.12148880e-03 3.19086248e-03 -3.97267431e-04 -2.18262454e-03 1.15329305e-04 -6.82803523e-03 1.71340462e-02 -5.48742537e-04 3.76031292e-03 -3.15736164e-03 -1.51916058e-03 -4.60286904e-03 -2.08022608e-03 6.39041420e-03 4.19070059e-03
4.30585211e-03 -2.97028199e-03 4.55539906e-03 -5.34976018e-04 -3.16695590e-03 1.60727359e-04 -9.68813244e-03 2.42724791e-02 -7.76059926e-04 5.34102460e-03 -4.48954850e-03 -2.15831492e-03 -6.53861370e-03 -2.95495638e-03 9.07739997e-03 5.95270423e-03
1.16161909e-03 -2.50074058e-03 3.75981955e-03 -3.65298562e-04 -2.58504460e-03 1.12868576e-04 -8.14502221e-03 2.05005724e-02 -6.62522332e-04 4.51653823e-03 -3.79673159e-03 -1.82730623e-03 -5.53662144e-03 -2.50229519e-03 7.68721430e-03 5.04114665e-03
5.21105481e-03 -2.83168233e-03 4.26508859e-03 -6.71573798e-04 -3.05373385e-03 2.22672854e-04 -9.05121770e-03 2.25091223e-02 -6.82142912e-04 4.92693111e-03 -4.14040778e-03 -1.97609072e-03 -5.98112587e-03 -2.70162080e-03 8.29515047e-03 5.43854991e-03
-2.53756735e-02 1.22068692e-02 -1.80629659e-02 2.79510394e-03 1.29803233e-02 -8.01235437e-04 3.87630351e-02 -9.59956720e-02 2.95651378e-03 -2.09732670e-02 1.75858624e-02 8.44045728e-03 2.55558547e-02 1.15478588e-02 -3.54665667e-02 -2.32554413e-02
7.32211163e-03 -3.47241643e-03 5.01600187e-03 -7.90784601e-04 -3.58611136e-03 2.91326724e-04 -1.06483335e-02 2.64347997e-02 -8.16774555e-04 5.79076679e-03 -4.86275507e-03 -2.32477137e-03 -7.03839213e-03 -3.18009895e-03 9.76667088e-03 6.40410930e-03
-2.37695258e-02 1.10826558e-02 -1.70473829e-02 2.15178402e-03 1.16525739e-02 -5.86262962e-04 3.59590873e-02 -9.03279036e-02 2.89370073e-03 -1.98568664e-02 1.66871306e-02 8.02734308e-03 2.43213698e-02 1.09918173e-02 -3.37671004e-02 -2.21437868e-02
1.96619611e-02 -8.60126596e-03 1.19174356e-02 -2.05485616e-03 -8.48478451e-03 7.16474722e-04 -2.52595339e-02 6.34207800e-02 -1.74619746e-03 1.36843277e-02 -1.14639839e-02 -5.46796853e-03 -1.65268984e-02 -7.47459428e-03 2.28899922e-02 1.50022162e-02
-1.58914104e-02 7.64347520e-03 -1.14374850e-02 1.54320663e-03 8.03817902e-03 -5.90211828e-04 2.43479572e-02 -6.07464574e-02 1.86665065e-03 -1.32724689e-02 1.11468751e-02 5.33409603e-03 1.61541812e-02 7.29952240e-03 -2.24181805e-02 -1.46996100e-02
-5.32454103e-02 2.54903063e-02 -3.57133374e-02 5.63966297e-03 2.57524699e-02 -2.19199411e-03 7.69936889e-02 -1.89492092e-01 5.68325585e-03 -4.18619551e-02 3.47945951e-02 1.65826306e-02 5.01981117e-02 2.26781312e-02 -6.96347058e-02 -4.56449427e-02
-1.07880384e-02 1.29966429e-02 -1.98349711e-02 2.09968211e-03 1.36911562e-02 -6.31644507e-04 4.28943150e-02 -1.07903227e-01 3.48324864e-03 -2.37666890e-02 1.99759398e-02 9.61367041e-03 2.91285813e-02 1.31647373e-02 -4.04428579e-02 -2.65217386e-02
6.69002719e-03 -6.95471419e-03 1.04137938e-02 -1.21081446e-03 -7.17729330e-03 3.47555761e-04 -2.24626549e-02 5.64696714e-02 -1.82114693e-03 1.24400444e-02 -1.04548829e-02 -5.03098127e-03 -1.52432201e-02 -6.88917655e-03 2.11638771e-02 1.38788894e-02
1.45872813e-02 -1.41466688e-02 2.14686412e-02 -2.12333095e-03 -1.46450745e-02 6.50390284e-04 -4.59579155e-02 1.15597554e-01 -3.73375602e-03 2.54616477e-02 -2.14030258e-02 -1.03008235e-02 -3.12107932e-02 -1.41058154e-02 4.33339775e-02 2.84176935e-02
-4.86431783e-03 3.07632657e-03 -4.73403279e-03 4.78206610e-04 3.24185356e-03 -1.47749146e-04 1.01503050e-02 -2.54987366e-02 8.22696020e-04 -5.61514078e-03 4.71995631e-03 2.27153138e-03 6.88256975e-03 3.11059412e-03 -9.55593958e-03 -6.26662280e-03
-8.76408443e-03 3.88575322e-03 -5.45107666e-03 1.09464047e-03 3.93230515e-03 -4.09544795e-04 1.14470227e-02 -2.80006118e-02 7.84360163e-04 -6.17407402e-03 5.19006979e-03 2.44536530e-03 7.39142578e-03 3.33619746e-03 -1.02354800e-02 -6.70725526e-03
8.26146547e-03 -4.32455679e-03 6.53494382e-03 -8.86666297e-04 -4.47413279e-03 2.79743457e-04 -1.38529763e-02 3.46513391e-02 -1.09244813e-03 7.60311959e-03 -6.39120536e-03 -3.06832884e-03 -9.29459557e-03 -4.20020893e-03 1.29021602e-02 8.46072752e-03
4.19221306e-03 -1.18715211e-03 1.80871645e-03 -4.09193395e-04 -1.32194557e-03 1.33100955e-04 -3.69888265e-03 9.08968132e-03 -2.59646680e-04 1.97617221e-03 -1.66019856e-03 -7.85621640e-04 -2.37552053e-03 -1.07258616e-03 3.29227932e-03 2.15827511e-03
1.58608593e-02 -6.20583864e-03 9.32054315e-03 -1.24002062e-03 -6.52776752e-03 3.36445140e-04 -2.01334599e-02 5.05070202e-02 -1.61668391e-03 1.11019462e-02 -9.32826567e-03 -4.48673079e-03 -1.35929482e-02 -6.14327937e-03 1.88720115e-02 1.23758279e-02
9.03448742e-03 -5.38378721e-03 8.05738010e-03 -1.34877302e-03 -5.72900660e-03 5.54869766e-04 -1.70988794e-02 4.28584144e-02 -1.23280392e-03 9.30199772e-03 -7.85937905e-03 -3.70275020e-03 -1.11919595e-02 -5.05437749e-03 1.55106178e-02 1.01665230e-02
4.62325616e-03 -1.96530530e-03 3.00721964e-03 -4.88675782e-04 -2.09994684e-03 1.29754015e-04 -6.39501214e-03 1.59739088e-02 -5.00978203e-04 3.50670679e-03 -2.94427201e-03 -1.41252403e-03 -4.27782210e-03 -1.93299772e-03 5.93727222e-03 3.89331463e-03
-7.76936673e-03 5.13706915e-03 -7.63893034e-03 1.01745478e-03 5.36132604e-03 -2.74877239e-04 1.62969176e-02 -4.07517478e-02 1.29375653e-03 -8.95460043e-03 7.52298813e-03 3.61520238e-03 1.09514529e-02 4.94911987e-03 -1.52029963e-02 -9.96960327e-03
-3.17424815e-03 4.04336024e-03 -6.05455181e-03 6.21227315e-04 4.15048329e-03 -1.92700783e-04 1.29949655e-02 -3.26470397e-02 1.05086388e-03 -7.18593970e-03 6.04199152e-03 2.90660257e-03 8.80655274e-03 3.98010621e-03 -1.22270677e-02 -8.01828969e-03
6.16239896e-03 -7.78386137e-03 1.16747050e-02 -1.13978377e-03 -7.99443573e-03 3.51440103e-04 -2.51694825e-02 6.33372292e-02 -2.04641419e-03 1.39536113e-02 -1.17296465e-02 -5.64523879e-03 -1.71046928e-02 -7.73052126e-03 2.37486605e-02 1.55739728e-02
1.66425027e-03 -9.53125826e-04 1.41360017e-03 -1.99809612e-04 -9.80947283e-04 6.63350511e-05 -2.96614203e-03 7.37187266e-03 -2.27847748e-04 1.61754712e-03 -1.35869440e-03 -6.50347793e-04 -1.96915772e-03 -8.89678311e-04 2.73235771e-03 1.79160654e-03
1.11882538e-02 -8.85082874e-03 1.33140059e-02 -1.48120197e-03 -9.16612986e-03 5.48827520e-04 -2.82762013e-02 7.07082078e-02 -2.24703085e-03 1.55436676e-02 -1.30740628e-02 -6.27593510e-03 -1.90120526e-02 -8.59172549e-03 2.63928231e-02 1.73077974e-02
7.01148389e-03 -2.89308280e-03 4.55412036e-03 -7.09395390e-04 -3.19723971e-03 2.74294056e-04 -9.54450574e-03 2.36256402e-02 -7.14185124e-04 5.15942555e-03 -4.33260622e-03 -2.07215268e-03 -6.27144473e-03 -2.83295498e-03 8.69888160e-03 5.70353307e-03
-3.53263989e-02 2.02128477e-02 -3.01338565e-02 3.95028340e-03 2.08810288e-02 -1.13370526e-03 6.45273104e-02 -1.61123678e-01 5.12872776e-03 -3.53367738e-02 2.97019575e-02 1.42715350e-02 4.32344899e-02 1.95385106e-02 -6.00206181e-02 -3.93598601e-02
1.69610803e-03 -1.08440453e-03 1.79131073e-03 -3.11100361e-04 -1.28432666e-03 1.08327717e-04 -3.80890770e-03 9.40787140e-03 -2.88392272e-04 2.06307368e-03 -1.73208443e-03 -8.27894837e-04 -2.50637834e-03 -1.13230385e-03 3.47738457e-03 2.28010886e-03
-1.33907693e-02 7.36767845e-03 -1.13369869e-02 1.72505516e-03 8.20199959e-03 -5.80176071e-04 2.42511015e-02 -6.03536814e-02 1.84473349e-03 -1.31471017e-02 1.10629024e-02 5.28608169e-03 1.60083957e-02 7.23085692e-03 -2.22070701e-02 -1.45610608e-02
4.30642953e-03 -5.09327604e-03 7.47320289e-03 -7.48535269e-04 -5.10299252e-03 2.26319142e-04 -1.60362329e-02 4.03364263e-02 -1.30238675e-03 8.88507720e-03 -7.46887457e-03 -3.59426369e-03 -1.08902995e-02 -4.92188334e-03 1.51203033e-02 9.91563033e-03
1.47086168e-02 -1.00066336e-02 1.49761001e-02 -1.93643675e-03 -1.02442987e-02 5.62883506e-04 -3.19780596e-02 8.02076757e-02 -2.57616350e-03 1.76580939e-02 -1.48475720e-02 -7.13840267e-03 -2.16259900e-02 -9.77317989e-03 3.00231744e-02 1.96885858e-02
1.26597739e-03 -6.73528295e-04 8.40456341e-04 -1.18645345e-04 -5.81304834e-04 3.42244894e-05 -1.74644636e-03 4.35235910e-03 -1.35048758e-04 9.57502518e-04 -8.04951938e-04 -3.84745654e-04 -1.16472924e-03 -5.26182936e-04 1.61559449e-03 1.05923088e-03
-4.36598406e-04 6.32899930e-04 -1.02054386e-03 1.60831536e-04 7.47718092e-04 -6.11271826e-05 2.23908876e-03 -5.48818242e-03 1.62194323e-04 -1.20634434e-03 1.01417082e-03 4.81039548e-04 1.45438395e-03 6.56791206e-04 -2.01576599e-03 -1.32137502e-03
-1.72616076e-02 8.64784326e-03 -1.28506226e-02 1.84976798e-03 8.58993828e-03 -6.20848150e-04 2.58984920e-02 -6.42918199e-02 1.96454884e-03 -1.41332792e-02 1.18613280e-02 5.67555428e-03 1.71810202e-02 7.75988167e-03 -2.38307044e-02 -1.56242047e-02
-7.27878418e-03 3.27300606e-03 -4.86023072e-03 6.64910360e-04 3.41556175e-03 -1.85326790e-04 1.03017427e-02 -2.57675499e-02 8.17737018e-04 -5.67458477e-03 4.76549286e-03 2.28940509e-03 6.93493430e-03 3.13393353e-03 -9.62682627e-03 -6.31290535e-03
-6.04796857e-02 2.81130560e-02 -4.04023454e-02 5.63424081e-03 2.83336323e-02 -1.77526742e-03 8.68935063e-02 -2.15793282e-01 6.75102230e-03 -4.73667681e-02 3.97981815e-02 1.90678872e-02 5.77476099e-02 2.60952655e-02 -8.01496059e-02 -5.25568835e-02
-1.02269622e-02 7.96385854e-03 -1.22185275e-02 1.35457027e-03 8.50215461e-03 -4.20776050e-04 2.62754932e-02 -6.58554435e-02 2.11672275e-03 -1.44751482e-02 1.21669518e-02 5.85393934e-03 1.77365579e-02 8.01601168e-03 -2.46255640e-02 -1.61490031e-02
7.15482933e-03 -2.97988369e-03 4.39917063e-03 -6.70049922e-04 -3.11139226e-03 2.45902425e-04 -9.18395538e-03 2.26250961e-02 -6.67307759e-04 4.97454451e-03 -4.18070750e-03 -1.99202029e-03 -6.02491479e-03 -2.72102072e-03 8.35266616e-03 5.47555555e-03
-7.70122185e-03 3.34587647e-03 -4.60893894e-03 7.92343053e-04 3.33818817e-03 -2.72170699e-04 9.73266643e-03 -2.42660772e-02 7.04174221e-04 -5.31551195e-03 4.45409911e-03 2.12301058e-03 6.41757622e-03 2.89816922e-03 -8.89259297e-03 -5.82807604e-03
1.52168870e-02 -6.72425982e-03 1.00282291e-02 -1.55334664e-03 -6.97258487e-03 4.56613256e-04 -2.12854184e-02 5.32936528e-02 -1.68154994e-03 1.17120212e-02 -9.84177925e-03 -4.71841590e-03 -1.42904622e-02 -6.45760633e-03 1.98344104e-02 1.30061926e-02
-1.88109521e-02 1.57372970e-02 -2.40855664e-02 2.56067305e-03 1.65791512e-02 -7.97952584e-04 5.12188002e-02 -1.28632873e-01 4.13749041e-03 -2.82985382e-02 2.37868223e-02 1.14438990e-02 3.46731730e-02 1.56704094e-02 -4.81400788e-02 -3.15693729e-02
7.96483364e-03 -4.25744103e-03 6.30857423e-03 -9.84984101e-04 -4.39956738e-03 3.38564976e-04 -1.32771656e-02 3.29877473e-02 -9.92293702e-04 7.23099289e-03 -6.07010676e-03 -2.89788889e-03 -8.76975525e-03 -3.96127906e-03 1.21620772e-02 7.97376316e-03
1.48945041e-02 -6.75177667e-03 1.02226445e-02 -1.53535581e-03 -7.10666645e-03 4.57251735e-04 -2.14570127e-02 5.35057411e-02 -1.66473503e-03 1.17746964e-02 -9.89043247e-03 -4.73923283e-03 -1.43498108e-02 -6.48370618e-03 1.99125335e-02 1.30566992e-02
-1.23233078e-02 3.96078592e-03 -5.75379375e-03 9.89502762e-04 4.11412399e-03 -2.61867564e-04 1.24172177e-02 -3.08912843e-02 9.64155479e-04 -6.74784137e-03 5.66386012e-03 2.71835155e-03 8.23332742e-03 3.72047699e-03 -1.14277992e-02 -7.49372365e-03
1.07804155e-02 -5.73394634e-03 8.58410913e-03 -1.28504902e-03 -5.98580344e-03 4.35848604e-04 -1.81008093e-02 4.47768904e-02 -1.38561998e-03 9.79070086e-03 -8.21565650e-03 -3.94207798e-03 -1.19390041e-02 -5.39464876e-03 1.65700875e-02 1.08655756e-02
-2.07967893e-03 3.56059335e-03 -5.03890915e-03 3.71495436e-04 3.39832576e-03 -1.02515027e-04 1.09021878e-02 -2.75610220e-02 9.02887376e-04 -6.07125275e-03 5.10718022e-03 2.46062689e-03 7.45714922e-03 3.37063335e-03 -1.03555722e-02 -6.79121912e-03
8.78807157e-03 -5.67009347e-03 8.71894695e-03 -1.12029014e-03 -6.07142132e-03 3.31048097e-04 -1.85335819e-02 4.63875495e-02 -1.47340272e-03 1.01886401e-02 -8.55716784e-03 -4.11196146e-03 -1.24563491e-02 -5.62911155e-03 1.72915366e-02 1.13391466e-02
-7.88778067e-03 5.97550860e-03 -8.90333857e-03 1.01451878e-03 6.11229939e-03 -2.87721865e-04 1.91010963e-02 -4.79148068e-02 1.54507288e-03 -1.05500761e-02 8.86767916e-03 4.26728232e-03 1.29293697e-02 5.84342517e-03 -1.79513488e-02 -1.17721846e-02
-1.15201063e-02 6.36294996e-03 -9.62111447e-03 1.15295942e-03 6.64244173e-03 -3.49184615e-04 2.05778200e-02 -5.16168438e-02 1.65652414e-03 -1.13658775e-02 9.55326203e-03 4.59341565e-03 1.39166685e-02 6.28943788e-03 -1.93210971e-02 -1.26703465e-02
-1.12964315e-02 6.03201846e-03 -8.14155489e-03 1.38461683e-03 5.79764321e-03 -4.54629597e-04 1.70947667e-02 -4.22774106e-02 1.27335102e-03 -9.24056675e-03 7.81738944e-03 3.69425188e-03 1.11788306e-02 5.04897628e-03 -1.54978689e-02 -1.01589598e-02
-2.05141469e-03 1.50789320e-03 -2.47780653e-03 6.24247128e-04 1.94522506e-03 -2.42022288e-04 5.46046160e-03 -1.32961217e-02 3.32746655e-04 -2.84918724e-03 2.38877092e-03 1.12122134e-03 3.38236964e-03 1.52702758e-03 -4.67892596e-03 -3.06485966e-03
2.01592613e-02 -8.01475905e-03 1.14064133e-02 -1.68959214e-03 -7.91760813e-03 5.67450246e-04 -2.39762403e-02 5.94362281e-02 -1.82667992e-03 1.30652012e-02 -1.10116573e-02 -5.25156641e-03 -1.58964992e-02 -7.18105910e-03 2.20509525e-02 1.44580146e-02
-6.82649389e-03 1.93701591e-03 -2.38456181e-03 4.03669837e-04 1.67542556e-03 -1.42430974e-04 4.87480871e-03 -1.20438216e-02 3.56263248e-04 -2.64238706e-03 2.22511520e-03 1.05648045e-03 3.19502898e-03 1.44318771e-03 -4.43020742e-03 -2.90435366e-03
-1.61204860e-02 6.01709867e-03 -9.01996624e-03 1.55179459e-03 6.34815218e-03 -5.69826807e-04 1.86647289e-02 -4.61367406e-02 1.41444488e-03 -1.01245549e-02 8.50867387e-03 4.07108571e-03 1.23250484e-02 5.56879025e-03 -1.71024203e-02 -1.12139219e-02
-2.04107091e-02 8.39315262e-03 -1.24194948e-02 1.78226281e-03 8.58513918e-03 -5.82257169e-04 2.62569096e-02 -6.52679726e-02 2.01166188e-03 -1.43167377e-02 1.20493304e-02 5.76264318e-03 1.74441244e-02 7.88079388e-03 -2.42023710e-02 -1.58692747e-02
2.75154095e-02 -1.25859240e-02 1.91836879e-02 -2.39961641e-03 -1.31428204e-02 7.64113502e-04 -4.02226709e-02 1.00413911e-01 -3.14169028e-03 2.19420474e-02 -1.84425842e-02 -8.86623096e-03 -2.68556066e-02 -1.21358642e-02 3.72783206e-02 2.44456343e-02
8.53407942e-03 -6.87016407e-03 1.04388632e-02 -1.10647024e-03 -7.10131228e-03 3.37843609e-04 -2.21728031e-02 5.56550175e-02 -1.79277069e-03 1.22519629e-02 -1.02983741e-02 -4.95500583e-03 -1.50124971e-02 -6.78490754e-03 2.08436046e-02 1.36688724e-02
-2.01108027e-03 -1.98269117e-05 2.26457239e-04 1.38844280e-05 -1.63159639e-04 6.73268460e-07 -5.70679375e-04 1.46574294e-03 -4.97539404e-05 3.25278932e-04 -2.73819052e-04 -1.32492321e-04 -4.01730067e-04 -1.81619005e-04 5.58081025e-04 3.66014079e-04
1.35590266e-02 -6.03811070e-03 8.61631893e-03 -2.20528012e-03 -6.38858415e-03 9.02526081e-04 -1.82548054e-02 4.49268594e-02 -1.02790445e-03 9.70795471e-03 -8.08947254e-03 -3.74531792e-03 -1.12982756e-02 -5.09649143e-03 1.56046022e-02 1.02032227e-02
-6.05749115e-02 2.29066424e-02 -2.94241235e-02 7.88009167e-03 2.16031335e-02 -2.06134492e-03 6.16033487e-02 -1.46835193e-01 3.78667144e-03 -3.25400233e-02 2.77483277e-02 1.28315473e-02 3.84319350e-02 1.74029972e-02 -5.32128029e-02 -3.48165594e-02
-1.41947679e-02 8.90986621e-03 -1.30342310e-02 1.63234735e-03 9.05139837e-03 -4.43708705e-04 2.79931910e-02 -7.03169927e-02 2.25015287e-03 -1.54711111e-02 1.30015183e-02 6.25393540e-03 1.89466886e-02 8.56262539e-03 -2.63039786e-02 -1.72494855e-02
3.47779685e-04 9.63129511e-04 -1.59017823e-03 1.63951496e-04 1.10339280e-03 -5.30408906e-05 3.46125336e-03 -8.70871544e-03 2.79910892e-04 -1.91477581e-03 1.60931039e-03 7.74116546e-04 2.34537618e-03 1.05996721e-03 -3.25620780e-03 -2.13534711e-03
-3.52890859e-03 1.08316063e-03 -1.60169427e-03 2.13160005e-04 1.08714856e-03 -6.52305316e-05 3.33676534e-03 -8.33506323e-03 2.65412353e-04 -1.83283992e-03 1.54076377e-03 7.40265066e-04 2.24254909e-03 1.01346173e-03 -3.11328005e-03 -2.04160507e-03
-1.78176314e-02 1.06877536e-02 -1.61382556e-02 1.95479533e-03 1.09984148e-02 -5.51017292e-04 3.41763273e-02 -8.58169943e-02 2.74166884e-03 -1.88706424e-02 1.58649031e-02 7.62663083e-03 2.31046211e-02 1.04416665e-02 -3.20760608e-02 -2.10345928e-02
9.42169502e-03 -4.91710706e-03 7.04570301e-03 -1.30468025e-03 -4.94534662e-03 4.91799088e-04 -1.47083532e-02 3.60507816e-02 -9.92757152e-04 7.89333601e-03 -6.67012017e-03 -3.13501060e-03 -9.46566183e-03 -4.26995568e-03 1.30926017e-02 8.57862458e-03
-5.87350549e-03 4.09584632e-03 -6.22625463e-03 7.36704154e-04 4.27075755e-03 -2.17609006e-04 1.33017078e-02 -3.33704725e-02 1.06902071e-03 -7.33443396e-03 6.16520643e-03 2.96476088e-03 8.98224581e-03 4.05941578e-03 -1.24705005e-02 -8.17788113e-03
3.96550447e-03 -3.92640755e-03 6.10441016e-03 -6.56166405e-04 -4.20065457e-03 2.00211187e-04 -1.30972750e-02 3.29145826e-02 -1.06120552e-03 7.24902330e-03 -6.09305780e-03 -2.93212221e-03 -8.88407789e-03 -4.01516957e-03 1.23348301e-02 8.08896869e-03
-2.83199269e-03 8.46785400e-03 -1.27226645e-02 1.21147814e-03 8.75661708e-03 -3.68664187e-04 2.76443623e-02 -6.95944950e-02 2.24939571e-03 -1.53317200e-02 1.28884362e-02 6.20332872e-03 1.87957622e-02 8.49481672e-03 -2.60966402e-02 -1.71137452e-02
-9.11134481e-03 6.81090169e-03 -1.05272373e-02 1.40090589e-03 7.35499896e-03 -4.60795854e-04 2.23466363e-02 -5.60446978e-02 1.77853007e-03 -1.23389475e-02 1.03560286e-02 4.97629447e-03 1.50746601e-02 6.81261113e-03 -2.09268127e-02 -1.37229431e-02
-4.54558851e-03 2.77437153e-03 -4.26904578e-03 7.48118851e-04 2.93787685e-03 -1.45623053e-04 9.07404348e-03 -2.27845926e-02 7.27878592e-04 -5.00644511e-03 4.20677476e-03 2.02375138e-03 6.13116659e-03 2.77092098e-03 -8.51227529e-03 -5.58216637e-03
6.34352444e-04 -3.10056773e-03 4.88799112e-03 -5.50726720e-04 -3.38129979e-03 1.58433410e-04 -1.05619403e-02 2.64629554e-02 -8.49964330e-04 5.82427997e-03 -4.89566568e-03 -2.35569431e-03 -7.13749416e-03 -3.22576379e-03 9.90969501e-03 6.49859523e-03
-7.06264470e-03 6.41876925e-03 -9.77513101e-03 1.14233396e-03 6.73541892e-03 -3.02960456e-04 2.10104436e-02 -5.28136455e-02 1.70407456e-03 -1.16334436e-02 9.77927167e-03 4.70593618e-03 1.42584899e-02 6.44413289e-03 -1.97967179e-02 -1.29823424e-02
-8.74774531e-03 4.35903994e-03 -6.52703689e-03 9.45920823e-04 4.57452470e-03 -2.88202340e-04 1.39175830e-02 -3.48080359e-02 1.10348722e-03 -7.62734748e-03 6.39803242e-03 3.07269348e-03 9.30860732e-03 4.20659734e-03 -1.29220933e-02 -8.47392250e-03
6.04100293e-03 -4.74089617e-03 7.29302503e-03 -9.30707902e-04 -4.98890830e-03 3.03911860e-04 -1.54122990e-02 3.84776294e-02 -1.22127717e-03 8.44940450e-03 -7.09861191e-03 -3.41096846e-03 -1.03328787e-02 -4.66952613e-03 1.43441539e-02 9.40641947e-03
-1.49640124e-02 7.45069142e-03 -1.09290034e-02 1.62681751e-03 7.57778669e-03 -4.51355969e-04 2.27043703e-02 -5.66320196e-02 1.77775708e-03 -1.24661122e-02 1.04690110e-02 5.02329599e-03 1.52138118e-02 6.87475502e-03 -2.11161356e-02 -1.38466097e-02
3.28387110e-03 -1.36113737e-03 1.92604039e-03 -2.16444329e-04 -1.31230894e-03 6.93423572e-05 -4.05132165e-03 1.01866396e-02 -3.26922134e-04 2.23630317e-03 -1.87975145e-03 -9.04322253e-04 -2.73993146e-03 -1.23830838e-03 3.80412862e-03 2.49467720e-03
2.68337131e-03 -2.07740674e-03 3.36445752e-03 -6.63594110e-04 -2.37671100e-03 1.64682046e-04 -7.21731503e-03 1.79828089e-02 -5.64980903e-04 3.95301357e-03 -3.31113511e-03 -1.59145112e-03 -4.82049678e-03 -2.17840052e-03 6.69138506e-03 4.38787555e-03
1.52679523e-02 -1.13309156e-02 1.68750305e-02 -2.23252224e-03 -1.16416188e-02 6.37442921e-04 -3.62411663e-02 9.04585123e-02 -2.88692233e-03 1.99123230e-02 -1.67352315e-02 -8.04253388e-03 -2.43643690e-02 -1.10109821e-02 3.38249654e-02 2.21814923e-02
1.08168637e-02 -1.10654030e-02 1.69930775e-02 -1.79234869e-03 -1.16758458e-02 5.37307758e-04 -3.65635939e-02 9.19465795e-02 -2.96827988e-03 2.02506725e-02 -1.70219615e-02 -8.19207169e-03 -2.48212982e-02 -1.12180449e-02 3.44625227e-02 2.25999393e-02
-1.82689503e-02 1.52987912e-02 -2.35106200e-02 2.76043010e-03 1.64639633e-02 -9.21856845e-04 5.04665338e-02 -1.26524374e-01 4.05046437e-03 -2.77954973e-02 2.33598296e-02 1.12329582e-02 3.40330116e-02 1.53808342e-02 -4.72497903e-02 -3.09853330e-02
2.86423787e-03 -1.22413971e-03 1.82367035e-03 -3.52342642e-04 -1.37931551e-03 1.34309637e-04 -3.95013299e-03 9.75971390e-03 -2.55921128e-04 2.12468277e-03 -1.77222979e-03 -8.36112129e-04 -2.52575777e-03 -1.13878713e-03 3.48831899e-03 2.28493451e-03
-8.59440304e-03 2.97426502e-03 -4.21637204e-03 7.27434177e-04 2.94536282e-03 -2.03755219e-04 8.84551182e-03 -2.21030973e-02 6.96204312e-04 -4.83007543e-03 4.05853614e-03 1.94840296e-03 5.90164354e-03 2.66697560e-03 -8.19250662e-03 -5.37236128e-03
-1.13905026e-02 4.07849811e-03 -6.20148564e-03 1.01267686e-03 4.29171557e-03 -2.50487123e-04 1.29657052e-02 -3.23154069e-02 1.00389821e-03 -7.08630029e-03 5.95756341e-03 2.85471301e-03 8.64500552e-03 3.90620669e-03 -1.19976858e-02 -7.86719192e-03
-3.11893155e-03 1.06956018e-03 -1.59871613e-03 2.97865830e-04 1.13519060e-03 -8.89607618e-05 3.32346791e-03 -8.24200641e-03 2.53120641e-04 -1.80867873e-03 1.51887932e-03 7.26835686e-04 2.20060046e-03 9.94259957e-04 -3.05367378e-03 -2.00235029e-03
1.49146756e-02 -1.37666622e-02 2.13120338e-02 -2.50975345e-03 -1.46111203e-02 7.15768896e-04 -4.54810821e-02 1.14336669e-01 -3.67318443e-03 2.51488406e-02 -2.11357623e-02 -1.01682674e-02 -3.08079682e-02 -1.39234895e-02 4.27733250e-02 2.80499142e-02
-1.94131327e-03 6.19626720e-04 -8.30026926e-04 2.01381365e-04 6.01541484e-04 -6.33181844e-05 1.72118156e-03 -4.21210239e-03 1.23486156e-04 -9.22056264e-04 7.71752675e-04 3.66855675e-04 1.10966561e-03 5.01149509e-04 -1.53830950e-03 -1.00848463e-03
-2.49234959e-02 1.30348057e-02 -1.98123716e-02 2.81288754e-03 1.36104235e-02 -8.10040336e-04 4.17236835e-02 -1.04513735e-01 3.28507740e-03 -2.29742378e-02 1.93020310e-02 9.25970636e-03 2.80435514e-02 1.26724849e-02 -3.89245227e-02 -2.55244114e-02
1.49964420e-02 -8.64243321e-03 1.28620276e-02 -1.51544157e-03 -8.95051565e-03 5.24288742e-04 -2.72812825e-02 6.84305578e-02 -2.17800098e-03 1.50112556e-02 -1.26143973e-02 -6.06220774e-03 -1.83651093e-02 -8.29960313e-03 2.54957695e-02 1.67194195e-02
5.73498849e-03 -2.68755504e-03 4.30677179e-03 -7.10196909e-04 -3.02465213e-03 1.78645540e-04 -8.82286020e-03 2.19385717e-02 -6.88836386e-04 4.81168460e-03 -4.04442707e-03 -1.94226613e-03 -5.88303292e-03 -2.65845866e-03 8.16629641e-03 5.35513973e-03
-1.36157144e-02 9.51292366e-03 -1.38824731e-02 1.75099273e-03 9.59271565e-03 -4.90916835e-04 2.96701677e-02 -7.41910860e-02 2.35675229e-03 -1.62751824e-02 1.36793628e-02 6.57818234e-03 1.99279152e-02 9.00594238e-03 -2.76655387e-02 -1.81423444e-02
1.21853240e-02 -7.78526347e-03 1.13209728e-02 -1.54711911e-03 -8.00500158e-03 4.50014428e-04 -2.43825261e-02 6.11067526e-02 -1.95314293e-03 1.34355808e-02 -1.12805599e-02 -5.42311324e-03 -1.64287873e-02 -7.42472243e-03 2.28083227e-02 1.49570843e-02
