5.76036563e-03 2.73121819e-02 1.46428216e-02 -1.74506959e-02 3.62353894e-04 7.38922087e-03 -3.17902826e-02 8.13249275e-02 -1.11812595e-02 7.45063322e-03 -5.13941515e-03 -1.51976962e-02 -2.31314395e-02 8.37111101e-03 1.69938598e-02 4.76237014e-03
9.83235799e-03 3.39446962e-02 1.71757024e-02 -2.03444809e-02 4.28261992e-04 8.59977119e-03 -3.71133313e-02 9.51860994e-02 -1.30743831e-02 8.73180199e-03 -6.01184089e-03 -1.77935343e-02 -2.70885229e-02 9.80400387e-03 1.99026149e-02 5.57784690e-03
2.19378062e-03 1.57326274e-02 8.09257943e-03 -9.97181516e-03 1.81066396e-04 4.13643289e-03 -1.76633820e-02 4.51532006e-02 -6.17737928e-03 4.13441565e-03 -2.84477952e-03 -8.38729180e-03 -1.27627682e-02 4.61659487e-03 9.37226880e-03 2.62557412e-03
-7.89423753e-03 -3.00113298e-02 -1.61975790e-02 1.92091521e-02 -4.04097664e-04 -8.12242273e-03 3.48222405e-02 -8.94073695e-02 1.22503508e-02 -8.18109885e-03 5.64312143e-03 1.66990478e-02 2.54236124e-02 -9.20176413e-03 -1.86799727e-02 -5.23533486e-03
3.93874804e-03 2.83831861e-02 1.49319610e-02 -1.86246596e-02 3.87722073e-04 7.99551606e-03 -3.37754861e-02 8.71348381e-02 -1.19336667e-02 7.98163377e-03 -5.48667554e-03 -1.62644070e-02 -2.47628540e-02 8.96299817e-03 1.81952138e-02 5.09939110e-03
-2.13503302e-03 -1.00378469e-02 -5.10809477e-03 5.98226488e-03 -1.16164636e-04 -2.53527658e-03 1.07272798e-02 -2.74551474e-02 3.75935831e-03 -2.51063355e-03 1.72927207e-03 5.11369854e-03 7.78363878e-03 -2.81663029e-03 -5.71789080e-03 -1.60233048e-03
-1.21924141e-03 -1.91588178e-02 -1.05212620e-02 1.25829922e-02 -2.32465172e-04 -5.43405535e-03 2.29139812e-02 -5.87257221e-02 8.07007030e-03 -5.41508757e-03 3.72523372e-03 1.09705040e-02 1.66929103e-02 -6.03886321e-03 -1.22607928e-02 -3.43418750e-03
-2.92161200e-03 -1.23063996e-02 -6.60224538e-03 7.99028203e-03 -1.44539721e-04 -3.34557937e-03 1.42443422e-02 -3.63700651e-02 4.99716820e-03 -3.34983529e-03 2.30453466e-03 6.79052714e-03 1.03322212e-02 -3.73724615e-03 -7.58732343e-03 -2.12532748e-03
1.61589924e-02 4.76902127e-02 2.45017372e-02 -2.82950159e-02 6.31497009e-04 1.20076584e-02 -5.09983860e-02 1.30946904e-01 -1.80189610e-02 1.20536285e-02 -8.31344351e-03 -2.45026965e-02 -3.72927710e-02 1.34931346e-02 2.73917336e-02 7.67516345e-03
-5.79776126e-04 1.72289219e-02 9.41668171e-03 -1.15624350e-02 2.57218693e-04 4.97975945e-03 -2.14835219e-02 5.53591624e-02 -7.55322538e-03 5.03455056e-03 -3.47518153e-03 -1.02971429e-02 -1.56768654e-02 5.67412749e-03 1.15187997e-02 3.22832610e-03
5.64465672e-03 2.65391693e-02 1.35146463e-02 -1.63727030e-02 3.10933450e-04 6.92724204e-03 -2.95992792e-02 7.60949329e-02 -1.04068974e-02 6.95724506e-03 -4.79375944e-03 -1.41804153e-02 -2.15874724e-02 7.81251024e-03 1.58598032e-02 4.44468716e-03
6.91623427e-03 3.08753885e-02 1.64077636e-02 -2.01740023e-02 4.61300457e-04 8.53721052e-03 -3.69049609e-02 9.49804857e-02 -1.30375102e-02 8.68852250e-03 -5.99850109e-03 -1.77804921e-02 -2.70704702e-02 9.79868788e-03 1.98917501e-02 5.57519030e-03
9.57408629e-05 -6.55602571e-03 -3.55650065e-03 4.38373862e-03 -1.00039062e-04 -1.87699788e-03 8.07480048e-03 -2.07928233e-02 2.85696122e-03 -1.90578878e-03 1.31484726e-03 3.89503432e-03 5.92973176e-03 -2.14625988e-03 -4.35700361e-03 -1.22112397e-03
-7.45753385e-03 -3.43581885e-02 -1.82848666e-02 2.13199947e-02 -4.13869042e-04 -9.10556968e-03 3.89891677e-02 -1.00018039e-01 1.37152458e-02 -9.12734494e-03 6.29594456e-03 1.86450593e-02 2.83823088e-02 -1.02718323e-02 -2.08524503e-02 -5.84383169e-03
2.05788948e-03 -4.99146879e-02 -2.76439134e-02 3.45086418e-02 -8.83901317e-04 -1.47727383e-02 6.38394877e-02 -1.64634854e-01 2.26223376e-02 -1.50574334e-02 1.03980331e-02 3.08521707e-02 4.69792709e-02 -1.70069207e-02 -3.45246233e-02 -9.67716519e-03
-2.90762400e-03 4.93967757e-02 2.64161751e-02 -3.34270075e-02 8.68713541e-04 1.43508408e-02 -6.20632619e-02 1.60101578e-01 -2.19986327e-02 1.46564618e-02 -1.01193814e-02 -3.00296303e-02 -4.57264669e-02 1.65538732e-02 3.36048789e-02 9.41945147e-03
-1.37793215e-03 2.89620692e-03 1.64753641e-03 -2.26755836e-03 6.36719415e-05 9.78696160e-04 -4.25392017e-03 1.10102734e-02 -1.51444133e-03 1.00867974e-03 -6.96782256e-04 -2.06840411e-03 -3.14983120e-03 1.14032452e-03 2.31489819e-03 6.48872228e-04
8.34753923e-03 2.76981313e-02 1.44919157e-02 -1.73225384e-02 3.13365541e-04 7.33019784e-03 -3.13998759e-02 8.05120617e-02 -1.10204183e-02 7.36081228e-03 -5.06973267e-03 -1.49596157e-02 -2.27668323e-02 8.23602919e-03 1.67200025e-02 4.68378048e-03
-2.97771720e-03 -2.06161253e-02 -1.08345849e-02 1.35055268e-02 -3.19411687e-04 -5.74402977e-03 2.48114839e-02 -6.38304874e-02 8.75963271e-03 -5.83820092e-03 4.02921066e-03 1.19478665e-02 1.81924794e-02 -6.58560032e-03 -1.33689716e-02 -3.74722155e-03
7.72173237e-03 4.92958874e-02 2.59729531e-02 -3.36055011e-02 8.47626710e-04 1.44686764e-02 -6.22787438e-02 1.60971761e-01 -2.21107192e-02 1.47358384e-02 -1.01749543e-02 -3.01914588e-02 -4.59741279e-02 1.66435540e-02 3.37869525e-02 9.47049633e-03
-4.12242301e-03 -7.99757428e-03 -4.26404458e-03 4.70915902e-03 -7.77496753e-05 -1.99958216e-03 8.51330627e-03 -2.17418130e-02 2.95677478e-03 -1.97720807e-03 1.36267894e-03 4.01988672e-03 6.11670781e-03 -2.21301219e-03 -4.49261023e-03 -1.25881727e-03
-6.71990030e-03 -4.39308919e-02 -2.24129781e-02 2.73341984e-02 -5.84294321e-04 -1.15124043e-02 4.94708866e-02 -1.26921937e-01 1.74070243e-02 -1.16092181e-02 8.01269803e-03 2.37367153e-02 3.61374244e-02 -1.30800158e-02 -2.65529528e-02 -7.44192954e-03
-7.19449110e-03 -1.23870494e-02 -6.21920312e-03 7.04486668e-03 -1.07942302e-04 -2.94596050e-03 1.26120504e-02 -3.19450982e-02 4.36000898e-03 -2.92767747e-03 2.01273733e-03 5.91812702e-03 9.00201406e-03 -3.25539778e-03 -6.60897652e-03 -1.85077812e-03
-4.65373229e-03 -6.97729690e-03 -4.17413050e-03 5.83846308e-03 -1.66319471e-04 -2.53089308e-03 1.10243997e-02 -2.85410695e-02 3.92356003e-03 -2.61156377e-03 1.80442422e-03 5.36011904e-03 8.16353317e-03 -2.95551075e-03 -5.99981612e-03 -1.68184156e-03
4.79531707e-04 5.91741595e-03 3.37828416e-03 -4.61217621e-03 1.25746228e-04 1.98652502e-03 -8.61752592e-03 2.22892817e-02 -3.06327501e-03 2.04054755e-03 -1.40936044e-03 -4.18302370e-03 -6.36992557e-03 2.30605365e-03 4.68136696e-03 1.31219241e-03
6.68084435e-03 1.43591035e-02 6.84348354e-03 -6.70814374e-03 8.65403781e-05 2.78299302e-03 -1.18750967e-02 3.02994307e-02 -4.11899667e-03 2.74924445e-03 -1.89412176e-03 -5.60561009e-03 -8.53235647e-03 3.08767473e-03 6.26808871e-03 1.75667217e-03
-1.26997111e-02 -2.56161690e-02 -1.42022865e-02 1.63166989e-02 -2.55731342e-04 -6.89136656e-03 2.90535018e-02 -7.41545856e-02 1.01759043e-02 -6.82687247e-03 4.70935553e-03 1.38121098e-02 2.10152715e-02 -7.59967417e-03 -1.54297370e-02 -4.32126503e-03
1.09448843e-03 4.47742082e-03 2.60015321e-03 -3.74967512e-03 9.73931892e-05 1.64071796e-03 -7.03031383e-03 1.81327034e-02 -2.49140756e-03 1.66408927e-03 -1.14852015e-03 -3.39710177e-03 -5.17183403e-03 1.87175511e-03 3.79980914e-03 1.06487691e-03
1.12670742e-03 1.74742541e-04 -1.73875014e-05 2.55645748e-04 -1.46781322e-05 -1.23016973e-04 5.55751438e-04 -1.48741039e-03 2.06625686e-04 -1.37629671e-04 9.44308340e-05 2.83783564e-04 4.33398876e-04 -1.57049726e-04 -3.18825099e-04 -8.94064797e-05
5.55627607e-03 2.27787495e-02 1.23996735e-02 -1.44658424e-02 2.41923583e-04 6.07223297e-03 -2.58102044e-02 6.62960634e-02 -9.06703062e-03 6.07990520e-03 -4.18324815e-03 -1.23169785e-02 -1.87384803e-02 6.77761436e-03 1.37598608e-02 3.85408942e-03
5.83089143e-03 3.04755978e-02 1.56877413e-02 -1.87540036e-02 3.89310007e-04 7.99303316e-03 -3.43079045e-02 8.83093253e-02 -1.20517025e-02 8.05604458e-03 -5.53340511e-03 -1.63692348e-02 -2.49192547e-02 9.01718065e-03 1.83062330e-02 5.12774615e-03
5.62505005e-03 6.33263141e-02 3.41553465e-02 -4.28936854e-02 1.12484279e-03 1.85023546e-02 -7.97593296e-02 2.06175148e-01 -2.83082407e-02 1.88609902e-02 -1.30263455e-02 -3.86493541e-02 -5.88533580e-02 2.13059522e-02 4.32517678e-02 1.21235065e-02
-9.81469173e-03 -8.96352828e-02 -4.71209474e-02 6.04145378e-02 -1.33601052e-03 -2.53094453e-02 1.08725823e-01 -2.80469924e-01 3.84504572e-02 -2.56213266e-02 1.76760238e-02 5.24312705e-02 7.98332617e-02 -2.88978871e-02 -5.86637035e-02 -1.64425801e-02
1.13811875e-02 6.11779355e-02 3.22408639e-02 -3.83363850e-02 8.68877629e-04 1.63292848e-02 -7.10144490e-02 1.82373568e-01 -2.50175986e-02 1.66594237e-02 -1.15173906e-02 -3.41171026e-02 -5.19476980e-02 1.88052673e-02 3.81752253e-02 1.07003618e-02
-3.21349921e-03 -4.71133320e-03 -1.90232205e-03 1.67519599e-03 3.90857531e-06 -7.41363270e-04 3.13885836e-03 -7.62983598e-03 1.03235454e-03 -6.86119136e-04 4.75123961e-04 1.39880250e-03 2.12990632e-03 -7.70987535e-04 -1.56511692e-03 -4.38695599e-04
3.80284176e-03 2.03117412e-02 1.02007166e-02 -1.23926178e-02 2.57672771e-04 5.31334244e-03 -2.26510391e-02 5.81020005e-02 -7.96279218e-03 5.32369502e-03 -3.66636808e-03 -1.08461389e-02 -1.65111050e-02 5.97514631e-03 1.21298879e-02 3.39925755e-03
-9.47742630e-03 -2.15271022e-02 -1.14286672e-02 1.48055386e-02 -3.79327481e-04 -6.31833868e-03 2.73089390e-02 -7.06617907e-02 9.68969706e-03 -6.45503588e-03 4.45749471e-03 1.32257696e-02 2.01396719e-02 -7.29082478e-03 -1.48006184e-02 -4.14859876e-03
-6.92432839e-03 -2.49188133e-02 -1.23570394e-02 1.41425095e-02 -2.93303805e-04 -5.88523038e-03 2.51280759e-02 -6.45166785e-02 8.77634529e-03 -5.86777832e-03 4.03535180e-03 1.19666094e-02 1.82220601e-02 -6.59588585e-03 -1.33897262e-02 -3.75293242e-03
4.16127685e-03 1.12149268e-02 5.95415384e-03 -6.66965963e-03 1.24521626e-04 2.81643192e-03 -1.21081723e-02 3.11297700e-02 -4.27383510e-03 2.84808874e-03 -1.96620775e-03 -5.82729653e-03 -8.87252670e-03 3.21170501e-03 6.51985640e-03 1.82744686e-03
2.22845422e-03 2.07492560e-02 1.10368067e-02 -1.42520498e-02 3.56220407e-04 6.06857147e-03 -2.62544379e-02 6.77083060e-02 -9.30462405e-03 6.19814266e-03 -4.27917344e-03 -1.26982732e-02 -1.93365999e-02 7.00014690e-03 1.42105315e-02 3.98320332e-03
2.83209141e-03 9.65689775e-03 5.28149819e-03 -6.37916522e-03 1.24427257e-04 2.70674936e-03 -1.15849068e-02 2.97871269e-02 -4.08065412e-03 2.72430060e-03 -1.87911675e-03 -5.55794919e-03 -8.46072286e-03 3.06186522e-03 6.21577259e-03 1.74192374e-03
-1.38221309e-02 -3.55330631e-02 -1.86428074e-02 2.27426495e-02 -4.04072460e-04 -9.55753308e-03 4.13320214e-02 -1.05681121e-01 1.44529119e-02 -9.64452233e-03 6.64177677e-03 1.96716450e-02 2.99430285e-02 -1.08368387e-02 -2.19996404e-02 -6.16508536e-03
1.50623359e-03 -1.68340113e-02 -8.38053692e-03 9.88740847e-03 -1.70070009e-04 -4.22598561e-03 1.77856628e-02 -4.55811992e-02 6.23518741e-03 -4.16756328e-03 2.87282281e-03 8.49570148e-03 1.29330158e-02 -4.68100002e-03 -9.50259622e-03 -2.66327593e-03
-9.66422446e-03 -4.01498117e-02 -2.17741579e-02 2.62486711e-02 -6.12141157e-04 -1.10729067e-02 4.77411225e-02 -1.23274870e-01 1.69169288e-02 -1.12700034e-02 7.78027764e-03 2.30803452e-02 3.51457223e-02 -1.27230622e-02 -2.58282255e-02 -7.23960157e-03
1.14276819e-02 4.08380367e-02 2.07627546e-02 -2.45619453e-02 4.60863870e-04 1.04279425e-02 -4.44003008e-02 1.14640638e-01 -1.56452339e-02 1.04239983e-02 -7.17171561e-03 -2.12033074e-02 -3.22581977e-02 1.16700167e-02 2.36862916e-02 6.63290313e-03
-6.94547221e-03 -3.02031823e-02 -1.62943266e-02 1.96634438e-02 -4.05899540e-04 -8.49571452e-03 3.61630097e-02 -9.29840580e-02 1.27145965e-02 -8.48942250e-03 5.85336052e-03 1.73064657e-02 2.63478141e-02 -9.53600649e-03 -1.93586163e-02 -5.42520313e-03
-2.58001909e-02 -6.12705871e-02 -3.01773883e-02 3.54355685e-02 -5.56357438e-04 -1.52610419e-02 6.45077750e-02 -1.63974181e-01 2.23934930e-02 -1.51567906e-02 1.03267618e-02 3.04192826e-02 4.62972261e-02 -1.67487469e-02 -3.40067148e-02 -9.52479895e-03
-1.91185088e-03 -2.66769826e-02 -1.44218635e-02 1.93513203e-02 -4.99874062e-04 -8.28902144e-03 3.58120799e-02 -9.25718844e-02 1.27161732e-02 -8.47406127e-03 5.85017959e-03 1.73613019e-02 2.64373384e-02 -9.57080256e-03 -1.94290485e-02 -5.44595486e-03
2.36892141e-03 1.60428360e-02 8.13115854e-03 -1.05976937e-02 2.38331078e-04 4.41933423e-03 -1.88037306e-02 4.84670028e-02 -6.65752869e-03 4.44016140e-03 -3.06257699e-03 -9.08327755e-03 -1.38309151e-02 5.00684092e-03 1.01640467e-02 2.84892530e-03
-7.32873846e-03 -4.81842160e-02 -2.55956631e-02 3.16149741e-02 -8.12067010e-04 -1.35848830e-02 5.88846058e-02 -1.52067512e-01 2.08809227e-02 -1.39119439e-02 9.60619748e-03 2.85101477e-02 4.34151180e-02 -1.57171320e-02 -3.19063589e-02 -8.94337520e-03
-7.55863823e-03 -6.28762171e-02 -3.27827334e-02 4.20216024e-02 -1.09778484e-03 -1.80723779e-02 7.83500522e-02 -2.02307090e-01 2.77948547e-02 -1.85140911e-02 1.27860783e-02 3.79472710e-02 5.77861257e-02 -2.09197868e-02 -4.24678810e-02 -1.19037861e-02
-5.35528082e-03 -1.96488798e-02 -1.04545858e-02 1.18366517e-02 -1.73121676e-04 -5.03664371e-03 2.10779756e-02 -5.36297448e-02 7.36112613e-03 -4.94143134e-03 3.40066431e-03 9.97374486e-03 1.51718510e-02 -5.48547367e-03 -1.11374212e-02 -3.11863702e-03
4.48858133e-03 1.44657679e-02 7.71482289e-03 -9.21707042e-03 2.02524621e-04 3.92471673e-03 -1.67265031e-02 4.29821759e-02 -5.88826044e-03 3.92716890e-03 -2.71067489e-03 -8.01457372e-03 -1.22009870e-02 4.41569509e-03 8.96407664e-03 2.51222332e-03
2.03832053e-03 1.09460726e-02 5.81645034e-03 -6.88546337e-03 1.36753399e-04 2.91349320e-03 -1.24685466e-02 3.20690535e-02 -4.39306209e-03 2.93318625e-03 -2.02346337e-03 -5.98524790e-03 -9.11142305e-03 3.29763815e-03 6.69434248e-03 1.87616632e-03
5.57187537e-04 7.74396909e-03 4.05677408e-03 -5.42034581e-03 1.26945932e-04 2.29141186e-03 -9.88405477e-03 2.54960116e-02 -3.49779474e-03 2.33147969e-03 -1.60911400e-03 -4.77213133e-03 -7.26615544e-03 2.63038115e-03 5.33975335e-03 1.49668939e-03
9.27298050e-03 1.85623858e-02 9.78648104e-03 -1.08245285e-02 1.64819619e-04 4.66662180e-03 -1.93108879e-02 4.97565605e-02 -6.74509862e-03 4.53116652e-03 -3.13011906e-03 -9.15163010e-03 -1.39175178e-02 5.03322203e-03 1.02187777e-02 2.86171841e-03
2.56588054e-03 7.45937182e-03 3.80987441e-03 -4.59638890e-03 8.75609912e-05 1.90410973e-03 -8.13887082e-03 2.08948087e-02 -2.86052004e-03 1.91224529e-03 -1.31743192e-03 -3.89433559e-03 -5.92746539e-03 2.14500958e-03 4.35446715e-03 1.22028124e-03
-2.84796325e-03 -1.24686090e-02 -6.46443944e-03 8.02243315e-03 -1.65330479e-04 -3.38080782e-03 1.46206450e-02 -3.75897773e-02 5.15524019e-03 -3.43842176e-03 2.37198174e-03 7.02556456e-03 1.06960321e-02 -3.87147022e-03 -7.85925239e-03 -2.20272411e-03
-7.59523921e-03 -2.26142686e-02 -1.16089415e-02 1.26838181e-02 -2.64629663e-04 -5.41482540e-03 2.33022422e-02 -5.97816929e-02 8.19463748e-03 -5.45492582e-03 3.77169624e-03 1.11649018e-02 1.69995297e-02 -6.15368644e-03 -1.24921585e-02 -3.50146834e-03
4.65094298e-03 1.43044079e-02 7.97109865e-03 -9.57488175e-03 2.38986628e-04 4.12070611e-03 -1.77737772e-02 4.58491556e-02 -6.29732013e-03 4.19585966e-03 -2.89745163e-03 -8.59685708e-03 -1.30907716e-02 4.73908475e-03 9.62049328e-03 2.69662659e-03
1.18050445e-03 1.42373554e-02 7.86215998e-03 -9.45511274e-03 2.05262200e-04 4.03748266e-03 -1.73302907e-02 4.45357189e-02 -6.10818714e-03 4.07585409e-03 -2.81158136e-03 -8.32313113e-03 -1.26712145e-02 4.58620582e-03 9.31022223e-03 2.60932464e-03
9.45268292e-03 5.35720922e-02 2.80504283e-02 -3.20105776e-02 6.55622338e-04 1.39734186e-02 -5.92947453e-02 1.51924402e-01 -2.08222922e-02 1.38985515e-02 -9.60490201e-03 -2.83412281e-02 -4.31425907e-02 1.56135969e-02 3.16954702e-02 8.88334122e-03
7.20170839e-03 4.75072637e-02 2.49306131e-02 -2.92819478e-02 6.16964302e-04 1.26097547e-02 -5.37812114e-02 1.38094574e-01 -1.89181007e-02 1.26256812e-02 -8.70823953e-03 -2.57615559e-02 -3.92117873e-02 1.41893709e-02 2.88052149e-02 8.07201304e-03
-1.96086764e-02 -1.19599104e-01 -6.05145767e-02 7.44966939e-02 -1.64958707e-03 -3.14779170e-02 1.36020303e-01 -3.49266171e-01 4.78119068e-02 -3.18846144e-02 2.20114682e-02 6.52131140e-02 9.92920622e-02 -3.59419174e-02 -7.29631856e-02 -2.04507355e-02
2.59041600e-03 1.50058581e-03 9.39457561e-04 -1.26640743e-03 4.01749348e-05 5.40629437e-04 -2.38403096e-03 6.21088035e-03 -8.55493592e-04 5.68313641e-04 -3.93073540e-04 -1.17063220e-03 -1.78321172e-03 6.45757653e-04 1.31089927e-03 3.67508299e-04
-7.97510240e-03 -1.89624839e-02 -1.03017855e-02 1.25353597e-02 -2.42774782e-04 -5.33924298e-03 2.29218658e-02 -5.89474887e-02 8.06163438e-03 -5.37823839e-03 3.71367624e-03 1.09825563e-02 1.67211127e-02 -6.05119206e-03 -1.22843161e-02 -3.44272400e-03
3.00948136e-03 3.94443609e-02 2.14217976e-02 -2.69190818e-02 6.66076841e-04 1.14757856e-02 -4.96436134e-02 1.27983779e-01 -1.75682902e-02 1.17094908e-02 -8.08513258e-03 -2.39797197e-02 -3.65149602e-02 1.32187428e-02 2.68345121e-02 7.52164470e-03
-6.93680206e-03 3.20613533e-02 1.54935969e-02 -1.92476865e-02 4.55240486e-04 8.14367086e-03 -3.47617120e-02 8.94886404e-02 -1.22847874e-02 8.19349382e-03 -5.66067453e-03 -1.67601295e-02 -2.55159363e-02 9.23520233e-03 1.87479444e-02 5.25456853e-03
6.58501347e-04 4.61273221e-03 2.58191442e-03 -3.32918507e-03 7.71754931e-05 1.42688560e-03 -6.13920158e-03 1.58060249e-02 -2.16908287e-03 1.44859892e-03 -9.99441487e-04 -2.95681879e-03 -4.50106710e-03 1.62891333e-03 3.30683286e-03 9.26660141e-04
-6.02296460e-03 5.23169991e-04 1.95413566e-04 -5.35989588e-04 2.19734593e-05 2.39090994e-04 -1.04277534e-03 2.73488881e-03 -3.76919663e-04 2.50112789e-04 -1.73096996e-04 -5.16434724e-04 -7.86968099e-04 2.85061105e-04 5.78663312e-04 1.62271608e-04
-3.51361651e-03 -9.68074426e-03 -5.55753987e-03 5.66968974e-03 -1.09111235e-04 -2.41105258e-03 1.02685904e-02 -2.63066180e-02 3.61010875e-03 -2.41215667e-03 1.66151067e-03 4.91006486e-03 7.47308135e-03 -2.70360755e-03 -5.48878079e-03 -1.53792009e-03
6.09449460e-04 -1.22154467e-02 -6.57930924e-03 8.64448957e-03 -2.16513508e-04 -3.69459181e-03 1.59870982e-02 -4.12939191e-02 5.67471143e-03 -3.78138456e-03 2.61065853e-03 7.74532836e-03 1.17940530e-02 -4.26956546e-03 -8.66735913e-03 -2.42943503e-03
-3.53517123e-02 -5.79281524e-02 -2.76244264e-02 3.34200040e-02 -6.69004105e-04 -1.41358655e-02 6.07215092e-02 -1.55240282e-01 2.12618541e-02 -1.42002720e-02 9.79300309e-03 2.89599057e-02 4.40873690e-02 -1.59571562e-02 -3.23935263e-02 -9.07870382e-03
-3.74383642e-03 -1.81805268e-02 -9.57099069e-03 1.18290018e-02 -2.53963808e-04 -5.06274588e-03 2.18438599e-02 -5.61398268e-02 7.68963248e-03 -5.12396637e-03 3.53775336e-03 1.04919514e-02 1.59762297e-02 -5.78352902e-03 -1.17407469e-02 -3.29090166e-03
-3.87272029e-03 9.20104235e-03 4.86617861e-03 -5.78968134e-03 1.18280441e-04 2.48526409e-03 -1.06486501e-02 2.73015499e-02 -3.75190680e-03 2.50376062e-03 -1.72691862e-03 -5.10324351e-03 -7.76639814e-03 2.81004421e-03 5.70473121e-03 1.59838342e-03
-1.24415644e-02 -1.94013920e-02 -9.95635241e-03 1.18286358e-02 -1.88315345e-04 -5.01100300e-03 2.11594291e-02 -5.43985479e-02 7.45083997e-03 -4.98367148e-03 3.42627219e-03 1.01153199e-02 1.53865982e-02 -5.56495041e-03 -1.12980530e-02 -3.16429534e-03
9.08355042e-03 3.04988790e-02 1.55911315e-02 -1.93514079e-02 4.19583201e-04 8.14904459e-03 -3.47242691e-02 8.94805193e-02 -1.22659365e-02 8.19303095e-03 -5.65274945e-03 -1.67245287e-02 -2.54612304e-02 9.21539497e-03 1.87075771e-02 5.24298986e-03
-6.53606141e-03 -4.59727347e-02 -2.47013066e-02 2.98128109e-02 -6.97660318e-04 -1.27921803e-02 5.52407540e-02 -1.42549917e-01 1.95632372e-02 -1.30347954e-02 9.00109950e-03 2.67001037e-02 4.06574346e-02 -1.47184115e-02 -2.98788287e-02 -8.37498717e-03
3.22888396e-03 1.33671788e-02 7.07706343e-03 -8.25280510e-03 1.67258739e-04 3.51158530e-03 -1.49654876e-02 3.84235308e-02 -5.26622031e-03 3.51761235e-03 -2.42394372e-03 -7.16430740e-03 -1.09043205e-02 3.94573295e-03 8.01007543e-03 2.24458147e-03
4.14140709e-03 7.34506920e-03 3.96528468e-03 -4.69531352e-03 1.01041092e-04 1.97700690e-03 -8.47795699e-03 2.18290277e-02 -2.99874507e-03 1.99963734e-03 -1.37960969e-03 -4.08722879e-03 -6.22261828e-03 2.25233147e-03 4.57231468e-03 1.28150056e-03
-6.42570946e-03 -3.03862020e-02 -1.58774238e-02 2.10134871e-02 -4.96169669e-04 -8.90493765e-03 3.84911783e-02 -9.91957039e-02 1.35992188e-02 -9.06619895e-03 6.25666743e-03 1.85531713e-02 2.82500889e-02 -1.02263102e-02 -2.07597576e-02 -5.81872603e-03
4.53545805e-03 1.36435758e-02 7.13170459e-03 -7.77125126e-03 1.25762046e-04 3.30338720e-03 -1.40271420e-02 3.56691442e-02 -4.87301545e-03 3.25249508e-03 -2.23937980e-03 -6.62421668e-03 -1.00835012e-02 3.64912744e-03 7.40795163e-03 2.07606331e-03
6.59517245e-04 1.37733659e-04 8.94846089e-05 -1.48841049e-04 3.92520633e-06 6.53463067e-05 -2.80479173e-04 7.23487465e-04 -9.94596849e-05 6.62718594e-05 -4.57389142e-05 -1.35679526e-04 -2.06594093e-04 7.47864615e-05 1.51818938e-04 4.25538965e-05
2.98315682e-03 2.04175953e-02 1.09592369e-02 -1.36282314e-02 3.15306941e-04 5.80129866e-03 -2.50447821e-02 6.45747930e-02 -8.85918178e-03 5.90702938e-03 -4.07617586e-03 -1.20866429e-02 -1.84037108e-02 6.66194176e-03 1.35239521e-02 3.79061792e-03
-5.16853819e-04 1.95850413e-02 1.01979710e-02 -1.32064763e-02 3.32689262e-04 5.62893227e-03 -2.43796986e-02 6.28375337e-02 -8.63030739e-03 5.75032551e-03 -3.97063978e-03 -1.17816888e-02 -1.79406758e-02 6.49478845e-03 1.31846406e-02 3.69565468e-03
-4.85750119e-04 1.75848361e-02 9.15509462e-03 -1.18276430e-02 2.95088859e-04 5.05868252e-03 -2.18076240e-02 5.62905669e-02 -7.73355085e-03 5.15404344e-03 -3.55892442e-03 -1.05549181e-02 -1.60722826e-02 5.81827760e-03 1.18112909e-02 3.31066689e-03
-7.18224840e-03 -3.47200669e-02 -1.75468121e-02 2.05250122e-02 -3.85346648e-04 -8.67601112e-03 3.71440202e-02 -9.52884778e-02 1.30301043e-02 -8.71398859e-03 6.02597138e-03 1.77599341e-02 2.70349886e-02 -9.78310872e-03 -1.98606662e-02 -5.56524098e-03
-1.39529619e-03 -3.67283747e-02 -1.87301934e-02 2.28454061e-02 -3.50211340e-04 -9.62009467e-03 4.07727435e-02 -1.04330815e-01 1.42364325e-02 -9.50528774e-03 6.54526707e-03 1.93367656e-02 2.94256657e-02 -1.06471879e-02 -2.16147546e-02 -6.05592784e-03
1.29518388e-02 1.11043956e-02 5.85489068e-03 -6.89843344e-03 1.50595457e-04 2.93658162e-03 -1.25852302e-02 3.23252678e-02 -4.43850877e-03 2.96082650e-03 -2.04570056e-03 -6.04808656e-03 -9.20708384e-03 3.33218649e-03 6.76449481e-03 1.89578463e-03
-3.19491653e-03 6.78501558e-03 3.51404748e-03 -4.48589679e-03 1.07584943e-04 1.92453363e-03 -8.28616135e-03 2.13677902e-02 -2.93468451e-03 1.95670873e-03 -1.35108735e-03 -4.00228100e-03 -6.09338796e-03 2.20563961e-03 4.47753537e-03 1.25494623e-03
-1.33443326e-02 -2.74349861e-02 -1.42631056e-02 1.59686636e-02 -2.84402311e-04 -6.82421355e-03 2.86877099e-02 -7.34415054e-02 1.00785904e-02 -6.72389194e-03 4.63899365e-03 1.37167042e-02 2.08791308e-02 -7.55627360e-03 -1.53397787e-02 -4.29877825e-03
-1.03467377e-02 -4.74467203e-02 -2.46562958e-02 3.00559103e-02 -7.00654404e-04 -1.28143821e-02 5.51197492e-02 -1.41826704e-01 1.94676928e-02 -1.29764127e-02 8.96138139e-03 2.65364144e-02 4.03987281e-02 -1.46223409e-02 -2.96839420e-02 -8.31962191e-03
1.36398496e-02 5.26498556e-02 2.86571421e-02 -3.36598977e-02 7.84747244e-04 1.43791214e-02 -6.21205270e-02 1.60028055e-01 -2.19462719e-02 1.46057317e-02 -1.00858947e-02 -2.99240276e-02 -4.55641523e-02 1.64942220e-02 3.34837437e-02 9.38533247e-03
4.60669771e-03 2.12763660e-02 1.12238787e-02 -1.31306695e-02 3.16559745e-04 5.62017970e-03 -2.42777094e-02 6.25201911e-02 -8.58085696e-03 5.71947778e-03 -3.94890318e-03 -1.17104081e-02 -1.78300180e-02 6.45468477e-03 1.31032178e-02 3.67281260e-03
-2.47504609e-03 -4.68166824e-03 -2.49742297e-03 3.04291444e-03 -6.36759578e-05 -1.28301396e-03 5.51525084e-03 -1.41674811e-02 1.94208266e-03 -1.29634736e-03 8.94251862e-04 2.64656777e-03 4.02897410e-03 -1.45818538e-03 -2.96018319e-03 -8.29615223e-04
3.22513096e-03 1.82503294e-02 1.01115508e-02 -1.23570990e-02 2.48654629e-04 5.27371233e-03 -2.23558918e-02 5.75398467e-02 -7.86337070e-03 5.26280329e-03 -3.61803244e-03 -1.06845256e-02 -1.62624978e-02 5.88335795e-03 1.19455783e-02 3.34577844e-03
-4.08706143e-02 -1.14118531e-02 -7.08616525e-03 6.01891102e-03 4.45589249e-05 -2.16799928e-03 9.24209692e-03 -2.24291794e-02 3.07838619e-03 -2.09294423e-03 1.45033491e-03 4.14624438e-03 6.25318987e-03 -2.25875503e-03 -4.58814483e-03 -1.27923116e-03
-5.15855709e-03 -2.79336199e-02 -1.33961709e-02 1.71453711e-02 -3.80097015e-04 -7.19239702e-03 3.09813749e-02 -7.99231008e-02 1.09729962e-02 -7.31092365e-03 5.04527614e-03 1.49578517e-02 2.27734577e-02 -8.24333075e-03 -1.67342164e-02 -4.69029602e-03
1.09581952e-03 -1.02510639e-02 -5.13267145e-03 6.49178447e-03 -1.28880551e-04 -2.79716332e-03 1.19196894e-02 -3.07709593e-02 4.17878013e-03 -2.79650767e-03 1.92727160e-03 5.69530157e-03 8.66936333e-03 -3.13718012e-03 -6.36866037e-03 -1.78469880e-03
9.75008472e-04 1.06080398e-02 5.76570770e-03 -7.22480705e-03 1.77553200e-04 3.09084752e-03 -1.33124031e-02 3.43212299e-02 -4.71400563e-03 3.14123882e-03 -2.16925680e-03 -6.43205550e-03 -9.79393348e-03 3.54543258e-03 7.19733955e-03 2.01737857e-03
-9.39983223e-03 -6.09052442e-02 -3.28002386e-02 3.97717170e-02 -9.43350897e-04 -1.68339424e-02 7.25987032e-02 -1.87301666e-01 2.57036369e-02 -1.71287768e-02 1.18292123e-02 3.50461677e-02 5.33580817e-02 -1.93142612e-02 -3.92086282e-02 -1.09894490e-02
7.51132006e-03 2.55300030e-02 1.40248258e-02 -1.49995647e-02 2.32873645e-04 6.38029724e-03 -2.68949121e-02 6.84162602e-02 -9.36494023e-03 6.27706386e-03 -4.33271006e-03 -1.26907835e-02 -1.92946121e-02 6.97276602e-03 1.41569842e-02 3.96314776e-03
-2.50672828e-03 -1.62259433e-02 -8.44492111e-03 1.04616759e-02 -2.52719095e-04 -4.45106719e-03 1.92001164e-02 -4.94990163e-02 6.78826636e-03 -4.52400232e-03 3.12382542e-03 9.26125981e-03 1.41017269e-02 -5.10479882e-03 -1.03628989e-02 -2.90465564e-03
1.64331845e-03 1.63087510e-02 8.76120664e-03 -1.12235844e-02 2.83159985e-04 4.81307972e-03 -2.07792148e-02 5.36595769e-02 -7.37293670e-03 4.91167232e-03 -3.39157064e-03 -1.00637376e-02 -1.53249400e-02 5.54788765e-03 1.12623945e-02 3.15684755e-03
3.63977649e-03 1.19716879e-02 5.99290663e-03 -7.39286933e-03 1.80724834e-04 3.17877205e-03 -1.35938758e-02 3.50794755e-02 -4.82133962e-03 3.21332342e-03 -2.21868884e-03 -6.58176979e-03 -1.00224167e-02 3.62828560e-03 7.36553874e-03 2.06456170e-03
-5.52343717e-03 -3.37467566e-02 -1.76646262e-02 2.10682508e-02 -4.15964227e-04 -8.98539647e-03 3.79640199e-02 -9.78313684e-02 1.34293400e-02 -8.96856654e-03 6.17685076e-03 1.82946958e-02 2.78530456e-02 -1.00816349e-02 -2.04661246e-02 -5.73595287e-03
-9.22189374e-03 -5.64216860e-02 -3.03183775e-02 3.95561270e-02 -9.21843632e-04 -1.62053183e-02 7.00662360e-02 -1.80915639e-01 2.48299949e-02 -1.65396351e-02 1.14171300e-02 3.38706635e-02 5.15735559e-02 -1.86699424e-02 -3.79005782e-02 -1.06233796e-02
2.01674062e-03 -2.16297880e-02 -1.10983523e-02 1.39519116e-02 -3.17427504e-04 -5.89384092e-03 2.55772918e-02 -6.55747354e-02 9.00710654e-03 -5.99408010e-03 4.13858006e-03 1.22746211e-02 1.86911393e-02 -6.76614000e-03 -1.37354955e-02 -3.84998997e-03
-5.80128981e-03 -1.50390388e-02 -7.42398202e-03 8.95975903e-03 -1.76371046e-04 -3.62809421e-03 1.56757813e-02 -4.03384045e-02 5.54173952e-03 -3.69229564e-03 2.54982547e-03 7.55996583e-03 1.15113873e-02 -4.16708365e-03 -8.45929328e-03 -2.37109023e-03
-2.29430269e-03 -2.79054195e-02 -1.44151440e-02 1.82160866e-02 -4.10615205e-04 -7.75078451e-03 3.32903080e-02 -8.57951790e-02 1.17433714e-02 -7.84314517e-03 5.40652266e-03 1.60243362e-02 2.43999921e-02 -8.83251615e-03 -1.79302599e-02 -5.02570393e-03
2.30806321e-03 2.32988968e-02 1.24453390e-02 -1.45745724e-02 3.32824100e-04 6.22810237e-03 -2.66911313e-02 6.86027631e-02 -9.40727722e-03 6.27211761e-03 -4.32801340e-03 -1.28278127e-02 -1.95314586e-02 7.07001192e-03 1.43523570e-02 4.02278733e-03
-7.75950542e-03 -3.34616788e-02 -1.77596249e-02 2.03867517e-02 -3.74722295e-04 -8.54968186e-03 3.66006196e-02 -9.39254612e-02 1.29013192e-02 -8.61346535e-03 5.93742775e-03 1.75603703e-02 2.67305989e-02 -9.67371650e-03 -1.96382273e-02 -5.50339464e-03
-2.82832747e-03 -3.45866196e-02 -1.77588016e-02 2.20074803e-02 -5.42283349e-04 -9.45815258e-03 4.07398120e-02 -1.05300672e-01 1.44381598e-02 -9.61968582e-03 6.64321426e-03 1.97087023e-02 3.00114639e-02 -1.08646201e-02 -2.20555253e-02 -6.18214160e-03
-1.54420282e-04 -6.71015447e-03 -3.90991941e-03 5.41235134e-03 -1.56696929e-04 -2.34845513e-03 1.02350945e-02 -2.65187640e-02 3.64644290e-03 -2.42749276e-03 1.67809473e-03 4.98205610e-03 7.58706918e-03 -2.74679228e-03 -5.57607785e-03 -1.56301772e-03
5.92791894e-03 2.08629239e-02 9.81951877e-03 -1.19399000e-02 2.55103718e-04 4.99376003e-03 -2.14320421e-02 5.47737107e-02 -7.52068730e-03 5.01701050e-03 -3.46178073e-03 -1.02450643e-02 -1.55971507e-02 5.64559083e-03 1.14607364e-02 3.21218814e-03
5.72813349e-03 3.90640236e-02 2.05724780e-02 -2.59585623e-02 6.45462249e-04 1.10790199e-02 -4.78054397e-02 1.23440750e-01 -1.69530418e-02 1.12952860e-02 -7.79903028e-03 -2.31446549e-02 -3.52440923e-02 1.27589935e-02 2.59011742e-02 7.26010744e-03
-1.01651903e-02 -5.85756563e-02 -3.12000364e-02 3.88996154e-02 -8.25933705e-04 -1.67307835e-02 7.15179518e-02 -1.84162602e-01 2.52292734e-02 -1.68229807e-02 1.16116228e-02 3.44133377e-02 5.24003170e-02 -1.89684331e-02 -3.85065563e-02 -1.07929865e-02
1.60062744e-03 9.57463589e-03 5.04835462e-03 -5.98519016e-03 8.94317054e-05 2.54738471e-03 -1.08497310e-02 2.78153718e-02 -3.79500259e-03 2.54730764e-03 -1.74646545e-03 -5.14693651e-03 -7.83064775e-03 2.83018826e-03 5.74592734e-03 1.60867220e-03
-7.12494412e-03 -4.67543155e-02 -2.37445943e-02 2.91193966e-02 -5.86265465e-04 -1.22802826e-02 5.23649901e-02 -1.34744599e-01 1.84143726e-02 -1.22902971e-02 8.48114584e-03 2.51039490e-02 3.82175222e-02 -1.38330227e-02 -2.80815121e-02 -7.87057728e-03
-7.47712934e-03 -8.93113948e-03 -4.89524473e-03 5.32979937e-03 -7.99629415e-05 -2.16815807e-03 9.31552425e-03 -2.37954203e-02 3.25592328e-03 -2.17524194e-03 1.50063389e-03 4.41969512e-03 6.72535226e-03 -2.43299501e-03 -4.93925251e-03 -1.38383522e-03
-4.50723525e-03 -1.53305288e-02 -7.82264024e-03 9.36132669e-03 -1.87006488e-04 -3.94750945e-03 1.68495551e-02 -4.33123000e-02 5.94427390e-03 -3.96568980e-03 2.73575098e-03 8.09800904e-03 1.23282038e-02 -4.46213083e-03 -9.05829761e-03 -2.53877440e-03
2.71774130e-03 3.55214700e-02 1.91129036e-02 -2.40736958e-02 6.00300205e-04 1.02370214e-02 -4.42015976e-02 1.14221647e-01 -1.56782977e-02 1.04467766e-02 -7.21268589e-03 -2.13981066e-02 -3.25839855e-02 1.17957685e-02 2.39457861e-02 6.71195798e-03
-2.10467703e-03 -5.03278431e-03 -2.76755053e-03 3.45572876e-03 -7.04134145e-05 -1.46599626e-03 6.25069719e-03 -1.60420984e-02 2.19819159e-03 -1.47037290e-03 1.01295148e-03 2.99436133e-03 4.55785077e-03 -1.64932990e-03 -3.34826298e-03 -9.38231766e-04
-1.33301038e-02 -3.74854505e-02 -1.97677854e-02 2.27712225e-02 -4.56730777e-04 -9.54963267e-03 4.07144651e-02 -1.04737483e-01 1.43592590e-02 -9.59401298e-03 6.61425060e-03 1.95383839e-02 2.97373105e-02 -1.07613234e-02 -2.18461398e-02 -6.12190180e-03
5.89965284e-03 1.79503467e-02 9.17629339e-03 -1.08928280e-02 2.30597856e-04 4.69248695e-03 -2.00465508e-02 5.16870208e-02 -7.07709789e-03 4.71945945e-03 -3.25715961e-03 -9.65232681e-03 -1.46965766e-02 5.31996321e-03 1.07996929e-02 3.02704610e-03
2.35077506e-03 7.76681677e-03 4.05411981e-03 -3.65441479e-03 2.53466351e-05 1.45842764e-03 -6.22190675e-03 1.58487968e-02 -2.17171269e-03 1.44597550e-03 -9.97859868e-04 -2.95344950e-03 -4.49604029e-03 1.62729248e-03 3.30345542e-03 9.25887900e-04
-4.88660205e-03 1.31854881e-02 6.99287606e-03 -9.20089986e-03 2.33022700e-04 3.93155310e-03 -1.70459189e-02 4.39774953e-02 -6.03761105e-03 4.02091397e-03 -2.77675246e-03 -8.23879614e-03 -1.25453398e-02 4.54154052e-03 9.21946857e-03 2.58419383e-03
-8.07949249e-03 -2.08907910e-02 -9.82949603e-03 1.23729082e-02 -1.94853899e-04 -5.16693247e-03 2.19054054e-02 -5.62156439e-02 7.68164732e-03 -5.14497561e-03 3.53902928e-03 1.04691908e-02 1.59356687e-02 -5.76770818e-03 -1.17087066e-02 -3.28149227e-03
