-1.40249971e-02 7.21087828e-02 2.73750667e-02 3.25171999e-03 -1.65900495e-02 2.76586693e-02 -2.22035404e-02 6.12979531e-02 -1.51455011e-02 1.58748645e-02 -2.95493640e-02 -1.80130117e-02 -2.25427877e-02 -1.76176394e-03 -3.88734532e-03 -1.13806725e-02
-1.13393553e-02 5.95644154e-02 2.13997327e-02 2.52948864e-03 -1.29752364e-02 2.15560663e-02 -1.73303448e-02 4.79255952e-02 -1.18288798e-02 1.24152461e-02 -2.31004395e-02 -1.40818367e-02 -1.76245067e-02 -1.37740595e-03 -3.03926668e-03 -8.89782608e-03
-3.25675675e-04 -1.89241464e-03 -1.35767669e-03 -1.82774296e-04 1.10148930e-03 -1.86968362e-03 1.51504762e-03 -4.27305931e-03 1.05805101e-03 -1.12026685e-03 2.08593789e-03 1.27302285e-03 1.59321225e-03 1.24595768e-04 2.75048194e-04 8.05394899e-04
1.29544502e-02 -6.16726875e-02 -2.31120475e-02 -2.70996662e-03 1.36366347e-02 -2.27373485e-02 1.81785971e-02 -5.02939634e-02 1.23795923e-02 -1.30135166e-02 2.42216028e-02 1.47642624e-02 1.84785351e-02 1.44421216e-03 3.18679377e-03 9.32991505e-03
1.05809886e-03 -1.42889395e-02 -6.48802891e-03 -8.40296212e-04 4.56792442e-03 -7.67894043e-03 6.22992916e-03 -1.73850115e-02 4.29764343e-03 -4.52901376e-03 8.43414664e-03 5.14400285e-03 6.43780129e-03 5.03281015e-04 1.11079251e-03 3.25235538e-03
-4.86816932e-03 2.91871876e-02 1.11657111e-02 1.36724126e-03 -6.96018431e-03 1.17102172e-02 -9.34014935e-03 2.58594397e-02 -6.36998238e-03 6.68785116e-03 -1.24467155e-02 -7.58792693e-03 -9.49698035e-03 -7.42181961e-04 -1.63756486e-03 -4.79409704e-03
1.66881997e-02 -8.99124071e-02 -3.29702199e-02 -3.78722232e-03 1.92364547e-02 -3.20996866e-02 2.51865629e-02 -6.95078224e-02 1.71712209e-02 -1.80023983e-02 3.34949493e-02 2.04060096e-02 2.55381744e-02 1.99566060e-03 4.40284237e-03 1.28885107e-02
8.34491849e-03 -4.57499921e-02 -1.67403687e-02 -2.02379352e-03 9.99337714e-03 -1.66351851e-02 1.32559091e-02 -3.65022793e-02 9.01603233e-03 -9.44791455e-03 1.75812151e-02 1.07128145e-02 1.34084523e-02 1.04758097e-03 2.31094239e-03 6.76471042e-03
-2.04123594e-02 1.10314980e-01 3.83053720e-02 4.44155186e-03 -2.22871993e-02 3.76507938e-02 -2.99336519e-02 8.29215199e-02 -2.05018800e-02 2.15074811e-02 -4.00394015e-02 -2.43938062e-02 -3.05313822e-02 -2.38581724e-03 -5.26376767e-03 -1.54098179e-02
-1.68099776e-02 8.67265910e-02 3.24085578e-02 3.62923392e-03 -1.88836399e-02 3.12266201e-02 -2.50902474e-02 6.93807900e-02 -1.68605018e-02 1.76683702e-02 -3.28902975e-02 -2.00473871e-02 -2.50913706e-02 -1.96040957e-03 -4.32497775e-03 -1.26607874e-02
-1.30904680e-02 7.09948018e-02 2.54754052e-02 3.08793667e-03 -1.57839935e-02 2.62179747e-02 -2.09520217e-02 5.81328236e-02 -1.43000009e-02 1.50353089e-02 -2.79813409e-02 -1.70584973e-02 -2.13500224e-02 -1.66863285e-03 -3.68203968e-03 -1.07798828e-02
-1.27332769e-02 6.27585948e-02 2.34081913e-02 2.78138323e-03 -1.42152607e-02 2.36126389e-02 -1.89788751e-02 5.25593534e-02 -1.29551273e-02 1.36122173e-02 -2.53385622e-02 -1.54492604e-02 -1.93348676e-02 -1.51114352e-03 -3.33444332e-03 -9.76209901e-03
8.47123004e-03 -4.20073271e-02 -1.56837273e-02 -1.79990090e-03 9.31794383e-03 -1.54684456e-02 1.23579009e-02 -3.42231169e-02 8.44744779e-03 -8.87181517e-03 1.65120289e-02 1.00663211e-02 1.25978952e-02 9.84557671e-04 2.17243144e-03 6.36006799e-03
1.25418352e-02 -6.40117750e-02 -2.31712814e-02 -2.61991075e-03 1.33818705e-02 -2.21200343e-02 1.76574029e-02 -4.86246757e-02 1.19753564e-02 -1.25038223e-02 2.32727826e-02 1.41870212e-02 1.77560430e-02 1.38734980e-03 3.06060212e-03 8.95939488e-03
6.48719668e-02 -2.93323338e-01 -1.10912807e-01 -1.22350026e-02 6.18725978e-02 -1.03989951e-01 8.32673386e-02 -2.30216697e-01 5.68217151e-02 -5.95736057e-02 1.10886879e-01 6.76161572e-02 8.46230015e-02 6.61418866e-03 1.45956995e-02 4.27325368e-02
-2.70229708e-02 1.36862084e-01 5.02579845e-02 5.79086877e-03 -3.01829688e-02 5.07053807e-02 -4.06631343e-02 1.12691872e-01 -2.78017577e-02 2.92467382e-02 -5.44329770e-02 -3.31946760e-02 -4.15417328e-02 -3.24722659e-03 -7.16595538e-03 -2.09804438e-02
-1.04032233e-02 5.46178445e-02 2.03943383e-02 2.57051387e-03 -1.29051115e-02 2.15834640e-02 -1.72651894e-02 4.79397289e-02 -1.17688365e-02 1.23781143e-02 -2.30377745e-02 -1.40475426e-02 -1.75811313e-02 -1.37419568e-03 -3.03250016e-03 -8.87844618e-03
-1.07026426e-02 5.91516942e-02 2.12483089e-02 2.54470622e-03 -1.29754152e-02 2.15212926e-02 -1.72407273e-02 4.77331914e-02 -1.17548369e-02 1.23168742e-02 -2.29232050e-02 -1.39727388e-02 -1.74891129e-02 -1.36670924e-03 -3.01517802e-03 -8.82677361e-03
1.00765824e-02 -4.97781262e-02 -1.78486966e-02 -2.10716412e-03 1.06557664e-02 -1.77502856e-02 1.42535102e-02 -3.93153094e-02 9.67782270e-03 -1.01623656e-02 1.89130791e-02 1.15296524e-02 1.44297741e-02 1.12776342e-03 2.48850835e-03 7.28556141e-03
3.47084887e-02 -1.83462858e-01 -7.09983259e-02 -8.65018647e-03 4.57082242e-02 -7.66486898e-02 6.11311086e-02 -1.70110270e-01 4.19306345e-02 -4.41448316e-02 8.21653306e-02 5.01005165e-02 6.27004802e-02 4.90112370e-03 1.08157126e-02 3.16660888e-02
4.45910497e-03 -2.11641304e-02 -7.96347577e-03 -9.26772307e-04 4.72012768e-03 -7.87516776e-03 6.30547013e-03 -1.74501613e-02 4.28407127e-03 -4.49994719e-03 8.37585237e-03 5.10606449e-03 6.39019208e-03 4.99418296e-04 1.10200676e-03 3.22630699e-03
3.06096151e-02 -1.61671251e-01 -5.88266551e-02 -7.13671558e-03 3.64434682e-02 -6.08693622e-02 4.88099158e-02 -1.35219753e-01 3.33282277e-02 -3.50508355e-02 6.52432367e-02 3.97811309e-02 4.97876592e-02 3.89145967e-03 8.58712755e-03 2.51406636e-02
3.79753485e-03 -2.30937302e-02 -7.88620487e-03 -9.40979749e-04 4.74053202e-03 -7.89492112e-03 6.34668255e-03 -1.74477734e-02 4.29062312e-03 -4.49847104e-03 8.37206934e-03 5.10175945e-03 6.38551591e-03 4.98937676e-04 1.10054540e-03 3.22151766e-03
-2.75853253e-03 2.16658833e-03 -1.72254280e-04 -1.91121289e-05 5.90536627e-04 -9.80142970e-04 8.64782662e-04 -2.47274758e-03 6.12830278e-04 -6.53857773e-04 1.21776795e-03 7.45200959e-04 9.33980162e-04 7.30177053e-05 1.61417134e-04 4.72851854e-04
-8.78075487e-04 8.65690131e-03 3.46862781e-03 4.19919408e-04 -2.35257344e-03 3.95665318e-03 -3.18567129e-03 8.88404995e-03 -2.19312473e-03 2.30966508e-03 -4.29923413e-03 -2.62201345e-03 -3.28161311e-03 -2.56525207e-04 -5.66116243e-04 -1.65748782e-03
1.45506794e-02 -9.22210589e-02 -3.65042463e-02 -4.44606505e-03 2.34452095e-02 -3.92219201e-02 3.15232165e-02 -8.76813009e-02 2.16074549e-02 -2.27387324e-02 4.23240364e-02 2.58102622e-02 3.23029198e-02 2.52497615e-03 5.57209970e-03 1.63139179e-02
3.41052376e-03 -2.17273943e-02 -7.22625107e-03 -7.67029065e-04 3.96948634e-03 -6.57864846e-03 5.19029098e-03 -1.42648714e-02 3.51989293e-03 -3.68298055e-03 6.85850577e-03 4.17477731e-03 5.22577623e-03 4.08211461e-04 9.00451734e-04 2.63568480e-03
-4.57570935e-03 3.05790678e-02 1.10267643e-02 1.31060346e-03 -6.85711857e-03 1.15503855e-02 -9.19192564e-03 2.55445670e-02 -6.30525174e-03 6.63004071e-03 -1.23408120e-02 -7.52318883e-03 -9.41576250e-03 -7.35928654e-04 -1.62395730e-03 -4.75448789e-03
2.14559734e-02 -1.09606132e-01 -3.98131050e-02 -4.66189953e-03 2.33998522e-02 -3.90624143e-02 3.13164778e-02 -8.64284188e-02 2.12684348e-02 -2.23168693e-02 4.15788442e-02 2.53430810e-02 3.17042880e-02 2.47744052e-03 5.46583673e-03 1.60012636e-02
-1.21288765e-02 6.60317391e-02 2.47787181e-02 2.93450430e-03 -1.47917448e-02 2.45374124e-02 -1.95743628e-02 5.43108433e-02 -1.33710485e-02 1.40297636e-02 -2.61098258e-02 -1.59135722e-02 -1.99163966e-02 -1.55635912e-03 -3.43376305e-03 -1.00522442e-02
-1.32281706e-02 7.55141675e-02 2.70716660e-02 3.22396937e-03 -1.66497100e-02 2.78539136e-02 -2.23433562e-02 6.20820485e-02 -1.52598340e-02 1.60138812e-02 -2.97924671e-02 -1.81658417e-02 -2.27379557e-02 -1.77731749e-03 -3.92117165e-03 -1.14790741e-02
-1.02154948e-02 5.09831347e-02 1.89275499e-02 2.13450543e-03 -1.12062879e-02 1.89237017e-02 -1.50591042e-02 4.18844298e-02 -1.03044873e-02 1.08406134e-02 -2.01806463e-02 -1.23030776e-02 -1.53969731e-02 -1.20345247e-03 -2.65574176e-03 -7.77545152e-03
1.84971504e-02 -9.37018842e-02 -3.40022147e-02 -4.25034668e-03 2.11377051e-02 -3.51860225e-02 2.81126555e-02 -7.81135559e-02 1.92290563e-02 -2.02111844e-02 3.76137532e-02 2.29378194e-02 2.87082084e-02 2.24385294e-03 4.95152269e-03 1.44967800e-02
-1.14479866e-02 5.26800230e-02 1.84503850e-02 2.04372662e-03 -1.06819067e-02 1.76093504e-02 -1.42444810e-02 3.93431373e-02 -9.69039928e-03 1.01851281e-02 -1.89649779e-02 -1.15604131e-02 -1.44679071e-02 -1.13089406e-03 -2.49563879e-03 -7.30670383e-03
8.90409108e-03 -4.46233936e-02 -1.64148733e-02 -1.92607334e-03 1.02344928e-02 -1.69806909e-02 1.36815729e-02 -3.75053734e-02 9.21736658e-03 -9.67822224e-03 1.80223808e-02 1.09823132e-02 1.37451869e-02 1.07438548e-03 2.37093028e-03 6.94158114e-03
-8.83087236e-03 4.64955345e-02 1.63145512e-02 1.95434270e-03 -1.00238891e-02 1.67871751e-02 -1.33782057e-02 3.69939767e-02 -9.11027007e-03 9.56973527e-03 -1.78073198e-02 -1.08548785e-02 -1.35861645e-02 -1.06172857e-03 -2.34261807e-03 -6.85818586e-03
-9.36760195e-03 4.95779179e-02 1.88227724e-02 2.31501111e-03 -1.17281955e-02 1.96528621e-02 -1.57105345e-02 4.38247807e-02 -1.07342973e-02 1.12759480e-02 -2.09885444e-02 -1.27953161e-02 -1.60142984e-02 -1.25159475e-03 -2.76180566e-03 -8.08569696e-03
-7.66911078e-04 -5.02513908e-03 -2.64580082e-03 -3.52776144e-04 2.07069027e-03 -3.47677618e-03 2.80910195e-03 -7.86129571e-03 1.95135211e-03 -2.05552392e-03 3.82772996e-03 2.33449112e-03 2.92166159e-03 2.28395249e-04 5.04051044e-04 1.47578015e-03
-3.05008283e-03 1.27782663e-02 4.83947480e-03 5.51395235e-04 -2.85800733e-03 4.70229331e-03 -3.76789924e-03 1.04478430e-02 -2.57681892e-03 2.70930049e-03 -5.04311547e-03 -3.07488511e-03 -3.84832732e-03 -3.00795538e-04 -6.63778279e-04 -1.94338639e-03
1.08843227e-03 -1.20375687e-02 -5.19144069e-03 -6.57535857e-04 3.58867622e-03 -6.04297686e-03 4.86342749e-03 -1.35739325e-02 3.34996078e-03 -3.52837029e-03 6.56791823e-03 4.00553783e-03 5.01317484e-03 3.91879497e-04 8.64819449e-04 2.53203209e-03
-1.85666373e-03 7.49857537e-03 2.67404248e-03 3.05507652e-04 -1.48342876e-03 2.42078165e-03 -1.91748212e-03 5.28280297e-03 -1.29699649e-03 1.35856646e-03 -2.52858247e-03 -1.54062244e-03 -1.92819664e-03 -1.50654756e-04 -3.32376745e-04 -9.73020564e-04
3.72349378e-03 -1.92731116e-02 -6.20237179e-03 -7.13180460e-04 3.55336186e-03 -5.70582692e-03 4.61654784e-03 -1.25817740e-02 3.07923672e-03 -3.21939844e-03 5.98781416e-03 3.65043595e-03 4.56820615e-03 3.56950070e-04 7.87426485e-04 2.30500288e-03
5.90555370e-04 9.06792702e-04 7.91104627e-04 1.13180322e-04 -7.20938202e-04 1.23157992e-03 -1.02913892e-03 2.91822245e-03 -7.25987949e-04 7.67281395e-04 -1.42858189e-03 -8.72302684e-04 -1.09186489e-03 -8.53779929e-05 -1.88456950e-04 -5.51813049e-04
1.85890794e-02 -8.86241943e-02 -3.44904177e-02 -4.07914538e-03 2.08098963e-02 -3.46640497e-02 2.77624186e-02 -7.71871209e-02 1.90115198e-02 -1.99860018e-02 3.71987075e-02 2.26810221e-02 2.83871032e-02 2.21880502e-03 4.89634322e-03 1.43353380e-02
-1.21074505e-02 6.52210414e-02 2.18094382e-02 2.56142393e-03 -1.29129598e-02 2.15175673e-02 -1.71437003e-02 4.77237515e-02 -1.17165018e-02 1.22319227e-02 -2.27593705e-02 -1.38802938e-02 -1.73734557e-02 -1.35809020e-03 -2.99393525e-03 -8.76352191e-03
1.56757310e-02 -7.92148709e-02 -2.99007222e-02 -3.51886684e-03 1.82569195e-02 -3.05714048e-02 2.43184138e-02 -6.74021989e-02 1.65643636e-02 -1.73911992e-02 3.23684327e-02 1.97282434e-02 2.46915184e-02 1.92984845e-03 4.25830670e-03 1.24668330e-02
-8.32055695e-04 5.26527083e-03 3.51804006e-03 4.69063089e-04 -2.54650484e-03 4.29801038e-03 -3.47393402e-03 9.73438844e-03 -2.40590819e-03 2.53498973e-03 -4.72146925e-03 -2.88013695e-03 -3.60458880e-03 -2.81790155e-04 -6.21906540e-04 -1.82091282e-03
5.59382420e-03 -3.12446151e-02 -1.18451398e-02 -1.49368553e-03 7.75216799e-03 -1.29895415e-02 1.03832074e-02 -2.88912579e-02 7.12185400e-03 -7.49566918e-03 1.39495162e-02 8.50661471e-03 1.06463926e-02 8.32196034e-04 1.83648057e-03 5.37681999e-03
7.74447690e-04 -6.51631225e-03 -2.87370430e-03 -3.49483860e-04 2.01313500e-03 -3.37959756e-03 2.74073239e-03 -7.65636051e-03 1.89005490e-03 -1.99119886e-03 3.70699516e-03 2.26095808e-03 2.82976218e-03 2.21208684e-04 4.88186226e-04 1.42933242e-03
-1.91996172e-02 9.43874121e-02 3.29240002e-02 3.52855376e-03 -1.86568350e-02 3.09669003e-02 -2.49103494e-02 6.90559521e-02 -1.69889461e-02 1.78783815e-02 -3.32720317e-02 -2.02898607e-02 -2.53939908e-02 -1.98492291e-03 -4.38039796e-03 -1.28248446e-02
1.20478747e-02 -6.50103390e-02 -2.42305584e-02 -2.87472201e-03 1.53488889e-02 -2.56838948e-02 2.06617955e-02 -5.73958531e-02 1.41560007e-02 -1.48966033e-02 2.77274195e-02 1.69087853e-02 2.11624186e-02 1.65421830e-03 3.65056563e-03 1.06881261e-02
1.07166227e-02 -6.03086986e-02 -2.14252211e-02 -2.51744362e-03 1.25895338e-02 -2.10445412e-02 1.66598596e-02 -4.59619239e-02 1.13466801e-02 -1.18910139e-02 2.21322421e-02 1.34853302e-02 1.68784130e-02 1.31884171e-03 2.90971505e-03 8.51794332e-03
-4.34422027e-03 2.23796591e-02 8.29566643e-03 9.85580729e-04 -5.00718877e-03 8.43222160e-03 -6.72525354e-03 1.86515301e-02 -4.59419983e-03 4.82527027e-03 -8.98230169e-03 -5.47544239e-03 -6.85283681e-03 -5.35602390e-04 -1.18188653e-03 -3.46022006e-03
-3.44231119e-03 1.87505335e-02 6.74647093e-03 7.75666151e-04 -3.94741353e-03 6.53552776e-03 -5.21190278e-03 1.44227901e-02 -3.54654179e-03 3.72199598e-03 -6.92843599e-03 -4.22177697e-03 -5.28375525e-03 -4.12885274e-04 -9.10967763e-04 -2.66688759e-03
-7.57111935e-03 2.47033294e-02 7.89756700e-03 1.05674658e-03 -4.89706453e-03 8.03484116e-03 -6.39229314e-03 1.76321678e-02 -4.32414934e-03 4.53621801e-03 -8.44074227e-03 -5.14502637e-03 -6.43827906e-03 -5.03208314e-04 -1.11031579e-03 -3.25060147e-03
-3.03646456e-03 1.34410290e-02 4.35907394e-03 4.72161017e-04 -2.19634059e-03 3.71842878e-03 -2.84479605e-03 7.88969267e-03 -1.90966902e-03 1.98987871e-03 -3.70923826e-03 -2.25340854e-03 -2.81965639e-03 -2.20204412e-04 -4.85561963e-04 -1.42106146e-03
-3.35214194e-03 1.77305900e-02 6.53044088e-03 8.00418202e-04 -4.00863122e-03 6.68364111e-03 -5.34604862e-03 1.48067689e-02 -3.64394742e-03 3.82541423e-03 -7.11962394e-03 -4.33932990e-03 -5.43092983e-03 -4.24389786e-04 -9.36325698e-04 -2.74109235e-03
3.75627214e-03 -1.94364656e-02 -6.77057076e-03 -8.15658830e-04 4.15703421e-03 -6.83357567e-03 5.49755525e-03 -1.52234612e-02 3.75034288e-03 -3.94038344e-03 7.33378110e-03 4.47119912e-03 5.59580931e-03 4.37363313e-04 9.65112878e-04 2.82557565e-03
3.78911197e-03 -1.86661463e-02 -6.37003686e-03 -6.89954322e-04 3.58345965e-03 -5.95286442e-03 4.77584917e-03 -1.32118091e-02 3.25410510e-03 -3.41862906e-03 6.36545476e-03 3.88010056e-03 4.85602114e-03 3.79567500e-04 8.37620464e-04 2.45237118e-03
6.27013296e-03 -2.86442060e-02 -1.12114344e-02 -1.24946481e-03 6.58115325e-03 -1.10092284e-02 8.80201906e-03 -2.43959464e-02 6.01296220e-03 -6.32628985e-03 1.17754731e-02 7.18000811e-03 8.98574106e-03 7.02374033e-04 1.54998782e-03 4.53803688e-03
-1.01997107e-02 5.55872992e-02 2.14348678e-02 2.48769252e-03 -1.28028169e-02 2.13380810e-02 -1.70671474e-02 4.72790897e-02 -1.16512654e-02 1.22448001e-02 -2.27903947e-02 -1.38943270e-02 -1.73892472e-02 -1.35913386e-03 -2.99916998e-03 -8.78073927e-03
-2.09316481e-02 1.14578024e-01 4.13465202e-02 4.65509761e-03 -2.45092474e-02 4.11341153e-02 -3.26967984e-02 9.03831646e-02 -2.22658738e-02 2.33767051e-02 -4.35303263e-02 -2.65216529e-02 -3.31925005e-02 -2.59407284e-03 -5.72409015e-03 -1.67586133e-02
-1.93113182e-02 1.02550820e-01 3.67071703e-02 4.16682987e-03 -2.13326216e-02 3.57209668e-02 -2.83897854e-02 7.83210546e-02 -1.92564763e-02 2.01722179e-02 -3.75496633e-02 -2.28848141e-02 -2.86435280e-02 -2.23773671e-03 -4.93611023e-03 -1.44491559e-02
2.37992667e-02 -1.04595132e-01 -3.31989452e-02 -3.89002892e-03 1.92757826e-02 -3.19479182e-02 2.57048327e-02 -7.08582923e-02 1.73910409e-02 -1.82807669e-02 3.40284556e-02 2.07427591e-02 2.59599257e-02 2.02900940e-03 4.47740732e-03 1.31087061e-02
5.19028679e-03 -2.77971644e-02 -1.02634877e-02 -1.22180104e-03 6.21058140e-03 -1.03732068e-02 8.26036651e-03 -2.28272974e-02 5.62198926e-03 -5.90481190e-03 1.09905871e-02 6.69852784e-03 8.38363636e-03 6.55164069e-04 1.44559238e-03 4.23210859e-03
-2.51428923e-03 1.49133401e-02 5.86912502e-03 7.16306677e-04 -3.73394182e-03 6.19978970e-03 -4.96829208e-03 1.37779554e-02 -3.38667072e-03 3.55695887e-03 -6.62236288e-03 -4.03600559e-03 -5.05199563e-03 -3.94772069e-04 -8.71063909e-04 -2.55011721e-03
-1.66177247e-02 8.66947025e-02 3.29599231e-02 3.89197608e-03 -2.00158861e-02 3.34113017e-02 -2.68370938e-02 7.43754059e-02 -1.83192044e-02 1.92738418e-02 -3.58756930e-02 -2.18726322e-02 -2.73748394e-02 -2.13971664e-03 -4.72187111e-03 -1.38245625e-02
-1.35143753e-02 6.47135302e-02 2.05424670e-02 2.48360867e-03 -1.19199986e-02 2.01973878e-02 -1.59702487e-02 4.41493802e-02 -1.08782407e-02 1.14296526e-02 -2.12845877e-02 -1.29706031e-02 -1.62330531e-02 -1.26836810e-03 -2.79869884e-03 -8.19353107e-03
-1.68532121e-03 8.61822069e-03 3.03883501e-03 3.57437326e-04 -1.78989465e-03 2.96523329e-03 -2.35299254e-03 6.47985050e-03 -1.59497571e-03 1.67216291e-03 -3.11218272e-03 -1.89619057e-03 -2.37312494e-03 -1.85423123e-04 -4.09065455e-04 -1.19749946e-03
-6.58447668e-03 3.23716290e-02 1.17024947e-02 1.32810883e-03 -6.78652944e-03 1.12174740e-02 -8.99427291e-03 2.45924238e-02 -6.04994502e-03 6.33170502e-03 -1.17891356e-02 -7.17762113e-03 -8.98330286e-03 -7.01623096e-04 -1.54722144e-03 -4.52838466e-03
3.87967518e-03 -2.04206165e-02 -7.61210592e-03 -7.78309070e-04 3.90503905e-03 -6.50444813e-03 5.17195836e-03 -1.42546399e-02 3.51554714e-03 -3.68151627e-03 6.85110921e-03 4.17554658e-03 5.22662466e-03 4.08274267e-04 9.00713494e-04 2.63661239e-03
1.04766637e-02 -5.83062135e-02 -2.17598304e-02 -2.66260165e-03 1.38874445e-02 -2.30927505e-02 1.85282771e-02 -5.15070409e-02 1.27114980e-02 -1.33717665e-02 2.48878077e-02 1.51759200e-02 1.89932995e-02 1.48460642e-03 3.27617698e-03 9.59190354e-03
-4.90407832e-03 1.96091197e-02 7.85722397e-03 9.79707809e-04 -5.08938031e-03 8.51999130e-03 -6.84450800e-03 1.89898852e-02 -4.68137488e-03 4.92455205e-03 -9.16624255e-03 -5.58873219e-03 -6.99453941e-03 -5.46729018e-04 -1.20648951e-03 -3.53231630e-03
3.07934242e-03 -9.21180658e-03 -2.73920782e-03 -2.79632630e-04 1.36445742e-03 -2.14122329e-03 1.71313924e-03 -4.59118467e-03 1.10809400e-03 -1.15869322e-03 2.15676636e-03 1.31334853e-03 1.64357678e-03 1.28425541e-04 2.83350120e-04 8.29524477e-04
-2.83152913e-03 1.38816740e-02 4.53472696e-03 4.81739844e-04 -2.48785387e-03 4.10640612e-03 -3.27193365e-03 9.00675263e-03 -2.22531566e-03 2.32878071e-03 -4.33470868e-03 -2.64194142e-03 -3.30636348e-03 -2.58342625e-04 -5.69939206e-04 -1.66843005e-03
-1.47404848e-03 7.10501056e-03 3.03896610e-03 3.89807421e-04 -2.00272468e-03 3.35253775e-03 -2.68257083e-03 7.46249594e-03 -1.84053602e-03 1.93332310e-03 -3.59808980e-03 -2.19408376e-03 -2.74601718e-03 -2.14608241e-04 -4.73509484e-04 -1.38620613e-03
-1.51297357e-02 7.24848956e-02 2.54687965e-02 3.11820558e-03 -1.52645549e-02 2.55941506e-02 -2.02670004e-02 5.61770611e-02 -1.38166361e-02 1.45124281e-02 -2.70153396e-02 -1.64597332e-02 -2.06006132e-02 -1.60983077e-03 -3.55161843e-03 -1.03972554e-02
2.16479599e-02 -1.15750462e-01 -4.40046676e-02 -5.05285896e-03 2.68677641e-02 -4.46375236e-02 3.58149074e-02 -9.95757505e-02 2.45413147e-02 -2.58252062e-02 4.80706580e-02 2.93126851e-02 3.66864316e-02 2.86766118e-03 6.32837880e-03 1.85282119e-02
-1.46330346e-03 7.84697104e-03 2.66825408e-03 2.97769904e-04 -1.49439392e-03 2.49563949e-03 -1.98220229e-03 5.47265215e-03 -1.34720479e-03 1.41093519e-03 -2.62579555e-03 -1.60015665e-03 -2.00271118e-03 -1.56477210e-04 -3.45202541e-04 -1.01054355e-03
-3.59076867e-03 1.12724416e-02 3.80981015e-03 4.10195149e-04 -1.90145685e-03 3.11528961e-03 -2.45689624e-03 6.75679371e-03 -1.66726345e-03 1.74447766e-03 -3.24642495e-03 -1.97814195e-03 -2.47559045e-03 -1.93429529e-04 -4.26727405e-04 -1.24921103e-03
2.68095359e-03 -1.98398754e-02 -7.17526069e-03 -8.84843641e-04 4.72563040e-03 -7.90257379e-03 6.35315478e-03 -1.76569410e-02 4.35016816e-03 -4.57701413e-03 8.51902552e-03 5.19474503e-03 6.50153076e-03 5.08190657e-04 1.12144905e-03 3.28333629e-03
-3.23544256e-03 1.91237703e-02 7.06335343e-03 8.18566768e-04 -4.18713735e-03 6.98847650e-03 -5.58833405e-03 1.53865665e-02 -3.78305605e-03 3.96848703e-03 -7.38495262e-03 -4.50187130e-03 -5.63444663e-03 -4.40322969e-04 -9.71567701e-04 -2.84435088e-03
4.82671103e-03 -1.94066260e-02 -7.22858217e-03 -8.59288324e-04 4.30387491e-03 -7.19752582e-03 5.71832666e-03 -1.58710685e-02 3.91965406e-03 -4.12049331e-03 7.66876107e-03 4.67641233e-03 5.85268578e-03 4.57464310e-04 1.00951293e-03 2.95562274e-03
-3.18647968e-03 1.38712293e-02 4.95855650e-03 5.71164070e-04 -2.90824100e-03 4.80146334e-03 -3.84649844e-03 1.06572229e-02 -2.62229051e-03 2.75632832e-03 -5.12954360e-03 -3.12736491e-03 -3.91406007e-03 -3.05914698e-04 -6.75043499e-04 -1.97633356e-03
-2.30821036e-02 1.23532228e-01 4.39908244e-02 5.33542410e-03 -2.71296427e-02 4.52654734e-02 -3.64116840e-02 1.00605004e-01 -2.47864854e-02 2.60734335e-02 -4.85292487e-02 -2.95900982e-02 -3.70331071e-02 -2.89457291e-03 -6.38768310e-03 -1.87017061e-02
-1.45286852e-02 6.97602779e-02 2.47268602e-02 2.98828818e-03 -1.52786672e-02 2.55624447e-02 -2.03848984e-02 5.65076955e-02 -1.39356870e-02 1.46486694e-02 -2.72686444e-02 -1.66208223e-02 -2.08020546e-02 -1.62581552e-03 -3.58757842e-03 -1.05033610e-02
1.65945981e-02 -9.38093662e-02 -3.07093449e-02 -3.53032257e-03 1.78127922e-02 -2.94230841e-02 2.35031992e-02 -6.48716018e-02 1.59217604e-02 -1.67250708e-02 3.11594643e-02 1.89702008e-02 2.37446465e-02 1.85538852e-03 4.09325771e-03 1.19824270e-02
1.78724492e-03 -4.19797888e-03 1.08120474e-03 2.52831727e-04 -1.45810435e-03 2.62762536e-03 -2.20436254e-03 6.38365606e-03 -1.60881877e-03 1.72744587e-03 -3.21784406e-03 -1.96591252e-03 -2.46075005e-03 -1.92555599e-04 -4.25486156e-04 -1.24645082e-03
1.55199831e-02 -7.71916509e-02 -2.84319222e-02 -3.38571635e-03 1.74915846e-02 -2.92781480e-02 2.34295540e-02 -6.49838001e-02 1.60327852e-02 -1.68548767e-02 3.13793868e-02 1.91287640e-02 2.39404552e-02 1.87116407e-03 4.12903773e-03 1.20886713e-02
-9.43430420e-03 4.84970585e-02 1.67542882e-02 1.95109611e-03 -1.01141948e-02 1.68599151e-02 -1.34733524e-02 3.74072455e-02 -9.22742579e-03 9.70018283e-03 -1.80566739e-02 -1.10083949e-02 -1.37769664e-02 -1.07684382e-03 -2.37626862e-03 -6.95709884e-03
1.06937326e-02 -6.12268895e-02 -2.24101748e-02 -2.63408618e-03 1.36592034e-02 -2.28905100e-02 1.82147920e-02 -5.05028069e-02 1.24590872e-02 -1.30945314e-02 2.43744459e-02 1.48606589e-02 1.85986198e-02 1.45368301e-03 3.20777181e-03 9.39138513e-03
1.45696085e-02 -7.47190341e-02 -2.77271904e-02 -3.31669697e-03 1.72510818e-02 -2.89181657e-02 2.31878050e-02 -6.44000322e-02 1.58847235e-02 -1.67036392e-02 3.10940668e-02 1.89588591e-02 2.37274226e-02 1.85459352e-03 4.09260020e-03 1.19821392e-02
-2.51812348e-03 1.17414985e-02 3.91510455e-03 3.86066386e-04 -1.97243970e-03 3.25343222e-03 -2.61051836e-03 7.20708678e-03 -1.77068845e-03 1.85632671e-03 -3.45530338e-03 -2.10707774e-03 -2.63700658e-03 -2.06103461e-04 -4.54801891e-04 -1.33154029e-03
-5.15537104e-03 2.07214616e-02 6.82924269e-03 6.85433741e-04 -3.47256777e-03 5.75792184e-03 -4.61319741e-03 1.27064101e-02 -3.12516210e-03 3.28427181e-03 -6.11322559e-03 -3.72653152e-03 -4.66286298e-03 -3.64461972e-04 -8.04273936e-04 -2.35472643e-03
-4.40603681e-03 2.09623035e-02 7.57675152e-03 9.12705669e-04 -4.46794974e-03 7.39448890e-03 -5.91195375e-03 1.62924342e-02 -4.00629453e-03 4.20193421e-03 -7.82116596e-03 -4.76581743e-03 -5.96469967e-03 -4.66066936e-04 -1.02824310e-03 -3.01013538e-03
8.05170462e-03 -5.55571876e-02 -2.27959864e-02 -2.86885258e-03 1.48556065e-02 -2.49783490e-02 1.99810006e-02 -5.56042157e-02 1.37030166e-02 -1.44078201e-02 2.68135667e-02 1.63500477e-02 2.04635505e-02 1.59948773e-03 3.52957519e-03 1.03334291e-02
-1.69548262e-02 8.62991363e-02 3.03498041e-02 3.60006792e-03 -1.78289544e-02 2.93842573e-02 -2.36714985e-02 6.51665032e-02 -1.60925742e-02 1.68801900e-02 -3.14370096e-02 -1.91611592e-02 -2.39657499e-02 -1.87353452e-03 -4.13237419e-03 -1.20957838e-02
1.26858987e-02 -5.63604459e-02 -1.81198139e-02 -2.27595214e-03 1.12724612e-02 -1.86737105e-02 1.49441650e-02 -4.15106006e-02 1.02357632e-02 -1.07497284e-02 2.00073812e-02 1.21996524e-02 1.52680185e-02 1.19332026e-03 2.63322517e-03 7.70932669e-03
7.16466131e-03 -3.87564264e-02 -1.40444227e-02 -1.73672813e-03 9.01781581e-03 -1.50600569e-02 1.20207537e-02 -3.34646218e-02 8.18555243e-03 -8.60780478e-03 1.60205718e-02 9.76564176e-03 1.22224046e-02 9.55218158e-04 2.10773433e-03 6.17071614e-03
1.24646781e-03 -7.86372740e-03 -3.06123844e-03 -3.67802772e-04 1.92988105e-03 -3.23811825e-03 2.59392173e-03 -7.20259966e-03 1.77655776e-03 -1.86843355e-03 3.47813661e-03 2.12056166e-03 2.65395734e-03 2.07441059e-04 4.57766029e-04 1.34022592e-03
3.08368541e-02 -1.49804130e-01 -5.57765327e-02 -6.44841464e-03 3.21403220e-02 -5.35686947e-02 4.28700931e-02 -1.18889824e-01 2.92715728e-02 -3.07015926e-02 5.71651123e-02 3.48364450e-02 4.35975902e-02 3.40701453e-03 7.51710823e-03 2.20066439e-02
-1.11336485e-02 6.63277805e-02 2.41259951e-02 2.71136896e-03 -1.36441886e-02 2.28468366e-02 -1.81834940e-02 5.01230322e-02 -1.23529760e-02 1.29280137e-02 -2.40745377e-02 -1.46675147e-02 -1.83582567e-02 -1.43399974e-03 -3.16310464e-03 -9.25890077e-03
7.75556732e-03 -3.84088494e-02 -1.39208259e-02 -1.64483720e-03 8.32534675e-03 -1.39263086e-02 1.11556398e-02 -3.08951661e-02 7.59344595e-03 -7.97642861e-03 1.48491282e-02 9.05051827e-03 1.13269649e-02 8.85249290e-04 1.95336668e-03 5.71881561e-03
-3.70451249e-03 1.91923939e-02 7.27730617e-03 8.67910159e-04 -4.53124894e-03 7.57314079e-03 -6.05465285e-03 1.68091543e-02 -4.14658105e-03 4.36048210e-03 -8.11596122e-03 -4.94859135e-03 -6.19355449e-03 -4.84116375e-04 -1.06833247e-03 -3.12783802e-03
-1.32619368e-03 1.38252741e-02 5.80462161e-03 7.35808513e-04 -3.99766304e-03 6.71628909e-03 -5.41787874e-03 1.51121747e-02 -3.72945541e-03 3.92719544e-03 -7.31008919e-03 -4.45834408e-03 -5.57992468e-03 -4.36181814e-04 -9.62587656e-04 -2.81827850e-03
1.89210363e-02 -9.62452739e-02 -3.60965170e-02 -4.32564039e-03 2.19539218e-02 -3.66783552e-02 2.90164594e-02 -8.06029141e-02 1.98793598e-02 -2.08887346e-02 3.88675034e-02 2.36963928e-02 2.96571590e-02 2.31802766e-03 5.11494884e-03 1.49749322e-02
9.76120494e-03 -3.61757576e-02 -1.28929857e-02 -1.63911213e-03 7.39023183e-03 -1.21976305e-02 9.77388956e-03 -2.70900372e-02 6.65947190e-03 -6.98099472e-03 1.29911313e-02 7.92056043e-03 9.91190225e-03 7.74650194e-04 1.70930114e-03 5.00424858e-03
3.26084755e-02 -1.82455882e-01 -6.39877468e-02 -7.67116249e-03 3.83837260e-02 -6.34101555e-02 5.13163805e-02 -1.40710682e-01 3.47117931e-02 -3.63739617e-02 6.77051470e-02 4.12764773e-02 5.16632237e-02 4.03775135e-03 8.91000777e-03 2.60859840e-02
-1.78558603e-02 8.64824355e-02 3.24013829e-02 4.05691471e-03 -2.00711694e-02 3.31955180e-02 -2.66755335e-02 7.39945844e-02 -1.82577297e-02 1.92006286e-02 -3.57424133e-02 -2.17922609e-02 -2.72743460e-02 -2.13182345e-03 -4.70433198e-03 -1.37731312e-02
1.44288372e-02 -7.12310821e-02 -2.49317773e-02 -3.01385322e-03 1.51101705e-02 -2.51601357e-02 2.00512744e-02 -5.54848537e-02 1.35789812e-02 -1.42827770e-02 2.65692994e-02 1.61913838e-02 2.02655643e-02 1.58373383e-03 3.49455490e-03 1.02308728e-02
-7.07880128e-03 3.64317447e-02 1.33696645e-02 1.51520805e-03 -7.74282916e-03 1.29903359e-02 -1.03772320e-02 2.87560225e-02 -7.08481204e-03 7.45108491e-03 -1.38682509e-02 -8.45620129e-03 -1.05832685e-02 -8.27233656e-04 -1.82551669e-03 -5.34470985e-03
2.16714144e-02 -1.18729353e-01 -4.40013073e-02 -5.16731711e-03 2.63673607e-02 -4.36971895e-02 3.49808894e-02 -9.70263109e-02 2.39473954e-02 -2.51649767e-02 4.68369760e-02 2.85558458e-02 3.57388332e-02 2.79333303e-03 6.16389466e-03 1.80460587e-02
3.80169787e-02 -2.01977551e-01 -7.22007900e-02 -8.35765619e-03 4.37924191e-02 -7.32337907e-02 5.84903881e-02 -1.62809953e-01 4.00171541e-02 -4.21013422e-02 7.83681646e-02 4.77836765e-02 5.98030053e-02 4.67456551e-03 1.03157042e-02 3.02021205e-02
-4.57301084e-03 2.41146944e-02 9.27294791e-03 1.26081577e-03 -5.72310435e-03 9.58008971e-03 -7.60955270e-03 2.10119709e-02 -5.17341355e-03 5.42939221e-03 -1.00961886e-02 -6.15592580e-03 -7.70456204e-03 -6.02112268e-04 -1.32847240e-03 -3.88912181e-03
2.61546001e-02 -1.52419791e-01 -5.56827858e-02 -6.92671165e-03 3.54197137e-02 -5.94448708e-02 4.77140471e-02 -1.32198364e-01 3.26185115e-02 -3.43032293e-02 6.38515279e-02 3.89302671e-02 4.87222522e-02 3.80834821e-03 8.40407889e-03 2.46051792e-02
-1.18469296e-04 -5.08463196e-03 -2.66321562e-03 -3.56252451e-04 1.94264541e-03 -3.27556720e-03 2.64246599e-03 -7.37648038e-03 1.82174612e-03 -1.91863382e-03 3.57152754e-03 2.17817375e-03 2.72613275e-03 2.13103209e-04 4.70288680e-04 1.37691991e-03
1.54251605e-02 -6.84698522e-02 -2.46720221e-02 -2.90270895e-03 1.48791559e-02 -2.46230662e-02 1.94837432e-02 -5.38660325e-02 1.32201472e-02 -1.38921514e-02 2.58571170e-02 1.57605708e-02 1.97254699e-02 1.54171826e-03 3.40204034e-03 9.96020436e-03
-6.14044629e-03 3.09216157e-02 1.11964177e-02 1.33034901e-03 -6.80183480e-03 1.11953653e-02 -8.94050486e-03 2.47377325e-02 -6.07572030e-03 6.35740673e-03 -1.18244383e-02 -7.20893685e-03 -9.02571902e-03 -7.04932609e-04 -1.55471405e-03 -4.55071637e-03
1.62881166e-02 -9.48821455e-02 -3.47798578e-02 -4.28494066e-03 2.18866114e-02 -3.66097167e-02 2.92663928e-02 -8.13304260e-02 2.00129431e-02 -2.10538078e-02 3.91889811e-02 2.38942187e-02 2.99041066e-02 2.33742595e-03 5.15813520e-03 1.51018389e-02
-5.66980755e-03 2.61325017e-02 1.01276869e-02 1.21309119e-03 -6.00799313e-03 9.93710756e-03 -7.98703358e-03 2.20976267e-02 -5.44338208e-03 5.70889562e-03 -1.06282784e-02 -6.47704210e-03 -8.10645707e-03 -6.33482123e-04 -1.39769691e-03 -4.09179600e-03
1.71175029e-03 -5.16586844e-03 -1.24006881e-03 -1.26246450e-04 4.97136381e-04 -7.88340112e-04 6.01545791e-04 -1.62436569e-03 3.98999313e-04 -4.14966722e-04 7.72131258e-04 4.69907071e-04 5.87986608e-04 4.59280927e-05 1.01311321e-04 2.96570361e-04
-7.48860091e-03 3.38154882e-02 1.24943145e-02 1.47162494e-03 -7.44523061e-03 1.24407969e-02 -9.95838549e-03 2.77095716e-02 -6.82528038e-03 7.18006259e-03 -1.33639220e-02 -8.14892538e-03 -1.01988204e-02 -7.97197979e-04 -1.75924739e-03 -5.15070278e-03
3.05976020e-03 -2.12836359e-02 -8.02315027e-03 -9.86480038e-04 5.11813676e-03 -8.57320800e-03 6.85421145e-03 -1.90312881e-02 4.69183084e-03 -4.93546901e-03 9.18565318e-03 5.60082449e-03 7.00970367e-03 5.47895848e-04 1.20904436e-03 3.53977061e-03
8.47922824e-03 -4.55192775e-02 -1.67467725e-02 -1.96715118e-03 1.00041088e-02 -1.67295020e-02 1.33643653e-02 -3.71126123e-02 9.14870482e-03 -9.60790925e-03 1.78836714e-02 1.09009435e-02 1.36426119e-02 1.06622884e-03 2.35263119e-03 6.88760355e-03
3.85301397e-03 -1.85071975e-02 -7.18892971e-03 -8.48873460e-04 4.43005422e-03 -7.37876911e-03 5.87520190e-03 -1.63159147e-02 4.00985405e-03 -4.21539322e-03 7.84620550e-03 4.78315679e-03 5.98624907e-03 4.67880920e-04 1.03246514e-03 3.02277994e-03
1.68914231e-03 -1.65831354e-02 -6.90668868e-03 -8.73188837e-04 4.74876631e-03 -8.00380390e-03 6.43993728e-03 -1.79584846e-02 4.43245331e-03 -4.66777151e-03 8.68853740e-03 5.29880915e-03 6.63180137e-03 5.18405403e-04 1.14404038e-03 3.34953587e-03
-2.07380392e-02 1.12019271e-01 4.00666855e-02 4.83962521e-03 -2.47896481e-02 4.12401743e-02 -3.32238786e-02 9.20421556e-02 -2.26648636e-02 2.38157120e-02 -4.43299972e-02 -2.70317290e-02 -3.38305570e-02 -2.64430302e-03 -5.83528494e-03 -1.70843527e-02
-1.05582196e-02 5.85285947e-02 2.04967484e-02 2.61854287e-03 -1.31652532e-02 2.18181182e-02 -1.73702464e-02 4.81233858e-02 -1.18272463e-02 1.24380775e-02 -2.31416766e-02 -1.41069666e-02 -1.76541563e-02 -1.37980841e-03 -3.04466742e-03 -8.91377777e-03
