1.20076081e-02 -3.39903943e-02 -1.28746144e-02 1.83407706e-03 -6.53537223e-03 -8.85267649e-03 -8.90033320e-03 1.86732113e-02 1.17478045e-02 4.59793350e-03 -1.83382572e-03 -6.88813569e-04 -1.12347379e-02 -1.44056762e-02 1.35732023e-02 2.75644590e-03
2.68512648e-02 -7.46442378e-02 -2.69705541e-02 3.53457453e-03 -1.40291508e-02 -1.92610975e-02 -1.92752555e-02 4.05710116e-02 2.54810378e-02 9.99740511e-03 -3.98128340e-03 -1.49870839e-03 -2.44372692e-02 -3.13331485e-02 2.95234472e-02 5.99580957e-03
3.35402251e-03 -5.12647862e-03 -2.22804421e-03 2.49378412e-04 -1.28845638e-03 -1.82869250e-03 -1.81953970e-03 3.84419598e-03 2.41208146e-03 9.47243825e-04 -3.77185381e-04 -1.42274963e-04 -2.31936947e-03 -2.97374208e-03 2.80208257e-03 5.69081516e-04
-1.60542913e-02 5.03019542e-02 1.90943424e-02 -2.81492574e-03 9.51092597e-03 1.27902329e-02 1.28644938e-02 -2.70227827e-02 -1.69332661e-02 -6.64795563e-03 2.65217992e-03 9.95405018e-04 1.62348393e-02 2.08174232e-02 -1.96141824e-02 -3.98320379e-03
-9.46831703e-03 2.97313966e-02 1.10837687e-02 -1.56627607e-03 5.95831638e-03 8.11478123e-03 8.11195839e-03 -1.71210393e-02 -1.07303485e-02 -4.21544071e-03 1.67659356e-03 6.31719886e-04 1.03002768e-02 1.32071851e-02 -1.24442196e-02 -2.52723997e-03
2.84880516e-03 -1.16511993e-02 -3.91362328e-03 6.47174660e-04 -1.88127137e-03 -2.50074454e-03 -2.52645020e-03 5.29592391e-03 3.32128932e-03 1.30136649e-03 -5.18836256e-04 -1.94689797e-04 -3.17598204e-03 -4.07258002e-03 3.83706437e-03 7.79210124e-04
8.09004530e-04 8.39606300e-03 2.56709266e-03 -3.96889140e-04 1.06155837e-03 1.28451444e-03 1.30577036e-03 -2.72735674e-03 -1.71928562e-03 -6.74100593e-04 2.69561599e-04 1.00134654e-04 1.63505657e-03 2.09727488e-03 -1.97581295e-03 -4.01133409e-04
-3.46940849e-03 9.26966406e-03 3.54545843e-03 -5.49295801e-04 1.87766145e-03 2.54833396e-03 2.55775428e-03 -5.37490984e-03 -3.37886484e-03 -1.32563093e-03 5.28905715e-04 1.98255162e-04 3.23461764e-03 4.14805813e-03 -3.90813872e-03 -7.93598534e-04
2.24337187e-02 -4.41494621e-02 -1.63644198e-02 2.31523789e-03 -8.16216040e-03 -1.12724276e-02 -1.12900622e-02 2.37600170e-02 1.49515793e-02 5.86349936e-03 -2.34262715e-03 -8.77034967e-04 -1.43076191e-02 -1.83473267e-02 1.72859710e-02 3.51030799e-03
-1.59617513e-02 3.94547246e-02 1.53257987e-02 -1.88496150e-03 7.98639096e-03 1.08171096e-02 1.08727813e-02 -2.29131859e-02 -1.43061113e-02 -5.61159942e-03 2.23625009e-03 8.41792149e-04 1.37268240e-02 1.76003966e-02 -1.65838320e-02 -3.36792693e-03
1.67127326e-02 -4.92790341e-02 -1.74510926e-02 2.63077137e-03 -9.13267955e-03 -1.21670431e-02 -1.22203855e-02 2.57224608e-02 1.61050018e-02 6.32372824e-03 -2.52075912e-03 -9.46893531e-04 -1.54433046e-02 -1.98021233e-02 1.86577234e-02 3.78900580e-03
1.59825403e-02 -4.78252806e-02 -1.79431308e-02 2.47599231e-03 -9.25203972e-03 -1.26172071e-02 -1.26406578e-02 2.65966598e-02 1.66866649e-02 6.54560281e-03 -2.60930578e-03 -9.81663819e-04 -1.60090420e-02 -2.05272660e-02 1.93413123e-02 3.92787717e-03
1.00706564e-03 -6.71596965e-04 -2.81279616e-04 4.35109177e-05 -1.41651326e-04 -1.81967480e-04 -1.83850367e-04 3.84801620e-04 2.42081718e-04 9.48336747e-05 -3.78737241e-05 -1.41553783e-05 -2.31040307e-04 -2.96295184e-04 2.79142172e-04 5.66826457e-05
-1.93999596e-02 5.69748171e-02 2.12584268e-02 -2.85170483e-03 1.07706198e-02 1.44045195e-02 1.44784767e-02 -3.04351430e-02 -1.91106983e-02 -7.47734541e-03 2.97987717e-03 1.12101063e-03 1.82823241e-02 2.34422907e-02 -2.20877659e-02 -4.48559551e-03
2.99670231e-02 -9.12235305e-02 -3.53861749e-02 4.36835829e-03 -1.70778111e-02 -2.37322282e-02 -2.37526279e-02 4.99984212e-02 3.14032435e-02 1.23017114e-02 -4.89951624e-03 -1.84697169e-03 -3.01120505e-02 -3.86078469e-02 3.63789238e-02 7.38823414e-03
-7.78238103e-02 2.36772478e-01 8.61583576e-02 -1.03072179e-02 4.28537875e-02 5.95163926e-02 5.95706962e-02 -1.25295296e-01 -7.86291510e-02 -3.08642220e-02 1.22893341e-02 4.63172887e-03 7.55166337e-02 9.68236327e-02 -9.12333354e-02 -1.85287409e-02
-1.71950720e-02 3.92026640e-02 1.53088290e-02 -2.08879821e-03 8.49180948e-03 1.18119307e-02 1.17979906e-02 -2.48979907e-02 -1.55921029e-02 -6.12231996e-03 2.43795849e-03 9.19207174e-04 1.49856051e-02 1.92136131e-02 -1.81044042e-02 -3.67685547e-03
1.00602945e-02 -3.73345986e-02 -1.29291723e-02 2.09514773e-03 -6.49576494e-03 -8.40594061e-03 -8.51876661e-03 1.78678241e-02 1.12196533e-02 4.38440405e-03 -1.75227434e-03 -6.53889147e-04 -1.06754620e-02 -1.36940153e-02 1.28994780e-02 2.61905044e-03
-1.22027202e-02 3.89708392e-02 1.41138481e-02 -1.97235541e-03 7.21565308e-03 9.81972460e-03 9.86668188e-03 -2.07223110e-02 -1.29937362e-02 -5.09732589e-03 2.03107577e-03 7.64203782e-04 1.24613997e-02 1.59779023e-02 -1.50549617e-02 -3.05745495e-03
3.82952392e-02 -9.79667976e-02 -3.71502936e-02 4.43470757e-03 -2.03678086e-02 -2.83781644e-02 -2.82621104e-02 5.96911907e-02 3.74354348e-02 1.47069199e-02 -5.85633190e-03 -2.20848457e-03 -3.60028408e-02 -4.61602844e-02 4.34957556e-02 8.83369055e-03
-7.82942493e-03 2.39379089e-02 9.04305186e-03 -1.26910605e-03 4.49561235e-03 6.04086183e-03 6.08578324e-03 -1.27910804e-02 -8.00091308e-03 -3.13817011e-03 1.25151500e-03 4.70128638e-04 7.66778830e-03 9.83189140e-03 -9.26376693e-03 -1.88129151e-03
-2.47824006e-02 6.47498146e-02 2.35968754e-02 -3.56726255e-03 1.21680833e-02 1.65009722e-02 1.65690389e-02 -3.48023139e-02 -2.18226593e-02 -8.56406242e-03 3.41415661e-03 1.28407241e-03 2.09407452e-02 2.68510804e-02 -2.52995435e-02 -5.13787707e-03
-1.85400173e-02 6.67802021e-02 2.25341078e-02 -3.57246120e-03 1.14226239e-02 1.52016962e-02 1.53964944e-02 -3.22075598e-02 -2.01937053e-02 -7.91952666e-03 3.16254818e-03 1.18253194e-03 1.93001907e-02 2.47541610e-02 -2.33199224e-02 -4.73513547e-03
-5.85685717e-03 2.02921517e-02 7.47943157e-03 -1.01851032e-03 4.07841383e-03 5.72175812e-03 5.70104318e-03 -1.20376926e-02 -7.55443890e-03 -2.96677067e-03 1.18186895e-03 4.45220794e-04 7.25902012e-03 9.30753164e-03 -8.76990519e-03 -1.78106490e-03
3.99534637e-03 -9.05756000e-03 -3.73010989e-03 4.01491241e-04 -2.14357278e-03 -3.05763027e-03 -3.03851021e-03 6.42378395e-03 4.03088471e-03 1.58328051e-03 -6.30354683e-04 -2.37901084e-04 -3.87801859e-03 -4.97207558e-03 4.68510948e-03 9.51518305e-04
2.55437940e-02 -6.89654127e-02 -2.56363340e-02 3.39679094e-03 -1.30787296e-02 -1.77623574e-02 -1.78153794e-02 3.75107564e-02 2.34807599e-02 9.21458565e-03 -3.67076206e-03 -1.38220703e-03 -2.25387402e-02 -2.88986471e-02 2.72295550e-02 5.52995596e-03
-2.98230965e-02 9.30392593e-02 3.51312384e-02 -5.70471771e-03 1.76604800e-02 2.31671426e-02 2.33697183e-02 -4.90068682e-02 -3.08177341e-02 -1.20800231e-02 4.83816629e-03 1.80269091e-03 2.94228662e-02 3.77348699e-02 -3.55512090e-02 -7.21848942e-03
-9.86939855e-03 8.59640241e-02 2.51588672e-02 -4.61272337e-03 1.03103025e-02 1.28316525e-02 1.30689098e-02 -2.72913501e-02 -1.72043368e-02 -6.74072187e-03 2.70637567e-03 9.99936135e-04 1.63334832e-02 2.09501982e-02 -1.97351277e-02 -4.00683237e-03
1.53757846e-02 -3.57860737e-02 -1.34258028e-02 1.80978805e-03 -6.92847744e-03 -9.57241468e-03 -9.57832206e-03 2.01684274e-02 1.26485284e-02 4.96245082e-03 -1.97987282e-03 -7.44735997e-04 -1.21453926e-02 -1.55726112e-02 1.46731278e-02 2.97992816e-03
6.90540951e-03 -1.57951992e-02 -6.27396535e-03 8.73374054e-04 -3.37833446e-03 -4.62573674e-03 -4.62705735e-03 9.75965522e-03 6.12328155e-03 2.40295404e-03 -9.58239718e-04 -3.59869009e-04 -5.86989382e-03 -7.52706826e-03 7.09195249e-03 1.44018407e-03
1.74711477e-02 -5.03073037e-02 -1.78410225e-02 2.46245996e-03 -9.15209297e-03 -1.24582388e-02 -1.25229182e-02 2.63966806e-02 1.65305566e-02 6.47728378e-03 -2.57798075e-03 -9.69414308e-04 -1.58113539e-02 -2.02786718e-02 1.91047806e-02 3.87938903e-03
3.23033482e-02 -8.01123381e-02 -3.08698621e-02 3.47933732e-03 -1.60230268e-02 -2.24637184e-02 -2.23986842e-02 4.73019741e-02 2.96475478e-02 1.16432142e-02 -4.63845022e-03 -1.74821541e-03 -2.85007730e-02 -3.65415066e-02 3.44321355e-02 6.99293474e-03
-5.23247942e-02 1.30317301e-01 4.92240898e-02 -7.67141767e-03 2.65856721e-02 3.64643708e-02 3.64341922e-02 -7.68702850e-02 -4.81862985e-02 -1.89075768e-02 7.52784545e-03 2.83772987e-03 4.62669097e-02 5.93215935e-02 -5.58960997e-02 -1.13518909e-02
3.55261080e-02 -1.02669448e-01 -3.80458981e-02 4.54296265e-03 -1.93674900e-02 -2.64301468e-02 -2.65033804e-02 5.57031967e-02 3.49266715e-02 1.36991758e-02 -5.46544045e-03 -2.05657422e-03 -3.35295163e-02 -4.29896079e-02 4.05076072e-02 8.22675694e-03
-5.37812850e-03 2.14647651e-02 6.93356805e-03 -9.02880216e-04 3.43477819e-03 4.24012030e-03 4.37702099e-03 -9.02341399e-03 -5.63748693e-03 -2.20445078e-03 8.82259745e-04 3.30407143e-04 5.38699096e-03 6.90691639e-03 -6.50805607e-03 -1.32172473e-03
1.15461526e-02 -3.39055099e-02 -1.19365482e-02 1.69235643e-03 -6.23000972e-03 -8.38612020e-03 -8.43896810e-03 1.77235380e-02 1.11154821e-02 4.36315173e-03 -1.73945888e-03 -6.52635761e-04 -1.06463823e-02 -1.36522129e-02 1.28626935e-02 2.61203875e-03
-3.15050520e-02 7.96154439e-02 3.02858185e-02 -3.90622439e-03 1.64560284e-02 2.30056122e-02 2.29427684e-02 -4.85091656e-02 -3.03734969e-02 -1.19231511e-02 4.74866573e-03 1.79023843e-03 2.91858017e-02 3.74201499e-02 -3.52599211e-02 -7.16099050e-03
1.73919648e-02 -3.83544564e-02 -1.59098785e-02 1.69434899e-03 -9.26172733e-03 -1.32233026e-02 -1.31286113e-02 2.77614873e-02 1.74301788e-02 6.84559159e-03 -2.72593694e-03 -1.02881214e-03 -1.67705007e-02 -2.15016529e-02 2.02607643e-02 4.11484949e-03
1.85699016e-02 -4.64806855e-02 -1.81520116e-02 2.30562151e-03 -9.42874141e-03 -1.27634313e-02 -1.27545977e-02 2.68718172e-02 1.68625154e-02 6.61758939e-03 -2.63672741e-03 -9.93205234e-04 -1.61933582e-02 -2.07623709e-02 1.95635241e-02 3.97315528e-03
-1.16688712e-03 3.15965782e-03 1.01400656e-03 -2.00701092e-04 4.45893471e-04 5.55755803e-04 5.67072828e-04 -1.17596809e-03 -7.39637413e-04 -2.89225980e-04 1.15132279e-04 4.32784145e-05 7.05800019e-04 9.04978893e-04 -8.52690893e-04 -1.73167224e-04
7.31215533e-03 -2.19884440e-02 -8.41413997e-03 1.26682362e-03 -4.34956606e-03 -5.72737819e-03 -5.76510746e-03 1.21201491e-02 7.59795448e-03 2.97920848e-03 -1.18936144e-03 -4.45666257e-04 -7.27093592e-03 -9.32381861e-03 8.78457073e-03 1.78387202e-03
-2.18849573e-02 6.12667277e-02 2.27163211e-02 -3.33525008e-03 1.22119617e-02 1.63225867e-02 1.64133999e-02 -3.44731100e-02 -2.16020010e-02 -8.47197417e-03 3.37339332e-03 1.27011503e-03 2.07119528e-02 2.65574027e-02 -2.50232480e-02 -5.08178491e-03
1.02231512e-02 -3.09924725e-02 -1.11884363e-02 1.66150322e-03 -5.88564575e-03 -7.81872403e-03 -7.86278211e-03 1.65263731e-02 1.03513198e-02 4.06459067e-03 -1.62095902e-03 -6.08732458e-04 -9.92742460e-03 -1.27291670e-02 1.19937100e-02 2.43572053e-03
-4.97471280e-02 1.22149959e-01 4.83133495e-02 -6.29208563e-03 2.53176168e-02 3.51225808e-02 3.50238830e-02 -7.39459991e-02 -4.63726036e-02 -1.82027724e-02 7.24871922e-03 2.73316633e-03 4.45569828e-02 5.71279228e-02 -5.38300872e-02 -1.09324753e-02
2.14422606e-02 -6.36466518e-02 -2.24207770e-02 3.25893098e-03 -1.15867434e-02 -1.56464912e-02 -1.57121792e-02 3.31879407e-02 2.08119079e-02 8.13298486e-03 -3.24104633e-03 -1.21709332e-03 -1.98610220e-02 -2.54800897e-02 2.39975508e-02 4.87289019e-03
-1.73663907e-02 5.13906889e-02 1.94891207e-02 -2.61669722e-03 1.01112882e-02 1.35540785e-02 1.36436373e-02 -2.87082642e-02 -1.79763436e-02 -7.04863574e-03 2.81203352e-03 1.05515425e-03 1.72087811e-02 2.20668893e-02 -2.07912568e-02 -4.22219280e-03
-6.54102415e-02 1.89041376e-01 6.56859502e-02 -9.42560285e-03 3.49866897e-02 4.67279330e-02 4.71326001e-02 -9.88305360e-02 -6.19505607e-02 -2.43778732e-02 9.69420467e-03 3.63712176e-03 5.93250282e-02 7.60762617e-02 -7.16811121e-02 -1.45555185e-02
-1.65697150e-02 4.53119799e-02 1.69171561e-02 -2.26891553e-03 9.43901669e-03 1.31191304e-02 1.30786160e-02 -2.76132412e-02 -1.73160471e-02 -6.80185342e-03 2.70751631e-03 1.02100708e-03 1.66450106e-02 2.13412568e-02 -2.01092288e-02 -4.08401666e-03
5.21751400e-03 -1.41646005e-02 -5.09429630e-03 9.37253120e-04 -2.71804444e-03 -3.71169229e-03 -3.71162384e-03 7.81845301e-03 4.90655983e-03 1.92682876e-03 -7.67096062e-04 -2.88971438e-04 -4.71143331e-03 -6.04081992e-03 5.69200283e-03 1.15598610e-03
2.71676900e-03 -8.94739572e-03 -3.74398101e-03 3.93420574e-04 -2.21319566e-03 -3.21345078e-03 -3.17993434e-03 6.73819473e-03 4.23393631e-03 1.66303187e-03 -6.62259641e-04 -2.50018842e-04 -4.07538470e-03 -5.22514060e-03 4.92353877e-03 9.99951269e-04
-3.28407288e-02 8.28236490e-02 3.09776440e-02 -3.47986585e-03 1.66753903e-02 2.33406015e-02 2.32836120e-02 -4.90996763e-02 -3.08003500e-02 -1.20924525e-02 4.81487717e-03 1.81624014e-03 2.96078138e-02 3.79609428e-02 -3.57697867e-02 -7.26459036e-03
-3.33097088e-03 1.75121613e-02 5.72291249e-03 -1.09655538e-03 2.55689537e-03 3.11771687e-03 3.19797290e-03 -6.64523756e-03 -4.19288967e-03 -1.63796777e-03 6.57874160e-04 2.42685710e-04 3.96642461e-03 5.08862175e-03 -4.79324302e-03 -9.73004033e-04
1.42572550e-02 -4.26186100e-02 -1.59580577e-02 2.33469717e-03 -8.02426413e-03 -1.09372698e-02 -1.10004721e-02 2.31351797e-02 1.45093342e-02 5.68513246e-03 -2.27006432e-03 -8.51260149e-04 -1.38850072e-02 -1.78044513e-02 1.67752467e-02 3.40665225e-03
3.36344843e-03 -9.06644296e-03 -3.31925228e-03 5.15846885e-04 -1.61396549e-03 -2.11114762e-03 -2.12507695e-03 4.46670363e-03 2.79864948e-03 1.09777309e-03 -4.38088959e-04 -1.64304671e-04 -2.67996988e-03 -3.43637983e-03 3.23776295e-03 6.57523633e-04
1.35783972e-02 -3.40668596e-02 -1.31477471e-02 1.75887323e-03 -7.44999573e-03 -1.03995223e-02 -1.03681926e-02 2.18872111e-02 1.37266479e-02 5.38981101e-03 -2.14636000e-03 -8.09237652e-04 -1.31928427e-02 -1.69151891e-02 1.59386210e-02 3.23699601e-03
-8.76843743e-03 1.86485704e-02 7.33712409e-03 -9.69613378e-04 3.95868951e-03 5.45473211e-03 5.45916287e-03 -1.15296785e-02 -7.22033903e-03 -2.83372635e-03 1.13198871e-03 4.24417143e-04 6.92260638e-03 8.87689274e-03 -8.36386252e-03 -1.69848686e-03
3.63978767e-03 -1.28277093e-02 -4.58499696e-03 8.18198430e-04 -2.31304765e-03 -3.07896594e-03 -3.10001662e-03 6.51518581e-03 4.08392353e-03 1.60209788e-03 -6.39166683e-04 -2.39576097e-04 -3.90854245e-03 -5.01203537e-03 4.72215237e-03 9.58937570e-04
-1.30619705e-02 3.67511362e-02 1.32819805e-02 -1.89035817e-03 7.09676091e-03 9.56028234e-03 9.58031882e-03 -2.01628190e-02 -1.26468260e-02 -4.96161170e-03 1.97737478e-03 7.43861950e-04 1.21301319e-02 1.55533180e-02 -1.46548711e-02 -2.97617516e-03
-2.17580386e-02 5.34713343e-02 2.08476819e-02 -2.42915517e-03 1.11454818e-02 1.55389421e-02 1.55091276e-02 -3.27066183e-02 -2.05165371e-02 -8.05154908e-03 3.20874667e-03 1.20917393e-03 1.97124388e-02 2.52739135e-02 -2.38149520e-02 -4.83664125e-03
2.22866088e-02 -6.33114427e-02 -2.51631700e-02 2.82151648e-03 -1.27914697e-02 -1.77354682e-02 -1.77093111e-02 3.73253822e-02 2.34100502e-02 9.19286069e-03 -3.66144697e-03 -1.38026162e-03 -2.25020386e-02 -2.88505517e-02 2.71850955e-02 5.52109489e-03
3.59349186e-03 -1.08299442e-02 -4.17609420e-03 5.72199468e-04 -2.05791183e-03 -2.75487662e-03 -2.77055171e-03 5.81964711e-03 3.65045411e-03 1.43172499e-03 -5.71012613e-04 -2.14400803e-04 -3.49686132e-03 -4.48384928e-03 4.22472553e-03 8.57953331e-04
3.43337096e-03 7.83934519e-02 2.17693448e-02 -2.80675525e-03 7.37300748e-03 7.98953418e-03 8.48109648e-03 -1.73294023e-02 -1.08694797e-02 -4.22872789e-03 1.72410649e-03 6.23500790e-04 1.01959966e-02 1.30779985e-02 -1.23166479e-02 -2.50086142e-03
7.22085685e-03 -8.88491329e-03 -3.93436104e-03 4.91642219e-04 -2.24837754e-03 -3.13943881e-03 -3.13597522e-03 6.61297375e-03 4.14836686e-03 1.62801810e-03 -6.48771180e-04 -2.44218390e-04 -3.98243777e-03 -5.10634901e-03 4.81135026e-03 9.77106858e-04
-1.15532018e-02 9.17251315e-03 5.04901679e-03 -4.73907101e-04 3.13814613e-03 4.56006266e-03 4.51247254e-03 -9.56204720e-03 -6.00622501e-03 -2.35960470e-03 9.39009537e-04 3.54755059e-04 5.78236487e-03 7.41358986e-03 -6.98579056e-03 -1.41878426e-03
1.06034568e-02 -3.31942961e-02 -1.20971948e-02 1.75146747e-03 -6.17528055e-03 -8.29347782e-03 -8.33287463e-03 1.75082181e-02 1.09810978e-02 4.30963701e-03 -1.71872624e-03 -6.45502005e-04 -1.05276946e-02 -1.34989833e-02 1.27189225e-02 2.58296798e-03
-2.36783084e-02 6.36575520e-02 2.44340450e-02 -3.37829045e-03 1.30931009e-02 1.75381079e-02 1.76009610e-02 -3.70603278e-02 -2.32052300e-02 -9.10294428e-03 3.63126933e-03 1.36482483e-03 2.22564731e-02 2.85368469e-02 -2.68884897e-02 -5.46062505e-03
-1.94032257e-03 8.77683400e-04 6.22935477e-04 -5.26721851e-05 4.87037731e-04 7.21373188e-04 7.12190580e-04 -1.51167426e-03 -9.49567591e-04 -3.73023649e-04 1.48415551e-04 5.61075685e-05 9.14505625e-04 1.17248960e-03 -1.10483216e-03 -2.24387739e-04
-1.26107568e-02 2.33991034e-02 8.61572288e-03 -1.26062660e-03 4.51954035e-03 6.28141919e-03 6.28035888e-03 -1.32310903e-02 -8.30089860e-03 -3.25903436e-03 1.30025228e-03 4.88814199e-04 7.97152519e-03 1.02207772e-02 -9.63053852e-03 -1.95584027e-03
3.10801575e-03 -8.90583266e-03 -3.42028146e-03 4.56385314e-04 -1.86258170e-03 -2.55415333e-03 -2.55706045e-03 5.38542867e-03 3.37940478e-03 1.32650672e-03 -5.29051991e-04 -1.98727619e-04 -3.24129034e-03 -4.15626168e-03 3.91603261e-03 7.95254193e-04
-8.74651968e-03 3.51256318e-02 1.27687305e-02 -1.84259540e-03 6.29282696e-03 8.15320760e-03 8.28656368e-03 -1.72892120e-02 -1.08521124e-02 -4.25687013e-03 1.70481135e-03 6.34081487e-04 1.03544593e-02 1.32811693e-02 -1.25112273e-02 -2.54027429e-03
-1.32058626e-02 4.43060324e-02 1.73406638e-02 -2.15429952e-03 7.78190186e-03 1.04892943e-02 1.05365096e-02 -2.21450236e-02 -1.39114633e-02 -5.45360753e-03 2.17488641e-03 8.16155458e-04 1.33150294e-02 1.70736238e-02 -1.60869416e-02 -3.26672825e-03
-5.12147555e-03 1.86141431e-02 6.18810393e-03 -9.52602131e-04 3.13739851e-03 4.10851790e-03 4.11956431e-03 -8.66233464e-03 -5.44143049e-03 -2.13451241e-03 8.50613520e-04 3.19717801e-04 5.21409279e-03 6.68560155e-03 -6.29931362e-03 -1.27928436e-03
-6.52680099e-02 2.05816492e-01 7.03870133e-02 -1.00810472e-02 3.73031422e-02 5.06971739e-02 5.09645492e-02 -1.07003801e-01 -6.70856461e-02 -2.63291914e-02 1.04994699e-02 3.94535484e-03 6.43375069e-02 8.24955404e-02 -7.77289867e-02 -1.57854948e-02
-1.95097215e-02 5.01308031e-02 1.91667080e-02 -2.46044225e-03 1.03626419e-02 1.40128387e-02 1.40624866e-02 -2.95722783e-02 -1.85122341e-02 -7.26644881e-03 2.89496710e-03 1.09061715e-03 1.77807361e-02 2.27974560e-02 -2.14812551e-02 -4.36265208e-03
-7.87829864e-04 9.27875191e-03 3.15934606e-03 -4.02750797e-04 1.49229483e-03 1.97695126e-03 1.98773853e-03 -4.17233165e-03 -2.62428797e-03 -1.02756638e-03 4.09946690e-04 1.53834466e-04 2.50960258e-03 3.21809831e-03 -3.03203217e-03 -6.15721277e-04
-1.57285910e-02 5.03668673e-02 1.77435055e-02 -2.89004785e-03 9.28054750e-03 1.20522436e-02 1.21467169e-02 -2.55671777e-02 -1.60650704e-02 -6.28585555e-03 2.50873412e-03 9.37332981e-04 1.53074460e-02 1.96358152e-02 -1.84972379e-02 -3.75541160e-03
1.38532910e-02 -4.91176657e-02 -1.74107496e-02 2.76727951e-03 -9.02029872e-03 -1.22999381e-02 -1.23097785e-02 2.59495880e-02 1.62674934e-02 6.38839370e-03 -2.54782219e-03 -9.57292854e-04 -1.56114614e-02 -2.00176928e-02 1.88609101e-02 3.83031648e-03
-2.48756185e-02 7.00593442e-02 2.66005304e-02 -3.04422644e-03 1.36581790e-02 1.86624061e-02 1.86367556e-02 -3.93061042e-02 -2.46391203e-02 -9.67324339e-03 3.85325402e-03 1.45231688e-03 2.36767251e-02 3.03567722e-02 -2.86042485e-02 -5.80929592e-03
8.80082324e-03 -2.45742481e-02 -9.24650114e-03 1.28234725e-03 -4.71895095e-03 -6.41694805e-03 -6.43894030e-03 1.35519365e-02 8.50515254e-03 3.33482958e-03 -1.32986775e-03 -4.99312999e-04 -8.14464502e-03 -1.04438355e-02 9.84002557e-03 1.99826853e-03
2.01029293e-02 -5.35124987e-02 -2.10345257e-02 2.75109429e-03 -1.12049831e-02 -1.55346896e-02 -1.54957976e-02 3.26902978e-02 2.05212813e-02 8.05472583e-03 -3.20861465e-03 -1.20880071e-03 -1.97087880e-02 -2.52700169e-02 2.38107573e-02 4.83569317e-03
-2.28073578e-02 5.87575473e-02 2.15772763e-02 -3.24833533e-03 1.19770011e-02 1.63886901e-02 1.64265148e-02 -3.45890261e-02 -2.16633733e-02 -8.50350037e-03 3.38749238e-03 1.27531681e-03 2.07947828e-02 2.66629402e-02 -2.51228958e-02 -5.10211429e-03
1.89762712e-02 -5.46116829e-02 -2.03253776e-02 2.81302864e-03 -1.01828054e-02 -1.36938589e-02 -1.37883462e-02 2.89300233e-02 1.81318149e-02 7.11001037e-03 -2.83206115e-03 -1.06595072e-03 -1.73815805e-02 -2.22863536e-02 2.09991969e-02 4.26463922e-03
2.83375790e-04 2.58142827e-05 1.00962119e-04 1.11550020e-04 2.12088315e-04 4.18021344e-04 3.99908662e-04 -8.67679832e-04 -5.38615917e-04 -2.13646912e-04 8.48611890e-05 3.24982793e-05 5.28633827e-04 6.77554694e-04 -6.38633908e-04 -1.29734428e-04
3.82112688e-03 -9.46140289e-03 -3.88228963e-03 4.30120155e-04 -2.23594788e-03 -3.18783754e-03 -3.16819386e-03 6.69750432e-03 4.20269696e-03 1.65073306e-03 -6.57222467e-04 -2.48034747e-04 -4.04321123e-03 -5.18387137e-03 4.88468120e-03 9.92050162e-04
-3.39576602e-02 9.47420299e-02 3.44182476e-02 -4.55257343e-03 1.84244867e-02 2.55718511e-02 2.55735777e-02 -5.38259596e-02 -3.37549597e-02 -1.32547971e-02 5.27880853e-03 1.98995648e-03 3.24420147e-02 4.15947549e-02 -3.91936824e-02 -7.95993116e-03
-1.11548183e-02 3.12281791e-02 1.13851847e-02 -1.47296593e-03 6.13171933e-03 8.51624645e-03 8.49552546e-03 -1.79195516e-02 -1.12445839e-02 -4.41519637e-03 1.75904483e-03 6.62742648e-04 1.08047929e-02 1.38532789e-02 -1.30534768e-02 -2.65104650e-03
-5.98347886e-03 1.74795669e-02 6.39224891e-03 -8.49505770e-04 3.39533365e-03 4.65503847e-03 4.65555442e-03 -9.81102977e-03 -6.14868570e-03 -2.41488381e-03 9.63716535e-04 3.62228719e-04 5.90639561e-03 7.57321762e-03 -7.13578938e-03 -1.44916575e-03
1.58770587e-02 -5.65515086e-02 -1.92976873e-02 3.58502124e-03 -1.00298878e-02 -1.28486985e-02 -1.30079025e-02 2.72841752e-02 1.70806665e-02 6.68532914e-03 -2.66540865e-03 -1.00025034e-03 -1.63176227e-02 -2.09253207e-02 1.97148658e-02 4.00350103e-03
1.66428257e-02 -5.44988289e-02 -1.94435753e-02 2.67680991e-03 -9.82486922e-03 -1.33157857e-02 -1.33695053e-02 2.80923657e-02 1.76414549e-02 6.91817794e-03 -2.76499707e-03 -1.03612244e-03 -1.69014409e-02 -2.16726158e-02 2.04196200e-02 4.14671144e-03
-7.54528353e-03 2.86173038e-02 9.56339482e-03 -1.31037761e-03 4.70005348e-03 6.26373012e-03 6.28766045e-03 -1.32227261e-02 -8.30221735e-03 -3.25518241e-03 1.29965309e-03 4.87437996e-04 7.95071293e-03 1.01950392e-02 -9.60570574e-03 -1.95070775e-03
-2.23294515e-02 7.31432810e-02 2.60174293e-02 -3.76003538e-03 1.27037093e-02 1.68937016e-02 1.69715360e-02 -3.56492475e-02 -2.23841984e-02 -8.77562072e-03 3.49971559e-03 1.31521095e-03 2.14490816e-02 2.75029223e-02 -2.59138327e-02 -5.26259700e-03
-2.81804893e-02 7.90896267e-02 2.91034076e-02 -3.92945670e-03 1.48991467e-02 2.03966592e-02 2.04615854e-02 -4.30383757e-02 -2.70137247e-02 -1.05910832e-02 4.22788039e-03 1.58695900e-03 2.58851405e-02 3.31913792e-02 -3.12730893e-02 -6.35088142e-03
3.23593467e-02 -9.33034047e-02 -3.62195559e-02 4.31973999e-03 -1.81214139e-02 -2.48934980e-02 -2.49149222e-02 5.24920747e-02 3.29084434e-02 1.29012847e-02 -5.13822446e-03 -1.93719007e-03 -3.15833874e-02 -4.04945090e-02 3.81564312e-02 7.74922967e-03
2.54821386e-02 -6.99036494e-02 -2.66666003e-02 3.08332569e-03 -1.37477480e-02 -1.91234332e-02 -1.91018544e-02 4.02576588e-02 2.52460297e-02 9.91332717e-03 -3.94925103e-03 -1.48805999e-03 -2.42607389e-02 -3.11054941e-02 2.93098651e-02 5.95260970e-03
-1.01914750e-02 3.23278271e-02 1.16562415e-02 -1.73055427e-03 6.02075923e-03 8.13122094e-03 8.16083979e-03 -1.71623211e-02 -1.07619260e-02 -4.22302959e-03 1.68397324e-03 6.32743700e-04 1.03194648e-02 1.32320402e-02 -1.24674011e-02 -2.53188936e-03
1.22004678e-03 2.65751630e-02 7.29147904e-03 -2.68674968e-03 1.54540176e-03 5.55460691e-04 8.91658827e-04 -1.68943661e-03 -1.00907218e-03 -3.64862673e-04 1.49158412e-04 4.42045057e-05 7.47031299e-04 9.68588691e-04 -9.09280498e-04 -1.82829652e-04
-8.32622945e-02 2.76853919e-01 9.57852900e-02 -1.68004856e-02 4.68904190e-02 6.21499978e-02 6.26063496e-02 -1.31094024e-01 -8.24246779e-02 -3.23129036e-02 1.29249934e-02 4.83197952e-03 7.88735524e-02 1.01173520e-01 -9.53112915e-02 -1.93524938e-02
-2.28527617e-02 6.59942329e-02 2.29500346e-02 -3.35711520e-03 1.25365276e-02 1.72103625e-02 1.71877947e-02 -3.62620316e-02 -2.27601901e-02 -8.92684609e-03 3.55660007e-03 1.33908435e-03 2.18360275e-02 2.79982276e-02 -2.63808556e-02 -5.35756024e-03
8.03031214e-03 -2.24453956e-02 -8.08587298e-03 1.09597133e-03 -4.46989713e-03 -6.07567187e-03 -6.09378656e-03 1.28700836e-02 8.03362858e-03 3.15578491e-03 -1.25813822e-03 -4.72843851e-04 -7.71133229e-03 -9.88774747e-03 9.31639597e-03 1.89198600e-03
-8.87000654e-03 2.26953905e-02 8.92214663e-03 -1.07924442e-03 4.81547229e-03 6.74675032e-03 6.72571734e-03 -1.41920634e-02 -8.90499260e-03 -3.49634537e-03 1.39272015e-03 5.25016978e-04 8.55911896e-03 1.09739481e-02 -1.03404429e-02 -2.10006279e-03
-2.34845672e-02 7.37564564e-02 2.77846381e-02 -3.72799113e-03 1.38754407e-02 1.91456228e-02 1.91340074e-02 -4.03581262e-02 -2.53177341e-02 -9.93089657e-03 3.95986997e-03 1.48972229e-03 2.42918190e-02 3.11467759e-02 -2.93477252e-02 -5.96011756e-03
2.44967244e-03 -1.15061635e-02 -3.96230817e-03 6.99178316e-04 -1.55750196e-03 -1.89549860e-03 -1.95924263e-03 4.06120485e-03 2.55726883e-03 9.95982904e-04 -4.01860336e-04 -1.47359911e-04 -2.41150241e-03 -3.09428619e-03 2.91410694e-03 5.91502001e-04
-7.62588624e-03 2.11294442e-02 7.86243938e-03 -1.03350484e-03 4.10427013e-03 5.68549987e-03 5.68618486e-03 -1.19856922e-02 -7.51135265e-03 -2.94827390e-03 1.17494888e-03 4.42438730e-04 7.21361814e-03 9.24898125e-03 -8.71492270e-03 -1.76991278e-03
9.38943308e-03 -2.60148942e-02 -9.65845864e-03 1.25300291e-03 -4.98721329e-03 -6.79252809e-03 -6.79498073e-03 1.43089509e-02 8.98035057e-03 3.52355768e-03 -1.40354922e-03 -5.28698089e-04 -8.61961022e-03 -1.10516557e-02 1.04135247e-02 2.11488386e-03
1.97089859e-03 -6.13765325e-04 1.95605739e-04 7.51487387e-05 3.88297369e-04 6.87462569e-04 6.65909844e-04 -1.43518019e-03 -8.98098864e-04 -3.52686067e-04 1.39858821e-04 5.33750172e-05 8.69449286e-04 1.11465610e-03 -1.05040753e-03 -2.13343970e-04
3.80357075e-03 7.86460005e-05 -9.59910336e-04 -1.43924437e-04 -1.04877236e-03 -1.82647421e-03 -1.78106176e-03 3.79361375e-03 2.37676315e-03 9.35608812e-04 -3.72203329e-04 -1.41851633e-04 -2.30975077e-03 -2.96044815e-03 2.79017328e-03 5.66774106e-04
-2.04209499e-02 4.74511534e-02 1.86334122e-02 -3.06085590e-03 1.00855753e-02 1.40456557e-02 1.40075078e-02 -2.95726433e-02 -1.85486265e-02 -7.27931410e-03 2.89864419e-03 1.09290425e-03 1.78176947e-02 2.28447765e-02 -2.15259288e-02 -4.37173666e-03
9.79984179e-03 -2.51804907e-02 -9.21766739e-03 1.32668740e-03 -4.84455470e-03 -6.59640506e-03 -6.63126260e-03 1.39024174e-02 8.73032212e-03 3.41991428e-03 -1.36233517e-03 -5.13344130e-04 -8.36926885e-03 -1.07305869e-02 1.01110479e-02 2.05345638e-03
-1.23237660e-02 2.76627261e-02 1.06680170e-02 -1.54295785e-03 5.78472298e-03 8.01296160e-03 7.98751134e-03 -1.68505926e-02 -1.05746966e-02 -4.15180111e-03 1.65371608e-03 6.23494445e-04 1.01645011e-02 1.30322725e-02 -1.22799231e-02 -2.49395636e-03
-7.66664417e-03 2.18081437e-02 7.89885130e-03 -1.13258266e-03 4.20506066e-03 5.72509831e-03 5.73780341e-03 -1.20905321e-02 -7.56327482e-03 -2.97294068e-03 1.18377258e-03 4.45611600e-04 7.26542110e-03 9.31540970e-03 -8.77747033e-03 -1.78261346e-03
-6.44241925e-03 1.97435096e-02 7.35990191e-03 -9.57120967e-04 3.58688878e-03 4.89958422e-03 4.91883606e-03 -1.03404755e-02 -6.48194691e-03 -2.54345778e-03 1.01358234e-03 3.81367543e-04 6.21868623e-03 7.97349587e-03 -7.51295546e-03 -1.52577914e-03
-1.80853754e-02 6.25914335e-02 2.24307459e-02 -3.41897504e-03 1.07035935e-02 1.40172923e-02 1.40832169e-02 -2.95820776e-02 -1.85921714e-02 -7.28799542e-03 2.90673925e-03 1.09077804e-03 1.77926216e-02 2.28155758e-02 -2.14964785e-02 -4.36537247e-03
1.53222252e-02 -4.59949300e-02 -1.61755718e-02 1.94012385e-03 -8.25834647e-03 -1.13379098e-02 -1.13302739e-02 2.39260532e-02 1.49723422e-02 5.87829854e-03 -2.34186137e-03 -8.82447581e-04 -1.43865664e-02 -1.84456799e-02 1.73807219e-02 3.52987624e-03
-5.32388367e-05 -2.58684810e-03 -4.56405454e-04 5.06028126e-04 -1.45473168e-05 1.63445060e-04 1.30763074e-04 -3.13652039e-04 -1.98192633e-04 -7.89406477e-05 3.21007356e-05 1.26014083e-05 2.04162003e-04 2.61409179e-04 -2.46566982e-04 -5.01206014e-05
3.07518300e-02 -8.42992887e-02 -2.96009779e-02 4.40251688e-03 -1.56569108e-02 -2.15696655e-02 -2.16457248e-02 4.54506055e-02 2.85349432e-02 1.11958152e-02 -4.46409592e-03 -1.67857565e-03 -2.73714419e-02 -3.50954942e-02 3.30683552e-02 6.71572424e-03
7.45275244e-03 -1.20140919e-02 -5.00539225e-03 6.09701965e-04 -2.81434739e-03 -3.95324500e-03 -3.93783813e-03 8.31409357e-03 5.21496171e-03 2.04808102e-03 -8.15437175e-04 -3.07607406e-04 -5.01456717e-03 -6.42930856e-03 6.05819281e-03 1.23037724e-03
9.50684363e-04 3.66325025e-03 1.12538598e-03 -1.70586238e-04 5.36605308e-04 6.57079276e-04 6.66322885e-04 -1.39674579e-03 -8.72519508e-04 -3.42302665e-04 1.36587594e-04 5.12382758e-05 8.35639134e-04 1.07149291e-03 -1.00956962e-03 -2.05023316e-04
1.71604787e-03 -4.52774391e-03 -1.72174023e-03 2.65705050e-04 -9.16898134e-04 -1.19505066e-03 -1.20771315e-03 2.53905822e-03 1.59180886e-03 6.23389089e-04 -2.48521072e-04 -9.29244270e-05 -1.51735824e-03 -1.94628991e-03 1.83336716e-03 3.72239825e-04
-3.63626853e-02 1.06201306e-01 3.69524807e-02 -6.22397009e-03 1.88462026e-02 2.49837115e-02 2.51637120e-02 -5.29396050e-02 -3.30852084e-02 -1.29849231e-02 5.18082548e-03 1.94482005e-03 3.17190811e-02 4.06708941e-02 -3.83208580e-02 -7.78229535e-03
-1.51326805e-02 4.48049977e-02 1.73897687e-02 -2.72021210e-03 8.70640017e-03 1.16955852e-02 1.17489956e-02 -2.47062221e-02 -1.55046508e-02 -6.07603742e-03 2.42562639e-03 9.09903552e-04 1.48419924e-02 1.90317556e-02 -1.79316010e-02 -3.64145241e-03
-5.23660891e-03 1.07221380e-02 4.27056383e-03 -5.28686272e-04 2.37873103e-03 3.32993222e-03 3.31832748e-03 -7.00508058e-03 -4.39593568e-03 -1.72594818e-03 6.87505177e-04 2.59110093e-04 4.22437117e-03 5.41628618e-03 -5.10357320e-03 -1.03648624e-03
-3.28819938e-02 8.84542912e-02 3.29446569e-02 -4.70374338e-03 1.63121112e-02 2.22780406e-02 2.22869460e-02 -4.70202789e-02 -2.94556189e-02 -1.15597164e-02 4.60548699e-03 1.73380843e-03 2.82695591e-02 3.62463668e-02 -3.41530778e-02 -6.93609286e-03
-2.02720519e-03 7.58099556e-03 2.57470412e-03 -5.00752823e-04 1.26601907e-03 1.61938753e-03 1.64282345e-03 -3.43558122e-03 -2.15305691e-03 -8.44925293e-04 3.37177160e-04 1.26072351e-04 2.05735140e-03 2.63840565e-03 -2.48567411e-03 -5.04748838e-04
-3.28148194e-02 9.01214704e-02 3.42448838e-02 -5.05597796e-03 1.72564182e-02 2.34515443e-02 2.35089920e-02 -4.95283715e-02 -3.10888775e-02 -1.21920006e-02 4.86609153e-03 1.82459573e-03 2.97643710e-02 3.81677374e-02 -3.59607749e-02 -7.30263628e-03
2.60143820e-02 -6.97501525e-02 -2.60261875e-02 3.15579446e-03 -1.38643403e-02 -1.89884156e-02 -1.89728793e-02 4.00339775e-02 2.50812843e-02 9.84731130e-03 -3.92306084e-03 -1.47782941e-03 -2.40940768e-02 -3.08921505e-02 2.91085355e-02 5.91167156e-03
8.08787439e-03 -1.79459639e-02 -7.13079609e-03 1.06655248e-03 -3.46301007e-03 -4.52523353e-03 -4.54067811e-03 9.54172760e-03 5.98734431e-03 2.34712311e-03 -9.35385702e-04 -3.52160714e-04 -5.74206514e-03 -7.36220554e-03 6.93708379e-03 1.40884658e-03
-5.63569367e-02 1.55912161e-01 5.54739982e-02 -7.69433193e-03 2.90543251e-02 3.97472568e-02 3.98664363e-02 -8.38635862e-02 -5.25689423e-02 -2.06084792e-02 8.21058638e-03 3.09287384e-03 5.04295044e-02 6.46588951e-02 -6.09248877e-02 -1.23732071e-02
2.25715386e-03 -1.63902082e-02 -4.77452576e-03 8.62703775e-04 -2.60438840e-03 -3.38430051e-03 -3.40286898e-03 7.15752551e-03 4.47970489e-03 1.76069618e-03 -7.01298413e-04 -2.63513386e-04 -4.29756194e-03 -5.51044941e-03 5.19208051e-03 1.05442142e-03
