2.07988080e-02 -3.64709646e-02 -2.68174727e-02 3.01358150e-03 -8.38193460e-04 4.55909781e-03 3.52401249e-02 -2.94395583e-03 -2.51475279e-03 -3.51972668e-03 1.46417217e-02 3.76790576e-03 1.40081421e-02 -9.24606062e-03 2.53318828e-02 6.01174356e-03
-1.55014368e-02 2.72221565e-02 1.86283272e-02 -2.06217659e-03 5.85544039e-04 -3.15178791e-03 -2.45119203e-02 2.04909779e-03 1.75268680e-03 2.45245104e-03 -1.02005741e-02 -2.62504397e-03 -9.75907687e-03 6.44153124e-03 -1.76482107e-02 -4.18823864e-03
-1.89928263e-02 3.28885056e-02 2.27598660e-02 -2.91560171e-03 7.00596313e-04 -3.89263593e-03 -2.98071019e-02 2.50251964e-03 2.12481990e-03 2.97453045e-03 -1.23701114e-02 -3.18332249e-03 -1.18350163e-02 7.81159708e-03 -2.14017518e-02 -5.07906917e-03
-1.86216608e-02 3.25300843e-02 2.32422911e-02 -2.77411658e-03 6.32062904e-04 -3.82622238e-03 -2.86300052e-02 2.41577695e-03 2.02469761e-03 2.84018368e-03 -1.17943436e-02 -3.03495559e-03 -1.12855788e-02 7.44819827e-03 -2.04056334e-02 -4.84311162e-03
-5.31932563e-02 1.02432288e-01 7.26384670e-02 -9.02671274e-03 1.98169402e-03 -1.30005237e-02 -9.27549005e-02 7.93683808e-03 6.56683790e-03 9.23999399e-03 -3.82835679e-02 -9.85124055e-03 -3.66370492e-02 2.41787825e-02 -6.62397370e-02 -1.57236643e-02
2.34070700e-02 -4.46187742e-02 -3.14237028e-02 3.61067825e-03 -9.90272034e-04 5.40972827e-03 4.13086936e-02 -3.45948362e-03 -2.95306160e-03 -4.13015950e-03 1.71835851e-02 4.42208583e-03 1.64397862e-02 -1.08512072e-02 2.97296569e-02 7.05535477e-03
-1.41105149e-02 2.58548968e-02 1.76432729e-02 -1.92038878e-03 4.97037836e-04 -2.87921727e-03 -2.16001496e-02 1.80332526e-03 1.54726580e-03 2.16400018e-03 -9.00254026e-03 -2.31675548e-03 -8.61265417e-03 5.68494527e-03 -1.55754313e-02 -3.69627890e-03
-5.69948461e-03 9.37588606e-03 6.10369258e-03 -8.69353418e-04 1.55461516e-04 -9.99886426e-04 -7.37082819e-03 6.17530022e-04 5.19700290e-04 7.31012609e-04 -3.03173182e-03 -7.80100643e-04 -2.90131522e-03 1.91462820e-03 -5.24537219e-03 -1.24504045e-03
8.16631969e-03 -1.04263052e-02 -6.24772953e-03 7.09464715e-04 -1.92095235e-04 1.03264279e-03 7.90042151e-03 -6.60219695e-04 -5.65512455e-04 -7.91630708e-04 3.29193426e-03 8.47137417e-04 3.14952317e-03 -2.07881071e-03 5.69538772e-03 1.35164172e-03
2.53584627e-02 -4.59431037e-02 -3.27702798e-02 3.53960460e-03 -8.83223722e-04 5.43785980e-03 4.09890637e-02 -3.54914507e-03 -2.88577424e-03 -4.04496351e-03 1.68126598e-02 4.32636635e-03 1.60875265e-02 -1.06173772e-02 2.90883891e-02 6.90382347e-03
1.35923252e-02 -2.55196914e-02 -1.75578259e-02 2.03483622e-03 -5.29881858e-04 2.99943681e-03 2.29405090e-02 -1.92888558e-03 -1.63856172e-03 -2.29245611e-03 9.53446142e-03 2.45360890e-03 9.12190881e-03 -6.02088775e-03 1.64957214e-02 3.91475437e-03
2.00925097e-02 -3.44487503e-02 -2.50139423e-02 2.80370703e-03 -7.79857510e-04 4.21910593e-03 3.27807665e-02 -2.74264882e-03 -2.34388560e-03 -3.27772228e-03 1.36383027e-02 3.50970821e-03 1.30481320e-02 -8.61245114e-03 2.35959645e-02 5.59979258e-03
-1.26050636e-02 2.06173025e-02 1.47148678e-02 -1.59261667e-03 4.45962884e-04 -2.46177590e-03 -1.89615525e-02 1.58487319e-03 1.35668111e-03 1.89804414e-03 -7.89526012e-03 -2.03177100e-03 -7.55365146e-03 4.98577207e-03 -1.36597473e-02 -3.24173155e-03
-1.88451204e-02 3.42979506e-02 2.40335837e-02 -2.67990446e-03 6.57598546e-04 -3.96906585e-03 -2.99007837e-02 2.52383668e-03 2.11709761e-03 2.96872063e-03 -1.23429336e-02 -3.17624863e-03 -1.18099507e-02 7.79464701e-03 -2.13550553e-02 -5.06823137e-03
-6.29591793e-02 1.06874302e-01 7.69468620e-02 -8.22314993e-03 2.24666670e-03 -1.23012140e-02 -9.41461697e-02 7.88600463e-03 6.70327991e-03 9.38262045e-03 -3.90418395e-02 -1.00471461e-02 -3.73520963e-02 2.46543940e-02 -6.75470755e-02 -1.60300303e-02
2.88815703e-02 -5.32207116e-02 -3.60744521e-02 3.89753678e-03 -1.01415825e-03 5.88330161e-03 4.42175940e-02 -3.69530637e-03 -3.12380213e-03 -4.38026572e-03 1.81981120e-02 4.68288595e-03 1.74111947e-02 -1.14920773e-02 3.14847790e-02 7.47224176e-03
-5.23410365e-03 9.41725075e-03 7.20304949e-03 -8.12706421e-04 2.58314423e-04 -1.30287220e-03 -1.02869160e-02 8.58085812e-04 7.40546559e-04 1.03431428e-03 -4.30606119e-03 -1.10815966e-03 -4.11950983e-03 2.71920534e-03 -7.45001854e-03 -1.76798948e-03
1.56079698e-02 -2.72929333e-02 -1.89044457e-02 2.24903668e-03 -5.45529299e-04 3.22207529e-03 2.44592838e-02 -2.07355618e-03 -1.73247606e-03 -2.43235263e-03 1.01025058e-02 2.59960699e-03 9.66745988e-03 -6.38016034e-03 1.74791832e-02 4.14884975e-03
-8.75027198e-03 1.49191087e-02 1.01028904e-02 -1.21957692e-03 2.85982445e-04 -1.70465501e-03 -1.29065542e-02 1.08925183e-03 9.09794762e-04 1.27705885e-03 -5.30306902e-03 -1.36459689e-03 -5.07446984e-03 3.34896962e-03 -9.17504448e-03 -2.17767782e-03
-5.86364120e-02 9.36560854e-02 6.34702966e-02 -7.16396095e-03 1.74126180e-03 -1.10493740e-02 -8.01715255e-02 6.77353190e-03 5.70544554e-03 7.99757522e-03 -3.32066789e-02 -8.54483526e-03 -3.17710564e-02 2.09697224e-02 -5.74504845e-02 -1.36348931e-02
-6.63873460e-03 1.06998216e-02 7.74678774e-03 -8.63762107e-04 2.30897596e-04 -1.29728939e-03 -9.91317723e-03 8.36134655e-04 7.05750193e-04 9.87573294e-04 -4.10763733e-03 -1.05705578e-03 -3.92992795e-03 2.59392103e-03 -7.10668368e-03 -1.68655778e-03
-9.08648130e-03 1.54403076e-02 1.27893966e-02 -1.34689489e-03 4.96205583e-04 -2.38170801e-03 -1.90555882e-02 1.58806145e-03 1.37884752e-03 1.92375190e-03 -8.01351201e-03 -2.06232839e-03 -7.66580086e-03 5.06029185e-03 -1.38642685e-02 -3.29000992e-03
-2.83974037e-02 5.38616888e-02 3.49075794e-02 -4.23855521e-03 1.01286522e-03 -5.90395182e-03 -4.48973067e-02 3.78033030e-03 3.17313988e-03 4.45179408e-03 -1.84883885e-02 -4.75748722e-03 -1.76915471e-02 1.16759976e-02 -3.19879502e-02 -7.59247271e-03
-2.50405576e-02 4.74584587e-02 3.43931727e-02 -3.99866514e-03 1.14362442e-03 -6.01584092e-03 -4.65383716e-02 3.89107154e-03 3.34075652e-03 4.67006490e-03 -1.94327254e-02 -5.00090234e-03 -1.85911190e-02 1.22715132e-02 -3.36209014e-02 -7.97874387e-03
4.16432228e-03 -7.62767438e-03 -5.63461101e-03 6.92222442e-04 -1.88622842e-04 1.00692734e-03 7.80621124e-03 -6.53183553e-04 -5.59564622e-04 -7.82191637e-04 3.25501501e-03 8.37661617e-04 3.11407819e-03 -2.05549295e-03 5.63156512e-03 1.33646152e-03
-3.18610035e-02 6.27416521e-02 4.58439142e-02 -5.11257257e-03 1.37978990e-03 -7.76682375e-03 -5.96518070e-02 5.04156156e-03 4.24341392e-03 5.94018912e-03 -2.47015841e-02 -6.35660300e-03 -2.36346330e-02 1.55990710e-02 -4.27371226e-02 -1.01427361e-02
-1.29266232e-02 2.28912998e-02 1.66835971e-02 -1.97474984e-03 5.19693014e-04 -2.88665132e-03 -2.20995881e-02 1.84937543e-03 1.57994486e-03 2.21148087e-03 -9.19645559e-03 -2.36658147e-03 -8.79875477e-03 5.80745749e-03 -1.59109458e-02 -3.77606018e-03
-1.88715272e-02 4.10490558e-02 2.79804729e-02 -3.19429021e-03 8.11564096e-04 -4.69883811e-03 -3.47403958e-02 2.90712737e-03 2.48201820e-03 3.47588141e-03 -1.44496756e-02 -3.71842273e-03 -1.38246091e-02 9.12471954e-03 -2.49993652e-02 -5.93285682e-03
-3.84237766e-02 6.13333136e-02 3.97173613e-02 -4.59404010e-03 1.12883584e-03 -6.40191510e-03 -4.88522798e-02 4.09870548e-03 3.47342854e-03 4.86045843e-03 -2.02205740e-02 -5.20331599e-03 -1.93463303e-02 1.27690425e-02 -3.49835269e-02 -8.30236264e-03
8.83036107e-03 -1.53028145e-02 -1.11596277e-02 1.30757736e-03 -3.41868406e-04 1.89292221e-03 1.45578478e-02 -1.22346240e-03 -1.04123598e-03 -1.45735533e-03 6.06052624e-03 1.55960803e-03 5.79839339e-03 -3.82717582e-03 1.04854573e-02 2.48844130e-03
2.21588910e-02 -4.25324216e-02 -3.00165582e-02 3.28979339e-03 -9.77848540e-04 5.16716111e-03 4.01674584e-02 -3.37661034e-03 -2.87681306e-03 -4.02282597e-03 1.67387296e-02 4.30764677e-03 1.60140507e-02 -1.05704078e-02 2.89602652e-02 6.87278155e-03
1.53454030e-02 -3.72218825e-02 -2.92728525e-02 3.09074810e-03 -9.40998900e-04 5.07570244e-03 3.87134440e-02 -3.25892563e-03 -2.77037080e-03 -3.87454429e-03 1.61181055e-02 4.14781505e-03 1.54204424e-02 -1.01782242e-02 2.78858300e-02 6.61778636e-03
-6.94600213e-03 1.55636435e-02 1.32829798e-02 -1.32011238e-03 4.99371497e-04 -2.44691363e-03 -1.94297805e-02 1.61835982e-03 1.40044920e-03 1.95533480e-03 -8.14155303e-03 -2.09522760e-03 -7.78871914e-03 5.14123356e-03 -1.40858730e-02 -3.34274909e-03
3.54963690e-02 -6.81276321e-02 -4.88690324e-02 5.16713178e-03 -1.47462427e-03 8.05940852e-03 6.30286559e-02 -5.27411886e-03 -4.49070754e-03 -6.27972698e-03 2.61329263e-02 6.72506401e-03 2.50010304e-02 -1.65023003e-02 4.52123731e-02 1.07295979e-02
-2.20187102e-02 3.68900821e-02 2.51045488e-02 -2.83947913e-03 5.81337372e-04 -4.44294512e-03 -3.23063023e-02 2.77125300e-03 2.19627121e-03 3.09808366e-03 -1.28449984e-02 -3.30480887e-03 -1.22908009e-02 8.11084360e-03 -2.22204980e-02 -5.27383201e-03
1.10041210e-02 -2.06020791e-02 -1.37311425e-02 1.61035929e-03 -3.91569629e-04 2.38622283e-03 1.76805761e-02 -1.49383675e-03 -1.24879100e-03 -1.75462500e-03 7.27935275e-03 1.87308935e-03 6.96637714e-03 -4.59721452e-03 1.25946049e-02 2.98956363e-03
-2.43520848e-02 3.83982509e-02 2.44263932e-02 -3.12342308e-03 7.02382007e-04 -4.14778013e-03 -3.11897770e-02 2.71571660e-03 2.21159426e-03 3.10192374e-03 -1.28880739e-02 -3.31643224e-03 -1.23321721e-02 8.13887361e-03 -2.22980194e-02 -5.29198442e-03
-1.69460196e-02 2.91256104e-02 1.92938745e-02 -2.41415529e-03 5.35417872e-04 -3.14506888e-03 -2.34590415e-02 2.01092730e-03 1.65629899e-03 2.32077413e-03 -9.64073278e-03 -2.48096115e-03 -9.22400784e-03 6.08813902e-03 -1.66797489e-02 -3.95851675e-03
-2.36324058e-03 5.59013896e-03 4.62792302e-03 -5.05483360e-04 1.74265748e-04 -8.60904809e-04 -6.80386787e-03 5.68048214e-04 4.89980099e-04 6.84281695e-04 -2.84889713e-03 -7.33161694e-04 -2.72546895e-03 1.79903128e-03 -4.92894882e-03 -1.16970506e-03
8.09401553e-03 -1.40807629e-02 -9.45233554e-03 1.15186069e-03 -2.76400853e-04 1.59338291e-03 1.21657727e-02 -1.01569225e-03 -8.63880734e-04 -1.20999326e-03 5.03104972e-03 1.29468995e-03 4.81347973e-03 -3.17706959e-03 8.70434474e-03 2.06572702e-03
4.81346063e-03 -8.37537926e-03 -6.11271523e-03 7.07141240e-04 -1.79585040e-04 1.03478564e-03 7.89193250e-03 -6.63356797e-04 -5.63097070e-04 -7.88126781e-04 3.27768060e-03 8.43473070e-04 3.13592213e-03 -2.06981995e-03 5.67076728e-03 1.34579546e-03
7.36664468e-03 -1.32869659e-02 -9.14320536e-03 1.12118712e-03 -2.46163370e-04 1.52985845e-03 1.16956718e-02 -9.87669919e-04 -8.24743824e-04 -1.15625456e-03 4.80513787e-03 1.23652548e-03 4.59758285e-03 -3.03449295e-03 8.31362605e-03 1.97309232e-03
4.12935158e-03 -2.81784986e-03 -1.36935327e-04 1.13788330e-04 4.71327003e-05 -3.75322197e-05 -7.91855622e-04 6.16064790e-05 6.31352013e-05 8.64502363e-05 -3.64153762e-04 -9.37503937e-05 -3.48228408e-04 2.29959172e-04 -6.30104274e-04 -1.49494837e-04
-2.64631603e-02 4.21674289e-02 3.15524265e-02 -3.60049587e-03 9.92812915e-04 -5.36954170e-03 -4.15756181e-02 3.49236629e-03 2.97669973e-03 4.16301982e-03 -1.73209198e-02 -4.45742952e-03 -1.65711828e-02 1.09379096e-02 -2.99672354e-02 -7.11173937e-03
1.94376782e-02 -3.86412404e-02 -2.74927448e-02 3.09045869e-03 -8.79938714e-04 4.75946767e-03 3.66972201e-02 -3.10233654e-03 -2.62424559e-03 -3.67321842e-03 1.52808372e-02 3.93237965e-03 1.46203525e-02 -9.65032727e-03 2.64382157e-02 6.27464987e-03
-2.40400098e-02 4.13250551e-02 3.00767049e-02 -3.33611411e-03 8.91898468e-04 -5.19825984e-03 -3.89825962e-02 3.29835853e-03 2.77183927e-03 3.88289546e-03 -1.61413066e-02 -4.15374292e-03 -1.54431621e-02 1.01930937e-02 -2.79262867e-02 -6.62758248e-03
-2.13000178e-03 5.70598617e-03 4.66426555e-03 -5.09027566e-04 1.59340227e-04 -8.36449442e-04 -6.49499474e-03 5.43086673e-04 4.65520250e-04 6.50974573e-04 -2.70786695e-03 -6.96857227e-04 -2.59061716e-03 1.70998147e-03 -4.68495674e-03 -1.11181929e-03
-9.97041538e-03 1.90711319e-02 1.35787269e-02 -1.67726877e-03 4.01037541e-04 -2.43636454e-03 -1.79795194e-02 1.52331940e-03 1.27715559e-03 1.79190561e-03 -7.43797654e-03 -1.91401644e-03 -7.11686909e-03 4.69718641e-03 -1.28688179e-02 -3.05424794e-03
7.25568505e-04 -2.65418040e-03 -2.62236339e-03 1.65184465e-04 -1.20651515e-04 4.82777425e-04 4.26368322e-03 -3.54165997e-04 -3.11306620e-04 -4.32720844e-04 1.80678954e-03 4.65011311e-04 1.72825612e-03 -1.14091916e-03 3.12596210e-03 7.41763273e-04
-2.35574059e-02 6.15768842e-02 4.18669544e-02 -4.20548581e-03 8.71265656e-04 -6.25936501e-03 -4.61363792e-02 4.00627172e-03 3.18374555e-03 4.48706932e-03 -1.85759887e-02 -4.77975560e-03 -1.77796613e-02 1.17308442e-02 -3.21416967e-02 -7.62757100e-03
2.58533796e-03 -2.42909510e-03 -3.16565129e-04 6.07939000e-06 2.91808028e-05 -3.87078035e-05 -4.85579891e-04 3.77517754e-05 4.27333216e-05 5.79168154e-05 -2.44354072e-04 -6.29111382e-05 -2.33549828e-04 1.54284658e-04 -4.22760000e-04 -1.00292404e-04
-1.16753653e-02 2.22305600e-02 1.50956865e-02 -1.80352083e-03 4.23689606e-04 -2.53737485e-03 -1.88549403e-02 1.57974334e-03 1.34016958e-03 1.87915110e-03 -7.80807482e-03 -2.00925232e-03 -7.47082662e-03 4.93076677e-03 -1.35089112e-02 -3.20607633e-03
1.28163192e-02 -2.29498334e-02 -1.64230280e-02 1.93557818e-03 -4.90856997e-04 2.81489594e-03 2.10957229e-02 -1.78417098e-03 -1.49673491e-03 -2.09897268e-03 8.72200727e-03 2.24439777e-03 8.34554899e-03 -5.50794788e-03 1.50900828e-02 3.58145987e-03
2.73288228e-03 -5.73719200e-03 -4.29090625e-03 4.82619274e-04 -1.27933949e-04 7.23983161e-04 5.52795921e-03 -4.64875979e-04 -3.94443457e-04 -5.52143960e-04 2.29596091e-03 5.90835349e-04 2.19665561e-03 -1.44986960e-03 3.97226075e-03 9.42705024e-04
-8.12198967e-03 1.24645969e-02 8.41129199e-03 -1.18151063e-03 2.46219017e-04 -1.49793434e-03 -1.12947281e-02 9.57364740e-04 8.00500915e-04 1.12239702e-03 -4.66320477e-03 -1.19997852e-03 -4.46171174e-03 2.94484408e-03 -8.06794688e-03 -1.91479723e-03
-1.76840760e-02 2.98327543e-02 2.15857923e-02 -2.44780956e-03 6.80456928e-04 -3.76666267e-03 -2.85687577e-02 2.41537369e-03 2.04296433e-03 2.85916007e-03 -1.18905222e-02 -3.05985636e-03 -1.13760354e-02 7.50868581e-03 -2.05718614e-02 -4.88221832e-03
6.64738566e-03 -1.10946754e-02 -7.84299709e-03 1.02284085e-03 -2.27023411e-04 1.34562596e-03 1.01407291e-02 -8.59934371e-04 -7.17928400e-04 -1.00842596e-03 4.18492313e-03 1.07683567e-03 4.00491431e-03 -2.64293165e-03 7.24061765e-03 1.71868864e-03
2.85188854e-03 -6.22916687e-03 -4.50859871e-03 5.19589812e-04 -1.36504212e-04 7.69475650e-04 5.95904281e-03 -5.00346592e-04 -4.24679252e-04 -5.94536774e-04 2.47229519e-03 6.36214158e-04 2.36538472e-03 -1.56123494e-03 4.27736947e-03 1.01512298e-03
6.16014004e-03 -1.09467730e-02 -6.74861949e-03 6.81875274e-04 -1.64222714e-04 1.00228027e-03 7.56442780e-03 -6.36363926e-04 -5.34754596e-04 -7.48818158e-04 3.11496248e-03 8.01586255e-04 2.98008672e-03 -1.96700101e-03 5.38909249e-03 1.27892406e-03
1.86213106e-02 -2.96569075e-02 -2.10863594e-02 2.21731304e-03 -5.72670251e-04 3.43012740e-03 2.57316846e-02 -2.15986185e-03 -1.82429887e-03 -2.55567767e-03 1.06218401e-02 2.73330440e-03 1.01626925e-02 -6.70755235e-03 1.83767732e-02 4.36128676e-03
1.19284289e-02 -2.22810544e-02 -1.63496137e-02 1.79264450e-03 -4.83219133e-04 2.70229531e-03 2.06919815e-02 -1.73295336e-03 -1.47737458e-03 -2.06680177e-03 8.59758724e-03 2.21251929e-03 8.22544564e-03 -5.42924274e-03 1.48747973e-02 3.53004853e-03
-2.26308405e-02 4.49647866e-02 3.03596575e-02 -3.21386848e-03 8.11859092e-04 -5.14166430e-03 -3.74927223e-02 3.17194383e-03 2.63944059e-03 3.70951602e-03 -1.53955184e-02 -3.96133307e-03 -1.47318579e-02 9.72192455e-03 -2.66343653e-02 -6.32155361e-03
1.17400028e-02 -2.27365959e-02 -1.59691125e-02 1.77982240e-03 -4.34574904e-04 2.70077889e-03 1.98611822e-02 -1.68910064e-03 -1.39842823e-03 -1.96611276e-03 8.15810077e-03 2.09911144e-03 7.80841429e-03 -5.15242713e-03 1.41153242e-02 3.35085718e-03
3.67796943e-02 -6.49851933e-02 -4.40515466e-02 5.08524757e-03 -1.34806382e-03 7.45274872e-03 5.75454161e-02 -4.83282516e-03 -4.09793667e-03 -5.73120592e-03 2.38432530e-02 6.13586325e-03 2.28110515e-02 -1.50565803e-02 4.12513725e-02 9.78964847e-03
8.98715854e-03 -1.69383772e-02 -1.16317105e-02 1.38187630e-03 -3.19721992e-04 1.96341635e-03 1.45600475e-02 -1.22508244e-03 -1.03093730e-03 -1.44603499e-03 6.00593910e-03 1.54547347e-03 5.74681303e-03 -3.79276462e-03 1.03909783e-02 2.46617710e-03
3.59224179e-03 -6.19185530e-03 -4.52200323e-03 5.19112509e-04 -1.34821166e-04 7.82092626e-04 5.97545831e-03 -5.04768163e-04 -4.25387378e-04 -5.95530611e-04 2.47648219e-03 6.37284946e-04 2.36948184e-03 -1.56387116e-03 4.28459235e-03 1.01684965e-03
2.86858846e-02 -5.40320165e-02 -4.00574356e-02 4.39900067e-03 -1.26898428e-03 6.77388767e-03 5.26322760e-02 -4.40106867e-03 -3.76686337e-03 -5.26510924e-03 2.19103154e-02 5.63851511e-03 2.09613983e-02 -1.38359545e-02 3.79073359e-02 8.99597164e-03
-3.37798446e-02 3.73281315e-02 1.30609646e-02 -2.52493145e-03 2.50260113e-04 -2.02183728e-03 -1.33253485e-02 1.13532983e-03 9.19607875e-04 1.30047777e-03 -5.37700811e-03 -1.38308806e-03 -5.14940033e-03 3.39579582e-03 -9.30282101e-03 -2.20979610e-03
4.93398448e-03 -9.29184258e-03 -6.51103538e-03 7.58137961e-04 -1.92241219e-04 1.10639969e-03 8.39381199e-03 -7.03166355e-04 -5.98814280e-04 -8.38101027e-04 3.48532130e-03 8.96908692e-04 3.33452947e-03 -2.20093527e-03 6.02999423e-03 1.43103802e-03
-1.27554350e-02 2.27118600e-02 1.52692590e-02 -1.76730845e-03 3.72581620e-04 -2.49910937e-03 -1.84779596e-02 1.56181806e-03 1.28976046e-03 1.81813794e-03 -7.52934767e-03 -1.93716784e-03 -7.20702810e-03 4.75532562e-03 -1.30272219e-02 -3.09284148e-03
-1.72778238e-02 3.29583958e-02 2.35576369e-02 -2.48891045e-03 6.12874457e-04 -3.62673542e-03 -2.72153914e-02 2.28802604e-03 1.93047803e-03 2.70894356e-03 -1.12514067e-02 -2.89524905e-03 -1.07669579e-02 7.10543664e-03 -1.94668267e-02 -4.62035928e-03
-1.53064346e-02 2.77488679e-02 1.97167583e-02 -2.22596899e-03 6.19854254e-04 -3.38532450e-03 -2.62613855e-02 2.19498016e-03 1.88149151e-03 2.63126264e-03 -1.09471586e-02 -2.81717977e-03 -1.04732616e-02 6.91297278e-03 -1.89398732e-02 -4.49475227e-03
-5.25906160e-02 9.80598480e-02 6.69486076e-02 -7.60381576e-03 2.13399250e-03 -1.16203427e-02 -8.97184312e-02 7.50626670e-03 6.40405202e-03 8.95729568e-03 -3.72624807e-02 -9.58920922e-03 -3.56492251e-02 2.35306676e-02 -6.44682348e-02 -1.52994618e-02
-2.44512758e-03 5.56992460e-03 4.69548069e-03 -4.99104906e-04 1.70672167e-04 -8.54262500e-04 -6.69996347e-03 5.60011249e-04 4.81288065e-04 6.72451919e-04 -2.79899873e-03 -7.20313576e-04 -2.67777755e-03 1.76752475e-03 -4.84261103e-03 -1.14922633e-03
-4.44073696e-03 3.24817235e-03 1.41921372e-03 -1.53740548e-04 2.94847850e-05 -2.00783325e-04 -1.49148726e-03 1.24844257e-04 1.05465457e-04 1.48012070e-04 -6.15000201e-04 -1.58256065e-04 -5.88454364e-04 3.88374319e-04 -1.06402650e-03 -2.52527680e-04
-7.53643829e-03 9.75950714e-03 5.70676103e-03 -7.48687191e-04 1.46267688e-04 -9.61135083e-04 -7.09156739e-03 6.02842774e-04 5.02646435e-04 7.06428720e-04 -2.93238484e-03 -7.54550390e-04 -2.80632148e-03 1.85197021e-03 -5.07367495e-03 -1.20430556e-03
2.16291565e-02 -3.57961133e-02 -2.40076445e-02 3.09522473e-03 -6.83921622e-04 4.09765309e-03 3.03100962e-02 -2.56280205e-03 -2.15475541e-03 -3.02210753e-03 1.25501016e-02 3.22940829e-03 1.20087136e-02 -7.92552065e-03 2.17131861e-02 5.15353587e-03
-3.32550704e-02 6.23289794e-02 4.48841788e-02 -4.65174671e-03 1.31823460e-03 -7.37675652e-03 -5.69343679e-02 4.77681356e-03 4.07147966e-03 5.69251366e-03 -2.36870181e-02 -6.09570788e-03 -2.26614084e-02 1.49579365e-02 -4.09811847e-02 -9.72547568e-03
2.99720187e-03 -5.82827860e-03 -4.36846167e-03 4.85085679e-04 -1.43880345e-04 7.63834105e-04 5.91735868e-03 -4.95650165e-04 -4.23912104e-04 -5.92864526e-04 2.46659527e-03 6.34759548e-04 2.35985825e-03 -1.55762932e-03 4.26751468e-03 1.01276522e-03
4.33742628e-03 -6.73139188e-03 -5.13027748e-03 5.70564822e-04 -1.71372551e-04 8.96192680e-04 6.99019898e-03 -5.84034715e-04 -5.01889386e-04 -7.01423385e-04 2.91929045e-03 7.51268002e-04 2.79286946e-03 -1.84348773e-03 5.05072717e-03 1.19861437e-03
-2.51804525e-03 3.59972334e-03 3.76853347e-03 -2.93685240e-04 1.78091606e-04 -7.19854317e-04 -6.02832483e-03 4.90466831e-04 4.45488200e-04 6.18928578e-04 -2.58414028e-03 -6.65091968e-04 -2.47164839e-03 1.63175806e-03 -4.47085081e-03 -1.06085697e-03
1.84565911e-03 -2.50717998e-03 -1.09884504e-03 1.56905124e-04 4.74669287e-06 1.22566358e-04 6.23296248e-04 -5.70952907e-05 -3.60687482e-05 -5.26965559e-05 2.14821863e-04 5.52449892e-05 2.05838049e-04 -1.35694558e-04 3.71681526e-04 8.82719032e-05
-1.32881198e-03 8.66711081e-04 6.10269199e-04 -6.89613371e-05 2.62417016e-05 -1.19719392e-04 -9.86575265e-04 8.24432791e-05 7.13288609e-05 9.95019218e-05 -4.14457987e-04 -1.06661821e-04 -3.96490504e-04 2.61722365e-04 -7.17064831e-04 -1.70167827e-04
-3.13641992e-03 5.20501705e-03 3.90183344e-03 -4.30518237e-04 1.32154164e-04 -6.87956286e-04 -5.38621144e-03 4.50363412e-04 3.86756379e-04 5.40432986e-04 -2.24935892e-03 -5.78865292e-04 -2.15194141e-03 1.42043503e-03 -3.89166502e-03 -9.23549698e-04
1.77378692e-02 -3.46439220e-02 -2.22442932e-02 2.77440925e-03 -5.78851672e-04 3.67608108e-03 2.74807625e-02 -2.30833935e-03 -1.91805721e-03 -2.69325753e-03 1.11788614e-02 2.87650828e-03 1.06973033e-02 -7.05937203e-03 1.93405524e-02 4.59024031e-03
9.55076143e-03 -1.46058593e-02 -9.67472326e-03 1.13055040e-03 -2.88091222e-04 1.66159589e-03 1.25282891e-02 -1.05036166e-03 -8.92344629e-04 -1.25016284e-03 5.19584585e-03 1.33704697e-03 4.97133657e-03 -3.28112254e-03 8.98933597e-03 2.13343115e-03
-2.83282399e-02 5.49577624e-02 3.59169170e-02 -4.05334681e-03 1.08857837e-03 -6.03320030e-03 -4.64797691e-02 3.89665272e-03 3.32315406e-03 4.64700023e-03 -1.93327330e-02 -4.97507397e-03 -1.84958894e-02 1.22082690e-02 -3.34476233e-02 -7.93775823e-03
2.29288526e-02 -3.96709107e-02 -2.66352333e-02 3.36715346e-03 -7.78955291e-04 4.59515955e-03 3.47693712e-02 -2.92867119e-03 -2.47620908e-03 -3.46535724e-03 1.44150089e-02 3.70958308e-03 1.37911942e-02 -9.10295546e-03 2.49397531e-02 5.91868907e-03
-3.33100930e-02 5.96256331e-02 4.12320830e-02 -4.53559449e-03 1.27334823e-03 -6.94754859e-03 -5.33847250e-02 4.46163025e-03 3.81783908e-03 5.33978362e-03 -2.22160667e-02 -5.71708474e-03 -2.12545600e-02 1.40290754e-02 -3.84361669e-02 -9.12161078e-03
9.62835178e-03 -1.87759809e-02 -1.35820229e-02 1.46977825e-03 -4.50525462e-04 2.35865731e-03 1.83875766e-02 -1.53637200e-03 -1.32035522e-03 -1.84507191e-03 7.67955743e-03 1.97630655e-03 7.34692812e-03 -4.84950980e-03 1.32865440e-02 3.15308920e-03
-2.05460526e-02 3.52176130e-02 2.25262344e-02 -2.59554945e-03 5.71565470e-04 -3.64610460e-03 -2.64736693e-02 2.21798383e-03 1.87793397e-03 2.63171201e-03 -1.09396046e-02 -2.81510828e-03 -1.04668429e-02 6.90832268e-03 -1.89268384e-02 -4.49190848e-03
-1.66921820e-02 2.99059469e-02 2.22969465e-02 -2.43749260e-03 7.53037340e-04 -3.91157577e-03 -3.05335168e-02 2.55191932e-03 2.19120970e-03 3.06227780e-03 -1.27454866e-02 -3.27999471e-03 -1.21935392e-02 8.04856699e-03 -2.20512040e-02 -5.23308525e-03
2.99825650e-02 -5.63783683e-02 -4.24915701e-02 4.46948130e-03 -1.33058196e-03 7.09368102e-03 5.51942438e-02 -4.62580891e-03 -3.95089667e-03 -5.52226044e-03 2.29859445e-02 5.91535401e-03 2.19905265e-02 -1.45152751e-02 3.97684909e-02 9.43764392e-03
1.15444260e-02 -2.32889652e-02 -1.67254675e-02 1.76425453e-03 -4.84563527e-04 2.73458380e-03 2.09225677e-02 -1.75683503e-03 -1.48646417e-03 -2.08154274e-03 8.65332503e-03 2.22677016e-03 8.27881508e-03 -5.46437735e-03 1.49709908e-02 3.55292438e-03
2.60948553e-03 -5.06665371e-03 -3.57723888e-03 4.41224431e-04 -9.24397318e-05 5.96768048e-04 4.41426272e-03 -3.75165633e-04 -3.09555238e-04 -4.35608352e-04 1.80609967e-03 4.64710087e-04 1.72859093e-03 -1.14063895e-03 3.12486035e-03 7.41789932e-04
-6.16029948e-02 1.13772914e-01 8.45370069e-02 -9.61237215e-03 2.76310649e-03 -1.47020323e-02 -1.13337554e-01 9.49855056e-03 8.13013688e-03 1.13641294e-02 -4.72938716e-02 -1.21709276e-02 -4.52456400e-02 2.98653692e-02 -8.18243176e-02 -1.94181055e-02
2.85752937e-02 -5.35269938e-02 -3.61936316e-02 4.33065603e-03 -1.10912265e-03 5.97936194e-03 4.66416366e-02 -3.88990017e-03 -3.33807408e-03 -4.66735847e-03 1.94211062e-02 4.99783782e-03 1.85801405e-02 -1.22642936e-02 3.36009637e-02 7.97417574e-03
-3.40110506e-04 2.42202776e-04 -1.50794606e-03 4.43337049e-05 -1.04194070e-04 3.51728115e-04 3.12039466e-03 -2.51524703e-04 -2.32276885e-04 -3.20767082e-04 1.34202512e-03 3.45445558e-04 1.28317473e-03 -8.47347372e-04 2.32178788e-03 5.50833181e-04
7.00179674e-03 -1.21061727e-02 -7.36129982e-03 9.20268765e-04 -1.84369666e-04 1.30527234e-03 9.35864076e-03 -8.34392617e-04 -6.54459756e-04 -9.20810562e-04 3.81582812e-03 9.81817604e-04 3.65197193e-03 -2.40982859e-03 6.60191430e-03 1.56711950e-03
-7.33416434e-03 1.37956105e-02 1.05867283e-02 -1.16980309e-03 3.45816457e-04 -1.85259327e-03 -1.42931938e-02 1.19588745e-03 1.02266984e-03 1.43033930e-03 -5.95068699e-03 -1.53135241e-03 -5.69315255e-03 3.75777204e-03 -1.02953557e-02 -2.44329055e-03
-4.12856899e-02 7.35309124e-02 5.23110852e-02 -6.11432688e-03 1.46128098e-03 -8.47833324e-03 -6.42580464e-02 5.45254489e-03 4.55691293e-03 6.39589876e-03 -2.65667364e-02 -6.83601899e-03 -2.54221018e-02 1.67773608e-02 -4.59639914e-02 -1.09097250e-02
1.39880069e-02 -2.69734114e-02 -1.85052902e-02 2.08574347e-03 -5.19227819e-04 2.99822632e-03 2.25829817e-02 -1.89758919e-03 -1.60486193e-03 -2.24936241e-03 9.34965722e-03 2.40591844e-03 8.94622039e-03 -5.90432808e-03 1.61760617e-02 3.83915706e-03
-8.11761431e-03 1.40289273e-02 9.60829481e-03 -1.12050178e-03 2.80459848e-04 -1.61468470e-03 -1.22380955e-02 1.03756983e-03 8.67279130e-04 1.21573091e-03 -5.05192485e-03 -1.29998836e-03 -4.83381283e-03 3.19027482e-03 -8.74037109e-03 -2.07440252e-03
1.33648384e-02 -2.56471932e-02 -1.81886852e-02 2.09044036e-03 -4.80295450e-04 3.07854405e-03 2.25805696e-02 -1.90570566e-03 -1.59133167e-03 -2.23681214e-03 9.28256474e-03 2.38857325e-03 8.88284668e-03 -5.86211169e-03 1.60600878e-02 3.81193962e-03
8.06359388e-03 -1.54704852e-02 -1.11931907e-02 1.24004984e-03 -3.46394110e-04 1.96076347e-03 1.46890879e-02 -1.22506346e-03 -1.04974653e-03 -1.46923342e-03 6.10876130e-03 1.57200464e-03 5.84441843e-03 -3.85756488e-03 1.05687426e-02 2.50817393e-03
-1.68192219e-02 3.09232250e-02 2.13913508e-02 -2.55756942e-03 5.51891455e-04 -3.59161780e-03 -2.58931629e-02 2.18471186e-03 1.84062321e-03 2.58406275e-03 -1.07269119e-02 -2.76034186e-03 -1.02638230e-02 6.77418616e-03 -1.85590722e-02 -4.40478977e-03
-1.58137120e-02 2.66723856e-02 1.88597441e-02 -3.18472041e-03 5.27450058e-04 -3.10369604e-03 -2.36468650e-02 2.01044907e-03 1.67687610e-03 2.35218205e-03 -9.77422111e-03 -2.51519401e-03 -9.35219135e-03 6.17246376e-03 -1.69106908e-02 -4.01345314e-03
-4.45839427e-02 9.42623690e-02 6.67885318e-02 -8.04154575e-03 1.89925823e-03 -1.12608243e-02 -8.63949582e-02 7.23306136e-03 6.06350787e-03 8.50755535e-03 -3.53664719e-02 -9.10094380e-03 -3.38400006e-02 2.23338939e-02 -6.11885004e-02 -1.45219183e-02
3.62122175e-03 -3.25994962e-03 -1.80199847e-03 3.25991481e-04 -3.79795529e-05 2.70931196e-04 2.04306399e-03 -1.71077540e-04 -1.43910438e-04 -2.02012510e-04 8.39010056e-04 2.15890628e-04 8.02866241e-04 -5.29844663e-04 1.45157892e-03 3.44527885e-04
-3.16588162e-03 6.01298874e-03 4.60502924e-03 -5.18852030e-04 1.51719709e-04 -8.19965440e-04 -6.31912705e-03 5.31979371e-04 4.51707165e-04 6.31992647e-04 -2.62789661e-03 -6.76265103e-04 -2.51419260e-03 1.65948132e-03 -4.54655895e-03 -1.07899273e-03
-1.46639924e-02 2.77324896e-02 1.91612598e-02 -2.07987544e-03 5.61169931e-04 -3.12817469e-03 -2.37935651e-02 1.99342775e-03 1.69690058e-03 2.37356755e-03 -9.87438299e-03 -2.54109944e-03 -9.44695156e-03 6.23551663e-03 -1.70838032e-02 -4.05427301e-03
-3.15344557e-02 5.90586178e-02 4.15991917e-02 -4.77824826e-03 1.19591458e-03 -6.83399243e-03 -5.23804650e-02 4.38347319e-03 3.73919122e-03 5.23532182e-03 -2.17693597e-02 -5.60206966e-03 -2.08280440e-02 1.37472209e-02 -3.76636721e-02 -8.93849228e-03
-1.17948558e-02 1.91011187e-02 1.00704134e-02 -1.07359793e-03 2.08018784e-04 -1.52297737e-03 -1.07706608e-02 9.46049695e-04 7.55241490e-04 1.06025115e-03 -4.40223468e-03 -1.13277498e-03 -4.21218667e-03 2.77999393e-03 -7.61623634e-03 -1.80762645e-03
9.17834789e-03 -1.86344124e-02 -1.26750683e-02 2.12905463e-03 -3.12344637e-04 2.16160528e-03 1.53558282e-02 -1.30250375e-03 -1.07525685e-03 -1.51466380e-03 6.27462799e-03 1.61458959e-03 6.00465434e-03 -3.96272726e-03 1.08563798e-02 2.57687480e-03
-6.78973049e-02 1.33089304e-01 8.74759182e-02 -1.06694745e-02 2.68117664e-03 -1.50526073e-02 -1.14630081e-01 9.56876203e-03 8.13682936e-03 1.13972928e-02 -4.73808125e-02 -1.21926749e-02 -4.53316383e-02 2.99203582e-02 -8.19736421e-02 -1.94543805e-02
-1.83340870e-02 2.66476944e-02 1.66812167e-02 -2.04478949e-03 3.58919671e-04 -2.60739634e-03 -1.85384694e-02 1.57763029e-03 1.29774073e-03 1.82348059e-03 -7.56540895e-03 -1.94673578e-03 -7.23943254e-03 4.77764755e-03 -1.30891120e-02 -3.10657825e-03
4.76524141e-03 -8.86202976e-03 -6.74534915e-03 7.53939385e-04 -2.26247736e-04 1.20887673e-03 9.38823353e-03 -7.86565652e-04 -6.73126080e-04 -9.40884755e-04 3.91542539e-03 1.00761396e-03 3.74589814e-03 -2.47253408e-03 6.77415682e-03 1.60762249e-03
7.25281565e-03 -1.22871464e-02 -8.69413465e-03 1.00094615e-03 -2.57234758e-04 1.48746104e-03 1.13662910e-02 -9.60060977e-04 -8.09808029e-04 -1.13464205e-03 4.71623195e-03 1.21365499e-03 4.51272307e-03 -2.97836075e-03 8.15979112e-03 1.93657901e-03
-1.77471396e-02 3.54259983e-02 2.67859194e-02 -3.05411429e-03 8.92206735e-04 -4.75981552e-03 -3.68295163e-02 3.09206499e-03 2.63801566e-03 3.68811190e-03 -1.53460298e-02 -3.94919328e-03 -1.46816755e-02 9.69078299e-03 -2.65504122e-02 -6.30087638e-03
7.37055065e-03 -1.24615924e-02 -9.01987497e-03 1.14598731e-03 -2.30585763e-04 1.42776524e-03 1.08166505e-02 -9.17634752e-04 -7.62048061e-04 -1.07113540e-03 4.44605900e-03 1.14401651e-03 4.25473973e-03 -2.80778972e-03 7.69230723e-03 1.82585942e-03
8.53774045e-03 -1.54647594e-02 -1.05710262e-02 1.24958891e-03 -3.09419294e-04 1.78484689e-03 1.35279270e-02 -1.13418803e-03 -9.64914856e-04 -1.35095872e-03 5.61757619e-03 1.44560973e-03 5.37460065e-03 -3.54743027e-03 9.71902534e-03 2.30653863e-03
1.33531261e-02 -2.85079405e-02 -2.12642606e-02 2.38639326e-03 -6.56421995e-04 3.57392174e-03 2.75025442e-02 -2.31472473e-03 -1.96771952e-03 -2.75234156e-03 1.14499349e-02 2.94655515e-03 1.09543530e-02 -7.23046996e-03 1.98097080e-02 4.70119389e-03
-8.61102622e-03 1.60928406e-02 1.11465566e-02 -1.38498377e-03 3.33308650e-04 -1.91901322e-03 -1.44803971e-02 1.21388445e-03 1.03262265e-03 1.44534837e-03 -6.00986928e-03 -1.54657464e-03 -5.74989384e-03 3.79517279e-03 -1.03977760e-02 -2.46761786e-03
-2.24081725e-02 3.99832912e-02 2.93259695e-02 -3.40214977e-03 9.31139104e-04 -5.05479611e-03 -3.89287360e-02 3.27123445e-03 2.78332504e-03 3.89732188e-03 -1.62038840e-02 -4.16980498e-03 -1.55036123e-02 1.02327541e-02 -2.80348435e-02 -6.65357243e-03
6.19376265e-03 -1.19524077e-02 -8.57400894e-03 9.29974485e-04 -2.66045245e-04 1.48571283e-03 1.13567263e-02 -9.56195814e-04 -8.11976439e-04 -1.13571505e-03 4.72453609e-03 1.21581857e-03 4.52004513e-03 -2.98347021e-03 8.17397423e-03 1.93983223e-03
-2.52194870e-02 4.83622327e-02 3.63733321e-02 -3.99307441e-03 1.07640296e-03 -5.93712414e-03 -4.61486094e-02 3.85706383e-03 3.30476556e-03 4.61945822e-03 -1.92258675e-02 -4.94769216e-03 -1.83932949e-02 1.21408114e-02 -3.32630128e-02 -7.89380819e-03
2.91206427e-02 -5.81872612e-02 -4.01071012e-02 4.58748965e-03 -1.22700678e-03 6.77301176e-03 5.25010601e-02 -4.41344315e-03 -3.73619050e-03 -5.22743398e-03 2.17497200e-02 5.59710525e-03 2.08085533e-02 -1.37346936e-02 3.76295894e-02 8.93021841e-03
-2.49092886e-03 1.04094027e-02 3.49909812e-03 -9.53023147e-04 -6.38538768e-05 -5.89919393e-04 -2.67625577e-03 2.68827600e-04 1.55493486e-04 2.33577637e-04 -9.26589535e-04 -2.38083812e-04 -8.88796756e-04 5.85480069e-04 -1.60323235e-03 -3.81234771e-04
