-7.23253936e-03 2.42453702e-02 1.32059259e-02 -6.40492933e-03 2.04690662e-03 1.27676660e-02 -8.84952862e-03 4.84814122e-02 -1.41877681e-02 5.73144667e-03 -1.68784820e-02 -1.12942569e-02 -1.18611800e-02 -1.82053144e-03 2.11421680e-02 4.92304470e-03
-4.92289604e-04 3.43420962e-03 2.00983137e-03 -1.12946576e-03 4.03614482e-04 2.29758513e-03 -1.60432246e-03 8.85135215e-03 -2.58461083e-03 1.05073559e-03 -3.09598353e-03 -2.07245909e-03 -2.17701914e-03 -3.34129232e-04 3.88174388e-03 9.04043671e-04
-5.15003863e-04 3.84253194e-03 2.06839456e-03 -9.85269551e-04 2.97353981e-04 1.94260036e-03 -1.33642007e-03 7.32881343e-03 -2.13369075e-03 8.60931294e-04 -2.53310730e-03 -1.69460941e-03 -1.77964661e-03 -2.73169251e-04 3.17099108e-03 7.38216913e-04
7.03106727e-03 -2.50396840e-02 -1.38128344e-02 6.85866363e-03 -2.23434018e-03 -1.36859920e-02 9.47516132e-03 -5.20947315e-02 1.51786711e-02 -6.16050698e-03 1.81440655e-02 1.21412668e-02 1.27529074e-02 1.95735181e-03 -2.27348674e-02 -5.29436953e-03
5.24054095e-03 -1.67499930e-02 -8.86313524e-03 4.45684092e-03 -1.33442064e-03 -8.91394168e-03 6.01269305e-03 -3.31716873e-02 9.63583123e-03 -3.90529819e-03 1.14775496e-02 7.68221030e-03 8.06886423e-03 1.23874156e-03 -1.43813463e-02 -3.34827625e-03
-3.18023446e-03 1.38490405e-02 7.45018851e-03 -3.74231138e-03 1.19905651e-03 7.47769140e-03 -5.13808662e-03 2.82287691e-02 -8.22659396e-03 3.33114900e-03 -9.80760343e-03 -6.56333053e-03 -6.89345552e-03 -1.05806952e-03 1.22869210e-02 2.86100549e-03
7.28522567e-03 -2.97809206e-02 -1.65030919e-02 8.70824605e-03 -2.86392611e-03 -1.75695010e-02 1.20983003e-02 -6.65686801e-02 1.94548946e-02 -7.89056439e-03 2.32329648e-02 1.55460108e-02 1.63281895e-02 2.50633806e-03 -2.91079562e-02 -6.77773636e-03
2.26146705e-03 -9.80814267e-03 -5.34736458e-03 2.66371365e-03 -8.17560183e-04 -5.24576753e-03 3.60917952e-03 -1.97707899e-02 5.78270480e-03 -2.33818847e-03 6.88044541e-03 4.60297149e-03 4.83398279e-03 7.42047792e-04 -8.61356407e-03 -2.00512144e-03
-8.20848998e-03 3.58659029e-02 1.90817434e-02 -9.36045777e-03 3.11333849e-03 1.87620837e-02 -1.29267927e-02 7.10821450e-02 -2.08037216e-02 8.42523295e-03 -2.48114876e-02 -1.65965725e-02 -1.74314305e-02 -2.67558312e-03 3.10687087e-02 7.23419711e-03
-8.27480666e-03 3.11729070e-02 1.71717070e-02 -8.23462754e-03 2.59260647e-03 1.66772306e-02 -1.15499459e-02 6.37510940e-02 -1.83850024e-02 7.44263921e-03 -2.19194666e-02 -1.46692237e-02 -1.54066049e-02 -2.36467505e-03 2.74595208e-02 6.39368547e-03
-5.21870144e-03 2.07566805e-02 1.09523349e-02 -5.60352253e-03 1.81227643e-03 1.12051545e-02 -7.75266858e-03 4.27008830e-02 -1.24303568e-02 5.04529476e-03 -1.48575008e-02 -9.94289853e-03 -1.04437908e-02 -1.60291966e-03 1.86180156e-02 4.33564000e-03
-7.24860188e-03 2.61196494e-02 1.42739657e-02 -7.23646069e-03 2.39844969e-03 1.44486763e-02 -1.00564295e-02 5.53139299e-02 -1.61383525e-02 6.54791808e-03 -1.92892961e-02 -1.29107926e-02 -1.35606360e-02 -2.08134786e-03 2.41755135e-02 5.62987197e-03
2.97970581e-03 -1.12859979e-02 -6.19337568e-03 3.06773046e-03 -1.00598787e-03 -6.17090333e-03 4.27310448e-03 -2.34985389e-02 6.86486531e-03 -2.78390874e-03 8.19881447e-03 5.48716309e-03 5.76310884e-03 8.84552661e-04 -1.02736019e-02 -2.39238841e-03
6.96350029e-03 -2.46211533e-02 -1.33474972e-02 6.49202941e-03 -2.04340322e-03 -1.30458828e-02 9.00726393e-03 -4.94941920e-02 1.44404601e-02 -5.83047234e-03 1.71701554e-02 1.14920335e-02 1.20696388e-02 1.85259350e-03 -2.15130169e-02 -5.00914780e-03
2.76622642e-02 -9.50573459e-02 -5.31298965e-02 2.55853124e-02 -8.63769557e-03 -5.13689071e-02 3.56533714e-02 -1.96041197e-01 5.72682135e-02 -2.32012812e-02 6.83517158e-02 4.57521416e-02 4.80576232e-02 7.37579586e-03 -8.56823325e-02 -1.99545044e-02
-1.30647970e-02 5.39577082e-02 2.93200482e-02 -1.49263311e-02 5.14776167e-03 3.01411971e-02 -2.09665969e-02 1.15356170e-01 -3.36788483e-02 1.36809284e-02 -4.03029248e-02 -2.69783624e-02 -2.83374526e-02 -4.34927410e-03 5.05259931e-02 1.17671872e-02
-2.95672379e-03 1.01061454e-02 5.34053613e-03 -2.81587266e-03 9.28254682e-04 5.61659550e-03 -3.89134674e-03 2.14523915e-02 -6.23513572e-03 2.53200624e-03 -7.45847309e-03 -4.99222800e-03 -5.24386344e-03 -8.04824114e-04 9.34937038e-03 2.17737094e-03
-6.76461915e-03 2.21930258e-02 1.15437228e-02 -5.69215743e-03 1.75747136e-03 1.13127353e-02 -7.81676918e-03 4.30012420e-02 -1.25318533e-02 5.05872769e-03 -1.48912100e-02 -9.96364001e-03 -1.04648285e-02 -1.60660234e-03 1.86486561e-02 4.34138998e-03
1.71439105e-03 -2.56383093e-03 -1.18247839e-03 5.59078180e-04 -1.71917942e-04 -1.09903421e-03 7.60629249e-04 -4.16483218e-03 1.21260458e-03 -4.91141167e-04 1.44613220e-03 9.67704866e-04 1.01638958e-03 1.55996458e-04 -1.81183917e-03 -4.21926379e-04
5.74590638e-03 -3.93809117e-02 -2.21179649e-02 1.19292708e-02 -4.11785487e-03 -2.41754036e-02 1.67766400e-02 -9.25096571e-02 2.69946624e-02 -1.09728482e-02 3.23267393e-02 2.16380060e-02 2.27288045e-02 3.48844077e-03 -4.05258015e-02 -9.43820924e-03
3.08327540e-03 -9.04590730e-03 -4.93148761e-03 2.40768632e-03 -7.75943685e-04 -4.82569868e-03 3.33875907e-03 -1.83712337e-02 5.33678941e-03 -2.16340809e-03 6.37156097e-03 4.26386157e-03 4.47821338e-03 6.87323569e-04 -7.98287243e-03 -1.85894535e-03
1.02291377e-02 -3.55937332e-02 -1.88498497e-02 9.81639978e-03 -3.27382819e-03 -1.96061507e-02 1.36205917e-02 -7.49067292e-02 2.18506195e-02 -8.87220632e-03 2.61367224e-02 1.74938310e-02 1.83751378e-02 2.82029272e-03 -3.27599458e-02 -7.62915891e-03
3.00314324e-03 -1.35168005e-02 -7.04091974e-03 3.35079664e-03 -9.87574225e-04 -6.58611069e-03 4.54851985e-03 -2.48376727e-02 7.21978629e-03 -2.91454326e-03 8.57382175e-03 5.73486323e-03 6.02195226e-03 9.24740627e-04 -1.07275480e-02 -2.49653216e-03
-1.01168058e-03 -1.77546777e-02 -1.02361506e-02 5.50808292e-03 -1.87368644e-03 -1.10369110e-02 7.64978072e-03 -4.21636626e-02 1.23101138e-02 -4.99854982e-03 1.47232646e-02 9.85386502e-03 1.03492076e-02 1.58866495e-03 -1.84513610e-02 -4.29686112e-03
-1.15609611e-04 6.98918756e-03 4.13148524e-03 -2.31238711e-03 8.02863564e-04 4.65675956e-03 -3.24386335e-03 1.78834442e-02 -5.22007328e-03 2.12110439e-03 -6.24916563e-03 -4.18296596e-03 -4.39392636e-03 -6.74381037e-04 7.83432927e-03 1.82455638e-03
7.17550376e-03 -2.73363814e-02 -1.51540134e-02 8.25339835e-03 -2.85884365e-03 -1.66406333e-02 1.16014956e-02 -6.39642850e-02 1.86598394e-02 -7.58207217e-03 2.23382078e-02 1.49528589e-02 1.57069378e-02 2.41069100e-03 -2.80051753e-02 -6.52219728e-03
1.04976888e-03 -9.91945434e-03 -5.60212089e-03 2.88083171e-03 -8.72876088e-04 -5.65088587e-03 3.87185276e-03 -2.12472379e-02 6.20830944e-03 -2.51046452e-03 7.39226909e-03 4.94264299e-03 5.19115105e-03 7.96838547e-04 -9.25031863e-03 -2.15334282e-03
6.16130512e-03 4.02680505e-03 3.87623045e-03 -2.03406764e-03 7.45589554e-04 4.24608774e-03 -2.96787173e-03 1.63612347e-02 -4.77829389e-03 1.94101711e-03 -5.71832620e-03 -3.82714765e-03 -4.02008463e-03 -6.17007434e-04 7.16733420e-03 1.66915776e-03
-2.62229005e-04 -7.08057021e-04 -2.70708726e-04 2.26752873e-05 2.27758319e-05 -1.12465204e-06 -8.63165042e-06 7.86859600e-05 -2.74489885e-05 1.36852186e-05 -3.94301751e-05 -2.67554387e-05 -2.90074204e-05 -4.44056741e-06 5.26731928e-05 1.23708978e-05
-5.26391575e-03 2.40214374e-02 1.34254172e-02 -6.62790565e-03 2.07813224e-03 1.31532326e-02 -9.07128304e-03 4.99892831e-02 -1.45658907e-02 5.89603279e-03 -1.73557345e-02 -1.16123213e-02 -1.21952761e-02 -1.87201635e-03 2.17345580e-02 5.06019639e-03
-6.39649201e-03 2.72086468e-02 1.43984277e-02 -7.26718502e-03 2.39570974e-03 1.45933796e-02 -1.01209274e-02 5.58546074e-02 -1.62428394e-02 6.57473737e-03 -1.93504076e-02 -1.29516544e-02 -1.36049138e-02 -2.08900892e-03 2.42527369e-02 5.64647978e-03
-1.09742964e-02 4.90430854e-02 2.72969808e-02 -1.39338234e-02 4.82891873e-03 2.82881949e-02 -1.96079239e-02 1.08149886e-01 -3.15295942e-02 1.28111625e-02 -3.77448909e-02 -2.52632592e-02 -2.65364759e-02 -4.07275278e-03 4.73138317e-02 1.10191163e-02
1.11754378e-02 -4.55766916e-02 -2.47222111e-02 1.31811686e-02 -4.35363408e-03 -2.61272378e-02 1.81251708e-02 -9.99282748e-02 2.91300546e-02 -1.18248891e-02 3.48320082e-02 2.33163405e-02 2.44918261e-02 3.75899323e-03 -4.36661839e-02 -1.01693021e-02
-1.22951511e-02 4.66588959e-02 2.51856558e-02 -1.24861440e-02 4.19120584e-03 2.50944123e-02 -1.75437536e-02 9.64186192e-02 -2.81183980e-02 1.14136646e-02 -3.36340629e-02 -2.25079991e-02 -2.36423016e-02 -3.62861576e-03 4.21536006e-02 9.81726870e-03
5.52219013e-03 -2.06114054e-02 -1.06769660e-02 5.15332958e-03 -1.62242830e-03 -1.05175748e-02 7.29907118e-03 -3.97940837e-02 1.15668839e-02 -4.68606036e-03 1.38094034e-02 9.23730060e-03 9.70318913e-03 1.48922426e-03 -1.73001215e-02 -4.02907049e-03
-4.55028471e-03 1.72447432e-02 8.95299111e-03 -4.54767654e-03 1.48700271e-03 9.17622820e-03 -6.32975064e-03 3.47907059e-02 -1.01418616e-02 4.11315961e-03 -1.21095320e-02 -8.10368825e-03 -8.51175562e-03 -1.30644045e-03 1.51722757e-02 3.53296543e-03
2.93818768e-04 8.47976282e-03 5.10004954e-03 -2.79528694e-03 9.80787445e-04 5.67025179e-03 -3.95119749e-03 2.18130536e-02 -6.35931594e-03 2.58366577e-03 -7.61202769e-03 -5.09520806e-03 -5.35217999e-03 -8.21449968e-04 9.54284240e-03 2.22245720e-03
1.64377142e-03 -6.60877582e-03 -3.29238991e-03 1.28958141e-03 -3.76277865e-04 -2.50742259e-03 1.71157916e-03 -9.41238180e-03 2.69724592e-03 -1.09472289e-03 3.21877422e-03 2.15430441e-03 2.26305681e-03 3.47341760e-04 -4.03415086e-03 -9.39457561e-04
1.58000644e-03 -2.74721510e-03 -1.42466347e-03 6.28293201e-04 -1.89812839e-04 -1.24487444e-03 8.61320412e-04 -4.73003881e-03 1.38020911e-03 -5.59757871e-04 1.64889812e-03 1.10350037e-03 1.15907018e-03 1.77891634e-04 -2.06640107e-03 -4.81233816e-04
7.67475227e-04 5.58753265e-04 6.06184476e-04 -4.73482505e-04 1.94526816e-04 9.98774311e-04 -7.04277074e-04 3.91926151e-03 -1.14402373e-03 4.66568221e-04 -1.37547939e-03 -9.20858292e-04 -9.67358123e-04 -1.48472798e-04 1.72501570e-03 4.01761645e-04
-6.45705266e-04 2.64047179e-03 1.46993657e-03 -7.55149347e-04 2.42817667e-04 1.50802999e-03 -1.04312960e-03 5.74306631e-03 -1.67374720e-03 6.78711163e-04 -1.99896283e-03 -1.33769761e-03 -1.40504597e-03 -2.15649052e-04 2.50464608e-03 5.83248620e-04
2.23162002e-03 -4.58425283e-03 -2.38877768e-03 1.33461098e-03 -4.48676379e-04 -2.66268244e-03 1.85691728e-03 -1.02296900e-02 2.98441225e-03 -1.21207477e-03 3.57058831e-03 2.39011180e-03 2.51058792e-03 3.85334890e-04 -4.47624689e-03 -1.04245450e-03
1.44634512e-03 -5.47205331e-03 -2.96119321e-03 1.50255312e-03 -4.78043163e-04 -3.02493456e-03 2.07481952e-03 -1.14081837e-02 3.32118524e-03 -1.34786696e-03 3.96939646e-03 2.65604700e-03 2.78970669e-03 4.28170577e-04 -4.97336593e-03 -1.15818426e-03
5.42491814e-03 -1.40434429e-02 -7.86749925e-03 4.11861483e-03 -1.40360917e-03 -8.25567171e-03 5.74522186e-03 -3.16825658e-02 9.24323499e-03 -3.75435478e-03 1.10605778e-02 7.40341051e-03 7.77683221e-03 1.19358161e-03 -1.38659338e-02 -3.22927674e-03
-8.43286887e-03 3.27553153e-02 1.70602500e-02 -8.47464707e-03 2.69252108e-03 1.69377010e-02 -1.16747394e-02 6.46224245e-02 -1.87980365e-02 7.57495360e-03 -2.22965982e-02 -1.49288382e-02 -1.56782232e-02 -2.40924675e-03 2.79373117e-02 6.50268653e-03
8.26095697e-03 -2.88277399e-02 -1.58607047e-02 8.00015498e-03 -2.61002663e-03 -1.62219554e-02 1.11694820e-02 -6.15265071e-02 1.78997293e-02 -7.25449575e-03 2.13636328e-02 1.42940227e-02 1.50141455e-02 2.30454607e-03 -2.67659128e-02 -6.23289961e-03
8.32597911e-03 -3.03255059e-02 -1.51696280e-02 7.57710030e-03 -2.38221488e-03 -1.53000718e-02 1.05163297e-02 -5.76502495e-02 1.67818163e-02 -6.80967607e-03 2.00131256e-02 1.33893797e-02 1.40637625e-02 2.15884438e-03 -2.50699464e-02 -5.83684770e-03
5.27337799e-03 -1.16489427e-02 -5.97163150e-03 3.23295989e-03 -1.07973488e-03 -6.47081621e-03 4.47772583e-03 -2.46830806e-02 7.19809067e-03 -2.92466558e-03 8.61399435e-03 5.76590700e-03 6.05658349e-03 9.29573551e-04 -1.07987393e-02 -2.51493184e-03
-2.44933693e-03 9.43540316e-03 4.93625412e-03 -2.60303589e-03 8.27812997e-04 5.10763610e-03 -3.49644758e-03 1.92311183e-02 -5.61351748e-03 2.27907044e-03 -6.71105878e-03 -4.49167797e-03 -4.71795816e-03 -7.24120589e-04 8.41155276e-03 1.95892993e-03
-3.29738413e-03 4.39170923e-04 -2.40112146e-04 -8.09219273e-05 4.46600970e-05 1.66479498e-04 -1.18944125e-04 6.73614035e-04 -2.02486452e-04 8.26803371e-05 -2.44263152e-04 -1.63560821e-04 -1.71835782e-04 -2.63798829e-05 3.06476169e-04 7.13848058e-05
5.72754582e-03 -2.64341328e-02 -1.43633904e-02 7.61210732e-03 -2.65024416e-03 -1.54024418e-02 1.07442038e-02 -5.91863208e-02 1.72761101e-02 -7.01981317e-03 2.06821728e-02 1.38442507e-02 1.45426393e-02 2.23200279e-03 -2.59298906e-02 -6.03893446e-03
4.94841859e-03 -1.95638947e-02 -1.03839561e-02 5.01186075e-03 -1.52823457e-03 -1.00103887e-02 6.83176145e-03 -3.74511518e-02 1.09492484e-02 -4.42301994e-03 1.30188866e-02 8.70737247e-03 9.14476532e-03 1.40371220e-03 -1.62954628e-02 -3.79346102e-03
-2.77206185e-03 1.19768102e-02 6.60088146e-03 -3.33187985e-03 1.10535091e-03 6.68688631e-03 -4.61584143e-03 2.54102573e-02 -7.40706967e-03 3.00199771e-03 -8.84293206e-03 -5.91709791e-03 -6.21510623e-03 -9.53900802e-04 1.10796252e-02 2.58015282e-03
-2.20219814e-03 7.16406014e-03 3.81547236e-03 -1.94604439e-03 6.27501111e-04 3.87753965e-03 -2.68325745e-03 1.47762159e-02 -4.30575060e-03 1.74644613e-03 -5.14377560e-03 -3.44190584e-03 -3.61512741e-03 -5.54857892e-04 6.44443650e-03 1.50070596e-03
-4.31317650e-03 4.26968327e-03 2.23513157e-03 -1.25695695e-03 4.21144126e-04 2.49462482e-03 -1.73521531e-03 9.56420973e-03 -2.78958562e-03 1.13307417e-03 -3.33791389e-03 -2.23423773e-03 -2.34683417e-03 -3.60200211e-04 4.18434478e-03 9.74491821e-04
-5.50071709e-03 7.30699115e-03 3.47944722e-03 -1.34577649e-03 3.36382654e-04 2.72831880e-03 -1.77737325e-03 9.88105591e-03 -2.82547087e-03 1.13358512e-03 -3.33669130e-03 -2.22561439e-03 -2.33561546e-03 -3.58678808e-04 4.15869942e-03 9.67411208e-04
-2.25560856e-03 6.40559942e-03 3.31350742e-03 -1.59219652e-03 4.71687439e-04 3.09294532e-03 -2.12601176e-03 1.16817961e-02 -3.39747150e-03 1.37410837e-03 -4.04374721e-03 -2.70511792e-03 -2.84073618e-03 -4.36044065e-04 5.06202597e-03 1.17850862e-03
6.93493523e-04 -2.01456412e-03 -1.10395637e-03 6.34576601e-04 -2.23860625e-04 -1.28002721e-03 8.93626595e-04 -4.93016653e-03 1.43974950e-03 -5.85303525e-04 1.72457192e-03 1.15443522e-03 1.21268199e-03 1.86122677e-04 -2.16228003e-03 -5.03587071e-04
2.39022775e-03 -5.60214277e-03 -2.77274381e-03 1.25712331e-03 -4.06464009e-04 -2.52433866e-03 1.75081228e-03 -9.61535983e-03 2.80221668e-03 -1.13595929e-03 3.34757357e-03 2.23984430e-03 2.35268194e-03 3.61084676e-04 -4.19462333e-03 -9.76888696e-04
1.68104132e-03 2.09469534e-03 1.48381607e-03 -7.53460161e-04 2.59603577e-04 1.53015123e-03 -1.06306525e-03 5.85139869e-03 -1.70729368e-03 6.93648239e-04 -2.04355945e-03 -1.36783731e-03 -1.43677637e-03 -2.20515663e-04 2.56175594e-03 5.96616592e-04
-4.32297355e-03 1.84694547e-02 1.03666997e-02 -5.10820001e-03 1.67036755e-03 1.02541996e-02 -7.09805172e-03 3.90275754e-02 -1.13815451e-02 4.61637881e-03 -1.35963652e-02 -9.09890421e-03 -9.55706649e-03 -1.46682619e-03 1.70378648e-02 3.96773405e-03
-1.28652938e-02 4.84855473e-02 2.57894695e-02 -1.24315657e-02 4.06836066e-03 2.54110340e-02 -1.74627993e-02 9.59193259e-02 -2.79672444e-02 1.13316234e-02 -3.33854817e-02 -2.23296080e-02 -2.34530605e-02 -3.59941134e-03 4.18065973e-02 9.73589532e-03
-1.02222096e-02 3.78937908e-02 2.02462226e-02 -9.81018692e-03 3.15127918e-03 1.98653620e-02 -1.36619322e-02 7.51022026e-02 -2.18735971e-02 8.85220896e-03 -2.60660797e-02 -1.74434520e-02 -1.83195993e-02 -2.81200954e-03 3.26470733e-02 7.60088535e-03
5.43175172e-03 -2.71032974e-02 -1.44002829e-02 7.35166250e-03 -2.45353277e-03 -1.47268279e-02 1.02539444e-02 -5.63919283e-02 1.64178573e-02 -6.66713621e-03 1.96410473e-02 1.31449737e-02 1.38074085e-02 2.11914303e-03 -2.46172827e-02 -5.73310209e-03
-1.53068383e-03 -2.16923328e-03 -1.74605579e-03 1.12298387e-03 -4.49257321e-04 -2.33090483e-03 1.65237929e-03 -9.15405992e-03 2.67759967e-03 -1.09110365e-03 3.21656163e-03 2.15406227e-03 2.26301700e-03 3.47322202e-04 -4.03621513e-03 -9.40155354e-04
-3.64058628e-03 2.72602192e-03 1.01455278e-03 -2.67631316e-04 -1.08260574e-05 4.87646292e-04 -3.06708826e-04 1.65724847e-03 -4.57511516e-04 1.78766932e-04 -5.25152369e-04 -3.48935631e-04 -3.66478896e-04 -5.61938577e-05 6.50137546e-04 1.51069020e-04
-9.41529777e-03 3.63992229e-02 2.00871956e-02 -1.02103688e-02 3.44333891e-03 2.04681195e-02 -1.42446468e-02 7.83773959e-02 -2.28519365e-02 9.28344484e-03 -2.73486786e-02 -1.83038637e-02 -1.92267932e-02 -2.95089581e-03 3.42803970e-02 7.98360072e-03
-1.16481055e-02 3.58841047e-02 1.77314710e-02 -8.93395115e-03 2.93413573e-03 1.77610312e-02 -1.22130848e-02 6.71517327e-02 -1.95897799e-02 7.95047544e-03 -2.34246403e-02 -1.56742651e-02 -1.64626874e-02 -2.52642483e-03 2.93451883e-02 6.83360174e-03
-5.56804822e-04 6.16093725e-03 3.68184876e-03 -2.12620292e-03 7.54393812e-04 4.29166295e-03 -2.99772667e-03 1.65391844e-02 -4.82987473e-03 1.96356070e-03 -5.78561379e-03 -3.87295289e-03 -4.06837650e-03 -6.24412845e-04 7.25421822e-03 1.68949366e-03
-2.58503389e-03 1.00593530e-02 5.59582794e-03 -2.82963458e-03 9.25667933e-04 5.72645012e-03 -3.97276366e-03 2.18021981e-02 -6.35881396e-03 2.57620914e-03 -7.58568430e-03 -5.07479440e-03 -5.32937609e-03 -8.18125729e-04 9.49729327e-03 2.21093721e-03
3.51807242e-03 -1.09690651e-02 -6.03782292e-03 2.74174474e-03 -8.67896888e-04 -5.48603851e-03 3.77729186e-03 -2.07419731e-02 6.05707662e-03 -2.45054462e-03 7.21403910e-03 4.82764328e-03 5.07044699e-03 7.78166926e-04 -9.03580990e-03 -2.10371357e-03
1.89574121e-03 -5.50624169e-03 -2.93675973e-03 1.57751993e-03 -5.35285915e-04 -3.16435122e-03 2.20326404e-03 -1.21409651e-02 3.54554481e-03 -1.44022331e-03 4.24279040e-03 2.83992197e-03 2.98310374e-03 4.57847083e-04 -5.31876832e-03 -1.23869558e-03
1.18880197e-02 -3.80555950e-02 -1.89723037e-02 9.71942302e-03 -3.18420841e-03 -1.94407664e-02 1.34941395e-02 -7.40904808e-02 2.15942226e-02 -8.76194704e-03 2.58067176e-02 1.72687452e-02 1.81383919e-02 2.78398395e-03 -3.23373601e-02 -7.53070600e-03
2.08863057e-03 -9.18988511e-03 -4.99896891e-03 2.48590391e-03 -7.91607425e-04 -5.01020579e-03 3.47625464e-03 -1.90854855e-02 5.54466434e-03 -2.25014705e-03 6.62835222e-03 4.43588616e-03 4.65938495e-03 7.15117960e-04 -8.30714032e-03 -1.93463184e-03
-3.89802805e-03 9.23234783e-03 4.74324729e-03 -2.23263330e-03 6.90060784e-04 4.47832188e-03 -3.08410171e-03 1.69064458e-02 -4.94593428e-03 1.99779565e-03 -5.88233490e-03 -3.93623998e-03 -4.13363194e-03 -6.34500466e-04 7.36670475e-03 1.71511027e-03
-4.35010588e-04 1.27427559e-03 6.78605284e-04 -3.53307929e-04 1.17166608e-04 7.15873786e-04 -4.94953536e-04 2.72934441e-03 -7.96580338e-04 3.22655105e-04 -9.50028072e-04 -6.35951757e-04 -6.67903805e-04 -1.02528771e-04 1.19045970e-03 2.77166022e-04
-9.20971390e-03 2.80135274e-02 1.47082815e-02 -7.58954743e-03 2.45710905e-03 1.50642134e-02 -1.03729246e-02 5.71493804e-02 -1.66523457e-02 6.75791781e-03 -1.99031085e-02 -1.33168567e-02 -1.39870318e-02 -2.14690343e-03 2.49332357e-02 5.80595899e-03
1.06184641e-02 -4.65438813e-02 -2.56502628e-02 1.26035865e-02 -4.23314702e-03 -2.54519321e-02 1.76991560e-02 -9.75190923e-02 2.84364596e-02 -1.15517564e-02 3.40334214e-02 2.27796584e-02 2.39284355e-02 3.67251714e-03 -4.26639877e-02 -9.93616134e-03
-1.85117475e-03 8.20777006e-03 4.48379898e-03 -2.17877119e-03 6.97758340e-04 4.36504092e-03 -3.00608831e-03 1.65338218e-02 -4.82120411e-03 1.95115036e-03 -5.74446190e-03 -3.84387025e-03 -4.03703190e-03 -6.19647559e-04 7.19514629e-03 1.67531800e-03
-3.74799082e-03 8.51542503e-03 4.61336365e-03 -2.35872017e-03 7.75235647e-04 4.68760030e-03 -3.24828713e-03 1.78827234e-02 -5.22284070e-03 2.11915211e-03 -6.24202657e-03 -4.17774590e-03 -4.38814284e-03 -6.73506525e-04 7.82318786e-03 1.82185974e-03
-1.13604427e-03 -2.91564665e-03 -1.75730849e-03 9.83281876e-04 -3.41374660e-04 -1.98109611e-03 1.38144265e-03 -7.61545729e-03 2.22156732e-03 -9.02611006e-04 2.65913620e-03 1.77992415e-03 1.86968304e-03 2.86961149e-04 -3.33358673e-03 -7.76360801e-04
-8.72833887e-04 4.17617988e-03 2.29161303e-03 -1.06005697e-03 3.26021720e-04 2.13041343e-03 -1.46525318e-03 8.01881310e-03 -2.33158981e-03 9.43088671e-04 -2.77616479e-03 -1.85772951e-03 -1.95116759e-03 -2.99467210e-04 3.47784464e-03 8.09832301e-04
2.12836848e-03 -4.28152271e-03 -2.30594538e-03 1.14559627e-03 -3.76052107e-04 -2.28714664e-03 1.57698791e-03 -8.67815968e-03 2.53626239e-03 -1.02930469e-03 3.03192320e-03 2.02946458e-03 2.13173474e-03 3.27175076e-04 -3.80067015e-03 -8.85135261e-04
-2.81388103e-03 1.29713807e-02 7.31961522e-03 -3.94412177e-03 1.35602581e-03 7.94565957e-03 -5.53587498e-03 3.05150636e-02 -8.90378375e-03 3.61752720e-03 -1.06572034e-02 -7.13350251e-03 -7.49322632e-03 -1.15006242e-03 1.33601595e-02 3.11146537e-03
-1.14989411e-02 4.74650860e-02 2.47909874e-02 -1.28668705e-02 4.33295267e-03 2.57537160e-02 -1.79377049e-02 9.85669345e-02 -2.87502669e-02 1.16791250e-02 -3.44058499e-02 -2.30291225e-02 -2.41900850e-02 -3.71260941e-03 4.31296714e-02 1.00445785e-02
-4.03941702e-03 1.47516299e-02 7.78286532e-03 -4.05042153e-03 1.36150338e-03 8.14535189e-03 -5.64279314e-03 3.10643185e-02 -9.06799268e-03 3.68204108e-03 -1.08468486e-02 -7.25897076e-03 -7.62484176e-03 -1.17025373e-03 1.35940704e-02 3.16587533e-03
9.64122638e-03 -3.66220400e-02 -1.86041221e-02 8.92934483e-03 -2.75147287e-03 -1.77360214e-02 1.22392653e-02 -6.72527328e-02 1.95425469e-02 -7.92658143e-03 2.33565290e-02 1.56151531e-02 1.64010171e-02 2.51754606e-03 -2.92318966e-02 -6.80601085e-03
6.42257929e-03 -1.87063888e-02 -9.55689885e-03 4.81031742e-03 -1.36811240e-03 -9.41400137e-03 6.43507112e-03 -3.53628024e-02 1.02632158e-02 -4.14115842e-03 1.21879913e-02 8.15563556e-03 8.56432319e-03 1.31488149e-03 -1.52627509e-02 -3.55312228e-03
6.81687752e-03 -2.79454961e-02 -1.46001000e-02 6.98972261e-03 -2.26276973e-03 -1.40045099e-02 9.66677442e-03 -5.30820489e-02 1.54977022e-02 -6.28166413e-03 1.85069721e-02 1.23814493e-02 1.30043142e-02 1.99591881e-03 -2.31811106e-02 -5.39811375e-03
-7.37731857e-03 2.87405103e-02 1.49144977e-02 -7.39010423e-03 2.44028284e-03 1.48587059e-02 -1.02838296e-02 5.66081665e-02 -1.65248923e-02 6.70412043e-03 -1.97491795e-02 -1.32162757e-02 -1.38813825e-02 -2.13057268e-03 2.47479416e-02 5.76330628e-03
4.01332043e-03 -1.58047341e-02 -8.42792261e-03 4.14170884e-03 -1.33398897e-03 -8.33244156e-03 5.71980374e-03 -3.14313360e-02 9.17635299e-03 -3.72022996e-03 1.09581770e-02 7.33334012e-03 7.70241674e-03 1.18222670e-03 -1.37313260e-02 -3.19759408e-03
4.09462955e-03 -1.67664457e-02 -9.15280171e-03 4.78532771e-03 -1.63836137e-03 -9.63998958e-03 6.70310808e-03 -3.69170271e-02 1.07761919e-02 -4.37485613e-03 1.28891515e-02 8.62674322e-03 9.06134304e-03 1.39073073e-03 -1.61552913e-02 -3.76235018e-03
-9.71079431e-03 3.58804725e-02 2.00830474e-02 -9.78051964e-03 3.28293210e-03 1.96893644e-02 -1.36993201e-02 7.54336566e-02 -2.19876450e-02 8.91912170e-03 -2.62773372e-02 -1.75898876e-02 -1.84763726e-02 -2.83573661e-03 3.29419933e-02 7.67188426e-03
-6.34989003e-03 2.10445914e-02 1.12942606e-02 -5.65480394e-03 1.93020038e-03 1.14050535e-02 -7.93873519e-03 4.36962619e-02 -1.27464607e-02 5.17803337e-03 -1.52547760e-02 -1.02104805e-02 -1.07246302e-02 -1.64601312e-03 1.91219449e-02 4.45337500e-03
-2.84817885e-03 8.01155623e-03 3.97710223e-03 -1.79968134e-03 5.17982640e-04 3.52413231e-03 -2.42153229e-03 1.32599091e-02 -3.85555089e-03 1.55875750e-03 -4.58805496e-03 -3.06887249e-03 -3.22276936e-03 -4.94669017e-04 5.74286608e-03 1.33704685e-03
1.07099768e-03 -6.38985354e-03 -3.35860811e-03 9.81015270e-04 -1.55183690e-04 -1.97530515e-03 1.22094655e-03 -6.72961306e-03 1.91409059e-03 -7.52669643e-04 2.19826470e-03 1.46824087e-03 1.54137285e-03 2.36906475e-04 -2.74221459e-03 -6.36902172e-04
-6.79866597e-03 3.02374549e-02 1.60247386e-02 -7.84990378e-03 2.35719420e-03 1.51224537e-02 -1.05161546e-02 5.74931502e-02 -1.68131869e-02 6.79919170e-03 -2.00291872e-02 -1.34031465e-02 -1.40630733e-02 -2.16089492e-03 2.50688270e-02 5.83392242e-03
4.26910911e-03 -1.00089107e-02 -4.99136094e-03 2.71300133e-03 -9.15338460e-04 -5.41158393e-03 3.76560073e-03 -2.07605492e-02 6.06067851e-03 -2.46045110e-03 7.24836392e-03 4.85184416e-03 5.09635825e-03 7.82192743e-04 -9.08633694e-03 -2.11609807e-03
1.42093189e-03 -1.09835230e-02 -5.81571925e-03 2.99059553e-03 -9.62702150e-04 -6.06559077e-03 4.17839736e-03 -2.31218506e-02 6.67607831e-03 -2.70915031e-03 7.97666982e-03 5.33705065e-03 5.60558867e-03 8.60370230e-04 -9.99167189e-03 -2.32661678e-03
2.86548585e-03 -3.66170378e-03 -1.79571181e-03 8.44039139e-04 -2.67573545e-04 -1.67885213e-03 1.15485606e-03 -6.33894047e-03 1.84913608e-03 -7.49630621e-04 2.20821030e-03 1.47749111e-03 1.55182718e-03 2.38174223e-04 -2.76648672e-03 -6.44256128e-04
2.03322098e-02 -6.86544031e-02 -3.77016403e-02 1.87560599e-02 -6.22390397e-03 -3.73921171e-02 2.59572137e-02 -1.43050000e-01 4.17190790e-02 -1.69144236e-02 4.98300940e-02 3.33452635e-02 3.50229405e-02 5.37549471e-03 -6.24353848e-02 -1.45394122e-02
-5.34389354e-03 2.35863607e-02 1.29224136e-02 -5.87277533e-03 1.78245932e-03 1.17414240e-02 -8.03287700e-03 4.40319516e-02 -1.28484638e-02 5.17751276e-03 -1.52456425e-02 -1.01968218e-02 -1.07066706e-02 -1.64353778e-03 1.90685336e-02 4.43766871e-03
3.30930389e-03 -1.30617972e-02 -7.05465348e-03 3.58846225e-03 -1.20433921e-03 -7.20033143e-03 5.00011910e-03 -2.75368933e-02 8.02095141e-03 -3.25551513e-03 9.59054474e-03 6.41823281e-03 6.74154051e-03 1.03469146e-03 -1.20190633e-02 -2.79905158e-03
-2.94810906e-03 9.71057266e-03 5.18631376e-03 -2.59871990e-03 8.64687667e-04 5.23431366e-03 -3.62300454e-03 1.99379344e-02 -5.82020404e-03 2.36256071e-03 -6.95950817e-03 -4.65796841e-03 -4.89290478e-03 -7.50959443e-04 8.72373488e-03 2.03167647e-03
-1.36999297e-04 9.77845304e-03 5.48481196e-03 -2.89885676e-03 1.00071693e-03 5.87353809e-03 -4.07067034e-03 2.24262215e-02 -6.54941751e-03 2.66160816e-03 -7.84144551e-03 -5.24853775e-03 -5.51320612e-03 -8.46165174e-04 9.83008556e-03 2.28936854e-03
1.01288315e-02 -3.46327499e-02 -1.86035242e-02 9.20171849e-03 -2.95368163e-03 -1.84976459e-02 1.26769664e-02 -6.98385239e-02 2.03857701e-02 -8.26899521e-03 2.43457053e-02 1.62934363e-02 1.71140376e-02 2.62683374e-03 -3.05106938e-02 -7.10513815e-03
9.35242511e-03 -2.82438584e-02 -1.54809151e-02 8.32031760e-03 -2.64733937e-03 -1.58574488e-02 1.10300686e-02 -6.08085729e-02 1.77292079e-02 -7.19222240e-03 2.11854167e-02 1.41806258e-02 1.48947015e-02 2.28604698e-03 -2.65556537e-02 -6.18447131e-03
2.33304854e-02 -8.48144218e-02 -4.36787009e-02 2.18370054e-02 -6.96586585e-03 -4.31415737e-02 3.01168337e-02 -1.64707169e-01 4.80991863e-02 -1.94674507e-02 5.73469773e-02 3.83803323e-02 4.03162688e-02 6.18753582e-03 -7.18759522e-02 -1.67388339e-02
-1.83671783e-03 7.87248556e-03 4.31364821e-03 -2.27146875e-03 7.58341455e-04 4.50489018e-03 -3.13953380e-03 1.72873698e-02 -5.04786056e-03 2.05038255e-03 -6.04095869e-03 -4.04338352e-03 -4.24726959e-03 -6.51870330e-04 7.57267326e-03 1.76360935e-03
5.19084930e-03 -1.89964101e-02 -1.00218430e-02 5.14877494e-03 -1.66840595e-03 -1.03035457e-02 7.12135294e-03 -3.92312743e-02 1.13928821e-02 -4.62870719e-03 1.36266202e-02 9.11837723e-03 9.57800727e-03 1.47000654e-03 -1.70752220e-02 -3.97651084e-03
-3.47878272e-03 1.61614530e-02 8.86832085e-03 -4.30473825e-03 1.44531950e-03 8.67076777e-03 -6.00439869e-03 3.30277868e-02 -9.63021629e-03 3.90991243e-03 -1.15176030e-02 -7.70888384e-03 -8.09742417e-03 -1.24278234e-03 1.44370254e-02 3.36223561e-03
1.17047252e-02 -3.91747877e-02 -2.08827574e-02 1.02077313e-02 -3.26613314e-03 -2.02583782e-02 1.40343206e-02 -7.71776959e-02 2.25456301e-02 -9.14158393e-03 2.69228872e-02 1.80177987e-02 1.89249162e-02 2.90469173e-03 -3.37377675e-02 -7.85659067e-03
9.75921750e-03 -3.83287482e-02 -2.00057253e-02 1.00826267e-02 -3.41866631e-03 -2.03922950e-02 1.41381295e-02 -7.80261606e-02 2.27138661e-02 -9.22732707e-03 2.71852538e-02 1.81957036e-02 1.91131011e-02 2.93349498e-03 -3.40783522e-02 -7.93658942e-03
-3.25864833e-03 1.26019306e-02 6.80578267e-03 -3.62308277e-03 1.13914034e-03 7.03578349e-03 -4.84929886e-03 2.66615395e-02 -7.77494814e-03 3.15343589e-03 -9.28134937e-03 -6.21259632e-03 -6.52541220e-03 -1.00157969e-03 1.16330339e-02 2.70896498e-03
8.72078445e-03 -3.27763297e-02 -1.63628571e-02 8.42473377e-03 -2.78630620e-03 -1.67595632e-02 1.16284648e-02 -6.37982115e-02 1.86276287e-02 -7.55756209e-03 2.22618822e-02 1.48976538e-02 1.56478286e-02 2.40165018e-03 -2.78978087e-02 -6.49696449e-03
-2.32338021e-03 1.01389755e-02 5.36880456e-03 -2.57758354e-03 8.45904229e-04 5.15917037e-03 -3.56756360e-03 1.96342766e-02 -5.72342472e-03 2.32481095e-03 -6.84805680e-03 -4.58381558e-03 -4.81489673e-03 -7.38984847e-04 8.58476385e-03 1.99932628e-03
7.20131444e-03 -2.61826646e-02 -1.43032763e-02 7.41480943e-03 -2.43414124e-03 -1.50080277e-02 1.03626419e-02 -5.70632890e-02 1.66152995e-02 -6.74635498e-03 1.98730100e-02 1.32998098e-02 1.39703443e-02 2.14417814e-03 -2.49076299e-02 -5.80065884e-03
-2.84721307e-03 9.12595354e-03 4.81304806e-03 -2.31267838e-03 6.66600303e-04 4.60401643e-03 -3.16069601e-03 1.74125172e-02 -5.05823689e-03 2.03770981e-03 -5.98947285e-03 -4.00920073e-03 -4.21113940e-03 -6.46509288e-04 7.49800121e-03 1.74471340e-03
6.70298375e-03 -2.98508387e-02 -1.57178324e-02 8.02577287e-03 -2.61027901e-03 -1.60105564e-02 1.10599678e-02 -6.09441921e-02 1.77261736e-02 -7.19630998e-03 2.11980790e-02 1.41864289e-02 1.49007160e-02 2.28695478e-03 -2.65656766e-02 -6.18675398e-03
-3.63312149e-03 1.19826216e-02 6.67724432e-03 -3.26778041e-03 1.01947680e-03 6.39396394e-03 -4.44143219e-03 2.44167969e-02 -7.11926864e-03 2.88076885e-03 -8.48464854e-03 -5.67640085e-03 -5.96176833e-03 -9.15068085e-04 1.06260963e-02 2.47421023e-03
1.20526005e-03 -1.47306419e-03 -6.19226135e-04 3.16089514e-04 -9.90288172e-05 -6.18766469e-04 4.26929706e-04 -2.34882534e-03 6.85534091e-04 -2.78074440e-04 8.19049892e-04 5.48132812e-04 5.75731276e-04 8.83632893e-05 -1.02641003e-03 -2.39031797e-04
-1.07578337e-02 4.55226898e-02 2.52033956e-02 -1.30231539e-02 4.44680313e-03 2.61083022e-02 -1.81573611e-02 1.00147143e-01 -2.92093623e-02 1.18661886e-02 -3.49583738e-02 -2.33994462e-02 -2.45795399e-02 -3.77245946e-03 4.38249968e-02 1.02065410e-02
1.52221951e-03 -6.40857872e-03 -3.34316026e-03 1.69093919e-03 -5.16649918e-04 -3.32217943e-03 2.27672583e-03 -1.25006577e-02 3.64141469e-03 -1.47621951e-03 4.34557535e-03 2.90774950e-03 3.05396342e-03 4.68752085e-04 -5.44356601e-03 -1.26755168e-03
5.38606150e-03 -2.35606469e-02 -1.28227994e-02 5.96132455e-03 -1.86769129e-03 -1.17884940e-02 8.10930785e-03 -4.46470454e-02 1.30199129e-02 -5.26818447e-03 1.55106029e-02 1.03764134e-02 1.08970441e-02 1.67265895e-03 -1.94222219e-02 -4.52224677e-03
-2.25328188e-03 7.98647292e-03 4.30054497e-03 -2.23375484e-03 7.46769481e-04 4.51997994e-03 -3.12891160e-03 1.72520988e-02 -5.02525503e-03 2.04074942e-03 -6.01171842e-03 -4.02353844e-03 -4.22631344e-03 -6.48651563e-04 7.53513072e-03 1.75484747e-03
1.80428359e-03 -6.10535033e-04 -2.02551601e-05 -1.24354803e-04 7.86876917e-05 3.09918280e-04 -2.21046968e-04 1.23592035e-03 -3.61826416e-04 1.48169056e-04 -4.36771661e-04 -2.92508310e-04 -3.07334092e-04 -4.71731873e-05 5.48152137e-04 1.27673702e-04
-1.10108452e-02 4.67988141e-02 2.46012658e-02 -1.27012311e-02 4.25197603e-03 2.53915135e-02 -1.77062992e-02 9.74274650e-02 -2.84004956e-02 1.15229441e-02 -3.39474045e-02 -2.27230061e-02 -2.38678455e-02 -3.66323069e-03 4.25543301e-02 9.91046056e-03
-2.33723945e-03 1.36964899e-02 6.90469565e-03 -3.57835065e-03 1.11727242e-03 7.17602391e-03 -4.93611442e-03 2.71586124e-02 -7.89514091e-03 3.20520136e-03 -9.43375006e-03 -6.31272886e-03 -6.62987493e-03 -1.01760030e-03 1.18189957e-02 2.75227125e-03
