2.21426263e-02 -1.12969643e-02 -1.83086807e-03 3.42966802e-03 -1.00776209e-02 1.47272635e-03 -2.41082683e-02 5.15538640e-02 1.25608621e-02 1.94803812e-02 -1.46976206e-02 -6.61160424e-03 -1.88204143e-02 -9.73274559e-03 1.77563168e-02 3.36518395e-03
3.96890678e-02 -2.26064716e-02 -2.99972203e-03 5.24357939e-03 -1.54527193e-02 2.28673499e-03 -3.68038677e-02 7.87486434e-02 1.91707443e-02 2.97641251e-02 -2.24563144e-02 -1.01011023e-02 -2.87494902e-02 -1.48676550e-02 2.71260235e-02 5.14098117e-03
5.97083289e-03 -2.97076162e-03 -4.44594363e-04 9.47655644e-04 -2.70485273e-03 3.74543684e-04 -6.42317906e-03 1.37453219e-02 3.34255677e-03 5.18206740e-03 -3.90632264e-03 -1.75759406e-03 -5.00579318e-03 -2.58851540e-03 4.72114235e-03 8.94718978e-04
-2.89213210e-02 1.55155081e-02 2.57144170e-03 -4.19944199e-03 1.22263376e-02 -1.74355716e-03 2.90733799e-02 -6.22301362e-02 -1.51204532e-02 -2.35007033e-02 1.77322701e-02 7.97667727e-03 2.27028672e-02 1.17406650e-02 -2.14208644e-02 -4.05973243e-03
2.88325944e-03 -1.70184532e-04 -1.26163693e-04 1.38677796e-03 -4.19676211e-03 7.54006847e-04 -1.05819963e-02 2.27178223e-02 5.52866701e-03 8.60932656e-03 -6.50559599e-03 -2.92534102e-03 -8.32167733e-03 -4.30383673e-03 7.85434712e-03 1.48862798e-03
-1.82132155e-03 -1.08118402e-04 4.97113142e-05 -6.36564393e-04 1.92853482e-03 -3.29181086e-04 4.79584793e-03 -1.02977185e-02 -2.50494084e-03 -3.90019524e-03 2.94651277e-03 1.32495433e-03 3.76923080e-03 1.94939738e-03 -3.55747226e-03 -6.74242270e-04
-6.16821693e-04 2.33373372e-03 3.86192638e-04 -6.35545293e-05 1.76389192e-04 8.81018423e-05 3.83117003e-05 -3.03526831e-05 -1.50467222e-05 1.42631143e-06 -1.64695921e-05 -5.37449387e-06 -5.29072804e-06 -2.70836381e-06 1.01072492e-05 2.11659926e-06
-6.79614302e-03 4.18551080e-03 6.78033219e-04 -1.07172201e-03 3.04719666e-03 -3.81758204e-04 7.06665218e-03 -1.50790820e-02 -3.67652089e-03 -5.69203077e-03 4.28437954e-03 1.92849734e-03 5.49710449e-03 2.84241466e-03 -5.18203108e-03 -9.81991994e-04
3.19745094e-02 -1.89988017e-02 -2.72821076e-03 4.14945092e-03 -1.18966717e-02 1.65298837e-03 -2.86266860e-02 6.12670183e-02 1.49406148e-02 2.31647491e-02 -1.74533837e-02 -7.85536040e-03 -2.23744903e-02 -1.15700345e-02 2.11010147e-02 3.99894826e-03
-2.41582636e-02 1.30796898e-02 2.18774471e-03 -3.44169093e-03 1.04111377e-02 -1.45159848e-03 2.45261900e-02 -5.25962338e-02 -1.27275065e-02 -1.97672341e-02 1.49190957e-02 6.71046413e-03 1.91000607e-02 9.87721048e-03 -1.80209540e-02 -3.41536244e-03
2.49176174e-02 -1.60894357e-02 -2.13001017e-03 3.50027997e-03 -1.02756694e-02 1.34744786e-03 -2.37781312e-02 5.09208180e-02 1.23554207e-02 1.91860311e-02 -1.44654568e-02 -6.50825631e-03 -1.85309518e-02 -9.58240405e-03 1.74799971e-02 3.31277354e-03
2.72637457e-02 -1.40400985e-02 -2.13465886e-03 3.72767309e-03 -1.09237488e-02 1.62008021e-03 -2.60047000e-02 5.56640401e-02 1.35361264e-02 2.10293159e-02 -1.58723760e-02 -7.13919057e-03 -2.03198418e-02 -1.05084199e-02 1.91723499e-02 3.63358203e-03
2.34962761e-04 -1.12131209e-04 -2.24603355e-05 -7.31241598e-05 2.19840877e-04 -4.51810956e-05 5.85253059e-04 -1.26139296e-03 -3.06434900e-04 -4.78719187e-04 3.62344959e-04 1.62851298e-04 4.62850556e-04 2.39410627e-04 -4.37093579e-04 -8.28468401e-05
-3.30421515e-02 1.91783048e-02 3.04966141e-03 -4.67474572e-03 1.39485346e-02 -1.90851628e-03 3.26639935e-02 -6.98986948e-02 -1.70076489e-02 -2.63579246e-02 1.98905524e-02 8.94666743e-03 2.54675355e-02 1.31702097e-02 -2.40273718e-02 -4.55366494e-03
4.62076776e-02 -2.40043700e-02 -4.24570777e-03 6.16082596e-03 -1.79701131e-02 2.72541214e-03 -4.36650962e-02 9.35091525e-02 2.27587726e-02 3.53453420e-02 -2.66922973e-02 -1.20038893e-02 -3.41548696e-02 -1.76636819e-02 3.22322808e-02 6.10886747e-03
-1.29654825e-01 7.16574565e-02 1.00477152e-02 -1.76205169e-02 5.20034470e-02 -8.03928729e-03 1.26712739e-01 -2.71356791e-01 -6.60045743e-02 -1.02675885e-01 7.75423869e-02 3.48708183e-02 9.92114097e-02 5.13102859e-02 -9.36319232e-02 -1.77458059e-02
-1.80188529e-02 9.15930606e-03 1.18468318e-03 -2.50656903e-03 7.18319369e-03 -1.02115213e-03 1.70925409e-02 -3.66455354e-02 -8.88404343e-03 -1.38139324e-02 1.04295947e-02 4.69058473e-03 1.33468648e-02 6.90246746e-03 -1.25951422e-02 -2.38710549e-03
2.44819224e-02 -1.59463976e-02 -2.30890047e-03 3.59048718e-03 -1.05406186e-02 1.33970287e-03 -2.42848061e-02 5.19598946e-02 1.26391370e-02 1.95367392e-02 -1.47132901e-02 -6.62185578e-03 -1.88729223e-02 -9.76025686e-03 1.77923813e-02 3.37168062e-03
-1.98398605e-02 1.09761786e-02 1.51411071e-03 -2.74866004e-03 8.03704001e-03 -1.19332538e-03 1.92632247e-02 -4.12209369e-02 -1.00202393e-02 -1.55753624e-02 1.17588304e-02 5.28852269e-03 1.50483996e-02 7.78244855e-03 -1.42007824e-02 -2.69141467e-03
6.10617921e-02 -2.43258998e-02 -3.25022009e-03 9.46630072e-03 -2.83281896e-02 4.50652093e-03 -6.92245066e-02 1.48554444e-01 3.61269824e-02 5.62313870e-02 -4.24725935e-02 -1.90996230e-02 -5.43386638e-02 -2.81029530e-02 5.12835160e-02 9.71964002e-03
-1.53615326e-02 8.36288184e-03 1.41987589e-03 -2.03726091e-03 5.97372232e-03 -7.74948508e-04 1.39589058e-02 -2.98646819e-02 -7.23800668e-03 -1.12281209e-02 8.46585725e-03 3.80903389e-03 1.08460393e-02 5.60850371e-03 -1.02308039e-02 -1.93890813e-03
-5.35594523e-02 2.69472040e-02 3.76968691e-03 -9.17382631e-03 2.69510318e-02 -4.17181430e-03 6.53613582e-02 -1.40049681e-01 -3.40544581e-02 -5.29704839e-02 3.99984531e-02 1.79885272e-02 5.11857718e-02 2.64717545e-02 -4.83030528e-02 -9.15466063e-03
-2.48896480e-02 2.12828182e-02 2.56288517e-03 -2.97867646e-03 8.46370775e-03 -9.68262146e-04 1.93222892e-02 -4.11075726e-02 -9.98408999e-03 -1.54383825e-02 1.16105592e-02 5.22741629e-03 1.49082532e-02 7.70991296e-03 -1.40496828e-02 -2.66231014e-03
2.94942223e-03 -5.51380450e-04 -2.01544375e-04 1.04251876e-03 -3.11885076e-03 5.07570163e-04 -7.68153556e-03 1.64839849e-02 4.00976371e-03 6.23915624e-03 -4.71152039e-03 -2.11887807e-03 -6.02885848e-03 -3.11811944e-03 5.68959210e-03 1.07832148e-03
-1.18586118e-03 2.14409258e-04 8.81701926e-05 -5.47450210e-04 1.67843443e-03 -2.91433767e-04 4.21116035e-03 -9.04448703e-03 -2.20048893e-03 -3.42630572e-03 2.58860062e-03 1.16399443e-03 3.31135793e-03 1.71259674e-03 -3.12530948e-03 -5.92334487e-04
4.17355224e-02 -2.23125257e-02 -3.29901348e-03 6.47124555e-03 -1.91938747e-02 2.92541995e-03 -4.61515039e-02 9.89349112e-02 2.40305234e-02 3.73719558e-02 -2.82197669e-02 -1.26910405e-02 -3.61121185e-02 -1.86756086e-02 3.40779983e-02 6.45866012e-03
-4.13580015e-02 3.10082361e-02 5.49057079e-03 -4.84782644e-03 1.36466343e-02 -1.09341857e-03 2.93957312e-02 -6.24920242e-02 -1.52537636e-02 -2.34793294e-02 1.75948981e-02 7.93431699e-03 2.26647723e-02 1.17158201e-02 -2.13383548e-02 -4.04278049e-03
-3.06949727e-02 3.63256820e-02 4.90067154e-03 -3.99298035e-03 1.09882699e-02 -6.51129521e-04 2.38490030e-02 -5.07533476e-02 -1.24013172e-02 -1.90876257e-02 1.42915826e-02 6.44548424e-03 1.84126031e-02 9.51674022e-03 -1.73330978e-02 -3.28410650e-03
2.32410170e-02 -1.32832890e-02 -1.91207184e-03 3.01534776e-03 -8.72403570e-03 1.27021747e-03 -2.08599474e-02 4.46389206e-02 1.08497730e-02 1.68564375e-02 -1.27225192e-02 -5.72296837e-03 -1.62895806e-02 -8.42405017e-03 1.53696826e-02 2.91290204e-03
1.05145229e-02 -6.36910181e-03 -1.13925489e-03 1.45705906e-03 -4.20532795e-03 4.98185284e-04 -9.54617187e-03 2.04459280e-02 4.97034239e-03 7.68562965e-03 -5.77992201e-03 -2.60238000e-03 -7.42170913e-03 -3.83771816e-03 6.99440390e-03 1.32538402e-03
2.43817680e-02 -1.69203263e-02 -2.29792017e-03 3.32388771e-03 -9.72156413e-03 1.24849938e-03 -2.27637701e-02 4.88219932e-02 1.18417256e-02 1.83053389e-02 -1.37852207e-02 -6.20265445e-03 -1.76778436e-02 -9.14725661e-03 1.66681800e-02 3.15837329e-03
3.93982828e-02 -1.79230552e-02 -2.69351574e-03 6.33357372e-03 -1.89003348e-02 3.01330816e-03 -4.64419797e-02 9.96687189e-02 2.42319871e-02 3.77117991e-02 -2.84836553e-02 -1.28091294e-02 -3.64425778e-02 -1.88472699e-02 3.43933143e-02 6.51848270e-03
-7.78262466e-02 3.89566682e-02 5.46997460e-03 -1.28941592e-02 3.70845310e-02 -5.54620288e-03 8.88255015e-02 -1.90517440e-01 -4.62986678e-02 -7.19758421e-02 5.43489307e-02 2.44413186e-02 6.95484430e-02 3.59675661e-02 -6.56301901e-02 -1.24385897e-02
5.44635653e-02 -3.03617939e-02 -4.51062713e-03 7.67639745e-03 -2.30639633e-02 3.54893901e-03 -5.51697761e-02 1.18043572e-01 2.86931358e-02 4.46015261e-02 -3.36753279e-02 -1.51470629e-02 -4.30977382e-02 -2.22888645e-02 4.06721756e-02 7.70846382e-03
-7.63838738e-03 4.84934449e-03 5.33031591e-04 -9.77746095e-05 4.31436492e-04 6.92596950e-05 3.94041417e-04 -6.74828538e-04 -1.54015288e-04 -2.26022807e-04 1.68085084e-04 7.62330819e-05 2.17168432e-04 1.12256828e-04 -2.04762357e-04 -3.88062581e-05
1.82596538e-02 -1.09343650e-02 -1.37181068e-03 2.69745640e-03 -7.97519740e-03 1.11897895e-03 -1.89988911e-02 4.06664200e-02 9.88624711e-03 1.53595116e-02 -1.15875071e-02 -5.21237170e-03 -1.48373051e-02 -7.67286448e-03 1.39981993e-02 2.65294709e-03
-4.25684601e-02 2.05104575e-02 2.57216836e-03 -5.36017818e-03 1.55624021e-02 -2.37718108e-03 3.76547351e-02 -8.09088945e-02 -1.96299255e-02 -3.05286180e-02 2.30545271e-02 1.03680417e-02 2.94993129e-02 1.52561050e-02 -2.78393608e-02 -5.27630281e-03
1.06828166e-02 -5.68276783e-03 -8.18472588e-04 9.27554385e-04 -2.51425547e-03 3.09686875e-04 -5.91984438e-03 1.26710413e-02 3.05722631e-03 4.75229695e-03 -3.58485547e-03 -1.61231367e-03 -4.58872365e-03 -2.37304787e-03 4.32958687e-03 8.20561138e-04
2.37833709e-02 -1.10437758e-02 -1.84033345e-03 3.45788291e-03 -1.03704929e-02 1.58583513e-03 -2.47491580e-02 5.30451611e-02 1.29024070e-02 2.00661756e-02 -1.51525661e-02 -6.81458553e-03 -1.93897747e-02 -1.00277355e-02 1.82982329e-02 3.46799754e-03
-8.68089264e-04 4.60215844e-04 5.60814660e-05 -9.84079234e-05 2.83657224e-04 -4.21785844e-05 6.76657131e-04 -1.44765654e-03 -3.52250412e-04 -5.47604111e-04 4.13525966e-04 1.85966390e-04 5.29110956e-04 2.73640471e-04 -4.99339483e-04 -9.46382497e-05
1.05448207e-02 -6.14628009e-03 -1.05432316e-03 1.44449167e-03 -4.25972417e-03 5.34268329e-04 -9.74936038e-03 2.08620336e-02 5.06819226e-03 7.85621256e-03 -5.92006510e-03 -2.66411412e-03 -7.58883450e-03 -3.92399170e-03 7.15655088e-03 1.35624828e-03
-4.49738577e-02 2.45206412e-02 3.53149651e-03 -6.38465723e-03 1.89089961e-02 -2.60120770e-03 4.37197462e-02 -9.34086815e-02 -2.26807259e-02 -3.51937898e-02 2.65530311e-02 1.19431401e-02 3.39970216e-02 1.75819639e-02 -3.20753567e-02 -6.07888214e-03
1.72515027e-02 -1.13329384e-02 -1.54891575e-03 2.33998755e-03 -6.89357566e-03 8.19748268e-04 -1.58440117e-02 3.38793360e-02 8.22308846e-03 1.27709219e-02 -9.62941162e-03 -4.33260901e-03 -1.23334415e-02 -6.37802947e-03 1.16358483e-02 2.20523588e-03
-8.57816339e-02 3.57684381e-02 5.97124733e-03 -1.30954450e-02 3.84838469e-02 -6.07857667e-03 9.34488624e-02 -2.00509846e-01 -4.87524383e-02 -7.58459568e-02 5.72840646e-02 2.57607196e-02 7.32915848e-02 3.79045941e-02 -6.91693649e-02 -1.31094828e-02
3.45267355e-02 -2.38016658e-02 -3.14028258e-03 4.59841965e-03 -1.33902598e-02 1.67208270e-03 -3.10438313e-02 6.67349398e-02 1.62138287e-02 2.49989815e-02 -1.88311301e-02 -8.47231690e-03 -2.41617896e-02 -1.25079164e-02 2.27714032e-02 4.31515183e-03
-2.81402804e-02 1.56552680e-02 2.54928088e-03 -3.63460556e-03 1.08652459e-02 -1.28688104e-03 2.51015797e-02 -5.37356921e-02 -1.30333733e-02 -2.01951079e-02 1.52178872e-02 6.84855413e-03 1.95012484e-02 1.00851813e-02 -1.83949526e-02 -3.48608987e-03
-1.10117570e-01 7.59250447e-02 9.25272703e-03 -1.51054654e-02 4.49500680e-02 -5.21812076e-03 1.03402391e-01 -2.20520899e-01 -5.35548106e-02 -8.30845162e-02 6.24813065e-02 2.81226970e-02 8.01244304e-02 4.14374620e-02 -7.55605400e-02 -1.43181337e-02
-2.96265725e-02 1.32809635e-02 1.57692190e-03 -4.23674239e-03 1.23849763e-02 -1.85820996e-03 2.97726281e-02 -6.38620183e-02 -1.55233275e-02 -2.41536107e-02 1.82395726e-02 8.20239633e-03 2.33370122e-02 1.20693836e-02 -2.20242571e-02 -4.17418964e-03
6.65892102e-03 -3.77789279e-03 -4.22763202e-04 6.32056966e-04 -1.55491743e-03 1.54847032e-04 -3.51089495e-03 7.49914208e-03 1.82406383e-03 2.83321645e-03 -2.13725166e-03 -9.61347367e-04 -2.73584272e-03 -1.41484814e-03 2.58154981e-03 4.89266182e-04
1.72569938e-02 -1.06111038e-02 -1.49926031e-03 2.36935238e-03 -7.13509321e-03 1.12241262e-03 -1.72436647e-02 3.69672365e-02 8.98412988e-03 1.39816720e-02 -1.05604948e-02 -4.74893488e-03 -1.35108447e-02 -6.98750280e-03 1.27511472e-02 2.41669151e-03
-5.00048026e-02 2.24850476e-02 2.90653273e-03 -7.85506982e-03 2.35625878e-02 -3.82866361e-03 5.78284785e-02 -1.24033332e-01 -3.01663298e-02 -4.69460487e-02 3.54607552e-02 1.59462597e-02 4.53671739e-02 2.34630257e-02 -4.28164490e-02 -8.11489765e-03
-8.97577219e-03 7.29458034e-03 1.10563985e-03 -1.48147705e-03 4.28292295e-03 -4.94085951e-04 9.86533053e-03 -2.10591182e-02 -5.13485819e-03 -7.93858431e-03 5.97140007e-03 2.68876879e-03 7.66728073e-03 3.96438176e-03 -7.22618774e-03 -1.36929168e-03
1.97408423e-02 -1.15566067e-02 -1.79243274e-03 2.54853303e-03 -7.28538539e-03 9.52514354e-04 -1.73039492e-02 3.70358415e-02 9.00073815e-03 1.39552131e-02 -1.05233341e-02 -4.73500229e-03 -1.34806577e-02 -6.97099417e-03 1.27169425e-02 2.41010124e-03
8.73334892e-03 -4.70952969e-03 -7.45858531e-04 1.45861669e-03 -4.30746982e-03 6.32545503e-04 -1.02627175e-02 2.19974164e-02 5.34663815e-03 8.30970146e-03 -6.27121283e-03 -2.82088178e-03 -8.02820455e-03 -4.15174337e-03 7.57515663e-03 1.43567042e-03
2.48979516e-02 -1.05233565e-02 -1.20346423e-03 2.90466379e-03 -8.27630702e-03 1.14585028e-03 -1.93431750e-02 4.14263122e-02 1.00591648e-02 1.56284440e-02 -1.17951715e-02 -5.30524598e-03 -1.50971608e-02 -7.80793326e-03 1.42463753e-02 2.70003150e-03
2.78679514e-03 -6.00459636e-04 -1.32023444e-04 1.38230296e-03 -4.14582901e-03 6.61855564e-04 -1.01558138e-02 2.18028985e-02 5.29899867e-03 8.23964458e-03 -6.21840730e-03 -2.79728882e-03 -7.96152651e-03 -4.11746185e-03 7.51216803e-03 1.42372039e-03
8.50958563e-03 -4.27637063e-03 -6.10577059e-04 1.35139143e-03 -3.90231237e-03 5.85416681e-04 -9.38366260e-03 2.01139189e-02 4.88975924e-03 7.60034798e-03 -5.73626207e-03 -2.58009857e-03 -7.34293787e-03 -3.79740330e-03 6.92857523e-03 1.31312758e-03
-2.16306672e-02 1.30850840e-02 1.71708525e-03 -3.18986923e-03 9.42883454e-03 -1.36431027e-03 2.20278930e-02 -4.71469909e-02 -1.14611238e-02 -1.77997891e-02 1.34317130e-02 6.04177034e-03 1.71957817e-02 8.89268797e-03 -1.62248909e-02 -3.07498267e-03
-3.09717730e-02 1.83693748e-02 2.81559769e-03 -3.98233347e-03 1.19023267e-02 -1.72984845e-03 2.82648802e-02 -6.04851320e-02 -1.47016384e-02 -2.28385981e-02 1.72417443e-02 7.75565580e-03 2.20678747e-02 1.14126466e-02 -2.08253246e-02 -3.94694880e-03
2.31879279e-02 -1.15478141e-02 -2.15276168e-03 2.13462301e-03 -6.40016980e-03 9.02272877e-04 -1.51303792e-02 3.23737152e-02 7.86893163e-03 1.22403726e-02 -9.24300309e-03 -4.15684422e-03 -1.18269576e-02 -6.11657416e-03 1.11616096e-02 2.11542891e-03
4.46740026e-03 -2.89410539e-03 -5.34423860e-04 6.02521293e-04 -1.77119940e-03 2.22247880e-04 -4.08688886e-03 8.73018615e-03 2.12207506e-03 3.28987814e-03 -2.47961562e-03 -1.11578102e-03 -3.17739556e-03 -1.64302555e-03 2.99698138e-03 5.67973999e-04
2.22190060e-02 -3.65007482e-03 -1.14444457e-03 3.98752932e-03 -1.20292669e-02 1.75252079e-03 -2.89424043e-02 6.19851165e-02 1.50735145e-02 2.34202612e-02 -1.76728312e-02 -7.95062445e-03 -2.26269048e-02 -1.17011126e-02 2.13499889e-02 4.04637353e-03
2.46012937e-02 -1.22176427e-02 -1.93480577e-03 4.30079270e-03 -1.28247589e-02 1.89608813e-03 -3.09038963e-02 6.62246943e-02 1.61011219e-02 2.50185952e-02 -1.88830961e-02 -8.49330798e-03 -2.41745673e-02 -1.25017129e-02 2.28087790e-02 4.32276353e-03
-4.52968031e-02 2.04319749e-02 2.98591075e-03 -8.30556080e-03 2.45894119e-02 -3.87554802e-03 5.99008761e-02 -1.28400579e-01 -3.12034898e-02 -4.85451929e-02 3.66590768e-02 1.64866596e-02 4.69086394e-02 2.42597274e-02 -4.42687906e-02 -8.39012116e-03
1.83140002e-02 -1.08669158e-02 -1.59142842e-03 2.67394166e-03 -7.85142183e-03 1.07848004e-03 -1.85568389e-02 3.97054367e-02 9.65292659e-03 1.49956048e-02 -1.13128573e-02 -5.08917635e-03 -1.44862076e-02 -7.49123329e-03 1.36672352e-02 2.59023230e-03
-2.55119726e-02 1.32957995e-02 1.99358305e-03 -3.54290800e-03 1.05965696e-02 -1.54355471e-03 2.51045320e-02 -5.38120791e-02 -1.30698644e-02 -2.03118287e-02 1.53308585e-02 6.89602923e-03 1.96265876e-02 1.01492573e-02 -1.85183138e-02 -3.50965816e-03
-1.85700855e-03 -1.31924287e-04 -3.82881990e-05 -8.05911724e-04 2.47347797e-03 -4.55942267e-04 6.33022189e-03 -1.36254868e-02 -3.31827765e-03 -5.16904332e-03 3.90690845e-03 1.75651803e-03 4.99650650e-03 2.58422620e-03 -4.71607829e-03 -8.93835211e-04
-8.94823112e-03 6.14641886e-03 5.80368272e-04 -4.62447060e-04 1.11873925e-03 -8.79428626e-05 2.52260058e-03 -5.36550442e-03 -1.30359712e-03 -2.02016090e-03 1.52101042e-03 6.84818078e-04 1.95131358e-03 1.00857532e-03 -1.83972006e-03 -3.48665577e-04
2.28728517e-04 -9.88286920e-04 -1.42327553e-04 -2.45243689e-04 7.54122739e-04 -1.61323274e-04 1.99667970e-03 -4.30247514e-03 -1.04641798e-03 -1.63526519e-03 1.23859546e-03 5.56533516e-04 1.58094207e-03 8.17738939e-04 -1.49342394e-03 -2.83076224e-04
-1.40738729e-02 9.81891528e-03 1.54809444e-03 -1.75251393e-03 5.23367012e-03 -6.26350637e-04 1.19554531e-02 -2.54632179e-02 -6.19305298e-03 -9.58816148e-03 7.21219927e-03 3.24741635e-03 9.25918203e-03 4.78772540e-03 -8.72713234e-03 -1.65377685e-03
-2.43022628e-02 1.70501973e-02 3.47988983e-03 -3.42516019e-03 1.00497920e-02 -1.34023488e-03 2.35891752e-02 -5.04462235e-02 -1.22807361e-02 -1.90411676e-02 1.43556101e-02 6.45867037e-03 1.83956027e-02 9.51106288e-03 -1.73489228e-02 -3.28781269e-03
-9.27215256e-03 5.23226848e-03 6.43442036e-04 -1.28654425e-03 3.80804716e-03 -5.70163771e-04 9.01894271e-03 -1.93261243e-02 -4.70263837e-03 -7.31065543e-03 5.51898917e-03 2.48218141e-03 7.06319604e-03 3.65280290e-03 -6.66524889e-03 -1.26323372e-03
-1.09315827e-01 6.82801902e-02 7.55798537e-03 -1.37764700e-02 4.02823016e-02 -5.53839421e-03 9.50679481e-02 -2.03062564e-01 -4.93374616e-02 -7.66081810e-02 5.77771962e-02 2.59947162e-02 7.39933476e-02 3.82662714e-02 -6.98110387e-02 -1.32306637e-02
-2.73051038e-02 1.27109969e-02 1.83922076e-03 -3.77016934e-03 1.13723939e-02 -1.67655072e-03 2.69507300e-02 -5.76994903e-02 -1.40102981e-02 -2.17923261e-02 1.64568722e-02 7.40105100e-03 2.10572202e-02 1.08902203e-02 -1.98725741e-02 -3.76639026e-03
2.67926487e-03 -2.52828526e-04 -8.77714992e-05 6.47635199e-04 -1.94314076e-03 3.08829767e-04 -4.74808505e-03 1.01810573e-02 2.47758999e-03 3.85194039e-03 -2.90816044e-03 -1.30794581e-03 -3.72222578e-03 -1.92499661e-03 3.51231475e-03 6.65665721e-04
-2.66389214e-02 1.77509300e-02 2.41112150e-03 -3.27691785e-03 9.59446747e-03 -1.02310244e-03 2.13418920e-02 -4.57176901e-02 -1.11318277e-02 -1.71693638e-02 1.29127465e-02 5.81207778e-03 1.65864453e-02 8.57711956e-03 -1.56259220e-02 -2.96074967e-03
2.94545311e-02 -1.60413757e-02 -2.09985347e-03 4.13949834e-03 -1.18238498e-02 1.68036204e-03 -2.82242130e-02 6.05091453e-02 1.47051970e-02 2.28605624e-02 -1.72498990e-02 -7.75966700e-03 -2.20847540e-02 -1.14213098e-02 2.08380669e-02 3.94928921e-03
-3.47748101e-02 1.81670971e-02 2.82578520e-03 -5.36680827e-03 1.62141677e-02 -2.51661241e-03 3.89900543e-02 -8.36194307e-02 -2.03266088e-02 -3.16243954e-02 2.38836017e-02 1.07407924e-02 3.05590630e-02 1.58043373e-02 -2.88399775e-02 -5.46595920e-03
1.38981286e-02 -8.40644538e-03 -1.32123753e-03 2.03165389e-03 -5.93929831e-03 8.07599863e-04 -1.40505070e-02 3.00824232e-02 7.31673976e-03 1.13479318e-02 -8.55650101e-03 -3.84963141e-03 -1.09621491e-02 -5.66866621e-03 1.03399390e-02 1.95958512e-03
3.24121639e-02 -1.55285113e-02 -2.61295331e-03 4.31794208e-03 -1.25455828e-02 1.79852755e-03 -2.96930913e-02 6.35954514e-02 1.54781388e-02 2.40407418e-02 -1.81421991e-02 -8.16045050e-03 -2.32262053e-02 -1.20114069e-02 2.19146516e-02 4.15331172e-03
-3.01972013e-02 1.52008682e-02 1.67599076e-03 -3.79872648e-03 1.09258331e-02 -1.54868176e-03 2.57686321e-02 -5.51605336e-02 -1.33851115e-02 -2.07974911e-02 1.56953055e-02 7.05961743e-03 2.00915504e-02 1.03903869e-02 -1.89577881e-02 -3.59294238e-03
2.91324630e-02 -1.76647417e-02 -2.77996832e-03 4.30035731e-03 -1.26688657e-02 1.74034247e-03 -2.99454071e-02 6.40132874e-02 1.55526511e-02 2.41528936e-02 -1.82291158e-02 -8.19902588e-03 -2.33336631e-02 -1.20668383e-02 2.20172834e-02 4.17279266e-03
3.12190270e-03 -6.23708474e-04 -7.13387417e-05 1.13032968e-03 -3.45445517e-03 6.36767363e-04 -8.79893918e-03 1.89164411e-02 4.59779054e-03 7.16586737e-03 -5.41541260e-03 -2.43497896e-03 -6.92604762e-03 -3.58220562e-03 6.53753709e-03 1.23905938e-03
1.01397783e-02 -4.77888249e-03 -7.44848745e-04 1.68788678e-03 -5.01874182e-03 7.73019099e-04 -1.20776081e-02 2.58950908e-02 6.29449356e-03 9.79027804e-03 -7.39227282e-03 -3.32453381e-03 -9.45967715e-03 -4.89221746e-03 8.92697927e-03 1.69189391e-03
-2.44583338e-02 1.54859312e-02 1.60337461e-03 -2.63029127e-03 7.57439481e-03 -1.13138999e-03 1.81279089e-02 -3.87583375e-02 -9.42081213e-03 -1.46551616e-02 1.10669686e-02 4.97701811e-03 1.41605865e-02 7.32335867e-03 -1.33638214e-02 -2.53280671e-03
-2.24640686e-02 1.06672626e-02 1.30270305e-03 -3.17674503e-03 9.37356334e-03 -1.45329197e-03 2.27489974e-02 -4.87788208e-02 -1.18647832e-02 -1.84584744e-02 1.39390482e-02 6.26878953e-03 1.78359617e-02 9.22423881e-03 -1.68323833e-02 -3.19018937e-03
-1.54413078e-02 1.05058458e-02 1.43180881e-03 -2.41903611e-03 7.13141821e-03 -9.85747552e-04 1.67245865e-02 -3.58000398e-02 -8.69043451e-03 -1.35044372e-02 1.01818712e-02 4.58229519e-03 1.30463960e-02 6.74680807e-03 -1.23072229e-02 -2.33241310e-03
1.31025948e-02 -1.17616355e-02 -1.41915935e-03 1.07743812e-03 -2.88772187e-03 1.05671439e-04 -5.60083147e-03 1.18893124e-02 2.87219393e-03 4.39411122e-03 -3.29574989e-03 -1.48473529e-03 -4.23982134e-03 -2.19272543e-03 3.99281876e-03 7.56518566e-04
3.35975662e-02 -2.16693655e-02 -2.99672270e-03 4.30393685e-03 -1.25988526e-02 1.68387161e-03 -2.96391994e-02 6.33452013e-02 1.54174305e-02 2.39151791e-02 -1.80275533e-02 -8.11319798e-03 -2.31050029e-02 -1.19474996e-02 2.17923168e-02 4.12997603e-03
-1.20111555e-02 9.43594798e-03 1.19047600e-03 -1.45698199e-03 4.31091292e-03 -5.45669405e-04 9.92942322e-03 -2.12347005e-02 -5.16761094e-03 -8.00967496e-03 6.03587693e-03 2.71645142e-03 7.73622841e-03 4.00066003e-03 -7.29682343e-03 -1.38284941e-03
-3.98262665e-02 2.47200467e-02 3.62167088e-03 -5.87879866e-03 1.73199438e-02 -2.38750433e-03 4.10635248e-02 -8.79030228e-02 -2.13877168e-02 -3.32240798e-02 2.50748955e-02 1.12788575e-02 3.21003348e-02 1.66010093e-02 -3.02887857e-02 -5.74039808e-03
-4.45427969e-02 2.43756287e-02 3.49853351e-03 -6.16964325e-03 1.81030985e-02 -2.61579058e-03 4.33790982e-02 -9.28614661e-02 -2.25886740e-02 -3.50680090e-02 2.64564417e-02 1.19021628e-02 3.38829085e-02 1.75215304e-02 -3.19654308e-02 -6.05808664e-03
5.37540019e-02 -2.66156234e-02 -4.61883610e-03 7.19060656e-03 -2.14331355e-02 3.22823087e-03 -5.13937250e-02 1.10125154e-01 2.67627370e-02 4.15812880e-02 -3.14019620e-02 -1.41217643e-02 -4.01823558e-02 -2.07808018e-02 3.79195586e-02 7.18674948e-03
3.66221257e-02 -2.06330102e-02 -3.13275680e-03 5.04375109e-03 -1.50142051e-02 2.31335196e-03 -3.63040157e-02 7.77733624e-02 1.89065225e-02 2.94118039e-02 -2.22097766e-02 -9.98836476e-03 -2.84185708e-02 -1.46973785e-02 2.68200617e-02 5.08313207e-03
-9.49209742e-03 6.93285652e-03 9.03605251e-04 -7.64382421e-04 2.09861342e-03 -2.05251185e-04 4.51948354e-03 -9.61368997e-03 -2.33271718e-03 -3.60880769e-03 2.71651917e-03 1.22283457e-03 3.48394830e-03 1.80134992e-03 -3.28508951e-03 -6.22558990e-04
1.32150520e-02 -4.17739665e-03 -9.72450769e-04 2.24102824e-03 -6.68233400e-03 6.73945004e-04 -1.52604580e-02 3.27061750e-02 7.93624111e-03 1.22328671e-02 -9.18704830e-03 -4.13718214e-03 -1.18109360e-02 -6.10855035e-03 1.11263869e-02 2.10780744e-03
-1.29758701e-01 1.10938251e-01 1.61392167e-02 -1.70919206e-02 4.70796041e-02 -5.62789757e-03 1.05626397e-01 -2.24321336e-01 -5.47456779e-02 -8.45379010e-02 6.35007694e-02 2.86050178e-02 8.16453174e-02 4.22828235e-02 -7.69580603e-02 -1.45798642e-02
-4.10009325e-02 2.39877440e-02 2.52351025e-03 -5.72547037e-03 1.65582076e-02 -2.45899754e-03 3.93304564e-02 -8.43307227e-02 -2.05142461e-02 -3.18650976e-02 2.40545534e-02 1.08186454e-02 3.07889339e-02 1.59225073e-02 -2.90519949e-02 -5.50604751e-03
1.20886229e-02 -7.54116708e-03 -8.36393854e-04 1.39112840e-03 -4.14988305e-03 4.59200586e-04 -9.37185250e-03 2.01503560e-02 4.84663155e-03 7.52227707e-03 -5.66575071e-03 -2.54994910e-03 -7.26338848e-03 -3.75566049e-03 6.84970943e-03 1.29810954e-03
-1.46865761e-02 7.00152945e-03 1.11568475e-03 -1.93405477e-03 5.65869035e-03 -8.30646371e-04 1.35765625e-02 -2.90740915e-02 -7.07102520e-03 -1.09937489e-02 8.30033235e-03 3.73318489e-03 1.06223123e-02 5.49348444e-03 -1.00242579e-02 -1.89986045e-03
-3.95872444e-02 2.09561046e-02 3.32774920e-03 -5.22153638e-03 1.50868520e-02 -2.27075838e-03 3.62335332e-02 -7.76921883e-02 -1.88903827e-02 -2.93517280e-02 2.21565794e-02 9.96584352e-03 2.83601508e-02 1.46666542e-02 -2.67613772e-02 -5.07193711e-03
9.00485553e-03 -5.89704700e-03 -9.90419416e-04 1.72808673e-03 -5.08431857e-03 7.32680142e-04 -1.22191589e-02 2.61676926e-02 6.36846246e-03 9.87981539e-03 -7.44895265e-03 -3.35168862e-03 -9.54787713e-03 -4.93710022e-03 9.00392234e-03 1.70634419e-03
-1.20870667e-02 5.95340598e-03 8.22423841e-04 -1.86917023e-03 5.50341001e-03 -8.62797548e-04 1.34096760e-02 -2.87569407e-02 -6.98981108e-03 -1.08733643e-02 8.21129326e-03 3.69282579e-03 1.05068665e-02 5.43385325e-03 -9.91566852e-03 -1.87928556e-03
1.49846878e-02 -6.81633595e-03 -9.78563214e-04 2.43584742e-03 -7.25869462e-03 1.14573818e-03 -1.76731478e-02 3.79052460e-02 9.22013260e-03 1.43456841e-02 -1.08351065e-02 -4.87253489e-03 -1.38626508e-02 -7.16945482e-03 1.30830565e-02 2.47959769e-03
3.82700306e-03 -9.71361995e-04 -2.37500048e-04 1.81187782e-03 -5.46198571e-03 9.53702489e-04 -1.36722606e-02 2.93642599e-02 7.14213541e-03 1.11182369e-02 -8.39939900e-03 -3.77693935e-03 -1.07451621e-02 -5.55723114e-03 1.01411734e-02 1.92203408e-03
-9.24037490e-03 4.46643680e-03 6.92560687e-04 -2.17727711e-03 6.48357207e-03 -1.01927854e-03 1.58053432e-02 -3.39129344e-02 -8.24947655e-03 -1.28334705e-02 9.69113503e-03 4.35824832e-03 1.24003841e-02 6.41321996e-03 -1.17025347e-02 -2.21793633e-03
-3.68463174e-02 1.55420862e-02 2.36963294e-03 -5.70785115e-03 1.57043803e-02 -2.46073399e-03 3.79956141e-02 -8.15109909e-02 -1.98176149e-02 -3.08173802e-02 2.32734699e-02 1.04662068e-02 2.97784153e-02 1.54006034e-02 -2.81030182e-02 -5.32627851e-03
1.50389895e-02 -8.44816864e-03 -1.08940201e-03 2.55233911e-03 -7.52260722e-03 1.18608284e-03 -1.82637926e-02 3.91058810e-02 9.51404124e-03 1.47927813e-02 -1.11724902e-02 -5.02431626e-03 -1.42948804e-02 -7.39290100e-03 1.34907030e-02 2.55685369e-03
-1.62158925e-02 7.41340779e-03 1.01136963e-03 -2.20633065e-03 6.29793713e-03 -9.87108797e-04 1.51116429e-02 -3.23948972e-02 -7.88030867e-03 -1.22601595e-02 9.25951824e-03 4.16410109e-03 1.18474346e-02 6.12718984e-03 -1.11809773e-02 -2.11909879e-03
-1.38480114e-02 7.30347726e-03 9.49245063e-04 -2.12577311e-03 6.24590134e-03 -9.26080800e-04 1.49802929e-02 -3.21194902e-02 -7.79661816e-03 -1.21312169e-02 9.15781781e-03 4.11874242e-03 1.17193414e-02 6.06078375e-03 -1.10594537e-02 -2.09605950e-03
1.40202977e-03 1.14139821e-03 1.83283904e-04 9.36995377e-04 -2.85510486e-03 5.25417796e-04 -7.23297196e-03 1.55569268e-02 3.78662813e-03 5.90045471e-03 -4.45947470e-03 -2.00504530e-03 -5.70317823e-03 -2.94971955e-03 5.38324378e-03 1.02028577e-03
-3.50199640e-02 2.33027339e-02 3.70060001e-03 -4.97344695e-03 1.45083200e-02 -1.96619937e-03 3.35066989e-02 -7.16665313e-02 -1.74507294e-02 -2.70736907e-02 2.04182286e-02 9.18586552e-03 2.61520166e-02 1.35240881e-02 -2.46710330e-02 -4.67559742e-03
9.00035817e-03 -6.77917665e-03 -7.07218773e-04 6.40502723e-04 -1.90616748e-03 2.49168108e-04 -4.41568205e-03 9.47764330e-03 2.29527033e-03 3.56872426e-03 -2.69432971e-03 -1.21181225e-03 -3.44800274e-03 -1.78320706e-03 3.25391418e-03 6.16702717e-04
2.00075330e-03 -4.64665529e-04 -7.42567281e-05 6.93875481e-04 -2.19120202e-03 4.02495702e-04 -5.57155348e-03 1.19782798e-02 2.91440520e-03 4.54067718e-03 -3.43160843e-03 -1.54304248e-03 -4.38929396e-03 -2.27010762e-03 4.14290046e-03 7.85202545e-04
4.49924320e-02 -2.75049247e-02 -3.13583622e-03 6.84843492e-03 -1.97430607e-02 2.94041983e-03 -4.77188453e-02 1.02053851e-01 2.48298440e-02 3.85906100e-02 -2.91290488e-02 -1.31020481e-02 -3.72834429e-02 -1.92815810e-02 3.51825543e-02 6.66797487e-03
1.51884705e-02 -6.09271368e-03 -9.00572399e-04 2.76420848e-03 -8.23234487e-03 1.33791077e-03 -2.02277955e-02 4.34048995e-02 1.05564725e-02 1.64300781e-02 -1.24104917e-02 -5.58083039e-03 -1.58774965e-02 -8.21153447e-03 1.49847940e-02 2.84003210e-03
-1.56146148e-02 7.30053522e-03 1.13004015e-03 -3.19751399e-03 9.59824678e-03 -1.46114524e-03 2.31603775e-02 -4.96665277e-02 -1.20700682e-02 -1.87768936e-02 1.41790295e-02 6.37675729e-03 1.81434788e-02 9.38329753e-03 -1.71224084e-02 -3.24514904e-03
4.53570113e-03 -2.35439604e-03 -3.68439738e-04 7.91364408e-04 -2.36744760e-03 3.34860553e-04 -5.60002122e-03 1.20069822e-02 2.91892886e-03 4.52596834e-03 -3.41145555e-03 -1.53475604e-03 -4.37374925e-03 -2.26157182e-03 4.12341114e-03 7.81412236e-04
-4.27359268e-02 2.72265598e-02 3.44001479e-03 -6.05427008e-03 1.74070746e-02 -2.37630983e-03 4.10109349e-02 -8.78921896e-02 -2.13192515e-02 -3.31336036e-02 2.50033103e-02 1.12472093e-02 3.20091024e-02 1.65533405e-02 -3.02031152e-02 -5.72421122e-03
-2.50621289e-02 1.30047202e-02 2.31609447e-03 -3.39378812e-03 9.70643573e-03 -1.37772178e-03 2.27684267e-02 -4.87298481e-02 -1.18509009e-02 -1.83814913e-02 1.38628762e-02 6.23723026e-03 1.77578907e-02 9.18296538e-03 -1.67518612e-02 -3.17477714e-03
-1.48240849e-02 8.15728866e-03 1.20373245e-03 -2.29057437e-03 6.70030387e-03 -9.35288146e-04 1.57933794e-02 -3.38159986e-02 -8.22634902e-03 -1.27749555e-02 9.63858515e-03 4.33587190e-03 1.23412376e-02 6.38210773e-03 -1.16440151e-02 -2.20679771e-03
-1.69816334e-02 1.01154502e-02 1.46881631e-03 -9.35036864e-04 2.46128393e-03 -2.62799324e-04 5.41097624e-03 -1.15918107e-02 -2.80601066e-03 -4.34993533e-03 3.27987480e-03 1.47565617e-03 4.20047529e-03 2.17211246e-03 -3.96291306e-03 -7.51059444e-04
-3.47867794e-03 2.67886743e-03 3.71897535e-04 -5.17399341e-04 1.46027328e-03 -1.67868580e-04 3.34597006e-03 -7.14518223e-03 -1.73594174e-03 -2.69128731e-03 2.02665920e-03 9.12121963e-04 2.59876926e-03 1.34382618e-03 -2.45045638e-03 -4.64383600e-04
-5.20806052e-02 2.80491654e-02 4.45678271e-03 -7.53454631e-03 2.18185131e-02 -3.18189082e-03 5.22150770e-02 -1.11941941e-01 -2.72288583e-02 -4.22844812e-02 3.19003090e-02 1.43505763e-02 4.08487022e-02 2.11249385e-02 -3.85399051e-02 -7.30410172e-03
3.81130129e-02 -2.12500598e-02 -2.86884257e-03 5.08817518e-03 -1.53493518e-02 2.19614920e-03 -3.63441370e-02 7.79446363e-02 1.89266689e-02 2.94309258e-02 -2.22192612e-02 -9.99334082e-03 -2.84353942e-02 -1.47056766e-02 2.68340390e-02 5.08574909e-03
1.22027108e-02 -5.34022227e-03 -9.02620493e-04 2.37644394e-03 -7.09260348e-03 1.15626235e-03 -1.73954852e-02 3.73255014e-02 9.07902978e-03 1.41287576e-02 -1.06719555e-02 -4.79908939e-03 -1.36536416e-02 -7.06136925e-03 1.28858509e-02 2.44222209e-03
-7.52419829e-02 4.65162285e-02 5.68565540e-03 -1.05252750e-02 3.07655875e-02 -4.60660225e-03 7.34674782e-02 -1.57260284e-01 -3.82110551e-02 -5.93587533e-02 4.48190719e-02 2.01567933e-02 5.73570654e-02 2.96627488e-02 -5.41257523e-02 -1.02582332e-02
-1.66930980e-03 -2.01880408e-04 1.25598526e-04 -3.12717078e-04 9.19398968e-04 -9.99977783e-05 2.02117162e-03 -4.31950763e-03 -1.04612275e-03 -1.62467943e-03 1.22402131e-03 5.50756813e-04 1.56799005e-03 8.10857629e-04 -1.47922977e-03 -2.80341919e-04
