1.18372748e-02 -7.88998231e-03 -1.59062706e-02 1.71962555e-03 -1.10325906e-02 -7.62675470e-03 1.46382302e-02 6.91487547e-03 -5.17937762e-04 -1.01762740e-02 -2.70810071e-03 5.23150014e-03 -1.09861353e-02 -1.05160996e-02 -1.40411220e-02 -3.98074655e-04
-1.76945925e-02 9.70222242e-03 1.93933379e-02 -1.86176051e-03 1.42227150e-02 1.00439573e-02 -1.90658141e-02 -9.09670908e-03 6.60967256e-04 1.33685153e-02 3.55714816e-03 -6.87365653e-03 1.44361183e-02 1.38188563e-02 1.84516143e-02 5.23364637e-04
-1.08109387e-02 6.91195019e-03 1.35457087e-02 -1.68057089e-03 9.67764203e-03 6.72617136e-03 -1.28741115e-02 -6.09535677e-03 4.50377906e-04 8.97294283e-03 2.38756626e-03 -4.61274944e-03 9.68721230e-03 9.27277934e-03 1.23811159e-02 3.51047172e-04
-1.01789087e-02 7.32234772e-03 1.50116263e-02 -1.73285068e-03 1.01568662e-02 6.93950057e-03 -1.33762220e-02 -6.29436364e-03 4.66130557e-04 9.27638542e-03 2.46865954e-03 -4.76767076e-03 1.00122821e-02 9.58379451e-03 1.27960388e-02 3.62657389e-04
-3.34824324e-02 2.21361443e-02 4.43538390e-02 -5.55196684e-03 3.12292371e-02 2.08118223e-02 -4.03978154e-02 -1.89402178e-02 1.43846252e-03 2.80114189e-02 7.44570326e-03 -1.43826650e-02 3.02020479e-02 2.89098676e-02 3.85953076e-02 1.09166536e-03
1.32153891e-02 -8.81321914e-03 -1.74609553e-02 2.03826558e-03 -1.20318737e-02 -8.28160159e-03 1.59494169e-02 7.51866167e-03 -5.59320499e-04 -1.10763730e-02 -2.94722058e-03 5.69359073e-03 -1.19567337e-02 -1.14450883e-02 -1.52813364e-02 -4.33174602e-04
-1.10059083e-02 8.19841865e-03 1.65704712e-02 -1.82071142e-03 1.11809196e-02 7.56079005e-03 -1.45083657e-02 -6.87972084e-03 5.09411446e-04 1.01231104e-02 2.69335438e-03 -5.20264823e-03 1.09258648e-02 1.04585653e-02 1.39644211e-02 3.95949552e-04
-5.31853642e-03 3.48979072e-03 7.09243957e-03 -9.38372279e-04 4.92356159e-03 3.34666390e-03 -6.46082917e-03 -3.03914514e-03 2.30164325e-04 4.47917124e-03 1.19189476e-03 -2.30147899e-03 4.83263331e-03 4.62563336e-03 6.17560558e-03 1.74781977e-04
-1.17464522e-02 7.96549395e-03 1.58823431e-02 -1.70600542e-03 1.07375970e-02 7.51029048e-03 -1.43505214e-02 -6.81682443e-03 5.07060264e-04 1.00295702e-02 2.66937725e-03 -5.15494077e-03 1.08254561e-02 1.03621725e-02 1.38352569e-02 3.92089976e-04
1.40319075e-02 -9.92821436e-03 -2.06601769e-02 2.12355028e-03 -1.39926849e-02 -9.36202984e-03 1.82992239e-02 8.45591631e-03 -6.41740393e-04 -1.25355115e-02 -3.33630666e-03 6.44375104e-03 -1.35308113e-02 -1.29511738e-02 -1.72913559e-02 -4.89617931e-04
6.73777470e-03 -4.91346931e-03 -9.55472980e-03 1.12231914e-03 -6.64729113e-03 -4.50609392e-03 8.66022427e-03 4.08554589e-03 -3.01285851e-04 -6.02132082e-03 -1.60213106e-03 3.09488643e-03 -6.49951538e-03 -6.22139405e-03 -8.30682926e-03 -2.35505198e-04
1.17616458e-02 -8.00827891e-03 -1.60001274e-02 1.69743784e-03 -1.11908754e-02 -7.76598463e-03 1.48367640e-02 7.03526847e-03 -5.15905209e-04 -1.03492551e-02 -2.75412924e-03 5.32131502e-03 -1.11751379e-02 -1.06971366e-02 -1.42829660e-02 -4.04957071e-04
-1.09396605e-02 7.32632354e-03 1.49351396e-02 -1.48747326e-03 1.03894724e-02 7.18245842e-03 -1.37104774e-02 -6.51324913e-03 4.78969101e-04 9.57965106e-03 2.54914677e-03 -4.92490875e-03 1.03425216e-02 9.90007911e-03 1.32186608e-02 3.74771364e-04
-1.11808740e-02 8.01515393e-03 1.64599866e-02 -1.79534499e-03 1.11880042e-02 7.52800098e-03 -1.45865530e-02 -6.82641659e-03 5.25003416e-04 1.00726588e-02 2.68047675e-03 -5.17794769e-03 1.08730346e-02 1.04075409e-02 1.38954250e-02 3.93564405e-04
-5.71208522e-02 3.51601318e-02 7.24532604e-02 -7.00938376e-03 4.99790050e-02 3.51970978e-02 -6.70889467e-02 -3.18957306e-02 2.34175567e-03 4.68924716e-02 1.24782007e-02 -2.41130255e-02 5.06420024e-02 4.84765023e-02 6.47283792e-02 1.83607463e-03
1.79577302e-02 -1.21019874e-02 -2.46004313e-02 2.38287426e-03 -1.67151727e-02 -1.16798561e-02 2.23735049e-02 1.05942748e-02 -7.75379711e-04 -1.55807165e-02 -4.14562598e-03 8.01062863e-03 -1.68224815e-02 -1.61032733e-02 -2.15017125e-02 -6.09857088e-04
-6.91255601e-03 3.12272250e-03 6.31306600e-03 -5.40096255e-04 4.82633198e-03 3.46039329e-03 -6.52865833e-03 -3.13299336e-03 2.24905598e-04 4.59902640e-03 1.22381281e-03 -2.36513861e-03 4.96743107e-03 4.75509139e-03 6.34932658e-03 1.80127245e-04
1.02343159e-02 -7.22804293e-03 -1.45103186e-02 1.70057593e-03 -1.01458291e-02 -6.86906511e-03 1.32806916e-02 6.22151885e-03 -4.78310336e-04 -9.18715447e-03 -2.44487519e-03 4.72123828e-03 -9.91394650e-03 -9.48955771e-03 -1.26687931e-02 -3.58382676e-04
-1.50338858e-02 9.97772999e-03 2.01736987e-02 -2.27430928e-03 1.39787691e-02 9.57136881e-03 -1.85158122e-02 -8.67493451e-03 6.49964262e-04 1.27915097e-02 3.40386131e-03 -6.57432619e-03 1.38058737e-02 1.32149439e-02 1.76440869e-02 4.99970571e-04
-2.78599411e-02 1.93812829e-02 3.83211635e-02 -3.84185021e-03 2.74506491e-02 1.89399812e-02 -3.61550115e-02 -1.71971694e-02 1.24721241e-03 2.52998937e-02 6.73222216e-03 -1.30061526e-02 2.73137335e-02 2.61459053e-02 3.49108912e-02 9.90111846e-04
-5.26453182e-03 3.47978645e-03 7.09903799e-03 -7.26128696e-04 4.99133766e-03 3.47399875e-03 -6.64555375e-03 -3.14690662e-03 2.30282560e-04 4.63273004e-03 1.23280252e-03 -2.38191453e-03 5.00229746e-03 4.78834473e-03 6.39355602e-03 1.81320254e-04
-3.23780254e-02 1.75914876e-02 3.60907950e-02 -3.56026716e-03 2.67325491e-02 1.89143550e-02 -3.58932763e-02 -1.71338562e-02 1.23880373e-03 2.51758751e-02 6.69945730e-03 -1.29460283e-02 2.71893442e-02 2.60268394e-02 3.47522758e-02 9.85677470e-04
-1.27750896e-02 9.86144319e-03 1.94542352e-02 -2.49329233e-03 1.31727643e-02 8.83251615e-03 -1.73238050e-02 -8.00589751e-03 6.18421356e-04 1.18430899e-02 3.15180933e-03 -6.08376227e-03 1.27731040e-02 1.22260684e-02 1.63207445e-02 4.60958603e-04
-1.43298199e-02 7.98378233e-03 1.50917275e-02 -1.64164871e-03 1.08935488e-02 7.66899949e-03 -1.45722814e-02 -6.95249019e-03 5.05746517e-04 1.02203209e-02 2.71963142e-03 -5.25471382e-03 1.10353781e-02 1.05637256e-02 1.41048823e-02 4.00046672e-04
7.14272493e-03 -3.73412203e-03 -7.35129649e-03 7.91837228e-04 -5.48000168e-03 -3.85204726e-03 7.32107600e-03 3.49030131e-03 -2.53144186e-04 -5.13040135e-03 -1.36520271e-03 2.63800169e-03 -5.54034254e-03 -5.30344108e-03 -7.08141504e-03 -2.00859096e-04
-7.79181905e-03 5.89702278e-03 1.19184265e-02 -1.30535068e-03 7.88141508e-03 5.33496216e-03 -1.03109758e-02 -4.83047217e-03 3.58745980e-04 7.12788245e-03 1.89666508e-03 -3.66426166e-03 7.69494614e-03 7.36552710e-03 9.83437989e-03 2.78779975e-04
-1.63978357e-02 1.03476997e-02 2.11620349e-02 -2.47065024e-03 1.48373684e-02 1.01434886e-02 -1.94935873e-02 -9.20960959e-03 6.89362118e-04 1.35648465e-02 3.61080561e-03 -6.97135739e-03 1.46395927e-02 1.40127474e-02 1.87090263e-02 5.29869867e-04
4.09716740e-05 4.17120662e-03 9.01606120e-03 -1.36446685e-03 4.88999439e-03 3.09443451e-03 -6.13045972e-03 -2.84766522e-03 2.24890056e-04 4.21060761e-03 1.12070260e-03 -2.16126954e-03 4.53778263e-03 4.34311572e-03 5.79829700e-03 1.64149562e-04
-1.28357802e-02 1.14135826e-02 2.32550837e-02 -2.73443316e-03 1.52474260e-02 1.04138656e-02 -2.01320089e-02 -9.44313873e-03 7.04860489e-04 1.39172785e-02 3.70641774e-03 -7.15773832e-03 1.50267081e-02 1.43833943e-02 1.92038044e-02 5.44204784e-04
6.30346406e-03 -3.96536337e-03 -8.09245929e-03 9.29936010e-04 -5.65702608e-03 -3.88859818e-03 7.43988529e-03 3.52390786e-03 -2.61815294e-04 -5.19116269e-03 -1.38134789e-03 2.66824663e-03 -5.60324872e-03 -5.36348717e-03 -7.16116559e-03 -2.02927229e-04
1.47879058e-02 -9.35905613e-03 -1.81475095e-02 1.86331326e-03 -1.27438018e-02 -8.88133608e-03 1.69858243e-02 8.03767052e-03 -5.96013386e-04 -1.18440902e-02 -3.15088825e-03 6.08835323e-03 -1.27865989e-02 -1.22401770e-02 -1.63426921e-02 -4.63198085e-04
1.84459463e-02 -1.02636535e-02 -2.01378707e-02 1.85537268e-03 -1.40302377e-02 -9.85117722e-03 1.87800843e-02 8.93044006e-03 -6.49516936e-04 -1.31401960e-02 -3.49704758e-03 6.75620977e-03 -1.41888158e-02 -1.35819335e-02 -1.81352664e-02 -5.14414744e-04
-1.84217878e-02 9.77436081e-03 1.95682608e-02 -2.04345817e-03 1.45043712e-02 1.02319326e-02 -1.94112565e-02 -9.26765334e-03 6.71014073e-04 1.36205349e-02 3.62429745e-03 -7.00397789e-03 1.47099458e-02 1.40810022e-02 1.88017339e-02 5.33333397e-04
1.55917592e-02 -1.09589230e-02 -2.19052490e-02 2.07677856e-03 -1.49252797e-02 -1.03178509e-02 1.97623838e-02 9.33994818e-03 -6.83401711e-04 -1.37400627e-02 -3.65733379e-03 7.06517231e-03 -1.48380427e-02 -1.42035950e-02 -1.89653803e-02 -5.37977321e-04
-1.36082079e-02 9.87987220e-03 1.97360702e-02 -2.03304784e-03 1.39379213e-02 9.16315801e-03 -1.82421301e-02 -8.31285212e-03 6.39488280e-04 1.22988680e-02 3.27633414e-03 -6.32011285e-03 1.32731255e-02 1.27050672e-02 1.69638209e-02 4.81053721e-04
7.51704536e-03 -5.20224869e-03 -1.02341305e-02 1.14658312e-03 -7.14679901e-03 -4.85762488e-03 9.40621644e-03 4.41051973e-03 -3.31841584e-04 -6.50736410e-03 -1.73139758e-03 3.34351324e-03 -7.02104252e-03 -6.72032218e-03 -8.97225272e-03 -2.53999053e-04
-1.34418812e-02 7.92582147e-03 1.53585523e-02 -1.68319931e-03 1.09143620e-02 7.56972469e-03 -1.45069119e-02 -6.84336899e-03 5.08363592e-04 1.01042865e-02 2.68896506e-03 -5.19435899e-03 1.09085487e-02 1.04416991e-02 1.39417741e-02 3.95300420e-04
8.08050483e-03 -3.45290126e-03 -7.13339588e-03 5.47784322e-04 -5.71597787e-03 -4.12818510e-03 7.74179539e-03 3.73797165e-03 -2.66995310e-04 -5.47896698e-03 -1.45821553e-03 2.81821843e-03 -5.91901783e-03 -5.66603243e-03 -7.56575260e-03 -2.14658692e-04
-1.04955044e-02 6.16778154e-03 1.25493733e-02 -1.20786659e-03 8.96837935e-03 6.25937339e-03 -1.18868276e-02 -5.67105925e-03 4.10832057e-04 8.33319686e-03 2.21751048e-03 -4.28505801e-03 8.99954513e-03 8.61475617e-03 1.15029067e-02 3.26298934e-04
-2.86786119e-03 1.26279786e-03 2.65899207e-03 -2.21731927e-04 2.07628380e-03 1.49960071e-03 -2.82076141e-03 -1.35714654e-03 9.68094755e-05 1.99204125e-03 5.30108868e-04 -1.02452154e-03 2.15178728e-03 2.05981592e-03 2.75042048e-03 7.80317423e-05
1.58281019e-03 -1.26991433e-03 -2.50270357e-03 3.15159967e-04 -1.66243734e-03 -1.08720188e-03 2.11508083e-03 9.86731262e-04 -7.51452899e-05 -1.45774195e-03 -3.87951062e-04 7.49060069e-04 -1.57290127e-03 -1.50551577e-03 -2.01004581e-03 -5.69354015e-05
-3.49048234e-04 -2.63554568e-04 -5.47112082e-04 1.12524598e-04 -3.16673453e-04 -1.65580379e-04 3.57650424e-04 1.49853702e-04 -1.34115407e-05 -2.25836440e-04 -6.00202256e-05 1.15822484e-04 -2.43046918e-04 -2.32615552e-04 -3.10474716e-04 -8.75145633e-06
1.02924239e-02 -6.69757836e-03 -1.32444799e-02 1.51804509e-03 -9.35954042e-03 -6.33673649e-03 1.22194672e-02 5.75799076e-03 -4.24622674e-04 -8.48440826e-03 -2.25774851e-03 4.36082017e-03 -9.15789139e-03 -8.76611844e-03 -1.17045995e-02 -3.31851305e-04
-1.95818320e-02 1.23445485e-02 2.54329275e-02 -2.62213917e-03 1.80470292e-02 1.26412092e-02 -2.40320619e-02 -1.14500839e-02 8.33411235e-04 1.68370400e-02 4.48027626e-03 -8.65725894e-03 1.81821603e-02 1.74046624e-02 2.32396014e-02 6.59197860e-04
9.31939203e-03 -6.25380967e-03 -1.20731117e-02 1.34582154e-03 -8.40621069e-03 -5.77049609e-03 1.10854432e-02 5.22042718e-03 -4.00791730e-04 -7.70973554e-03 -2.05128314e-03 3.96350399e-03 -8.32267944e-03 -7.96763599e-03 -1.06357820e-02 -3.00831976e-04
-1.23085696e-02 8.95096082e-03 1.80757828e-02 -1.91326498e-03 1.25170443e-02 8.49919952e-03 -1.64289661e-02 -7.71182775e-03 5.78394684e-04 1.13813588e-02 3.02868476e-03 -5.84908715e-03 1.22834984e-02 1.17580546e-02 1.56990774e-02 4.44969482e-04
1.50032947e-03 -1.58127525e-03 -3.08028748e-03 3.69044952e-04 -2.10646167e-03 -1.39857049e-03 2.73279240e-03 1.27177639e-03 -9.58576347e-05 -1.87940255e-03 -4.99510497e-04 9.64602863e-04 -2.02568294e-03 -1.93900941e-03 -2.58888351e-03 -7.33261331e-05
-6.04655128e-03 4.06923844e-03 7.80000910e-03 -9.36408993e-04 5.66565013e-03 3.88320442e-03 -7.43833324e-03 -3.52471671e-03 2.58346088e-04 5.19061834e-03 1.38076092e-03 -2.66782776e-03 5.60272299e-03 5.36312582e-03 7.16095371e-03 2.03064468e-04
-5.57324430e-03 2.80244765e-03 5.61114494e-03 -5.34873514e-04 4.22940543e-03 3.00875260e-03 -5.69499517e-03 -2.72543682e-03 1.96402136e-04 4.00319090e-03 1.06523291e-03 -2.05857214e-03 4.32350673e-03 4.13867505e-03 5.52621484e-03 1.56765731e-04
2.74701673e-03 -1.18448411e-03 -5.20212948e-03 4.56256181e-04 -4.46624588e-03 -3.33246705e-03 6.17150683e-03 3.01991869e-03 -2.12633764e-04 -4.41672374e-03 -1.17563992e-03 2.27243570e-03 -4.77294344e-03 -4.56914864e-03 -6.10105786e-03 -1.73102220e-04
6.68952055e-03 -4.58806707e-03 -9.08106472e-03 8.29858589e-04 -6.35924889e-03 -4.43918351e-03 8.48255493e-03 4.02148487e-03 -2.93320481e-04 -5.91410510e-03 -1.57369906e-03 3.04087647e-03 -6.38652500e-03 -6.11343514e-03 -8.16297997e-03 -2.31548664e-04
-3.95974796e-03 3.48756695e-03 7.19089899e-03 -9.60867503e-04 4.67765657e-03 3.08403373e-03 -6.02303585e-03 -2.80994107e-03 2.18180532e-04 4.14860481e-03 1.10414333e-03 -2.13102461e-03 4.47455235e-03 4.28276090e-03 5.71775390e-03 1.61790609e-04
8.57968163e-03 -5.81927365e-03 -1.17937690e-02 1.33287534e-03 -8.08063522e-03 -5.58170164e-03 1.07537461e-02 5.06367534e-03 -3.79851670e-04 -7.46519724e-03 -1.98697764e-03 3.83717893e-03 -8.05811957e-03 -7.71320472e-03 -1.02984607e-02 -2.91851553e-04
3.48164560e-03 -1.97321502e-03 -3.98540869e-03 4.13457514e-04 -2.85401964e-03 -1.98428496e-03 3.78496619e-03 1.79803115e-03 -1.31662673e-04 -2.64565530e-03 -7.04060192e-04 1.36015972e-03 -2.85648461e-03 -2.73429300e-03 -3.65088228e-03 -1.03520921e-04
2.08065426e-03 -2.17850693e-03 -4.55669826e-03 4.89156868e-04 -3.43239517e-03 -2.42626038e-03 4.60152235e-03 2.19783164e-03 -1.58925890e-04 -3.22970818e-03 -8.59419990e-04 1.66076678e-03 -3.48796183e-03 -3.33884894e-03 -4.45820903e-03 -1.26459272e-04
-1.37725929e-02 9.18728951e-03 1.87259633e-02 -1.99378887e-03 1.32706491e-02 9.19251889e-03 -1.76094826e-02 -8.33481550e-03 6.17681188e-04 1.22885332e-02 3.27113830e-03 -6.31662412e-03 1.32646710e-02 1.26971882e-02 1.69530027e-02 4.80345683e-04
2.18538614e-03 -2.01820815e-03 -4.02410002e-03 6.02618908e-04 -2.70179193e-03 -1.78999954e-03 3.50349140e-03 1.62305869e-03 -1.26628554e-04 -2.40400690e-03 -6.39819948e-04 1.23464316e-03 -2.59203115e-03 -2.48085032e-03 -3.31176165e-03 -9.35571734e-05
-3.24281631e-03 2.00278615e-03 3.99420038e-03 -4.34921763e-04 2.86920695e-03 1.97804486e-03 -3.77748860e-03 -1.79131702e-03 1.31407054e-04 2.63565406e-03 7.01342535e-04 -1.35504571e-03 2.84576556e-03 2.72405008e-03 3.63723072e-03 1.03146107e-04
9.45544429e-03 -5.67749701e-03 -1.15404502e-02 1.07277208e-03 -8.12550448e-03 -5.70143061e-03 1.08507546e-02 5.16485143e-03 -3.75309552e-04 -7.59213418e-03 -2.02053785e-03 3.90405813e-03 -8.19937605e-03 -7.84881227e-03 -1.04801999e-02 -2.97297258e-04
6.48603309e-03 -5.20528713e-03 -1.11856963e-02 1.05753005e-03 -7.04643223e-03 -4.76415455e-03 9.22151096e-03 4.32916312e-03 -3.19425744e-04 -6.37728628e-03 -1.69716298e-03 3.27819586e-03 -6.88405242e-03 -6.58953842e-03 -8.79847445e-03 -2.49512726e-04
1.08062914e-02 -6.78173127e-03 -1.38622057e-02 1.43708894e-03 -9.44586191e-03 -6.50934083e-03 1.24665964e-02 5.90297254e-03 -4.33827838e-04 -8.68678559e-03 -2.31153984e-03 4.46582492e-03 -9.37878154e-03 -8.97761993e-03 -1.19871851e-02 -3.39948339e-04
1.07658021e-02 -1.36685884e-03 -2.06077006e-03 8.07276228e-05 -3.29602044e-03 -2.83644698e-03 4.91145393e-03 2.53541791e-03 -1.52859866e-04 -3.67055344e-03 -9.74438037e-04 1.89178600e-03 -3.97545099e-03 -3.80661362e-03 -5.08418446e-03 -1.44673046e-04
1.00652212e-02 -6.47532893e-03 -1.30274976e-02 1.37545646e-03 -8.92891549e-03 -6.06532162e-03 1.17667941e-02 5.50299883e-03 -4.19892109e-04 -8.12692009e-03 -2.16314127e-03 4.17683227e-03 -8.76990799e-03 -8.39401968e-03 -1.12059936e-02 -3.16803053e-04
1.88239943e-02 -1.34832580e-02 -2.62815822e-02 2.86408258e-03 -1.84554607e-02 -1.28153646e-02 2.45479196e-02 1.16067687e-02 -8.45530129e-04 -1.70824826e-02 -4.54587769e-03 8.78303964e-03 -1.84459183e-02 -1.76570974e-02 -2.35765930e-02 -6.68740366e-04
5.24485670e-03 -3.51941795e-03 -6.86064456e-03 7.98137335e-04 -4.69292607e-03 -3.16366763e-03 6.13228837e-03 2.87359254e-03 -2.15853215e-04 -4.23854124e-03 -1.12802431e-03 2.17806990e-03 -4.57367720e-03 -4.37779911e-03 -5.84492972e-03 -1.65559337e-04
2.68828636e-03 -2.26722867e-03 -4.85168258e-03 5.87877934e-04 -3.36395158e-03 -2.21811514e-03 4.31231363e-03 2.01074174e-03 -1.52098350e-04 -2.97165732e-03 -7.91105267e-04 1.52724923e-03 -3.20725562e-03 -3.06974142e-03 -4.09853505e-03 -1.16082432e-04
1.26477480e-02 -8.29114206e-03 -1.66295934e-02 1.71735242e-03 -1.14290388e-02 -7.95838237e-03 1.52046708e-02 7.21133407e-03 -5.23902709e-04 -1.06064184e-02 -2.82244128e-03 5.45325642e-03 -1.14529505e-02 -1.09631922e-02 -1.46386363e-02 -4.15231683e-04
-6.45663403e-03 4.42916481e-03 9.04235803e-03 -1.00365130e-03 6.47811173e-03 4.55019111e-03 -8.68111290e-03 -4.12836019e-03 3.01220105e-04 6.07115915e-03 1.61598052e-03 -3.12162377e-03 6.55557262e-03 6.27492415e-03 8.37839115e-03 2.37450178e-04
2.95334798e-03 -1.94941927e-03 -3.89693142e-03 4.50091349e-04 -2.73433840e-03 -1.86100008e-03 3.57954646e-03 1.68912311e-03 -1.25415361e-04 -2.48800637e-03 -6.62079314e-04 1.27880438e-03 -2.68545444e-03 -2.57053133e-03 -3.43211787e-03 -9.72770504e-05
-1.96071202e-03 2.46225833e-03 4.76432825e-03 -6.38969243e-04 2.85732141e-03 1.71038788e-03 -3.55418422e-03 -1.55554595e-03 1.35645401e-04 2.32889620e-03 6.20660372e-04 -1.19379081e-03 2.50408123e-03 2.39611208e-03 3.19694867e-03 8.93793040e-05
-1.01107834e-02 7.03918748e-03 1.56387128e-02 -1.58683909e-03 9.95079149e-03 6.81180274e-03 -1.31150698e-02 -6.18144311e-03 4.65515943e-04 9.10916179e-03 2.42400100e-03 -4.68181027e-03 9.83129535e-03 9.40986630e-03 1.25634391e-02 3.55722383e-04
-1.88564174e-02 1.36621399e-02 2.63657533e-02 -2.86803953e-03 1.86130647e-02 1.27851171e-02 -2.43654102e-02 -1.15897674e-02 8.48308322e-04 1.70414858e-02 4.53445595e-03 -8.76119360e-03 1.83997508e-02 1.76128317e-02 2.35172939e-02 6.66990818e-04
-1.70855653e-02 1.17398268e-02 2.19236594e-02 -2.38161255e-03 1.55847827e-02 1.07820332e-02 -2.06936318e-02 -9.77300853e-03 7.17451738e-04 1.43849486e-02 3.82795418e-03 -7.39483396e-03 1.55300833e-02 1.48659470e-02 1.98493674e-02 5.62883622e-04
-5.82089089e-03 3.36880796e-03 6.64598541e-03 -6.76264637e-04 4.83236741e-03 3.30972066e-03 -6.37757359e-03 -2.99704913e-03 2.20577727e-04 4.41725692e-03 1.17554725e-03 -2.27088644e-03 4.76911338e-03 4.56511043e-03 6.09543687e-03 1.72843080e-04
5.10664890e-03 -2.89358199e-03 -5.72594116e-03 5.58290747e-04 -4.02694801e-03 -2.79358425e-03 5.33316378e-03 2.53278390e-03 -1.86834353e-04 -3.72491847e-03 -9.91239562e-04 1.91513554e-03 -4.02190210e-03 -3.84985236e-03 -5.14036324e-03 -1.45739061e-04
-3.91096156e-03 2.87995487e-03 5.64232562e-03 -6.94364309e-04 3.97460489e-03 2.65340484e-03 -5.13053173e-03 -2.40744837e-03 1.86839839e-04 3.55711789e-03 9.46422399e-04 -1.82792335e-03 3.83762922e-03 3.67321470e-03 4.90353303e-03 1.38524614e-04
8.73013400e-03 -7.52850994e-03 -1.49331950e-02 1.98166911e-03 -1.02606798e-02 -6.98871026e-03 1.34606874e-02 6.34701736e-03 -4.72696935e-04 -9.35986545e-03 -2.49122153e-03 4.80992021e-03 -1.01003340e-02 -9.66803636e-03 -1.29079381e-02 -3.65571206e-04
-2.12108772e-02 1.29813105e-02 2.62091178e-02 -2.39357702e-03 1.83682237e-02 1.27928425e-02 -2.43212525e-02 -1.15887858e-02 8.39253946e-04 1.70356780e-02 4.53327922e-03 -8.75989627e-03 1.83977801e-02 1.76111721e-02 2.35154647e-02 6.67072542e-04
2.50137597e-03 -1.40687032e-03 -2.84009636e-03 2.89593736e-04 -2.02803081e-03 -1.41677842e-03 2.70390115e-03 1.28406577e-03 -9.45288266e-05 -1.88947911e-03 -5.02794865e-04 9.71387082e-04 -2.03998946e-03 -1.95271627e-03 -2.60726991e-03 -7.39136449e-05
6.31018355e-03 -3.36596370e-03 -6.85621984e-03 6.38981932e-04 -5.14545524e-03 -3.66229424e-03 6.92867674e-03 3.31659545e-03 -2.38970853e-04 -4.87125944e-03 -1.29624386e-03 2.50501605e-03 -5.26115252e-03 -5.03623625e-03 -6.72469847e-03 -1.90765990e-04
-1.40090883e-02 7.39258528e-03 1.46881025e-02 -1.46765448e-03 1.10243978e-02 7.78262923e-03 -1.47875529e-02 -7.04678567e-03 5.10978512e-04 1.03602121e-02 2.75681517e-03 -5.32711763e-03 1.11880284e-02 1.07096462e-02 1.42999953e-02 4.05579660e-04
4.76686331e-03 -3.19407554e-03 -6.58595096e-03 7.38777511e-04 -4.45854152e-03 -3.01874569e-03 5.86471707e-03 2.73966999e-03 -2.05726203e-04 -4.04137000e-03 -1.07529422e-03 2.07715784e-03 -4.36206814e-03 -4.17536451e-03 -5.57488855e-03 -1.58012903e-04
2.97835073e-03 -8.57058505e-04 -1.69564004e-03 1.01764490e-04 -1.45507487e-03 -1.07462029e-03 2.01322557e-03 9.70055698e-04 -6.85817649e-05 -1.42347289e-03 -3.78816592e-04 7.32165179e-04 -1.53780845e-03 -1.47209782e-03 -1.96567411e-03 -5.57731837e-05
-1.46656530e-03 1.04467175e-03 2.08739401e-03 -2.15300810e-04 1.45848712e-03 1.00943167e-03 -1.92536309e-03 -9.14500852e-04 6.66552369e-05 1.34528882e-03 3.57960467e-04 -6.91662659e-04 1.45261269e-03 1.39049115e-03 1.85663998e-03 5.26598051e-05
6.76196348e-03 -5.11825876e-03 -1.01628788e-02 1.24139374e-03 -6.86916849e-03 -4.66669817e-03 9.06772725e-03 4.23321407e-03 -3.13061028e-04 -6.23817975e-03 -1.65999134e-03 3.20650078e-03 -6.73372904e-03 -6.44543860e-03 -8.60608742e-03 -2.44035633e-04
7.59368669e-03 -5.89436293e-03 -1.15224300e-02 1.27195369e-03 -8.08167551e-03 -5.56511898e-03 1.06658069e-02 5.05135581e-03 -3.72445065e-04 -7.43443985e-03 -1.97864720e-03 3.82148079e-03 -8.02540407e-03 -7.68198632e-03 -1.02570057e-02 -2.90794211e-04
-1.48683339e-02 9.60505381e-03 1.92336403e-02 -2.05794000e-03 1.35054486e-02 9.32326820e-03 -1.78319588e-02 -8.44927598e-03 6.16999576e-04 1.24361925e-02 3.31047387e-03 -6.39343681e-03 1.34269977e-02 1.28526529e-02 1.71609428e-02 4.86511679e-04
1.09299459e-02 -8.64702184e-03 -1.70478225e-02 2.41160532e-03 -1.19479587e-02 -7.88599905e-03 1.53601281e-02 7.15721026e-03 -5.45565272e-04 -1.05754491e-02 -2.81391153e-03 5.43529820e-03 -1.14133535e-02 -1.09250844e-02 -1.45863462e-02 -4.13188973e-04
-9.72444005e-03 8.26577097e-03 1.62726454e-02 -1.71204819e-03 1.10604372e-02 7.64579512e-03 -1.46371992e-02 -6.93695014e-03 5.10414655e-04 1.02046514e-02 2.71617738e-03 -5.24643110e-03 1.10179028e-02 1.05465185e-02 1.40818516e-02 3.99288401e-04
1.00693591e-02 -5.69161074e-03 -1.11842062e-02 1.06564083e-03 -8.09006207e-03 -5.69764152e-03 1.08097410e-02 5.16243652e-03 -3.73888353e-04 -7.58548034e-03 -2.01855577e-03 3.90054286e-03 -8.19194689e-03 -7.84170814e-03 -1.04706828e-02 -2.97015824e-04
-1.24979001e-02 8.69341381e-03 1.76494122e-02 -1.91015634e-03 1.20727392e-02 8.27081129e-03 -1.58698000e-02 -7.51599902e-03 5.54477447e-04 1.10584358e-02 2.94290297e-03 -5.68526145e-03 1.19394641e-02 1.14287790e-02 1.52598023e-02 4.32618428e-04
-1.27993291e-02 8.04628432e-03 1.57943610e-02 -1.56088022e-03 1.12148896e-02 7.87931215e-03 -1.49997566e-02 -7.13992072e-03 5.20563335e-04 1.04968790e-02 2.79346597e-03 -5.39742131e-03 1.13353739e-02 1.08505953e-02 1.44881662e-02 4.10921290e-04
1.58248395e-02 -9.82206035e-03 -1.96378976e-02 1.85089419e-03 -1.34387137e-02 -9.36979428e-03 1.78770162e-02 8.48516356e-03 -6.20571314e-04 -1.24814846e-02 -3.32135521e-03 6.41842093e-03 -1.34799108e-02 -1.29035106e-02 -1.72294378e-02 -4.88732243e-04
1.35812089e-02 -7.85311498e-03 -1.58540066e-02 1.48057961e-03 -1.11031560e-02 -7.78779760e-03 1.48423165e-02 7.05544837e-03 -5.12613216e-04 -1.03742834e-02 -2.76071951e-03 5.33422502e-03 -1.12024229e-02 -1.07234400e-02 -1.43185183e-02 -4.06160572e-04
-5.96964499e-04 2.17652967e-04 5.48168144e-04 -2.84086163e-05 4.70144179e-04 3.59095808e-04 -6.58660545e-04 -3.24916531e-04 2.19346966e-05 4.74217231e-04 1.26161962e-04 -2.44090610e-04 5.12793195e-04 4.90925915e-04 6.55622629e-04 1.86471607e-05
-7.48544699e-03 8.93840753e-03 1.77774057e-02 -2.60405010e-03 1.09639959e-02 7.21600326e-03 -1.41038336e-02 -6.56695012e-03 5.06334531e-04 9.71816014e-03 2.58468697e-03 -4.99238307e-03 1.04839290e-02 1.00352829e-02 1.33986585e-02 3.79595062e-04
1.40115106e-02 -9.98621155e-03 -1.99236702e-02 2.51948927e-03 -1.35759134e-02 -9.32500791e-03 1.78725179e-02 8.45149625e-03 -6.24953653e-04 -1.24334367e-02 -3.30958096e-03 6.39297208e-03 -1.34224901e-02 -1.28494045e-02 -1.71554014e-02 -4.85892524e-04
2.18197354e-04 1.23268773e-03 2.28617154e-03 -3.98171542e-04 1.48754183e-03 9.55290277e-04 -1.86028029e-03 -8.66825343e-04 6.78790311e-05 1.28141756e-03 3.40974424e-04 -6.58493722e-04 1.38258375e-03 1.32333837e-03 1.76676083e-03 5.00329334e-05
5.19164605e-03 -3.18866665e-03 -6.26005884e-03 6.62632578e-04 -4.60718246e-03 -3.17456434e-03 6.09485339e-03 2.87274807e-03 -2.11414532e-04 -4.24075220e-03 -1.12850207e-03 2.17980263e-03 -4.57769027e-03 -4.38179076e-03 -5.85049205e-03 -1.65815276e-04
-8.98585282e-03 5.31148026e-03 1.08971968e-02 -1.08153257e-03 7.82481767e-03 5.49453171e-03 -1.04627060e-02 -4.98092966e-03 3.62644932e-04 7.32243201e-03 1.94868073e-03 -3.76501074e-03 7.90714379e-03 7.56900618e-03 1.01064518e-02 2.86643102e-04
-2.16685645e-02 1.67908203e-02 3.47827487e-02 -4.02174564e-03 2.28390731e-02 1.56452265e-02 -3.01051866e-02 -1.41720325e-02 1.07139582e-03 2.09046323e-02 5.56523539e-03 -1.07453214e-02 2.25630701e-02 2.15970669e-02 2.88346708e-02 8.16665997e-04
4.00460046e-03 -3.26012354e-03 -6.88340608e-03 8.44889611e-04 -4.22171643e-03 -2.79844436e-03 5.49131399e-03 2.54381052e-03 -2.00635201e-04 -3.76266637e-03 -1.00197131e-03 1.93339970e-03 -4.05879365e-03 -3.88448313e-03 -5.18553797e-03 -1.46484104e-04
-4.94016986e-03 3.52081750e-03 7.15877488e-03 -7.86960591e-04 4.92612924e-03 3.40320403e-03 -6.54597487e-03 -3.08308238e-03 2.28556688e-04 4.54477174e-03 1.20963261e-03 -2.33625295e-03 4.90617054e-03 4.69622482e-03 6.27035880e-03 1.77747206e-04
7.47838989e-03 -4.92829736e-03 -9.75381769e-03 1.04857772e-03 -6.69205282e-03 -4.53779660e-03 8.74887779e-03 4.12082393e-03 -3.08311835e-04 -6.07072655e-03 -1.61543093e-03 3.12004285e-03 -6.55249460e-03 -6.27207616e-03 -8.37440230e-03 -2.37383429e-04
1.04427710e-02 -4.92708106e-03 -9.81252827e-03 9.06868197e-04 -7.35967420e-03 -5.23211015e-03 9.90502443e-03 4.73979628e-03 -3.41517385e-04 -6.96168607e-03 -1.85252097e-03 3.57991946e-03 -7.51869893e-03 -7.19726598e-03 -9.61024128e-03 -2.72623933e-04
1.06767716e-03 1.23531371e-03 2.53214035e-03 -4.91144601e-04 1.17264222e-03 5.73769212e-04 -1.21844397e-03 -5.38080116e-04 4.90346501e-05 8.07807024e-04 2.14522297e-04 -4.13252099e-04 8.67280760e-04 8.30059813e-04 1.10781088e-03 3.12196462e-05
-1.76889226e-02 1.02813933e-02 2.04720777e-02 -2.84996955e-03 1.45744449e-02 1.01394383e-02 -1.93484277e-02 -9.17932112e-03 6.77031814e-04 1.35127837e-02 3.59559478e-03 -6.94743078e-03 1.45901265e-02 1.39660975e-02 1.86478943e-02 5.28817647e-04
-2.48818286e-02 1.79603975e-02 3.72829475e-02 -4.69000917e-03 2.55153924e-02 1.72319710e-02 -3.35989110e-02 -1.56171042e-02 1.19217800e-03 2.30192449e-02 6.12598797e-03 -1.18333306e-02 2.48517431e-02 2.37878207e-02 3.17615345e-02 9.00443760e-04
1.15880808e-02 -7.55578838e-03 -1.52583877e-02 1.84321695e-03 -1.09260529e-02 -7.59175234e-03 1.44475773e-02 6.87821535e-03 -5.00514696e-04 -1.01096500e-02 -2.69041979e-03 5.19827381e-03 -1.09173181e-02 -1.04504311e-02 -1.39538096e-02 -3.95755167e-04
-5.96280536e-03 4.07051342e-03 8.20571091e-03 -9.51951952e-04 5.84143912e-03 3.99974314e-03 -7.70225516e-03 -3.62492795e-03 2.66321033e-04 5.34789916e-03 1.42273307e-03 -2.74799019e-03 5.77110564e-03 5.52413659e-03 7.37585127e-03 2.09113248e-04
-1.34873260e-02 8.23514350e-03 1.66328643e-02 -1.65028428e-03 1.13523249e-02 7.92805478e-03 -1.51435733e-02 -7.18917558e-03 5.23551134e-04 1.05728898e-02 2.81339278e-03 -5.43621602e-03 1.14170806e-02 1.09288609e-02 1.45927593e-02 4.13925532e-04
-2.19467729e-02 1.50959445e-02 3.09949350e-02 -3.44620738e-03 2.10577343e-02 1.44244423e-02 -2.75630020e-02 -1.30807701e-02 9.64594423e-04 1.92422103e-02 5.12026623e-03 -9.89202224e-03 2.07741484e-02 1.98855232e-02 2.65513845e-02 7.52839784e-04
-6.18697982e-03 4.31994023e-03 8.68313853e-03 -8.49429402e-04 5.89510845e-03 4.05488769e-03 -7.76873669e-03 -3.67387151e-03 2.68923788e-04 5.41481981e-03 1.44101097e-03 -2.78394204e-03 5.84667316e-03 5.59665682e-03 7.47284107e-03 2.11936000e-04
-3.84839368e-03 1.01940287e-03 2.02663569e-03 2.93505262e-04 1.87078700e-03 1.48220232e-03 -2.67931423e-03 -1.33319257e-03 8.79330910e-05 1.94212201e-03 5.17417095e-04 -1.00050471e-03 2.10187538e-03 2.01218319e-03 2.68725469e-03 7.64382639e-05
-5.14918864e-02 3.36730331e-02 6.49288222e-02 -7.54768075e-03 4.58448343e-02 3.18976864e-02 -6.12279251e-02 -2.89345384e-02 2.12960853e-03 4.25662510e-02 1.13278395e-02 -2.18825247e-02 4.59553413e-02 4.39898074e-02 5.87362833e-02 1.66562560e-03
-1.48482174e-02 1.10399676e-02 2.22558621e-02 -2.38060392e-03 1.53982146e-02 1.06323073e-02 -2.03370973e-02 -9.64402966e-03 7.03047961e-04 1.41892498e-02 3.77538800e-03 -7.29509862e-03 1.53209008e-02 1.46656716e-02 1.95822213e-02 5.55414183e-04
8.20102356e-03 -4.64846520e-03 -9.36564524e-03 9.46240325e-04 -6.86841039e-03 -4.75108670e-03 9.08319838e-03 4.30792989e-03 -3.14432662e-04 -6.34009065e-03 -1.68717490e-03 3.25958757e-03 -6.84572803e-03 -6.55296119e-03 -8.74973182e-03 -2.48140714e-04
4.41461895e-03 -3.22802830e-03 -6.38160389e-03 7.45783153e-04 -4.48755361e-03 -2.99934950e-03 5.80401951e-03 2.71632825e-03 -2.08553596e-04 -4.01485572e-03 -1.06795412e-03 2.06291117e-03 -4.33178153e-03 -4.14600130e-03 -5.53493341e-03 -1.56549460e-04
-1.75309293e-02 1.07653402e-02 2.13217419e-02 -2.44410941e-03 1.52017539e-02 1.05168791e-02 -2.01235339e-02 -9.53262020e-03 6.96534407e-04 1.40359187e-02 3.73517652e-03 -7.21625471e-03 1.51549894e-02 1.45068215e-02 1.93700213e-02 5.49353543e-04
5.13320789e-03 -3.43164988e-03 -7.10807368e-03 8.52581230e-04 -4.89259465e-03 -3.35823698e-03 6.44659624e-03 3.04101803e-03 -2.27607321e-04 -4.48087649e-03 -1.19265565e-03 2.30332906e-03 -4.83691180e-03 -4.62987693e-03 -6.18162099e-03 -1.75139663e-04
5.27707674e-03 -3.98039632e-03 -7.89167173e-03 9.25381319e-04 -5.43054566e-03 -3.70786339e-03 7.10747810e-03 3.36522958e-03 -2.48729455e-04 -4.95306402e-03 -1.31806033e-03 2.54618144e-03 -5.34714386e-03 -5.11838822e-03 -6.83415355e-03 -1.93785832e-04
5.65915788e-03 -2.65377457e-03 -5.23558771e-03 4.97556641e-04 -3.86579428e-03 -2.74108048e-03 5.19282930e-03 2.48226873e-03 -1.79244860e-04 -3.64729227e-03 -9.70538647e-04 1.87552976e-03 -3.93906515e-03 -3.77065991e-03 -5.03481412e-03 -1.42825709e-04
-7.06652878e-03 4.30307677e-03 8.58660974e-03 -1.01725245e-03 6.11420907e-03 4.21960279e-03 -8.07939377e-03 -3.82916024e-03 2.80613924e-04 5.63492300e-03 1.49933808e-03 -2.89670285e-03 6.08339021e-03 5.82318148e-03 7.77520984e-03 2.20465547e-04
-1.51198898e-02 9.19702277e-03 1.86307766e-02 -2.02254998e-03 1.30742062e-02 9.09571350e-03 -1.73737351e-02 -8.24293494e-03 6.10908028e-04 1.21363178e-02 3.22983437e-03 -6.23853132e-03 1.31008029e-02 1.25402976e-02 1.67434588e-02 4.74474713e-04
6.11153943e-03 -3.04063316e-03 -5.98663231e-03 5.60027780e-04 -4.42625023e-03 -3.11744562e-03 5.91855869e-03 2.82378541e-03 -2.04419135e-04 -4.15098062e-03 -1.10459025e-03 2.13444303e-03 -4.48278757e-03 -4.29111812e-03 -5.72973676e-03 -1.62529701e-04
-1.08190235e-02 6.69370499e-03 1.36389248e-02 -1.42179430e-03 9.24716052e-03 6.35745097e-03 -1.21109011e-02 -5.76059707e-03 4.19552700e-04 8.46816227e-03 2.25344091e-03 -4.35439870e-03 9.14508943e-03 8.75403825e-03 1.16888704e-02 3.31569230e-04
1.57114621e-02 -1.03085134e-02 -2.01786794e-02 2.20036088e-03 -1.41422972e-02 -9.78592597e-03 1.87714063e-02 8.85869283e-03 -6.53779018e-04 -1.30431755e-02 -3.47092398e-03 6.70660660e-03 -1.40845906e-02 -1.34821907e-02 -1.80018581e-02 -5.10540733e-04
-4.43348521e-03 1.67423650e-03 2.61061778e-03 -2.02360199e-04 1.96379423e-03 1.38012646e-03 -2.62821629e-03 -1.24841859e-03 9.10540621e-05 1.83733529e-03 4.88852093e-04 -9.44471511e-04 1.98346633e-03 1.89863960e-03 2.53510103e-03 7.18790907e-05
