-1.78807648e-03 -1.63801061e-03 -1.13150692e-02 -1.14540914e-02 5.46598993e-03 -2.83067836e-03 2.78705694e-02 1.31834447e-02 -4.52316541e-04 -5.42011531e-03 -7.02185370e-03 8.91142245e-03 -2.51382124e-03 -9.71235894e-03 9.92576871e-03 2.68926788e-02
4.93173301e-03 4.99612186e-03 3.45114805e-02 3.52264084e-02 -1.69276204e-02 8.64145439e-03 -8.54359642e-02 -4.06371877e-02 1.35279668e-03 1.67235583e-02 2.16624141e-02 -2.75101643e-02 7.75700156e-03 2.99782529e-02 -3.06390598e-02 -8.30120593e-02
1.14467426e-03 1.12079014e-03 7.71226268e-03 7.92205054e-03 -3.77713447e-03 1.94900064e-03 -1.91585552e-02 -9.09913052e-03 3.05249647e-04 3.73793021e-03 4.84164944e-03 -6.14649756e-03 1.73369562e-03 6.69862004e-03 -6.84590824e-03 -1.85481515e-02
1.66102871e-03 1.78521010e-03 1.31848287e-02 1.34562468e-02 -6.47235662e-03 3.30154388e-03 -3.25341597e-02 -1.55085959e-02 5.05096570e-04 6.37887418e-03 8.26931652e-03 -1.05055068e-02 2.96120346e-03 1.14467219e-02 -1.16997492e-02 -3.16984579e-02
4.11686208e-03 4.77401633e-03 3.10687441e-02 3.15810554e-02 -1.49483671e-02 8.02270975e-03 -7.65622854e-02 -3.63941975e-02 1.23369775e-03 1.49436425e-02 1.92984343e-02 -2.44934279e-02 6.91313064e-03 2.67013498e-02 -2.72833128e-02 -7.39235133e-02
-2.08009640e-03 -1.70875457e-03 -9.80598852e-03 -9.82278585e-03 4.61228145e-03 -2.51191761e-03 2.41207387e-02 1.13085927e-02 -4.06068604e-04 -4.63100569e-03 -5.98442461e-03 7.57470448e-03 -2.14278698e-03 -8.26326944e-03 8.44031945e-03 2.28708163e-02
3.47649702e-03 1.33876957e-03 7.99290091e-03 7.96299614e-03 -3.76476254e-03 2.02968856e-03 -1.93671323e-02 -9.15340334e-03 3.20482883e-04 3.77281522e-03 4.87618614e-03 -6.17540861e-03 1.74468150e-03 6.73441729e-03 -6.88016927e-03 -1.86420940e-02
5.20369504e-04 6.02560991e-04 4.04583476e-03 4.11466556e-03 -1.94926071e-03 1.02113676e-03 -9.96858161e-03 -4.71392926e-03 1.61834818e-04 1.94097578e-03 2.51151039e-03 -3.18458769e-03 8.99159815e-04 3.47184250e-03 -3.54753179e-03 -9.61197726e-03
6.57277135e-03 3.57363559e-03 2.13872809e-02 2.15234663e-02 -1.02976933e-02 5.35306288e-03 -5.20951040e-02 -2.47413646e-02 8.49291449e-04 1.01955561e-02 1.32016372e-02 -1.67331491e-02 4.72389068e-03 1.82416253e-02 -1.86395478e-02 -5.05036637e-02
-2.76944460e-03 -2.02313974e-03 -1.32396659e-02 -1.32417688e-02 6.29845774e-03 -3.31727718e-03 3.25995050e-02 1.54205877e-02 -5.19463792e-04 -6.27809390e-03 -8.13276786e-03 1.03182793e-02 -2.91238027e-03 -1.12475017e-02 1.14936186e-02 3.11412476e-02
-5.89191739e-04 -4.97706817e-04 -3.01703252e-03 -3.06501053e-03 1.45754986e-03 -7.58543028e-04 7.42245698e-03 3.52830719e-03 -1.16594783e-04 -1.44850637e-03 -1.87619019e-03 2.38206843e-03 -6.71768910e-04 -2.59586354e-03 2.65304209e-03 7.18805240e-03
-2.12168274e-03 -1.52953132e-03 -1.05818678e-02 -1.07470509e-02 5.13804751e-03 -2.64026783e-03 2.60746386e-02 1.23795858e-02 -4.11833898e-04 -5.08679822e-03 -6.59283251e-03 8.37018341e-03 -2.36087688e-03 -9.12220590e-03 9.32273455e-03 2.52589323e-02
2.39338004e-03 1.20576215e-03 8.01526103e-03 8.05005152e-03 -3.84233030e-03 1.99431041e-03 -1.95325278e-02 -9.27423593e-03 3.11727985e-04 3.81641416e-03 4.94317245e-03 -6.27366453e-03 1.76986563e-03 6.83770794e-03 -6.98782457e-03 -1.89327747e-02
2.45319726e-03 1.65270467e-03 1.01512242e-02 1.01405540e-02 -4.79860650e-03 2.54675350e-03 -2.48510372e-02 -1.17183495e-02 4.16442781e-04 4.79658088e-03 6.21030107e-03 -7.87572563e-03 2.22425302e-03 8.58697202e-03 -8.77370592e-03 -2.37724483e-02
7.84790702e-03 5.94205316e-03 4.07472961e-02 4.08932753e-02 -1.96766723e-02 1.00652976e-02 -9.91300121e-02 -4.71471623e-02 1.56969589e-03 1.93746369e-02 2.51206476e-02 -3.19179483e-02 8.99673440e-03 3.47774141e-02 -3.55463959e-02 -9.63066593e-02
-1.58971315e-03 -2.71303649e-03 -1.95783824e-02 -1.99978352e-02 9.68451705e-03 -4.89426963e-03 4.83766608e-02 2.30973102e-02 -7.47662736e-04 -9.50780883e-03 -1.23289991e-02 1.56688765e-02 -4.41568391e-03 -1.70716848e-02 1.74496230e-02 4.72765975e-02
-6.86308718e-04 7.01856683e-04 5.66427549e-03 5.84370317e-03 -2.80269398e-03 1.43715099e-03 -1.41371926e-02 -6.73882477e-03 2.19102774e-04 2.76494725e-03 3.58436024e-03 -4.55426052e-03 1.28366845e-03 4.96222265e-03 -5.07195480e-03 -1.37415743e-02
-1.96709437e-03 -1.51362689e-03 -1.05476920e-02 -1.07773719e-02 5.16299158e-03 -2.65316525e-03 2.61297524e-02 1.24356225e-02 -4.16759431e-04 -5.10805100e-03 -6.61838520e-03 8.40367191e-03 -2.37015891e-03 -9.15855076e-03 9.35980398e-03 2.53592934e-02
1.37562654e-03 1.23302941e-03 8.24846793e-03 8.40741210e-03 -4.03600046e-03 2.06720666e-03 -2.04040650e-02 -9.69371479e-03 3.19074723e-04 3.98419611e-03 5.16374828e-03 -6.55922340e-03 1.84909441e-03 7.14717340e-03 -7.30501441e-03 -1.97917335e-02
2.69803894e-03 3.16823227e-03 2.34449115e-02 2.40444113e-02 -1.15883900e-02 5.93420910e-03 -5.80834486e-02 -2.77594458e-02 8.96990066e-04 1.14234127e-02 1.48098804e-02 -1.88177582e-02 5.30338893e-03 2.05029380e-02 -2.09566150e-02 -5.67781962e-02
8.95115896e-04 7.04934355e-04 5.20347059e-03 5.29121235e-03 -2.54081236e-03 1.30354147e-03 -1.28366929e-02 -6.10983185e-03 2.00179711e-04 2.50825612e-03 3.25136725e-03 -4.13006451e-03 1.16428116e-03 4.50025545e-03 -4.59966622e-03 -1.24620255e-02
-6.67710498e-04 1.83334702e-03 1.62742715e-02 1.67690292e-02 -8.08881316e-03 4.10223054e-03 -4.05307673e-02 -1.93380285e-02 6.27444126e-04 7.95695465e-03 1.03176460e-02 -1.31105501e-02 3.69518809e-03 1.42848557e-02 -1.46007836e-02 -3.95582765e-02
3.77744506e-03 1.93970790e-03 1.00503033e-02 1.00713493e-02 -4.74030199e-03 2.52298568e-03 -2.47487146e-02 -1.15858987e-02 4.06342820e-04 4.75046597e-03 6.14145957e-03 -7.77683267e-03 2.19859229e-03 8.48286040e-03 -8.66496935e-03 -2.34792475e-02
6.89334178e-04 2.20505893e-03 1.73819046e-02 1.79936234e-02 -8.69911071e-03 4.40429756e-03 -4.34190556e-02 -2.07592696e-02 6.75933901e-04 8.54651444e-03 1.10797258e-02 -1.40754310e-02 3.96752404e-03 1.53373564e-02 -1.56757925e-02 -4.24708538e-02
-2.45715171e-04 -5.07465855e-04 -4.01337445e-03 -4.16223146e-03 2.00086460e-03 -1.01975736e-03 1.00437487e-02 4.79211006e-03 -1.56343245e-04 -1.97108183e-03 -2.55531282e-03 3.24636116e-03 -9.15092474e-04 -3.53725790e-03 3.61542380e-03 9.79538728e-03
1.25473016e-05 2.26357207e-03 1.74361430e-02 1.78677086e-02 -8.62957165e-03 4.36756760e-03 -4.32068631e-02 -2.06385385e-02 6.68016903e-04 8.48738756e-03 1.10058160e-02 -1.39866844e-02 3.94185539e-03 1.52390441e-02 -1.55763188e-02 -4.22012322e-02
2.30456237e-03 9.42141807e-04 6.07801415e-03 6.09258749e-03 -2.87731527e-03 1.52814575e-03 -1.47827808e-02 -6.98748324e-03 2.42168229e-04 2.87468336e-03 3.72144626e-03 -4.71359491e-03 1.33137067e-03 5.13926707e-03 -5.25106024e-03 -1.42277787e-02
1.87678728e-03 7.48898194e-04 2.99803680e-03 2.99305865e-03 -1.43169297e-03 7.46217091e-04 -7.21170520e-03 -3.43616540e-03 1.13967937e-04 1.41482195e-03 1.83313515e-03 -2.32728221e-03 6.56240911e-04 2.53606960e-03 -2.59198574e-03 -7.02259038e-03
8.09441879e-03 3.01083969e-03 1.77128371e-02 1.76803526e-02 -8.38197675e-03 4.40443866e-03 -4.31866236e-02 -2.03552321e-02 6.97319978e-04 8.33855383e-03 1.08186500e-02 -1.36986002e-02 3.87030700e-03 1.49389999e-02 -1.52629558e-02 -4.13547233e-02
-5.27111755e-04 -6.56134682e-04 -4.86670667e-03 -4.93876683e-03 2.34612660e-03 -1.22190674e-03 1.19486870e-02 5.68288472e-03 -1.92567561e-04 -2.33416166e-03 -3.02175432e-03 3.83333373e-03 -1.08180323e-03 -4.17850399e-03 4.26992774e-03 1.15691004e-02
-1.25489384e-03 -1.72995706e-03 -1.10199079e-02 -1.11754108e-02 5.34106838e-03 -2.77128420e-03 2.72397678e-02 1.29444022e-02 -4.43516241e-04 -5.30020287e-03 -6.85627665e-03 8.70291144e-03 -2.45626108e-03 -9.48846713e-03 9.69429128e-03 2.62666661e-02
2.65070423e-03 -1.48637139e-03 -1.30790081e-02 -1.34951966e-02 6.54610898e-03 -3.30907153e-03 3.26444283e-02 1.56154111e-02 -5.04956348e-04 -6.42424449e-03 -8.33095890e-03 1.05861267e-02 -2.98347999e-03 -1.15340026e-02 1.17892995e-02 3.19409966e-02
-9.48043074e-04 8.98186176e-04 8.35337769e-03 8.66349321e-03 -4.18741396e-03 2.11521261e-03 -2.09062472e-02 -9.99900606e-03 3.23894725e-04 4.11383854e-03 5.33450115e-03 -6.77958224e-03 1.91067229e-03 7.38661736e-03 -7.55009241e-03 -2.04556230e-02
-1.52176223e-03 -3.41794430e-03 -2.58827526e-02 -2.64942814e-02 1.28143886e-02 -6.46403106e-03 6.41770139e-02 3.06241810e-02 -9.92342480e-04 -1.25989588e-02 -1.63408276e-02 2.07648370e-02 -5.85183827e-03 -2.26238389e-02 2.31246911e-02 6.26521632e-02
1.31716602e-03 2.12335587e-03 1.67125016e-02 1.71965584e-02 -8.30474589e-03 4.22963314e-03 -4.18571159e-02 -1.98993236e-02 6.46833389e-04 8.18012748e-03 1.06092002e-02 -1.34804295e-02 3.79898050e-03 1.46872355e-02 -1.50123918e-02 -4.06733491e-02
-7.61363539e-04 -1.07732834e-03 -7.60058453e-03 -7.78758759e-03 3.74481524e-03 -1.92345749e-03 1.88769661e-02 8.98712780e-03 -2.95239181e-04 -3.69653408e-03 -4.78976825e-03 6.08380372e-03 -1.71527523e-03 -6.62937481e-03 6.77563390e-03 1.83575321e-02
1.66246004e-03 4.57107933e-04 5.67132840e-04 4.64456913e-04 -1.82311254e-04 1.30396802e-04 -1.13947201e-03 -5.31860336e-04 2.22319122e-05 2.01498464e-04 2.58921820e-04 -3.25422094e-04 9.23902044e-05 3.55310069e-04 -3.62791150e-04 -9.82946716e-04
2.70371442e-04 -5.45121438e-04 -6.72431150e-03 -7.11277686e-03 3.49450484e-03 -1.72362826e-03 1.71826463e-02 8.25963914e-03 -2.65274459e-04 -3.40922805e-03 -4.42413846e-03 5.62355435e-03 -1.58460054e-03 -6.12678146e-03 6.26254687e-03 1.69672072e-02
1.47429027e-03 2.30387226e-03 1.74378380e-02 1.77883785e-02 -8.56201351e-03 4.35312698e-03 -4.29979935e-02 -2.05239858e-02 6.67746295e-04 8.44560098e-03 1.09512759e-02 -1.39152296e-02 3.92194325e-03 1.51614808e-02 -1.54968854e-02 -4.19860668e-02
4.80290691e-05 -8.30862409e-05 -4.62186406e-04 -4.68659418e-04 2.23749390e-04 -1.14818933e-04 1.13135367e-03 5.37513406e-04 -1.76311423e-05 -2.21155686e-04 -2.86687282e-04 3.64308595e-04 -1.02675753e-04 -3.96931777e-04 4.05714934e-04 1.09921140e-03
-5.50276134e-04 -3.68052191e-04 -2.48687901e-03 -2.53788545e-03 1.21762604e-03 -6.24904817e-04 6.14245888e-03 2.92716408e-03 -9.64737919e-05 -1.20327913e-03 -1.55953015e-03 1.98050286e-03 -5.58447849e-04 -2.15817965e-03 2.20575905e-03 5.97618567e-03
-8.03761708e-04 -2.56232277e-04 -1.28963834e-03 -1.29011436e-03 6.00976229e-04 -3.20522726e-04 3.16614076e-03 1.48162746e-03 -5.12101506e-05 -6.05691050e-04 -7.83485593e-04 9.94179863e-04 -2.80582346e-04 -1.08375656e-03 1.10744359e-03 3.00053647e-03
-1.19840004e-03 -7.76551315e-04 -4.62475745e-03 -4.66434006e-03 2.19883141e-03 -1.18328957e-03 1.13543384e-02 5.36373258e-03 -1.79915369e-04 -2.20024982e-03 -2.84843612e-03 3.61311226e-03 -1.01925724e-03 -3.93788936e-03 4.02438454e-03 1.09036295e-02
-1.01186044e-03 3.05234746e-04 2.53308192e-03 2.52254261e-03 -1.18810800e-03 6.22589432e-04 -6.08127052e-03 -2.89042527e-03 9.66691368e-05 1.18463987e-03 1.53480202e-03 -1.94906141e-03 5.49526885e-04 2.12381128e-03 -2.17069243e-03 -5.88112744e-03
-1.04520726e-03 -1.51939434e-03 -9.59792361e-03 -9.74756293e-03 4.64404281e-03 -2.42458843e-03 2.36955788e-02 1.12885702e-02 -3.96970892e-04 -4.61522629e-03 -5.97369112e-03 7.57875200e-03 -2.14110431e-03 -8.26758891e-03 8.44336860e-03 2.28791162e-02
1.97094446e-03 1.86551781e-03 1.38585083e-02 1.41427508e-02 -6.79155067e-03 3.51239950e-03 -3.43548991e-02 -1.63559187e-02 5.41006972e-04 6.71470258e-03 8.70130956e-03 -1.10498806e-02 3.11529194e-03 1.20408339e-02 -1.23064052e-02 -3.33422758e-02
-8.01700226e-04 3.04517365e-04 2.27356260e-03 2.34641624e-03 -1.13004225e-03 5.78814826e-04 -5.69539052e-03 -2.71103508e-03 8.88526411e-05 1.11597858e-03 1.44486339e-03 -1.83535775e-03 5.17402310e-04 1.99989998e-03 -2.04404956e-03 -5.53802215e-03
-6.12943841e-05 1.28496846e-03 1.11082541e-02 1.15380334e-02 -5.59286028e-03 2.81795696e-03 -2.78556142e-02 -1.33313900e-02 4.30182903e-04 5.48799429e-03 7.11663160e-03 -9.04487260e-03 2.54893373e-03 9.85457189e-03 -1.00727528e-02 -2.72902977e-02
-4.25478036e-04 -1.07668748e-05 7.81712879e-04 8.23517854e-04 -4.12826281e-04 1.97381349e-04 -2.01626099e-03 -9.71552217e-04 3.06985276e-05 4.00191406e-04 5.19602560e-04 -6.60745369e-04 1.86147896e-04 7.19823409e-04 -7.35797104e-04 -1.99349946e-03
-1.17004651e-03 -3.73194198e-04 -5.08965319e-03 -5.30224573e-03 2.57957424e-03 -1.29216432e-03 1.28119746e-02 6.13583345e-03 -1.97699293e-04 -2.52647465e-03 -3.27669759e-03 4.16465523e-03 -1.17361918e-03 -4.53744829e-03 4.63792123e-03 1.25656053e-02
-8.06486874e-04 -2.03592749e-03 -1.56948045e-02 -1.61446910e-02 7.82859046e-03 -3.94429266e-03 3.90817411e-02 1.86734796e-02 -6.03663968e-04 -7.68535817e-03 -9.96667799e-03 1.26670022e-02 -3.56969493e-03 -1.38009442e-02 1.41065046e-02 3.82190086e-02
1.36678433e-03 1.01111201e-03 7.08985329e-03 7.18044862e-03 -3.41974408e-03 1.79070560e-03 -1.74011309e-02 -8.25352687e-03 2.79991043e-04 3.39577370e-03 4.39766096e-03 -5.57946414e-03 1.57427171e-03 6.08128542e-03 -6.21468155e-03 -1.68380775e-02
-9.70963389e-04 -9.46769258e-04 -6.87488308e-03 -7.02099456e-03 3.38062970e-03 -1.72863982e-03 1.69754960e-02 8.09527468e-03 -2.65556562e-04 -3.32783512e-03 -4.31453716e-03 5.48099820e-03 -1.54495507e-03 -5.97206177e-03 6.10407768e-03 1.65379494e-02
2.16514803e-04 -3.76491284e-04 -2.88141239e-03 -2.92360620e-03 1.39106892e-03 -7.25921243e-04 7.10592885e-03 3.37264407e-03 -1.13727911e-04 -1.38442137e-03 -1.79298501e-03 2.27403035e-03 -6.41737890e-04 -2.47869920e-03 2.53299158e-03 6.86294679e-03
7.67852645e-04 1.71672524e-04 5.33115119e-04 5.36372245e-04 -2.23873212e-04 1.37019466e-04 -1.27971545e-03 -5.87753777e-04 2.14408501e-05 2.37693908e-04 3.06698028e-04 -3.88388085e-04 1.09646484e-04 4.23456862e-04 -4.32677916e-04 -1.17229286e-03
-5.07826684e-04 1.43396115e-04 1.11974555e-03 1.13694964e-03 -5.40858950e-04 2.86842522e-04 -2.76828697e-03 -1.31750782e-03 4.50872321e-05 5.38913300e-04 6.97994954e-04 -8.83908826e-04 2.49590346e-04 9.63718456e-04 -9.84691549e-04 -2.66807061e-03
-1.01581682e-03 -4.96766705e-04 -3.36565380e-03 -3.44002084e-03 1.63917465e-03 -8.47640506e-04 8.31955392e-03 3.95405805e-03 -1.32217974e-04 -1.62451307e-03 -2.10391963e-03 2.67007225e-03 -7.53274886e-04 -2.91013205e-03 2.97400448e-03 8.05776939e-03
-8.17094551e-05 -2.00543320e-04 -1.53873174e-03 -1.58717134e-03 7.66184879e-04 -3.87147651e-04 3.83503642e-03 1.83208729e-03 -5.94584053e-05 -7.53884087e-04 -9.77534102e-04 1.24222250e-03 -3.50097340e-04 -1.35345804e-03 1.38340855e-03 3.74809816e-03
-4.27888008e-05 -9.53449868e-04 -7.11296545e-03 -7.25536747e-03 3.50649119e-03 -1.77635869e-03 1.75672118e-02 8.38448294e-03 -2.72380188e-04 -3.44869448e-03 -4.47287038e-03 5.68360649e-03 -1.60175178e-03 -6.19246205e-03 6.32954156e-03 1.71487480e-02
-2.12565553e-03 -2.62415648e-04 2.54616665e-04 5.35650586e-04 -2.90307216e-04 1.12633919e-04 -1.25237240e-03 -6.36940880e-04 1.89604598e-05 2.64885020e-04 3.44465370e-04 -4.39004332e-04 1.23599297e-04 4.78155445e-04 -4.88798949e-04 -1.32430554e-03
-7.88502512e-04 -1.14561385e-03 -7.95016345e-03 -8.02558754e-03 3.84514593e-03 -1.97994662e-03 1.94481276e-02 9.24975425e-03 -3.04953835e-04 -3.80261196e-03 -4.92824940e-03 6.25937572e-03 -1.76463660e-03 -6.82052458e-03 6.97112177e-03 1.88871138e-02
1.89036014e-03 -7.66500074e-04 -6.19879877e-03 -6.32402208e-03 3.04574124e-03 -1.56872312e-03 1.53645854e-02 7.31261959e-03 -2.40501584e-04 -3.00662336e-03 -3.89836170e-03 4.95054666e-03 -1.39549526e-03 -5.39411837e-03 5.51335327e-03 1.49374921e-02
-1.47536019e-04 -1.36035611e-03 -8.53784196e-03 -8.61512497e-03 4.11727745e-03 -2.15484737e-03 2.10149530e-02 9.96008608e-03 -3.37725098e-04 -4.08754684e-03 -5.29400073e-03 6.71569025e-03 -1.89586240e-03 -7.32106110e-03 7.48084765e-03 2.02690940e-02
-3.58298002e-03 -2.97670276e-03 -2.02367511e-02 -2.07394771e-02 9.98019241e-03 -5.07465284e-03 5.02144508e-02 2.39175502e-02 -7.75981869e-04 -9.83031373e-03 -1.27463182e-02 1.61955748e-02 -4.56454931e-03 -1.76459290e-02 1.80363711e-02 4.88663316e-02
-1.01372937e-03 -7.37969473e-04 -4.06126911e-03 -4.09307377e-03 1.94887386e-03 -1.01970567e-03 9.93251428e-03 4.70828591e-03 -1.56959213e-04 -1.93508319e-03 -2.50664679e-03 3.18146730e-03 -8.97361781e-04 -3.46721732e-03 3.54348542e-03 9.60061606e-03
-3.27239628e-04 2.37187618e-04 2.06652307e-03 2.19639507e-03 -1.09980721e-03 5.21131093e-04 -5.24137588e-03 -2.54278048e-03 7.72421772e-05 1.05407659e-03 1.36862497e-03 -1.74401328e-03 4.90533945e-04 1.89917465e-03 -1.94173399e-03 -5.26051503e-03
-9.72879643e-04 -2.21956568e-03 -1.63798686e-02 -1.66861974e-02 8.02244805e-03 -4.09381697e-03 4.04376574e-02 1.92432422e-02 -6.26750058e-04 -7.91151728e-03 -1.02563100e-02 1.30286645e-02 -3.67239653e-03 -1.41958166e-02 1.45097170e-02 3.93115617e-02
-2.55590118e-03 -1.40992738e-03 -1.03021385e-02 -1.05938185e-02 5.10896789e-03 -2.60065333e-03 2.55531259e-02 1.21997092e-02 -3.96375573e-04 -5.02079539e-03 -6.51080208e-03 8.27122293e-03 -2.33152020e-03 -9.01223067e-03 9.21153370e-03 2.49572024e-02
-4.40659729e-04 -3.50394810e-04 -2.41851551e-03 -2.46011652e-03 1.17161474e-03 -6.12353848e-04 5.97661082e-03 2.83340458e-03 -9.54670249e-05 -1.16467080e-03 -1.50816201e-03 1.91320851e-03 -5.39893575e-04 -2.08541402e-03 2.13108025e-03 5.77401044e-03
1.75904471e-03 6.95024210e-04 2.42672651e-03 2.33057118e-03 -1.08755240e-03 5.94458019e-04 -5.77359786e-03 -2.68309517e-03 9.67895758e-05 1.10162422e-03 1.42302155e-03 -1.79783406e-03 5.08938218e-04 1.96181331e-03 -2.00359640e-03 -5.42930979e-03
2.47205328e-03 1.89588324e-03 1.33569464e-02 1.32485041e-02 -6.34251721e-03 3.28313303e-03 -3.21616009e-02 -1.52761405e-02 5.14513988e-04 6.28244737e-03 8.13689269e-03 -1.03271054e-02 2.91424454e-03 1.12558985e-02 -1.15029598e-02 -3.11661437e-02
1.24703615e-03 1.44335418e-03 9.91110969e-03 1.01343151e-02 -4.85493150e-03 2.48092436e-03 -2.44572908e-02 -1.16645731e-02 3.82397673e-04 4.80113598e-03 6.22300804e-03 -7.90589862e-03 2.22850009e-03 8.61428212e-03 -8.80467892e-03 -2.38547605e-02
1.04241504e-03 4.27428819e-03 3.02884448e-02 3.11461817e-02 -1.49818640e-02 7.65247131e-03 -7.55486265e-02 -3.59344482e-02 1.17667066e-03 1.47763714e-02 1.91534571e-02 -2.43289117e-02 6.85795862e-03 2.65092887e-02 -2.70948671e-02 -7.34091029e-02
1.77898313e-04 6.10084215e-04 5.44211688e-03 5.65540651e-03 -2.74888240e-03 1.37923600e-03 -1.36705600e-02 -6.54368056e-03 2.10973361e-04 2.69393018e-03 3.49380262e-03 -4.44049435e-03 1.25136424e-03 4.83799307e-03 -4.94511472e-03 -1.33978911e-02
-7.33369234e-05 -6.91397174e-04 -5.40299574e-03 -5.50222816e-03 2.64364295e-03 -1.35666621e-03 1.33480104e-02 6.35127351e-03 -2.11715203e-04 -2.61313189e-03 -3.38669587e-03 4.30061202e-03 -1.21278444e-03 -4.68665687e-03 4.78987116e-03 1.29775042e-02
9.49666544e-04 -1.08272965e-04 -2.04648962e-03 -2.14480702e-03 1.04260899e-03 -5.23208699e-04 5.19257784e-03 2.48546433e-03 -8.06131357e-05 -1.02299859e-03 -1.32652698e-03 1.68559689e-03 -4.75136156e-04 -1.83666241e-03 1.87722838e-03 5.08606108e-03
-3.15733603e-03 -1.56225497e-03 -1.02305599e-02 -1.04524428e-02 4.98308940e-03 -2.58993567e-03 2.52202228e-02 1.20081147e-02 -3.97892203e-04 -4.93570091e-03 -6.39423076e-03 8.11432954e-03 -2.28885445e-03 -8.84358212e-03 9.03777312e-03 2.44868957e-02
-7.95138767e-05 3.46683501e-03 2.79924795e-02 2.87343711e-02 -1.39156301e-02 7.01963482e-03 -6.94671422e-02 -3.32262516e-02 1.07286102e-03 1.36742061e-02 1.77336056e-02 -2.25378238e-02 6.35141274e-03 2.45554186e-02 -2.50990801e-02 -6.80014044e-02
-4.43690311e-04 -6.69580593e-04 -4.60560573e-03 -4.66924254e-03 2.23360374e-03 -1.15869904e-03 1.13371992e-02 5.38654858e-03 -1.81857584e-04 -2.21310509e-03 -2.86621740e-03 3.63718718e-03 -1.02628546e-03 -3.96440830e-03 4.05129651e-03 1.09766498e-02
-1.20047794e-03 -9.04341461e-04 -7.14345463e-03 -7.33540580e-03 3.53616336e-03 -1.79733848e-03 1.77202318e-02 8.46031960e-03 -2.77072540e-04 -3.48211569e-03 -4.51406930e-03 5.73452096e-03 -1.61658670e-03 -6.24856958e-03 6.38654176e-03 1.73033066e-02
1.54812049e-04 6.56560151e-05 1.07788364e-03 1.13758631e-03 -5.72347199e-04 2.72406789e-04 -2.72742519e-03 -1.32658496e-03 4.08790693e-05 5.49772289e-04 7.14300608e-04 -9.09209542e-04 2.55954365e-04 9.90263652e-04 -1.01237185e-03 -2.74277409e-03
-4.74922213e-04 -2.82891211e-04 -1.64416933e-03 -1.64439890e-03 7.81961600e-04 -4.11026936e-04 4.01656749e-03 1.89540349e-03 -6.38382189e-05 -7.77304464e-04 -1.00667006e-03 1.27800938e-03 -3.60462785e-04 -1.39277731e-03 1.42342644e-03 3.85658280e-03
7.98037741e-04 -4.52764129e-04 -4.02996875e-03 -4.17104922e-03 2.02023215e-03 -1.02010160e-03 1.00726979e-02 4.81748162e-03 -1.56155482e-04 -1.98349799e-03 -2.57206056e-03 3.26872710e-03 -9.21217841e-04 -3.56140756e-03 3.64022702e-03 9.86254308e-03
-4.04152961e-04 -8.53118661e-04 -6.66462164e-03 -6.85091736e-03 3.30778188e-03 -1.67510030e-03 1.65625624e-02 7.91202765e-03 -2.56720523e-04 -3.25505598e-03 -4.22030827e-03 5.36282174e-03 -1.51147752e-03 -5.84311178e-03 5.97236911e-03 1.61810778e-02
-6.66457927e-05 -2.40240013e-03 -1.76129155e-02 -1.81260575e-02 8.74845870e-03 -4.43054782e-03 4.38603759e-02 2.09069960e-02 -6.76935888e-04 -8.60268436e-03 -1.11549450e-02 1.41756153e-02 -3.99507117e-03 -1.54448217e-02 1.57867055e-02 4.27712239e-02
-1.50653836e-03 -8.35663115e-04 -5.70655847e-03 -5.84059255e-03 2.80447723e-03 -1.44031842e-03 1.41253211e-02 6.72915485e-03 -2.21007082e-04 -2.76889536e-03 -3.58910928e-03 4.55793925e-03 -1.28498429e-03 -4.96654864e-03 5.07620443e-03 1.37531515e-02
4.19450738e-03 2.98739458e-03 1.74688045e-02 1.74815245e-02 -8.25010147e-03 4.36617294e-03 -4.26404104e-02 -2.01339573e-02 6.78805693e-04 8.25495739e-03 1.06984740e-02 -1.35431392e-02 3.82498954e-03 1.47664463e-02 -1.50872013e-02 -4.08790894e-02
-3.16968444e-03 -7.33501860e-04 -3.15647316e-03 -3.10257892e-03 1.39014574e-03 -8.18360888e-04 7.69796921e-03 3.55276931e-03 -1.39602067e-04 -1.43918453e-03 -1.85508083e-03 2.34079314e-03 -6.64023566e-04 -2.55675660e-03 2.60967691e-03 7.07254233e-03
5.36995893e-03 2.63132388e-03 1.69573277e-02 1.72230434e-02 -8.27165879e-03 4.24386561e-03 -4.16962132e-02 -1.98460557e-02 6.54031232e-04 8.16467404e-03 1.05859255e-02 -1.34416288e-02 3.78983421e-03 1.46471215e-02 -1.49702737e-02 -4.05596197e-02
-5.36341046e-04 -1.10924710e-03 -7.82927591e-03 -7.98910763e-03 3.84578924e-03 -1.96295860e-03 1.93161685e-02 9.21722688e-03 -3.01807333e-04 -3.79243796e-03 -4.91687981e-03 6.24588551e-03 -1.76057871e-03 -6.80558896e-03 6.95597846e-03 1.88460425e-02
2.14946689e-03 1.83898723e-03 1.20140640e-02 1.21271918e-02 -5.79586858e-03 3.01717757e-03 -2.93473210e-02 -1.39532750e-02 4.61921503e-04 5.73844882e-03 7.43807154e-03 -9.44614783e-03 2.66327290e-03 1.02934185e-02 -1.05204489e-02 -2.85035782e-02
3.64624313e-04 6.04173518e-04 4.32495074e-03 4.40974068e-03 -2.12220266e-03 1.08396274e-03 -1.06765963e-02 -5.08613326e-03 1.67303951e-04 2.09157262e-03 2.71176780e-03 -3.44425975e-03 9.70994995e-04 3.75302834e-03 -3.83590884e-03 -1.03927618e-02
9.84029612e-06 -2.10283487e-03 -1.60041954e-02 -1.62690897e-02 7.84094818e-03 -3.99214122e-03 3.94626819e-02 1.88090373e-02 -6.17189042e-04 -7.72529049e-03 -1.00175021e-02 1.27292145e-02 -3.58792231e-03 -1.38695566e-02 1.41762244e-02 3.84080000e-02
-7.55448476e-04 -1.13944127e-03 -7.91061204e-03 -8.03985633e-03 3.88900819e-03 -1.96694699e-03 1.94562804e-02 9.28922743e-03 -3.00631829e-04 -3.82246240e-03 -4.95675299e-03 6.29893877e-03 -1.77514332e-03 -6.86289417e-03 7.01482827e-03 1.90054066e-02
-1.19514109e-04 -7.16564478e-04 -5.13648707e-03 -5.26290713e-03 2.52554705e-03 -1.29240577e-03 1.27387568e-02 6.06511859e-03 -1.99313159e-04 -2.49376288e-03 -3.23218340e-03 4.10505105e-03 -1.15737971e-03 -4.47318750e-03 4.57188161e-03 1.23868091e-02
5.01502946e-04 -4.48087405e-04 -3.66971176e-03 -3.79124493e-03 1.82850810e-03 -9.34251759e-04 9.17928386e-03 4.38258843e-03 -1.44600082e-04 -1.80136284e-03 -2.33405200e-03 2.96467310e-03 -8.35946470e-04 -3.23071401e-03 3.30189103e-03 8.94600712e-03
-4.86444170e-03 -2.28329934e-03 -1.34858973e-02 -1.34729901e-02 6.31032791e-03 -3.31348041e-03 3.27227227e-02 1.53604681e-02 -5.37791988e-04 -6.32108981e-03 -8.18698667e-03 1.03584882e-02 -2.92739528e-03 -1.13040702e-02 1.15441000e-02 3.12819816e-02
3.70181515e-04 -3.54061165e-04 -3.05836741e-03 -3.16769211e-03 1.52954017e-03 -7.72818748e-04 7.64151895e-03 3.65428254e-03 -1.18787568e-04 -1.50376908e-03 -1.94992812e-03 2.47795321e-03 -6.98380813e-04 -2.69986293e-03 2.75959703e-03 7.47663761e-03
-1.32065237e-04 -2.93083489e-04 -1.90680858e-03 -1.96540193e-03 9.45554813e-04 -4.84984485e-04 4.76394873e-03 2.27541500e-03 -7.39011448e-05 -9.33196920e-04 -1.20956334e-03 1.53651217e-03 -4.33136942e-04 -1.67421449e-03 1.71120174e-03 4.63621598e-03
-1.63025281e-04 7.12840003e-04 5.86599065e-03 6.00178121e-03 -2.89010908e-03 1.47745153e-03 -1.45306149e-02 -6.92337891e-03 2.26716234e-04 2.84802355e-03 3.69253964e-03 -4.69039334e-03 1.32213638e-03 5.11068571e-03 -5.22363372e-03 -1.41525455e-02
4.34574205e-03 2.86136894e-03 1.89210474e-02 1.91150941e-02 -9.16105974e-03 4.69194073e-03 -4.61997278e-02 -2.20188629e-02 7.31262087e-04 9.04625561e-03 1.17269419e-02 -1.48886247e-02 4.19836445e-03 1.62247848e-02 -1.65822711e-02 -4.49272469e-02
-1.72967091e-03 -1.32574118e-03 -8.42082687e-03 -8.32280982e-03 3.93358292e-03 -2.09891982e-03 2.03432590e-02 9.58246551e-03 -3.40155384e-04 -3.93198058e-03 -5.09002153e-03 6.44207466e-03 -1.82213308e-03 -7.02697271e-03 7.17815943e-03 1.94505099e-02
8.31237179e-04 7.50428531e-04 5.28401555e-03 5.38011454e-03 -2.58250558e-03 1.32490741e-03 -1.30470265e-02 -6.20842958e-03 2.04270589e-04 2.54907971e-03 3.30433785e-03 -4.19611763e-03 1.18302763e-03 4.57237707e-03 -4.67329146e-03 -1.26615362e-02
-1.45989063e-04 -1.38552859e-03 -1.08887954e-02 -1.12065459e-02 5.41971810e-03 -2.74508540e-03 2.70885900e-02 1.29444478e-02 -4.19980730e-04 -5.32778539e-03 -6.90852152e-03 8.77943728e-03 -2.47425516e-03 -9.56549309e-03 9.77720693e-03 2.64895856e-02
1.33436988e-03 -6.49523281e-04 -5.67240501e-03 -5.83629590e-03 2.82049901e-03 -1.43679103e-03 1.41007984e-02 6.73579471e-03 -2.18234112e-04 -2.77382904e-03 -3.59661388e-03 4.57009021e-03 -1.28797430e-03 -4.97929519e-03 5.08949906e-03 1.37890801e-02
8.75231519e-04 1.45810714e-03 1.05791641e-02 1.08103734e-02 -5.18706674e-03 2.67073396e-03 -2.60707643e-02 -1.24505702e-02 4.08220716e-04 5.12388907e-03 6.63997140e-03 -8.43586400e-03 2.37787515e-03 9.19182505e-03 -9.39489435e-03 -2.54538879e-02
2.24472908e-03 8.77897022e-04 4.67711687e-03 4.76312311e-03 -2.18896521e-03 1.14419486e-03 -1.12313638e-02 -5.33023383e-03 1.80947507e-04 2.18278053e-03 2.82715028e-03 -3.58969788e-03 1.01227907e-03 3.91190220e-03 -3.99810728e-03 -1.08322455e-02
2.61989748e-03 4.93811909e-03 3.49705778e-02 3.57217379e-02 -1.71092954e-02 8.74585286e-03 -8.68102759e-02 -4.11173850e-02 1.36425206e-03 1.68983508e-02 2.19092872e-02 -2.78366376e-02 7.84636289e-03 3.03301588e-02 -3.10008489e-02 -8.39913487e-02
-1.34542747e-03 -7.71210296e-04 -6.08163280e-03 -6.28421549e-03 3.03239282e-03 -1.52874051e-03 1.51420115e-02 7.23904464e-03 -2.34231207e-04 -2.98009370e-03 -3.86474072e-03 4.91143251e-03 -1.38415350e-03 -5.35117323e-03 5.46961278e-03 1.48189319e-02
9.23268264e-04 6.10432238e-04 4.24981909e-03 4.35167877e-03 -2.08282820e-03 1.07613706e-03 -1.05560347e-02 -5.02267433e-03 1.64029552e-04 2.06205714e-03 2.67036306e-03 -3.39103211e-03 9.56079632e-04 3.69508611e-03 -3.77663109e-03 -1.02321990e-02
6.82239363e-04 2.74480961e-04 7.92246254e-04 7.19713455e-04 -3.35433055e-04 1.82120682e-04 -1.74568454e-03 -8.19715438e-04 2.74186641e-05 3.35874531e-04 4.35066147e-04 -5.52444486e-04 1.55754460e-04 6.01977110e-04 -6.15268887e-04 -1.66696543e-03
1.63352047e-03 2.22044974e-03 1.50746256e-02 1.52518610e-02 -7.29913125e-03 3.73484637e-03 -3.67777050e-02 -1.75343938e-02 5.75743732e-04 7.21631804e-03 9.35406424e-03 -1.18835736e-02 3.34975775e-03 1.29484432e-02 -1.32345790e-02 -3.58568132e-02
1.52532640e-03 2.30191834e-03 1.50323110e-02 1.53164184e-02 -7.39353430e-03 3.76377511e-03 -3.70481424e-02 -1.77120678e-02 5.73072000e-04 7.27774296e-03 9.43740178e-03 -1.19925020e-02 3.37978615e-03 1.30663095e-02 -1.33554796e-02 -3.61842774e-02
-1.66485144e-04 -9.94462636e-04 -6.87665585e-03 -7.08465045e-03 3.34678637e-03 -1.75163511e-03 1.70565788e-02 8.08681920e-03 -2.71562749e-04 -3.32426419e-03 -4.30070283e-03 5.46112610e-03 -1.54037552e-03 -5.95184835e-03 6.08260185e-03 1.64801385e-02
4.30064555e-03 9.19095334e-03 6.39368445e-02 6.58951402e-02 -3.17730345e-02 1.61286108e-02 -1.59301609e-01 -7.59093910e-02 2.47279345e-03 3.12424432e-02 4.05085310e-02 -5.14695719e-02 1.45062124e-02 5.60791157e-02 -5.73197640e-02 -1.55297726e-01
1.65818003e-03 5.06104785e-04 2.99573154e-03 3.03813978e-03 -1.45967561e-03 7.45643047e-04 -7.33086281e-03 -3.49821011e-03 1.13330490e-04 1.43894507e-03 1.86567719e-03 -2.37095938e-03 6.68196648e-04 2.58324714e-03 -2.64042383e-03 -7.15375086e-03
4.62060911e-04 4.28154453e-04 3.46070132e-03 3.57766869e-03 -1.73138001e-03 8.77097191e-04 -8.65254458e-03 -4.13605198e-03 1.33764814e-04 1.70172192e-03 2.20672088e-03 -2.80432380e-03 7.90320628e-04 3.05540510e-03 -3.12303170e-03 -8.46129190e-03
-1.24689925e-03 -7.09460466e-04 -4.53661708e-03 -4.58385237e-03 2.16128398e-03 -1.14955322e-03 1.12117743e-02 5.30161150e-03 -1.88209815e-04 -2.17144098e-03 -2.80483114e-03 3.55380052e-03 -1.00567553e-03 -3.87699530e-03 3.95989371e-03 1.07302740e-02
-8.14661384e-04 -7.34367757e-04 -5.25583094e-03 -5.43693174e-03 2.63291458e-03 -1.32770918e-03 1.31251849e-02 6.27908763e-03 -2.02721872e-04 -2.58395518e-03 -3.35097127e-03 4.25869785e-03 -1.20016141e-03 -4.63995710e-03 4.74267872e-03 1.28494296e-02
-1.38644525e-03 -9.19353333e-04 -6.79060817e-03 -6.91795815e-03 3.31388554e-03 -1.69049040e-03 1.67119317e-02 7.96050113e-03 -2.63114547e-04 -3.27245868e-03 -4.24207887e-03 5.38729597e-03 -1.51891215e-03 -5.87044237e-03 5.99995721e-03 1.62559599e-02
-7.46794627e-04 -7.90293328e-04 -5.87288057e-03 -6.02452597e-03 2.89794011e-03 -1.47755968e-03 1.45421820e-02 6.94117043e-03 -2.26575154e-04 -2.85615679e-03 -3.70295113e-03 4.70470916e-03 -1.32605922e-03 -5.12614241e-03 5.23950532e-03 1.41955242e-02
-1.18325115e-04 -3.25308391e-03 -2.61278227e-02 -2.68727913e-02 1.29995644e-02 -6.55851327e-03 6.48378655e-02 3.10213342e-02 -1.00300531e-03 -1.27645917e-02 -1.65528487e-02 2.10367423e-02 -5.92848519e-03 -2.29200702e-02 2.34274678e-02 6.34724796e-02
6.41572289e-04 8.47609364e-04 6.26602117e-03 6.42427430e-03 -3.07677849e-03 1.58202543e-03 -1.55032231e-02 -7.38570746e-03 2.41466551e-04 3.03804944e-03 3.93741252e-03 -5.00198500e-03 1.41000433e-03 5.45025058e-03 -5.57066314e-03 -1.50927855e-02
1.09949126e-03 1.89981307e-03 1.38015775e-02 1.40244858e-02 -6.71990495e-03 3.44885886e-03 -3.38586122e-02 -1.61438920e-02 5.35582309e-04 6.63821353e-03 8.60209856e-03 -1.09222680e-02 3.07977502e-03 1.19023575e-02 -1.21646533e-02 -3.29583436e-02
-2.88635434e-04 -8.79483647e-04 -5.92420390e-03 -6.02916395e-03 2.89605674e-03 -1.49173220e-03 1.46150952e-02 6.97114132e-03 -2.27633762e-04 -2.86311610e-03 -3.71145085e-03 4.71464824e-03 -1.32896437e-03 -5.13708498e-03 5.25063369e-03 1.42256897e-02
-2.20777263e-04 1.63018028e-03 1.31227272e-02 1.34210223e-02 -6.46929676e-03 3.27502121e-03 -3.24050449e-02 -1.54801942e-02 5.02335432e-04 6.37031952e-03 8.26107245e-03 -1.04982667e-02 2.95868912e-03 1.14382524e-02 -1.16914203e-02 -3.16758007e-02
-1.13484636e-03 -3.09113530e-03 -2.13354789e-02 -2.18505953e-02 1.05046136e-02 -5.34583488e-03 5.29690571e-02 2.52109747e-02 -8.27262294e-04 -1.03557175e-02 -1.34272501e-02 1.70602724e-02 -4.80874674e-03 -1.85887255e-02 1.89996939e-02 5.14764152e-02
-3.61775572e-04 -3.11549200e-04 -6.89326972e-03 -7.18273129e-03 3.49602452e-03 -1.75041507e-03 1.73632186e-02 8.31573643e-03 -2.67898780e-04 -3.42404819e-03 -4.44085756e-03 5.64433075e-03 -1.59059325e-03 -6.14956720e-03 6.28574099e-03 1.70300733e-02
