-5.05315838e-04 6.75089518e-03 -1.42819071e-02 -1.23132020e-02 6.84320170e-04 4.38196759e-04 1.00981947e-02 2.27148049e-02 -4.25419863e-03 6.98353630e-03 -2.59396024e-02 9.08151828e-03 1.95336834e-04 -1.51353013e-02 7.73855252e-03 1.74567364e-02
1.32734317e-03 -1.74251497e-02 3.96030396e-02 3.40566002e-02 -1.89094269e-03 -1.27076905e-03 -2.79349554e-02 -6.30496368e-02 1.17714722e-02 -1.93734504e-02 7.19939619e-02 -2.52052806e-02 -5.42410009e-04 4.20096293e-02 -2.14792173e-02 -4.84530330e-02
4.87323035e-04 -4.99279657e-03 8.98377970e-03 7.77674513e-03 -4.60633484e-04 -3.23470216e-04 -6.26716856e-03 -1.44149130e-02 2.66389363e-03 -4.44018887e-03 1.64682008e-02 -5.76697895e-03 -1.27349267e-04 9.61123314e-03 -4.91425674e-03 -1.10870264e-02
5.22411836e-04 -8.92568380e-03 1.71084478e-02 1.46671096e-02 -8.58935993e-04 -6.10080780e-04 -1.19316923e-02 -2.74711419e-02 5.06341085e-03 -8.46652873e-03 3.13900337e-02 -1.09926742e-02 -2.45305913e-04 1.83198340e-02 -9.36705340e-03 -2.11340282e-02
8.60809931e-04 -1.69373266e-02 3.80157642e-02 3.33703347e-02 -1.75037549e-03 -7.49692204e-04 -2.69554537e-02 -6.07653484e-02 1.13339061e-02 -1.86079331e-02 6.92473277e-02 -2.42469162e-02 -5.11460938e-04 4.04206105e-02 -2.06657164e-02 -4.66116667e-02
-6.26193709e-04 3.45218834e-03 -1.00411279e-02 -8.85804836e-03 4.31260531e-04 7.14648631e-05 7.32355425e-03 1.54564697e-02 -2.97981105e-03 4.68861824e-03 -1.75705180e-02 6.14485517e-03 9.92968053e-05 -1.02518257e-02 5.24153328e-03 1.18093416e-02
1.54058030e-03 -2.91600684e-03 7.16821291e-03 5.92486514e-03 -3.62321269e-04 -1.04924955e-04 -4.73029912e-03 -1.04187271e-02 1.97755569e-03 -3.17995483e-03 1.18931280e-02 -4.15983098e-03 -7.70178958e-05 6.93785446e-03 -3.54844658e-03 -7.99574330e-03
1.07548505e-04 -1.32567855e-03 3.58555187e-03 3.21186427e-03 -1.58365641e-04 -7.05994244e-05 -2.53765495e-03 -5.56907058e-03 1.05543667e-03 -1.70390890e-03 6.35667378e-03 -2.22426606e-03 -4.34987487e-05 3.70808039e-03 -1.89590943e-03 -4.27481346e-03
2.28724140e-03 -7.38684274e-03 2.08830349e-02 1.79304853e-02 -9.65796702e-04 -4.58048249e-04 -1.44261420e-02 -3.22879180e-02 6.11571595e-03 -9.89068206e-03 3.68983932e-02 -1.29059292e-02 -2.53354781e-04 2.15166975e-02 -1.10001415e-02 -2.48055588e-02
-7.95069209e-04 6.42381702e-03 -1.48890913e-02 -1.25721386e-02 6.80482830e-04 3.73579562e-04 1.06130783e-02 2.33672280e-02 -4.34858305e-03 7.14471377e-03 -2.65503600e-02 9.29515716e-03 1.94713357e-04 -1.54924979e-02 7.92131666e-03 1.78668201e-02
-1.17858610e-04 1.09367748e-03 -2.74190702e-03 -2.39477283e-03 1.26308631e-04 7.54786306e-05 1.93629274e-03 4.36321041e-03 -8.09582009e-04 1.33949355e-03 -4.97654499e-03 1.74226856e-03 3.75918498e-05 -2.90372688e-03 1.48464239e-03 3.34920897e-03
-6.20691688e-04 5.57329552e-03 -1.23056052e-02 -1.06321592e-02 5.81134344e-04 3.85197724e-04 8.68468545e-03 1.95514541e-02 -3.64000280e-03 6.00914750e-03 -2.23177206e-02 7.81389605e-03 1.66287922e-04 -1.30235897e-02 6.65888842e-03 1.50202941e-02
8.72175326e-04 -5.09686535e-03 1.07665509e-02 9.13220923e-03 -5.15300431e-04 -3.34203331e-04 -7.46845966e-03 -1.69917736e-02 3.16047668e-03 -5.22664282e-03 1.94114447e-02 -6.79642661e-03 -1.46205712e-04 1.13272648e-02 -5.79152349e-03 -1.30646201e-02
8.05682153e-04 -5.08352229e-03 1.19861374e-02 1.02207083e-02 -5.45671210e-04 -2.79080006e-04 -8.48238170e-03 -1.87015869e-02 3.54390824e-03 -5.72685758e-03 2.13033669e-02 -7.45783746e-03 -1.50841690e-04 1.24323573e-02 -6.35665096e-03 -1.43347010e-02
1.91950623e-03 -1.55775156e-02 3.65549214e-02 3.08483541e-02 -1.75953947e-03 -1.13451493e-03 -2.52101272e-02 -5.72104678e-02 1.06483232e-02 -1.76162235e-02 6.53217435e-02 -2.28757188e-02 -5.07444260e-04 3.81227285e-02 -1.94923151e-02 -4.39777151e-02
-2.24113945e-04 7.43304985e-03 -1.53197479e-02 -1.30250910e-02 7.84112548e-04 5.69461903e-04 1.06693646e-02 2.46608816e-02 -4.54052677e-03 7.60623813e-03 -2.81886272e-02 9.87245422e-03 2.21534341e-04 -1.64527446e-02 8.41246732e-03 1.89807061e-02
-1.49288331e-04 -4.61985124e-03 9.44403559e-03 8.29525944e-03 -4.61611024e-04 -2.99911248e-04 -6.72366424e-03 -1.52963018e-02 2.82127713e-03 -4.70488053e-03 1.74485426e-02 -6.11035433e-03 -1.35739378e-04 1.01831472e-02 -5.20667154e-03 -1.17471591e-02
-5.87180257e-04 5.59178088e-03 -1.18191522e-02 -1.01919100e-02 5.75170154e-04 3.86328029e-04 8.29199050e-03 1.88768040e-02 -3.50962835e-03 5.80567727e-03 -2.15474777e-02 7.54496595e-03 1.64381432e-04 -1.25752920e-02 6.42953254e-03 1.45046450e-02
2.54403451e-04 -4.19502053e-03 9.27146431e-03 8.01335182e-03 -4.50899097e-04 -3.05227004e-04 -6.55610813e-03 -1.48723116e-02 2.75217788e-03 -4.57806978e-03 1.69823263e-02 -5.94679872e-03 -1.31783760e-04 9.91059188e-03 -5.06728375e-03 -1.14325630e-02
3.49975307e-04 -8.53239093e-03 1.73658095e-02 1.48929209e-02 -8.66585178e-04 -5.90152224e-04 -1.21437795e-02 -2.80891526e-02 5.16926218e-03 -8.65904521e-03 3.21006738e-02 -1.12418504e-02 -2.51846213e-04 1.87347941e-02 -9.57925618e-03 -2.16131322e-02
3.17505823e-04 -4.81645577e-03 9.14117973e-03 7.82812107e-03 -4.57969669e-04 -3.19700805e-04 -6.41648984e-03 -1.47116277e-02 2.71433638e-03 -4.53082100e-03 1.68003999e-02 -5.88340638e-03 -1.30827204e-04 9.80488304e-03 -5.01329126e-03 -1.13108605e-02
1.39181537e-03 -3.79429683e-02 6.44832477e-02 5.51765859e-02 -3.36301886e-03 -2.51352042e-03 -4.51736040e-02 -1.04841471e-01 1.92923676e-02 -3.23402733e-02 1.19846314e-01 -4.19734009e-02 -9.41241393e-04 6.99505657e-02 -3.57664935e-02 -8.06982219e-02
1.08167995e-03 -2.53604027e-03 9.46843065e-03 8.40693153e-03 -4.00587276e-04 -1.57060946e-04 -6.97406754e-03 -1.47561356e-02 2.80712848e-03 -4.49276296e-03 1.67920236e-02 -5.87425521e-03 -1.08027009e-04 9.79703758e-03 -5.00844885e-03 -1.12894466e-02
1.73290726e-04 -3.16657033e-03 7.54642067e-03 6.64375722e-03 -3.63789906e-04 -2.06714409e-04 -5.15196426e-03 -1.17397374e-02 2.18423014e-03 -3.60722165e-03 1.34094283e-02 -4.69418941e-03 -1.01006874e-04 7.82477483e-03 -4.00018133e-03 -9.02261771e-03
-5.65694427e-05 1.69898709e-03 -3.62637802e-03 -3.26339714e-03 1.74126370e-04 1.05162930e-04 2.57314742e-03 5.82533842e-03 -1.08044164e-03 1.79115124e-03 -6.64950907e-03 2.32815533e-03 5.08064040e-05 -3.88010847e-03 1.98387355e-03 4.47559962e-03
3.25076253e-04 -1.32113518e-02 2.40255035e-02 2.05131620e-02 -1.23668788e-03 -9.23284213e-04 -1.67898219e-02 -3.89062613e-02 7.15950411e-03 -1.19988397e-02 4.44655940e-02 -1.55730955e-02 -3.49231908e-04 2.59531755e-02 -1.32701490e-02 -2.99408473e-02
8.04421550e-04 -2.77564349e-03 7.09602376e-03 6.20569615e-03 -3.14906269e-04 -1.28207830e-04 -4.97081177e-03 -1.09563759e-02 2.07429915e-03 -3.35144112e-03 1.25065688e-02 -4.37393924e-03 -8.51645382e-05 7.29210628e-03 -3.72877554e-03 -8.40679090e-03
6.28885347e-04 -1.10604311e-03 3.11200367e-03 2.67396891e-03 -1.44865393e-04 -6.95587660e-05 -2.12891772e-03 -4.83485823e-03 9.01351334e-04 -1.48601201e-03 5.52361272e-03 -1.93340250e-03 -4.16083167e-05 3.22222942e-03 -1.64749613e-03 -3.71651095e-03
3.42873763e-03 -1.07530095e-02 2.37661917e-02 2.02908199e-02 -1.12862710e-03 -6.62755279e-04 -1.66128054e-02 -3.70512456e-02 6.92035072e-03 -1.13720084e-02 4.22855057e-02 -1.48007227e-02 -3.00461543e-04 2.46658642e-02 -1.26106404e-02 -2.84391101e-02
-3.11221593e-05 1.60865812e-03 -4.87849861e-03 -4.33625141e-03 2.03182659e-04 9.11794705e-05 3.44245019e-03 7.58981938e-03 -1.43833703e-03 2.31618504e-03 -8.64332821e-03 3.02418624e-03 5.92695178e-05 -5.04154945e-03 2.57759728e-03 5.81192272e-03
-3.57447134e-04 5.55177825e-03 -1.28494678e-02 -1.10502802e-02 6.09379378e-04 3.54254211e-04 9.12706833e-03 2.03725398e-02 -3.82905570e-03 6.23081578e-03 -2.31855083e-02 8.11753888e-03 1.65732592e-04 -1.35399196e-02 6.92258216e-03 1.56077202e-02
4.33788693e-04 2.54294858e-03 -4.95039206e-03 -4.09875531e-03 2.47072661e-04 1.70137428e-04 3.36135412e-03 7.76735181e-03 -1.43056537e-03 2.39377399e-03 -8.87435582e-03 3.10774520e-03 6.94365663e-05 -5.17905178e-03 2.64808326e-03 5.97472768e-03
3.17457045e-04 -1.29511431e-02 2.23822054e-02 1.92805063e-02 -1.15728180e-03 -8.55423976e-04 -1.56861413e-02 -3.63713466e-02 6.69689290e-03 -1.12163490e-02 4.15677838e-02 -1.45582212e-02 -3.26116831e-04 2.42619310e-02 -1.24053722e-02 -2.79895533e-02
-4.76523186e-04 1.74763892e-02 -3.39854844e-02 -2.89165284e-02 1.71877723e-03 1.30028708e-03 2.37792674e-02 5.48021160e-02 -1.00945877e-02 1.68989301e-02 -6.26301989e-02 2.19334047e-02 4.91868646e-04 -3.65527682e-02 1.86898168e-02 4.21690047e-02
3.56715871e-04 -1.11287646e-02 2.11107619e-02 1.80210005e-02 -1.06290309e-03 -7.64480326e-04 -1.49466349e-02 -3.42194326e-02 6.30356092e-03 -1.05497567e-02 3.90991531e-02 -1.36927143e-02 -3.07233917e-04 2.28195023e-02 -1.16678700e-02 -2.63257511e-02
-1.71649037e-04 5.05810231e-03 -1.04734749e-02 -9.02186893e-03 5.20838832e-04 3.48204689e-04 7.38393469e-03 1.69119220e-02 -3.12476140e-03 5.20815514e-03 -1.93194132e-02 6.76535489e-03 1.49705360e-04 -1.12749552e-02 5.76489186e-03 1.30063426e-02
1.26997678e-04 5.89227537e-03 -8.83963890e-03 -7.48954853e-03 4.76774148e-04 3.75431322e-04 6.16434216e-03 1.44309178e-02 -2.64933752e-03 4.45876783e-03 -1.65147875e-02 5.78441657e-03 1.30738292e-04 -9.63997375e-03 4.92907269e-03 1.11216251e-02
-2.65401119e-04 1.04793357e-02 -1.83959417e-02 -1.57968067e-02 9.56369215e-04 7.01085839e-04 1.29169021e-02 2.99052559e-02 -5.50152361e-03 9.22058430e-03 -3.41722965e-02 1.19681116e-02 2.68386677e-04 -1.99454669e-02 1.01983203e-02 2.30100192e-02
1.60223368e-04 -7.79049750e-03 1.69939492e-02 1.45451855e-02 -7.99317262e-04 -5.72053308e-04 -1.18392091e-02 -2.70878673e-02 5.00845024e-03 -8.34475085e-03 3.09474859e-02 -1.08370818e-02 -2.40454960e-04 1.80603582e-02 -9.23429336e-03 -2.08340921e-02
2.59632274e-04 -5.29224379e-03 8.65218043e-03 7.39196828e-03 -4.55289410e-04 -3.43796855e-04 -6.06675679e-03 -1.41082769e-02 2.59535084e-03 -4.35259752e-03 1.61286928e-02 -5.64876432e-03 -1.26807601e-04 9.41391941e-03 -4.81345132e-03 -1.08604077e-02
-1.37884257e-04 4.28617961e-04 -1.24618947e-03 -1.07696606e-03 5.38051645e-05 2.41020753e-05 8.60341126e-04 1.89710385e-03 -3.56274366e-04 5.80575259e-04 -2.16135592e-03 7.56406342e-04 1.55560647e-05 -1.26075023e-03 6.44586456e-04 1.45381305e-03
-1.99875882e-04 -2.81943707e-04 -1.87787169e-04 -2.14264073e-04 -6.36002005e-06 -1.57044415e-05 1.82736214e-04 2.44188326e-04 -5.41377813e-05 6.92155081e-05 -2.66549032e-04 9.30921669e-05 7.41950430e-07 -1.55357717e-04 7.94015141e-05 1.78485614e-04
-3.22657928e-04 5.81095694e-04 -2.64553423e-03 -2.33856775e-03 1.04571220e-04 6.44527609e-06 1.88303681e-03 4.03026259e-03 -7.57824688e-04 1.22887117e-03 -4.58535459e-03 1.60394714e-03 3.28638198e-05 -2.67328741e-03 1.36673707e-03 3.08253174e-03
-2.94513622e-04 -4.17865068e-03 8.46514478e-03 7.35881785e-03 -4.14410722e-04 -2.91875738e-04 -5.96100139e-03 -1.36878742e-02 2.52987328e-03 -4.21492429e-03 1.56304128e-02 -5.47356065e-03 -1.21725352e-04 9.12196748e-03 -4.66410536e-03 -1.05230948e-02
-2.38804379e-04 4.26421314e-03 -1.11264810e-02 -9.69043467e-03 5.08276920e-04 2.58324260e-04 7.90808257e-03 1.76051743e-02 -3.35522229e-03 5.37345326e-03 -2.00078953e-02 7.00613391e-03 1.32871588e-04 -1.16943624e-02 5.97400684e-03 1.34684369e-02
4.70565865e-04 -7.84598477e-03 1.67165380e-02 1.43493582e-02 -7.96363980e-04 -4.58442548e-04 -1.18210632e-02 -2.67222878e-02 4.96281125e-03 -8.20881687e-03 3.04797888e-02 -1.06708966e-02 -2.33815474e-04 1.77848451e-02 -9.09326412e-03 -2.05142014e-02
-2.72469944e-04 -7.17334740e-04 2.14077602e-03 1.87285640e-03 -9.64563587e-05 -4.71377025e-05 -1.54697674e-03 -3.42194969e-03 6.37896825e-04 -1.04781473e-03 3.90241179e-03 -1.36607152e-03 -2.93709109e-05 2.27697007e-03 -1.16432610e-03 -2.62615597e-03
1.82204487e-04 -7.88123161e-03 1.37877641e-02 1.18443789e-02 -7.15747301e-04 -5.28949953e-04 -9.66493599e-03 -2.24456880e-02 4.12978511e-03 -6.92337425e-03 2.56569721e-02 -8.98581557e-03 -2.01653849e-04 1.49752526e-02 -7.65701989e-03 -1.72762200e-02
2.82611960e-04 -4.48001456e-03 6.08542189e-03 5.00706630e-03 -3.39237653e-04 -2.94176338e-04 -4.22321167e-03 -9.93767194e-03 1.82166812e-03 -3.06971744e-03 1.13657583e-02 -3.98098631e-03 -8.99462539e-05 6.63450593e-03 -3.39234713e-03 -7.65422825e-03
-5.96657512e-04 2.09812634e-02 -3.93721499e-02 -3.35698798e-02 2.04676390e-03 1.54642365e-03 2.75579598e-02 6.39916509e-02 -1.17707448e-02 1.97403375e-02 -7.31491745e-02 2.56190896e-02 5.75124519e-04 -4.26953435e-02 2.18306538e-02 4.92556803e-02
-2.22681032e-04 1.20256394e-02 -2.27312595e-02 -1.93852782e-02 1.17405609e-03 8.78161227e-04 1.59424469e-02 3.69100757e-02 -6.79358328e-03 1.13847135e-02 -4.21888605e-02 1.47757027e-02 3.31560994e-04 -2.46243589e-02 1.25907278e-02 2.84079388e-02
4.64554410e-04 -3.85806616e-03 8.69903900e-03 7.49497162e-03 -4.13833739e-04 -2.28008212e-04 -6.03612233e-03 -1.36295864e-02 2.54563987e-03 -4.18801932e-03 1.55658936e-02 -5.44890389e-03 -1.16042545e-04 9.08178370e-03 -4.64359671e-03 -1.04743289e-02
-2.38607448e-04 4.77850251e-03 -9.41759627e-03 -8.10115226e-03 4.76567890e-04 3.26544483e-04 6.59032958e-03 1.51735311e-02 -2.80081434e-03 4.67588427e-03 -1.73354577e-02 6.07076148e-03 1.35500537e-04 -1.01171630e-02 5.17297536e-03 1.16713485e-02
-7.12690526e-05 2.78010732e-03 -4.66612726e-03 -3.90561833e-03 2.48500379e-04 1.82045726e-04 3.16905789e-03 7.37969717e-03 -1.35617016e-03 2.27723643e-03 -8.43673572e-03 2.95492052e-03 6.65892221e-05 -4.92445426e-03 2.51794094e-03 5.68123488e-03
5.30215970e-04 -3.03160894e-04 -7.07263069e-04 -7.67717022e-04 1.34544680e-05 -6.02002910e-06 5.57178515e-04 1.14299753e-03 -2.16674089e-04 3.47218447e-04 -1.29451603e-03 4.53025015e-04 9.66632888e-06 -7.54950743e-04 3.85955878e-04 8.70607444e-04
-2.32986931e-04 -1.96394729e-04 7.00382632e-04 6.05039473e-04 -2.90829375e-05 -2.15253931e-06 -4.87304293e-04 -1.05481991e-03 2.00903101e-04 -3.19526240e-04 1.19690364e-03 -4.18199925e-04 -7.69803773e-06 6.97285694e-04 -3.56533244e-04 -8.03648087e-04
-2.95845792e-04 1.54217472e-03 -3.55742848e-03 -3.14949336e-03 1.67588645e-04 1.02608858e-04 2.51510204e-03 5.67110488e-03 -1.05583365e-03 1.74115773e-03 -6.47078454e-03 2.26532156e-03 4.84375814e-05 -3.77551187e-03 1.93034112e-03 4.35444806e-03
-4.48891406e-05 8.61454639e-04 -1.54093537e-03 -1.31688418e-03 7.93208310e-05 5.93881887e-05 1.07440108e-03 2.48903898e-03 -4.58334689e-04 7.67616555e-04 -2.84490827e-03 9.96349263e-04 2.23268744e-05 -1.66045688e-03 8.49009026e-04 1.91557384e-03
1.38146133e-05 2.93140369e-03 -6.35720789e-03 -5.38527267e-03 3.14115518e-04 2.25439522e-04 4.42193681e-03 1.01533588e-02 -1.87327631e-03 3.12955142e-03 -1.16005577e-02 4.06234525e-03 9.09542578e-05 -6.77001057e-03 3.46156862e-03 7.81014841e-03
3.90229427e-04 -1.01711694e-02 1.44733898e-02 1.23117510e-02 -7.87718571e-04 -6.20407343e-04 -1.01083545e-02 -2.36761458e-02 4.35167365e-03 -7.30750337e-03 2.70731933e-02 -9.48216021e-03 -2.13104984e-04 1.58025809e-02 -8.08007456e-03 -1.82308182e-02
-1.44616381e-04 2.83279596e-03 -6.55594142e-03 -5.56934346e-03 3.05476977e-04 1.89156475e-04 4.53278236e-03 1.02471812e-02 -1.90222135e-03 3.15127708e-03 -1.16982991e-02 4.09589382e-03 8.97304417e-05 -6.82605570e-03 3.49013600e-03 7.87385646e-03
3.31903138e-04 5.47326542e-03 -1.06931292e-02 -9.07898974e-03 5.38171444e-04 3.69690475e-04 7.47641921e-03 1.72113143e-02 -3.17545957e-03 5.30479942e-03 -1.96681786e-02 6.88730506e-03 1.53841436e-04 -1.14778494e-02 5.86867752e-03 1.32411625e-02
-8.86735288e-05 2.62668449e-03 -5.64327976e-03 -4.69180988e-03 2.74694030e-04 1.67508188e-04 3.84402997e-03 8.73055402e-03 -1.62063038e-03 2.68458016e-03 -9.96643677e-03 3.48971901e-03 7.50119798e-05 -5.81628270e-03 2.97379633e-03 6.70835655e-03
-9.65761603e-04 1.08719040e-02 -2.25743242e-02 -1.94580853e-02 1.12788961e-03 8.07571691e-04 1.58823300e-02 3.63590010e-02 -6.69941725e-03 1.12018045e-02 -4.15289439e-02 1.45432353e-02 3.24922323e-04 -2.42367387e-02 1.23924203e-02 2.79601328e-02
-2.77064362e-04 1.15780917e-04 -7.96553213e-04 -6.56945864e-04 3.27822454e-05 9.02250576e-06 5.10054291e-04 1.10879994e-03 -2.08059326e-04 3.39368533e-04 -1.26375712e-03 4.42243851e-04 9.21247283e-06 -7.37061433e-04 3.76834592e-04 8.49979057e-04
3.25458241e-05 -1.61219714e-03 2.12883228e-03 1.71266659e-03 -1.38551113e-04 -1.15200615e-04 -1.35993608e-03 -3.34696076e-03 6.03718974e-04 -1.04115286e-03 3.84082575e-03 -1.34647579e-03 -3.31963602e-05 2.24357750e-03 -1.14719826e-03 -2.58938223e-03
-2.06683093e-04 8.04713182e-03 -1.71184596e-02 -1.46878911e-02 8.27477837e-04 5.58358035e-04 1.20152654e-02 2.72478499e-02 -5.03394613e-03 8.38494021e-03 -3.11132725e-02 1.08936457e-02 2.40734400e-04 -1.81547515e-02 9.28264763e-03 2.09427550e-02
-8.62216111e-04 1.07997097e-02 -2.12610718e-02 -1.83582231e-02 1.09244091e-03 7.63039163e-04 1.48854591e-02 3.44134718e-02 -6.33973349e-03 1.06111504e-02 -3.93349379e-02 1.37751065e-02 3.07287497e-04 -2.29563508e-02 1.17378244e-02 2.64832899e-02
-1.61604054e-04 1.48099987e-03 -3.18548153e-03 -2.75535183e-03 1.52174005e-04 8.23137598e-05 2.24063220e-03 5.01587940e-03 -9.37364588e-04 1.53852173e-03 -5.72422706e-03 2.00354378e-03 4.15382528e-05 -3.33961216e-03 1.70748751e-03 3.85110243e-03
6.13202341e-04 1.98885263e-03 -3.12160817e-03 -2.74437317e-03 1.59785850e-04 1.22695361e-04 2.27883505e-03 5.26667200e-03 -9.72150709e-04 1.62317464e-03 -6.01983536e-03 2.10801186e-03 4.64842269e-05 -3.51329055e-03 1.79636746e-03 4.05271817e-03
8.02905415e-04 -1.00613078e-02 2.27364749e-02 1.90699585e-02 -1.06537621e-03 -6.59744139e-04 -1.56016871e-02 -3.53358723e-02 6.58749230e-03 -1.08610336e-02 4.03491259e-02 -1.41271595e-02 -2.98883038e-04 2.35449988e-02 -1.20392404e-02 -2.71558668e-02
2.01110248e-04 -2.60600075e-03 6.56613521e-03 5.69890114e-03 -3.07040755e-04 -2.15602486e-04 -4.58315900e-03 -1.04767615e-02 1.94191618e-03 -3.22572095e-03 1.19696483e-02 -4.19133855e-03 -9.25212880e-05 6.98504038e-03 -3.57143302e-03 -8.05754866e-03
1.11040543e-04 -1.62945949e-02 3.58507931e-02 3.10521573e-02 -1.76029862e-03 -1.18175452e-03 -2.54603978e-02 -5.77658452e-02 1.06879035e-02 -1.77781433e-02 6.59692213e-02 -2.30982881e-02 -5.10596088e-04 3.84953022e-02 -1.96824893e-02 -4.44058515e-02
9.93269205e-05 -3.18600633e-03 5.90804778e-03 5.04895486e-03 -2.96031503e-04 -2.11334293e-04 -4.15724143e-03 -9.52971634e-03 1.75544131e-03 -2.93644331e-03 1.08848922e-02 -3.81195475e-03 -8.52992962e-05 6.35276176e-03 -3.24822427e-03 -7.32876360e-03
-7.67552265e-05 3.85543611e-03 -7.91320298e-03 -6.67770812e-03 3.86434986e-04 2.58092768e-04 5.47304843e-03 1.24950195e-02 -2.32124492e-03 3.84678296e-03 -1.42754158e-02 4.99870256e-03 1.08940483e-04 -8.33087880e-03 4.25957469e-03 9.60935373e-03
2.98831321e-04 2.65766447e-03 -4.96814027e-03 -4.28784918e-03 2.48107972e-04 1.59089279e-04 3.49278119e-03 7.98233598e-03 -1.48709083e-03 2.45323312e-03 -9.11286008e-03 3.19104735e-03 6.69959409e-05 -5.31926937e-03 2.71979673e-03 6.13420503e-03
-1.07091153e-03 6.02909643e-03 -1.29686045e-02 -1.13626588e-02 6.29029179e-04 3.80439800e-04 9.10133775e-03 2.07534041e-02 -3.84627539e-03 6.37998525e-03 -2.36974582e-02 8.29590484e-03 1.79318944e-04 -1.38268732e-02 7.06944102e-03 1.59477200e-02
1.08966546e-04 -1.75448731e-02 3.44285220e-02 2.92549636e-02 -1.72929594e-03 -1.29091216e-03 -2.39785109e-02 -5.54972664e-02 1.02153746e-02 -1.71139892e-02 6.34248927e-02 -2.22127121e-02 -4.98121022e-04 3.70183736e-02 -1.89278964e-02 -4.27061841e-02
-1.21191602e-04 2.82216165e-03 -6.34890608e-03 -5.46932081e-03 2.98893778e-04 1.69421692e-04 4.47104219e-03 1.00474674e-02 -1.88083760e-03 3.08243954e-03 -1.14631020e-02 4.01273556e-03 8.36623949e-05 -6.68850960e-03 3.41967586e-03 7.71311903e-03
-3.62393097e-04 6.61554700e-03 -1.34585947e-02 -1.16738258e-02 6.47151785e-04 4.22779820e-04 9.46133677e-03 2.15657819e-02 -4.01046360e-03 6.63429266e-03 -2.46343594e-02 8.62512272e-03 1.86277975e-04 -1.43752946e-02 7.34994654e-03 1.65803283e-02
1.63835757e-05 9.57387616e-04 -1.65468303e-03 -1.42437569e-03 8.40794746e-05 6.23158485e-05 1.17633806e-03 2.71157757e-03 -4.99852875e-04 8.35601648e-04 -3.09792254e-03 1.08491094e-03 2.41743073e-05 -1.80807547e-03 9.24480322e-04 2.08580098e-03
-1.37425610e-04 9.15149751e-04 -1.97884720e-03 -1.68843917e-03 9.42662009e-05 5.60600929e-05 1.39051618e-03 3.11879790e-03 -5.79552376e-04 9.58485936e-04 -3.55820917e-03 1.24590227e-03 2.71527788e-05 -2.07642233e-03 1.06167898e-03 2.39510043e-03
-1.17538002e-04 2.98210094e-03 -3.67139140e-03 -2.96666147e-03 2.16749220e-04 1.95849978e-04 2.48340564e-03 5.91687486e-03 -1.07501878e-03 1.82956201e-03 -6.76852604e-03 2.37092143e-03 5.45493967e-05 -3.95129481e-03 2.02041934e-03 4.55903169e-03
-1.36100440e-04 4.76724561e-03 -9.22183786e-03 -7.91306142e-03 4.58655442e-04 3.31414514e-04 6.45992719e-03 1.48594752e-02 -2.74091214e-03 4.57808282e-03 -1.69753376e-02 5.94476471e-03 1.32321016e-04 -9.90726333e-03 5.06562321e-03 1.14289941e-02
-1.55906688e-04 1.06379883e-02 -2.08753143e-02 -1.79565400e-02 1.06390100e-03 7.79652852e-04 1.46680996e-02 3.37883644e-02 -6.22073514e-03 1.04191154e-02 -3.86161208e-02 1.35241374e-02 3.03056266e-04 -2.25383788e-02 1.15241269e-02 2.60013398e-02
-4.21563163e-04 2.65447912e-03 -5.96816977e-03 -5.16591780e-03 2.90773110e-04 1.88313468e-04 4.19499353e-03 9.58948862e-03 -1.77481456e-03 2.95250141e-03 -1.09564820e-02 3.83611093e-03 8.45424875e-05 -6.39310852e-03 3.26878391e-03 7.37471040e-03
1.41334499e-03 -7.92883709e-03 2.15598494e-02 1.86202526e-02 -9.66163003e-04 -4.85760480e-04 -1.52452607e-02 -3.35469395e-02 6.27056090e-03 -1.02577340e-02 3.82569544e-02 -1.33759556e-02 -2.62155489e-04 2.23032460e-02 -1.14040524e-02 -2.57116854e-02
-1.20341429e-03 -5.82686043e-04 -4.87723330e-04 -5.76804974e-04 -2.24642827e-06 -8.77323837e-05 4.57064598e-04 5.01507719e-04 -1.38749048e-04 1.25127248e-04 -5.25196781e-04 1.81368698e-04 -7.77804780e-06 -3.06647940e-04 1.56756534e-04 3.47500609e-04
1.86086958e-03 -7.60067720e-03 1.80438515e-02 1.54547663e-02 -8.66018876e-04 -5.51429985e-04 -1.25854174e-02 -2.86051854e-02 5.30866534e-03 -8.80374666e-03 3.26811224e-02 -1.14410687e-02 -2.49237928e-04 1.90675128e-02 -9.74905770e-03 -2.19937209e-02
-1.46145598e-04 4.93234955e-03 -1.09962253e-02 -9.40640084e-03 5.34953666e-04 3.60699283e-04 7.66771240e-03 1.75693426e-02 -3.25347763e-03 5.41009568e-03 -2.00728141e-02 7.02835759e-03 1.55115253e-04 -1.17131453e-02 5.98889310e-03 1.35114715e-02
1.01666560e-03 -1.10865831e-02 2.04423647e-02 1.73747037e-02 -1.03684666e-03 -7.21146876e-04 -1.41672865e-02 -3.27115022e-02 6.03360031e-03 -1.00847799e-02 3.73860300e-02 -1.30927255e-02 -2.91943288e-04 2.18198076e-02 -1.11566549e-02 -2.51714904e-02
6.40345606e-05 -1.95600954e-03 4.20292700e-03 3.60896252e-03 -2.07535428e-04 -1.40160933e-04 -2.94896867e-03 -6.73875865e-03 1.24809612e-03 -2.07497994e-03 7.69787887e-03 -2.69542425e-03 -5.93252589e-05 4.49200580e-03 -2.29675835e-03 -5.18167624e-03
1.31278415e-04 6.57567941e-03 -1.47420643e-02 -1.24182999e-02 6.96682371e-04 4.66968806e-04 1.02410214e-02 2.31753532e-02 -4.30297572e-03 7.12949969e-03 -2.64378823e-02 9.25874617e-03 2.04082287e-04 -1.54300351e-02 7.88928103e-03 1.77991018e-02
-2.56215106e-04 6.82727899e-03 -1.28985010e-02 -1.09731965e-02 6.61888800e-04 4.90724982e-04 9.00174677e-03 2.08363943e-02 -3.83508834e-03 6.42619608e-03 -2.38158554e-02 8.34083743e-03 1.87139798e-04 -1.39002260e-02 7.10734539e-03 1.60360094e-02
-2.95674399e-05 2.18026526e-03 -4.68940847e-03 -4.05052910e-03 2.28046323e-04 1.54265304e-04 3.27327265e-03 7.46348826e-03 -1.38076651e-03 2.29739188e-03 -8.52378272e-03 2.98468512e-03 6.57888377e-05 -4.97415662e-03 2.54327641e-03 5.73786860e-03
3.90295463e-05 4.84571978e-03 -9.23452247e-03 -7.98047706e-03 4.57218033e-04 2.66504416e-04 6.48002513e-03 1.47114731e-02 -2.74122879e-03 4.51541692e-03 -1.67793855e-02 5.87480655e-03 1.24421509e-04 -9.79334675e-03 5.00808889e-03 1.12943398e-02
-1.89016853e-03 3.12076579e-03 -1.12660052e-02 -1.00033320e-02 4.80565825e-04 2.27153563e-04 7.80715048e-03 1.66401733e-02 -3.18512204e-03 5.07719023e-03 -1.90013684e-02 6.64638495e-03 1.19334014e-04 -1.10907266e-02 5.67070162e-03 1.27700977e-02
-1.37876486e-04 2.88052205e-03 -4.22222028e-03 -3.56761413e-03 2.27718105e-04 1.73840250e-04 2.94501963e-03 6.87468145e-03 -1.26239785e-03 2.12187693e-03 -7.86110200e-03 2.75325798e-03 6.19846542e-05 -4.58844425e-03 2.34614196e-03 5.29356627e-03
-1.81921205e-05 8.97601130e-04 -1.92409230e-03 -1.66507717e-03 9.43649939e-05 6.18250706e-05 1.36315555e-03 3.11711035e-03 -5.74196456e-04 9.58351127e-04 -3.55486944e-03 1.24482252e-03 2.76097162e-05 -2.07455130e-03 1.06072030e-03 2.39315745e-03
-9.06930654e-06 -6.71505369e-03 1.31501686e-02 1.13310991e-02 -6.54625124e-04 -4.42362681e-04 -9.26830433e-03 -2.12366153e-02 3.92499100e-03 -6.54226635e-03 2.42645219e-02 -8.49649310e-03 -1.88622653e-04 1.41597074e-02 -7.23988889e-03 -1.63343810e-02
7.76600849e-04 -5.22216363e-03 1.46588609e-02 1.26901735e-02 -6.75264746e-04 -4.28209401e-04 -1.01771941e-02 -2.30204631e-02 4.29211976e-03 -7.07205851e-03 2.62672827e-02 -9.19521786e-03 -1.98673981e-04 1.53245553e-02 -7.83518888e-03 -1.76752750e-02
-5.65183524e-04 3.55931558e-03 -9.54479631e-03 -8.06943327e-03 4.26006794e-04 1.83880547e-04 6.58712769e-03 1.44502390e-02 -2.74108560e-03 4.41753771e-03 -1.64770652e-02 5.76485880e-03 1.07428146e-04 -9.61111300e-03 4.91408072e-03 1.10785831e-02
1.84024553e-04 -3.69985076e-03 7.84164667e-03 6.77061733e-03 -3.86186090e-04 -2.59416411e-04 -5.53735811e-03 -1.26165645e-02 2.33312720e-03 -3.88222304e-03 1.44031476e-02 -5.04315691e-03 -1.11357302e-04 8.40465445e-03 -4.29728534e-03 -9.69517697e-03
-1.68393162e-04 5.29302703e-03 -9.47312359e-03 -8.07385240e-03 4.87087003e-04 3.58008780e-04 6.60563214e-03 1.53144840e-02 -2.81979120e-03 4.72353119e-03 -1.75053962e-02 6.13079080e-03 1.37487150e-04 -1.02172401e-02 5.22418739e-03 1.17870988e-02
-2.93192221e-04 6.72972528e-03 -9.75081604e-03 -8.25352687e-03 5.26720542e-04 4.25042002e-04 6.79987809e-03 1.58936754e-02 -2.92015029e-03 4.90521686e-03 -1.81705039e-02 6.36428967e-03 1.43166733e-04 -1.06064454e-02 5.42322639e-03 1.22363074e-02
2.12702114e-04 -5.31903235e-03 1.07983314e-02 9.29490104e-03 -5.29413286e-04 -3.45752691e-04 -7.50351790e-03 -1.73004549e-02 3.19737336e-03 -5.32949110e-03 1.97671093e-02 -6.92230742e-03 -1.53955538e-04 1.15365768e-02 -5.89868054e-03 -1.33083453e-02
3.47892696e-04 2.38808966e-03 -3.41722462e-03 -2.80141341e-03 1.87825703e-04 1.46622013e-04 2.41264515e-03 5.65853016e-03 -1.03734864e-03 1.74776302e-03 -6.47349283e-03 2.26732017e-03 5.11883081e-05 -3.77862831e-03 1.93207827e-03 4.35937615e-03
5.67141047e-04 -2.12722924e-02 4.76080067e-02 4.13061455e-02 -2.30707321e-03 -1.64161657e-03 -3.37782092e-02 -7.62877390e-02 1.41459163e-02 -2.35011503e-02 8.71302485e-02 -3.05127092e-02 -6.79586956e-04 5.08508384e-02 -2.60003973e-02 -5.86622022e-02
-4.47012542e-04 6.17225468e-03 -1.09349145e-02 -9.42935981e-03 5.62477217e-04 4.24465281e-04 7.64794089e-03 1.77361537e-02 -3.26505210e-03 5.47086261e-03 -2.02747453e-02 7.10065616e-03 1.59161515e-04 -1.18335532e-02 6.05061697e-03 1.36517128e-02
2.78025342e-04 -3.59188532e-03 7.41901668e-03 6.44995365e-03 -3.59934609e-04 -2.28924793e-04 -5.26882336e-03 -1.19576575e-02 2.20694765e-03 -3.67405172e-03 1.36421463e-02 -4.77647036e-03 -1.05042935e-04 7.96036702e-03 -4.07009246e-03 -9.18256491e-03
2.00924551e-05 1.54555496e-03 -2.29880679e-03 -1.96358864e-03 1.23583843e-04 9.62161139e-05 1.61546690e-03 3.77459358e-03 -6.93767099e-04 1.16493343e-03 -4.31606313e-03 1.51165086e-03 3.39816725e-05 -2.51924107e-03 1.28812192e-03 2.90635391e-03
4.02223697e-04 -9.60844290e-03 2.01175306e-02 1.72731671e-02 -9.86534287e-04 -7.12772831e-04 -1.39619615e-02 -3.21691334e-02 5.94160194e-03 -9.91514418e-03 3.67639847e-02 -1.28747011e-02 -2.86822906e-04 2.14563031e-02 -1.09707173e-02 -2.47520003e-02
2.97651102e-04 -7.15036225e-03 1.52109228e-02 1.29484115e-02 -7.62796146e-04 -5.40429668e-04 -1.05971973e-02 -2.44799592e-02 4.50582569e-03 -7.54403928e-03 2.79614944e-02 -9.79245827e-03 -2.19401962e-04 1.63195264e-02 -8.34432431e-03 -1.88268516e-02
-1.07175510e-04 5.19887824e-03 -1.04724457e-02 -9.41562653e-03 5.08778961e-04 3.07014037e-04 7.41669629e-03 1.68133620e-02 -3.12260143e-03 5.16819116e-03 -1.91921629e-02 6.72084093e-03 1.46401973e-04 -1.12015065e-02 5.72731299e-03 1.29202772e-02
9.29870293e-04 -2.97804102e-02 6.18882477e-02 5.36190681e-02 -3.13872332e-03 -2.20980286e-03 -4.35624607e-02 -1.00003444e-01 1.84518080e-02 -3.08275465e-02 1.14291206e-01 -4.00242172e-02 -8.94502678e-04 6.67016730e-02 -3.41050588e-02 -7.69486502e-02
2.92131881e-04 1.45688839e-03 -2.50573829e-03 -2.15995917e-03 1.30727960e-04 9.73656133e-05 1.77003467e-03 4.10792790e-03 -7.55836198e-04 1.26712327e-03 -4.69564786e-03 1.64455106e-03 3.69014524e-05 -2.74071377e-03 1.40135852e-03 3.16182850e-03
1.57032657e-04 -1.07574428e-03 1.83990400e-03 1.55120029e-03 -9.69129251e-05 -7.03088081e-05 -1.26640068e-03 -2.94115208e-03 5.41089685e-04 -9.07244917e-04 3.36197764e-03 -1.17745623e-03 -2.64221326e-05 1.96228409e-03 -1.00333884e-03 -2.26379186e-03
-4.52194799e-04 1.95936440e-03 -4.70227841e-03 -4.08279989e-03 2.15736654e-04 1.01185447e-04 3.35430121e-03 7.36131426e-03 -1.39849435e-03 2.24323897e-03 -8.37343652e-03 2.93115666e-03 5.17942099e-05 -4.88885306e-03 2.49938248e-03 5.63370343e-03
-1.65850128e-04 3.10355797e-03 -6.12741197e-03 -5.29918820e-03 3.09703144e-04 2.20297428e-04 4.29230928e-03 9.91121400e-03 -1.82473101e-03 3.05508869e-03 -1.13237835e-02 3.96573683e-03 8.88343056e-05 -6.60902541e-03 3.37925949e-03 7.62444269e-03
-4.39320167e-04 4.72741481e-03 -9.31141432e-03 -8.04250687e-03 4.58331837e-04 3.29834031e-04 6.49234187e-03 1.48785086e-02 -2.75357487e-03 4.58194828e-03 -1.69956181e-02 5.95124438e-03 1.31542780e-04 -9.91812721e-03 5.07116457e-03 1.14411004e-02
-1.72097934e-04 3.64792231e-03 -7.71289878e-03 -6.67604897e-03 3.78809491e-04 2.60418310e-04 5.39589254e-03 1.24006718e-02 -2.29140720e-03 3.82075389e-03 -1.41689563e-02 4.96174907e-03 1.10392808e-04 -8.26890860e-03 4.22792928e-03 9.53899045e-03
-2.51414196e-04 1.76568255e-02 -3.29852998e-02 -2.83027645e-02 1.69303478e-03 1.24964095e-03 2.30292659e-02 5.33967540e-02 -9.82975401e-03 1.64660085e-02 -6.10243827e-02 2.13721115e-02 4.79193986e-04 -3.56175117e-02 1.82116162e-02 4.10900265e-02
3.13267170e-04 -4.42202389e-03 8.29975680e-03 7.14736246e-03 -4.21293167e-04 -2.92735000e-04 -5.75807644e-03 -1.32824015e-02 2.44818674e-03 -4.09415085e-03 1.51785668e-02 -5.31564932e-03 -1.18665746e-04 8.85878131e-03 -4.52955160e-03 -1.02196345e-02
2.82741879e-04 -1.11471992e-02 2.27955431e-02 1.96899362e-02 -1.12871814e-03 -7.75475812e-04 -1.59243867e-02 -3.65974493e-02 6.77498337e-03 -1.12684136e-02 4.18072604e-02 -1.46391643e-02 -3.23204440e-04 2.43971217e-02 -1.24742221e-02 -2.81429645e-02
-4.15829709e-05 4.34653182e-03 -9.42430925e-03 -8.07020813e-03 4.52951790e-04 2.93929479e-04 6.62837876e-03 1.51538011e-02 -2.79867579e-03 4.66301339e-03 -1.72976665e-02 6.05696766e-03 1.34302725e-04 -1.00941258e-02 5.16114663e-03 1.16443587e-02
1.51391825e-04 -6.72254618e-03 1.25029208e-02 1.05443224e-02 -6.26488065e-04 -4.64142591e-04 -8.56456626e-03 -1.98101848e-02 3.64993257e-03 -6.10916689e-03 2.26417966e-02 -7.92959519e-03 -1.77564070e-04 1.32149486e-02 -6.75693993e-03 -1.52452989e-02
-2.97227001e-04 1.24583673e-02 -2.62596160e-02 -2.26589292e-02 1.29885494e-03 9.33094765e-04 1.85387451e-02 4.22816053e-02 -7.81805068e-03 1.30213015e-02 -4.82772738e-02 1.69069301e-02 3.76110082e-04 -2.81758122e-02 1.44063439e-02 3.25035080e-02
-1.60880241e-04 8.98488238e-03 -1.84674356e-02 -1.61690377e-02 9.02440923e-04 6.13712473e-04 1.30639905e-02 2.99618896e-02 -5.52448584e-03 9.22582112e-03 -3.42203937e-02 1.19836489e-02 2.67082039e-04 -1.99710410e-02 1.02113029e-02 2.30386537e-02
