-6.65071467e-03 -1.60804726e-02 -3.10816355e-02 9.15089477e-05 -1.18773645e-02 7.89632183e-03 -1.30507471e-02 2.21982580e-02 -3.81006952e-03 2.08008699e-02 -3.01875714e-02 1.21944668e-02 -1.10333925e-02 -1.36728771e-02 5.42746857e-03 1.42125878e-03
3.19456286e-03 -2.60474370e-03 -9.44235083e-03 1.77427894e-04 -3.83596472e-03 2.65384279e-03 -4.35851328e-03 7.37096043e-03 -1.20524294e-03 6.99762302e-03 -1.01471618e-02 4.10173833e-03 -3.70844034e-03 -4.59989486e-03 1.82483857e-03 4.76950663e-04
-2.40365695e-03 8.42033944e-04 3.52018047e-03 -1.28932166e-04 1.45985163e-03 -1.02602423e-03 1.68201805e-03 -2.82278820e-03 4.56085516e-04 -2.71215639e-03 3.93130444e-03 -1.58957031e-03 1.43653038e-03 1.78281555e-03 -7.07055326e-04 -1.84606484e-04
9.04746540e-03 2.31558960e-02 4.47564423e-02 -1.54582100e-04 1.70961656e-02 -1.14009008e-02 1.88242886e-02 -3.20224203e-02 5.41038578e-03 -3.00395619e-02 4.35885191e-02 -1.76094621e-02 1.59308165e-02 1.97454784e-02 -7.83704501e-03 -2.05145078e-03
7.13360496e-05 4.13699374e-02 8.67438465e-02 -5.96294471e-04 3.38879079e-02 -2.27350146e-02 3.75043005e-02 -6.37893528e-02 1.07657900e-02 -5.99153265e-02 8.69292691e-02 -3.51225175e-02 3.17737572e-02 3.93835455e-02 -1.56315118e-02 -4.09192126e-03
-3.43121705e-03 -1.11397076e-02 -2.04843879e-02 -2.09671562e-05 -7.79729942e-03 5.14666690e-03 -8.51181801e-03 1.45694548e-02 -2.51732348e-03 1.35271950e-02 -1.96400136e-02 7.93129578e-03 -7.18104374e-03 -8.89225118e-03 3.53185157e-03 9.26942856e-04
8.81590135e-03 7.33567774e-03 1.03666773e-02 2.56176601e-04 3.62626603e-03 -2.15036655e-03 3.52838286e-03 -6.11033663e-03 1.18880300e-03 -5.51400846e-03 8.03757366e-03 -3.23382625e-03 2.93826964e-03 3.62361991e-03 -1.44633243e-03 -3.84517014e-04
1.35093648e-03 2.76146038e-03 4.66063991e-03 3.72100913e-05 1.76056242e-03 -1.14591944e-03 1.89810526e-03 -3.23762000e-03 5.66780102e-04 -3.01598688e-03 4.37996769e-03 -1.76839496e-03 1.60132057e-03 1.98253011e-03 -7.87546043e-04 -2.06736091e-04
3.33200060e-02 6.31999820e-02 1.11784063e-01 9.02393367e-07 4.16171513e-02 -2.77139451e-02 4.57632095e-02 -7.79171586e-02 1.35037266e-02 -7.29427636e-02 1.05919890e-01 -4.27648202e-02 3.87107357e-02 4.79472987e-02 -1.90388281e-02 -4.99267410e-03
-1.65065541e-03 3.85432062e-03 9.24024638e-03 -9.99219119e-05 3.64988344e-03 -2.48187105e-03 4.08663508e-03 -6.91046147e-03 1.16276229e-03 -6.54201303e-03 9.49035119e-03 -3.83481430e-03 3.46857752e-03 4.30021621e-03 -1.70653826e-03 -4.46528895e-04
-4.10622684e-03 -1.36675313e-02 -2.64309198e-02 9.94832953e-05 -1.02263261e-02 6.79798191e-03 -1.12240929e-02 1.91240888e-02 -3.23309866e-03 1.79089345e-02 -2.59875413e-02 1.04985181e-02 -9.49845277e-03 -1.17718121e-02 4.67251986e-03 1.22334738e-03
-9.80454031e-03 -1.74886379e-02 -3.15995514e-02 -8.28382326e-07 -1.19639579e-02 7.88053311e-03 -1.30390925e-02 2.22360846e-02 -3.80465551e-03 2.07580980e-02 -3.01306881e-02 1.21705625e-02 -1.10143749e-02 -1.36455074e-02 5.41790156e-03 1.42002781e-03
2.51629017e-03 3.92656680e-03 7.39840139e-03 -1.40814955e-05 2.76989117e-03 -1.82259420e-03 3.01037519e-03 -5.12393098e-03 8.78500636e-04 -4.79712430e-03 6.96276734e-03 -2.81240651e-03 2.54503544e-03 3.15325521e-03 -1.25185621e-03 -3.27976566e-04
9.00261477e-03 2.23009884e-02 4.19957973e-02 -9.21704923e-05 1.59956515e-02 -1.05333589e-02 1.74186882e-02 -2.97531262e-02 5.13131358e-03 -2.77277566e-02 4.02419977e-02 -1.62562374e-02 1.47111854e-02 1.82268005e-02 -7.23640528e-03 -1.89603225e-03
-1.16019566e-02 -2.89056227e-02 -5.55081181e-02 2.18573463e-04 -2.08141804e-02 1.39230127e-02 -2.29966287e-02 3.91221307e-02 -6.67171879e-03 3.66805419e-02 -5.32219186e-02 2.15028841e-02 -1.94527488e-02 -2.41109766e-02 9.56961792e-03 2.50482000e-03
1.26768211e-02 5.83984666e-02 1.16602995e-01 -8.55751045e-04 4.50198911e-02 -3.02781984e-02 4.99532670e-02 -8.48332867e-02 1.43034924e-02 -7.98012838e-02 1.15779310e-01 -4.67799194e-02 4.23165336e-02 5.24551719e-02 -2.08184682e-02 -5.44863427e-03
2.21456867e-04 1.14816464e-02 2.26215869e-02 -9.04585468e-05 8.79877433e-03 -5.87890903e-03 9.70755517e-03 -1.65506862e-02 2.78717582e-03 -1.54907862e-02 2.24762652e-02 -9.08086076e-03 8.21501762e-03 1.01823937e-02 -4.04135883e-03 -1.05783180e-03
-1.03212409e-02 -1.13948770e-02 -1.80569999e-02 -7.70505721e-05 -6.77490467e-03 4.40485962e-03 -7.29341200e-03 1.24952896e-02 -2.16411287e-03 1.15981847e-02 -1.68352667e-02 6.79964572e-03 -6.15414185e-03 -7.62395095e-03 3.02696950e-03 7.93238461e-04
1.06357755e-02 3.36723775e-02 6.43952116e-02 -2.88296782e-04 2.47673411e-02 -1.65425632e-02 2.73216274e-02 -4.64650393e-02 7.85939395e-03 -4.35929783e-02 6.32519275e-02 -2.55546123e-02 2.31179558e-02 2.86544003e-02 -1.13728074e-02 -2.97683128e-03
-1.66867431e-02 -2.71673407e-02 -4.88721468e-02 2.46727053e-04 -1.88281275e-02 1.25300661e-02 -2.06715409e-02 3.51536013e-02 -5.91932330e-03 3.30145098e-02 -4.79026474e-02 1.93532575e-02 -1.75069328e-02 -2.17008144e-02 8.61275848e-03 2.25423207e-03
3.98621848e-03 1.37836449e-02 2.78274231e-02 -1.52247274e-04 1.07210297e-02 -7.16911675e-03 1.18364217e-02 -2.01561004e-02 3.40273185e-03 -1.88892446e-02 2.74082851e-02 -1.10732205e-02 1.00175282e-02 1.24162948e-02 -4.92806965e-03 -1.28998957e-03
3.47495591e-03 6.10437803e-02 1.32245764e-01 -1.02878467e-03 5.15585504e-02 -3.47053707e-02 5.72392903e-02 -9.72187072e-02 1.63790621e-02 -9.14670601e-02 1.32704884e-01 -5.36184497e-02 4.85032387e-02 6.01236522e-02 -2.38620732e-02 -6.24530995e-03
9.22938250e-03 2.43265182e-02 4.32293713e-02 -2.59752269e-05 1.65255722e-02 -1.09348474e-02 1.80983823e-02 -3.08734737e-02 5.27511677e-03 -2.88006607e-02 4.18042913e-02 -1.68850496e-02 1.52813122e-02 1.89320352e-02 -7.51691824e-03 -1.97028369e-03
1.44289900e-03 -6.77518826e-03 -1.52197415e-02 1.70535612e-04 -6.03865227e-03 4.08079522e-03 -6.73342636e-03 1.14294598e-02 -1.92047493e-03 1.07677551e-02 -1.56210065e-02 6.31204387e-03 -5.70962531e-03 -7.07797706e-03 2.80898274e-03 7.35083886e-04
-8.22996371e-04 2.89151981e-03 7.15844380e-03 -1.07106214e-04 2.82395212e-03 -1.92436436e-03 3.17080808e-03 -5.37578296e-03 9.01609543e-04 -5.07555064e-03 7.36280810e-03 -2.97524896e-03 2.69112061e-03 3.33632459e-03 -1.32403476e-03 -3.46454704e-04
-3.80598241e-03 -2.73530297e-02 -5.69736436e-02 4.26654355e-04 -2.21118722e-02 1.48628941e-02 -2.45169196e-02 4.16605920e-02 -7.01644877e-03 3.91732454e-02 -5.68341911e-02 2.29635295e-02 -2.07727738e-02 -2.57495400e-02 1.02195255e-02 2.67467112e-03
1.36877699e-02 2.84496583e-02 5.11038974e-02 1.90958235e-04 1.92763954e-02 -1.25852143e-02 2.08036043e-02 -3.54968384e-02 6.15691952e-03 -3.30951102e-02 4.80654985e-02 -1.94033403e-02 1.75661314e-02 2.17542183e-02 -8.64006486e-03 -2.26605637e-03
2.86230743e-02 6.34474158e-02 1.15530021e-01 -1.47664046e-04 4.37258817e-02 -2.90656090e-02 4.79423888e-02 -8.15728605e-02 1.39245614e-02 -7.64908865e-02 1.11019075e-01 -4.48407680e-02 4.05731201e-02 5.02776504e-02 -1.99577902e-02 -5.22607984e-03
-3.84371215e-03 -4.71033761e-03 -6.52817264e-03 -9.46627115e-05 -2.29908433e-03 1.46533782e-03 -2.44101742e-03 4.20683017e-03 -7.38824310e-04 3.85044585e-03 -5.60029875e-03 2.25972687e-03 -2.04647798e-03 -2.53166421e-03 1.00599148e-03 2.64271162e-04
-2.91209086e-03 -1.55197293e-03 -8.73759214e-04 -1.16442709e-04 -2.02960902e-04 5.81524400e-05 -1.07763255e-04 2.43583811e-04 -6.88101281e-05 1.47061961e-04 -2.19973022e-04 8.68369389e-05 -8.07981341e-05 -9.67048836e-05 3.93743285e-05 1.11719210e-05
-7.17308838e-03 -1.86479054e-02 -3.40118855e-02 8.34030943e-05 -1.29670063e-02 8.60592909e-03 -1.42303677e-02 2.44006049e-02 -4.17676615e-03 2.26645209e-02 -3.28898579e-02 1.32865971e-02 -1.20249139e-02 -1.48992566e-02 5.91678685e-03 1.55143638e-03
-4.07296093e-03 -1.55789554e-02 -3.23579274e-02 2.32053746e-04 -1.23871760e-02 8.32165219e-03 -1.37243932e-02 2.33531538e-02 -3.93545534e-03 2.19200253e-02 -3.18058655e-02 1.28498124e-02 -1.16242375e-02 -1.44084040e-02 5.71847707e-03 1.49672199e-03
1.98226534e-02 7.11117387e-02 1.39439404e-01 -3.29912757e-04 5.39806038e-02 -3.60067561e-02 5.94235621e-02 -1.01167835e-01 1.70955341e-02 -9.48720649e-02 1.37649104e-01 -5.56152351e-02 5.03129326e-02 6.23615719e-02 -2.47511901e-02 -6.47869008e-03
-1.67524740e-02 -4.32142727e-02 -8.10147151e-02 4.77975933e-04 -3.09440829e-02 2.06394084e-02 -3.40904146e-02 5.79476729e-02 -9.78687312e-03 5.43962792e-02 -7.89301246e-02 3.18875648e-02 -2.88456008e-02 -3.57558690e-02 1.41909225e-02 3.71412910e-03
-6.70508016e-04 2.86937226e-02 6.32079467e-02 -5.54781989e-04 2.47728899e-02 -1.67000126e-02 2.75400598e-02 -4.67711687e-02 7.87640922e-03 -4.40176688e-02 6.38621747e-02 -2.58032754e-02 2.33413763e-02 2.89339535e-02 -1.14833098e-02 -3.00539727e-03
-7.11357826e-03 -1.80370454e-02 -3.25238742e-02 1.19533666e-04 -1.25059718e-02 8.32014997e-03 -1.37419887e-02 2.33901385e-02 -3.96613171e-03 2.19190381e-02 -3.18063498e-02 1.28493058e-02 -1.16254240e-02 -1.44076645e-02 5.71877882e-03 1.49725203e-03
7.00546335e-03 -2.29868712e-03 -1.23580303e-02 3.01948312e-04 -5.02958614e-03 3.49032460e-03 -5.72980708e-03 9.52287763e-03 -1.59479422e-03 9.19928961e-03 -1.33401798e-02 5.39219053e-03 -4.87586996e-03 -6.04709005e-03 2.39941385e-03 6.27709262e-04
-5.04770502e-03 -1.40733586e-03 1.99253880e-03 -1.72352869e-04 1.02324027e-03 -7.38332106e-04 1.19980413e-03 -1.96155370e-03 3.36578552e-04 -1.95017201e-03 2.82911398e-03 -1.14338996e-03 1.03376678e-03 1.28216704e-03 -5.08770871e-04 -1.33052265e-04
4.67342371e-03 1.83483562e-03 2.82361696e-04 1.10871850e-04 -7.98553665e-05 1.66560741e-04 -2.60185712e-04 4.17562958e-04 -5.03196970e-05 4.43142839e-04 -6.38647296e-04 2.59432330e-04 -2.33621860e-04 -2.91351578e-04 1.15298499e-04 2.99096973e-05
-4.79585305e-03 9.95299965e-03 2.52050050e-02 -3.11892596e-04 9.99641325e-03 -6.78838557e-03 1.11839352e-02 -1.89902149e-02 3.18562659e-03 -1.78949032e-02 2.59616636e-02 -1.04900440e-02 9.48891044e-03 1.17628947e-02 -4.66838758e-03 -1.22176006e-03
-3.68579268e-03 -4.04406572e-03 -6.33039651e-03 -6.27145782e-05 -2.34779040e-03 1.48862787e-03 -2.46785185e-03 4.24393686e-03 -7.36048678e-04 3.91417183e-03 -5.68437064e-03 2.29495508e-03 -2.07777112e-03 -2.57283752e-03 1.02172839e-03 2.67924072e-04
8.25609453e-03 1.01180822e-02 1.65645126e-02 9.50460380e-05 6.33305265e-03 -4.06332687e-03 6.74845884e-03 -1.15663977e-02 1.98746775e-03 -1.06987637e-02 1.55274430e-02 -6.27243007e-03 5.67632401e-03 7.03251921e-03 -2.79225176e-03 -7.31693232e-04
4.59419942e-04 9.83653008e-05 1.00387062e-03 -1.85229892e-05 3.82606377e-04 -2.66050512e-04 4.32578876e-04 -7.29049090e-04 1.21378238e-04 -6.93003705e-04 1.00489368e-03 -4.06202686e-04 3.67345783e-04 4.55533358e-04 -1.80754709e-04 -4.72738539e-05
1.11437039e-02 4.96701337e-02 1.01560608e-01 -5.32838167e-04 3.91743556e-02 -2.62107607e-02 4.32525463e-02 -7.36056939e-02 1.24387722e-02 -6.90730289e-02 1.00221306e-01 -4.04910743e-02 3.66303958e-02 4.54030782e-02 -1.80202667e-02 -4.71676234e-03
-9.77102946e-03 -2.20220797e-02 -3.97948474e-02 5.88880503e-05 -1.51943937e-02 1.00602247e-02 -1.66223999e-02 2.85404958e-02 -4.92238812e-03 2.64900755e-02 -3.84442359e-02 1.55317103e-02 -1.40585108e-02 -1.74168125e-02 6.91564614e-03 1.81468960e-03
1.33267343e-02 2.18333974e-02 3.79187986e-02 -3.03199922e-05 1.43979425e-02 -9.44634806e-03 1.56275276e-02 -2.67817136e-02 4.57252422e-03 -2.48678736e-02 3.60954776e-02 -1.45779178e-02 1.31908981e-02 1.63457543e-02 -6.48882240e-03 -1.69939001e-03
1.80839673e-02 4.94581498e-02 9.23909247e-02 -3.85719613e-04 3.57488506e-02 -2.37620063e-02 3.92508321e-02 -6.68139532e-02 1.13257980e-02 -6.25814348e-02 9.08064619e-02 -3.66835296e-02 3.31890211e-02 4.11332883e-02 -1.63283125e-02 -4.27532662e-03
1.07812257e-02 9.49870609e-03 1.33705381e-02 8.04513766e-05 5.13111567e-03 -3.35695106e-03 5.54539775e-03 -9.45614930e-03 1.59757631e-03 -8.84322729e-03 1.28307855e-02 -5.18379780e-03 4.68949229e-03 5.81254903e-03 -2.30698660e-03 -6.03842374e-04
-9.08593647e-03 -8.33519176e-03 -9.48200561e-03 -3.59243015e-04 -3.47468350e-03 2.20647408e-03 -3.65181034e-03 6.22790121e-03 -1.07425952e-03 5.79993427e-03 -8.41800403e-03 3.39986943e-03 -3.07636661e-03 -3.81190912e-03 1.51317182e-03 3.96253716e-04
-1.60775073e-02 -3.69909368e-02 -6.24373741e-02 4.09311819e-04 -2.34801434e-02 1.56885535e-02 -2.58959886e-02 4.40263711e-02 -7.40927272e-03 4.13480736e-02 -5.99891953e-02 2.42382456e-02 -2.19258610e-02 -2.71789003e-02 1.07868416e-02 2.82310415e-03
-5.17025637e-03 -1.33156478e-02 -2.38255896e-02 1.67153237e-04 -9.14299674e-03 6.11983333e-03 -1.01030581e-02 1.71668846e-02 -2.89665000e-03 1.61290858e-02 -2.34011058e-02 9.45489854e-03 -8.55295360e-03 -1.06019927e-02 4.20775916e-03 1.10126357e-03
7.04260636e-03 1.11011164e-02 2.01636516e-02 3.84900195e-05 7.56061543e-03 -4.97035217e-03 8.20604153e-03 -1.39761707e-02 2.40730424e-03 -1.30675621e-02 1.89685673e-02 -7.66080525e-03 6.93279225e-03 8.58938973e-03 -3.41014238e-03 -8.93365650e-04
-7.39487493e-03 -1.90440882e-02 -3.58952247e-02 1.34381524e-04 -1.37108909e-02 9.17659234e-03 -1.51479896e-02 2.57788375e-02 -4.36391449e-03 2.41790600e-02 -3.50841209e-02 1.41739976e-02 -1.28225004e-02 -1.58933308e-02 6.30798191e-03 1.65109558e-03
2.95785867e-04 -5.06371539e-03 -1.22873057e-02 1.26439525e-04 -4.79959138e-03 3.24915024e-03 -5.35222795e-03 9.07817576e-03 -1.52448763e-03 8.55858531e-03 -1.24156978e-02 5.01693506e-03 -4.53792140e-03 -5.62575087e-03 2.23262399e-03 5.84211783e-04
-1.47548951e-02 -1.87573731e-02 -3.24527659e-02 -6.51103619e-05 -1.26578035e-02 8.36374704e-03 -1.38177630e-02 2.35479102e-02 -3.98240937e-03 2.20377445e-02 -3.19765732e-02 1.29187461e-02 -1.16866790e-02 -1.44856647e-02 5.74932247e-03 1.50488247e-03
-3.22211860e-03 7.17528444e-03 1.36748506e-02 -6.53549068e-05 5.30499034e-03 -3.54171358e-03 5.85024245e-03 -9.99404211e-03 1.69465167e-03 -9.33601614e-03 1.35512184e-02 -5.47323143e-03 4.95228637e-03 6.13686210e-03 -2.43625394e-03 -6.38236292e-04
-3.48104071e-03 -7.12418091e-03 -1.36605240e-02 2.05187389e-05 -5.25012705e-03 3.49606178e-03 -5.77302324e-03 9.83267650e-03 -1.66720699e-03 9.21083707e-03 -1.33661358e-02 5.39963460e-03 -4.88528330e-03 -6.05443493e-03 2.40316940e-03 6.29196584e-04
3.06249247e-03 9.18774121e-03 1.69413425e-02 -5.50423865e-05 6.54927362e-03 -4.34447080e-03 7.17542088e-03 -1.22095803e-02 2.06805766e-03 -1.14493314e-02 1.66131668e-02 -6.71176519e-03 6.07193122e-03 7.52583472e-03 -2.98703695e-03 -7.81903451e-04
-3.55637190e-03 5.29056997e-04 3.43972910e-03 -8.08928307e-05 1.53070013e-03 -1.07535569e-03 1.76387106e-03 -2.97668134e-03 4.91993793e-04 -2.83813546e-03 4.11493005e-03 -1.66363234e-03 1.50468491e-03 1.86563516e-03 -7.40375777e-04 -1.93726009e-04
-1.40606575e-02 -9.62029025e-03 -9.58727393e-03 -1.06158099e-04 -2.93918257e-03 1.81235012e-03 -3.01873800e-03 5.15464228e-03 -8.80566775e-04 4.76810103e-03 -6.92186691e-03 2.79525761e-03 -2.52888398e-03 -3.13383341e-03 1.24385371e-03 3.25612433e-04
-3.37944040e-03 -4.78466228e-03 -7.82110635e-03 -3.59325422e-05 -2.85341963e-03 1.84830429e-03 -3.06178210e-03 5.23429736e-03 -9.01147432e-04 4.86374972e-03 -7.06075272e-03 2.85140006e-03 -2.58047739e-03 -3.19691608e-03 1.26918964e-03 3.32486583e-04
5.73599376e-02 1.38161868e-01 2.50079215e-01 -1.36689434e-03 9.49803740e-02 -6.31660521e-02 1.04318134e-01 -1.77522406e-01 3.01202480e-02 -1.66383356e-01 2.41464227e-01 -9.75360572e-02 8.82383883e-02 1.09365113e-01 -4.34059650e-02 -1.13616465e-02
9.08431038e-03 1.44801959e-02 2.11587995e-02 5.49705437e-05 7.83679448e-03 -5.09617757e-03 8.44860263e-03 -1.44846290e-02 2.50212615e-03 -1.34211564e-02 1.94856469e-02 -7.86939263e-03 7.12384935e-03 8.82244483e-03 -3.50331445e-03 -9.18495643e-04
-4.34653182e-03 -2.16673426e-02 -4.17111591e-02 2.13411273e-04 -1.61649100e-02 1.08128767e-02 -1.78570338e-02 3.03865597e-02 -5.12321386e-03 2.84970179e-02 -4.13488932e-02 1.67052317e-02 -1.51122147e-02 -1.87316313e-02 7.43444590e-03 1.94593112e-03
-2.30744062e-03 -1.53036404e-03 -2.44356482e-03 -6.44623469e-06 -9.19419050e-04 6.01854699e-04 -9.95801762e-04 1.69778150e-03 -2.89613701e-04 1.58525957e-03 -2.30090017e-03 9.29337810e-04 -8.40911525e-04 -1.04199455e-03 4.13623609e-04 1.08313609e-04
2.35865917e-03 5.15727466e-03 8.92853737e-03 6.01724096e-05 3.31272790e-03 -2.09424598e-03 3.46879452e-03 -5.98595943e-03 1.02797383e-03 -5.48744760e-03 7.97023624e-03 -3.21723684e-03 2.91323033e-03 3.60691128e-03 -1.43235514e-03 -3.75606469e-04
-1.21892989e-02 -1.57308020e-02 -2.48838849e-02 -1.25525170e-04 -9.12654866e-03 5.94353024e-03 -9.85847320e-03 1.68539677e-02 -2.86607887e-03 1.56508759e-02 -2.27214582e-02 9.17493086e-03 -8.30256101e-03 -1.02870222e-02 4.08369163e-03 1.06950221e-03
-1.15897022e-02 -2.34973095e-02 -4.40465994e-02 1.43884914e-04 -1.68649517e-02 1.13109080e-02 -1.86615642e-02 3.17151845e-02 -5.35643520e-03 2.97988001e-02 -4.32397127e-02 1.74687617e-02 -1.58035085e-02 -1.95873640e-02 7.77420588e-03 2.03514472e-03
-1.98935391e-03 -3.65575054e-03 -5.56093967e-03 -6.34908865e-05 -2.07768707e-03 1.31582108e-03 -2.18361476e-03 3.75524908e-03 -6.62003993e-04 3.45316925e-03 -5.01822075e-03 2.02497351e-03 -1.83445995e-03 -2.26987526e-03 9.01982421e-04 2.37078610e-04
1.64402579e-03 4.37738234e-03 8.54259077e-03 -4.46137819e-05 3.30387475e-03 -2.20061536e-03 3.63613805e-03 -6.18784875e-03 1.05159543e-03 -5.79884415e-03 8.41608737e-03 -3.39958817e-03 3.07608489e-03 3.81176244e-03 -1.51317776e-03 -3.96361138e-04
1.06824683e-02 2.73181833e-02 5.06474450e-02 -1.21835212e-04 1.87112428e-02 -1.24114752e-02 2.05042381e-02 -3.49146500e-02 5.96726639e-03 -3.26920226e-02 4.74448837e-02 -1.91659126e-02 1.73438117e-02 2.14891788e-02 -8.53107963e-03 -2.23440700e-03
1.33989193e-02 3.16314623e-02 5.82612418e-02 -1.57831237e-04 2.24631429e-02 -1.48611218e-02 2.45386604e-02 -4.17335778e-02 7.09851505e-03 -3.91581170e-02 5.68232760e-02 -2.29553748e-02 2.07686070e-02 2.57391538e-02 -1.02165453e-02 -2.67482060e-03
2.58337148e-02 8.68378431e-02 1.66423395e-01 -8.50618642e-04 6.45458400e-02 -4.31378484e-02 7.12415054e-02 -1.21161796e-01 2.04909611e-02 -1.13671981e-01 1.64944306e-01 -6.66356236e-02 6.02828972e-02 7.47185796e-02 -2.96561979e-02 -7.76329124e-03
5.85522782e-03 1.61386151e-02 3.20209078e-02 -1.81718642e-04 1.24122081e-02 -8.25669244e-03 1.36375325e-02 -2.32087988e-02 3.91001208e-03 -2.17554644e-02 3.15656848e-02 -1.27531569e-02 1.15367090e-02 1.43002756e-02 -5.67558687e-03 -1.48547336e-03
-2.04283884e-03 -6.31066971e-03 -1.28615666e-02 7.87436584e-05 -4.95485915e-03 3.30941565e-03 -5.46197267e-03 9.28419176e-03 -1.57706323e-03 8.71932972e-03 -1.26522100e-02 5.11154439e-03 -4.62450739e-03 -5.73146623e-03 2.27497611e-03 5.95624966e-04
5.64057985e-03 5.21490909e-03 6.21792627e-03 1.31462599e-04 2.32081278e-03 -1.42009894e-03 2.36234628e-03 -4.12346423e-03 7.60243449e-04 -3.73377139e-03 5.42696984e-03 -2.19075126e-03 1.98699161e-03 2.45512277e-03 -9.76981362e-04 -2.57822510e-04
-1.15471054e-02 -2.13450417e-02 -3.88561413e-02 -1.18338794e-05 -1.48762427e-02 9.87274665e-03 -1.63014475e-02 2.78018732e-02 -4.71969368e-03 2.60001868e-02 -3.77380960e-02 1.52423875e-02 -1.37923211e-02 -1.70905590e-02 6.78453548e-03 1.77713716e-03
1.64002404e-02 3.30381468e-02 5.87907135e-02 -2.87171337e-04 2.21811440e-02 -1.46703888e-02 2.42241398e-02 -4.12358791e-02 6.95829466e-03 -3.86570692e-02 5.60905822e-02 -2.26610135e-02 2.04999354e-02 2.54099481e-02 -1.00849131e-02 -2.63956748e-03
-3.46504478e-03 -8.99888482e-03 -1.67374369e-02 1.95977555e-05 -6.32305769e-03 4.18499345e-03 -6.91495696e-03 1.18059264e-02 -2.02517840e-03 1.10149318e-02 -1.59882978e-02 6.45773998e-03 -5.84438257e-03 -7.24043511e-03 2.87463749e-03 7.53288972e-04
-5.79063687e-03 -1.43990926e-02 -2.64266245e-02 -3.95491952e-06 -1.00502493e-02 6.63022231e-03 -1.09570837e-02 1.86713897e-02 -3.20654013e-03 1.74644645e-02 -2.53502876e-02 1.02390582e-02 -9.26643517e-03 -1.14801163e-02 4.55801655e-03 1.19445170e-03
8.82368069e-03 6.60400558e-03 7.87509046e-03 1.95800312e-04 2.98598292e-03 -1.86569616e-03 3.11098224e-03 -5.39059658e-03 9.24756809e-04 -4.90664691e-03 7.12427264e-03 -2.87660747e-03 2.60389061e-03 3.22501548e-03 -1.28053746e-03 -3.35625373e-04
-4.02655033e-03 -1.48556009e-02 -2.92318203e-02 1.07428685e-04 -1.11705381e-02 7.42420880e-03 -1.22674974e-02 2.08941251e-02 -3.54667800e-03 1.95463598e-02 -2.83630434e-02 1.14584537e-02 -1.03668878e-02 -1.28481062e-02 5.09976596e-03 1.33515836e-03
7.75652053e-03 5.59788477e-03 5.07735927e-03 1.99951697e-04 1.74912461e-03 -1.04331889e-03 1.74281606e-03 -2.97594233e-03 5.48400334e-04 -2.75200396e-03 3.99716711e-03 -1.61377608e-03 1.46155688e-03 1.80879130e-03 -7.18415191e-04 -1.88432838e-04
-4.85040713e-03 -7.53643829e-03 -1.25909513e-02 -1.94566674e-05 -4.72964253e-03 3.08734481e-03 -5.10827824e-03 8.73008836e-03 -1.48569106e-03 8.13166983e-03 -1.18018305e-02 4.76708310e-03 -4.31367941e-03 -5.34500461e-03 2.12178216e-03 5.55682986e-04
1.87900327e-02 5.18872701e-02 9.20486599e-02 -2.92486162e-04 3.53143923e-02 -2.35552602e-02 3.89169157e-02 -6.61253482e-02 1.11583667e-02 -6.20744862e-02 9.00660455e-02 -3.63884941e-02 3.29180621e-02 4.08024639e-02 -1.61939841e-02 -4.23843646e-03
3.66029260e-03 7.32715335e-03 1.36412997e-02 -5.55985825e-05 5.25590358e-03 -3.50560178e-03 5.78644359e-03 -9.83852986e-03 1.66639418e-03 -9.23649315e-03 1.34033151e-02 -5.41455345e-03 4.89851320e-03 6.07128488e-03 -2.40973663e-03 -6.30803290e-04
6.32309914e-03 1.30433431e-02 2.27337442e-02 3.52686911e-05 8.58559832e-03 -5.60684176e-03 9.27847996e-03 -1.58808157e-02 2.70346669e-03 -1.47512117e-02 2.14279164e-02 -8.64853524e-03 7.82941189e-03 9.69683193e-03 -3.85124492e-03 -1.01027766e-03
-7.49622146e-03 -1.59347765e-02 -2.81678215e-02 -1.97389294e-04 -1.08465133e-02 6.97725639e-03 -1.15542449e-02 1.99325867e-02 -3.47148580e-03 1.82922129e-02 -2.65631881e-02 1.07258828e-02 -9.71250422e-03 -1.20251244e-02 4.77776770e-03 1.25527743e-03
-7.20656710e-03 -7.03567732e-03 -1.00318426e-02 -6.92750764e-05 -3.64193623e-03 2.35551037e-03 -3.90449748e-03 6.66786311e-03 -1.16129697e-03 6.19753171e-03 -9.00346972e-03 3.63391032e-03 -3.28991516e-03 -4.07389039e-03 1.61780638e-03 4.24238329e-04
8.23069736e-03 2.04951540e-02 3.79911810e-02 -1.40008327e-04 1.44877769e-02 -9.61695425e-03 1.58770345e-02 -2.70264558e-02 4.60006297e-03 -2.53286138e-02 3.67598720e-02 -1.48486514e-02 1.34344436e-02 1.66490655e-02 -6.60875579e-03 -1.73054892e-03
2.87060300e-03 2.94281561e-02 6.28952384e-02 -4.58200026e-04 2.44112574e-02 -1.64006017e-02 2.70451289e-02 -4.59422171e-02 7.75142293e-03 -4.32096198e-02 6.26922920e-02 -2.53297929e-02 2.29136832e-02 2.84027625e-02 -1.12727545e-02 -2.95049883e-03
1.21110622e-02 3.45233232e-02 6.68880045e-02 -3.21247819e-04 2.56488677e-02 -1.71449427e-02 2.83077881e-02 -4.81628887e-02 8.17445107e-03 -4.51714844e-02 6.55518696e-02 -2.64812578e-02 2.39584967e-02 2.96924319e-02 -1.17857223e-02 -3.08567472e-03
-1.42813846e-02 -3.32729593e-02 -6.45469278e-02 2.87750503e-04 -2.44088974e-02 1.62258707e-02 -2.68137306e-02 4.57271449e-02 -7.76853506e-03 4.27451134e-02 -6.20229281e-02 2.50587892e-02 -2.26708800e-02 -2.80977692e-02 1.11523196e-02 2.91949417e-03
-7.11246976e-04 -1.83236673e-02 -3.75868715e-02 2.93132500e-04 -1.45972865e-02 9.81605984e-03 -1.61934458e-02 2.75101084e-02 -4.63573728e-03 2.58722659e-02 -3.75373475e-02 1.51664792e-02 -1.37194348e-02 -1.70064121e-02 6.74953219e-03 1.76649785e-03
4.88916179e-03 8.79466161e-03 1.43116619e-02 4.40122094e-05 5.41222002e-03 -3.54995579e-03 5.87376393e-03 -1.00212526e-02 1.70859217e-03 -9.35167167e-03 1.35730738e-02 -5.48237050e-03 4.96074744e-03 6.14695856e-03 -2.44009402e-03 -6.39018835e-04
8.56079906e-03 1.98022462e-02 4.32564653e-02 -1.23290491e-04 1.64517052e-02 -1.09800035e-02 1.80577058e-02 -3.08404360e-02 5.24588162e-03 -2.87733637e-02 4.17533293e-02 -1.68668535e-02 1.52625572e-02 1.89126376e-02 -7.50921015e-03 -1.96724408e-03
8.14142730e-03 3.04487683e-02 6.06703386e-02 -1.11780682e-04 2.31770556e-02 -1.54062929e-02 2.54533514e-02 -4.32495661e-02 7.36650871e-03 -4.05824743e-02 5.89032024e-02 -2.37938259e-02 2.15265024e-02 2.66780443e-02 -1.05927074e-02 -2.77630705e-03
1.33683970e-02 3.05393636e-02 5.27519882e-02 -9.35707940e-05 2.04373337e-02 -1.35906329e-02 2.24353448e-02 -3.81908044e-02 6.48573274e-03 -3.58160883e-02 5.19694947e-02 -2.09963936e-02 1.89953856e-02 2.35427879e-02 -9.34439339e-03 -2.44618650e-03
6.01113774e-04 -7.14881439e-03 -1.46567868e-02 1.16608251e-04 -5.74727124e-03 3.86510417e-03 -6.37746649e-03 1.08460523e-02 -1.82571751e-03 1.01907467e-02 -1.47854947e-02 5.97386993e-03 -5.40402299e-03 -6.69862190e-03 2.65858485e-03 6.95829920e-04
3.63214477e-03 1.52835865e-02 3.02374046e-02 -1.55798902e-04 1.16562527e-02 -7.79310893e-03 1.28663294e-02 -2.18789075e-02 3.70579842e-03 -2.05361675e-02 2.98002604e-02 -1.20387115e-02 1.08911768e-02 1.34988464e-02 -5.35779353e-03 -1.40253769e-03
2.35298127e-02 3.41093279e-02 5.74235953e-02 9.00188461e-05 2.12893765e-02 -1.40761817e-02 2.32679769e-02 -3.97431664e-02 6.79632463e-03 -3.70859243e-02 5.38312495e-02 -2.17421316e-02 1.96732488e-02 2.43775770e-02 -9.67706554e-03 -2.53434200e-03
-3.51395039e-03 -5.28448075e-03 -1.06513361e-02 -6.30715658e-06 -3.88159626e-03 2.56162416e-03 -4.22946457e-03 7.21838605e-03 -1.24535058e-03 6.72654016e-03 -9.76637285e-03 3.94396903e-03 -3.57022905e-03 -4.42165788e-03 1.75584888e-03 4.60438343e-04
6.07187161e-03 1.19347312e-02 2.09778436e-02 -2.43830727e-05 7.93037564e-03 -5.26278140e-03 8.70132446e-03 -1.48575399e-02 2.51967879e-03 -1.38638383e-02 2.01210603e-02 -8.12744163e-03 7.35343248e-03 9.11290478e-03 -3.61719169e-03 -9.47063323e-04
1.23457983e-03 -9.73964669e-03 -2.23967880e-02 2.12124622e-04 -8.80466122e-03 5.94811374e-03 -9.80691612e-03 1.66527722e-02 -2.80246744e-03 1.56782977e-02 -2.27462836e-02 9.19066742e-03 -8.31373502e-03 -1.03057725e-02 4.09014616e-03 1.07046124e-03
1.78111345e-02 -7.74644967e-03 -3.00904159e-02 4.94536420e-04 -1.22141382e-02 8.38789716e-03 -1.38112800e-02 2.34589949e-02 -3.92312603e-03 2.21162904e-02 -3.20790559e-02 1.29645858e-02 -1.17267556e-02 -1.45382192e-02 5.76966070e-03 1.50985701e-03
8.78373161e-03 1.18313972e-02 2.18857136e-02 -9.60213947e-06 8.30640830e-03 -5.47439000e-03 9.02922731e-03 -1.53818177e-02 2.62199529e-03 -1.44065348e-02 2.09056847e-02 -8.44523031e-03 7.64091313e-03 9.46947280e-03 -3.75885633e-03 -9.84256621e-04
6.76755444e-05 7.67350709e-03 1.60228033e-02 -9.31828326e-05 6.26800209e-03 -4.21411404e-03 6.95201103e-03 -1.18176583e-02 1.99410273e-03 -1.11080892e-02 1.61164217e-02 -6.51165983e-03 5.89051563e-03 7.30161741e-03 -2.89791869e-03 -7.58479116e-04
1.47516374e-02 4.62436900e-02 8.56050104e-02 -2.37771601e-04 3.28626297e-02 -2.18593944e-02 3.61388773e-02 -6.14020415e-02 1.04379617e-02 -5.76032549e-02 8.35787579e-02 -3.37674133e-02 3.05476915e-02 3.78637947e-02 -1.50278090e-02 -3.93332494e-03
2.96044047e-03 2.01175064e-02 3.89826670e-02 -1.30123241e-04 1.51224341e-02 -1.01036010e-02 1.66731179e-02 -2.83235703e-02 4.78399452e-03 -2.66295075e-02 3.86379063e-02 -1.56104900e-02 1.41217839e-02 1.75042301e-02 -6.94725988e-03 -1.81837589e-03
6.36353064e-03 1.16220312e-02 2.04456076e-02 1.85397512e-05 7.81415403e-03 -5.13908220e-03 8.49898718e-03 -1.45561807e-02 2.45208922e-03 -1.35283284e-02 1.96336340e-02 -7.93010555e-03 7.17537943e-03 8.89170635e-03 -3.52941127e-03 -9.24152439e-04
-9.63396509e-04 5.42073743e-03 1.05343536e-02 -7.85425145e-05 4.14337078e-03 -2.78532854e-03 4.59683174e-03 -7.81147042e-03 1.31703506e-03 -7.34442845e-03 1.06558353e-02 -4.30534268e-03 3.89464619e-03 4.82766377e-03 -1.91602507e-03 -5.01475588e-04
1.17781032e-02 3.56446430e-02 6.91664815e-02 -2.65688897e-04 2.64882874e-02 -1.76352356e-02 2.91060749e-02 -4.94721122e-02 8.38757958e-03 -4.64709625e-02 6.74296394e-02 -2.72419658e-02 2.46451478e-02 3.05462927e-02 -1.21240672e-02 -3.17372405e-03
-9.62114893e-03 -2.53323670e-02 -4.55108956e-02 2.48611963e-04 -1.73599161e-02 1.15798339e-02 -1.91119108e-02 3.25789787e-02 -5.48172509e-03 3.05124857e-02 -4.42719385e-02 1.78866033e-02 -1.61805023e-02 -2.00564731e-02 7.96016306e-03 2.08344148e-03
1.03002461e-03 -1.41556859e-02 -3.13685238e-02 2.50324287e-04 -1.22655574e-02 8.26577656e-03 -1.36277480e-02 2.31451280e-02 -3.89897800e-03 2.17792168e-02 -3.15979198e-02 1.27670160e-02 -1.15489922e-02 -1.43159945e-02 5.68176899e-03 1.48705498e-03
6.28473889e-03 8.36941227e-03 1.23147722e-02 6.29945862e-05 4.62723244e-03 -3.05504515e-03 5.05881337e-03 -8.59957002e-03 1.47129130e-03 -8.04683380e-03 1.16791399e-02 -4.71724430e-03 4.26787697e-03 5.28916670e-03 -2.09941575e-03 -5.49653370e-04
3.79901205e-04 1.51211908e-03 3.03444010e-03 -2.54364531e-05 1.19834894e-03 -8.07239790e-04 1.33166986e-03 -2.26199464e-03 3.80985293e-04 -2.12837174e-03 3.08791455e-03 -1.24765828e-03 1.12862338e-03 1.39903207e-03 -5.55249106e-04 -1.45319966e-04
1.38614494e-02 5.00175171e-04 -5.98516781e-03 2.46844778e-04 -2.57076090e-03 1.92691002e-03 -3.15637025e-03 5.28176175e-03 -8.82605265e-04 5.09513449e-03 -7.38806091e-03 2.98680598e-03 -2.70111114e-03 -3.34946788e-03 1.32914318e-03 3.47737892e-04
-1.49607996e-03 -2.86673242e-03 -5.39545016e-03 3.61600178e-06 -2.07614736e-03 1.35863665e-03 -2.24646856e-03 3.85177415e-03 -6.63690502e-04 3.57457204e-03 -5.18848980e-03 2.09582131e-03 -1.89780630e-03 -2.34980183e-03 9.33261705e-04 2.44903815e-04
7.61211105e-03 3.90072949e-02 7.88329318e-02 -4.27463994e-04 3.05755362e-02 -2.04874575e-02 3.38009037e-02 -5.74914739e-02 9.68521740e-03 -5.39854355e-02 7.83278942e-02 -3.16465944e-02 2.86278185e-02 3.54857445e-02 -1.40837813e-02 -3.68613284e-03
8.14207271e-03 1.80639029e-02 3.48180532e-02 -4.11332876e-05 1.32513139e-02 -8.79853871e-03 1.45358359e-02 -2.47588716e-02 4.21283394e-03 -2.31841188e-02 3.36455628e-02 -1.35913054e-02 1.22969402e-02 1.52394613e-02 -6.04912220e-03 -1.58387935e-03
-3.67258675e-03 -6.64263405e-03 -1.10584125e-02 -2.58345244e-05 -4.17983206e-03 2.74306023e-03 -4.53297095e-03 7.72365555e-03 -1.31986092e-03 7.22366292e-03 -1.04840510e-02 4.23476612e-03 -3.83158913e-03 -4.74815862e-03 1.88474299e-03 4.93506086e-04
-1.01735359e-02 -2.13891063e-02 -3.93532626e-02 1.06651991e-04 -1.49210012e-02 9.95715801e-03 -1.64337475e-02 2.79868245e-02 -4.72494727e-03 2.62384992e-02 -3.80707830e-02 1.53811388e-02 -1.39143886e-02 -1.72469877e-02 6.84517808e-03 1.79165485e-03
1.03576668e-03 2.74348282e-03 5.73813636e-03 -2.47205062e-05 2.21124431e-03 -1.47903559e-03 2.43918179e-03 -4.14562132e-03 6.99736236e-04 -3.89483850e-03 5.65108052e-03 -2.28317268e-03 2.06542783e-03 2.56014429e-03 -1.01609889e-03 -2.65956216e-04
7.31996866e-03 3.32040489e-02 6.70393929e-02 -3.33531498e-04 2.57716700e-02 -1.72618069e-02 2.84812972e-02 -4.84474003e-02 8.20272416e-03 -4.54856306e-02 6.60013184e-02 -2.66644713e-02 2.41226386e-02 2.98986658e-02 -1.18670827e-02 -3.10656498e-03
-4.01940290e-03 -1.97732281e-02 -3.65918353e-02 1.84997712e-04 -1.41071836e-02 9.36301798e-03 -1.54615352e-02 2.63719596e-02 -4.45533171e-03 2.46682372e-02 -3.57965417e-02 1.44609390e-02 -1.30827436e-02 -1.62147656e-02 6.43580640e-03 1.68475695e-03
-2.68082507e-03 -8.73830728e-03 -1.67557858e-02 2.00822615e-05 -6.22467883e-03 4.09937790e-03 -6.76925946e-03 1.15097137e-02 -1.95015094e-03 1.07998960e-02 -1.56704728e-02 6.33106753e-03 -5.72738098e-03 -7.09898397e-03 2.81754578e-03 7.37473834e-04
2.11418699e-03 -7.11278711e-03 -1.76178534e-02 1.95512024e-04 -6.94717048e-03 4.70887730e-03 -7.75801810e-03 1.31587265e-02 -2.20999401e-03 1.24118794e-02 -1.80066675e-02 7.27577088e-03 -6.58137817e-03 -8.15866049e-03 3.23794805e-03 8.47374380e-04
-1.47550199e-02 -1.87759064e-02 -2.68230513e-02 -2.35609317e-04 -1.04103964e-02 6.70479750e-03 -1.10882139e-02 1.89504568e-02 -3.20420833e-03 1.76498666e-02 -2.56133135e-02 1.03463298e-02 -9.36031900e-03 -1.16006723e-02 4.60455194e-03 1.20544585e-03
